# 2022-11-01 全池(843 檔)。欄位:代碼 名稱|產業|最新月YoY 3月YoY均 加速度|距52週高% 距120日高% 60日漲% 120日漲%|量能比 日均值M|外持% 外20 投20 資20 券20(外資持股比;外資/投信20日淨買佔成交值%;融資/借券餘額20日變化%)
1101 台泥|水泥工業|8 16 12|69 77 -21 -15|0.6 1000|21 -24 -1 14 -53
1102 亞泥|水泥工業|-11 1 -8|84 84 -8 -8|0.5 200|16 -20 -5 -23 41
1104 環泥|水泥工業|13 24 8|90 90 -7 2|0.5 6|13 -17 -3 -19 -14
1201 味全|食品工業|1 4 1|78 89 -7 -9|0.6 6|11 -29 0 -16 -6
1210 大成|食品工業|2 12 0|77 82 -10 -10|1.3 36|10 -9 0 -10 -5
1215 卜蜂|食品工業|18 16 -2|94 94 7 11|0.4 21|39 -12 1 -33 -7
1216 統一|食品工業|11 13 3|97 97 0 5|0.8 429|40 8 3 -5 21
1218 泰山|食品工業|20 15 -2|87 87 27 38|3.5 38|3 8 0 29 -26
1219 福壽|食品工業|25 15 -3|74 90 -3 -5|0.9 14|6 -12 0 67 13
1227 佳格|食品工業|-14 -11 0|76 85 -5 -13|0.7 15|6 -6 -0 -18 -5
1229 聯華|食品工業|9 3 -16|71 82 -14 -5|0.7 50|11 -9 0 -3 -11
1231 聯華食|食品工業|17 15 4|81 81 -14 -7|0.9 10|2 0 -1 -1 -7
1232 大統益|食品工業|25 25 4|89 89 -7 1|1.1 7|1 -16 -1 14 -8
1258 其祥-KY|食品工業|6 6 -1|68 68 -23 -14|0.4 7|74 -8 0 22 -18
1301 台塑|塑膠工業|-15 -17 -27|81 82 -8 -10|0.6 706|34 -12 3 -10 18
1303 南亞|塑膠工業|-24 -25 -29|81 89 2 -8|0.9 479|30 2 4 -27 20
1304 台聚|塑膠工業|-16 -12 -17|62 85 -4 -4|0.5 30|33 9 5 -10 -3
1305 華夏|塑膠工業|-37 -28 -28|58 67 -12 -23|0.7 15|10 4 -0 -10 -8
1308 亞聚|塑膠工業|-10 15 -12|66 84 -1 2|0.5 29|8 -8 2 -6 15
1309 台達化|塑膠工業|-17 -14 -11|64 75 -9 -15|0.5 7|3 5 -0 -13 0
1312 國喬|塑膠工業|-25 -26 -17|66 79 -9 -16|0.6 28|15 10 0 -6 -5
1313 聯成|塑膠工業|-31 -28 -31|54 70 -8 -19|0.7 13|10 2 1 -6 -18
1316 上曜|建材營造|62 150 -15|41 55 -29 -42|0.7 22|2 13 0 -23 -100
1319 東陽|汽車工業|27 24 8|83 83 -6 47|0.3 168|28 8 -4 -21 -0
1326 台化|塑膠工業|2 -0 -14|90 90 1 -3|1.2 244|34 -5 1 -11 14
1338 廣華-KY|汽車工業|6 13 1|78 78 -17 -3|0.5 6|10 -19 0 -7 9
1342 八貫|其他|47 26 -20|94 94 31 32|1.5 132|52 -0 1 92 -3
1402 遠東新|紡織纖維|15 15 -1|98 98 9 15|0.8 215|19 15 12 -10 -1
1409 新纖|紡織纖維|4 6 -11|82 88 -4 -5|0.4 20|12 0 0 -3 -5
1410 南染|紡織纖維|-19 -26 -12|89 89 21 14|0.7 40|22 -1 0 -25 6
1434 福懋|紡織纖維|12 15 2|87 93 -0 4|0.6 21|8 -25 0 -8 9
1440 南紡|紡織纖維|43 19 9|64 83 -6 -9|0.6 16|7 13 0 -16 -4
1442 名軒|建材營造|-97 -80 -25|96 96 30 40|0.5 30|3 -6 2 9 20
1444 力麗|紡織纖維|9 7 -21|87 87 5 6|0.2 21|7 -9 0 1 12
1449 佳和|紡織纖維|-7 -6 -6|80 83 43 4|0.4 15|1 0 0 -18 64
1451 年興|紡織纖維|-4 4 -12|79 79 -5 6|0.5 8|8 -7 -2 7 -3
1453 大將|建材營造|74937 86246 30496|40 40 -28 -32|0.2 8|2 7 0 -30 38
1467 南緯|紡織纖維|-9 -3 -0|76 81 -6 -17|0.9 26|20 -1 0 -3 10
1476 儒鴻|紡織纖維|41 36 16|68 88 -3 -10|0.8 345|40 -0 3 -16 30
1477 聚陽|紡織纖維|-3 13 -8|83 97 25 25|0.3 275|30 14 3 -19 -33
1503 士電|電機機械|16 11 5|87 87 -10 7|0.4 16|32 -13 0 0 -8
1504 東元|電機機械|10 13 0|89 96 0 5|1.2 66|20 10 -0 -15 7
1513 中興電|電機機械|17 13 0|78 78 -9 19|0.6 310|23 -6 -3 -4 -9
1514 亞力|電機機械|44 23 -4|72 72 -21 9|0.5 33|12 -6 -0 -4 10
1515 力山|電機機械|-77 -75 -24|45 77 -9 -15|0.4 11|8 -12 1 -3 7
1517 利奇|電機機械|27 26 4|79 88 -1 11|0.6 43|2 0 -1 -16 9
1519 華城|電機機械|23 -17 -10|84 84 4 16|0.3 86|6 -1 3 -16 6
1522 堤維西|汽車工業|14 13 -3|80 80 -18 30|0.3 63|6 1 0 -11 -18
1524 耿鼎|汽車工業|22 16 -8|75 75 -12 67|0.2 131|6 3 0 -13 -25
1526 日馳|電機機械|40 25 -16|76 76 3 5|0.3 22|10 -18 0 -0 23
1527 鑽全|電機機械|-21 -23 -18|87 87 -1 -2|0.4 7|10 -20 0 -13 4
1529 樂事綠能|電機機械|-29 2 -96|51 76 11 -6|0.2 28|2 0 0 -8 62
1532 勤美|電機機械|-47 -37 -42|79 86 -8 -6|0.5 12|11 -20 5 4 0
1533 車王電|汽車工業|27 22 9|66 73 -18 -10|0.4 15|6 8 -6 -23 -13
1536 和大|汽車工業|7 15 8|79 81 -5 12|0.5 273|15 4 -3 -11 5
1537 廣隆|電機機械|230 190 149|94 94 -1 4|0.5 16|18 -15 0 12 10
1539 巨庭|電機機械|-31 -23 -33|60 60 -9 36|0.4 38|7 -2 0 -7 11
1558 伸興|電機機械|62 6 21|76 82 -17 -12|0.9 13|8 -2 -2 4 -29
1560 中砂|電機機械|14 18 0|61 61 -33 -16|0.7 437|24 7 -4 -26 -19
1565 精華|生技醫療|-5 -10 -5|67 78 -16 -15|0.5 30|27 3 -9 -2 5
1568 倉佑|汽車工業|4 -3 -4|75 75 -17 24|0.2 12|3 1 0 -18 -3
1569 濱川|電腦及週|-18 -8 -30|80 80 -8 -8|0.4 11|5 -8 0 -4 38
1582 信錦|電子零組|-14 -6 -14|87 87 -7 -4|0.6 6|11 -18 0 -9 -3
1584 精剛|其他|33 37 -45|64 67 -20 -27|0.2 10|2 -2 0 -7 0
1589 永冠-KY|電機機械|10 9 11|70 80 -7 -4|0.8 26|5 1 -3 -13 -14
1590 亞德客-KY|電機機械|-2 -9 -12|73 73 -1 -3|1.3 349|78 5 -0 -9 -14
1597 直得|電機機械|-23 -14 -15|87 98 10 10|1.6 5|3 -2 0 -17 7
1603 華電|電器電纜|-28 68 29|81 85 -4 -9|0.5 8|1 -0 1 1 20
1604 聲寶|電器電纜|-12 -1 -14|81 84 -10 -10|0.4 6|10 -18 -6 -13 -10
1605 華新|電器電纜|-3 3 -30|81 81 16 4|0.5 1279|21 -3 1 -0 18
1608 華榮|電器電纜|-4 3 -17|63 77 -6 -15|1.9 8|1 -1 -0 -0 7
1609 大亞|電器電纜|-8 -5 -15|59 69 -14 -22|0.6 34|11 2 0 -13 -8
1611 中電|電器電纜|-10 -8 0|66 69 -21 -17|0.5 13|13 19 -3 -12 -8
1612 宏泰|電器電纜|-8 -12 -18|52 69 -11 -24|0.7 12|12 1 1 -6 -16
1618 合機|電器電纜|79 77 57|93 93 23 27|0.9 10|1 0 1 9 42
1701 中化|生技醫療|11 9 7|75 87 -3 -6|0.4 7|12 -17 0 -1 -10
1707 葡萄王|生技醫療|9 4 -2|77 82 -6 -8|0.8 23|13 5 1 0 6
1708 東鹼|化學工業|62 85 -3|60 72 -14 -19|0.5 152|15 3 -0 -7 -0
1709 和益|化學工業|-5 16 1|69 83 -8 -7|0.5 18|5 -8 -0 -13 5
1710 東聯|化學工業|-11 -29 -22|67 89 0 -2|0.5 15|9 -3 0 -2 10
1711 永光|化學工業|-1 2 -3|59 74 -10 -18|0.4 12|8 7 0 -9 1
1712 興農|化學工業|28 27 4|79 79 3 16|0.3 81|19 -6 -1 -6 -16
1717 長興|化學工業|-14 -10 -13|75 81 -9 -20|0.5 42|14 8 1 -25 na
1720 生達|生技醫療|51 38 15|91 91 -2 14|0.5 14|6 -15 -2 -17 -24
1721 三晃|化學工業|-13 10 -9|45 65 -11 -26|0.6 10|2 9 0 -22 -20
1722 台肥|化學工業|3 22 -38|67 79 -13 -19|0.6 73|14 -14 -2 8 8
1723 中碳|化學工業|-2 14 -28|83 83 -9 -10|0.6 25|11 -10 1 -11 4
1727 中華化|化學工業|14 15 -14|42 52 -22 -34|0.5 11|3 13 0 -15 -11
1732 毛寶|化學工業|-2 2 2|56 73 -3 -16|0.3 12|3 4 0 -36 1
1734 杏輝|生技醫療|31 25 7|83 83 1 4|0.1 13|6 -12 -2 -17 -4
1736 喬山|運動休閒|13 11 7|90 90 35 46|0.8 148|9 4 1 -38 6
1760 寶齡富錦|生技醫療|11 21 -3|93 93 33 46|0.8 1998|17 1 2 25 -1
1762 中化生|生技醫療|33 -4 -21|78 84 -7 -6|0.3 15|5 6 0 -43 -7
1773 勝一|化學工業|-11 -8 -29|57 60 -28 -32|0.4 23|5 4 -1 -19 -19
1777 生泰|生技醫療|74 78 70|94 94 15 29|1.2 8|0 2 0 143 29
1783 和康生|生技醫療|7 19 -11|64 79 -6 13|0.4 11|6 7 -3 -15 -11
1785 光洋科|其他電子|-29 -27 -22|52 61 -21 -35|0.5 24|9 15 0 -16 -6
1789 神隆|生技醫療|5 9 5|82 82 -3 8|0.2 13|5 -2 -3 -14 -2
1795 美時|生技醫療|231 77 65|86 86 12 45|0.5 2386|72 3 -0 -21 3
1802 台玻|玻璃陶瓷|-25 -28 -18|79 100 21 14|2.1 171|9 15 3 -17 21
1808 潤隆|建材營造|-95 -97 -57|97 97 16 5|0.4 10|2 -14 0 3 13
1810 和成|玻璃陶瓷|5 -4 -10|62 78 -4 -21|0.5 6|4 -7 0 -21 262
1815 富喬|電子零組|-25 -12 -12|68 74 -5 -10|0.2 7|3 -2 0 -8 1
1904 正隆|造紙工業|-17 -4 -7|77 91 -2 -7|0.9 14|8 7 0 -10 -14
1905 華紙|造紙工業|20 19 9|66 88 1 -7|0.8 10|3 16 1 -3 -10
1907 永豐餘|造紙工業|-2 4 7|76 95 11 -3|2.9 38|16 11 0 1 3
1909 榮成|造紙工業|-11 -19 -25|63 88 1 -7|0.5 19|10 14 0 -3 -7
2002 中鋼|鋼鐵工業|-29 -16 -33|75 86 -5 -10|0.8 585|17 5 3 -9 9
2006 東和鋼鐵|鋼鐵工業|0 3 -12|66 71 -5 -13|0.6 90|11 -4 -4 -17 8
2009 第一銅|鋼鐵工業|-36 -14 -26|55 84 7 -8|6.9 23|2 -1 0 29 11
2010 春源|鋼鐵工業|-11 -12 -19|61 74 -6 -17|0.5 8|6 11 -1 -3 -4
2013 中鋼構|鋼鐵工業|31 23 -2|87 89 -10 12|0.4 9|7 -3 0 -36 -7
2014 中鴻|鋼鐵工業|-47 -50 -57|46 66 -23 -31|0.5 138|6 -2 -3 -7 4
2015 豐興|鋼鐵工業|-17 -9 -28|61 71 -13 -23|0.8 11|11 -22 -1 -3 -4
2023 燁輝|鋼鐵工業|-15 -16 -30|58 75 -2 -17|0.6 34|5 4 0 -13 -2
2027 大成鋼|鋼鐵工業|7 7 -25|73 89 8 -7|0.6 278|15 5 0 -6 1
2028 威致|鋼鐵工業|-19 -29 -43|53 73 -4 -23|0.2 8|1 3 0 -8 1
2029 盛餘|鋼鐵工業|-47 -30 -43|63 83 -0 -13|0.4 7|69 11 0 -4 -7
2030 彰源|鋼鐵工業|1 3 -30|61 82 -2 -13|0.3 22|3 -0 -0 -5 1
2031 新光鋼|鋼鐵工業|4 13 -8|51 75 -3 -24|0.3 32|10 15 2 -2 -1
2034 允強|鋼鐵工業|-23 -18 -38|72 83 -16 -9|0.2 22|7 8 -0 -4 -6
2038 海光|鋼鐵工業|-2 24 -3|50 71 -10 -25|0.3 8|1 4 0 -7 -0
2049 上銀|電機機械|0 5 -9|55 65 -20 -21|0.5 261|31 -3 -2 -8 -9
2059 川湖|電子零組|30 23 -10|83 87 -5 1|0.5 143|18 -1 9 -18 23
2066 世德|電機機械|44 38 17|81 81 15 31|0.6 37|13 2 0 -14 35
2069 運錩|鋼鐵工業|-29 -15 -51|56 80 -6 -16|0.4 6|1 0 0 -1 -13
2101 南港|橡膠工業|-19 -18 -5|72 84 -14 -11|0.8 19|6 -10 0 -3 5
2102 泰豐|橡膠工業|56 53 61|63 76 -2 -16|0.3 9|7 -13 0 -2 -0
2103 台橡|橡膠工業|23 14 1|68 91 -0 2|0.6 19|29 11 -1 -3 -2
2104 國際中橡|橡膠工業|32 20 1|68 86 -5 -6|0.4 16|12 -18 -0 -2 5
2105 正新|橡膠工業|13 10 13|83 83 -6 4|0.6 128|14 -26 -5 -9 16
2106 建大|橡膠工業|19 16 6|82 82 -16 6|0.3 17|7 -16 -0 -18 -6
2108 南帝|橡膠工業|-44 -54 -8|42 65 -16 -29|0.6 26|8 -4 0 -0 6
2201 裕隆|汽車工業|-9 -0 4|94 94 8 24|1.4 385|7 -5 0 19 45
2204 中華|汽車工業|8 -9 3|65 72 -13 -22|0.4 27|25 5 1 -1 -12
2206 三陽工業|汽車工業|48 41 23|92 92 1 50|0.5 90|16 -0 1 11 25
2207 和泰車|汽車工業|26 10 14|91 95 -3 10|1.3 112|24 1 3 -41 -2
2208 台船|航運業|-10 -13 -6|66 77 -18 -20|0.9 12|5 -2 0 -12 11
2211 長榮鋼|鋼鐵工業|-44 -28 -51|78 78 -20 -13|0.3 7|5 -25 2 -21 10
2227 裕日車|汽車工業|-15 -1 14|74 78 -11 -11|1.1 7|41 -10 -12 na -11
2228 劍麟|汽車工業|61 41 31|86 86 12 20|0.3 15|7 4 0 -6 -9
2230 泰茂|居家生活|-8 11 23|67 67 35 39|0.3 21|9 -0 0 -22 82
2231 為升|汽車工業|13 6 10|81 88 13 12|0.4 97|8 -7 5 -2 32
2233 宇隆|汽車工業|2 -1 -2|75 75 -21 -5|0.4 13|10 -22 -4 14 13
2239 英利-KY|汽車工業|69 60 55|77 81 11 11|0.8 8|76 -1 0 -9 3
2247 汎德永業|汽車工業|11 12 12|92 92 -0 3|0.8 9|4 -8 0 -27 17
2301 光寶科|電腦及週|9 10 2|96 96 3 9|0.8 524|44 -11 4 97 84
2302 麗正|半導體業|16 19 17|78 78 -6 -5|0.4 6|3 -14 0 -3 1
2303 聯電|半導體業|34 35 -1|61 79 -7 -13|1.1 3061|30 7 1 -6 0
2305 全友|電腦及週|7 29 36|87 87 13 200|1.5 203|8 1 -0 3 5
2308 台達電|電子零組|35 33 16|90 94 -1 22|1.2 2059|66 -0 3 21 18
2312 金寶|其他電子|64 42 18|84 100 14 12|0.8 162|11 5 -0 14 13
2313 華通|電子零組|19 24 -1|83 83 -10 8|0.7 579|29 -3 2 1 64
2314 台揚|通信網路|22 30 24|38 56 -21 -33|0.2 33|2 6 0 -25 -22
2317 鴻海|其他電子|40 22 14|90 90 -6 5|1.2 3311|44 -11 2 -1 4
2324 仁寶|電腦及週|-17 -13 -13|83 90 -9 -9|0.6 294|39 -22 2 -9 5
2327 國巨*|電子零組|4 5 -11|59 76 -11 -22|1.3 934|41 5 2 -34 -91
2328 廣宇|電子零組|-13 -5 -23|79 83 -6 -2|0.8 58|10 -4 -0 -0 3
2329 華泰|半導體業|-11 -4 -8|66 83 2 -10|0.5 26|8 11 -0 -8 -14
2330 台積電|半導體業|36 48 10|58 71 -24 -22|1.3 18208|71 -12 0 9 31
2331 精英|電腦及週|-31 -7 -30|79 79 -3 14|0.2 63|11 -7 -1 1 11
2332 友訊|通信網路|10 14 2|68 83 -15 -1|0.2 19|9 -1 0 -1 -3
2337 旺宏|半導體業|-27 -23 -33|72 79 -8 -14|1.9 305|23 5 -1 -15 10
2338 光罩|半導體業|26 28 -3|54 64 -19 -23|1.5 346|8 -2 -3 20 12
2340 台亞|半導體業|-45 -41 -27|43 68 -20 -13|0.6 59|13 13 0 -10 -10
2342 茂矽|半導體業|-4 4 -14|66 79 -6 -3|1.2 28|6 -0 -0 -14 41
2344 華邦電|半導體業|-19 -18 -28|57 70 -14 -24|0.8 295|25 -4 1 -3 17
2345 智邦|通信網路|43 36 12|82 84 -5 12|1.4 1097|61 -7 2 -23 58
2347 聯強|電子通路|11 7 -6|71 76 -6 -20|0.6 182|32 -15 -0 1 25
2348 海悅|其他|-12 2 -23|59 71 -23 -25|1.2 5|1 -4 0 7 -1
2351 順德|半導體業|4 3 -11|54 64 -15 -24|1.2 176|20 -4 -1 9 18
2352 佳世達|電腦及週|-6 5 -6|79 84 -14 1|0.6 91|15 -20 3 -14 -4
2353 宏碁|電腦及週|-3 -20 -16|79 84 2 -11|0.6 213|31 4 8 -10 4
2354 鴻準|其他電子|-46 -46 -32|67 81 -7 -23|0.9 93|16 -5 0 -5 0
2355 敬鵬|電子零組|-17 -13 -14|68 86 -4 0|1.2 19|15 -2 0 -6 3
2356 英業達|電腦及週|0 -2 -14|95 97 -0 2|0.7 183|21 -6 3 -41 19
2357 華碩|電腦及週|7 4 -8|71 79 -16 -20|0.5 585|43 -8 -1 -1 5
2358 廷鑫|其他|-64 -56 -60|50 68 -16 -21|0.5 42|2 -0 0 -11 38
2359 所羅門|其他電子|49 22 -16|71 71 -22 -5|0.3 37|4 1 0 4 -3
2360 致茂|其他電子|58 56 36|78 85 0 19|0.9 257|65 -3 4 -30 28
2363 矽統|半導體業|-76 -44 -44|66 74 -11 -20|0.5 24|5 -2 0 -5 3
2364 倫飛|電腦及週|-28 -5 -2|72 72 54 422|1.8 56|18 0 0 -43 17
2367 燿華|電子零組|73 71 42|76 76 7 18|0.4 228|12 0 -1 -7 -27
2368 金像電|電子零組|29 22 -7|85 85 -4 -3|0.9 1297|19 -1 0 16 127
2369 菱生|半導體業|-36 -34 -30|51 66 -18 -28|0.7 7|15 10 0 -9 -1
2371 大同|電機機械|-14 -10 -11|81 85 -6 -6|0.4 179|15 -14 -0 8 3
2374 佳能|光電業|53 43 -22|64 78 -18 -6|0.3 11|6 6 1 -5 -13
2375 凱美|電子零組|-28 -30 -26|38 64 -21 -33|0.5 15|7 -1 1 -8 48
2376 技嘉|電腦及週|-31 -21 -21|66 92 14 -0|0.8 653|16 4 2 -10 -12
2377 微星|電腦及週|-32 -25 -30|71 88 2 -7|0.5 454|27 0 0 -8 -10
2379 瑞昱|半導體業|-2 3 -16|48 63 -20 -31|1.3 1153|49 2 -1 3 8
2380 虹光|電腦及週|90 32 30|65 79 -14 15|0.2 5|1 2 0 na na
2382 廣達|電腦及週|47 46 28|76 82 -15 -11|0.9 496|22 1 -3 26 15
2383 台光電|電子零組|-5 -8 -22|55 65 -4 -26|1.5 433|38 15 -3 -14 4
2385 群光|電子零組|2 13 -2|93 93 2 6|0.6 144|33 -16 -8 -19 20
2387 精元|電腦及週|16 22 16|80 90 8 14|0.5 21|5 0 0 -11 -16
2388 威盛|半導體業|58 39 6|66 70 -12 37|0.7 1688|12 0 -0 -29 -5
2392 正崴|電子零組|30 25 13|84 89 6 9|0.5 32|11 -5 5 2 -4
2393 億光|光電業|-30 -28 -14|66 83 -6 -7|0.7 22|29 6 -0 -4 -5
2395 研華|電腦及週|17 20 -1|76 83 -16 -6|1.4 247|42 -1 2 -8 -12
2399 映泰|電腦及週|-10 -17 -24|51 76 -6 -17|3.6 15|4 -3 0 5 24
2401 凌陽|半導體業|-34 -33 -32|58 66 -20 -27|0.4 44|12 10 0 -12 -9
2402 毅嘉|電子零組|54 30 22|100 100 26 32|1.3 79|12 5 0 -9 8
2404 漢唐|其他電子|155 124 70|79 80 -4 -8|0.4 60|21 -9 -0 -4 -4
2405 輔信|電腦及週|-22 -15 -22|57 72 -15 -2|0.2 17|4 -5 0 -10 5
2406 國碩|光電業|4 -9 3|47 69 -19 -12|0.4 22|6 5 0 -10 -5
2408 南亞科|半導體業|-58 -54 -50|69 86 2 -11|1.0 820|15 3 8 -16 1
2409 友達|光電業|-51 -50 -32|75 90 18 -2|0.9 1081|25 1 2 -15 na
2412 中華電|通信網路|10 5 1|86 86 -10 -8|1.1 1050|18 -1 -2 7 -4
2413 環科|電子零組|49 30 23|98 98 38 42|1.1 125|3 1 0 14 30
2417 圓剛|電腦及週|-5 -13 12|53 76 -8 -17|0.3 5|2 -1 0 -12 5
2419 仲琦|通信網路|73 46 36|83 83 -9 41|0.3 83|5 -2 0 7 12
2421 建準|電子零組|22 6 -0|87 93 -1 18|1.5 65|20 3 4 19 5
2425 承啟|電腦及週|-8 -8 -18|77 77 -8 -17|1.9 18|18 -1 0 5 26
2426 鼎元|光電業|-29 -31 -19|51 72 -18 -20|0.9 6|8 3 0 -20 -16
2428 興勤|電子零組|-0 -1 -3|66 81 -11 -5|0.6 41|14 6 2 -12 -6
2436 偉詮電|半導體業|-30 -38 -36|41 63 -15 -30|3.7 44|6 -2 0 3 -1
2439 美律|通信網路|18 32 32|84 87 2 7|0.7 126|12 -0 -0 5 18
2441 超豐|半導體業|-43 -34 -34|62 69 -19 -29|0.7 77|12 -4 -7 -1 12
2449 京元電子|半導體業|-2 0 -22|75 76 -18 -16|0.7 186|29 2 -4 -10 -5
2451 創見|半導體業|-2 -12 -8|95 96 1 2|0.7 20|9 20 4 -19 -5
2454 聯發科|半導體業|18 8 -17|55 71 -16 -20|1.5 3823|61 6 2 -13 21
2455 全新|通信網路|-54 -44 -32|39 61 -15 -33|1.4 85|28 5 -5 -1 9
2457 飛宏|電子零組|19 22 -3|70 87 -3 4|0.4 114|5 4 -0 -8 -2
2458 義隆|半導體業|-46 -43 -25|52 61 -20 -34|0.8 155|25 -3 -1 21 -5
2464 盟立|其他電子|4 11 -1|86 90 -5 -2|0.6 6|5 -17 -0 -31 -15
2465 麗臺|電腦及週|29 -28 -16|48 91 31 -2|7.5 49|4 1 0 55 18
2467 志聖|電子零組|29 15 13|89 89 0 19|0.3 5|7 -10 0 -13 -12
2468 華經|資訊服務|46 14 6|99 99 75 77|2.0 145|2 0 0 31 3
2472 立隆電|電子零組|-5 -6 -21|74 80 -8 -12|0.4 7|2 10 -2 -9 -5
2474 可成|其他電子|-5 -12 28|97 97 6 22|0.8 414|44 10 7 -9 -6
2476 鉅祥|電子零組|2 6 -5|58 74 -15 1|0.4 61|4 7 -0 -16 -11
2478 大毅|電子零組|-20 -29 -17|66 80 -2 -13|0.7 6|5 9 0 -10 -15
2480 敦陽科|資訊服務|1 2 -10|84 86 -10 -8|0.4 8|6 -26 0 -16 -16
2481 強茂|半導體業|-16 -14 -18|48 70 -17 -22|0.6 182|11 5 0 -8 -0
2482 連宇|其他電子|37 32 5|74 74 -25 66|0.4 28|8 5 -0 -12 11
2483 百容|電子零組|-16 -10 -25|75 75 -1 5|0.2 13|2 -2 1 -29 6
2484 希華|電子零組|-6 -5 -13|71 73 -14 -10|0.3 44|8 -9 0 1 3
2485 兆赫|通信網路|5 8 14|73 86 -3 6|0.5 10|5 -8 -0 -2 -18
2486 一詮|光電業|-26 -22 -22|28 45 -32 -48|0.4 17|6 -1 0 3 3
2492 華新科|電子零組|-20 -25 -10|47 71 -11 -18|1.7 142|15 13 0 -7 1
2495 普安|電腦及週|40 46 26|87 98 23 28|1.8 17|19 0 0 15 16
2497 怡利電|汽車工業|65 61 8|55 70 -7 -10|0.4 299|3 1 -1 -24 2
2498 宏達電|通信網路|-23 -19 -5|56 76 -18 13|0.4 1264|13 0 -0 -3 -12
2501 國建|建材營造|13 142 100|76 83 -10 -14|1.0 9|7 -21 0 23 -1
2504 國產|建材營造|-6 3 3|77 91 -3 -1|0.7 41|15 -10 -2 -9 25
2520 冠德|建材營造|2 8 17|68 75 -10 -19|0.3 16|15 -3 -1 -1 -3
2530 華建|建材營造|27408 9170 1998|91 91 23 23|1.2 47|1 8 1 24 29
2534 宏盛|建材營造|-37 -3 -20|95 95 5 12|0.4 19|8 -16 3 28 5
2535 達欣工|建材營造|32 33 13|90 94 0 -0|0.5 9|8 -19 -4 -14 -11
2538 基泰|建材營造|36 35 -13|77 77 -13 -4|0.4 11|12 -23 -0 -15 7
2539 櫻花建|建材營造|-100 543131 299490|96 96 9 13|1.0 11|1 2 0 3 24
2540 愛山林|建材營造|-20 6 -1|80 80 13 20|0.3 21|1 1 0 15 60
2542 興富發|建材營造|-34 -72 -43|99 99 9 10|0.8 127|10 29 2 -15 -3
2545 皇翔|建材營造|59 53 -8|74 78 -5 -14|0.5 8|4 -14 0 -3 -2
2548 華固|建材營造|-92 -11 -1953|91 91 -4 2|0.9 34|20 -11 0 11 12
2603 長榮|航運業|5 19 -64|43 45 -38 -52|0.6 6642|29 0 -0 -1 6
2605 新興|航運業|-5 -13 -26|55 67 -24 -31|0.5 44|36 5 -0 -5 -2
2606 裕民|航運業|-30 2 -25|54 60 -14 -37|0.5 191|11 2 -0 -10 11
2607 榮運|航運業|178 192 35|64 73 -13 -22|0.3 131|8 -10 1 -18 20
2608 嘉里大榮|航運業|-8 -4 -6|67 83 -15 -9|0.9 9|5 -11 0 -7 -18
2609 陽明|航運業|-16 5 -57|56 57 -35 -39|0.8 2752|16 -1 -0 -9 -8
2610 華航|航運業|-8 10 -22|56 64 -22 -28|0.4 792|12 3 -1 -20 -2
2611 志信|航運業|-18 -9 -30|53 62 -32 -34|0.7 9|2 5 0 -9 -2
2612 中航|航運業|5 21 -11|55 61 -20 -31|0.3 16|2 4 -0 -8 -13
2613 中櫃|航運業|-9 -0 -7|48 55 -23 -43|0.7 13|2 3 1 -14 0
2614 東森|其他|4 8 -4|50 71 -24 -29|3.0 36|2 -3 0 -4 8
2615 萬海|航運業|-28 -8 -87|39 50 -39 -44|0.9 1110|43 3 0 -9 -20
2617 台航|航運業|11 13 -13|63 66 -17 -29|0.5 23|3 -8 0 1 7
2618 長榮航|航運業|33 36 -11|65 68 -25 -22|0.6 1359|31 0 -2 -10 -8
2633 台灣高鐵|航運業|59 141 79|94 95 -4 9|0.8 76|10 13 -1 9 -16
2634 漢翔|航運業|52 43 16|83 83 -12 3|0.5 126|9 -0 -4 -12 -0
2636 台驊控股|航運業|-61 -47 -87|44 49 -30 -41|0.7 78|17 4 0 -3 -12
2637 慧洋-KY|航運業|10 24 -39|50 52 -24 -43|0.6 352|18 4 0 -8 -25
2641 正德|航運業|-12 6 -57|53 53 -29 -41|0.4 25|1 2 0 -14 2
2642 宅配通|航運業|-5 -0 -5|47 63 -15 -34|1.9 6|5 -8 -0 -8 -10
2702 華園|觀光餐旅|77 66 3|74 74 6 20|1.5 9|39 -15 0 2 37
2707 晶華|觀光餐旅|34 49 39|92 92 9 22|0.3 141|15 -1 1 -32 12
2723 美食-KY|觀光餐旅|2 1 4|76 85 -4 16|0.6 61|51 1 1 -11 -9
2727 王品|觀光餐旅|23 37 24|85 89 5 24|0.6 62|9 3 0 -1 37
2729 瓦城|觀光餐旅|19 53 41|85 85 10 13|0.2 7|1 -18 11 29 -26
2731 雄獅|觀光餐旅|293 224 114|78 78 -6 -11|0.6 134|3 -1 0 -30 4
2732 六角|觀光餐旅|4 17 13|73 73 3 7|0.3 52|7 -0 -4 -2 52
2736 富野|觀光餐旅|74 263 158|66 66 -24 15|0.2 25|5 4 0 -9 3
2743 山富|觀光餐旅|291 2095 1580|65 65 -11 -16|0.3 98|2 0 0 -0 62
2748 雲品|觀光餐旅|69 172 103|86 86 4 16|0.5 23|1 -4 6 -35 19
2753 八方雲集|觀光餐旅|17 18 4|91 91 23 33|0.4 88|8 -0 5 -3 4
2754 亞洲藏壽司|觀光餐旅|48 372 161|91 91 40 53|0.5 88|74 6 0 -30 20
2801 彰銀|金融保險|3 18 3|88 93 -3 -2|0.2 97|12 -14 0 17 13
2809 京城銀|金融保險|-269 -64 -16|77 84 -12 -13|2.0 57|15 15 0 -6 -3
2812 台中銀|金融保險|9 22 7|84 91 -5 0|0.7 48|10 -15 -1 19 -2
2820 華票|金融保險|-29 -29 -4|84 86 -10 -8|0.4 9|7 -14 0 -13 -21
2834 臺企銀|金融保險|18 20 7|88 93 -1 10|0.7 335|15 17 -0 -18 15
2836 高雄銀|金融保險|-1 -7 -7|83 89 -9 1|0.7 6|7 0 0 -4 -13
2838 聯邦銀|金融保險|4 6 6|93 93 18 20|0.3 22|6 16 0 -5 8
2845 遠東銀|金融保險|-21 1 4|88 91 -0 2|0.4 92|10 -0 2 -2 -64
2850 新產|金融保險|2 3 -1|77 77 -15 -5|1.0 21|11 8 0 1 11
2851 中再保|金融保險|-1 1 -7|62 67 -15 -29|1.2 7|1 2 -1 1 7
2855 統一證|金融保險|159 29 44|70 83 -7 -12|0.6 11|8 -3 0 -5 -3
2880 華南金|金融保險|13 15 9|91 91 -2 5|0.8 222|18 3 -0 -9 37
2881 富邦金|金融保險|-18 -39 -20|71 90 -4 -8|0.7 624|19 -8 1 -1 11
2882 國泰金|金融保險|-56 -48 -19|61 74 -17 -24|0.9 1010|21 -13 1 6 28
2883 凱基金|金融保險|-59 -46 -18|65 79 -10 -19|0.8 387|22 -4 2 -5 14
2884 玉山金|金融保險|-24 -7 -3|72 82 -15 -13|0.8 843|34 -28 -1 3 7
2885 元大金|金融保險|-14 -12 11|81 91 -0 -7|0.7 311|25 1 8 -17 -8
2886 兆豐金|金融保險|-39 -8 -5|70 82 -12 -14|0.9 573|21 -4 1 -3 15
2887 台新新光金|金融保險|-7 -15 -37|70 82 -7 -12|0.7 215|23 -8 -4 -2 27
2889 國票金|金融保險|-55 -36 -11|70 75 -16 -20|1.9 35|10 -4 0 22 37
2890 永豐金|金融保險|8 6 -1|88 88 1 3|0.9 322|28 11 1 -15 31
2891 中信金|金融保險|-45 -28 -44|73 82 -8 -14|0.8 692|40 -10 -0 -4 38
2892 第一金|金融保險|6 23 17|89 93 -3 3|0.9 427|25 12 2 1 22
2903 遠百|貿易百貨|10 19 13|84 89 -3 -7|0.6 10|10 -4 -3 -20 -16
2905 三商|貿易百貨|296 115 83|64 77 -14 -23|0.3 6|6 -3 0 3 1
2906 高林|貿易百貨|-3 5 -18|52 70 -25 -9|0.7 15|4 9 -1 -26 -16
2912 統一超|貿易百貨|13 16 7|94 94 -3 7|0.9 287|30 -10 2 53 31
2913 農林|貿易百貨|-9 8 -5|94 97 9 15|2.2 29|8 -9 0 -4 9
2915 潤泰全|貿易百貨|6 -2 -9|51 73 -2 -23|0.9 296|11 17 0 -17 -4
3003 健和興|電子零組|10 4 -11|71 81 -15 6|0.4 44|4 -2 0 -3 17
3004 豐達科|鋼鐵工業|49 65 20|79 79 -2 23|0.4 10|3 -11 -1 -11 3
3005 神基|電腦及週|34 22 14|69 79 -18 -12|0.6 40|22 -9 -0 -14 4
3006 晶豪科|半導體業|-54 -49 -41|38 55 -22 -41|1.0 294|13 -5 1 -4 36
3008 大立光|光電業|22 12 17|72 89 -10 18|0.8 1198|36 1 1 -3 46
3010 華立|電子通路|-5 2 -10|76 83 -9 -12|0.5 14|11 -4 -0 -13 -13
3014 聯陽|半導體業|-51 -49 -38|58 66 -10 -27|0.7 21|10 17 -0 -8 -14
3016 嘉晶|半導體業|10 15 -11|46 66 -14 -24|0.5 101|4 2 0 -4 -3
3017 奇鋐|電腦及週|26 26 8|86 86 -5 4|0.9 744|40 -6 3 3 89
3019 亞光|光電業|-3 -5 -8|61 85 -7 -0|0.6 51|9 9 0 -5 -2
3021 鴻名|電子零組|19 17 -1|85 92 13 18|0.6 6|3 1 1 3 3
3022 威強電|電腦及週|47 62 46|69 69 -5 30|0.2 81|27 13 0 -31 -35
3023 信邦|電子零組|25 23 7|87 88 -4 7|1.2 221|61 -2 12 10 30
3024 憶聲|光電業|-35 11 -6|84 89 -3 10|0.4 6|2 -13 0 5 14
3025 星通|通信網路|-24 -14 -12|79 79 11 13|0.2 32|8 5 0 -26 10
3026 禾伸堂|電子零組|-4 -15 -5|79 84 -2 -12|0.6 9|11 3 0 3 -5
3027 盛達|通信網路|5 3 -12|84 84 24 39|0.4 63|2 -0 0 1 19
3028 增你強|電子通路|-14 -21 -21|71 76 -15 -20|0.4 8|4 -15 0 1 2
3029 零壹|資訊服務|-27 -10 -22|84 90 -6 -5|0.6 7|2 -25 1 -7 -1
3030 德律|其他電子|26 12 -17|88 93 3 2|0.4 16|17 -21 -0 -2 7
3033 威健|電子通路|5 -7 -11|83 91 -3 -3|0.9 22|5 0 -0 -0 8
3034 聯詠|半導體業|-52 -49 -60|55 72 -2 -24|0.7 1123|43 -3 1 -4 -5
3035 智原|半導體業|27 48 -38|46 56 -8 -41|1.1 4359|25 -0 1 -16 6
3036 文曄|電子通路|51 30 4|64 77 -16 -9|0.8 116|11 -12 -4 2 24
3037 欣興|電子零組|43 33 -6|50 57 -17 -39|1.4 4801|41 -3 1 21 -8
3038 全台|光電業|24 17 1|86 86 -7 17|0.5 12|7 -17 0 7 -2
3041 揚智|半導體業|-26 -23 -37|43 62 -25 -32|0.6 13|12 8 0 -14 -20
3042 晶技|電子零組|-20 -16 -9|73 81 -11 -3|0.6 110|14 5 -0 -4 -7
3044 健鼎|電子零組|6 6 -4|71 80 -11 -18|1.5 127|39 -4 -2 7 2
3045 台灣大|通信網路|11 8 -3|89 89 -7 -8|0.7 403|16 5 4 -21 -19
3046 建碁|電腦及週|13 33 -11|84 84 74 89|1.5 1172|3 -0 0 30 202
3047 訊舟|通信網路|29 20 11|80 80 17 47|0.2 127|5 -3 -0 3 11
3048 益登|電子通路|7 8 -1|81 86 -5 -8|0.5 9|3 5 0 -1 -3
3050 鈺德|光電業|4 17 5|84 90 -1 -6|1.4 27|8 -0 0 -3 9
3051 力特|光電業|19 -6 -3|45 77 11 -3|0.3 14|1 3 0 -1 8
3056 富華新|建材營造|38506 16755 10331|76 86 0 -5|0.3 16|4 -6 -0 -5 -18
3059 華晶科|光電業|95 65 12|66 87 -4 2|0.9 71|14 5 -0 -5 9
3062 建漢|通信網路|86 111 90|63 71 -28 8|0.4 114|13 -1 -0 -3 -3
3078 僑威|電子零組|-40 -43 -9|62 72 -18 -20|0.9 6|1 13 0 -11 -6
3081 聯亞|通信網路|125 78 74|44 50 -37 -31|1.7 170|45 -0 -7 98 -37
3086 華義*|文化創意|-35 -44 -28|55 74 6 -10|0.9 7|37 53 0 -16 3
3088 艾訊|電腦及週|-2 14 -20|79 84 -5 -2|0.6 7|4 -10 -3 -16 12
3090 日電貿|電子零組|-10 -10 -14|94 94 4 1|0.7 8|7 -4 0 -9 -7
3092 鴻碩|電子零組|-14 6 -30|48 65 -13 -29|0.7 8|2 2 0 -13 -11
3105 穩懋|半導體業|-48 -41 -27|34 56 -25 -31|2.0 781|40 0 0 8 44
3122 笙泉|半導體業|-53 -56 -53|40 53 -22 -42|0.7 6|4 -1 0 -6 8
3128 昇銳|光電業|-2 33 3|93 93 56 68|0.6 103|6 2 0 -22 18
3131 弘塑|半導體業|-10 -8 -29|49 64 -21 -30|0.8 22|4 11 -20 na 9
3138 耀登|通信網路|31 33 9|50 76 6 -12|0.4 71|2 1 0 -16 10
3141 晶宏|半導體業|-37 -24 -59|29 47 -29 -45|0.6 274|10 1 0 -11 2
3147 大綜|資訊服務|-42 -40 -40|83 83 -9 27|0.1 6|2 -5 0 -22 21
3149 正達|光電業|-5 -1 2|61 83 26 -6|1.0 52|2 0 0 0 na
3152 璟德|通信網路|-46 -55 -11|40 68 -8 -27|0.7 10|17 -14 0 -4 5
3162 精確|電機機械|117 103 58|78 78 -4 25|0.4 35|47 1 0 -7 11
3163 波若威|通信網路|34 41 5|74 74 -17 4|0.1 61|10 -4 1 1 23
3169 亞信|半導體業|-24 -15 -53|34 56 -21 -39|1.1 97|3 -0 0 -7 7
3176 基亞|生技醫療|-88 -40 -351|52 61 -24 -33|0.5 5|4 -2 0 na -99
3189 景碩|半導體業|17 18 -12|43 62 -17 -34|1.4 1661|15 -5 0 13 1
3205 佰研|生技醫療|-13 -7 1|52 52 -26 93|0.2 20|19 14 0 -31 35
3207 耀勝|電子零組|25 15 -23|93 93 20 94|0.6 134|4 0 0 12 102
3209 全科|電子通路|-6 17 2|78 78 -12 -6|0.6 16|5 -33 0 5 -35
3211 順達|電腦及週|3 -5 3|67 87 -4 -7|0.6 8|10 6 1 -5 -10
3217 優群|電子零組|-25 -28 -26|46 72 -14 -21|0.8 12|2 10 3 -5 -14
3218 大學光|生技醫療|31 36 3|72 72 -22 6|0.5 83|33 -9 -1 1 -5
3221 台嘉碩|通信網路|-31 -9 -40|59 62 -38 -21|0.2 11|7 12 0 -13 -8
3224 三顧|電子通路|-33 -27 -61|56 68 -11 -26|0.2 6|1 -3 0 -4 10
3227 原相|半導體業|-50 -48 -9|57 76 -10 -17|0.7 19|14 -2 -0 -4 0
3228 金麗科|半導體業|-27 -21 -1|27 32 -54 -61|0.4 147|9 1 -1 -47 -2
3231 緯創|電腦及週|13 14 -5|89 91 -4 6|0.7 187|28 -6 -5 -3 15
3234 光環|通信網路|-27 -25 -9|70 74 -18 13|0.1 5|5 7 0 -5 -3
3260 威剛|半導體業|0 -8 -8|60 78 -7 -14|1.2 90|9 3 4 -3 -12
3264 欣銓|半導體業|24 21 2|76 91 6 8|1.7 161|21 -1 -0 9 6
3265 台星科|半導體業|5 13 -19|80 80 -5 -3|0.8 21|4 6 0 -3 6
3272 東碩|電腦及週|135 108 81|100 100 65 112|4.7 110|1 0 0 141 205
3289 宜特|其他電子|17 20 2|100 100 50 71|2.0 447|14 3 2 -10 46
3293 鈊象|文化創意|9 5 -4|86 86 -3 8|0.6 214|29 6 3 -5 37
3296 勝德|電子零組|-38 -23 -7|86 92 11 13|1.0 20|3 1 1 -5 2
3305 昇貿|其他電子|-23 -9 -43|46 56 -27 -35|0.5 17|3 1 0 -10 -7
3317 尼克森|半導體業|-18 -20 -20|57 64 -22 -22|0.5 12|4 6 0 -6 2
3324 雙鴻|其他電子|-18 -8 -15|50 66 -24 -17|0.4 178|10 2 -5 -9 -4
3338 泰碩|電子零組|-8 -4 -5|53 73 -25 -19|0.9 6|4 1 -3 -12 2
3346 麗清|汽車工業|8 33 18|64 68 -3 9|0.3 37|4 5 -11 -9 7
3356 奇偶|光電業|5 5 -2|99 99 27 23|1.5 91|5 -0 0 61 76
3362 先進光|光電業|-18 -3 -13|64 64 -30 5|0.3 60|2 -2 0 -17 5
3374 精材|半導體業|-11 -3 -2|65 65 -27 -27|0.6 139|10 9 -7 -8 -14
3376 新日興|電子零組|5 23 22|81 82 -3 -1|0.4 23|21 -13 -2 1 -4
3380 明泰|通信網路|27 39 37|79 79 -14 11|0.5 44|7 -8 0 -8 18
3390 旭軟|電子零組|-16 4 -18|63 71 -21 6|0.1 5|3 12 0 -14 -0
3402 漢科|其他電子|57 60 15|81 83 -14 -4|0.5 7|3 -12 0 -12 12
3406 玉晶光|光電業|23 22 -1|53 67 -24 -12|0.9 1371|24 1 -3 -3 -10
3413 京鼎|半導體業|28 27 4|67 78 -12 -15|0.8 102|21 -5 -2 -7 15
3416 融程電|電腦及週|7 13 7|100 100 6 12|2.3 6|3 6 0 1 -13
3419 譁裕|通信網路|49 41 27|49 77 -9 -5|0.3 6|4 -6 0 -5 -25
3432 台端|電子零組|-22 -9 27|61 61 -11 36|0.3 12|8 1 0 -14 1
3438 類比科|半導體業|-56 -53 -30|51 67 -8 -23|0.7 9|2 -0 0 -1 0
3441 聯一光電|光電業|-17 -21 -37|71 71 -21 13|0.2 11|1 -2 0 -10 7
3443 創意|半導體業|60 70 17|76 80 -10 -1|2.0 5016|33 -0 -0 28 68
3444 利機|電子通路|-27 -24 -18|73 88 -4 9|0.8 7|10 -7 0 -7 16
3450 聯鈞|半導體業|-11 -3 -3|62 74 -19 -11|0.4 6|8 -11 0 -4 -11
3454 晶睿|光電業|95 108 56|97 97 82 96|1.7 1206|6 -0 1 30 6
3455 由田|光電業|12 18 1|72 88 1 2|0.4 24|4 1 -0 7 8
3479 安勤|電腦及週|94 58 7|84 84 -14 7|0.4 11|3 -11 0 8 16
3481 群創|光電業|-42 -48 -23|69 92 16 -5|1.2 1179|25 7 2 -16 na
3483 力致|電腦及週|-20 -10 -29|46 65 -19 -31|1.0 9|3 2 0 -4 4
3484 崧騰|電子零組|-22 -15 -12|47 69 -26 -26|0.6 7|3 11 3 -4 -14
3491 昇達科|通信網路|-3 6 -13|56 66 -26 -6|0.5 288|11 1 -6 -10 -13
3504 揚明光|光電業|-1 19 -1|52 66 -24 25|0.3 147|3 -2 -0 -4 3
3508 位速|其他電子|-28 -19 -40|40 59 -32 -11|0.2 11|3 18 0 -18 -23
3511 矽瑪|電子零組|11 15 -119|82 85 7 9|0.9 26|1 -2 0 -1 9
3515 華擎|電腦及週|2 -13 -11|39 71 1 -24|2.1 114|5 0 1 -3 9
3520 華盈|電子零組|61 61 12|72 72 8 44|0.2 17|3 -1 0 -14 12
3521 台鋼建設|建材營造|19 2 -16|88 88 55 78|0.3 26|1 -0 0 0 10
3526 凡甲|電子零組|-19 -5 -9|59 70 -20 -22|0.4 27|5 -6 -10 -23 -1
3527 聚積|半導體業|-51 -51 -53|45 59 -18 -35|0.3 16|5 17 0 -13 -10
3529 力旺|半導體業|2 27 -8|46 72 -5 -10|1.2 1750|60 3 1 5 61
3530 晶相光|半導體業|-72 -69 -26|47 58 -22 -40|0.6 7|42 15 0 -7 -4
3531 先益|光電業|24 13 -4|89 89 6 30|0.4 5|21 6 0 38 -9
3532 台勝科|半導體業|37 32 5|39 55 -17 -30|0.9 403|51 2 -2 -10 -28
3533 嘉澤|電子零組|29 26 -3|96 96 20 8|1.3 806|31 -1 5 -22 2
3535 晶彩科|光電業|285 113 62|72 72 -0 16|0.6 70|6 2 0 -1 11
3545 敦泰|半導體業|-53 -62 -41|46 67 1 -29|1.2 283|14 -1 1 3 2
3546 宇峻|文化創意|-4 -18 -20|75 91 3 -2|0.3 5|11 -5 -0 -9 0
3548 兆利|電子零組|-4 -3 -20|71 80 -9 -10|0.8 7|8 -3 0 -5 -5
3552 同致|其他電子|32 39 27|68 72 -4 -1|0.4 426|18 -2 -1 -10 35
3558 神準|通信網路|104 83 34|78 78 -17 9|0.9 1275|10 -1 1 -23 -15
3563 牧德|光電業|-38 -37 -23|44 64 -15 -28|0.5 10|9 6 0 -5 -7
3576 聯合再生|光電業|56 36 -5|81 90 -0 7|0.3 110|17 6 0 na na
3580 友威科|其他電子|39 61 25|71 71 -11 -15|0.6 25|7 -3 -1 -7 -10
3583 辛耘|半導體業|13 12 -19|58 72 -11 -17|0.3 17|8 -5 0 -0 -2
3587 閎康|其他電子|24 16 1|91 94 20 19|0.9 208|4 2 4 -11 -0
3588 通嘉|半導體業|-50 -46 -52|37 53 -16 -40|5.7 12|2 -5 0 24 20
3592 瑞鼎|半導體業|-46 -42 na|na 54 -7 -44|1.1 152|13 1 2 20 49
3594 磐儀|電腦及週|46 21 10|78 78 -14 8|0.2 32|1 -1 -0 -24 85
3596 智易|通信網路|35 35 19|67 67 -28 -12|0.9 184|20 4 -8 2 -2
3605 宏致|電子零組|-2 -6 -16|59 75 -16 -18|1.6 5|10 3 0 -5 -5
3617 碩天|其他電子|68 38 21|87 87 18 56|0.2 14|5 -0 0 -25 -1
3624 光頡|電子零組|-3 -8 -32|44 48 -23 -43|0.3 41|45 6 -3 -5 -5
3630 新鉅科|光電業|-39 -40 -6|66 81 -3 4|0.7 7|36 -0 0 -7 -5
3645 達邁|電子零組|-47 -53 -42|51 53 -21 -32|0.4 13|13 4 0 -15 -14
3653 健策|電子零組|56 40 2|85 85 4 8|1.0 682|11 5 3 -8 7
3661 世芯-KY|半導體業|62 39 19|54 71 7 -27|1.5 6411|54 0 -1 42 -16
3665 貿聯-KY|其他電子|86 95 17|73 73 -21 -17|0.9 499|52 6 -4 13 22
3669 圓展|通信網路|-5 -14 10|62 79 -4 -12|0.3 7|1 3 0 -7 -26
3673 TPK-KY|光電業|9 11 15|69 77 -15 -2|1.0 26|34 -2 -3 -0 -6
3675 德微|半導體業|3 3 -16|50 50 -11 -40|1.0 411|54 -0 1 -40 -1
3680 家登|半導體業|46 62 -11|65 72 -10 4|0.6 430|8 3 -5 -1 -13
3687 歐買尬|數位雲端|4 -3 -15|35 55 -17 -39|0.7 15|7 12 0 -8 -2
3691 碩禾|光電業|5 -14 3|49 61 -29 -21|0.4 24|7 6 0 -2 -3
3693 營邦|電腦及週|33 53 21|82 82 -2 37|0.4 21|3 -4 0 19 29
3701 大眾控|電腦及週|1 9 -19|38 64 -17 -22|0.3 19|4 8 0 -11 -0
3702 大聯大|電子通路|-5 -6 -16|81 83 -13 -11|0.6 184|25 -5 5 9 11
3703 欣陸|建材營造|-1 18 -26|84 84 -7 5|0.5 71|28 -7 0 -45 10
3704 合勤控|通信網路|32 37 29|67 79 -21 -15|0.2 30|9 -5 -3 -23 na
3705 永信|生技醫療|-25 -20 -16|91 94 -4 -3|0.5 6|10 -22 0 23 15
3706 神達|電腦及週|46 33 26|83 93 -4 4|0.5 26|12 -4 0 0 -3
3707 漢磊|半導體業|22 25 -3|53 65 -11 -19|0.5 531|9 1 -2 -8 6
3708 上緯投控|綠能環保|-5 -0 4|64 68 -12 -20|0.3 104|11 -2 -2 -8 9
3710 連展投控|電子零組|-15 -17 -8|63 63 -15 -2|0.2 26|3 4 0 -81 na
3711 日月光投控|半導體業|24 25 3|78 83 -9 -7|1.0 1081|72 6 3 1 11
3714 富采|光電業|-40 -35 na|41 67 -14 -25|0.6 96|12 10 0 -4 -13
4102 永日|生技醫療|33 46 24|94 94 54 35|1.9 60|3 -2 0 -3 7
4104 佳醫|生技醫療|17 17 8|90 90 0 5|0.5 12|6 -23 -0 22 -3
4105 東洋|生技醫療|36 25 7|97 97 8 17|0.7 47|20 23 -2 -0 -5
4107 邦特|生技醫療|29 19 13|88 88 7 7|0.4 12|29 -0 -1 -18 -12
4114 健喬|生技醫療|39 42 13|85 85 4 48|0.2 117|8 12 0 -18 -34
4116 明基醫|生技醫療|94 101 18|61 61 -26 15|0.4 37|4 5 0 -14 5
4119 旭富|生技醫療|86 43 58|92 92 9 8|0.4 18|2 -7 2 -4 -2
4121 優盛|生技醫療|11 16 5|66 77 -2 -10|0.3 6|6 -4 0 -5 -4
4123 晟德|生技醫療|125 96 66|78 83 -10 -11|0.5 34|7 7 -1 8 4
4128 中天|生技醫療|-14 -16 -16|70 70 0 9|0.4 349|7 1 -0 -6 11
4133 亞諾法|生技醫療|-2 -7 5|43 68 -4 -25|0.2 20|14 3 0 -11 10
4137 麗豐-KY|生技醫療|-33 -8 4|61 79 -17 -12|0.6 11|63 -13 -1 2 -10
4142 國光生|生技醫療|51 141 -266|71 81 -9 -2|0.4 39|7 5 -0 -7 3
4147 中裕|生技醫療|38 7 34|74 77 5 -4|0.2 33|7 -7 0 -7 29
4148 全宇生技-KY|生技醫療|124 130 61|59 74 -11 -12|0.2 20|73 5 -1 -25 4
4155 訊映|生技醫療|-3 8 -13|85 85 -0 5|0.3 13|3 -2 0 -12 29
4157 太景*-KY|生技醫療|1131 471 391|69 69 -15 -1|0.2 22|4 9 0 -10 1
4162 智擎|生技醫療|-24 10 8|69 69 21 34|0.6 954|10 2 0 -21 -23
4163 鐿鈦|生技醫療|46 36 20|92 92 6 17|0.3 5|3 -8 1 31 12
4164 承業醫|生技醫療|82 69 23|85 87 9 11|0.3 9|24 0 1 2 1
4167 松瑞藥|生技醫療|-19 -8 20|73 80 3 2|0.2 8|11 10 0 -23 -12
4168 醣聯|生技醫療|-100 -30 na|64 64 3 8|0.2 65|8 3 0 -25 29
4171 瑞基|農業科技|-54 -62 -50|34 46 -20 -52|0.2 20|21 -0 0 -1 5
4174 浩鼎|生技醫療|14 -49 na|50 58 -16 -39|0.7 37|12 3 0 -13 6
4190 佐登-KY|生技醫療|-8 10 14|93 93 6 9|1.2 8|64 6 0 -3 -9
4306 炎洲|塑膠工業|-20 -18 -12|86 88 -6 -0|0.5 6|5 -25 0 -9 -4
4402 郡都開發|紡織纖維|-14 20 -34|55 55 -37 23|0.6 5|3 -5 0 na na
4426 利勤|紡織纖維|381 268 184|70 70 -17 5|0.2 8|7 -5 -0 5 6
4432 銘旺實|紡織纖維|7 8 -26|65 65 -31 57|0.4 11|3 2 0 -22 -3
4438 廣越|紡織纖維|127 83 -8|87 87 15 21|0.6 92|4 10 1 -17 21
4503 金雨|電機機械|55 87 45|70 70 -14 30|0.2 11|1 -2 0 -4 38
4513 福裕|電機機械|-6 -5 -18|81 81 3 33|0.6 7|7 -14 0 -6 10
4532 瑞智|電機機械|-37 -26 -17|79 79 -5 -1|0.2 6|12 -11 0 -27 -13
4536 拓凱|運動休閒|34 35 5|96 96 19 50|0.7 78|20 -9 10 36 39
4541 晟田|其他|50 43 -3|79 79 -6 27|0.5 17|6 -7 -2 8 -2
4543 萬在|電機機械|2 11 -0|70 70 -19 33|0.1 9|9 5 0 -6 4
4551 智伸科|汽車工業|3 12 6|82 85 -6 25|0.2 145|52 -7 4 -3 45
4557 永新-KY|汽車工業|244 125 47|75 75 13 43|0.2 9|41 -9 0 2 16
4566 時碩工業|電機機械|30 20 8|83 83 -0 22|0.5 30|2 -4 0 11 6
4572 駐龍|電機機械|68 45 -18|79 79 -14 9|0.6 35|1 -5 8 -10 -1
4721 美琪瑪|化學工業|-17 5 -99|56 64 -20 -22|0.5 94|2 2 0 -9 4
4726 永昕|生技醫療|-8 -4 -28|67 67 -10 -1|0.2 31|1 -8 -1 -21 22
4736 泰博|生技醫療|-5 14 -38|61 76 -6 -18|0.2 81|12 11 -0 -3 -14
4739 康普|化學工業|10 17 -25|53 62 -25 -24|0.4 125|4 2 -3 -12 -12
4743 合一|生技醫療|-40 -42 -1140|73 80 36 28|1.2 2555|8 -2 1 18 50
4746 台耀|生技醫療|45 51 31|74 80 9 -8|0.2 17|5 -4 -0 -4 -6
4755 三福化|化學工業|-1 3 -49|50 50 -24 -32|0.3 61|32 7 0 -19 13
4763 材料*-KY|化學工業|85 87 41|84 84 13 23|0.7 130|67 -5 2 -4 -13
4766 南寶|化學工業|45 40 18|88 88 -1 4|0.3 6|15 -20 -1 -47 -12
4768 晶呈科技|化學工業|64 70 na|na 76 50 92|0.7 255|6 1 -0 na -7
4770 上品|化學工業|136 62 na|na 66 2 -1|0.3 132|18 0 -0 -27 -12
4904 遠傳|通信網路|13 7 0|84 84 -6 -9|1.2 323|25 4 5 -23 6
4906 正文|通信網路|55 39 27|82 82 -9 -1|0.2 57|11 9 0 -19 -15
4908 前鼎|通信網路|-6 1 -26|73 73 -16 1|0.2 9|7 -4 0 -20 -0
4911 德英|生技醫療|59 295 194|63 63 -22 84|0.1 6|0 6 0 na na
4912 聯德控股-KY|電子零組|6 -5 -2|41 59 -33 -23|0.5 9|30 9 -2 -20 -26
4915 致伸|電子零組|19 27 11|75 75 -24 2|2.0 232|65 5 -10 25 6
4919 新唐|半導體業|-1 0 -4|56 60 -9 -33|0.9 869|7 4 -2 -15 -7
4927 泰鼎-KY|電子零組|12 -9 -28|39 57 -11 -42|0.5 78|16 -2 1 8 -3
4931 新盛力|電腦及週|301 190 83|100 100 48 48|1.3 1215|25 0 0 -8 -22
4934 太極|光電業|213 134 108|60 69 -10 14|0.3 9|0 -3 0 na na
4938 和碩|電腦及週|-14 15 -2|86 89 -6 -7|0.8 257|30 -16 -6 -12 24
4950 金耘國際|鋼鐵工業|-91 -90 -276|81 84 -2 -7|2.9 8|1 -11 0 na na
4952 凌通|半導體業|-38 -32 -37|58 59 -27 -36|0.4 12|6 9 0 -13 -12
4958 臻鼎-KY|電子零組|31 19 3|91 91 -5 11|0.9 398|69 15 -9 -5 -15
4961 天鈺|半導體業|-43 -37 -57|41 60 -1 -32|1.0 425|9 0 1 10 29
4966 譜瑞-KY|半導體業|-26 -14 -35|29 39 -31 -57|1.5 1148|67 -8 2 31 37
4967 十銓|半導體業|-4 -5 -1|50 72 -15 -25|0.3 6|2 6 2 -33 na
4968 立積|半導體業|5 -11 29|31 47 -27 -51|2.5 201|33 -1 0 9 26
4974 亞泰|電子零組|20 -7 -1|95 95 -1 7|2.1 5|7 -1 0 3 -11
4976 佳凌|光電業|-31 -12 18|45 66 -16 -20|0.3 16|1 8 -0 -7 -5
4977 眾達-KY|通信網路|57 45 52|76 76 13 26|1.0 236|50 8 -8 16 131
4979 華星光|通信網路|116 73 52|73 73 -2 62|0.4 40|10 5 -2 -24 -100
5009 榮剛|鋼鐵工業|26 34 -16|85 90 -6 -0|1.4 431|10 -4 5 5 28
5014 建錩|鋼鐵工業|-12 3 -15|55 64 -30 -31|0.4 5|3 9 0 -14 -14
5015 華祺|鋼鐵工業|18 22 -1|99 99 42 59|0.3 10|10 2 0 -1 32
5203 訊連|資訊服務|15 17 12|79 85 -0 9|1.2 15|12 -7 0 8 6
5215 科嘉-KY|電腦及週|-31 -30 -2|65 94 26 12|2.7 66|26 -0 0 38 100
5222 全訊|半導體業|-11 22 16|57 80 -3 8|0.7 60|6 -1 0 -22 48
5225 東科-KY|其他電子|52 51 22|98 98 73 51|0.9 64|54 2 0 88 -5
5227 立凱-KY|電子零組|119 76 -68|68 81 26 10|0.6 121|20 3 1 na na
5234 達興材料|光電業|-42 -38 -34|40 64 -12 -33|0.6 7|9 -17 2 -10 6
5236 凌陽創新|半導體業|-43 -62 -35|38 56 -13 -39|0.6 8|1 4 0 5 6
5243 乙盛-KY|光電業|32 27 11|82 84 -10 6|0.6 215|53 -4 0 5 13
5245 智晶|光電業|-2 1 -5|56 80 -12 -6|0.8 17|14 5 0 -5 -10
5251 天鉞電|光電業|104 79 44|89 89 39 58|0.5 44|24 -0 0 4 -5
5258 虹堡|電腦及週|73 70 5|76 76 -8 80|0.6 395|7 -0 -0 -7 -4
5263 智崴|文化創意|-14 -12 -2|67 84 -14 -1|0.8 12|15 11 -0 -8 5
5269 祥碩|半導體業|-22 -25 -6|30 42 -38 -56|1.3 528|21 -2 -0 4 6
5274 信驊|半導體業|56 39 -11|54 74 -8 -21|1.3 1188|53 4 -2 -32 -1
5284 jpp-KY|其他|42 53 33|83 83 -4 19|0.2 6|62 -5 1 -18 59
5285 界霖|半導體業|-6 -1 -11|49 69 -24 -18|0.5 21|2 1 -2 -6 -1
5288 豐祥-KY|電機機械|63 53 18|91 91 17 20|0.7 35|65 -4 7 -18 -13
5289 宜鼎|電腦及週|-10 -14 -32|81 91 -2 -8|0.5 22|31 -8 6 -3 -7
5299 杰力|半導體業|-51 -37 -44|45 52 -29 -44|0.5 12|3 8 0 -16 -13
5306 桂盟|運動休閒|0 0 -3|60 83 -6 -12|0.4 13|20 -8 2 -3 10
5309 系統電|電子零組|32 33 -18|79 79 -3 -2|0.5 48|1 -1 -2 na na
5321 美而快|數位雲端|31 18 -1|53 61 -1 -36|1.0 10|1 -2 0 7 19
5347 世界|半導體業|-11 13 -26|44 67 -9 -28|0.9 324|29 -0 1 -13 -20
5351 鈺創|半導體業|-54 -44 -79|36 52 -24 -38|2.9 158|7 -6 0 4 28
5353 台林|通信網路|43 35 -6|72 72 -1 70|0.3 72|8 3 -0 -19 -7
5371 中光電|光電業|-4 -1 -18|59 76 -8 0|0.4 53|19 -4 -2 -21 -7
5388 中磊|通信網路|81 65 21|72 72 -17 6|0.3 313|40 -3 -0 -2 -23
5410 國眾|資訊服務|468 161 120|100 100 17 25|2.1 52|3 1 0 300 152
5425 台半|半導體業|9 18 -4|79 79 -0 -4|0.8 1220|8 -2 -2 6 10
5426 振發|電腦及週|19 28 3|78 78 2 31|0.2 8|3 0 0 1 40
5434 崇越|電子通路|22 26 -4|88 88 -4 2|0.9 56|30 2 -3 6 -2
5457 宣德|電子零組|4 12 -16|60 77 0 1|1.8 51|37 -7 3 -2 20
5469 瀚宇博|電子零組|-29 -25 -18|72 91 6 0|1.3 14|11 5 -1 -0 -21
5471 松翰|半導體業|-59 -56 -22|54 66 -18 -30|0.7 13|13 14 -0 -9 -5
5483 中美晶|半導體業|15 24 5|53 74 -16 -15|0.6 492|24 2 -5 -2 4
5488 松普|電子零組|7 6 5|96 96 33 49|0.8 6|1 4 0 na na
5522 遠雄|建材營造|-15 -28 -60|85 86 -14 -5|0.5 41|7 -30 -14 2 18
5530 龍巖|其他|19 11 -3|74 77 -9 -15|0.9 6|57 3 0 -2 -0
5534 長虹|建材營造|174 173 -412|94 94 3 6|0.4 7|11 -16 0 17 -4
5536 聖暉*|其他電子|45 67 15|43 44 -50 -49|0.5 17|14 -11 0 -27 64
5603 陸海|航運業|-34 -16 -28|49 58 -28 -38|0.3 5|9 8 0 12 -11
5607 遠雄港|航運業|28 30 -14|73 88 8 10|0.9 65|2 -4 3 -14 26
5608 四維航|航運業|-3 17 -66|48 53 -27 -44|0.7 83|5 4 -0 -0 -20
5609 中菲行|航運業|-20 -2 -56|62 62 -16 -36|0.7 20|18 -8 -0 -1 9
5704 老爺知|觀光餐旅|43 271 116|80 80 20 42|0.5 44|2 1 0 16 6
5706 鳳凰|觀光餐旅|-1 -42 -32|69 70 -21 -16|0.3 76|2 1 0 -26 5
5871 中租-KY|其他|20 22 1|61 68 -28 -16|2.0 965|73 -6 -0 0 19
5876 上海商銀|金融保險|24 32 21|89 89 -8 6|1.1 252|58 9 3 3 24
5880 合庫金|金融保險|-7 1 7|88 91 -2 7|0.8 319|18 3 0 9 10
5903 全家|居家生活|11 16 10|73 91 1 -0|0.7 8|53 -26 0 12 -23
5904 寶雅|居家生活|15 25 14|87 96 22 56|0.7 194|25 7 1 -29 -2
5905 南仁湖|觀光餐旅|19 143 91|74 81 -4 -2|0.3 5|1 -9 0 -10 23
6005 群益證|金融保險|-50 -32 -4|68 79 -11 -16|1.1 20|16 -2 0 -18 4
6026 福邦證|金融業|-98 -87 -115|56 75 -12 -17|0.3 8|1 2 0 -8 6
6104 創惟|半導體業|-42 -34 -75|28 41 -25 -53|1.6 770|14 -2 -0 -6 -9
6109 亞元|通信網路|13 9 -2|79 79 -8 30|0.4 14|2 0 0 61 205
6111 光聚晶電|文化創意|332 419 166|56 63 -26 -22|1.0 24|17 -1 0 -0 19
6113 亞矽|電子通路|36 21 -3|59 59 -29 -8|0.5 8|2 -3 0 -4 15
6116 彩晶|光電業|-38 -37 -2|70 95 16 4|0.7 169|8 7 0 -4 -6
6118 建達|電子通路|-5 1 -9|59 60 -37 15|0.2 67|6 1 0 -12 9
6121 新普|電腦及週|0 -1 3|84 90 1 0|1.1 109|47 1 1 -25 46
6124 業強|電子零組|-2 -8 2|93 93 24 19|1.8 24|48 12 0 -16 122
6125 廣運|電機機械|62 66 43|74 74 -14 17|0.5 61|8 -12 0 -6 15
6129 普誠|半導體業|9 12 -10|67 67 -23 2|0.2 64|2 -6 -0 -4 16
6133 金橋|電子零組|79 50 10|79 79 -7 179|0.6 149|5 -2 -0 28 14
6138 茂達|半導體業|-39 -24 -38|40 53 -12 -43|0.6 120|15 -3 -1 4 23
6139 亞翔|其他電子|85 86 16|89 91 -3 2|0.6 9|18 -8 -0 -1 2
6143 振曜|通信網路|36 40 32|86 86 22 25|0.5 72|4 2 -0 1 31
6146 耕興|其他電子|10 13 -6|77 77 -8 16|0.7 86|48 15 1 -41 17
6147 頎邦|半導體業|-26 -26 -21|84 87 -1 -9|1.1 87|20 13 -1 -5 -5
6150 撼訊|電腦及週|-81 -68 -100|38 69 1 -25|5.7 103|5 -1 0 2 11
6153 嘉聯益|電子零組|56 39 43|86 86 8 27|0.8 131|10 -2 0 -22 9
6167 久正|光電業|2 12 -27|71 77 -8 15|0.2 5|6 -2 0 -36 11
6170 統振|通信網路|-33 -39 -31|63 93 14 5|0.4 5|1 -0 0 -5 1
6173 信昌電|電子零組|-43 -45 -23|51 66 -18 -29|1.6 7|2 -18 0 1 -7
6176 瑞儀|光電業|28 31 30|97 97 4 7|1.2 152|34 -4 0 -15 23
6180 橘子|文化創意|-5 -5 -8|83 83 -12 -10|0.7 14|24 -12 0 -15 -8
6182 合晶|半導體業|28 31 -4|47 66 -14 -25|0.7 217|13 7 -0 -7 -9
6186 新潤|建材營造|-2 -67 24|89 89 10 8|0.7 18|1 -4 0 -15 203
6187 萬潤|半導體業|-40 -30 -26|41 55 -23 -39|0.5 42|6 20 -29 -5 -10
6188 廣明|電腦及週|5 10 -2|83 86 -11 11|0.3 23|6 -6 0 -22 0
6189 豐藝|電子通路|-19 -29 -27|85 89 -8 -6|0.5 6|6 -19 0 1 7
6190 萬泰科|通信網路|12 20 -15|75 75 -10 -7|0.2 27|3 1 0 -9 10
6191 精成科|電子零組|-5 -12 -7|70 85 -1 1|1.1 20|7 10 -0 -3 -9
6192 巨路|其他電子|3 4 -5|84 84 -10 -16|0.5 7|21 -22 -1 -40 na
6196 帆宣|其他電子|63 70 14|55 76 -12 -15|0.5 40|6 -1 0 -14 -1
6202 盛群|半導體業|-51 -35 -39|59 71 -10 -23|0.8 55|16 10 6 -6 -16
6205 詮欣|電子零組|38 9 -17|90 96 12 9|1.4 382|4 -1 7 -19 15
6206 飛捷|電腦及週|-12 0 -42|66 66 -34 -7|0.3 34|13 5 -2 -24 -14
6209 今國光|光電業|-9 -1 -9|63 74 -19 -9|0.6 7|2 5 0 -15 -15
6213 聯茂|電子零組|-26 -29 -31|42 55 -9 -40|0.5 61|10 2 0 -10 -4
6214 精誠|資訊服務|18 10 -2|81 90 -8 -5|2.4 40|10 -8 0 2 2
6217 中探針|電子零組|8 9 -15|63 63 -35 -14|0.5 57|3 -1 -0 -7 6
6220 岳豐|電子零組|-32 -4 -12|72 72 -11 19|0.4 39|2 -1 0 -15 25
6223 旺矽|半導體業|10 18 -3|71 85 -6 -9|0.9 48|7 2 0 -11 -3
6224 聚鼎|電子零組|-13 -23 -37|40 63 -16 -30|0.4 5|9 -2 0 -2 -8
6231 系微|資訊服務|17 3 -21|71 90 6 -2|1.1 24|16 2 0 10 11
6235 華孚|電腦及週|65 66 20|70 70 -18 -3|0.6 130|4 1 -0 -9 8
6237 驊訊|半導體業|-59 -75 -30|33 66 -31 -22|0.3 27|2 2 0 -11 1
6239 力成|半導體業|-8 -4 -14|79 80 -14 -15|1.5 218|43 17 -4 10 10
6244 茂迪|光電業|-19 -11 -22|65 79 -14 -9|0.3 38|17 5 0 na 18
6245 立端|通信網路|-1 30 7|83 83 -4 33|0.7 155|16 -11 5 12 126
6257 矽格|半導體業|2 2 -17|81 82 -5 -11|0.8 67|18 -1 4 -5 2
6261 久元|半導體業|-28 -25 -28|67 80 -10 -14|0.5 9|3 5 0 -16 4
6266 泰詠|電子零組|38 37 10|67 82 -3 15|0.3 9|4 -6 0 -4 -5
6269 台郡|電子零組|50 32 11|98 100 6 13|2.1 59|24 24 -0 -6 -23
6271 同欣電|半導體業|-4 -2 -7|57 71 -11 -23|0.8 348|36 -5 0 -1 5
6274 台燿|電子零組|-17 -20 -22|44 56 -17 -41|2.0 120|32 -6 2 15 4
6278 台表科|光電業|-17 -7 -36|65 80 -2 -9|0.6 118|15 1 -1 -8 3
6279 胡連|電子零組|54 55 28|84 84 1 49|0.5 474|10 -1 0 -22 31
6282 康舒|電子零組|28 16 -8|73 89 -5 7|0.8 92|8 -2 -0 -3 3
6283 淳安|其他電子|-36 -36 -14|57 76 1 6|0.2 6|18 -1 2 -7 -12
6284 佳邦|電子零組|-7 -8 -7|57 72 -13 -13|0.9 7|2 9 0 -6 -11
6285 啟碁|通信網路|69 53 23|95 95 7 36|0.6 505|26 -1 1 -7 -5
6290 良維|電子零組|3 -1 -8|88 88 -5 8|0.6 85|5 -4 0 -15 45
6409 旭隼|其他電子|38 41 1|79 79 -1 19|1.0 241|68 -1 0 -23 -28
6411 晶焱|半導體業|-59 -49 -44|32 62 -14 -34|0.5 39|12 10 -0 -8 -34
6412 群電|電子零組|2 7 -2|87 95 -3 5|0.6 15|13 6 5 118 -7
6414 樺漢|電腦及週|66 40 16|71 78 -19 1|0.5 79|15 -8 -1 -5 9
6415 矽力*-KY|半導體業|-9 2 -30|33 57 -29 -38|1.2 958|92 0 0 -12 14
6416 瑞祺電通|通信網路|31 27 21|74 77 -7 6|0.4 12|1 -8 3 -22 7
6426 統新|通信網路|15 35 6|65 65 -7 -4|0.3 9|11 -0 0 -11 9
6432 今展科|電子零組|-28 -30 -24|82 85 15 3|0.9 6|1 -1 0 -1 3
6435 大中|半導體業|-41 -28 -42|62 62 -15 -27|0.3 10|1 -7 0 -13 13
6438 迅得|其他電子|24 17 -5|63 71 -13 -22|0.5 47|12 -6 -8 0 12
6442 光聖|通信網路|-9 15 8|60 60 -35 16|0.1 20|35 4 0 -4 -15
6443 元晶|光電業|62 62 -12|72 82 6 -0|0.2 456|17 1 -1 -5 9
6446 藥華藥|生技醫療|822 777 270|79 79 -21 25|0.7 734|9 11 -1 na na
6451 訊芯-KY|半導體業|78 79 68|79 87 12 23|0.7 13|62 -3 0 -11 -1
6456 GIS-KY|光電業|8 -1 3|78 85 2 2|0.6 139|53 -2 8 -2 3
6461 益得|生技醫療|-85 -82 -172|65 65 -6 51|0.3 97|2 2 0 -29 17
6462 神盾|半導體業|-37 22 24|49 57 -30 -40|0.6 7|10 10 0 -10 -1
6464 台數科|其他|4 -1 -1|94 96 10 11|1.2 8|0 -0 0 -41 -15
6469 大樹|生技醫療|27 24 -6|88 88 15 34|0.3 165|10 6 3 -21 -15
6470 宇智|通信網路|38 76 30|63 63 -37 -13|0.3 24|11 -2 -1 -6 6
6472 保瑞|生技醫療|309 118 63|87 87 44 117|1.1 1458|9 1 -1 -13 -18
6477 安集|光電業|191 220 10|65 73 -17 -17|0.4 80|2 -2 -6 0 3
6485 點序|半導體業|-23 -19 -54|42 58 -9 -38|1.5 24|9 4 0 -11 -3
6488 環球晶|半導體業|13 18 4|41 59 -24 -29|1.3 815|24 -6 -1 12 16
6491 晶碩|生技醫療|12 8 -5|52 61 -31 -23|1.3 150|13 15 -14 7 -21
6492 生華科|生技醫療|68 67 25|35 53 -24 -44|1.0 10|5 5 0 na na
6494 九齊|半導體業|-43 -41 -60|40 51 -20 -46|0.6 7|8 -4 0 -5 8
6499 益安|生技醫療|280 323 -179|64 74 -6 -5|0.2 6|12 7 0 -13 9
6505 台塑化|油電燃氣|23 40 -16|83 87 0 -2|0.9 217|7 -6 1 -22 9
6508 惠光|農業科技|-15 73 21|62 76 -6 -12|0.2 23|2 0 0 -23 -15
6509 聚和|化學工業|23 25 2|45 72 -7 -18|0.4 26|3 0 0 -26 11
6510 精測|半導體業|14 10 -2|50 79 -15 -17|0.7 44|7 3 -2 5 -17
6515 穎崴|半導體業|155 107 40|67 71 -23 -4|0.5 140|8 3 -15 13 -12
6525 捷敏-KY|半導體業|-2 11 -8|61 75 -14 -14|0.4 6|13 11 -1 -12 -4
6531 愛普*|半導體業|-32 -41 -55|27 49 -21 -45|1.7 406|15 -2 -0 -2 6
6532 瑞耘|半導體業|54 31 -4|93 93 26 30|0.5 34|6 3 0 -6 37
6533 晶心科|半導體業|150 56 37|62 89 48 18|1.2 2483|26 2 0 -18 -4
6538 倉和|電子零組|6 18 14|63 72 -7 -17|0.3 5|4 -11 -2 -8 4
6541 泰福-KY|生技醫療|na na na|38 41 -39 -46|1.0 18|31 4 0 na na
6546 正基|通信網路|-11 -8 na|na na -40 na|0.5 54|6 18 -8 na 0
6547 高端疫苗|生技醫療|-100 -60 na|32 41 -55 -51|1.2 321|8 4 -0 16 -44
6548 長科*|半導體業|4 11 -15|28 32 -62 -66|0.6 20|6 -9 0 4 120
6550 北極星藥業-KY|生技醫療|-100 -82 na|na na -19 na|2.3 637|67 -1 0 na 261
6568 宏觀|半導體業|28 24 20|32 66 0 -17|0.4 42|4 -1 -1 na 3
6570 維田|電腦及週|69 51 4|77 77 11 23|0.3 67|2 -0 0 -20 29
6576 逸達|生技醫療|32653 17151 -2625|54 55 -26 -34|0.4 19|33 10 0 na na
6581 鋼聯|綠能環保|166 86 24|76 84 2 8|0.3 8|2 -13 1 -23 7
6582 申豐|橡膠工業|-88 -85 -13|32 61 -22 -32|0.4 9|17 0 1 2 -7
6589 台康生技|生技醫療|68 -15 -40|80 80 22 45|0.4 663|6 -1 1 -21 10
6592 和潤企業|其他|26 31 3|79 89 -8 4|0.8 42|27 -5 2 3 6
6603 富強鑫|電機機械|17 -1 -10|90 90 9 10|0.7 26|1 2 0 -3 3
6605 帝寶|汽車工業|2 14 7|82 82 -10 21|0.5 35|19 -10 0 -10 -4
6643 M31|半導體業|72 48 17|73 83 30 23|1.2 735|8 0 1 -6 12
6666 羅麗芬-KY|生技醫療|28 11 13|92 92 41 55|2.4 75|79 -2 0 49 63
6667 信紘科|其他電子|37 73 17|67 72 -10 -14|0.4 7|3 -7 0 -6 18
6668 中揚光|光電業|28 -4 7|56 78 -16 -1|0.5 6|21 2 0 -15 -2
6669 緯穎|電腦及週|88 75 36|67 78 4 -18|2.1 801|31 8 -1 16 -50
6670 復盛應用|運動休閒|101 62 19|88 91 -2 -5|0.5 30|22 -3 1 5 -16
6672 騰輝電子-KY|電子零組|-36 -41 -40|48 70 -2 -25|0.5 8|23 10 0 -3 -10
6679 鈺太|半導體業|-42 -38 -32|38 54 -16 -38|0.6 53|9 7 -0 2 -28
6683 雍智科技|半導體業|4 3 -3|42 63 -11 -27|0.4 29|11 2 -4 na 21
6684 安格|半導體業|-60 -52 -51|29 53 -5 -41|1.3 6|3 -0 0 na -76
6691 洋基工程|其他電子|19 52 na|na 86 0 -1|0.6 7|0 -3 0 36 -22
6706 惠特|光電業|-55 -48 -73|34 54 -28 -43|0.7 44|10 9 0 -17 -1
6712 長聖|生技醫療|15 20 -188|74 74 10 13|0.5 192|3 -4 4 -8 37
6715 嘉基|電子零組|9 25 -11|68 68 -26 15|1.0 28|4 -2 -1 -15 4
6719 力智|半導體業|-18 -10 na|na 39 -17 -47|1.0 493|7 -3 -0 na -4
6727 亞泰金屬|電子零組|-3 27 5|78 78 -15 -9|0.6 7|4 2 0 na 0
6732 昇佳電子|半導體業|-52 -60 -37|37 60 -25 -33|1.1 17|9 5 -5 -7 9
6741 91APP*-KY|數位雲端|8 9 -7|25 53 -21 -44|1.2 13|67 -3 0 -1 37
6756 威鋒電子|半導體業|-39 -32 -54|29 51 -24 -37|1.3 82|5 1 0 -4 -9
6763 綠界科技*|數位雲端|11 -0 na|na 62 -15 -24|0.9 5|8 -13 0 na 0
6768 志強-KY|運動休閒|324 259 193|74 74 -0 6|0.5 42|78 -8 -2 1 18
6770 力積電|半導體業|-0 11 na|na 53 -8 -42|0.5 560|18 8 0 -1 -13
6781 AES-KY|電子零組|29 39 -5|30 49 -44 -42|0.8 823|77 -4 4 7 17
6788 華景電|半導體業|41 39 -16|32 62 -17 -24|0.4 76|1 -1 -5 -32 19
6789 采鈺|半導體業|-25 -22 na|na na -46 na|2.4 232|11 -17 2 na 191
6792 詠業|通信網路|-24 -28 na|na 66 -19 -26|0.2 5|1 4 0 -11 11
6796 晉弘|生技醫療|-9 1 na|na na -41 na|0.3 16|23 -2 0 na na
6799 來頡|半導體業|2 8 na|na 48 -17 -31|0.9 15|6 -5 5 na na
6803 崑鼎|綠能環保|21 20 5|88 88 -1 5|0.7 6|2 0 0 -22 12
6806 森崴能源|綠能環保|4 -24 na|na 70 -15 -28|0.5 26|1 0 0 -2 21
6829 千附精密|半導體業|-20 -11 na|na 77 -7 -5|0.4 18|1 -1 5 -27 73
8016 矽創|半導體業|-37 -38 -47|63 79 2 -15|0.7 229|26 3 1 -2 -10
8021 尖點|其他電子|-17 -17 -21|67 88 0 -4|3.8 8|7 -9 0 -11 17
8024 佑華|半導體業|17 -6 -5|69 77 -5 -11|0.4 7|4 -0 0 -31 8
8027 鈦昇|電機機械|57 14 -23|63 65 -20 -24|0.7 23|6 3 0 -3 -6
8028 昇陽半導體|半導體業|17 16 5|70 70 -25 6|0.6 247|14 -6 -2 -7 55
8033 雷虎|其他|-32 -3 7|99 99 38 30|1.9 70|4 3 0 na na
8038 長園科|電子零組|805 260 131|69 85 -11 1|0.9 6|3 -3 0 na na
8039 台虹|電子零組|1 -11 -5|89 91 -1 -3|1.2 7|13 0 0 -12 -8
8040 九暘|半導體業|40 26 -10|68 90 26 23|0.6 252|2 0 0 4 18
8044 網家|數位雲端|-4 -12 -12|34 69 -11 -27|2.7 26|14 -5 0 7 27
8046 南電|電子零組|31 22 -6|34 52 -15 -43|1.1 2999|10 -5 2 12 8
8049 晶采|光電業|38 24 2|84 84 6 20|0.3 18|6 -6 0 -16 24
8050 廣積|電腦及週|46 33 18|78 78 -2 57|0.8 322|8 -0 -4 0 27
8054 安國|半導體業|22 43 31|48 71 -11 -19|0.9 15|2 0 0 -3 11
8069 元太|光電業|57 107 36|81 81 4 24|1.0 4078|41 0 -0 5 233
8070 長華*|電子通路|-3 1 -17|82 85 -5 -8|0.5 12|10 -9 -0 -3 -1
8076 伍豐|電腦及週|-25 2 -17|72 72 -15 2|0.3 16|4 -10 0 -5 32
8081 致新|半導體業|-27 -29 -30|54 64 -6 -35|1.4 61|19 -1 -3 4 5
8083 瑞穎|電機機械|-43 -27 -8|85 85 -11 -6|0.6 6|1 -21 0 125 28
8084 巨虹|電子通路|45 57 37|67 67 8 11|0.6 39|1 0 0 na na
8086 宏捷科|半導體業|-58 -54 -23|41 68 -11 -19|1.7 81|9 8 0 -6 1
8091 翔名|半導體業|19 18 -20|77 82 -3 -7|0.4 13|4 -0 -1 -19 12
8097 常珵|通信網路|723 480 -186|66 66 -26 20|0.6 36|2 -4 0 2 43
8105 凌巨|光電業|-5 -5 -16|79 81 -2 10|0.3 11|58 -6 0 -6 -5
8109 博大|電子零組|25 21 4|86 86 7 15|0.2 10|2 -8 2 -9 -5
8110 華東|半導體業|8 22 -20|56 74 -10 -17|0.6 6|3 -0 -3 -3 -7
8112 至上|電子通路|-35 -30 -28|69 78 -8 -18|0.6 29|14 -6 0 -4 2
8114 振樺電|電腦及週|51 52 15|69 69 -30 16|0.3 171|14 8 -12 -1 -27
8121 越峰|電子零組|-8 -6 -16|41 66 -21 -15|0.6 12|0 -1 0 na 5
8131 福懋科|半導體業|7 9 3|96 96 -1 3|0.6 11|5 7 -1 1 -10
8147 正淩|電子零組|39 11 -13|92 92 26 8|5.5 19|3 -0 0 291 -25
8150 南茂|半導體業|-32 -27 -23|67 69 -9 -23|0.9 82|37 -1 2 -1 6
8155 博智|電子零組|3 16 -15|45 57 -12 -38|0.5 50|9 1 -12 -2 -1
8163 達方|電腦及週|12 9 -4|82 90 -5 1|0.4 11|10 -13 0 -11 -4
8171 天宇|綠能環保|104 33 -239|64 75 -3 -19|0.4 6|1 2 0 -5 5
8183 精星|其他電子|70 84 27|75 81 -5 7|0.4 76|2 -1 -0 -2 5
8210 勤誠|電腦及週|5 15 -7|77 83 -5 12|0.4 14|8 -5 -4 -10 -15
8213 志超|電子零組|-41 -42 -38|69 69 -10 -26|0.4 12|20 -9 -3 -18 -9
8215 明基材|光電業|-15 -10 -7|72 86 -2 -2|0.6 27|3 9 -0 -9 -2
8222 寶一|電機機械|22 44 -1|64 64 -18 35|0.2 45|6 -2 0 -22 7
8234 新漢|電腦及週|11 14 -9|77 77 -12 18|0.3 7|5 -19 0 0 23
8255 朋程|電機機械|19 22 18|48 70 -16 -9|0.6 164|6 0 -5 -12 -1
8261 富鼎|半導體業|-18 -12 -19|68 68 -8 -5|0.3 294|7 -0 -0 -19 0
8271 宇瞻|半導體業|21 5 -2|84 93 2 -2|0.9 13|3 3 0 -8 -17
8279 生展|生技醫療|51 56 21|78 78 6 13|0.4 6|5 -21 0 na 12
8289 泰藝|電子零組|-10 -3 -32|73 73 -7 -10|0.4 13|6 -10 0 1 16
8299 群聯|半導體業|-16 -14 -27|58 78 1 -16|0.8 475|32 -3 8 -4 17
8341 日友|綠能環保|8 11 -6|59 64 -27 -34|0.7 17|18 -26 0 -6 7
8349 恒耀國際|鋼鐵工業|28 23 12|76 76 20 18|0.5 61|3 4 -2 -32 15
8358 金居|電子零組|-39 -40 -44|61 88 14 -8|6.5 42|8 0 5 -6 -4
8390 金益鼎|綠能環保|18 14 4|71 84 -3 -15|0.3 9|1 25 0 -28 -100
8401 白紗科|其他|30 21 10|91 91 16 33|0.3 14|3 3 0 -16 44
8403 盛弘|生技醫療|0 14 5|75 75 -6 13|0.2 13|6 -21 0 -2 18
8415 大國鋼|鋼鐵工業|29 9 -26|83 93 -1 -0|0.5 11|10 9 0 -4 3
8420 明揚|運動休閒|33 34 -6|88 88 12 55|0.2 10|4 -3 1 19 5
8422 可寧衛*|綠能環保|88 84 17|71 89 -3 -6|0.6 33|12 -37 -2 10 13
8426 紅木-KY|其他|37 62 14|92 92 108 71|1.3 17|69 0 0 61 325
8431 匯鑽科|其他電子|-28 -12 -12|71 84 -3 4|1.0 8|2 9 0 4 -5
8436 大江|生技醫療|1 -13 0|50 71 -23 -16|0.9 64|29 -7 -0 1 -15
8440 綠電|綠能環保|11 -2 -9|36 47 -33 -45|0.3 11|6 11 0 -19 -4
8442 威宏-KY|其他|102 87 15|93 93 17 34|0.4 19|65 3 0 -18 98
8454 富邦媒|數位雲端|15 13 -8|33 58 -36 -16|2.7 330|27 -5 0 22 -13
8464 億豐|居家生活|-17 -8 -11|64 79 -10 -12|0.8 107|44 11 -6 -22 -4
8478 東哥遊艇|運動休閒|103 30 -29|77 77 22 51|0.8 1353|43 -1 0 5 38
8916 光隆|其他|89 89 48|96 96 35 54|1.2 169|10 7 4 -34 35
8924 大田|運動休閒|-41 -24 -41|58 73 -19 -19|0.9 23|3 -6 -2 35 4
8926 台汽電|油電燃氣|-64 -46 -12|74 74 -22 -17|0.4 17|7 -13 -3 11 -2
8927 北基|油電燃氣|14 26 -6|90 90 2 7|0.9 8|0 -16 0 -10 46
8932 智通*|數位雲端|-34 -25 -31|95 95 30 24|1.1 19|28 -3 0 9 441
8933 愛地雅|運動休閒|37 36 5|85 85 89 84|0.5 351|10 2 0 na 121
8936 國統|其他|-27 -23 -12|82 82 2 -3|0.7 6|6 -15 0 -11 -11
8938 明安|運動休閒|53 38 11|86 86 13 17|0.4 46|18 -8 1 -14 -13
8942 森鉅|其他|7 9 -19|84 85 -13 -9|0.8 7|23 -21 0 5 -6
8996 高力|電機機械|43 37 24|86 86 52 145|1.2 1753|11 0 0 -2 4
9802 鈺齊-KY|運動休閒|68 75 11|70 70 -13 0|0.9 371|51 -2 1 -19 -6
9904 寶成|運動休閒|52 53 43|84 92 4 2|0.7 141|51 -10 4 -4 20
9907 統一實|其他|-11 2 -26|80 80 3 15|0.3 49|22 3 -0 -14 12
9910 豐泰|運動休閒|163 121 79|71 83 0 -0|0.9 146|17 -16 5 -13 31
9911 櫻花|居家生活|12 18 4|85 89 -8 1|0.9 10|19 -15 -2 -34 -17
9914 美利達|運動休閒|73 32 20|55 66 -21 -19|0.9 132|39 6 -0 -29 -3
9917 中保科|其他|7 11 3|85 88 -10 -8|1.2 30|40 -7 -2 125 17
9919 康那香|其他|-12 -3 12|49 79 1 -18|1.7 67|5 4 0 -1 18
9921 巨大|運動休閒|23 30 15|62 81 -13 -3|0.8 155|50 8 1 -32 -1
9928 中視|其他|-2 4 -7|60 60 18 7|1.3 9|0 0 0 na na
9933 中鼎|其他|49 45 -1|96 96 8 9|0.9 97|22 11 1 1 -10
9938 百和|其他|14 18 13|60 72 -14 -17|1.5 45|27 -27 0 39 3
9939 宏全|其他|42 32 13|98 98 15 22|1.8 82|33 2 10 -12 28
9940 信義|其他|-46 -43 -38|83 87 -7 -8|0.6 6|5 -10 -2 -2 -9
9941 裕融|其他|16 16 3|66 75 -24 -16|0.8 129|4 3 0 -5 -20
9942 茂順|其他|26 13 -0|100 100 33 40|0.8 87|4 -0 8 9 37
9945 潤泰新|其他|33 -2 -17|77 79 7 -11|1.6 415|14 -7 0 6 40
9958 世紀鋼|鋼鐵工業|-17 -29 -35|61 68 -17 -27|1.4 170|9 -4 3 13 1
