# 2023-07-03 全池(1182 檔)。欄位:代碼 名稱|產業|最新月YoY 3月YoY均 加速度|距52週高% 距120日高% 60日漲% 120日漲%|量能比 日均值M|外持% 外20 投20 資20 券20(外資持股比;外資/投信20日淨買佔成交值%;融資/借券餘額20日變化%)
1101 台泥|水泥工業|24 17 3|96 96 5 11|0.5 509|20 6 -6 1 -6
1102 亞泥|水泥工業|-10 -9 -6|99 100 3 8|0.9 199|18 6 -1 -4 -1
1103 嘉泥|水泥工業|39 28 9|93 93 15 24|0.7 19|5 -1 0 60 5
1104 環泥|水泥工業|25 17 -5|98 98 18 40|0.4 48|16 12 0 20 4
1108 幸福|水泥工業|45 30 -0|99 99 20 57|0.5 19|5 26 0 -34 -16
1201 味全|食品工業|6 9 6|95 95 1 6|1.8 10|10 -22 0 5 22
1210 大成|食品工業|13 8 -2|99 99 4 20|0.8 78|11 8 -0 14 -19
1215 卜蜂|食品工業|9 9 -2|93 93 11 19|0.6 106|39 -6 24 -58 12
1216 統一|食品工業|7 5 -4|97 97 6 16|0.8 477|40 -22 24 34 11
1217 愛之味|食品工業|3 8 5|98 98 12 20|5.0 19|9 -2 0 106 22
1218 泰山|食品工業|-3 -8 -12|60 86 -3 -13|0.5 74|2 -1 -0 29 -2
1219 福壽|食品工業|-1 -5 -13|96 96 1 16|1.7 11|4 11 0 57 -9
1227 佳格|食品工業|9 -2 8|92 96 1 4|0.8 50|7 -5 0 16 -18
1229 聯華|食品工業|9 7 2|100 100 23 40|1.7 59|11 27 1 11 -38
1231 聯華食|食品工業|-3 7 -5|99 99 5 28|1.1 14|3 -3 0 125 -20
1232 大統益|食品工業|1 -3 -21|94 99 3 7|1.9 10|1 3 0 200 -21
1234 黑松|食品工業|28 15 -2|97 97 14 25|2.8 21|6 2 0 273 12
1268 漢來美食|觀光餐旅|166 86 -24|86 86 18 24|0.7 58|3 -8 0 2 16
1301 台塑|塑膠工業|-34 -31 -7|89 95 -2 3|1.4 735|33 -11 -14 -18 -2
1303 南亞|塑膠工業|-31 -32 -4|93 93 -3 5|1.3 388|29 -18 -1 47 2
1304 台聚|塑膠工業|-26 -23 -5|89 89 -9 11|1.4 22|35 4 2 7 -19
1305 華夏|塑膠工業|-28 -33 -6|81 81 -10 -10|0.6 20|10 -10 -11 -19 -31
1307 三芳|塑膠工業|-4 -15 -39|96 96 22 23|1.2 34|12 5 0 47 -8
1308 亞聚|塑膠工業|-32 -22 -13|89 89 -7 -5|0.6 25|8 -11 -0 8 22
1309 台達化|塑膠工業|-24 -21 -1|78 87 -4 -9|1.0 9|3 25 -0 7 -16
1310 台苯|塑膠工業|-49 -28 -8|94 94 19 24|0.2 21|6 9 0 -0 0
1312 國喬|塑膠工業|-26 -18 2|92 92 -3 4|0.5 24|13 3 0 -2 -6
1313 聯成|塑膠工業|-18 -14 5|90 96 4 8|3.1 15|10 -4 0 5 -8
1316 上曜|建材營造|-84 -70 -185|58 88 -7 2|0.4 10|1 2 0 -6 4
1319 東陽|汽車工業|11 8 -6|97 97 19 34|0.6 308|23 -0 -0 10 -24
1326 台化|塑膠工業|-30 -26 -17|88 92 -2 -3|1.2 171|34 -6 -0 17 2
1339 昭輝|汽車工業|1 1 -4|95 95 1 13|1.0 5|2 -0 0 -17 -18
1340 勝悅-KY|塑膠工業|35 66 71|99 99 32 41|0.8 5|28 0 0 11 33
1342 八貫|其他|-6 -0 -10|76 76 -19 -2|0.2 46|44 -2 0 31 9
1402 遠東新|紡織纖維|-8 -6 -9|100 100 7 1|0.8 160|17 -1 -2 9 -23
1409 新纖|紡織纖維|-21 -26 -13|92 92 -5 -4|0.4 26|13 7 -27 3 -11
1417 嘉裕|紡織纖維|61 27 5|89 93 7 -1|1.2 8|4 10 0 1 -17
1419 新紡|紡織纖維|-2 -2 -18|94 94 5 8|0.6 6|2 3 0 43 39
1432 大魯閣|運動休閒|45 30 -58|84 84 14 57|0.5 21|0 1 0 na na
1434 福懋|紡織纖維|-20 -21 -17|99 99 -0 6|0.8 22|8 -12 0 9 -17
1437 勤益控|其他|0 3 -7|93 93 2 14|0.5 7|7 -4 0 -22 -42
1440 南紡|紡織纖維|-11 -7 -10|85 91 -2 -6|0.7 14|7 0 0 -15 -1
1442 名軒|建材營造|99 85 -338|84 86 -1 -12|0.6 18|4 -14 0 -12 -14
1444 力麗|紡織纖維|-27 -32 -18|93 99 9 9|2.5 30|6 2 0 11 -0
1445 大宇|紡織纖維|-7 7 -5|86 86 24 26|0.3 6|2 -4 0 24 61
1449 佳和|紡織纖維|-14 -10 0|94 94 46 46|1.2 14|1 1 0 16 15
1451 年興|紡織纖維|-24 -26 -14|81 93 -4 6|1.2 5|5 -0 0 2 -3
1467 南緯|紡織纖維|-31 -37 -15|89 97 5 10|4.7 16|20 1 0 3 -15
1471 首利|電子零組|40 6 13|100 100 88 93|2.8 28|2 1 0 -48 -19
1472 三洋實業|建材營造|78 101 -48|98 98 24 80|3.9 11|0 0 0 160 100
1476 儒鴻|紡織纖維|-25 -31 -23|99 99 6 8|1.0 444|41 5 -4 -40 -52
1477 聚陽|紡織纖維|-3 -1 -4|100 100 42 37|2.8 1810|33 -11 13 1003 87
1503 士電|電機機械|9 12 -2|98 98 92 158|0.4 1161|29 2 -1 8 -30
1504 東元|電機機械|6 6 -3|95 95 31 103|0.5 1265|18 -5 -0 18 -14
1506 正道|電機機械|-7 -5 -4|80 80 -11 6|0.6 5|0 -3 0 na na
1513 中興電|電機機械|32 12 -1|100 100 46 109|1.1 3375|16 2 -0 -7 -14
1514 亞力|電機機械|20 21 -12|100 100 66 115|0.9 1023|12 -1 -0 17 33
1515 力山|電機機械|12 -15 46|97 97 25 18|1.5 57|8 3 0 -9 -8
1519 華城|電機機械|-1 68 65|90 90 115 211|0.3 1967|11 -2 -1 28 41
1522 堤維西|汽車工業|7 -2 -11|100 100 25 43|1.3 272|12 5 0 43 -24
1524 耿鼎|汽車工業|10 -1 -16|83 90 -6 6|0.4 43|2 1 0 -0 10
1525 江申|汽車工業|37 35 -5|94 94 82 100|1.3 111|1 1 -0 6 28
1526 日馳|電機機械|-63 -53 -40|72 91 -2 -1|0.5 7|2 -3 0 -6 -8
1527 鑽全|電機機械|-50 -43 -13|92 92 -3 2|1.2 10|10 -6 0 -46 13
1528 恩德|電機機械|-2 -1 -9|100 100 62 76|3.2 141|2 -2 0 197 161
1529 樂事綠能|電機機械|630 381 245|93 93 48 113|0.5 358|1 -1 0 3 18
1532 勤美|電機機械|2 -16 14|99 99 4 29|1.1 30|12 7 0 8 -34
1533 車王電|汽車工業|113 74 40|98 98 33 35|2.3 263|6 1 0 24 14
1535 中宇|電機機械|31 19 9|100 100 15 28|0.6 7|2 -1 -9 18 -9
1536 和大|汽車工業|3 2 -9|76 96 0 2|1.1 82|11 -5 1 4 -17
1537 廣隆|電機機械|-8 -15 -62|99 99 -1 4|0.8 10|17 -20 0 -23 -5
1539 巨庭|電機機械|-34 -43 1|60 86 -10 -4|0.7 7|1 2 0 -8 1
1540 喬福|電機機械|33 0 -75|99 99 9 20|1.6 11|2 5 0 4 28
1558 伸興|電機機械|15 3 -11|85 89 -1 -6|0.8 7|7 -0 0 3 -19
1560 中砂|電機機械|-9 -8 -13|75 97 8 15|0.7 334|8 1 0 25 -3
1565 精華|生技醫療|-3 -8 2|86 86 -10 -3|0.8 36|23 -37 -0 14 49
1568 倉佑|汽車工業|-11 -11 2|86 94 10 17|0.5 22|2 -0 0 11 12
1580 新麥|電機機械|0 19 20|93 93 25 47|0.4 22|8 8 -1 1 -4
1582 信錦|電子零組|-21 -22 -3|87 96 0 3|1.0 7|8 -16 0 -7 3
1584 精剛|其他|71 68 1|90 90 27 73|0.6 236|3 3 0 5 -5
1589 永冠-KY|電機機械|9 29 11|81 81 -12 23|1.0 116|12 -4 -14 7 -57
1590 亞德客-KY|電機機械|5 11 7|84 84 -12 14|0.6 629|77 -6 -7 6 -28
1591 駿吉-KY|電機機械|-94 -93 na|97 97 34 112|1.9 50|20 5 0 39 56
1597 直得|電機機械|-38 -26 -8|86 86 -6 3|0.9 5|4 1 0 1 -0
1598 岱宇|運動休閒|13 4 21|78 78 -10 -7|2.0 18|6 -1 0 -2 16
1603 華電|電器電纜|61 22 -29|100 100 40 44|3.4 62|4 9 0 34 -14
1604 聲寶|電器電纜|3 -1 3|98 98 3 11|0.9 7|9 -1 0 15 1
1605 華新|電器電纜|0 2 -3|75 75 -10 -7|2.0 1943|19 -21 -2 46 87
1608 華榮|電器電纜|-18 -12 -3|96 96 60 67|0.6 121|2 4 0 -17 -13
1609 大亞|電器電纜|-13 -9 -0|95 95 49 89|0.6 1495|12 1 -0 42 3
1611 中電|電器電纜|-24 -20 -7|99 100 19 47|0.9 42|10 1 0 -17 -2
1612 宏泰|電器電纜|-2 -8 -4|96 96 36 61|0.5 112|12 -4 0 74 134
1616 億泰|電器電纜|14 9 -1|97 97 26 48|0.8 15|3 12 0 na na
1618 合機|電器電纜|-20 59 16|91 91 20 42|0.4 33|3 -4 0 -5 -14
1701 中化|生技醫療|1 2 -7|72 72 2 -15|1.1 29|11 -3 0 -3 -11
1702 南僑|食品工業|12 15 7|96 96 6 10|0.4 15|11 -19 3 -16 -15
1707 葡萄王|生技醫療|-8 -1 -6|93 93 -2 8|0.4 35|20 -20 4 4 -9
1708 東鹼|化學工業|-9 -14 -40|76 87 -8 -5|0.5 34|6 19 0 -7 -15
1709 和益|化學工業|-40 -4 -6|91 91 -2 10|0.2 15|4 -11 0 -23 26
1710 東聯|化學工業|5 -11 11|94 94 12 22|0.5 90|11 7 -0 47 -49
1711 永光|化學工業|-15 -20 -8|99 99 19 20|0.8 64|7 2 0 -6 -1
1712 興農|化學工業|-21 -22 -26|85 91 -5 5|0.6 19|13 -2 -0 -13 -0
1717 長興|化學工業|-18 -20 -7|93 93 3 5|0.4 36|14 -1 0 3 -33
1720 生達|生技醫療|2 14 -16|91 91 28 20|0.6 83|8 -8 -2 -4 12
1721 三晃|化學工業|-37 -40 -24|85 85 10 2|0.2 16|1 -1 0 -18 5
1722 台肥|化學工業|-4 -9 -5|95 98 8 14|0.6 61|12 -1 -2 -16 -36
1723 中碳|化學工業|-36 -24 -30|98 98 1 10|1.5 58|10 -18 25 -7 24
1727 中華化|化學工業|-20 -26 -19|83 83 40 39|0.4 83|3 0 0 -36 -3
1731 美吾華|生技醫療|29 27 24|94 94 23 25|0.8 11|3 4 0 6 -41
1733 五鼎|生技醫療|-35 -24 -19|98 98 15 15|0.8 15|5 -8 0 -1 3
1734 杏輝|生技醫療|3 13 -5|93 93 17 9|1.9 103|12 7 0 1 -18
1736 喬山|運動休閒|38 21 10|84 94 7 -5|1.9 46|8 8 0 11 -20
1737 臺鹽|食品工業|7 -9 2|100 100 5 9|2.1 9|8 -10 0 61 2
1742 台蠟|化學工業|97 -1 5|96 96 29 31|0.7 7|0 1 0 11 33
1752 南光|生技醫療|22 34 6|81 81 9 11|0.6 121|3 -18 -2 52 79
1760 寶齡富錦|生技醫療|-42 -30 -29|70 70 -19 -24|0.7 191|12 1 -1 -17 -4
1762 中化生|生技醫療|50 9 -16|91 91 18 48|1.0 123|12 -7 -0 31 19
1773 勝一|化學工業|-21 -22 -8|79 94 5 14|0.7 25|5 14 0 9 -35
1777 生泰|生技醫療|15 14 -43|91 91 7 4|0.5 7|1 -1 0 18 0
1783 和康生|生技醫療|7 21 2|90 90 16 32|1.6 49|7 0 0 -3 4
1784 訊聯|生技醫療|24 20 9|93 93 47 59|1.0 34|4 1 0 8 9
1785 光洋科|其他電子|-22 -21 6|94 97 6 21|1.5 72|8 -2 -0 6 7
1786 科妍|生技醫療|42 35 4|100 100 39 64|2.7 48|7 16 0 -5 -24
1789 神隆|生技醫療|-45 -15 -28|98 98 14 14|1.9 58|5 4 0 31 -3
1795 美時|生技醫療|52 58 12|87 87 19 29|2.0 2434|79 5 -0 31 24
1796 金穎生技|食品工業|46 46 18|72 72 21 55|0.2 29|2 3 -7 -4 -2
1802 台玻|玻璃陶瓷|-5 6 20|76 81 -7 -9|0.9 224|9 18 -29 77 -47
1806 冠軍|玻璃陶瓷|21 -1 11|93 93 16 17|0.4 32|8 1 0 -25 57
1808 潤隆|建材營造|4327 1683 1263|100 100 10 16|1.6 15|2 29 0 1 -2
1809 中釉|玻璃陶瓷|-7 -11 -19|91 91 7 19|0.2 13|3 3 0 5 -4
1810 和成|玻璃陶瓷|10 -2 4|86 86 35 37|0.4 81|3 -1 0 3 32
1815 富喬|電子零組|-24 -27 -7|89 93 12 16|0.7 48|2 -4 0 12 21
1903 士紙|造紙工業|1 18 23|88 88 18 4|0.5 35|12 -2 0 6 38
1904 正隆|造紙工業|-8 -11 -2|100 100 25 29|1.1 158|9 6 -0 21 -25
1905 華紙|造紙工業|-20 -11 -16|100 100 85 80|1.0 517|5 1 0 15 20
1907 永豐餘|造紙工業|-11 -6 -1|96 96 43 53|1.1 416|12 -13 19 20 144
1909 榮成|造紙工業|-5 -10 4|91 91 2 11|0.9 36|12 8 -3 -2 -16
2002 中鋼|鋼鐵工業|-25 -24 -5|93 93 -4 -3|0.9 418|19 2 3 -12 8
2006 東和鋼鐵|鋼鐵工業|9 -4 0|99 99 6 20|0.8 70|14 17 11 -31 -33
2009 第一銅|鋼鐵工業|-31 -21 1|86 86 -6 1|0.5 28|1 7 0 -9 -15
2010 春源|鋼鐵工業|-11 -16 1|100 100 19 18|3.8 10|7 14 0 25 -27
2013 中鋼構|鋼鐵工業|52 23 4|95 95 -0 -2|1.3 5|7 13 -2 0 -44
2014 中鴻|鋼鐵工業|-41 -35 0|82 82 -7 -10|1.4 136|7 -17 -0 26 53
2015 豐興|鋼鐵工業|-11 -14 -1|99 99 5 17|0.4 12|11 -5 19 7 5
2017 官田鋼|鋼鐵工業|-21 -32 -10|88 88 -3 23|1.0 17|2 3 -0 21 -8
2023 燁輝|鋼鐵工業|-27 -19 4|91 91 1 -7|0.8 26|6 7 0 -9 -2
2027 大成鋼|鋼鐵工業|-16 -19 -17|99 99 5 9|0.6 326|17 21 2 -23 -55
2028 威致|鋼鐵工業|-11 -16 -0|78 78 -13 -14|0.9 6|1 -3 0 -18 -24
2029 盛餘|鋼鐵工業|-3 -23 6|97 97 -2 2|1.0 7|69 -14 -0 -6 -77
2030 彰源|鋼鐵工業|-20 -26 -11|90 95 -1 -1|1.3 18|3 -2 0 -5 -12
2031 新光鋼|鋼鐵工業|2 -11 -15|87 87 -3 6|0.3 85|13 6 -22 -4 -21
2034 允強|鋼鐵工業|-24 -12 4|95 95 1 -0|0.9 14|8 6 0 -6 -13
2038 海光|鋼鐵工業|-7 -5 -5|85 85 -6 -14|0.7 7|2 3 0 -7 -4
2049 上銀|電機機械|-19 -19 -8|90 90 -5 31|0.7 255|30 5 -5 -7 -0
2059 川湖|電子零組|-29 -29 -28|100 100 84 78|2.3 505|15 -2 0 47 5
2065 世豐|鋼鐵工業|-15 -3 1|97 97 3 26|0.7 7|4 -6 0 2 20
2066 世德|電機機械|-3 2 -18|92 92 8 24|0.4 19|12 -6 0 13 13
2101 南港|橡膠工業|-3 -9 0|95 95 1 16|0.6 28|7 9 0 3 -19
2102 泰豐|橡膠工業|-66 -52 -53|86 87 -12 -9|0.8 9|7 -8 0 -11 -16
2103 台橡|橡膠工業|-13 -11 -10|90 90 -5 -1|0.9 24|26 -9 2 -13 -12
2104 國際中橡|橡膠工業|-26 -23 -20|94 94 9 11|1.3 80|12 -3 -0 29 11
2105 正新|橡膠工業|3 5 3|95 95 12 20|1.1 243|16 16 0 59 -29
2106 建大|橡膠工業|-21 -13 -14|86 100 3 7|1.0 15|7 15 -0 -7 -5
2107 厚生|橡膠工業|-42 -38 -7|97 97 1 2|1.9 9|8 -12 0 7 22
2108 南帝|橡膠工業|-37 -39 5|85 85 -6 3|0.5 19|8 1 2 -2 -33
2201 裕隆|汽車工業|22 13 8|91 91 11 39|0.6 775|8 -7 -1 7 -2
2204 中華|汽車工業|43 27 12|94 94 47 89|0.6 482|25 9 -13 60 -35
2206 三陽工業|汽車工業|52 45 9|89 89 122 158|0.6 1831|16 -1 0 -0 -26
2207 和泰車|汽車工業|44 31 17|95 95 28 38|0.6 229|25 10 -2 0 -25
2208 台船|航運業|-11 35 11|89 89 7 27|0.4 89|6 8 0 -18 -5
2211 長榮鋼|鋼鐵工業|-4 3 27|97 97 19 26|1.4 147|17 -6 11 71 -18
2227 裕日車|汽車工業|104 46 28|88 98 3 4|0.7 7|41 20 0 na -80
2228 劍麟|汽車工業|29 13 -7|100 100 17 31|1.4 60|9 2 -1 35 11
2230 泰茂|居家生活|55 18 14|100 100 53 307|3.0 30|10 6 0 -1 -24
2231 為升|汽車工業|22 33 14|86 86 -10 13|0.4 103|9 1 0 -6 -14
2233 宇隆|汽車工業|-6 -7 -4|91 91 -3 12|0.2 14|5 3 -8 0 -7
2236 百達-KY|汽車工業|23 36 21|100 100 71 180|1.1 60|73 5 0 16 0
2239 英利-KY|汽車工業|135 87 47|96 96 9 34|1.1 27|77 21 0 13 -3
2247 汎德永業|汽車工業|55 25 5|98 98 36 68|1.1 269|6 -7 11 10 68
2301 光寶科|電腦及週|-15 -15 -11|100 100 55 84|1.5 2248|43 -7 1 166 21
2302 麗正|半導體業|10 3 -10|87 87 -12 17|0.5 30|2 3 0 -11 -25
2303 聯電|半導體業|-23 -21 -30|95 95 -2 21|1.3 2513|35 -7 2 -23 -12
2305 全友|電腦及週|77 40 27|66 86 -5 -8|0.4 9|0 -2 0 2 2
2308 台達電|電子零組|12 13 -9|99 99 24 30|1.1 4553|67 -5 3 114 0
2312 金寶|其他電子|-3 -3 -23|99 99 17 11|1.1 217|10 3 0 -1 -16
2313 華通|電子零組|-8 -15 -20|89 100 3 3|1.1 312|19 -8 2 -4 -15
2314 台揚|通信網路|1 -5 -30|78 86 4 16|0.4 44|3 -6 -0 -8 na
2317 鴻海|其他電子|-9 -14 -23|100 100 11 14|1.6 4333|40 2 1 -3 14
2323 中環|光電業|-3 -6 8|97 97 84 94|1.8 769|10 -2 -0 48 262
2324 仁寶|電腦及週|-7 6 16|99 99 23 36|0.8 715|47 13 -4 9 -46
2327 國巨*|電子零組|-14 -14 -13|87 87 -6 7|0.6 1152|46 1 -2 -7 -23
2328 廣宇|電子零組|-4 -4 -5|93 93 2 5|0.5 162|14 -1 0 3 -8
2329 華泰|半導體業|-6 -13 -4|100 100 23 41|1.6 168|13 10 0 54 -52
2330 台積電|半導體業|-5 -12 -35|98 98 9 25|0.8 13986|73 12 -1 3 -35
2331 精英|電腦及週|-35 -41 -17|100 100 47 61|1.4 360|14 4 0 17 -19
2332 友訊|通信網路|-1 1 -7|100 100 27 48|2.7 218|14 -1 0 23 -20
2337 旺宏|半導體業|-36 -31 -2|92 92 -2 -2|0.6 486|21 12 -20 9 -41
2338 光罩|半導體業|0 -9 -19|85 86 -10 -3|1.3 146|9 -5 -2 8 41
2340 台亞|半導體業|-16 -28 5|91 91 15 27|4.3 160|11 -4 0 11 50
2342 茂矽|半導體業|-37 -34 -22|84 84 -15 8|0.3 27|3 2 0 -9 -8
2344 華邦電|半導體業|-30 -31 -6|94 94 3 35|1.4 1072|23 6 -0 11 -39
2345 智邦|通信網路|5 9 -21|96 96 15 45|0.7 1235|69 1 -4 -1 29
2347 聯強|電子通路|-10 -10 -8|94 94 0 -0|0.7 203|28 -3 -6 26 -28
2348 海悅|其他|10 -21 0|90 98 5 9|0.8 6|1 6 0 3 -5
2351 順德|半導體業|-11 -5 -2|97 97 0 35|1.1 167|19 -7 2 -15 -7
2352 佳世達|電腦及週|-12 -15 -9|97 97 50 75|1.0 596|16 4 0 4 22
2353 宏碁|電腦及週|-18 -22 3|97 97 18 44|0.9 995|32 -11 14 29 43
2354 鴻準|其他電子|-29 -18 -4|97 97 0 8|1.4 143|19 5 -0 -7 -37
2355 敬鵬|電子零組|-13 -4 2|96 96 -2 10|0.8 24|19 3 0 -18 -51
2356 英業達|電腦及週|17 -4 -2|96 96 38 70|1.1 2263|26 1 -4 185 34
2357 華碩|電腦及週|-5 -7 1|96 96 15 13|1.1 821|48 20 -7 -4 -21
2358 廷鑫|其他|-68 -33 5|60 61 -30 -31|0.5 8|2 6 0 -18 -7
2359 所羅門|其他電子|-14 -15 -20|93 93 12 33|0.4 173|6 3 0 -12 -29
2360 致茂|其他電子|-8 -9 -34|99 99 45 44|0.7 530|68 -6 3 13 -31
2362 藍天|電腦及週|-1 88 83|100 100 17 16|2.6 48|7 -27 -0 35 -29
2363 矽統|半導體業|-29 -30 -7|87 97 -2 14|1.1 25|5 2 0 -1 5
2364 倫飛|電腦及週|22 34 9|66 87 -3 -4|0.3 17|16 -4 0 -6 3
2365 昆盈|電腦及週|6 -21 5|100 100 15 22|2.8 15|8 8 0 -4 17
2367 燿華|電子零組|-8 -4 -26|75 91 -7 1|0.9 34|8 -9 9 2 1
2368 金像電|電子零組|-25 -13 -20|100 100 63 77|1.1 1991|24 -4 3 -2 29
2369 菱生|半導體業|-13 -20 10|94 99 3 16|1.2 15|16 20 0 -30 -30
2371 大同|電機機械|92 72 30|100 100 72 68|1.6 2445|16 6 0 -8 -45
2373 震旦行|其他電子|19 35 25|93 99 1 3|0.9 5|2 8 7 -5 -43
2374 佳能|光電業|-21 -17 -37|79 93 2 -1|1.3 11|6 15 0 0 -14
2375 凱美|電子零組|-22 -18 6|84 84 -8 21|0.4 26|6 -5 0 -12 4
2376 技嘉|電腦及週|39 12 19|95 95 86 136|1.3 5504|29 4 -1 17 -12
2377 微星|電腦及週|-13 -12 6|97 97 25 53|0.8 797|38 21 -7 -25 -28
2379 瑞昱|半導體業|-14 -19 -4|95 95 1 35|0.7 853|48 6 -6 -8 -12
2382 廣達|電腦及週|-4 -1 -13|100 100 93 139|1.3 8497|27 2 1 60 5
2383 台光電|電子零組|-10 -12 1|99 99 36 39|0.9 1041|38 -4 6 -0 -10
2385 群光|電子零組|-14 -11 -8|100 100 13 23|1.0 357|34 3 3 56 6
2387 精元|電腦及週|33 21 15|93 93 -0 11|0.6 28|11 9 -6 -18 -16
2388 威盛|半導體業|2 8 -10|85 85 -5 18|0.8 740|8 -0 0 7 21
2390 云辰|其他電子|20 8 -1|74 96 5 -1|0.9 7|3 6 0 -6 -0
2392 正崴|電子零組|-26 -13 -20|99 99 3 15|0.9 53|13 3 -0 -13 -11
2393 億光|光電業|-20 -13 8|100 100 30 41|1.0 115|31 29 0 -7 -36
2395 研華|電腦及週|4 9 -4|100 100 16 27|1.0 407|43 14 -2 38 -4
2397 友通|電腦及週|8 -2 -4|99 99 17 38|1.1 16|23 10 0 -21 -21
2399 映泰|電腦及週|21 14 26|100 100 60 88|0.7 207|6 -1 0 21 60
2401 凌陽|半導體業|-24 -33 4|94 94 18 28|0.9 141|11 -4 0 20 43
2402 毅嘉|電子零組|25 20 -2|94 94 26 85|0.9 245|12 -6 0 4 42
2404 漢唐|其他電子|70 154 21|92 92 4 18|0.8 254|28 -17 4 20 111
2405 輔信|電腦及週|-13 -6 5|91 97 20 25|2.2 100|7 -1 0 92 5
2406 國碩|光電業|-59 -44 -16|79 87 -9 -4|0.8 21|5 -2 0 -9 12
2408 南亞科|半導體業|-63 -66 -6|92 92 9 40|1.0 813|17 7 -5 -8 -35
2409 友達|光電業|-1 -14 23|92 92 1 21|1.0 628|25 4 -6 3 -7
2412 中華電|通信網路|2 2 -1|93 93 0 6|1.3 1021|17 3 -4 23 -23
2413 環科|電子零組|-20 8 -24|82 82 -1 30|0.5 52|2 -4 0 5 15
2417 圓剛|電腦及週|-24 -17 -1|86 86 -6 -2|0.4 7|2 18 0 -14 -17
2419 仲琦|通信網路|11 18 -25|100 100 27 45|7.6 34|3 0 0 41 -8
2420 新巨|電子零組|-29 -24 -13|100 100 6 18|0.5 9|5 8 0 -10 -13
2421 建準|電子零組|0 12 5|100 100 95 121|0.8 1197|32 2 1 23 -7
2423 固緯|其他電子|13 18 8|98 98 21 42|0.5 22|4 3 0 -8 -38
2425 承啟|電腦及週|-9 -5 6|100 100 29 44|1.1 260|14 5 0 -16 -33
2426 鼎元|光電業|-16 -18 8|94 94 -1 8|0.7 9|9 1 0 -21 -3
2427 三商電|資訊服務|-26 -16 -23|99 99 95 147|2.6 339|4 -3 0 -11 192
2428 興勤|電子零組|-1 1 3|100 100 9 40|0.8 98|17 10 -5 -2 -46
2430 燦坤|電子通路|-15 -16 -6|93 93 3 14|0.8 6|6 13 0 -1 -2
2431 聯昌|電子零組|-53 -48 -15|96 96 13 19|0.5 8|3 11 0 -16 -4
2436 偉詮電|半導體業|6 -11 20|89 89 6 30|0.4 118|7 2 0 -4 -8
2439 美律|通信網路|10 15 1|97 97 8 21|0.8 96|15 8 -0 4 -33
2441 超豐|半導體業|-21 -27 6|93 100 8 16|1.0 45|13 13 0 -26 -44
2442 新美齊|建材營造|163 168 145|91 91 18 38|0.4 34|3 5 0 -15 -19
2444 兆勁|通信網路|-4 -9 -10|62 69 -23 -32|0.8 8|1 -4 0 na na
2449 京元電子|半導體業|-17 -19 -16|100 100 22 60|1.3 676|40 -0 5 -20 -9
2450 神腦|通信網路|7 -2 -1|99 99 5 20|0.9 11|3 -10 0 32 112
2451 創見|半導體業|-18 -19 1|100 100 8 18|1.2 70|11 7 5 -15 -11
2453 凌群|資訊服務|39 16 11|89 89 4 180|0.4 404|7 2 0 -14 -35
2454 聯發科|半導體業|-39 -38 -21|96 96 -3 16|0.7 4205|57 -3 2 15 -34
2455 全新|通信網路|-2 -26 14|95 95 31 81|0.6 520|31 5 3 -36 -28
2457 飛宏|電子零組|11 5 -4|92 92 31 90|0.3 1707|10 -4 -0 -8 8
2458 義隆|半導體業|-31 -33 6|83 94 2 19|0.5 151|23 -2 -0 9 -40
2460 建通|電子零組|-28 -31 6|91 91 22 33|0.5 17|1 -2 0 12 38
2461 光群雷|其他電子|-21 -22 -15|96 96 7 27|0.5 28|6 -7 0 4 75
2462 良得電|電子零組|-26 -22 -10|92 92 9 13|3.6 37|5 6 0 21 -17
2464 盟立|其他電子|-32 -17 -15|95 98 2 1|1.3 8|4 6 0 -6 -6
2465 麗臺|電腦及週|-39 -20 17|84 84 -6 -4|0.5 11|2 4 0 -16 -28
2467 志聖|電子零組|-32 -36 -24|94 94 9 20|0.4 21|7 0 0 45 -32
2468 華經|資訊服務|133 54 33|98 98 73 62|0.6 86|7 3 0 51 -19
2471 資通|資訊服務|-5 -0 -4|87 87 20 120|0.1 119|2 -1 0 -12 4
2472 立隆電|電子零組|-20 -20 -9|86 86 -5 13|0.4 17|3 6 3 -3 -3
2474 可成|其他電子|33 25 37|95 95 -3 7|1.9 412|44 -19 15 11 35
2476 鉅祥|電子零組|-10 -6 -6|83 85 -14 5|0.4 29|3 -8 -2 4 10
2478 大毅|電子零組|-7 -15 8|97 97 7 14|0.9 10|5 12 0 -6 -42
2480 敦陽科|資訊服務|25 14 8|95 95 24 45|0.3 90|6 4 -1 -41 -38
2481 強茂|半導體業|-0 -5 9|96 96 -3 15|0.8 145|11 4 0 -6 -26
2482 連宇|其他電子|15 86 -49|94 94 14 187|0.4 616|3 -1 -0 2 38
2483 百容|電子零組|-15 -20 -6|89 93 6 16|0.5 10|2 -10 0 -20 3
2484 希華|電子零組|-40 -35 -18|86 90 -4 5|0.3 29|6 13 0 -10 -19
2485 兆赫|通信網路|32 15 2|100 100 7 25|2.5 36|8 7 0 -7 -43
2486 一詮|光電業|-18 -18 1|100 100 71 124|0.9 357|8 4 0 57 -39
2488 漢平|其他電子|-31 -38 -43|99 99 6 14|0.9 6|3 3 0 71 4
2489 瑞軒|光電業|-9 -11 16|98 98 45 50|0.6 80|12 1 0 -12 20
2492 華新科|電子零組|-18 -20 0|87 87 -0 21|0.6 227|14 -15 3 -4 17
2493 揚博|電子零組|-6 -0 -10|95 95 25 56|0.8 22|7 2 0 -30 -21
2495 普安|電腦及週|-30 -0 -31|87 87 8 8|0.5 74|20 -6 0 -9 30
2497 怡利電|汽車工業|23 17 -15|77 86 -9 -4|0.4 58|1 -1 0 -3 4
2498 宏達電|通信網路|18 27 35|83 83 -9 3|0.6 398|11 -8 -0 -2 9
2501 國建|建材營造|-19 61 -58|93 93 -5 7|0.9 15|7 -5 -2 8 -64
2504 國產|建材營造|13 4 -1|100 100 6 20|1.1 114|14 -0 1 -15 -21
2515 中工|建材營造|110 61 51|97 97 21 35|0.3 192|16 4 0 -25 -32
2520 冠德|建材營造|17 -11 -18|94 99 1 7|1.0 21|16 11 0 -13 -50
2528 皇普|建材營造|110 -30 -83|92 92 27 68|0.4 14|1 7 0 16 11
2530 華建|建材營造|-99 -99 -16899|95 95 33 43|0.5 20|2 4 0 -1 22
2534 宏盛|建材營造|-60 -54 -102|84 90 -5 -4|1.4 17|7 -3 -0 9 1
2535 達欣工|建材營造|-8 -14 -19|100 100 8 22|0.4 13|7 2 0 7 -10
2536 宏普|建材營造|-11 71 37|100 100 10 21|1.6 10|10 14 0 19 -1
2538 基泰|建材營造|-67 -21 -54|89 96 2 8|0.9 6|12 -3 0 2 -15
2539 櫻花建|建材營造|-71 na na|100 100 14 33|0.9 19|1 11 0 5 4
2540 愛山林|建材營造|108 91 80|84 97 10 13|1.2 34|1 -2 0 7 2
2542 興富發|建材營造|904 331 249|95 99 4 2|0.5 87|10 4 3 -11 -10
2545 皇翔|建材營造|-59 -75 -47|95 95 -1 12|1.0 21|3 -11 0 -28 88
2546 根基|建材營造|66 41 -17|99 99 7 44|0.4 8|4 -8 -0 -3 15
2548 華固|建材營造|-86 26 -64|98 98 5 11|0.7 52|18 11 0 -5 -30
2597 潤弘|建材營造|3 -3 -16|90 90 -6 -4|1.2 10|1 10 -33 -8 -33
2603 長榮|航運業|-61 -61 -38|69 100 18 9|3.7 5957|25 0 -5 -43 -21
2605 新興|航運業|-11 11 9|79 79 -14 -0|0.9 55|37 -8 -1 -4 -30
2606 裕民|航運業|0 -3 3|79 79 -13 -7|1.1 203|8 -11 -7 10 24
2607 榮運|航運業|-16 -12 -70|83 100 6 2|1.6 55|14 15 0 -16 -20
2608 嘉里大榮|航運業|-7 -9 -2|91 99 4 3|0.7 7|5 16 0 -5 -40
2609 陽明|航運業|-66 -67 -34|74 100 8 2|3.6 1494|12 -2 2 -30 6
2610 華航|航運業|18 21 13|94 94 35 36|1.2 2562|13 3 0 1 -45
2611 志信|航運業|-19 -22 4|74 89 1 -4|0.6 13|1 -2 0 -1 10
2612 中航|航運業|-17 -15 -20|93 93 7 -5|1.0 13|2 5 0 -8 -23
2614 東森|其他|4 -3 -5|61 73 -3 -21|0.7 22|2 4 0 -10 -19
2615 萬海|航運業|-67 -66 -28|60 75 -6 -26|1.7 496|41 -7 4 -10 -5
2617 台航|航運業|4 10 -6|93 93 2 15|1.3 28|4 0 0 -10 -20
2618 長榮航|航運業|40 43 9|97 97 49 40|1.3 5583|29 4 0 -11 -26
2630 亞航|航運業|38 42 17|95 95 242 286|0.6 554|2 1 0 na -14
2633 台灣高鐵|航運業|123 69 -32|97 97 7 12|0.8 114|11 -3 -5 -5 13
2634 漢翔|航運業|52 56 9|94 94 47 83|0.4 1523|7 0 0 -9 -52
2636 台驊控股|航運業|-58 -60 -5|92 100 6 16|1.9 44|16 3 -0 8 7
2637 慧洋-KY|航運業|-38 -37 -30|76 79 -13 -17|1.0 169|8 -16 -2 8 24
2640 大車隊|數位雲端|23 21 -3|87 87 7 47|0.6 28|8 -1 -1 -17 -15
2641 正德|航運業|-6 -15 -7|85 88 -7 3|1.2 15|2 5 0 -4 3
2643 捷迅|航運業|-42 -52 -41|99 99 5 15|0.7 9|2 -0 0 -3 -25
2645 長榮航太|航運業|11 15 -8|na na 15 na|0.5 223|2 2 1 na na
2701 萬企|觀光餐旅|48 30 11|93 93 12 18|0.4 27|0 -3 0 -18 261
2702 華園|觀光餐旅|5 15 -32|93 93 16 20|0.9 36|37 -1 0 2 -0
2704 國賓|觀光餐旅|44 4 -21|93 93 47 62|1.6 62|11 22 0 -60 -1
2705 六福|觀光餐旅|267 138 -2|92 92 42 48|0.8 243|3 -1 0 51 48
2706 第一店|觀光餐旅|51 48 11|93 93 22 28|0.4 73|2 -2 0 20 182
2707 晶華|觀光餐旅|73 43 5|83 83 -4 5|1.0 776|15 -3 -2 15 -26
2712 遠雄來|觀光餐旅|306 164 -110|96 96 15 25|0.5 22|0 -1 0 8 17
2719 燦星旅|觀光餐旅|1284 1503 422|83 83 78 175|1.0 43|0 0 0 na na
2722 夏都|觀光餐旅|57 21 -253|92 92 102 206|0.2 216|3 4 0 -31 -40
2723 美食-KY|觀光餐旅|13 19 13|85 85 -2 3|0.4 118|62 -7 1 12 -26
2727 王品|觀光餐旅|65 47 19|85 85 1 97|0.4 729|39 -2 -2 45 -7
2729 瓦城|觀光餐旅|79 48 14|96 96 28 51|0.6 71|9 5 0 -23 30
2731 雄獅|觀光餐旅|1165 866 408|90 90 15 75|0.4 796|15 -3 -2 19 14
2732 六角|觀光餐旅|9 1 -4|88 88 -5 40|0.3 114|9 -6 -9 37 17
2734 易飛網|觀光餐旅|421 499 60|87 87 98 137|1.9 126|9 -3 0 na na
2736 富野|觀光餐旅|178 70 -62|91 91 102 133|1.0 189|1 -2 0 9 6
2739 寒舍|觀光餐旅|197 102 -16|82 82 17 125|0.6 79|2 0 -0 na na
2743 山富|觀光餐旅|1329 1473 284|100 100 203 213|0.3 107|4 -2 0 31 -4
2745 五福|觀光餐旅|5833 3633 2053|94 94 169 188|1.7 70|0 -4 0 na na
2748 雲品|觀光餐旅|103 35 -56|78 78 3 63|0.6 781|2 1 -1 5 -45
2753 八方雲集|觀光餐旅|4 6 -7|72 72 -1 -8|0.5 155|12 1 9 1 21
2754 亞洲藏壽司|觀光餐旅|78 43 -170|87 87 25 43|0.4 117|79 2 -0 -23 -1
2755 揚秦|觀光餐旅|16 14 -7|100 100 36 153|2.0 22|2 10 0 na -10
2801 彰銀|金融保險|23 18 -5|99 99 8 8|0.8 269|14 6 22 -5 62
2809 京城銀|金融保險|11 204 162|99 99 4 5|0.6 66|13 -12 26 39 -30
2812 台中銀|金融保險|16 16 1|100 100 12 20|1.1 61|10 8 1 -22 -46
2820 華票|金融保險|96 79 83|93 99 3 6|1.3 8|7 6 0 -8 -35
2832 台產|金融保險|24 20 26|99 99 11 12|1.2 7|35 6 0 0 -19
2834 臺企銀|金融保險|17 23 -2|97 97 6 10|0.7 171|19 -1 -0 -4 6
2838 聯邦銀|金融保險|17 35 26|99 99 5 2|0.8 14|6 -9 -0 3 4
2845 遠東銀|金融保險|3 11 -7|100 100 7 6|1.7 84|10 -9 30 -11 64
2850 新產|金融保險|9 6 2|94 100 9 12|0.8 10|10 -20 -0 18 15
2851 中再保|金融保險|-8 -6 -2|82 99 21 17|0.5 39|1 -7 0 -19 47
2855 統一證|金融保險|67 49 -189|99 99 12 14|0.6 20|9 7 0 24 -52
2880 華南金|金融保險|8 2 -6|94 94 -1 -3|0.7 146|18 5 -1 -5 13
2881 富邦金|金融保險|-24 -49 22|99 99 8 8|0.8 732|19 -12 -4 -6 -14
2882 國泰金|金融保險|18 -25 23|89 97 6 9|0.8 754|21 -3 1 14 -8
2883 凱基金|金融保險|-60 -70 -1|87 93 -1 -3|0.8 349|22 -13 2 12 18
2884 玉山金|金融保險|-3 20 18|93 98 5 9|0.9 364|32 12 0 83 -20
2885 元大金|金融保險|3 -3 11|98 98 7 9|1.4 530|25 -10 -0 -4 -11
2886 兆豐金|金融保險|25 28 22|99 99 16 24|1.0 649|21 -12 23 7 2
2887 台新新光金|金融保險|37 21 16|99 99 14 25|0.8 302|25 15 -1 1 43
2889 國票金|金融保險|2 5 31|85 88 -2 7|0.6 42|10 -13 -0 5 -16
2890 永豐金|金融保險|16 9 5|95 98 5 0|0.8 247|26 -20 6 -31 -4
2891 中信金|金融保險|-12 -31 17|100 100 15 13|0.8 700|37 2 4 -7 -55
2892 第一金|金融保險|-5 -3 -14|98 98 5 5|0.9 321|24 -2 -8 -12 32
2897 王道銀行|金融保險|18 20 -20|98 98 5 22|0.7 39|8 -1 0 -3 -13
2903 遠百|貿易百貨|26 12 1|98 98 5 11|1.6 29|12 1 6 -2 -9
2905 三商|貿易百貨|306 66 30|81 90 -1 0|1.4 6|6 -13 0 37 -18
2906 高林|貿易百貨|-51 -24 -16|89 93 7 5|5.2 11|1 -1 0 17 -7
2908 特力|貿易百貨|-13 -6 8|99 100 5 11|0.6 6|3 -16 0 -2 -11
2912 統一超|貿易百貨|12 10 -3|98 98 5 4|0.9 237|30 2 -1 4 -23
2913 農林|貿易百貨|6 7 -2|93 93 8 6|0.7 209|7 -1 0 1 8
2915 潤泰全|貿易百貨|-4 6 1|84 90 8 -8|0.7 135|9 9 2 -10 -30
2916 滿心|居家生活|60 39 -36|97 97 56 118|0.9 19|23 3 2 -16 -31
3002 歐格|電腦及週|-29 -14 -21|97 97 23 29|1.5 8|1 1 0 36 6
3003 健和興|電子零組|-15 -10 -3|96 96 21 23|0.6 169|4 1 1 -9 -16
3004 豐達科|鋼鐵工業|20 63 1|78 78 10 28|0.2 54|1 -4 -0 5 37
3005 神基|電腦及週|-1 40 18|94 94 28 70|1.2 375|34 4 -0 -4 37
3006 晶豪科|半導體業|-34 -41 5|85 85 -2 23|0.4 376|9 0 -1 -16 -11
3008 大立光|光電業|-17 -12 -14|89 89 -2 2|0.6 948|37 1 -7 7 -50
3010 華立|電子通路|-10 -18 -9|93 99 1 5|1.9 55|10 4 -19 42 1
3011 今皓|電子零組|-14 -18 5|93 93 37 82|1.5 66|3 2 0 na na
3013 晟銘電|電腦及週|29 19 -10|100 100 59 72|1.2 361|8 -1 0 21 -29
3014 聯陽|半導體業|23 8 34|98 98 35 68|0.7 213|24 7 3 -10 -22
3015 全漢|電子零組|-0 2 10|100 100 14 39|0.8 33|13 6 0 11 80
3016 嘉晶|半導體業|-29 -29 -23|70 82 -9 -9|0.6 45|1 -14 0 -0 9
3017 奇鋐|電腦及週|10 10 -4|100 100 108 163|1.1 3513|42 5 -4 2 3
3019 亞光|光電業|-10 -9 2|91 91 0 6|0.9 76|10 1 -0 -14 -23
3022 威強電|電腦及週|30 45 1|92 92 10 25|0.6 245|26 -14 -0 15 88
3023 信邦|電子零組|17 18 -5|99 99 8 34|0.5 157|64 13 -8 -22 -27
3024 憶聲|光電業|45 0 -4|96 96 4 17|0.7 30|5 5 0 -0 4
3025 星通|通信網路|-6 22 28|100 100 81 149|1.4 526|11 2 -0 -2 7
3026 禾伸堂|電子零組|-10 -13 -1|99 99 6 19|0.7 22|12 15 7 -8 -18
3027 盛達|通信網路|292 138 89|100 100 20 60|1.1 440|12 5 0 8 -20
3028 增你強|電子通路|-22 -29 -6|98 98 6 22|0.8 33|6 4 0 9 -33
3029 零壹|資訊服務|5 9 3|92 92 14 68|0.2 149|3 3 -0 -10 -15
3030 德律|其他電子|-49 -36 -24|98 99 2 2|0.5 34|15 -9 0 -13 29
3031 佰鴻|光電業|-44 -22 -13|92 92 14 37|0.5 9|2 3 0 -15 -14
3032 偉訓|電子零組|41 38 35|95 95 40 116|0.9 552|11 1 0 -13 28
3033 威健|電子通路|6 0 2|97 97 12 26|1.2 187|11 7 0 58 37
3034 聯詠|半導體業|-7 -17 18|91 91 -2 41|1.3 1913|48 -0 -11 6 5
3035 智原|半導體業|-14 -9 -33|100 100 19 48|2.0 2590|26 5 2 3 -35
3036 文曄|電子通路|-13 -14 -26|96 99 1 7|1.2 56|11 -19 23 10 22
3037 欣興|電子零組|-29 -24 -34|95 95 22 47|0.6 3752|44 4 -2 -7 -20
3038 全台|光電業|6 10 -2|100 100 62 104|2.4 296|12 -3 0 -41 20
3041 揚智|半導體業|-61 -51 -21|75 83 -11 -9|0.6 13|11 6 2 -15 -18
3042 晶技|電子零組|-31 -32 -12|98 98 8 17|2.3 178|14 -7 6 -16 50
3043 科風|其他電子|37 56 9|79 79 2 49|0.7 14|1 -0 0 147 84
3044 健鼎|電子零組|-18 -15 -7|96 96 11 31|0.9 414|38 -6 2 -58 -13
3045 台灣大|通信網路|5 6 -2|94 95 -2 5|1.7 483|15 -4 -3 24 -36
3046 建碁|電腦及週|104 148 80|96 96 38 106|0.4 568|5 1 0 25 -15
3047 訊舟|通信網路|-38 -31 -28|84 93 -3 3|0.8 37|3 -1 0 -9 12
3048 益登|電子通路|-19 -16 -14|92 96 -1 4|0.5 9|3 27 0 -13 -16
3049 精金|光電業|-35 -22 17|96 96 8 16|1.7 38|6 5 0 -9 -19
3050 鈺德|光電業|24 5 -5|92 92 3 -6|1.4 7|10 17 0 -11 -18
3051 力特|光電業|-35 -35 -13|91 100 5 15|1.9 20|2 8 0 33 -6
3055 蔚華科|電子通路|10 -16 21|92 92 32 59|1.0 104|2 -0 0 -8 22
3056 富華新|建材營造|1 347 -8488|88 88 -5 44|0.7 165|4 -10 0 2 176
3058 立德|電子零組|-18 -3 1|89 89 83 186|0.8 185|1 -2 0 na na
3059 華晶科|光電業|-40 -19 -44|89 94 -4 2|0.5 45|12 4 -0 -11 -7
3062 建漢|通信網路|-47 2 -57|72 90 -3 -4|0.9 47|13 1 0 -11 -2
3071 協禧|電腦及週|-15 0 -7|100 100 36 48|0.6 82|3 2 0 15 -12
3078 僑威|電子零組|125 87 79|97 97 94 197|1.0 1529|4 -0 0 29 19
3081 聯亞|通信網路|-70 -48 -78|56 72 -26 -9|0.4 80|18 2 1 -11 -4
3083 網龍|文化創意|-22 -14 -13|92 92 10 8|5.2 49|1 -0 0 14 6
3086 華義*|文化創意|-10 -8 26|84 89 8 -3|4.8 8|37 -1 0 1 -4
3088 艾訊|電腦及週|10 9 -9|94 94 2 43|0.4 51|13 1 -4 49 -0
3089 億杰|電子零組|-39 -53 14|100 100 139 123|3.5 10|1 -4 0 na na
3090 日電貿|電子零組|-10 -18 -6|98 98 -1 11|1.7 29|8 -3 0 -4 9
3092 鴻碩|電子零組|-52 -52 -27|86 98 15 21|1.1 31|3 3 0 14 5
3093 港建*|其他電子|-1 -24 -23|90 90 -1 45|1.2 12|69 3 0 6 -31
3094 聯傑|半導體業|-12 -11 -14|92 92 3 40|0.3 28|3 -8 0 -37 0
3105 穩懋|半導體業|-25 -39 4|82 85 -10 21|0.7 573|34 -1 1 3 -3
3128 昇銳|光電業|20 -10 -25|83 92 9 -2|3.3 67|1 -1 0 36 19
3131 弘塑|半導體業|-4 -0 6|97 97 84 152|1.3 757|18 7 -1 na -5
3138 耀登|通信網路|-1 6 -17|85 85 -4 15|0.4 26|1 4 0 -4 -21
3141 晶宏|半導體業|-49 -38 -9|69 85 -3 30|0.6 110|5 -4 0 -1 14
3147 大綜|資訊服務|18 8 26|95 95 22 49|0.4 46|3 1 0 19 3
3149 正達|光電業|-22 -13 -3|60 70 -25 -29|0.7 9|2 -2 0 0 na
3152 璟德|通信網路|-8 -14 19|93 93 -5 25|0.8 17|16 3 0 -21 -9
3162 精確|電機機械|112 105 -32|85 85 -9 5|0.5 106|45 -2 0 -11 5
3163 波若威|通信網路|-35 -33 -46|99 99 17 30|1.0 186|9 -3 0 -16 -2
3169 亞信|半導體業|-24 -38 -11|89 89 4 25|0.5 57|2 8 -0 -19 -18
3178 公準|半導體業|38 19 5|97 97 30 63|0.3 79|2 -1 0 23 23
3189 景碩|半導體業|-40 -38 -28|79 98 1 9|0.6 400|12 -1 4 -13 -40
3202 樺晟|電子零組|-9 5 12|95 95 30 39|1.2 56|3 4 0 -0 1
3205 佰研|生技醫療|-15 -7 5|67 94 29 20|3.3 23|10 -1 0 5 9
3206 志豐|電子零組|-26 -12 -1|99 99 24 30|1.4 10|4 11 0 12 14
3207 耀勝|電子零組|3 17 -9|88 88 25 80|5.3 304|4 0 0 47 60
3209 全科|電子通路|-7 17 -6|88 88 0 16|0.5 30|4 -9 0 -14 18
3211 順達|電腦及週|6 5 5|97 97 3 16|0.5 22|12 15 0 15 -16
3213 茂訊|電腦及週|-1 -5 -14|97 97 14 38|1.6 21|7 3 0 860 6
3217 優群|電子零組|13 5 20|97 97 21 69|1.3 579|6 3 1 62 -38
3218 大學光|生技醫療|29 28 -3|98 98 3 51|1.1 144|34 12 -3 26 -32
3221 台嘉碩|通信網路|-65 -40 -27|76 98 2 20|0.9 11|4 12 0 -13 -6
3224 三顧|電子通路|7 -27 -1|82 82 -4 18|0.2 19|2 -1 0 -4 9
3227 原相|半導體業|-23 -17 16|94 94 2 13|0.8 46|16 3 -1 -11 -20
3228 金麗科|半導體業|-31 -1 21|37 78 -18 -14|0.8 88|7 -2 -0 17 5
3231 緯創|電腦及週|-15 -8 -11|100 100 129 217|1.2 10056|36 -4 -1 57 2
3232 昱捷|電子通路|27 11 -18|75 90 -4 -5|0.4 18|7 1 0 -6 4
3234 光環|通信網路|-49 -46 -7|87 97 -0 9|1.3 11|2 5 0 -53 -28
3236 千如|電子零組|-26 -24 -31|89 89 -7 11|0.3 10|13 -11 0 -10 3
3252 海灣|觀光餐旅|-6 3 -17|91 91 34 34|0.6 73|8 -0 0 -7 28
3257 虹冠電|半導體業|106 50 82|100 100 38 68|2.0 29|7 12 0 -41 3
3260 威剛|半導體業|-13 -20 -2|97 97 21 59|1.9 933|12 -3 5 -2 95
3264 欣銓|半導體業|-4 -2 -16|99 99 13 30|1.3 468|28 6 5 13 -10
3265 台星科|半導體業|-22 -18 -22|99 99 23 55|0.5 168|4 4 0 -18 -11
3272 東碩|電腦及週|-38 -23 -75|75 82 -17 -4|0.3 11|1 -4 0 -3 26
3287 廣寰科|電腦及週|48 19 32|98 98 88 89|3.4 38|2 1 0 11 19
3289 宜特|其他電子|9 6 -9|100 100 17 36|2.2 268|19 9 1 -1 -9
3290 東浦|電子零組|17 40 23|89 89 -10 23|0.4 38|2 -7 0 -1 2
3293 鈊象|文化創意|16 15 5|97 97 8 44|1.4 849|38 -4 1 20 71
3294 英濟|電子零組|39 37 30|87 95 -2 12|0.6 7|8 4 0 -11 24
3296 勝德|電子零組|-60 -47 -19|91 95 -1 8|0.8 7|3 1 0 1 -5
3305 昇貿|其他電子|-31 -38 -11|92 94 9 33|0.5 47|2 4 0 -19 -35
3306 鼎天|通信網路|26 25 26|94 94 47 66|1.5 68|3 -1 0 -5 22
3308 聯德|電子零組|225 205 113|96 96 155 217|0.9 93|0 -1 0 273 810
3310 佳穎|電子零組|4 -2 -12|100 100 28 105|1.9 10|0 3 0 3 -23
3312 弘憶股|電子通路|-16 -30 -13|98 98 9 31|0.5 17|5 13 0 -19 -5
3317 尼克森|半導體業|-17 -18 1|79 87 -7 -3|0.4 10|3 1 0 -15 -11
3322 建舜電|電子零組|8 -2 23|84 84 -11 7|0.5 10|2 -2 0 13 -7
3323 加百裕|電腦及週|43 -2 11|96 98 6 5|0.5 11|4 7 0 -15 -13
3324 雙鴻|其他電子|-18 -9 1|100 100 47 122|0.7 1852|15 1 -2 -3 -7
3325 旭品|電腦及週|47 77 72|97 97 132 161|1.3 163|2 0 0 79 131
3338 泰碩|電子零組|-33 -31 -12|97 97 6 59|0.5 45|9 2 0 -3 -22
3346 麗清|汽車工業|141 67 28|100 100 19 37|1.6 222|7 -1 0 22 19
3356 奇偶|光電業|14 -1 -9|100 100 37 39|5.2 331|5 -0 0 48 13
3357 臺慶科|電子零組|-26 -23 -1|92 92 -3 34|0.9 7|12 -7 -2 -26 -22
3360 尚立|電子通路|47 14 11|97 97 3 9|0.4 6|1 -0 0 -11 -56
3362 先進光|光電業|-8 -6 4|82 82 -4 44|0.4 359|2 -1 0 -13 14
3363 上詮|通信網路|-28 -30 -0|93 93 73 97|0.4 424|9 1 -0 -28 -23
3372 典範|半導體業|-33 -48 4|95 96 11 22|1.6 7|2 5 0 13 -9
3374 精材|半導體業|-38 -37 -26|100 100 24 34|1.7 610|7 -4 1 45 95
3376 新日興|電子零組|-15 -24 -14|95 96 4 11|0.7 27|20 -8 -6 -8 -25
3380 明泰|通信網路|4 14 -16|100 100 25 51|2.5 203|13 1 0 79 66
3388 崇越電|電子零組|-29 -28 -8|95 99 1 3|3.4 6|7 -0 0 13 6
3402 漢科|其他電子|-8 -9 -30|99 99 4 20|1.0 8|5 -7 0 11 -7
3406 玉晶光|光電業|-9 -13 -16|88 95 4 9|0.5 718|19 -5 -1 -7 4
3413 京鼎|半導體業|9 11 -7|94 98 4 10|2.1 154|21 -2 -1 -7 54
3416 融程電|電腦及週|-7 6 -7|99 99 17 46|0.6 26|5 -3 -0 6 -12
3419 譁裕|通信網路|-37 -18 -40|88 88 6 10|0.3 24|2 -4 0 11 -1
3430 奇鈦科|化學工業|-24 -34 -22|na 94 3 17|0.5 7|0 2 0 1 -34
3434 哲固|光電業|8 -19 -3|91 99 6 24|4.1 9|2 1 0 5 -2
3438 類比科|半導體業|-18 -28 16|95 95 9 29|0.3 22|2 -2 0 0 -1
3441 聯一光電|光電業|-29 -39 -11|85 85 -3 8|0.3 18|2 4 0 -7 -19
3443 創意|半導體業|25 28 -26|98 98 55 131|0.6 5952|32 -2 -2 -13 -16
3444 利機|電子通路|-4 -21 2|90 91 16 8|0.5 42|11 -4 0 -25 6
3447 展達|通信網路|-62 -18 -76|na 88 -2 47|4.6 16|1 -1 0 na na
3450 聯鈞|半導體業|-33 -25 -11|83 94 -1 6|3.2 10|7 -12 1 4 2
3454 晶睿|光電業|38 20 -61|71 71 -20 1|1.4 393|3 -4 0 14 29
3455 由田|光電業|-54 -36 -36|89 89 -9 5|0.7 23|5 4 0 -14 8
3466 德晉|通信網路|27 206 39|78 78 -7 3|0.5 9|8 -11 0 1 22
3479 安勤|電腦及週|6 19 -30|88 88 25 69|0.4 207|11 -6 -6 0 -2
3481 群創|光電業|4 -13 22|93 93 6 39|1.1 1111|26 2 0 13 -7
3483 力致|電腦及週|3 7 16|100 100 25 71|1.8 356|9 4 1 15 25
3484 崧騰|電子零組|-47 -46 -13|77 89 4 4|0.2 8|4 7 0 -9 -11
3491 昇達科|通信網路|-30 11 7|90 90 -4 24|0.8 139|11 -4 -2 -4 21
3498 陽程|其他電子|349 159 64|96 96 32 27|1.3 58|3 2 0 44 -11
3499 環天科|通信網路|-13 -19 4|85 85 -3 12|0.2 8|1 3 0 2 -10
3501 維熹|電子零組|-15 -4 -6|97 97 5 12|0.4 14|7 11 0 17 1
3504 揚明光|光電業|-49 -19 -8|68 85 -12 1|0.4 63|1 -3 -1 -2 9
3508 位速|其他電子|-9 -29 -6|66 77 -12 -13|0.5 11|0 -1 0 -21 na
3511 矽瑪|電子零組|-49 -41 -37|86 95 -2 8|0.9 14|1 5 0 -0 -22
3515 華擎|電腦及週|-8 2 12|96 96 63 68|1.6 1053|9 2 3 28 -42
3518 柏騰|其他電子|-3 -29 15|98 98 44 83|2.1 37|6 2 0 -21 -18
3520 華盈|電子零組|-15 -3 -29|71 76 -13 -6|0.3 8|1 -7 0 -4 10
3521 台鋼建設|建材營造|194 95 64|85 95 6 6|0.5 12|1 -2 0 na -65
3522 御嵿|觀光餐旅|108 39 -128|95 95 48 82|0.4 5|0 -1 0 na na
3526 凡甲|電子零組|11 11 21|100 100 18 40|0.7 25|7 18 0 1 -35
3527 聚積|半導體業|-38 -44 -4|83 84 -12 6|0.9 17|6 5 0 -2 -9
3528 安馳|電子通路|8 11 -0|84 84 3 18|0.9 12|3 -9 0 34 6
3529 力旺|半導體業|9 -4 -25|96 96 23 65|0.6 878|60 -7 3 -26 -12
3530 晶相光|半導體業|-20 -38 12|81 84 -9 7|0.9 6|40 5 0 -4 -10
3532 台勝科|半導體業|-16 -9 -28|84 98 1 16|0.9 336|48 -5 0 -16 18
3533 嘉澤|電子零組|-17 -12 -24|89 89 -7 5|1.1 1014|32 -2 -7 21 15
3535 晶彩科|光電業|-80 -79 -83|73 84 -8 -5|0.7 6|2 -1 0 -1 9
3537 堡達|電子零組|-7 12 28|98 98 7 14|0.7 7|2 6 0 -9 -28
3540 曜越|電腦及週|52 74 47|96 96 38 95|0.4 55|8 -2 0 -9 -19
3541 西柏|其他電子|-32 -32 -26|85 86 -8 1|0.4 7|2 -8 0 -11 -9
3545 敦泰|半導體業|4 4 37|85 85 0 34|0.3 150|15 -2 0 -3 -4
3546 宇峻|文化創意|-37 -21 -7|93 93 13 20|1.8 45|12 -1 0 -30 11
3548 兆利|電子零組|50 30 39|95 95 15 33|0.5 39|9 2 -0 31 -17
3551 世禾|綠能環保|-4 -1 -8|96 96 11 20|0.5 8|5 4 0 86 -10
3552 同致|其他電子|15 13 0|75 89 -2 6|0.6 76|13 -4 -0 -1 -19
3556 禾瑞亞|半導體業|-31 -18 11|100 100 5 22|0.9 8|6 -7 0 -2 -23
3557 嘉威|居家生活|-23 -15 -3|93 93 3 39|0.6 11|19 -2 0 -10 5
3558 神準|通信網路|-7 32 -45|75 75 -22 31|1.1 301|2 -4 -0 -4 12
3563 牧德|光電業|12 1 20|100 100 28 85|1.6 154|14 0 1 98 75
3564 其陽|通信網路|-25 -23 -36|100 100 32 76|1.5 53|2 -0 0 na na
3570 大塚|資訊服務|-2 12 -13|83 83 22 59|0.3 10|43 -9 -3 na na
3576 聯合再生|光電業|-45 -8 -25|83 87 -7 -5|0.6 112|13 -4 0 13 2
3580 友威科|其他電子|-36 10 -22|74 84 -5 -9|2.1 11|2 -3 3 -13 -18
3583 辛耘|半導體業|21 29 8|98 98 87 120|1.2 719|13 -1 1 42 25
3587 閎康|其他電子|43 35 10|98 98 27 50|1.0 219|17 7 -6 -6 -30
3588 通嘉|半導體業|-49 -52 -2|58 75 -16 -5|0.5 14|2 1 0 -6 1
3591 艾笛森|光電業|1 3 8|100 100 23 77|1.0 53|10 2 -0 15 -29
3592 瑞鼎|半導體業|-35 -44 -3|82 82 -12 19|1.1 253|12 -14 10 -4 37
3594 磐儀|電腦及週|5 9 -11|92 92 18 106|0.3 59|3 -8 0 -4 14
3596 智易|通信網路|-3 15 -11|95 100 19 29|2.4 289|23 -4 7 28 44
3605 宏致|電子零組|-19 -25 -9|77 84 -6 -8|0.6 5|10 8 0 0 -3
3607 谷崧|電子零組|-8 4 23|98 98 17 32|1.2 8|6 9 0 -12 1
3611 鼎翰|電腦及週|6 3 -11|100 100 6 33|0.8 21|14 5 0 -3 -13
3615 安可|光電業|7 -17 -1|98 98 30 34|0.7 10|1 3 0 -1 61
3617 碩天|其他電子|23 9 -16|93 93 73 125|0.7 372|10 -2 -0 31 11
3622 洋華|光電業|-16 -27 -23|98 98 16 29|0.8 11|3 12 0 -11 6
3624 光頡|電子零組|-23 -21 -4|80 80 -12 51|0.3 112|41 0 -9 -1 -8
3625 西勝|電腦及週|-50 -52 3|87 87 15 24|0.7 11|7 0 0 -15 -70
3628 盈正|其他電子|36 27 9|91 91 13 25|0.4 14|4 -6 0 -9 5
3630 新鉅科|光電業|-5 -31 7|91 91 19 24|0.8 52|35 -3 0 19 32
3645 達邁|電子零組|-28 -38 7|68 96 13 17|0.5 15|11 1 -1 -4 1
3646 艾恩特|電子零組|-13 -10 -4|82 82 9 31|0.3 8|8 -3 0 -18 35
3652 精聯|電腦及週|46 9 7|97 97 25 78|1.0 55|4 0 0 43 -9
3653 健策|電子零組|3 5 -23|100 100 41 80|1.1 910|20 10 -7 148 -14
3661 世芯-KY|半導體業|171 185 91|100 100 52 132|0.6 5606|56 2 -0 -10 26
3663 鑫科|其他電子|-43 -27 -1|85 85 5 8|0.3 7|1 3 0 10 19
3664 安瑞-KY|通信網路|20 28 -3|84 84 70 201|0.9 17|43 -1 0 na na
3665 貿聯-KY|其他電子|-5 -0 -52|96 100 17 27|3.5 692|46 1 2 22 31
3673 TPK-KY|光電業|-26 -28 -19|100 100 32 52|0.7 212|37 4 -0 -15 -29
3675 德微|半導體業|-21 -21 -13|96 96 10 108|0.7 274|53 1 -7 40 21
3679 新至陞|電子零組|-10 32 31|96 97 3 2|0.4 8|9 -8 0 41 34
3680 家登|半導體業|9 20 -14|100 100 19 74|0.9 844|19 7 2 -6 -48
3687 歐買尬|數位雲端|1 -1 -1|89 94 30 27|5.6 116|4 0 0 33 14
3689 湧德|電子零組|-15 -9 -1|100 100 16 35|1.0 19|10 17 0 -6 3
3691 碩禾|光電業|-69 -59 -21|59 79 -18 -4|1.0 28|5 -17 0 -1 17
3693 營邦|電腦及週|43 73 -13|99 99 153 183|1.4 1524|6 0 0 21 32
3694 海華|通信網路|7 9 14|100 100 32 57|2.3 22|6 11 0 15 -4
3701 大眾控|電腦及週|6 13 -0|89 89 25 66|0.6 134|5 -0 0 -0 -44
3702 大聯大|電子通路|-20 -25 -10|100 100 10 14|0.7 176|27 8 -1 22 -23
3703 欣陸|建材營造|-13 -15 -12|95 97 2 11|1.7 49|24 -12 0 -24 14
3704 合勤控|通信網路|8 36 1|100 100 38 47|2.6 147|21 14 0 8 17
3705 永信|生技醫療|-13 -17 -3|91 91 4 -0|0.4 23|10 -22 0 1 -40
3706 神達|電腦及週|-23 -2 -13|98 98 32 27|1.3 703|12 -0 0 68 32
3707 漢磊|半導體業|-10 -15 -19|67 83 -8 -5|0.6 334|9 -6 -0 5 37
3708 上緯投控|綠能環保|-32 -28 -12|75 86 -5 1|0.8 57|6 6 -5 -22 -15
3710 連展投控|電子零組|-6 -11 5|64 85 -9 2|0.8 10|2 -1 0 na na
3711 日月光投控|半導體業|-14 -12 -18|93 93 6 23|1.6 2545|75 -3 9 12 22
3712 永崴投控|電腦及週|6 -3 -7|89 89 -2 31|0.2 35|2 -2 0 -8 16
3714 富采|光電業|-21 -30 7|93 93 -3 10|0.6 147|15 12 -0 -4 -34
3715 定穎投控|電子零組|na na na|na 91 20 66|0.5 248|22 5 -5 16 -11
4102 永日|生技醫療|-8 32 2|75 75 9 -19|0.6 15|3 1 0 -0 -26
4104 佳醫|生技醫療|19 22 7|100 100 26 51|2.7 40|6 -1 -0 17 -23
4105 東洋|生技醫療|17 8 -6|97 97 3 0|2.4 47|20 11 -4 7 -38
4106 雃博|生技醫療|22 21 2|97 97 31 24|7.1 14|8 6 0 40 -24
4107 邦特|生技醫療|-4 0 -7|93 97 4 4|1.1 11|22 -3 0 -17 28
4108 懷特|生技醫療|12 9 23|96 96 22 20|1.1 19|1 1 0 -45 na
4111 濟生|生技醫療|-6 -9 -10|83 83 4 10|0.8 11|2 -2 0 -5 16
4113 聯上|建材營造|24266 23181 17458|100 100 11 46|1.3 6|1 -2 0 5 33
4114 健喬|生技醫療|17 26 -7|83 83 -3 -12|0.5 104|5 -3 -1 -9 23
4116 明基醫|生技醫療|-14 -2 -62|71 91 2 -7|0.9 10|1 3 0 -8 -10
4119 旭富|生技醫療|81 97 16|90 90 1 27|0.6 25|10 -12 0 31 -1
4121 優盛|生技醫療|-18 -8 -11|87 87 33 32|2.3 47|1 -6 0 9 81
4123 晟德|生技醫療|40 60 -41|99 99 19 21|1.3 194|7 1 -0 20 5
4126 太醫|生技醫療|15 14 -9|96 96 4 20|0.5 23|19 3 -3 16 -19
4128 中天|生技醫療|-21 -15 -4|79 91 -7 1|1.1 108|6 -2 -0 -4 -2
4129 聯合|生技醫療|35 29 -0|91 91 34 48|0.7 198|24 3 2 1 -12
4130 健亞|生技醫療|41 38 22|78 83 15 -18|1.0 26|4 -7 0 1 -20
4133 亞諾法|生技醫療|-14 -7 -3|78 88 -1 -7|1.1 6|13 -0 0 -2 -22
4137 麗豐-KY|生技醫療|60 115 97|86 86 -3 -2|0.7 120|62 4 -32 18 -41
4138 曜亞|生技醫療|57 50 9|100 100 86 122|1.7 91|4 3 0 55 -3
4142 國光生|生技醫療|-90 148 -91|84 84 -5 4|0.6 28|7 -4 1 -2 22
4147 中裕|生技醫療|-3 25 -86|78 78 12 48|1.0 363|8 -9 -1 3 72
4148 全宇生技-KY|生技醫療|26 6 -45|84 86 -6 12|1.0 6|71 18 0 -4 -12
4153 鈺緯|生技醫療|7 8 -27|74 74 -9 23|0.5 9|2 -9 0 -10 -19
4155 訊映|生技醫療|-35 -36 -30|100 100 16 53|5.0 43|5 0 0 -19 -1
4157 太景*-KY|生技醫療|10393 3547 1787|86 99 20 15|5.2 25|5 6 0 39 -3
4161 聿新科|生技醫療|24 33 15|93 93 35 39|2.8 19|2 -1 0 36 81
4162 智擎|生技醫療|15 4 -1|65 72 -13 -18|0.9 72|6 4 -0 1 -5
4163 鐿鈦|生技醫療|-7 12 -15|93 93 10 30|0.3 43|8 -7 -2 -10 17
4164 承業醫|生技醫療|-12 20 -8|94 94 0 57|2.0 75|27 6 -6 17 -21
4167 松瑞藥|生技醫療|-46 -46 -20|65 68 -4 -29|2.4 14|11 -5 0 6 -7
4168 醣聯|生技醫療|58 -47 na|71 90 0 -0|1.9 14|5 -1 0 7 5
4171 瑞基|農業科技|-91 -76 -9|64 75 -13 -1|0.8 7|18 3 0 1 -3
4173 久裕|生技醫療|12 12 2|98 98 28 32|0.6 18|4 8 0 -44 -47
4174 浩鼎|生技醫療|41 90 na|86 99 19 35|2.3 36|12 5 0 -7 -13
4175 杏一|生技醫療|-17 -7 -11|78 78 30 62|2.8 32|1 -4 1 1 33
4190 佐登-KY|生技醫療|35 32 13|79 79 -12 5|0.4 32|62 -10 0 9 32
4207 環泰|食品工業|33 15 1|100 100 29 39|1.6 22|2 5 0 72 53
4306 炎洲|塑膠工業|-23 -25 -3|92 92 -3 10|0.6 13|6 -14 0 16 0
4417 金洲|紡織纖維|-22 20 -33|99 99 6 12|1.7 7|4 -4 0 -19 89
4438 廣越|紡織纖維|8 2 -28|87 99 11 5|1.1 12|3 -2 -5 -0 -18
4503 金雨|電機機械|11 53 -2|100 100 52 105|1.7 96|4 1 0 12 -13
4506 崇友|電機機械|31 10 4|99 100 9 17|1.0 5|3 -16 2 5 -9
4510 高鋒|電機機械|13 -6 4|95 95 59 78|1.1 42|3 -1 0 119 30
4523 永彰|電機機械|12 3 11|95 95 23 16|1.0 12|2 -0 0 -4 19
4526 東台|電機機械|-19 -12 -6|99 99 15 35|4.5 17|7 -1 0 46 82
4532 瑞智|電機機械|-20 -24 3|100 100 21 40|7.7 11|12 1 -1 841 57
4533 協易機|電機機械|101 109 71|100 100 181 202|0.8 208|5 2 0 209 94
4536 拓凱|運動休閒|12 11 -18|79 79 -6 3|0.6 105|14 -8 -8 -12 20
4538 大詠城|電機機械|1 -15 -33|89 89 23 33|7.1 17|0 0 0 3229 114
4541 晟田|其他|-8 -16 -28|91 91 32 57|0.2 73|2 3 -0 -3 -32
4543 萬在|電機機械|5 8 7|100 100 129 170|2.0 299|8 -1 0 41 111
4549 桓達|電機機械|1 28 8|100 100 27 39|1.0 15|7 -1 0 38 6
4551 智伸科|汽車工業|-6 -17 -14|91 100 11 9|1.7 122|51 0 -5 95 2
4552 力達-KY|電機機械|5 22 23|89 89 5 9|0.7 11|48 -11 1 19 21
4557 永新-KY|汽車工業|-3 4 -40|83 94 3 11|0.9 9|34 -4 0 -2 -46
4563 百德|電機機械|-12 -16 -22|100 100 56 65|8.0 10|2 -0 0 224 49
4564 元翎|電機機械|-4 -25 7|95 95 28 33|0.8 142|2 -0 0 4 16
4566 時碩工業|電機機械|2 -10 -18|92 92 10 21|1.0 87|1 -0 0 20 11
4572 駐龍|電機機械|37 34 -18|94 94 31 54|0.6 175|5 1 -1 -31 -28
4580 捷流閥業|電機機械|5 5 3|99 99 8 22|1.3 8|2 5 0 14 9
4581 光隆精密-KY|汽車工業|13 29 15|93 93 49 86|0.6 22|28 4 -1 50 208
4583 台灣精銳|電機機械|-8 -18 -12|100 100 17 37|3.4 6|1 3 0 37 3
4721 美琪瑪|化學工業|-61 -60 -43|72 86 -8 -7|0.6 33|1 1 0 -11 -7
4726 永昕|生技醫療|37 4 0|84 100 9 15|1.2 46|21 3 0 31 8
4728 雙美|生技醫療|6 43 -29|78 78 65 76|1.6 27|15 -7 0 -1 27
4736 泰博|生技醫療|-61 -54 -55|84 93 0 7|0.8 46|10 -2 4 -9 1
4739 康普|化學工業|-50 -46 -35|69 87 -6 -4|0.5 37|2 -8 -0 -0 7
4741 泓瀚|化學工業|40 0 -8|88 88 33 42|0.2 7|1 3 0 -58 358
4743 合一|生技醫療|9 9 -929|81 83 -11 1|0.9 496|7 -2 -1 -11 -2
4744 皇將|生技醫療|-33 72 64|98 98 36 66|0.8 72|6 6 0 7 -23
4746 台耀|生技醫療|38 20 -6|94 94 19 21|3.1 236|13 1 0 1 30
4747 強生製藥|生技醫療|32 38 9|99 99 149 164|2.0 171|3 -4 0 149 333
4755 三福化|化學工業|-20 -22 -8|82 94 9 19|0.4 63|30 2 1 7 -13
4763 材料*-KY|化學工業|120 115 28|93 93 59 208|1.2 2088|62 0 -0 19 -12
4766 南寶|化學工業|-7 -11 -22|95 95 20 30|0.7 36|15 -9 4 -10 -21
4768 晶呈科技|化學工業|-33 -5 -57|86 97 8 24|0.6 44|5 -3 0 38 31
4770 上品|化學工業|39 9 -36|84 93 6 6|0.5 177|7 1 1 -2 14
4904 遠傳|通信網路|5 4 1|92 94 3 17|1.6 658|18 9 10 40 1
4906 正文|通信網路|13 45 4|100 100 17 33|3.5 189|17 -2 0 43 370
4908 前鼎|通信網路|-21 -11 -0|98 98 31 39|2.9 27|4 -1 0 7 39
4911 德英|生技醫療|482 513 62|94 94 25 59|0.6 10|1 -6 0 na 267
4915 致伸|電子零組|-19 -17 -17|93 99 9 19|1.8 197|48 -9 7 -31 58
4916 事欣科|電腦及週|66 48 -9|91 91 31 65|0.9 254|2 -1 0 11 -5
4919 新唐|半導體業|-20 -18 -8|81 81 -14 8|0.5 438|6 -3 -3 -4 30
4927 泰鼎-KY|電子零組|-20 -18 -4|93 100 10 19|0.7 67|18 10 0 1 -23
4930 燦星網|電器電纜|-37 -33 -2|88 88 -1 6|0.5 6|5 -2 0 13 88
4931 新盛力|電腦及週|-34 -7 -62|81 88 -2 -2|0.3 50|2 -3 -0 -4 6
4934 太極|光電業|3 54 -31|93 93 6 19|0.8 41|1 -0 0 na na
4935 茂林-KY|光電業|7 -7 5|91 97 -0 3|0.7 6|26 1 0 -5 -7
4938 和碩|電腦及週|-3 9 5|96 96 9 19|1.4 668|33 -10 13 -24 55
4942 嘉彰|光電業|-17 -31 -5|100 100 10 17|1.5 6|12 11 0 -16 -13
4945 陞達科技|半導體業|-44 -47 -4|91 97 31 41|0.7 6|4 2 0 41 -24
4950 金耘國際|鋼鐵工業|-23 -53 27|59 69 -6 -31|0.1 75|1 1 0 na na
4951 精拓科|半導體業|-33 -34 -6|na 91 38 57|0.6 30|1 -1 0 367 200
4952 凌通|半導體業|-39 -41 -1|82 94 -4 16|2.4 19|6 -5 0 -4 -12
4953 緯致|資訊服務|10 10 -10|89 89 -2 42|0.3 96|13 -1 -2 3 10
4958 臻鼎-KY|電子零組|-28 -31 -30|88 95 -2 2|0.8 363|65 -31 12 16 8
4960 誠美材|光電業|-9 -21 7|90 90 -6 18|0.7 33|7 -2 0 -9 80
4961 天鈺|半導體業|-19 -26 6|82 82 -10 30|0.4 333|18 -4 2 -3 9
4966 譜瑞-KY|半導體業|-52 -51 -20|85 88 -1 33|0.6 966|58 -9 0 -15 -6
4967 十銓|半導體業|121 199 155|89 89 5 137|1.3 629|3 -2 0 83 78
4968 立積|半導體業|-20 -23 -6|92 92 39 58|0.4 850|13 -4 1 10 17
4971 IET-KY|半導體業|-42 -49 -36|83 84 -12 15|0.5 6|13 4 0 -10 -0
4973 廣穎電通|半導體業|27 16 7|100 100 21 53|1.5 45|9 4 0 -8 41
4974 亞泰|電子零組|-3 -6 -9|97 97 2 24|0.6 23|7 -14 0 23 38
4976 佳凌|光電業|-27 -16 -1|82 82 -14 11|0.7 21|1 -1 0 -3 6
4977 眾達-KY|通信網路|-37 3 -39|71 71 -21 -8|0.6 305|29 -6 -3 -8 28
4979 華星光|通信網路|105 74 -31|100 100 126 139|1.3 2308|10 0 -0 14 -49
4994 傳奇|資訊服務|-12 -16 20|92 92 3 21|5.6 25|2 3 0 19 -3
4995 晶達|光電業|10 -21 -11|91 91 -8 34|0.5 5|3 -1 0 4 47
5009 榮剛|鋼鐵工業|16 18 -12|99 99 19 67|0.7 799|21 2 4 -8 -3
5011 久陽|鋼鐵工業|-7 -19 -27|90 95 -1 11|0.6 9|2 4 0 -1 -4
5014 建錩|鋼鐵工業|-36 -22 -11|82 82 -9 -15|0.7 5|3 11 0 -4 -1
5015 華祺|鋼鐵工業|-37 -40 -26|68 82 -11 -16|2.1 8|8 -6 0 -16 -18
5201 凱衛|資訊服務|40 3 -2|94 94 32 26|0.7 9|6 0 0 37 136
5203 訊連|資訊服務|2 2 -9|81 81 -11 10|0.4 23|10 2 0 -3 -9
5209 新鼎|其他|163 152 71|95 95 83 157|0.2 44|4 11 0 na -30
5211 蒙恬|資訊服務|-16 -8 -18|78 78 -9 44|0.2 7|9 -2 0 -3 5
5213 亞昕|建材營造|-86 -45 -113|95 95 6 20|0.5 5|1 -3 0 12 -4
5222 全訊|半導體業|28 32 1|83 83 -1 35|0.3 230|6 -1 1 -16 18
5225 東科-KY|其他電子|-12 -17 -30|92 92 15 34|0.7 48|55 -9 -2 8 35
5227 立凱-KY|電子零組|138 161 1|84 84 4 2|0.3 24|2 -1 0 na na
5234 達興材料|光電業|-2 -7 15|100 100 43 77|1.3 64|9 17 -7 45 -34
5236 凌陽創新|半導體業|-13 -27 13|94 94 17 61|0.6 36|2 -0 2 -11 -25
5243 乙盛-KY|光電業|3 11 -6|90 90 22 37|0.3 317|60 6 -4 5 -28
5258 虹堡|電腦及週|30 29 -21|92 92 26 69|0.7 940|12 1 -0 8 -47
5263 智崴|文化創意|-3 7 -6|90 90 6 8|1.4 32|15 -3 -6 15 -3
5269 祥碩|半導體業|-5 21 29|79 79 -8 47|0.9 666|16 8 -15 16 -20
5274 信驊|半導體業|-52 -50 -53|93 93 8 62|0.9 1229|54 2 3 -12 -17
5284 jpp-KY|其他|56 46 -2|87 87 29 106|0.2 243|59 2 -6 -1 -28
5285 界霖|半導體業|-32 -24 -11|83 83 -14 25|1.2 28|2 -5 -1 5 9
5287 數字|數位雲端|8 11 -3|96 96 4 10|1.3 7|26 -36 0 119 3
5288 豐祥-KY|電機機械|-3 -2 -27|94 94 5 19|1.3 13|63 2 -19 -11 3
5289 宜鼎|電腦及週|-29 -25 -10|95 95 5 86|0.6 552|30 -1 2 1 9
5299 杰力|半導體業|-38 -35 4|81 90 -2 15|0.7 17|2 -4 0 6 5
5301 寶得利|觀光餐旅|466 444 289|81 81 44 59|0.7 15|4 2 0 na na
5306 桂盟|運動休閒|-39 -31 -10|92 98 7 11|2.2 52|17 5 -20 126 -31
5309 系統電|電子零組|-12 -7 -30|87 87 -7 3|0.5 82|2 3 -8 1 28
5312 寶島科|生技醫療|44 24 -3|92 92 30 46|0.8 26|9 2 0 53 168
5315 光聯|光電業|-9 -5 -3|93 93 -1 25|1.2 9|9 -8 0 14 -31
5321 美而快|數位雲端|-6 19 4|80 80 8 45|0.2 28|1 -6 0 -5 39
5324 士開|建材營造|27 47 0|88 88 19 25|0.4 11|6 1 0 na na
5328 華容|電子零組|10 6 1|89 89 25 44|0.4 19|1 2 0 -33 na
5340 建榮|電子零組|-32 -37 -23|81 81 10 104|0.6 129|49 -1 0 na -11
5347 世界|半導體業|-41 -37 -24|87 87 -10 7|1.2 347|27 -26 2 12 17
5351 鈺創|半導體業|-44 -52 0|72 85 -9 9|0.5 129|8 3 -0 -7 -3
5353 台林|通信網路|5 33 5|81 81 -7 51|0.4 45|3 -2 -0 -5 -30
5356 協益|電腦及週|-10 -17 -7|100 100 50 61|1.3 13|4 13 0 -12 -7
5371 中光電|光電業|-27 -17 -3|88 88 7 40|0.5 122|19 -2 -2 -19 -10
5381 光譜|電機機械|775 549 423|100 100 54 275|0.7 21|0 -3 0 na na
5386 青雲|電腦及週|-28 -54 -17|90 90 46 61|0.7 101|5 0 0 66 -1
5388 中磊|通信網路|9 11 -28|100 100 26 54|3.9 384|37 -1 3 20 13
5392 能率|光電業|-6 -13 3|97 99 5 12|2.0 8|4 7 0 -0 -5
5403 中菲|資訊服務|15 24 10|94 94 20 52|0.4 25|8 5 0 -8 -9
5410 國眾|資訊服務|-8 1 -93|88 88 -4 1|0.5 10|3 -5 0 -65 -2
5425 台半|半導體業|-5 -7 -15|86 86 -4 33|0.7 650|10 -6 1 -4 51
5426 振發|電腦及週|-35 -30 -40|100 100 33 24|2.7 51|1 -0 0 131 66
5434 崇越|電子通路|-12 -7 -18|95 95 2 16|1.2 103|30 -13 -2 4 33
5439 高技|電子零組|62 43 31|100 100 33 91|1.2 240|16 2 -2 27 18
5443 均豪|半導體業|-27 -34 -30|98 98 14 17|0.5 42|3 0 0 8 -9
5452 佶優|其他電子|-14 -25 -1|95 95 13 59|3.3 7|9 -2 0 -7 -1
5457 宣德|電子零組|-11 -16 -9|81 90 -5 7|0.6 23|37 3 -2 -3 -2
5464 霖宏|電子零組|-55 -20 -6|94 94 15 29|0.5 15|1 2 0 0 19
5465 富驊|電腦及週|32 33 31|94 94 128 205|1.3 598|1 -0 0 12 -33
5469 瀚宇博|電子零組|-7 -4 11|100 100 37 52|1.8 223|15 5 12 4 59
5471 松翰|半導體業|-32 -41 7|80 91 -6 -2|0.8 10|13 -10 0 -14 -4
5474 聰泰|電腦及週|-48 -37 -9|88 88 20 53|0.9 87|5 3 0 35 74
5475 德宏|電子零組|-10 -4 38|82 82 -15 36|0.6 8|0 -1 0 0 na
5478 智冠|文化創意|4 7 4|91 91 17 38|2.2 102|31 -5 -0 10 5
5483 中美晶|半導體業|-3 5 -10|97 97 4 16|0.9 567|23 3 2 -12 -33
5498 凱崴|電子零組|-33 -27 -9|94 94 15 15|0.3 16|2 -0 0 -21 28
5508 永信建|建材營造|262 127 113|100 100 22 28|2.1 13|1 12 2 24 4
5511 德昌|建材營造|31 40 9|100 100 123 146|0.5 85|4 -0 -0 13 42
5512 力麒|建材營造|7 19 5|90 90 3 19|0.7 29|7 3 0 -11 3
5519 隆大|建材營造|-1 105 -14|100 100 4 10|0.7 7|3 -5 0 -2 -29
5522 遠雄|建材營造|-94 -61 -24|99 99 13 10|0.5 41|7 -24 28 -3 13
5530 龍巖|其他|-2 5 -0|85 92 -6 -4|1.3 11|56 -16 0 -1 6
5531 鄉林|建材營造|-10 619 478|82 82 20 18|0.4 33|4 2 0 2 29
5533 皇鼎|建材營造|296 48 -201|98 98 9 11|2.1 7|4 -4 0 1 30
5534 長虹|建材營造|-13 -39 -406|96 96 1 10|1.1 31|11 -10 0 -1 -16
5536 聖暉*|其他電子|4 7 -25|73 98 15 52|0.8 44|20 -3 1 -5 -2
5607 遠雄港|航運業|-12 -15 -18|89 89 -0 30|1.0 59|2 -4 0 2 31
5608 四維航|航運業|-51 -51 -32|73 76 -11 -12|1.0 43|4 4 -0 -6 -5
5609 中菲行|航運業|-54 -56 -25|100 100 8 33|3.6 41|17 -3 0 22 12
5703 亞都麗緻|觀光餐旅|123 127 26|89 89 62 78|0.8 19|7 -0 0 na na
5704 老爺知|觀光餐旅|22 12 -145|90 90 15 37|1.7 70|1 -1 0 23 -23
5706 鳳凰|觀光餐旅|2013 1805 1021|91 91 74 82|0.6 1485|8 -0 -0 5 -15
5864 致和證|金融業|888 396 329|100 100 110 181|1.5 56|1 -0 0 28 64
5871 中租-KY|其他|15 13 -5|86 86 -8 -5|0.7 652|73 -25 -2 11 -4
5876 上海商銀|金融保險|23 12 -10|88 96 -2 3|0.6 173|56 -25 6 -1 8
5880 合庫金|金融保險|9 32 18|99 99 8 8|1.0 192|18 5 -1 -14 -25
5904 寶雅|居家生活|27 18 -1|95 95 3 32|0.8 174|32 16 -5 -28 -6
5905 南仁湖|觀光餐旅|88 36 -30|94 94 16 20|0.5 39|2 -1 0 50 26
5906 台南-KY|貿易百貨|53 45 -18|100 100 159 206|1.1 19|20 5 0 39 9
6005 群益證|金融保險|10 52 53|97 97 21 31|0.6 85|18 4 1 -21 -18
6015 宏遠證|金融業|193 75 31|98 98 19 31|0.8 22|3 -0 0 9 15
6016 康和證|金融業|189 41 -26|99 99 31 45|1.6 61|5 9 0 6 -51
6024 群益期|金融保險|-54 -32 -33|97 97 5 21|0.8 24|1 -18 -0 -5 129
6026 福邦證|金融業|-1 105 139|98 98 26 34|0.6 35|4 6 0 4 8
6101 寬魚國際|文化創意|71252 24539 14505|77 77 -12 54|0.7 27|0 -2 0 na na
6104 創惟|半導體業|-29 -38 2|63 88 -6 29|0.5 189|5 -6 -0 3 8
6109 亞元|通信網路|-3 -12 -16|86 86 -8 10|0.5 7|5 -2 0 2 -13
6111 光聚晶電|文化創意|108 133 -99|91 91 67 69|2.7 651|14 -0 0 3 5
6112 邁達特|資訊服務|22 24 13|100 100 98 143|0.6 355|7 7 -0 -20 -13
6114 久威|電子零組|-45 -30 4|87 94 16 16|0.6 7|2 -0 0 3 -14
6115 鎰勝|電子零組|-15 -15 -2|100 100 4 10|0.8 7|5 6 -0 -20 -17
6116 彩晶|光電業|-37 -29 6|95 95 4 21|1.4 312|8 2 0 12 10
6117 迎廣|電腦及週|-6 -18 -10|86 100 26 35|3.8 7|3 -2 0 13 4
6118 建達|電子通路|-21 -9 -5|66 74 -15 -13|0.4 19|1 -2 0 -3 5
6120 達運|光電業|54 7 38|96 96 43 73|0.9 41|7 -1 0 81 -18
6121 新普|電腦及週|-15 -16 -10|100 100 4 19|1.0 176|47 -6 14 -34 -38
6122 擎邦|電機機械|252 161 87|100 100 56 184|0.6 290|5 -0 0 21 4
6123 上奇|資訊服務|-7 5 -13|100 100 10 37|0.5 9|3 -9 0 -36 -5
6124 業強|電子零組|-5 -7 9|100 100 87 91|4.5 24|50 -0 0 90 -9
6125 廣運|電機機械|31 29 -5|100 100 156 202|0.8 941|4 -3 0 61 41
6126 信音|電子零組|3 -7 1|100 100 45 61|3.1 28|7 10 0 25 35
6127 九豪|電子零組|12 -6 20|91 91 28 43|0.3 18|2 3 0 -2 -7
6128 上福|電腦及週|-18 -17 -17|97 97 -3 19|0.8 9|5 7 0 -55 0
6129 普誠|半導體業|-26 -10 -19|78 86 -5 11|0.4 44|1 7 0 -7 -10
6133 金橋|電子零組|-41 -23 -35|60 71 -29 -25|0.4 15|2 4 0 -4 9
6134 萬旭|電子零組|-11 -5 -3|81 81 -10 6|0.2 6|23 -0 0 -25 9
6138 茂達|半導體業|-41 -38 -5|90 90 -2 35|0.5 151|11 2 -5 -12 -34
6139 亞翔|其他電子|17 17 -22|98 98 36 76|0.9 190|30 -9 0 -5 48
6140 訊達電腦|資訊服務|-24 -10 -14|87 87 3 23|0.2 7|2 1 0 2 -17
6142 友勁|通信網路|44 49 -25|94 94 12 38|1.7 21|4 1 0 na na
6143 振曜|通信網路|44 38 5|83 83 -13 30|0.5 190|6 -7 -2 -6 25
6146 耕興|其他電子|-10 0 -7|95 95 -2 13|0.9 98|43 1 -3 -29 -9
6147 頎邦|半導體業|-16 -22 1|97 97 -0 19|0.6 229|23 -10 -0 49 52
6148 驊宏資|資訊服務|1206 456 334|95 95 166 307|1.0 322|1 -0 0 25 32
6150 撼訊|電腦及週|44 -4 43|96 96 5 11|0.6 113|8 -4 0 -12 -9
6153 嘉聯益|電子零組|27 4 -2|87 97 8 7|5.6 34|11 -4 -0 9 4
6156 松上|電子零組|-30 -26 -6|92 92 1 9|1.1 6|6 -4 0 -7 18
6160 欣技|電腦及週|-24 43 31|81 81 14 80|0.2 88|6 -3 0 -27 -16
6161 捷波|電腦及週|-16 -27 2|100 100 29 72|1.4 51|7 2 0 -11 37
6163 華電網|資訊服務|-32 -14 -29|74 74 3 35|0.1 35|3 -5 0 3 9
6164 華興|光電業|-17 -18 -1|92 92 10 29|0.6 8|3 7 0 -13 -45
6165 浪凡|數位雲端|-6 -5 -6|97 97 12 24|1.5 21|6 8 0 -5 -9
6166 凌華|電腦及週|27 19 -1|100 100 24 47|2.1 113|13 4 0 11 78
6167 久正|光電業|-11 -12 -9|90 90 31 55|0.2 30|5 -3 0 1 30
6168 宏齊|光電業|-31 -36 -7|93 93 -6 37|0.5 14|7 -8 0 -26 11
6169 昱泉|文化創意|418 849 396|92 92 34 34|4.2 6|0 -0 0 na na
6170 統振|通信網路|-55 -33 1|97 97 4 19|0.8 7|2 -1 0 4 5
6173 信昌電|電子零組|-19 -24 12|97 97 12 24|0.4 19|2 -3 0 -1 8
6175 立敦|電子零組|-1 -6 12|94 94 2 19|0.3 10|17 6 0 -0 -23
6176 瑞儀|光電業|28 9 2|95 95 8 13|1.7 389|35 -12 10 17 47
6177 達麗|建材營造|-61 -81 -140|96 96 -1 8|0.6 9|4 -13 0 1 -5
6179 亞通|其他|7 53 43|97 97 17 54|1.2 55|3 6 0 3 -19
6180 橘子|文化創意|-18 -6 1|88 88 11 22|2.2 166|30 -7 0 -9 30
6182 合晶|半導體業|-14 -13 -20|88 95 -3 14|1.8 156|10 -7 4 -4 7
6185 幃翔|電子零組|34 45 18|77 77 36 68|1.2 74|5 2 0 -13 -6
6186 新潤|建材營造|na na na|96 96 8 34|0.5 6|2 -19 0 -0 12
6187 萬潤|半導體業|-63 -67 -24|99 99 35 41|1.4 253|4 3 0 -5 -8
6188 廣明|電腦及週|-12 -1 -10|100 100 38 99|3.0 657|11 -4 0 34 92
6189 豐藝|電子通路|-15 -16 6|100 100 7 18|1.0 16|7 13 0 12 -62
6190 萬泰科|通信網路|-35 -31 -22|88 100 15 24|1.6 80|1 2 0 -19 -24
6191 精成科|電子零組|4 4 13|100 100 39 69|1.8 166|15 9 3 18 -7
6192 巨路|其他電子|-1 11 7|100 100 8 18|0.6 8|19 18 0 4 -1
6194 育富|電子零組|-14 14 28|90 90 25 29|0.4 20|2 -2 0 46 11
6196 帆宣|其他電子|24 27 -18|96 96 8 23|0.9 134|7 -1 -0 49 -6
6197 佳必琪|電子零組|-7 13 2|99 99 47 74|1.9 61|12 1 0 6 -17
6198 瑞築|建材營造|na na na|87 87 95 108|2.3 26|0 -2 0 na na
6202 盛群|半導體業|-56 -58 -13|81 89 -7 2|1.0 86|13 -10 0 -3 -8
6203 海韻電|電子零組|58 51 66|96 96 75 113|1.3 183|4 0 2 -9 17
6205 詮欣|電子零組|-26 -28 -30|73 73 -11 1|0.4 110|1 -2 -0 -19 10
6206 飛捷|電腦及週|-39 -46 -20|75 97 -1 11|0.9 15|12 -4 -5 -0 -17
6207 雷科|電子零組|-48 -20 3|99 99 11 18|1.2 7|3 5 0 14 7
6208 日揚|半導體業|20 10 -11|95 95 -1 11|1.0 7|2 -1 0 -2 -22
6209 今國光|光電業|-27 -26 -14|87 87 9 14|0.2 19|2 -5 0 -12 6
6213 聯茂|電子零組|-30 -25 -3|85 85 -11 -2|0.6 74|10 -5 -0 -1 -18
6214 精誠|資訊服務|21 13 -3|98 98 46 64|0.7 265|12 -2 5 -28 83
6215 和椿|其他電子|-51 -45 -13|91 91 14 53|0.5 23|9 2 0 -38 -11
6216 居易|通信網路|-29 -40 -7|89 100 6 14|1.7 7|2 8 0 -0 -6
6217 中探針|電子零組|-39 -23 -16|76 96 7 12|1.5 62|1 0 0 16 -1
6218 豪勉|通信網路|10 78 38|91 91 49 54|0.2 51|3 2 0 -5 12
6219 富旺|建材營造|-91 35 76|93 98 19 22|1.3 14|1 2 0 -13 na
6220 岳豐|電子零組|-9 -18 -3|79 98 3 11|1.2 18|3 9 0 -28 -35
6223 旺矽|半導體業|9 6 -3|100 100 36 65|0.7 602|22 3 -0 -15 -7
6224 聚鼎|電子零組|-6 -10 5|87 91 -6 8|0.6 7|9 7 0 -16 -17
6226 光鼎|光電業|-28 -22 -13|83 91 -8 8|0.6 6|3 -1 0 -4 1
6227 茂綸|電子通路|-12 0 -2|87 87 -8 12|0.7 9|2 -6 0 -6 40
6230 尼得科超眾|電腦及週|1 10 -4|88 88 10 36|0.7 12|90 -9 0 7 -9
6231 系微|資訊服務|-12 -11 -5|80 80 -9 37|0.4 49|14 7 0 -7 -4
6233 旺玖|半導體業|-12 -7 -1|92 92 -0 35|0.5 18|3 7 0 -10 11
6234 高僑|光電業|50 81 53|81 81 33 47|0.1 42|12 1 0 -5 1
6235 華孚|電腦及週|52 60 6|99 99 115 367|0.1 1969|10 1 1 3 1
6237 驊訊|半導體業|-50 -48 2|68 80 -12 -7|0.5 11|1 -2 0 -2 -15
6239 力成|半導體業|-28 -24 -10|100 100 17 32|0.9 300|45 10 9 -9 -15
6242 立康|生技醫療|-15 22 -83|96 96 26 59|1.0 6|2 -2 0 na na
6243 迅杰|半導體業|13 38 41|100 100 54 97|1.4 116|6 3 0 36 -27
6244 茂迪|光電業|-27 -6 -6|83 83 -6 25|0.3 198|12 -13 -2 20 51
6245 立端|通信網路|-32 2 -25|79 79 -9 8|0.4 336|15 -16 -5 7 43
6248 沛波|鋼鐵工業|60 46 -4|84 84 15 34|0.2 18|5 -7 0 -6 58
6257 矽格|半導體業|-31 -28 -20|98 98 -1 14|1.0 77|21 4 3 -15 6
6261 久元|半導體業|-32 -37 -10|98 98 -1 14|0.7 10|4 6 0 -3 -0
6263 普萊德|通信網路|35 25 2|100 100 21 57|1.8 15|3 3 0 32 21
6266 泰詠|電子零組|67 66 19|100 100 40 104|0.5 91|5 1 0 -3 13
6269 台郡|電子零組|10 13 2|88 94 -1 -2|0.7 134|26 -18 -8 10 49
6270 倍微|電子通路|-15 -25 -24|93 93 5 21|1.6 8|1 -3 0 134 94
6271 同欣電|半導體業|-18 -20 -12|69 76 -7 -12|0.7 471|23 7 -14 -10 -29
6274 台燿|電子零組|-19 -23 -1|89 89 10 53|0.8 386|31 4 -1 -50 12
6275 元山|電子零組|-14 -6 6|99 99 20 49|1.2 33|3 0 0 12 11
6276 安鈦克|電腦及週|-13 -12 6|100 100 149 228|4.6 96|3 -2 0 72 154
6277 宏正|電腦及週|2 7 -1|99 99 8 15|0.6 20|11 1 0 -20 3
6278 台表科|光電業|-17 -22 -3|95 97 4 8|0.6 110|24 10 -8 1 -20
6279 胡連|電子零組|20 23 -12|93 96 19 16|1.1 463|8 1 1 5 -21
6282 康舒|電子零組|-31 -24 -23|100 100 35 72|0.8 1363|11 -0 -0 8 3
6284 佳邦|電子零組|-8 1 6|92 92 -0 13|0.9 15|3 3 0 -12 -12
6285 啟碁|通信網路|32 39 -8|99 99 -1 24|1.9 794|14 -8 2 14 15
6288 聯嘉|汽車工業|17 19 7|91 91 5 45|0.4 149|6 3 0 1 -53
6290 良維|電子零組|-6 -12 -4|79 79 -11 12|0.6 110|3 -12 0 3 47
6291 沛亨|半導體業|53 29 -2|96 96 104 181|0.7 32|0 2 0 2 0
6409 旭隼|其他電子|-7 -0 -21|97 97 16 29|0.9 245|68 -6 1 92 4
6411 晶焱|半導體業|-15 -28 14|86 86 -8 34|0.5 63|9 -2 0 -7 -11
6412 群電|電子零組|-10 -14 -7|98 98 15 38|0.7 46|14 -4 13 118 12
6414 樺漢|電腦及週|25 24 -10|97 97 5 40|0.9 369|29 8 -3 45 -42
6415 矽力*-KY|半導體業|-48 -47 -24|58 58 -22 -14|1.0 1205|89 1 -6 56 -11
6416 瑞祺電通|通信網路|-8 -10 -15|87 87 -12 11|0.5 46|2 0 -8 -7 -10
6417 韋僑|通信網路|27 24 -0|74 74 -4 55|0.8 99|10 -1 3 -7 -1
6435 大中|半導體業|-39 -30 1|70 92 -1 4|0.3 7|1 3 0 -6 -6
6438 迅得|其他電子|10 20 -1|100 100 19 43|0.6 113|17 4 0 -15 -9
6441 廣錠|電腦及週|159 98 85|89 89 3 23|0.9 98|2 -7 0 2 115
6443 元晶|光電業|49 31 -4|85 90 -6 7|0.4 163|17 5 0 -3 -26
6446 藥華藥|生技醫療|20 60 -354|55 65 -21 -32|0.6 602|12 -9 -3 na 50
6451 訊芯-KY|半導體業|-11 15 -35|100 100 45 29|7.2 16|66 4 0 49 6
6456 GIS-KY|光電業|-19 -30 -15|81 83 -6 -17|0.8 122|49 -13 -6 18 24
6461 益得|生技醫療|-10 40 75|75 88 14 -5|0.3 11|1 -0 0 -11 na
6462 神盾|半導體業|30 -3 -10|100 100 21 74|2.1 64|11 7 0 47 17
6469 大樹|生技醫療|-6 6 -13|87 87 5 33|1.6 197|7 -17 -5 11 35
6470 宇智|通信網路|-18 -9 -48|100 100 43 73|4.1 214|5 -0 0 86 -6
6472 保瑞|生技醫療|116 153 -70|93 93 4 94|1.3 1233|14 2 -2 -6 6
6477 安集|光電業|-2 -20 -66|87 89 5 13|0.2 53|2 0 -2 0 3
6485 點序|半導體業|-7 -18 4|98 98 10 71|0.9 239|10 3 0 -26 10
6486 互動|通信網路|13 33 19|99 99 13 32|1.8 13|2 11 0 55 3
6488 環球晶|半導體業|-1 8 -6|91 91 -3 14|0.6 472|24 -4 -4 -5 -18
6491 晶碩|生技醫療|29 11 3|76 76 -12 -12|0.6 180|9 -26 -1 20 26
6494 九齊|半導體業|-38 -34 8|66 85 -11 -8|1.0 8|4 -7 0 -5 -9
6504 南六|其他|7 14 9|92 94 2 10|1.1 7|5 -3 -0 -7 14
6505 台塑化|油電燃氣|-33 -24 -39|89 95 0 5|0.9 124|7 2 1 39 -4
6509 聚和|化學工業|-11 -9 -14|91 91 -3 13|0.5 39|3 4 0 -11 -6
6510 精測|半導體業|-42 -34 -26|95 95 4 20|1.3 215|6 -2 4 35 30
6515 穎崴|半導體業|43 18 -50|100 100 18 107|1.1 1060|10 -2 3 57 32
6516 勤崴國際|資訊服務|-16 25 -16|100 100 27 38|0.8 12|2 12 0 9 -28
6517 保勝光學|光電業|-22 -19 -32|na 59 -15 61|0.5 126|2 0 -6 na -39
6523 達爾膚|生技醫療|26 37 40|83 83 18 23|0.2 32|6 -5 0 -8 -16
6525 捷敏-KY|半導體業|-26 -13 -10|97 97 1 11|0.9 15|13 -3 0 -9 10
6527 明達醫|生技醫療|15 19 -8|83 83 10 61|0.6 13|1 1 0 na na
6531 愛普*|半導體業|-17 -30 11|88 88 -5 81|0.5 1265|14 -2 -2 -1 15
6532 瑞耘|半導體業|49 31 1|96 96 28 31|0.7 83|2 -0 0 37 -33
6533 晶心科|半導體業|-2 2 -32|79 79 -9 -6|0.6 638|25 -5 1 10 -10
6535 順藥|生技醫療|17155 5777 3096|90 90 43 51|1.0 73|1 -3 0 na na
6538 倉和|電子零組|30 25 6|91 91 30 59|0.3 27|6 2 1 -15 12
6541 泰福-KY|生技醫療|649 1034 na|36 53 -6 -35|0.8 7|27 -17 -0 na na
6546 正基|通信網路|-49 -48 -14|62 96 0 26|1.6 69|1 -5 0 95 -19
6547 高端疫苗|生技醫療|-100 -100 -27|40 79 6 -14|0.6 78|6 -4 0 5 -4
6548 長科*|半導體業|-19 -20 -14|49 95 8 47|0.7 62|6 11 1 -1 16
6550 北極星藥業-KY|生技醫療|-67 -51 17|37 76 -17 -14|1.0 214|71 1 0 17 28
6556 勝品|光電業|-12 -12 -15|64 64 -24 6|1.3 14|0 -3 0 na -50
6558 興能高|其他電子|-28 92 81|84 84 4 27|0.4 13|4 -8 0 9 12
6561 是方|通信網路|0 5 -4|94 94 2 39|1.2 24|13 -9 0 7 9
6568 宏觀|半導體業|-50 -20 -44|79 82 -4 -10|0.3 27|3 -1 0 2 16
6569 醫揚|生技醫療|-6 -15 -25|91 91 29 43|0.8 17|3 1 0 na na
6570 維田|電腦及週|3 12 -11|100 100 26 61|0.5 42|7 6 -1 -31 -59
6576 逸達|生技醫療|-100 -97 -5746|63 65 -29 -7|1.5 30|26 -3 0 na na
6577 勁豐|電腦及週|175 81 61|84 84 79 97|2.8 80|3 2 0 159 121
6579 研揚|電腦及週|-8 -5 -18|94 94 34 55|0.6 107|4 1 -0 -2 -43
6585 鼎基|其他|24 1 -3|100 100 32 58|5.4 7|11 8 0 25 -3
6589 台康生技|生技醫療|-56 -46 -28|70 84 -6 -9|1.0 150|6 -1 -6 1 0
6590 普鴻|資訊服務|24 28 7|88 88 37 88|0.3 9|1 -1 0 na na
6591 動力-KY|電腦及週|-23 -27 4|100 100 9 30|1.0 16|24 -3 0 -7 18
6592 和潤企業|其他|30 28 0|100 100 24 48|0.9 180|28 9 0 22 5
6593 台灣銘板|資訊服務|22 17 22|100 100 29 83|4.1 9|4 11 0 na -4
6596 寬宏藝術|文化創意|401 148 -13024|85 85 33 38|1.2 72|0 -0 0 95 252
6603 富強鑫|電機機械|-23 -23 -17|85 90 -5 -4|0.5 10|2 1 0 -27 4
6605 帝寶|汽車工業|21 10 -3|100 100 31 67|0.9 96|19 4 -0 39 -21
6609 瀧澤科|電機機械|-7 -20 -25|83 83 -5 6|0.8 8|55 -1 0 -4 -9
6612 奈米醫材|生技醫療|25 33 7|88 88 25 99|0.3 35|28 0 0 0 -0
6613 朋億*|其他電子|40 26 -3|66 98 8 23|1.5 13|4 2 0 8 33
6625 必應|其他|245 379 24|92 92 171 230|0.5 215|3 1 0 -5 -21
6643 M31|半導體業|18 26 -8|100 100 57 88|0.4 397|27 -1 -0 3 -8
6664 群翊|電子零組|5 -0 -16|98 98 25 45|1.0 87|6 -0 0 195 72
6667 信紘科|其他電子|1 9 -17|95 95 19 38|0.5 18|6 3 0 -8 -19
6668 中揚光|光電業|-39 -33 -26|88 88 -4 5|1.2 10|20 -3 0 -5 2
6669 緯穎|電腦及週|-23 4 -45|100 100 39 88|1.4 2683|36 -4 8 -15 53
6670 復盛應用|運動休閒|-42 -32 -54|90 90 -1 5|0.9 100|22 -21 18 -43 97
6672 騰輝電子-KY|電子零組|-12 -22 11|100 100 9 24|1.1 61|34 8 0 29 -26
6679 鈺太|半導體業|-32 -36 5|96 96 9 43|0.8 168|7 -3 -8 32 -27
6683 雍智科技|半導體業|-12 -8 -8|93 97 11 22|1.1 86|10 -0 -0 na -2
6689 伊雲谷|數位雲端|5 9 12|na 91 14 68|0.3 162|15 1 -1 na 73
6690 安碁資訊|數位雲端|10 12 -43|81 81 -3 61|0.2 19|2 -11 -1 na 99
6691 洋基工程|其他電子|43 35 -4|100 100 26 76|1.2 250|7 6 1 16 39
6695 芯鼎|半導體業|-24 -9 9|na 91 6 10|0.9 19|1 1 0 625 883
6697 東捷資訊|資訊服務|0 -3 -9|96 96 89 112|1.0 21|0 -3 0 na na
6698 旭暉應材|其他電子|-11 -12 -37|85 85 -8 25|0.4 9|2 -11 -0 -37 21
6703 軒郁|生技醫療|45 62 20|88 88 77 111|0.5 45|16 -4 -1 na 61
6706 惠特|光電業|-69 -74 -12|64 75 -18 -8|0.6 21|6 -4 0 -4 -12
6712 長聖|生技醫療|1 9 -5|83 91 2 9|0.3 88|4 -4 -4 5 24
6715 嘉基|電子零組|-41 -25 -43|80 80 -16 5|0.3 24|1 -1 -3 -3 -5
6719 力智|半導體業|-57 -58 -23|62 81 -4 15|0.6 354|6 -2 -4 2 -3
6732 昇佳電子|半導體業|0 -15 20|76 76 -3 51|0.6 169|5 -4 -4 2 25
6733 博晟生醫|生技醫療|1393 583 234|96 96 41 111|0.9 58|3 -3 0 na na
6741 91APP*-KY|數位雲端|13 13 1|87 87 23 23|0.9 178|60 -4 1 -11 -18
6743 安普新|其他電子|-39 -13 6|88 88 26 93|1.1 149|4 3 0 75 29
6747 亨泰光|生技醫療|-14 -2 -10|90 90 -4 34|0.9 37|6 16 0 na 20
6751 智聯服務|資訊服務|31 26 6|74 74 6 136|0.2 14|0 -1 0 na na
6752 叡揚|資訊服務|8 20 -2|85 85 15 164|0.2 44|1 0 0 na -47
6753 龍德造船|航運業|-44 21 -78|na na -13 na|0.4 78|1 -7 0 na na
6756 威鋒電子|半導體業|-32 -44 -2|79 90 -2 16|0.4 67|3 1 -1 -4 2
6763 綠界科技*|數位雲端|9 8 4|85 85 11 38|0.2 41|4 -3 0 na -22
6767 台微醫|生技醫療|44 47 -3|94 94 21 54|0.7 6|1 -1 0 na na
6768 志強-KY|運動休閒|-22 -6 -97|77 98 4 -1|1.6 10|67 18 0 -11 -34
6770 力積電|半導體業|-50 -48 -28|66 88 -7 -7|0.6 319|14 -2 -1 -1 24
6776 展碁國際|電子通路|15 2 6|94 94 24 64|0.5 33|3 1 0 86 -10
6781 AES-KY|電子零組|-40 -34 -38|70 96 15 23|1.6 552|74 8 5 -15 -23
6782 視陽|生技醫療|-15 -20 -38|na 56 -20 -28|0.5 66|4 -2 -3 na 19
6788 華景電|半導體業|-40 -15 -33|98 98 1 57|1.8 124|2 -2 0 19 4
6789 采鈺|半導體業|-31 -30 -7|na 93 13 30|0.8 556|10 2 -0 62 -26
6790 永豐實|造紙工業|3 12 4|100 100 12 18|1.1 14|2 11 0 79 -37
6791 虎門科技|資訊服務|15 14 -0|na 77 41 141|0.6 16|11 -1 0 na na
6796 晉弘|生技醫療|51 25 18|72 90 0 34|1.2 14|23 3 0 9 -6
6799 來頡|半導體業|-16 -25 -13|77 77 -6 56|0.3 119|10 2 -2 -17 -12
6803 崑鼎|綠能環保|8 14 -3|100 100 21 32|0.6 10|3 7 0 -49 0
6806 森崴能源|綠能環保|36 39 8|99 99 36 46|0.5 392|5 3 -0 -14 9
6811 宏碁資訊|數位雲端|-10 7 -7|na 83 10 88|0.2 92|2 0 1 2 -2
6829 千附精密|半導體業|-30 -32 -11|85 85 45 78|0.2 100|1 1 -2 -14 -32
6830 汎銓|其他電子|26 25 8|na 94 27 79|0.9 170|5 0 0 72 1
6835 圓裕|電子零組|-43 -22 -12|na 91 6 15|0.4 9|6 2 0 11 na
6841 長佳智能|生技醫療|38 47 -334|na na -7 na|2.7 50|2 -1 0 na 200
6843 進典|電機機械|37 38 -9|na 87 -5 52|0.3 10|1 -2 0 na na
6854 錼創科技-KY創|半導體業|198 101 40|na 94 19 11|1.8 15|46 -15 0 na na
6859 伯特光|光電業|1 3 -13|na 80 -16 3|0.4 9|15 2 -3 na 81
6861 睿生光電|生技醫療|-5 -5 -4|na na -20 na|0.2 7|1 -0 0 na na
6863 永道-KY|通信網路|11 8 na|na na -7 na|0.5 53|76 4 0 na na
6869 雲豹能源|綠能環保|-60 -44 -613|na na 8 na|0.6 21|0 -3 0 na na
6873 泓德能源|綠能環保|208 82 5|na na -14 na|0.9 13|4 3 0 na na
6874 倍力|資訊服務|11 5 -40|na 73 4 215|0.3 77|1 1 0 na -4
7402 邑錡|光電業|4 -9 -6|91 91 11 115|2.3 207|6 0 0 na 90
8011 台通|通信網路|-4 10 12|93 93 26 31|0.4 25|6 7 0 -17 -9
8016 矽創|半導體業|-4 -12 20|97 97 3 41|1.4 252|29 -4 10 -16 1
8021 尖點|其他電子|-34 -35 -11|94 94 3 2|0.5 17|7 5 0 -24 -11
8027 鈦昇|電機機械|-71 -71 -47|80 92 11 14|0.5 69|5 -1 0 -11 15
8028 昇陽半導體|半導體業|42 30 12|87 97 2 7|0.3 121|14 6 -1 0 -26
8033 雷虎|其他|4 -11 -13|89 89 21 70|0.4 214|1 0 0 na na
8034 榮群|通信網路|1256 450 280|88 88 48 47|2.5 57|3 1 0 61 2
8038 長園科|電子零組|158 1088 376|84 84 25 38|0.3 64|3 -3 0 na na
8039 台虹|電子零組|-2 -20 -2|99 99 3 6|0.5 6|13 -7 0 -0 -35
8040 九暘|半導體業|-43 -36 -31|76 85 -7 -12|0.4 10|1 -5 0 -2 -10
8043 蜜望實|電子零組|-12 -8 9|90 90 1 15|0.4 5|1 2 0 6 -8
8044 網家|數位雲端|-18 -16 -5|71 73 -16 0|0.7 21|12 -15 0 -4 2
8046 南電|電子零組|-36 -23 -28|93 93 2 18|0.6 1545|10 -6 -5 16 14
8048 德勝|通信網路|90 90 43|100 100 86 110|2.7 140|7 4 -0 1 -42
8049 晶采|光電業|14 7 -16|100 100 1 33|1.1 20|11 4 0 4 1
8050 廣積|電腦及週|30 13 -16|100 100 10 22|3.6 207|7 4 1 23 22
8054 安國|半導體業|19 15 -7|87 96 3 13|0.6 20|2 0 0 -11 -20
8059 凱碩|通信網路|-88 -34 -1|88 88 30 65|0.5 16|2 -1 0 44 514
8064 東捷|光電業|-23 -16 -15|100 100 5 22|0.9 22|9 4 0 -17 1
8069 元太|光電業|-4 -1 -49|90 93 22 37|0.8 2295|36 6 -1 -20 -21
8070 長華*|電子通路|-28 -27 -14|94 94 -3 17|0.3 35|10 2 0 -26 -21
8072 陞泰|電子通路|-17 -16 -1|91 99 12 15|3.5 11|2 -3 0 20 -2
8076 伍豐|電腦及週|-11 -13 -11|97 97 36 43|0.7 210|4 -2 0 22 72
8081 致新|半導體業|-12 -21 5|97 97 10 39|1.2 94|23 -3 6 10 44
8083 瑞穎|電機機械|-42 -48 -6|89 95 4 -3|1.1 8|1 -4 0 47 16
8084 巨虹|電子通路|-39 -8 -41|60 67 -22 -23|0.2 14|0 1 0 na -62
8085 福華|其他電子|-28 11 6|100 100 150 152|1.1 93|4 2 0 4 -20
8086 宏捷科|半導體業|0 -24 25|97 97 4 37|0.8 148|7 1 -0 -15 6
8087 麗升能源|綠能環保|209 86 -114|95 95 57 100|1.1 23|3 1 0 na na
8088 品安|半導體業|-2 -9 -6|100 100 20 59|0.7 106|13 1 0 -24 15
8091 翔名|半導體業|19 -0 -9|89 89 8 15|0.2 43|6 1 -2 -19 -19
8092 建暐|其他電子|20 30 12|88 88 11 3|1.3 5|0 1 0 na 118
8097 常珵|通信網路|-81 -93 -346|72 91 19 -3|0.3 47|2 0 0 -17 8
8099 大世科|資訊服務|17 -1 -6|94 94 54 58|0.3 46|2 4 0 -1 -29
8104 錸寶|光電業|-16 18 -24|92 92 3 20|0.9 7|3 -5 0 17 3
8105 凌巨|光電業|-14 -9 -5|96 96 10 26|1.5 74|60 5 0 -5 -5
8109 博大|電子零組|19 17 -9|98 98 8 15|0.6 9|2 -3 1 69 -11
8110 華東|半導體業|-28 -22 -18|100 100 5 23|1.7 19|4 14 0 -23 8
8111 立碁|光電業|3 -2 15|83 83 -3 34|0.4 9|1 -2 0 -12 -19
8112 至上|電子通路|-21 -31 2|97 97 10 36|1.5 188|19 1 7 30 7
8114 振樺電|電腦及週|-2 -10 -24|70 94 6 9|0.8 60|6 0 1 42 -18
8121 越峰|電子零組|-30 -23 -13|88 88 5 13|0.2 14|0 8 -3 na -28
8131 福懋科|半導體業|-32 -29 -23|98 98 -1 13|0.9 17|6 3 1 -11 6
8147 正淩|電子零組|-28 -28 -27|85 85 3 21|2.0 64|3 -1 0 261 31
8150 南茂|半導體業|-23 -23 4|88 93 -1 16|1.8 140|40 -5 -8 -2 4
8155 博智|電子零組|-31 -27 -20|87 87 10 28|0.4 194|3 -3 -12 -11 4
8163 達方|電腦及週|-4 -12 -7|98 98 6 24|1.1 36|13 -2 0 -28 -20
8171 天宇|綠能環保|-14 -25 -63|80 80 -18 9|0.6 58|2 -0 0 3 3
8183 精星|其他電子|-4 5 -33|78 89 -1 -2|0.3 22|1 -1 0 -3 -4
8201 無敵|其他電子|18 -12 5|96 96 26 55|0.8 8|1 2 0 -44 na
8210 勤誠|電腦及週|-3 10 2|100 100 127 153|2.6 1405|6 -2 3 58 11
8213 志超|電子零組|-15 -28 8|97 97 2 15|2.1 58|20 2 1 35 -28
8215 明基材|光電業|15 9 13|98 98 10 21|0.7 107|8 17 -0 -30 -50
8222 寶一|電機機械|53 64 22|94 94 60 133|0.5 391|5 1 0 0 7
8227 巨有科技|半導體業|82 9 -47|na 85 -7 102|0.7 91|2 -3 0 na 0
8234 新漢|電腦及週|-7 -21 -24|96 96 25 54|1.1 195|9 -0 0 -29 12
8240 華宏|光電業|-9 -23 4|100 100 16 16|0.9 5|7 11 0 -19 -1
8249 菱光|電子零組|3 -2 -16|99 99 12 24|1.2 7|4 5 0 -11 -1
8255 朋程|電機機械|26 23 3|88 88 -11 7|0.8 153|5 -2 -5 17 -5
8261 富鼎|半導體業|-42 -36 -8|86 92 2 0|0.5 79|6 8 -1 -6 -18
8271 宇瞻|半導體業|-8 -10 -5|99 99 24 55|1.2 130|12 2 0 -2 -38
8277 商丞|半導體業|-26 -17 -27|98 98 19 60|2.3 16|0 0 0 na na
8289 泰藝|電子零組|-37 -28 -15|83 83 -8 13|0.5 14|3 -3 0 -5 5
8299 群聯|半導體業|-37 -40 -13|97 97 9 37|0.9 647|34 5 1 2 -12
8341 日友|綠能環保|-5 -15 -12|79 90 -3 -9|0.9 58|10 -15 -10 14 -1
8349 恒耀國際|鋼鐵工業|29 20 7|84 96 2 11|0.7 20|2 8 -2 -6 -24
8358 金居|電子零組|-36 -27 -1|92 92 4 23|1.1 429|6 -5 0 17 58
8383 千附|半導體業|-43 -27 -26|89 89 -3 11|0.2 12|7 -1 0 -11 11
8390 金益鼎|綠能環保|-2 0 -7|92 92 11 15|0.2 15|3 3 0 -10 -4
8403 盛弘|生技醫療|-13 -17 -15|87 87 18 18|1.3 58|2 -1 0 41 19
8410 森田|電腦及週|14 -1 6|99 99 63 63|0.6 7|1 4 0 47 -1
8415 大國鋼|鋼鐵工業|-4 -6 -14|92 93 -1 -7|0.8 7|10 7 -0 -7 -3
8420 明揚|運動休閒|17 23 -13|93 93 3 33|0.9 44|4 -8 0 42 -20
8422 可寧衛*|綠能環保|24 1 -55|97 97 11 18|1.2 57|12 -8 30 -4 14
8426 紅木-KY|其他|150 123 58|85 85 71 140|0.7 69|68 -1 -2 -3 27
8431 匯鑽科|其他電子|-21 -23 2|98 98 5 37|1.7 14|2 1 0 22 5
8433 弘帆|居家生活|22 6 5|95 95 19 40|0.8 21|2 -0 0 28 1
8436 大江|生技醫療|5 10 11|77 77 -10 5|0.3 100|25 -4 -7 9 3
8440 綠電|綠能環保|1 -4 -1|64 85 -6 -3|0.2 10|1 -0 0 -2 33
8442 威宏-KY|其他|-15 -6 -43|86 86 -6 5|0.3 6|62 -3 0 -41 4
8446 華研|文化創意|31 48 23|76 76 38 48|1.0 265|6 2 -0 134 84
8454 富邦媒|數位雲端|4 7 -5|76 76 -22 12|0.6 353|25 -4 -7 16 34
8462 柏文|運動休閒|34 19 -3575|100 100 8 33|1.0 13|2 10 0 -5 -32
8464 億豐|居家生活|-19 -14 -5|95 95 6 23|0.7 116|44 -3 -4 5 -30
8476 台境*|綠能環保|-49 -48 -265|98 98 14 37|0.7 13|3 -8 0 -11 -10
8478 東哥遊艇|運動休閒|45 15 -3|92 92 13 99|0.5 1614|46 -1 -1 39 50
8905 裕國|其他|61 89 41|85 85 20 38|0.6 25|2 3 0 -23 -10
8916 光隆|其他|3 -13 -29|88 98 2 6|0.9 22|4 -4 0 -4 22
8924 大田|運動休閒|-57 -59 -49|78 78 -20 -8|0.5 35|4 -12 0 -10 46
8926 台汽電|油電燃氣|225 90 63|96 96 36 79|0.6 225|7 1 0 53 -29
8927 北基|油電燃氣|19 10 -8|97 97 19 35|0.5 35|1 -3 0 -14 -3
8930 青鋼|鋼鐵工業|11 2 -1|91 91 27 33|0.7 12|5 6 0 -12 23
8931 大汽電|油電燃氣|31 31 -29|77 77 -16 64|0.3 19|1 -1 0 -25 -4
8932 智通*|數位雲端|25 6 25|90 90 37 49|1.4 31|31 2 0 -7 -1
8933 愛地雅|運動休閒|-4 -7 -18|46 69 -11 -25|0.7 8|3 -18 0 na -29
8936 國統|其他|18 1 18|98 98 16 45|2.2 83|11 9 0 2 -41
8938 明安|運動休閒|-42 -30 -43|75 75 -20 -7|0.7 35|9 -19 1 -2 -6
8940 新天地|觀光餐旅|229 119 -80|89 89 33 95|0.4 40|8 0 0 na na
8942 森鉅|其他|-2 10 10|100 100 18 31|2.0 30|23 10 0 39 -9
8996 高力|電機機械|117 96 33|100 100 60 119|1.3 1098|18 0 0 15 -16
9802 鈺齊-KY|運動休閒|-15 -2 -42|68 83 1 -15|1.3 188|38 -4 9 -5 13
9904 寶成|運動休閒|-3 -3 -18|91 91 1 -7|0.7 119|47 -2 -13 5 38
9906 欣巴巴|建材營造|32 76 -450270|100 100 24 47|2.4 12|1 1 0 26 74
9907 統一實|其他|-20 -12 -2|96 96 3 17|1.0 61|19 -4 0 -12 19
9910 豐泰|運動休閒|-18 -19 -52|95 95 3 -5|1.9 240|17 -15 1 37 73
9911 櫻花|居家生活|7 -4 -8|99 99 6 8|0.9 8|18 -13 -3 -6 -14
9914 美利達|運動休閒|-6 -6 -30|83 100 32 27|1.2 178|39 8 2 -20 64
9917 中保科|其他|13 11 1|98 98 12 21|0.7 67|42 9 5 0 4
9919 康那香|其他|10 4 11|97 97 10 9|0.6 86|5 -1 0 -3 -8
9921 巨大|運動休閒|-3 4 -5|92 100 33 11|0.8 283|46 4 1 -33 5
9924 福興|居家生活|-9 -12 -6|100 100 4 11|0.6 10|12 4 -0 34 10
9925 新保|其他|-3 -2 -2|99 99 2 6|1.7 7|18 16 0 100 -12
9927 泰銘|其他|-11 -7 2|99 99 6 21|0.5 7|12 -1 0 -7 -7
9930 中聯資源|綠能環保|13 9 2|100 100 14 19|0.6 9|2 19 0 27 -10
9933 中鼎|其他|24 4 -14|85 92 1 1|0.6 42|14 -9 0 -8 3
9934 成霖|居家生活|-9 -13 -10|92 92 1 3|0.4 6|16 -17 0 -11 3
9938 百和|其他|-45 -47 -30|80 84 -8 -4|1.1 33|22 -36 -1 8 5
9939 宏全|其他|5 9 -7|99 99 9 25|1.0 195|24 -14 4 2 51
9940 信義|其他|24 -7 10|93 98 3 9|1.0 6|5 -7 -0 -23 -12
9941 裕融|其他|18 17 0|100 100 13 30|0.9 126|6 12 -2 -14 -56
9942 茂順|其他|21 37 18|94 94 25 42|0.4 78|9 5 -5 -21 -33
9943 好樂迪|觀光餐旅|113 63 -1201|90 90 39 51|0.6 196|3 3 0 60 149
9944 新麗|其他|-26 -17 -10|94 94 10 11|0.5 10|1 -1 0 -5 3
9945 潤泰新|其他|66 10 -13|74 79 2 -19|0.7 171|13 1 0 -11 -2
9951 皇田|電機機械|25 21 5|98 98 7 13|0.6 8|8 4 0 62 -50
9955 佳龍|綠能環保|91 27 41|79 79 -9 10|0.1 10|1 -4 0 5 1
9958 世紀鋼|鋼鐵工業|19 67 59|100 100 45 53|2.6 288|17 9 1 8 -10
9962 有益|鋼鐵工業|33 6 -16|91 91 3 27|0.8 12|5 19 0 -17 -4
