# 2023-03-01 全池(1039 檔)。欄位:代碼 名稱|產業|最新月YoY 3月YoY均 加速度|距52週高% 距120日高% 60日漲% 120日漲%|量能比 日均值M|外持% 外20 投20 資20 券20(外資持股比;外資/投信20日淨買佔成交值%;融資/借券餘額20日變化%)
1101 台泥|水泥工業|-3 4 -3|85 95 16 -5|1.5 626|21 -2 3 8 -5
1102 亞泥|水泥工業|-35 -18 -17|98 98 8 3|0.8 175|19 -2 -0 -36 -10
1103 嘉泥|水泥工業|21 22 17|93 93 15 9|5.2 7|5 6 0 71 14
1104 環泥|水泥工業|-15 6 -8|99 99 12 10|1.1 15|14 17 0 25 3
1108 幸福|水泥工業|-9 22 8|96 96 33 26|7.4 5|1 -1 0 220 67
1201 味全|食品工業|-5 -6 -5|92 99 9 1|1.5 11|11 11 0 24 -20
1210 大成|食品工業|-8 6 -4|97 100 18 6|4.4 64|10 -2 0 104 16
1215 卜蜂|食品工業|-11 5 -8|100 100 8 5|4.4 38|39 -7 1 123 9
1216 統一|食品工業|-4 6 -4|99 99 5 1|0.8 349|41 -17 -3 11 33
1217 愛之味|食品工業|1 2 1|91 99 11 13|1.6 16|8 8 0 -1 -15
1218 泰山|食品工業|-1 3 -7|64 64 -21 -15|0.5 61|3 2 0 51 1
1219 福壽|食品工業|-7 1 -13|81 99 15 -1|3.8 18|5 -2 0 20 36
1227 佳格|食品工業|-22 -15 -2|85 99 5 0|0.9 20|7 16 -0 -5 -7
1229 聯華|食品工業|-7 -6 -13|81 94 9 -5|0.9 47|11 3 -0 -11 13
1231 聯華食|食品工業|1 12 -0|99 99 21 13|1.1 17|3 13 0 2 3
1232 大統益|食品工業|-1 16 -3|91 91 1 -6|0.5 8|1 -2 0 -25 7
1234 黑松|食品工業|11 8 6|100 100 7 4|0.9 11|6 4 0 -36 35
1256 鮮活果汁-KY|食品工業|-53 -19 -4|100 100 39 30|3.1 9|4 2 0 21 -8
1268 漢來美食|觀光餐旅|41 23 -59|98 98 35 39|3.1 71|2 3 -1 97 66
1301 台塑|塑膠工業|-40 -34 -22|89 98 2 -3|0.9 446|34 -7 1 5 -4
1303 南亞|塑膠工業|-42 -34 -17|88 96 -1 6|0.7 288|30 -4 9 -7 -11
1304 台聚|塑膠工業|-36 -25 -14|86 98 21 2|0.5 41|34 2 -3 -6 5
1305 華夏|塑膠工業|-32 -23 -8|84 95 34 14|0.5 63|9 -4 1 13 -16
1308 亞聚|塑膠工業|-40 -25 -25|80 97 8 2|0.5 35|10 15 -7 -7 -17
1309 台達化|塑膠工業|-33 -28 -13|74 97 14 -2|0.5 22|3 5 1 -16 -16
1310 台苯|塑膠工業|-47 -25 -31|79 97 6 -3|0.8 5|7 10 0 -7 0
1312 國喬|塑膠工業|-21 -28 -7|76 95 14 3|0.4 45|13 5 0 -9 -8
1313 聯成|塑膠工業|-40 -30 -16|72 96 19 8|0.7 23|11 8 0 0 1
1314 中石化|塑膠工業|-55 -58 -26|75 97 3 -5|1.0 75|12 17 0 -4 -10
1316 上曜|建材營造|-54 -1 -170|45 69 -1 -27|1.2 10|2 2 0 2 29
1319 東陽|汽車工業|-14 -2 -15|75 75 -7 -20|0.6 104|26 4 -1 -2 -5
1326 台化|塑膠工業|-16 -13 -15|91 93 -3 1|0.9 156|34 -19 -0 60 9
1336 台翰|電子零組|-5 11 -19|96 96 12 8|1.0 30|6 3 0 58 -4
1339 昭輝|汽車工業|-39 -8 -8|96 96 4 -4|0.8 6|2 6 0 -19 -7
1342 八貫|其他|17 20 -9|97 97 68 114|2.1 865|52 -0 0 13 38
1402 遠東新|紡織纖維|-8 -7 -17|96 96 4 1|0.6 216|18 -0 -3 2 -7
1409 新纖|紡織纖維|-33 -27 -27|91 97 4 -0|0.6 33|13 15 1 -8 -5
1417 嘉裕|紡織纖維|-14 -15 -34|87 87 16 29|0.2 30|3 -1 0 2 15
1432 大魯閣|運動休閒|57 27 -61|95 96 54 41|2.0 35|1 0 0 na na
1434 福懋|紡織纖維|-15 -12 -16|99 99 5 -1|1.1 25|8 12 0 -11 9
1437 勤益控|其他|-22 -2 -19|96 96 20 18|3.2 36|6 -0 0 309 125
1438 三地開發|建材營造|879117 886119 31635|98 99 14 -2|1.9 5|0 1 0 -3 -3
1440 南紡|紡織纖維|-22 -8 -16|77 94 6 -6|1.3 19|7 12 0 -3 4
1442 名軒|建材營造|-73 1625 1267|83 83 -9 19|0.8 24|4 -4 -2 -10 4
1443 立益物流|其他|-34 -32 -34|94 94 40 52|0.5 15|0 1 0 25 -14
1444 力麗|紡織纖維|-32 -29 -39|88 88 1 -11|2.8 16|6 -2 0 4 11
1451 年興|紡織纖維|-17 -19 -26|84 85 7 -15|1.0 9|7 -5 0 -15 39
1453 大將|建材營造|50 0 -54399|46 71 8 -31|0.5 7|1 -2 0 31 26
1455 集盛|紡織纖維|-52 -47 -27|69 99 7 -0|0.9 6|2 9 0 4 -6
1467 南緯|紡織纖維|-33 -32 -22|77 90 -6 -3|0.4 18|21 -4 0 -4 -0
1473 台南|紡織纖維|1 5 -33|100 100 35 21|3.4 18|10 4 0 51 13
1475 業旺|紡織纖維|18 21 -274|90 94 7 11|0.9 8|1 4 0 22 12
1476 儒鴻|紡織纖維|-43 -31 -38|84 94 11 6|1.2 350|41 -0 -4 45 24
1477 聚陽|紡織纖維|-16 -10 -20|88 88 -2 17|1.0 368|38 0 -13 1 14
1503 士電|電機機械|7 11 -0|93 93 41 26|3.1 134|31 -4 0 282 195
1504 東元|電機機械|-3 2 -8|95 99 12 3|2.6 177|18 -16 0 57 0
1506 正道|電機機械|-8 -4 -12|94 94 33 33|4.1 17|1 3 0 na na
1513 中興電|電機機械|34 12 1|100 100 75 50|1.2 2584|18 0 1 -10 21
1514 亞力|電機機械|24 35 -2|92 92 35 11|3.9 197|13 3 1 -21 10
1515 力山|電機機械|-74 -77 -0|69 87 2 -12|0.9 16|8 4 0 -4 -15
1516 川飛|其他|13 na na|68 83 -5 -14|1.5 7|1 2 0 17 13
1517 利奇|電機機械|-61 -45 -45|80 80 -9 -18|1.0 8|2 6 0 -6 -4
1519 華城|電機機械|-39 -21 -8|98 98 54 62|2.3 605|10 0 1 10 9
1522 堤維西|汽車工業|1 6 -9|89 93 7 -8|1.3 68|6 1 0 4 -6
1524 耿鼎|汽車工業|-28 1 -19|83 83 4 -17|0.7 116|2 -1 0 6 5
1526 日馳|電機機械|-32 -24 -39|74 74 -5 -24|0.8 6|3 -6 0 -4 -5
1527 鑽全|電機機械|-37 -30 -12|100 100 8 6|2.3 13|11 17 0 15 10
1529 樂事綠能|電機機械|178 76 29|79 95 49 42|0.8 84|2 0 -0 -2 52
1532 勤美|電機機械|-49 -50 -28|97 99 18 11|3.1 13|11 4 1 39 3
1533 車王電|汽車工業|-12 2 -15|72 80 2 -19|2.8 10|6 1 0 3 -2
1535 中宇|電機機械|-19 -4 -6|100 100 12 0|4.1 6|1 2 1 200 36
1536 和大|汽車工業|-5 4 -7|75 75 0 -17|0.8 74|14 -5 -1 -6 -10
1537 廣隆|電機機械|-26 -13 -65|99 99 3 -1|0.7 10|17 3 0 -48 -2
1539 巨庭|電機機械|-72 -71 -46|60 60 -6 -39|0.6 11|3 3 0 5 -12
1540 喬福|電機機械|52 31 -52|98 98 6 11|2.1 9|1 1 0 49 2
1558 伸興|電機機械|-32 5 1|90 93 8 -7|1.1 7|7 -0 0 -3 3
1560 中砂|電機機械|-11 -4 -17|67 72 5 -27|0.3 208|9 -0 0 -1 -7
1565 精華|生技醫療|-29 -21 -11|92 96 12 -1|0.6 36|27 1 -2 -3 12
1568 倉佑|汽車工業|-37 -23 -17|76 78 1 -22|0.6 6|2 9 0 -1 -7
1569 濱川|電腦及週|-33 -27 -36|89 90 7 -11|1.3 6|4 8 0 3 -5
1580 新麥|電機機械|-7 -13 -8|97 100 15 1|1.2 8|6 3 0 -8 7
1582 信錦|電子零組|-46 -41 -36|89 90 4 -9|1.0 8|9 -11 0 -5 9
1584 精剛|其他|23 55 -7|92 92 42 34|1.2 402|4 -0 0 -0 25
1589 永冠-KY|電機機械|-21 4 -2|96 97 32 22|1.8 69|7 2 4 0 5
1590 亞德客-KY|電機機械|-25 -6 -8|100 100 29 37|1.0 755|79 1 3 -51 -46
1591 駿吉-KY|電機機械|-86 -60 na|96 96 30 49|1.5 30|18 1 0 92 8
1593 祺驊|運動休閒|24 42 57|100 100 33 21|2.4 8|6 2 0 21 2
1597 直得|電機機械|-20 -22 -9|92 97 1 7|2.4 6|4 7 0 1 -12
1598 岱宇|運動休閒|9 -3 31|95 95 24 11|1.0 26|6 14 0 14 -26
1603 華電|電器電纜|3 40 -5|83 91 -1 -1|1.4 12|2 2 0 2 5
1605 華新|電器電纜|12 -2 -20|87 87 20 31|0.8 3078|25 -2 -1 14 -15
1608 華榮|電器電纜|-5 -11 -13|71 95 7 -2|0.6 16|2 5 0 -12 -16
1609 大亞|電器電纜|-25 -16 -13|84 96 30 11|1.2 237|10 -1 0 4 24
1611 中電|電器電纜|-26 -21 -9|71 83 3 -19|0.9 12|11 -3 0 4 -1
1612 宏泰|電器電纜|-28 10 11|66 93 17 8|0.5 20|13 -0 0 -17 -0
1618 合機|電器電纜|-32 31 12|92 92 8 13|0.5 5|2 -3 -1 -6 -13
1701 中化|生技醫療|2 13 5|75 75 32 23|0.5 225|11 -4 0 10 127
1702 南僑|食品工業|-9 -1 -4|97 99 7 0|1.5 14|11 12 0 -14 -4
1707 葡萄王|生技醫療|-5 3 -1|100 100 40 30|0.9 127|18 27 4 4 1
1708 東鹼|化學工業|-25 -6 -73|62 81 -2 -16|1.4 72|11 -9 0 11 5
1709 和益|化學工業|-33 -14 -23|83 99 10 1|3.3 15|4 -10 0 20 27
1710 東聯|化學工業|-23 -20 0|84 98 5 2|0.4 10|9 24 0 -6 -4
1711 永光|化學工業|-35 -25 -19|71 89 6 -12|0.4 14|8 18 0 -3 -10
1712 興農|化學工業|-20 -7 -25|90 90 8 -10|1.5 44|16 1 -1 2 -9
1717 長興|化學工業|-39 -22 -17|80 90 0 -6|0.6 32|15 8 -6 -3 6
1720 生達|生技醫療|3 16 -10|90 90 25 20|0.4 75|6 0 0 -12 8
1721 三晃|化學工業|-40 -20 -23|60 83 6 -16|0.9 12|1 1 0 1 0
1722 台肥|化學工業|-22 -31 -46|72 90 4 -11|1.0 81|12 -15 -1 -9 23
1723 中碳|化學工業|-19 -13 -39|90 95 4 -6|1.5 28|10 -3 -0 -17 8
1727 中華化|化學工業|-25 -13 -27|51 78 4 -22|0.6 7|2 12 0 0 -22
1732 毛寶|化學工業|-24 -16 -9|58 76 2 -14|0.2 5|2 -3 0 -11 78
1733 五鼎|生技醫療|-12 -13 -19|91 91 8 -5|0.5 5|6 -2 0 1 13
1734 杏輝|生技醫療|-5 8 -8|86 86 7 -5|0.2 38|6 -1 0 -8 -1
1736 喬山|運動休閒|-20 10 3|81 81 -12 23|0.3 58|8 6 -6 -13 -11
1752 南光|生技醫療|16 27 17|87 87 69 50|0.2 182|4 -1 0 11 77
1760 寶齡富錦|生技醫療|-25 -8 -29|84 84 -3 6|0.2 626|11 -0 -1 -2 19
1762 中化生|生技醫療|83 26 -4|97 97 15 11|0.7 60|9 11 0 -14 -14
1773 勝一|化學工業|-30 -24 -22|66 86 9 -15|2.5 25|5 -3 1 -32 5
1777 生泰|生技醫療|46 65 19|99 99 12 25|0.7 7|2 8 0 44 1
1783 和康生|生技醫療|20 30 12|97 97 52 50|1.3 196|10 1 1 43 66
1784 訊聯|生技醫療|-10 10 4|91 91 14 4|0.9 34|3 -1 0 -26 95
1785 光洋科|其他電子|-41 -37 -16|71 94 12 -6|0.6 54|10 10 0 2 1
1786 科妍|生技醫療|78 30 7|100 100 34 35|1.3 41|5 13 0 1 14
1789 神隆|生技醫療|-11 57 37|90 90 8 -6|0.4 27|5 13 0 -11 -17
1795 美時|生技醫療|112 53 24|95 95 41 58|0.6 4297|73 -2 0 19 15
1796 金穎生技|食品工業|3 4 -16|98 98 62 77|2.1 28|1 2 4 23 0
1802 台玻|玻璃陶瓷|-22 -18 -2|90 90 -8 25|0.3 60|8 19 -1 -13 -24
1808 潤隆|建材營造|27 -1 68|95 95 15 18|0.5 25|2 20 0 2 3
1809 中釉|玻璃陶瓷|-42 -20 -36|93 96 2 7|0.5 22|2 2 0 -14 -14
1810 和成|玻璃陶瓷|-23 -23 -18|86 86 26 69|0.7 108|3 -3 0 13 30
1815 富喬|電子零組|-26 -25 -12|84 87 3 -12|1.1 12|3 12 0 -6 -6
1903 士紙|造紙工業|-21 -15 13|75 85 -2 -15|1.4 6|19 -9 0 -4 19
1904 正隆|造紙工業|-27 -20 -15|85 99 6 1|0.7 28|9 17 0 2 7
1905 華紙|造紙工業|-19 -5 -12|74 95 1 -5|2.0 9|4 7 0 0 -1
1907 永豐餘|造紙工業|-33 -19 -11|81 96 -4 9|1.5 33|16 5 -1 -2 1
1909 榮成|造紙工業|-38 -24 -18|87 98 16 16|0.6 52|12 12 1 -5 12
2002 中鋼|鋼鐵工業|-34 -29 -22|84 94 4 4|0.8 503|20 -7 1 4 -7
2006 東和鋼鐵|鋼鐵工業|-29 -18 -19|82 100 20 12|1.7 80|13 23 -3 -10 -19
2007 燁興|鋼鐵工業|-27 -23 -19|58 95 21 -3|0.6 17|1 10 0 -34 -20
2009 第一銅|鋼鐵工業|-41 -35 -24|70 95 15 26|0.4 150|0 -1 0 -15 7
2010 春源|鋼鐵工業|-40 -30 -21|67 97 7 -2|0.9 9|7 23 0 -11 -7
2013 中鋼構|鋼鐵工業|11 6 -15|99 99 6 3|1.1 12|8 3 0 -59 -11
2014 中鴻|鋼鐵工業|-28 -35 -18|63 92 17 1|0.8 411|8 -1 -1 -28 -17
2015 豐興|鋼鐵工業|-35 -19 -18|76 97 13 4|1.2 15|11 4 3 -70 7
2017 官田鋼|鋼鐵工業|-32 -39 -25|96 96 43 31|2.5 42|2 5 0 -7 -16
2023 燁輝|鋼鐵工業|-31 -33 -24|70 97 13 8|0.7 46|6 12 -0 -25 -15
2027 大成鋼|鋼鐵工業|9 -0 -16|83 96 8 7|0.5 300|15 0 -9 5 -12
2028 威致|鋼鐵工業|-41 -5 1|70 91 22 6|0.4 21|1 -4 1 -5 -1
2029 盛餘|鋼鐵工業|-44 -39 -23|68 98 5 -2|0.6 8|69 7 0 -9 -5
2030 彰源|鋼鐵工業|-39 -32 -37|62 90 5 -10|0.6 24|3 -4 0 -2 9
2031 新光鋼|鋼鐵工業|-36 6 -15|64 89 16 11|0.8 80|11 3 -15 20 -20
2032 新鋼|鋼鐵工業|-36 -9 -6|58 93 12 -1|0.4 10|1 4 1 -11 -7
2033 佳大|鋼鐵工業|-60 -35 -23|62 94 16 3|0.6 6|1 5 0 -11 18
2034 允強|鋼鐵工業|-23 -19 -13|86 97 11 1|1.0 56|9 7 1 -8 -0
2038 海光|鋼鐵工業|-44 -27 -32|67 93 16 -3|0.5 22|2 1 0 -15 -4
2049 上銀|電機機械|-40 -26 -29|91 99 37 14|2.4 986|32 -4 8 -7 83
2059 川湖|電子零組|-35 -9 -28|83 84 1 -11|1.8 116|16 -8 -3 25 15
2062 橋椿|居家生活|-59 -34 -16|84 94 9 -7|1.3 6|10 8 0 -5 11
2063 世鎧精密|鋼鐵工業|-16 -4 -3|100 100 39 38|1.0 6|2 9 7 237 2
2065 世豐|鋼鐵工業|-20 -13 -2|100 100 19 19|1.7 6|2 6 2 54 13
2066 世德|電機機械|5 19 -6|96 96 19 -1|1.0 17|13 8 0 -23 -6
2069 運錩|鋼鐵工業|-26 -28 -28|62 91 7 -11|0.5 7|2 13 0 -15 -22
2101 南港|橡膠工業|-20 -15 -7|86 92 5 -5|1.4 24|7 -1 0 1 5
2102 泰豐|橡膠工業|-18 -12 -27|75 97 9 2|1.5 23|8 6 0 18 -5
2103 台橡|橡膠工業|-12 -11 -14|86 96 9 -1|1.0 43|28 -4 2 15 6
2104 國際中橡|橡膠工業|-18 -20 -22|74 93 0 -2|1.1 30|13 12 0 5 -6
2105 正新|橡膠工業|-26 -15 -11|86 86 1 -4|1.6 87|14 -8 -6 9 -17
2106 建大|橡膠工業|-20 -9 -18|83 86 1 -7|1.0 13|7 11 -2 -7 8
2108 南帝|橡膠工業|-48 -43 6|57 98 16 -2|1.1 43|9 20 -3 -11 -27
2201 裕隆|汽車工業|-14 -3 -1|97 97 49 99|0.7 2026|8 -3 -0 39 24
2204 中華|汽車工業|2 15 14|94 94 15 29|0.4 79|25 7 -1 -44 9
2206 三陽工業|汽車工業|8 6 -17|94 94 11 9|1.6 135|18 3 -1 -8 16
2207 和泰車|汽車工業|-18 2 1|92 92 -1 1|1.5 109|25 -15 -1 320 -1
2208 台船|航運業|-7 5 -9|94 94 25 22|3.3 125|6 3 0 3 -30
2211 長榮鋼|鋼鐵工業|-62 -58 -41|85 85 2 -15|0.6 12|17 15 0 25 2
2227 裕日車|汽車工業|-31 9 14|85 96 11 -3|1.0 6|41 -3 0 na -15
2228 劍麟|汽車工業|-4 7 -11|97 97 4 6|1.2 13|8 7 -1 6 2
2230 泰茂|居家生活|-39 -13 -3|100 100 141 125|2.8 176|7 -0 0 17 -18
2231 為升|汽車工業|-13 4 5|96 96 9 2|1.5 176|8 3 -0 11 -26
2233 宇隆|汽車工業|-24 -5 -7|87 92 10 -7|1.0 12|10 -1 -1 16 16
2236 百達-KY|汽車工業|6 6 2|100 100 110 97|1.1 43|73 -4 0 19 55
2243 宏旭-KY|汽車工業|5476 1797 1287|97 97 57 21|3.2 14|29 -1 0 138 8
2247 汎德永業|汽車工業|-4 5 2|100 100 11 15|2.0 12|4 5 0 106 16
2301 光寶科|電腦及週|-26 -13 -16|98 98 8 6|1.0 409|46 -8 6 -13 -0
2302 麗正|半導體業|-43 -5 -16|91 91 -6 -7|0.6 9|3 -6 0 3 13
2303 聯電|半導體業|-4 5 -24|100 100 11 24|1.0 3042|35 10 3 -22 -6
2305 全友|電腦及週|-34 -24 -15|67 67 -23 -27|0.7 13|5 -0 0 1 7
2308 台達電|電子零組|13 19 -4|95 95 -1 8|1.2 1924|67 10 -3 7 -24
2312 金寶|其他電子|1 18 -12|80 91 -3 2|0.7 47|10 9 0 -11 -16
2313 華通|電子零組|-23 -11 -31|86 86 -4 -12|0.7 330|25 -3 -7 -3 -12
2314 台揚|通信網路|69 49 25|63 85 20 -11|1.1 68|2 1 0 -30 -100
2317 鴻海|其他電子|48 8 -8|90 93 1 -8|0.9 3081|40 -5 -0 -1 -25
2324 仁寶|電腦及週|-24 -34 -22|97 100 16 5|0.9 281|41 6 13 -3 -16
2327 國巨*|電子零組|-17 2 -9|91 94 17 31|0.9 1635|45 5 -2 21 30
2328 廣宇|電子零組|-15 -3 -9|96 96 17 13|0.6 143|13 9 0 -3 -36
2329 華泰|半導體業|-21 -15 -11|89 99 7 4|1.1 70|10 5 0 -2 6
2330 台積電|半導體業|16 30 -12|83 96 7 3|0.9 16794|72 9 0 -7 -11
2331 精英|電腦及週|-44 -47 -46|81 81 -3 -18|0.8 21|9 -0 0 -1 -5
2332 友訊|通信網路|21 6 -7|97 97 18 1|2.0 38|8 4 0 16 6
2337 旺宏|半導體業|-41 -40 -24|81 92 -1 3|0.5 190|20 -4 -3 1 -8
2338 光罩|半導體業|-16 4 -21|83 86 13 10|0.3 288|8 -6 -1 -22 7
2340 台亞|半導體業|-49 -42 -15|71 96 -2 -5|1.2 80|12 5 0 -3 -11
2342 茂矽|半導體業|-21 -14 -22|91 95 15 2|0.7 51|7 11 0 24 -14
2344 華邦電|半導體業|-44 -31 -22|65 94 5 -0|1.5 709|23 -8 -0 -4 6
2345 智邦|通信網路|19 26 -3|99 99 10 1|1.0 905|64 16 -6 -44 -12
2347 聯強|電子通路|-16 -16 -20|84 97 8 11|0.7 199|31 -14 14 -17 -21
2351 順德|半導體業|-20 -12 -15|78 99 26 3|0.9 275|21 -1 6 47 12
2352 佳世達|電腦及週|-23 -16 -20|96 100 5 3|0.9 120|15 2 -2 -12 -36
2353 宏碁|電腦及週|-46 -34 -17|91 99 5 14|0.9 206|31 5 11 -13 -7
2354 鴻準|其他電子|2 22 29|89 98 11 7|0.7 174|17 6 -0 -23 -25
2355 敬鵬|電子零組|-13 -12 -7|78 90 -8 -4|1.1 19|17 -6 0 -8 -1
2356 英業達|電腦及週|-6 -12 -17|100 100 15 13|0.6 166|25 -7 20 -35 -45
2357 華碩|電腦及週|-37 -25 -21|84 98 6 7|0.7 436|43 -18 10 -8 -3
2358 廷鑫|其他|-49 -22 -10|59 90 2 2|0.3 32|2 -0 0 -11 1
2359 所羅門|其他電子|-42 -2 -33|85 99 15 -0|0.8 47|4 3 0 13 2
2360 致茂|其他電子|-8 7 -21|88 88 -6 -2|2.5 200|66 4 -5 49 39
2362 藍天|電腦及週|-15 -27 -9|87 87 -0 -5|1.2 8|10 -25 0 12 15
2363 矽統|半導體業|-43 -4 17|86 91 10 -11|1.7 34|5 4 0 -3 -17
2364 倫飛|電腦及週|25 35 21|73 73 -7 -13|0.3 90|18 -2 0 5 -19
2367 燿華|電子零組|-17 -15 -47|79 79 0 -15|0.6 72|8 2 0 -5 -3
2368 金像電|電子零組|-17 1 -20|89 89 -6 0|1.8 1044|19 3 -10 26 24
2369 菱生|半導體業|-37 -35 -11|65 95 8 -6|1.4 31|14 -5 0 4 -5
2371 大同|電機機械|30 49 29|90 94 5 -4|0.7 162|16 -1 -0 -6 -9
2374 佳能|光電業|-20 -10 -62|74 87 -3 -15|1.1 8|5 5 0 -1 -9
2375 凱美|電子零組|-48 -34 -9|60 88 18 -4|1.3 59|6 -5 0 30 62
2376 技嘉|電腦及週|-42 -12 4|91 100 13 39|0.8 689|20 10 -9 2 -41
2377 微星|電腦及週|-35 -27 -13|95 98 14 19|1.1 370|31 0 7 14 -22
2379 瑞昱|半導體業|-46 -32 -34|84 99 17 17|1.2 1319|48 8 3 -4 -14
2380 虹光|電腦及週|-51 -22 -24|74 78 -20 -24|0.6 7|0 -1 0 na na
2382 廣達|電腦及週|-11 -9 -22|91 99 13 1|0.9 404|23 -15 14 -17 -12
2383 台光電|電子零組|-38 -22 -18|69 95 6 14|0.8 361|38 2 -1 -1 -19
2385 群光|電子零組|-29 -16 -22|99 99 13 11|1.0 131|35 23 1 -9 -14
2387 精元|電腦及週|-40 -20 -21|94 94 -3 1|0.7 12|7 -1 -1 -4 -1
2388 威盛|半導體業|-27 10 -19|97 97 27 8|2.8 817|11 3 -0 45 -17
2390 云辰|其他電子|14 16 12|56 78 -5 -15|1.2 6|2 6 0 3 -18
2392 正崴|電子零組|10 -2 -15|96 96 11 3|0.7 58|14 19 0 -39 -1
2393 億光|光電業|-24 -23 -1|80 98 5 -1|1.3 39|25 5 0 -5 -13
2395 研華|電腦及週|5 6 -10|93 97 14 9|1.1 244|42 0 -0 52 -22
2397 友通|電腦及週|-4 -1 -30|100 100 11 12|2.8 5|21 -2 0 -44 11
2399 映泰|電腦及週|-21 -39 -19|71 94 11 2|2.6 20|4 -3 0 1 5
2401 凌陽|半導體業|-52 -47 -28|75 96 8 -4|1.3 62|12 1 0 0 -12
2402 毅嘉|電子零組|2 19 1|98 98 8 24|0.6 41|13 13 -0 5 -10
2404 漢唐|其他電子|113 139 42|100 100 31 42|1.1 256|26 12 0 48 -7
2405 輔信|電腦及週|8 -9 -6|78 78 0 -19|0.8 18|6 5 0 -5 -13
2406 國碩|光電業|-44 -39 -20|72 85 8 -14|0.4 21|6 6 0 -2 -19
2408 南亞科|半導體業|-67 -65 -26|73 94 -3 7|0.8 382|15 -9 9 1 -7
2409 友達|光電業|-43 -43 -7|83 95 16 7|1.4 1006|26 10 1 -10 -8
2412 中華電|通信網路|2 0 -3|90 93 6 -6|0.9 1012|17 -28 -0 -6 -9
2413 環科|電子零組|-10 24 3|95 95 2 29|0.8 66|5 5 -0 -2 -16
2415 錩新|電子零組|-36 -36 -38|69 87 12 -5|0.9 5|1 -4 0 13 32
2417 圓剛|電腦及週|-42 -22 -5|70 95 9 -0|0.4 6|2 27 0 -11 -14
2419 仲琦|通信網路|39 53 16|91 93 11 -4|1.4 54|3 4 0 19 -11
2420 新巨|電子零組|-15 -10 -9|100 100 9 4|1.8 5|4 -5 0 16 -8
2421 建準|電子零組|-30 -15 -17|91 91 -3 4|0.7 29|22 -9 -6 26 6
2425 承啟|電腦及週|-35 -27 -21|95 95 29 28|1.6 94|13 -4 0 78 46
2426 鼎元|光電業|-26 -32 -8|67 95 2 -6|2.0 6|9 7 0 -17 -12
2428 興勤|電子零組|-21 -9 -7|94 94 24 3|0.6 68|15 9 -3 -7 -12
2430 燦坤|電子通路|-14 -10 -7|91 100 21 7|4.0 10|6 11 0 109 7
2436 偉詮電|半導體業|-53 -38 -15|56 95 15 -8|1.4 97|7 4 0 -13 -16
2439 美律|通信網路|13 -11 -14|94 94 0 7|1.1 40|13 19 0 -8 -22
2441 超豐|半導體業|-50 -43 -21|75 88 9 -13|0.4 52|14 -5 -0 23 -26
2444 兆勁|通信網路|-17 13 8|81 81 31 17|0.7 36|3 -2 0 na na
2449 京元電子|半導體業|-17 -12 -20|99 100 20 12|1.3 186|32 21 0 2 -19
2451 創見|半導體業|-35 -30 -12|100 100 8 6|1.5 20|9 12 5 47 13
2453 凌群|資訊服務|0 0 -1|100 100 104 87|1.3 187|6 1 0 280 99
2454 聯發科|半導體業|-49 -28 -35|77 100 11 17|1.3 4573|61 3 0 3 -27
2455 全新|通信網路|-61 -48 -15|72 93 20 12|0.5 329|29 -2 2 -4 32
2457 飛宏|電子零組|-33 -13 -23|95 97 24 15|3.0 231|7 2 -0 37 -16
2458 義隆|半導體業|-39 -49 -17|68 96 22 7|1.7 233|26 -3 0 -14 29
2461 光群雷|其他電子|-18 -12 -14|84 100 7 6|2.2 6|5 5 0 6 4
2462 良得電|電子零組|-49 -29 -23|87 99 31 12|1.9 37|2 1 0 11 -7
2464 盟立|其他電子|-14 -5 -13|96 96 4 -3|0.9 7|4 2 0 -6 10
2465 麗臺|電腦及週|-72 -51 -9|64 93 10 19|0.4 68|1 -3 0 -0 3
2468 華經|資訊服務|-22 -2 -9|85 85 -9 30|0.4 79|0 -0 -0 14 7
2471 資通|資訊服務|8 -7 -17|97 97 49 45|3.5 138|3 -0 0 336 642
2472 立隆電|電子零組|-34 -20 -21|96 97 15 12|3.1 44|3 1 5 4 30
2474 可成|其他電子|-58 -38 -6|97 97 4 8|1.0 383|45 -2 3 22 -2
2476 鉅祥|電子零組|-24 -5 -8|82 82 6 -14|2.2 39|3 4 0 3 -26
2478 大毅|電子零組|-36 -30 -8|85 96 10 7|1.3 9|5 3 0 5 -7
2480 敦陽科|資訊服務|4 -3 -7|100 100 16 11|2.5 17|6 4 0 18 17
2481 強茂|半導體業|-36 -25 -16|64 95 13 -7|0.6 237|11 2 0 2 -18
2482 連宇|其他電子|173 158 83|95 95 106 86|1.2 187|14 -0 0 20 -28
2483 百容|電子零組|-28 -22 -24|82 82 9 5|1.0 6|2 9 -1 9 -3
2484 希華|電子零組|-19 -14 -13|93 93 9 -4|1.5 160|8 1 0 2 3
2485 兆赫|通信網路|-8 16 10|91 91 3 0|1.0 11|6 12 0 -5 -7
2486 一詮|光電業|-30 -25 -10|47 90 28 -9|0.3 46|3 1 0 -1 -9
2489 瑞軒|光電業|-35 -38 -12|70 91 6 -9|0.8 13|10 19 0 -5 -17
2492 華新科|電子零組|-28 -21 -4|64 96 15 2|1.3 379|15 -1 0 -1 -9
2493 揚博|電子零組|-7 -1 -17|100 100 24 23|2.5 13|5 11 0 40 7
2495 普安|電腦及週|37 24 0|80 80 -2 12|0.4 26|22 -2 0 3 21
2497 怡利電|汽車工業|-2 17 -24|65 83 6 -12|0.4 126|1 -2 -0 6 -3
2498 宏達電|通信網路|-40 -22 -8|96 96 25 7|1.3 2380|14 0 -0 -2 -16
2501 國建|建材營造|188 119 24|93 99 11 -0|0.7 8|7 14 0 -13 2
2504 國產|建材營造|-27 -12 -8|88 97 8 4|2.3 44|15 -2 1 4 10
2511 太子|建材營造|-67 -57 -55|84 95 8 -5|0.6 8|9 6 0 -1 18
2520 冠德|建材營造|-51 15 7|81 96 5 2|0.6 14|15 9 -0 -23 -3
2530 華建|建材營造|-89 -8 -21603|90 90 -8 19|0.6 10|1 -2 -3 3 -3
2534 宏盛|建材營造|59 185 110|90 90 -9 -9|1.5 23|7 -5 0 20 31
2535 達欣工|建材營造|-20 -4 -22|95 99 7 3|1.7 9|7 -9 0 1 10
2538 基泰|建材營造|17 27 -21|91 92 8 -6|1.5 6|12 10 0 25 -9
2539 櫻花建|建材營造|na na na|99 99 8 13|1.0 9|1 13 0 8 3
2540 愛山林|建材營造|-40 -35 -19|80 80 6 -1|0.3 6|0 -9 0 4 30
2542 興富發|建材營造|-44 46 84|94 94 -6 6|0.4 83|9 26 0 -13 -20
2545 皇翔|建材營造|-66 -68 -81|84 98 10 -2|2.0 11|4 -3 0 27 -8
2546 根基|建材營造|48 66 25|99 99 17 9|1.0 6|4 6 0 169 11
2548 華固|建材營造|-28 -74 -1908|98 98 6 -2|1.3 29|19 -2 0 -4 13
2597 潤弘|建材營造|-23 -1 -17|89 94 18 34|0.6 9|1 11 0 -9 1
2601 益航|航運業|-15 -25 -15|81 100 28 3|5.5 15|12 -3 0 10 9
2603 長榮|航運業|-54 -42 -69|49 69 4 -31|1.3 3177|31 8 -1 9 -17
2605 新興|航運業|28 10 13|80 99 38 11|5.2 50|39 6 1 -1 -15
2606 裕民|航運業|-15 -22 -20|89 94 36 43|2.2 192|10 3 3 24 -24
2607 榮運|航運業|-29 -9 -124|67 79 1 -12|0.8 89|14 49 -0 -5 24
2608 嘉里大榮|航運業|-23 -13 -8|81 92 4 -10|0.8 9|5 14 0 -4 4
2609 陽明|航運業|-64 -54 -63|60 80 3 -24|1.1 1607|17 3 0 -1 -8
2610 華航|航運業|5 -10 -20|66 88 19 -12|0.9 768|11 2 -0 2 -6
2611 志信|航運業|-59 -54 -44|63 87 16 -17|3.8 10|1 -5 0 2 10
2612 中航|航運業|-6 -1 -24|79 93 22 5|2.2 16|2 2 0 2 2
2613 中櫃|航運業|-15 -11 -12|58 80 16 -9|2.1 6|1 -6 -0 -6 -5
2614 東森|其他|-6 -1 -6|62 92 14 -9|0.3 58|2 -0 0 -6 8
2615 萬海|航運業|-71 -55 -66|50 90 14 -16|1.1 775|43 1 0 -8 -7
2617 台航|航運業|15 19 0|82 100 20 3|3.1 27|3 7 0 -22 -18
2618 長榮航|航運業|42 24 -10|77 80 9 -18|1.0 1206|28 -15 -0 18 -4
2633 台灣高鐵|航運業|47 28 -48|99 99 5 1|1.0 81|11 3 0 15 4
2634 漢翔|航運業|53 31 -1|97 97 20 6|1.0 503|8 4 -1 45 14
2636 台驊控股|航運業|-70 -65 -45|53 92 1 -10|0.6 45|15 14 -1 -18 -9
2637 慧洋-KY|航運業|-31 -25 -52|66 99 18 8|1.9 183|11 5 3 -6 -16
2640 大車隊|數位雲端|-4 8 -14|97 97 30 30|1.9 15|6 2 0 -3 5
2641 正德|航運業|-34 -24 -44|74 100 14 -1|3.2 26|0 0 0 5 9
2642 宅配通|航運業|-17 -7 -5|57 84 10 -16|0.3 7|5 1 0 -2 6
2702 華園|觀光餐旅|68 42 -23|90 94 22 -10|3.7 25|38 -3 0 16 -1
2704 國賓|觀光餐旅|7 -1 -18|95 95 22 13|6.1 7|11 0 0 36 17
2705 六福|觀光餐旅|46 15 -79|91 94 11 8|6.0 5|2 -1 0 96 11
2706 第一店|觀光餐旅|27 13 -10|98 98 8 6|5.1 5|3 0 0 54 40
2707 晶華|觀光餐旅|31 21 -0|100 100 61 80|2.7 484|19 -4 3 72 7
2719 燦星旅|觀光餐旅|2910 1136 535|87 87 137 97|4.2 7|0 1 0 na na
2723 美食-KY|觀光餐旅|6 3 5|96 96 41 61|1.0 302|58 8 -2 14 17
2727 王品|觀光餐旅|27 7 -4|100 100 83 125|2.8 1194|29 5 1 -43 65
2729 瓦城|觀光餐旅|67 26 8|99 99 29 32|2.7 92|5 5 1 154 24
2731 雄獅|觀光餐旅|591 314 106|92 92 37 36|1.3 636|11 2 0 88 -0
2732 六角|觀光餐旅|-1 -4 -7|98 98 36 59|1.7 281|10 1 2 -34 34
2734 易飛網|觀光餐旅|877 418 168|87 93 33 -4|3.6 10|7 -0 0 na na
2736 富野|觀光餐旅|36 4 -104|92 96 29 3|4.1 38|5 -1 0 17 -4
2739 寒舍|觀光餐旅|48 47 -39|100 100 103 106|5.6 7|3 -3 0 -85 na
2743 山富|觀光餐旅|1339 876 106|86 86 17 3|0.9 106|1 0 0 9 28
2745 五福|觀光餐旅|1642 966 548|71 80 22 -5|1.8 7|0 0 0 na na
2748 雲品|觀光餐旅|33 30 -55|90 90 89 107|3.1 688|5 1 1 -13 -25
2752 豆府|觀光餐旅|66 33 -28|99 99 43 54|0.9 14|2 9 0 na 0
2753 八方雲集|觀光餐旅|6 9 -5|95 95 22 46|1.4 531|19 3 2 -18 41
2754 亞洲藏壽司|觀光餐旅|62 30 -184|94 94 56 122|0.4 92|85 6 0 26 -4
2801 彰銀|金融保險|32 31 10|92 99 3 -1|0.8 86|13 -24 0 8 7
2809 京城銀|金融保險|115 38 74|87 92 -5 -6|0.4 38|13 -5 0 2 -20
2812 台中銀|金融保險|28 13 1|93 100 8 3|1.8 98|10 6 0 1 9
2820 華票|金融保險|-11 -40 -1|91 92 5 -7|0.9 7|7 15 0 -16 12
2834 臺企銀|金融保險|35 25 5|100 100 16 16|1.4 269|19 11 0 -31 -18
2838 聯邦銀|金融保險|24 10 11|96 96 1 -3|0.9 14|6 25 0 45 -5
2845 遠東銀|金融保險|6 43 32|98 99 9 6|1.3 53|11 9 0 10 24
2850 新產|金融保險|3 1 -2|86 86 7 -13|0.7 9|11 6 1 9 7
2851 中再保|金融保險|-7 0 -4|64 90 5 -11|0.5 33|2 8 0 15 -6
2852 第一保|金融保險|5 2 -4|100 100 11 15|1.2 5|4 0 0 -18 -6
2855 統一證|金融保險|2774 907 688|83 99 10 -1|0.7 12|9 20 0 -5 -1
2880 華南金|金融保險|13 1 -5|97 97 4 -2|1.1 172|18 -20 0 3 25
2881 富邦金|金融保險|-74 -121 -62|84 97 6 6|0.8 742|20 -12 4 -3 -1
2882 國泰金|金融保險|-42 -71 -24|72 96 3 -7|0.8 950|21 0 2 -1 -26
2883 凱基金|金融保險|-59 -98 -44|71 97 -3 -5|1.0 319|23 -4 8 -11 -40
2884 玉山金|金融保險|25 7 11|77 88 4 -11|2.6 708|32 -21 -1 -2 10
2885 元大金|金融保險|-15 -25 -4|91 97 4 10|0.8 238|26 -9 9 8 -38
2886 兆豐金|金融保險|56 19 20|80 94 9 -6|1.0 480|22 -4 4 -7 -1
2887 台新新光金|金融保險|10 2 -6|84 98 12 5|0.9 184|24 10 0 -3 -2
2889 國票金|金融保險|-10 -35 2|81 95 8 -3|0.5 55|10 -1 2 -1 9
2890 永豐金|金融保險|-6 -7 -9|94 94 1 -1|0.7 286|28 -11 8 24 -23
2891 中信金|金融保險|-66 -90 -62|78 97 5 -5|0.7 545|39 -14 -3 12 4
2892 第一金|金融保險|26 8 -2|95 98 5 -0|1.6 427|25 -18 3 -21 42
2903 遠百|貿易百貨|10 2 -3|100 100 15 12|2.1 28|11 19 4 31 1
2905 三商|貿易百貨|53 -59 -87|79 97 12 -6|1.3 8|6 7 0 -1 1
2906 高林|貿易百貨|-20 -13 -20|66 91 6 -5|1.9 21|3 -2 0 19 0
2912 統一超|貿易百貨|12 11 0|92 92 1 -2|1.4 279|30 -20 -5 64 43
2913 農林|貿易百貨|-6 -6 -11|92 92 -1 11|1.3 12|9 8 0 0 -2
2915 潤泰全|貿易百貨|-27 -10 -12|60 93 4 3|0.4 140|9 2 1 3 -11
2916 滿心|居家生活|49 18 -48|100 100 42 42|1.2 7|22 0 0 35 10
2929 淘帝-KY|貿易百貨|-13 -16 -3|81 81 37 25|0.5 52|18 -3 0 -4 46
3003 健和興|電子零組|-23 -20 -19|81 86 1 -17|1.0 25|5 13 -3 -4 -2
3004 豐達科|鋼鐵工業|46 60 5|100 100 32 43|1.3 23|6 13 1 14 -9
3005 神基|電腦及週|-3 3 -6|92 100 26 9|2.1 61|23 22 -5 -22 0
3006 晶豪科|半導體業|-54 -55 -20|46 90 1 -9|1.3 399|17 7 0 -3 -27
3008 大立光|光電業|-13 -1 -3|93 93 -5 9|0.8 968|37 -11 6 -6 -7
3010 華立|電子通路|-35 -22 -22|85 94 2 -6|1.4 20|10 6 3 -11 2
3011 今皓|電子零組|-52 -47 -38|86 99 32 12|2.9 22|1 3 0 na na
3013 晟銘電|電腦及週|-1 23 -0|93 93 34 24|0.9 119|7 1 0 52 69
3014 聯陽|半導體業|-24 -27 2|86 100 26 26|1.8 79|14 4 0 45 4
3016 嘉晶|半導體業|-21 -6 -19|61 82 -2 -16|0.8 45|4 4 0 1 -25
3017 奇鋐|電腦及週|-35 1 -14|95 95 14 7|1.5 638|42 2 -2 16 -13
3019 亞光|光電業|-33 -27 -15|78 96 1 -3|1.0 52|11 4 -0 -2 -10
3022 威強電|電腦及週|8 25 -4|95 95 22 14|0.9 211|28 -3 0 14 73
3023 信邦|電子零組|17 21 0|94 94 9 6|1.3 198|64 12 0 121 -13
3024 憶聲|光電業|-0 -15 -16|98 98 5 -1|1.5 11|2 11 0 -15 -1
3025 星通|通信網路|-61 -62 -44|83 83 -6 5|0.5 9|3 7 -0 1 -17
3026 禾伸堂|電子零組|-37 -18 -7|87 100 7 7|1.2 21|11 9 0 -10 -1
3027 盛達|通信網路|-48 3 -3|100 100 72 104|1.4 509|7 -1 0 -13 32
3028 增你強|電子通路|-54 -32 -23|83 100 8 2|1.0 8|5 3 0 0 -1
3029 零壹|資訊服務|37 15 9|100 100 25 17|4.4 104|4 2 -0 171 32
3030 德律|其他電子|-64 -25 -37|93 96 -2 6|1.3 24|17 -13 0 1 35
3032 偉訓|電子零組|-7 -7 11|100 100 21 9|1.8 6|1 -1 0 4 2
3033 威健|電子通路|-30 -16 -12|91 100 4 3|1.2 22|6 9 0 -7 3
3034 聯詠|半導體業|-41 -37 -15|98 98 41 57|1.2 3031|48 7 2 -16 -3
3035 智原|半導體業|2 13 -48|59 93 12 -3|1.6 3195|24 -3 1 5 19
3036 文曄|電子通路|2 6 -20|76 95 6 -3|1.4 75|11 -6 0 -4 -10
3037 欣興|電子零組|-6 7 -25|53 79 -16 -16|1.1 3408|35 -9 -2 12 17
3038 全台|光電業|-10 -0 -9|97 98 9 -3|1.8 13|9 8 0 8 -1
3041 揚智|半導體業|-58 -31 -23|62 86 6 -15|0.8 22|11 -2 -0 1 11
3042 晶技|電子零組|-36 -21 -6|92 96 7 -1|0.9 94|15 3 1 -6 -11
3044 健鼎|電子零組|-28 -18 -19|82 99 10 1|0.8 93|39 -7 0 26 -4
3045 台灣大|通信網路|5 10 1|90 96 4 -4|1.1 220|16 -17 10 -19 12
3046 建碁|電腦及週|50 18 -17|84 84 -6 61|0.7 92|2 -1 -0 12 41
3047 訊舟|通信網路|-23 -7 -17|80 82 -6 -18|0.4 34|3 -4 0 -1 14
3048 益登|電子通路|-27 -15 -22|84 98 3 -3|1.7 14|3 9 0 7 -10
3049 精金|光電業|-65 -44 -5|72 92 9 -8|2.5 17|6 -0 0 3 -5
3050 鈺德|光電業|-3 8 -1|93 97 9 4|0.3 5|10 15 0 -2 3
3051 力特|光電業|-50 -27 -15|68 87 -6 -16|1.1 12|2 -7 0 20 -7
3055 蔚華科|電子通路|12 -50 2|100 100 30 29|2.9 14|2 4 0 65 9
3056 富華新|建材營造|72 765 -7785|91 99 1 4|1.5 17|5 8 0 8 -17
3059 華晶科|光電業|-34 5 -43|72 89 -6 -9|0.5 46|13 -5 -0 0 4
3062 建漢|通信網路|-20 53 4|77 79 5 -18|0.5 55|12 -1 0 0 -5
3078 僑威|電子零組|-31 -24 11|91 97 25 3|2.8 15|1 -3 0 -8 8
3081 聯亞|通信網路|-21 55 15|70 73 28 -26|1.1 324|34 -5 0 8 -2
3083 網龍|文化創意|26 5 -4|86 90 4 3|0.2 18|1 -0 0 10 3
3088 艾訊|電腦及週|-24 5 -19|100 100 28 23|5.8 34|7 3 -1 371 32
3090 日電貿|電子零組|-24 -10 -7|100 100 9 12|1.1 23|9 7 0 18 5
3092 鴻碩|電子零組|-48 -44 -55|54 81 10 -18|0.7 15|2 1 0 -6 -20
3093 港建*|其他電子|-29 -7 -29|77 100 29 19|1.6 23|69 3 0 -36 58
3094 聯傑|半導體業|-23 -9 -15|92 95 32 12|6.3 49|1 -2 0 43 44
3105 穩懋|半導體業|-55 -52 -20|55 86 8 -2|0.8 1061|39 -14 -1 67 -4
3122 笙泉|半導體業|-76 -64 -26|43 86 4 -18|1.0 9|3 4 0 -2 -2
3128 昇銳|光電業|48 -3 -29|86 86 -0 97|0.5 131|3 -1 0 3 26
3131 弘塑|半導體業|-26 -17 -16|80 88 10 2|1.6 20|4 5 0 na -9
3138 耀登|通信網路|32 31 8|82 97 22 13|1.7 83|4 4 -0 2 -13
3141 晶宏|半導體業|-26 -37 -32|59 85 26 -14|1.2 593|5 -1 0 -1 4
3147 大綜|資訊服務|-12 -26 -1|99 100 11 6|3.6 16|3 2 0 32 -1
3149 正達|光電業|-47 -26 -16|69 81 -8 -15|0.5 8|2 -0 0 0 na
3152 璟德|通信網路|-31 -27 19|82 97 31 26|1.8 57|16 -6 9 -2 14
3162 精確|電機機械|46 100 15|95 95 27 13|1.0 208|46 2 -0 16 -11
3163 波若威|通信網路|-13 4 -35|91 91 4 -7|1.3 96|6 2 0 -16 -8
3169 亞信|半導體業|-51 -36 -36|54 99 18 -4|1.5 76|3 1 0 3 -1
3176 基亞|生技醫療|-78 -85 -58|58 70 -7 -22|0.9 6|4 -1 0 na na
3178 公準|半導體業|-36 -1 -6|95 95 13 -2|0.5 11|2 11 0 -10 -19
3189 景碩|半導體業|-37 -21 -36|51 81 -6 -12|0.5 628|11 -4 -3 -5 13
3205 佰研|生技醫療|-31 -18 -5|57 57 -9 -35|0.4 21|12 1 0 8 -4
3207 耀勝|電子零組|22 30 1|100 100 43 61|1.2 428|10 3 -0 -13 -55
3209 全科|電子通路|12 42 12|100 100 30 17|2.3 108|7 12 0 236 34
3211 順達|電腦及週|-6 -6 -0|77 99 12 1|2.0 18|11 11 -0 -8 -13
3217 優群|電子零組|-19 -24 -13|87 94 7 24|1.8 83|2 -1 2 -25 10
3218 大學光|生技醫療|7 24 -6|93 94 31 -7|0.4 171|29 -1 0 -39 -9
3221 台嘉碩|通信網路|-32 -22 -35|73 80 10 -18|0.9 18|4 -3 0 20 4
3224 三顧|電子通路|-32 -42 -36|77 85 12 -1|2.3 49|1 -1 0 8 7
3227 原相|半導體業|-37 -35 6|85 97 20 18|1.0 71|17 2 -1 -1 23
3228 金麗科|半導體業|-75 -52 -22|45 54 3 -38|1.1 389|8 1 0 1 10
3231 緯創|電腦及週|-18 -5 -18|98 98 19 16|1.3 289|34 25 1 5 -5
3234 光環|通信網路|-54 -45 -17|82 82 8 -14|0.5 9|3 4 0 2 -0
3236 千如|電子零組|-16 2 -17|94 94 2 9|0.2 7|13 22 0 -6 -17
3252 海灣|觀光餐旅|-23 -30 -67|76 87 16 -20|2.4 7|8 -1 0 1 8
3260 威剛|半導體業|-34 -30 -15|73 95 7 9|1.1 128|11 -2 2 -14 -35
3264 欣銓|半導體業|11 17 -4|98 98 10 21|1.5 234|26 12 -0 33 -11
3265 台星科|半導體業|-9 -3 -30|99 100 11 7|1.1 54|7 12 0 2 0
3272 東碩|電腦及週|-10 46 -8|73 73 -19 41|0.2 22|1 -2 0 30 24
3289 宜特|其他電子|17 13 -5|94 94 7 38|0.4 283|17 9 -1 -38 -40
3290 東浦|電子零組|-18 -5 -10|93 93 7 25|3.6 61|3 3 0 15 4
3293 鈊象|文化創意|20 18 12|99 99 36 33|0.6 613|39 13 -1 -26 -39
3296 勝德|電子零組|-39 -22 -1|93 93 -6 -0|1.9 16|3 7 0 -2 -26
3305 昇貿|其他電子|-49 -40 -43|63 93 24 -11|0.5 44|1 -5 0 3 36
3310 佳穎|電子零組|-19 -1 -19|99 99 44 31|1.5 9|1 7 0 7 11
3317 尼克森|半導體業|-31 -26 -15|78 89 10 -10|0.6 23|4 11 0 -8 -23
3322 建舜電|電子零組|-49 -48 -14|82 91 -7 -6|1.7 20|1 -3 0 6 22
3323 加百裕|電腦及週|-56 -44 -24|90 96 4 -2|1.0 5|3 7 0 -4 -0
3324 雙鴻|其他電子|-38 -26 -21|66 95 6 3|1.0 217|10 4 -6 9 -12
3338 泰碩|電子零組|-46 -40 -28|65 88 8 -14|1.4 9|4 5 0 8 -5
3346 麗清|汽車工業|-11 11 -11|92 92 26 -2|1.0 41|6 8 0 -20 -27
3356 奇偶|光電業|19 7 0|80 80 -10 36|0.3 53|5 -2 0 -1 4
3357 臺慶科|電子零組|-25 -21 -5|94 94 38 20|2.6 36|11 0 0 101 45
3362 先進光|光電業|-36 -32 -30|98 98 9 10|2.8 122|1 -1 0 16 -6
3374 精材|半導體業|-12 -7 -13|72 79 -1 -19|0.5 140|9 -3 -0 -20 8
3376 新日興|電子零組|-49 -37 -33|95 95 9 2|1.3 38|21 -8 0 18 0
3380 明泰|通信網路|11 38 13|95 95 12 5|1.5 38|8 13 0 19 -24
3402 漢科|其他電子|-21 -2 -39|96 100 4 -0|1.4 6|3 1 0 2 16
3406 玉晶光|光電業|3 -5 -22|84 87 -0 -8|1.0 604|20 -7 0 11 3
3413 京鼎|半導體業|4 15 -5|91 94 9 0|1.5 102|23 7 -0 -17 -5
3416 融程電|電腦及週|7 13 5|100 100 16 24|6.3 8|3 2 0 203 175
3419 譁裕|通信網路|7 47 19|85 92 -0 5|1.6 16|3 -7 0 -6 14
3430 奇鈦科|化學工業|-42 -22 na|na na -2 na|1.4 6|1 0 0 na na
3432 台端|電子零組|-59 -60 -22|69 69 -15 -26|2.1 10|5 1 0 -13 -1
3438 類比科|半導體業|-50 -49 -13|83 97 15 15|0.9 24|2 -1 0 5 0
3441 聯一光電|光電業|-43 -39 -33|86 86 -4 -0|0.7 21|3 -0 0 9 5
3443 創意|半導體業|27 61 3|100 100 64 111|0.9 8008|34 -3 0 55 -38
3444 利機|電子通路|-39 -25 -9|79 79 10 15|0.5 46|9 -2 0 16 -15
3450 聯鈞|半導體業|-33 -22 -13|81 89 7 -13|0.7 11|8 4 0 -5 4
3454 晶睿|光電業|59 103 15|97 97 39 117|0.7 1623|8 -0 0 -31 15
3455 由田|光電業|-0 7 -6|95 100 8 9|1.9 45|6 8 -0 -12 -7
3466 德晉|通信網路|22 84 65|85 85 6 6|0.6 19|12 -7 0 -14 -9
3479 安勤|電腦及週|6 37 -18|90 90 39 29|0.5 316|3 -2 1 14 75
3481 群創|光電業|-48 -42 -3|90 97 20 23|2.0 1066|27 10 5 -3 2
3483 力致|電腦及週|-17 -30 -28|73 96 18 -1|0.8 52|2 -1 0 1 25
3484 崧騰|電子零組|-56 -42 -24|58 79 5 -20|1.8 8|4 1 -1 -9 -22
3491 昇達科|通信網路|-21 -21 -25|81 86 24 -11|2.5 164|8 0 -0 13 -7
3494 誠研|電腦及週|4 -6 -26|72 82 32 -21|0.8 11|12 -1 0 na na
3498 陽程|其他電子|-45 61 29|89 89 17 27|0.6 8|3 3 0 1 28
3499 環天科|通信網路|-51 -43 -16|79 86 -10 -6|1.1 6|1 -2 0 -8 3
3501 維熹|電子零組|-21 -11 -20|98 98 5 13|1.0 6|5 0 0 7 18
3504 揚明光|光電業|-43 -39 -39|73 73 -7 -12|0.8 77|2 -4 0 7 18
3508 位速|其他電子|-38 -36 -29|79 96 23 -2|1.2 37|1 -0 0 -11 -100
3511 矽瑪|電子零組|-34 -12 -67|85 85 -4 2|1.4 11|1 1 0 -2 -10
3515 華擎|電腦及週|-36 -23 -5|73 92 22 54|1.1 171|6 0 -3 22 -5
3520 華盈|電子零組|-55 16 -31|80 82 -4 -17|2.9 13|0 -1 0 22 -14
3521 台鋼建設|建材營造|16 -24 -22|76 76 -9 10|0.5 10|1 1 0 na -4
3526 凡甲|電子零組|-45 -35 -19|73 86 12 -15|1.0 34|5 4 -3 20 1
3527 聚積|半導體業|-41 -34 -14|64 93 12 -5|2.1 33|5 -1 0 14 -9
3528 安馳|電子通路|27 15 8|99 99 11 8|1.5 9|2 0 0 221 12
3529 力旺|半導體業|-9 34 -5|100 100 31 38|1.1 1252|62 -4 1 -52 11
3530 晶相光|半導體業|-29 -40 7|72 94 15 -2|1.5 15|40 7 0 -16 -10
3532 台勝科|半導體業|-9 21 -12|41 82 -9 -17|0.7 166|50 -9 -0 7 9
3533 嘉澤|電子零組|-31 -4 -27|94 94 -1 14|1.2 552|32 6 -2 -38 10
3535 晶彩科|光電業|-52 -55 -86|66 86 -4 -9|1.9 14|2 -4 -0 15 -4
3537 堡達|電子零組|-54 -31 -9|100 100 14 12|1.7 11|2 3 0 53 -36
3540 曜越|電腦及週|20 27 41|87 96 46 23|2.6 17|2 -0 0 11 8
3545 敦泰|半導體業|-45 -40 3|59 100 21 -1|1.8 291|17 3 0 -2 -17
3546 宇峻|文化創意|-5 -8 -1|93 96 1 4|0.5 9|11 5 0 -6 -9
3548 兆利|電子零組|-59 -47 -35|92 100 15 4|1.8 44|7 -1 0 -2 18
3552 同致|其他電子|-51 -17 -27|77 77 0 -13|0.5 173|14 -2 0 6 -22
3556 禾瑞亞|半導體業|-47 -40 -25|82 99 14 1|1.9 8|6 5 0 -10 -10
3558 神準|通信網路|46 97 20|92 92 37 32|1.2 1773|13 2 -1 29 -43
3563 牧德|光電業|-20 -19 6|82 100 33 16|2.9 26|10 1 0 29 10
3564 其陽|通信網路|42 3 -31|100 100 40 28|2.0 24|2 0 0 na na
3576 聯合再生|光電業|2 22 -10|85 88 -2 -10|0.6 89|16 0 0 4 9
3577 泓格|電腦及週|-32 -13 -32|91 91 21 17|0.7 8|1 3 0 2 49
3580 友威科|其他電子|-69 -12 -39|77 77 -6 -12|0.4 22|7 -6 0 -4 -1
3583 辛耘|半導體業|9 5 -19|85 92 8 -8|1.2 25|8 5 0 2 -2
3587 閎康|其他電子|20 20 2|98 98 27 46|0.3 148|11 10 -2 -15 -24
3588 通嘉|半導體業|-67 -57 -29|47 91 6 -6|0.5 39|1 -2 0 7 27
3591 艾笛森|光電業|-14 -13 -1|99 99 43 28|1.2 25|3 3 0 39 4
3592 瑞鼎|半導體業|-56 -43 -30|76 100 34 47|1.5 368|15 2 2 -4 -5
3594 磐儀|電腦及週|1 20 3|99 99 75 55|4.3 187|2 -1 -0 131 49
3596 智易|通信網路|10 29 5|80 93 10 -5|1.1 108|22 20 -7 -5 -47
3605 宏致|電子零組|-37 -25 -19|65 91 12 -10|0.8 8|10 1 0 0 2
3611 鼎翰|電腦及週|10 13 -3|100 100 12 10|2.9 10|12 10 0 95 0
3617 碩天|其他電子|39 33 1|98 98 13 26|1.6 168|8 4 0 20 8
3624 光頡|電子零組|-35 -30 -29|60 96 26 -2|1.5 398|41 -2 3 -8 54
3630 新鉅科|光電業|-55 -44 -5|78 83 -10 -6|0.5 7|36 11 0 -5 -5
3645 達邁|電子零組|-64 -55 -28|57 85 11 -15|0.6 7|11 4 0 2 -1
3653 健策|電子零組|4 26 -7|95 95 6 6|1.5 597|12 3 -3 -16 -0
3661 世芯-KY|半導體業|87 100 60|86 100 20 27|1.4 5394|51 -1 2 -13 38
3665 貿聯-KY|其他電子|27 48 -39|82 82 15 -7|0.7 611|42 -8 2 4 17
3669 圓展|通信網路|-39 -21 -3|78 88 4 -4|0.3 6|1 9 0 -5 -5
3673 TPK-KY|光電業|-29 -22 -17|87 93 9 -10|5.5 22|34 -8 0 4 10
3675 德微|半導體業|-24 -13 -16|75 94 48 12|1.6 833|53 0 1 -32 -25
3680 家登|半導體業|-7 19 -29|99 99 27 6|0.5 520|11 7 -0 -4 -32
3687 歐買尬|數位雲端|-8 -2 -6|45 89 5 -11|0.2 25|3 -0 0 -14 -22
3689 湧德|電子零組|-41 -15 -14|71 90 8 -11|1.0 6|3 9 0 -4 -24
3691 碩禾|光電業|-45 -51 -26|60 73 0 -26|0.7 29|6 1 0 0 -10
3693 營邦|電腦及週|84 128 61|93 93 71 101|1.0 420|2 -2 0 15 33
3701 大眾控|電腦及週|-32 1 -20|59 81 15 -18|0.6 38|3 0 0 -16 -16
3702 大聯大|電子通路|-36 -23 -20|89 93 5 -4|0.7 150|26 -6 16 -6 -13
3703 欣陸|建材營造|-23 -28 -52|95 95 11 6|1.3 37|28 9 0 -13 5
3704 合勤控|通信網路|24 32 11|98 98 24 31|0.6 245|14 8 0 -17 -25
3705 永信|生技醫療|-18 -19 -12|86 86 8 4|0.2 32|10 4 1 -11 5
3706 神達|電腦及週|-36 4 -9|91 93 1 4|1.7 77|13 10 1 14 8
3707 漢磊|半導體業|-12 -1 -20|68 79 -5 -19|0.8 250|9 3 -2 -6 -16
3708 上緯投控|綠能環保|-50 -28 -18|75 95 13 2|1.2 253|10 -2 -0 6 -11
3710 連展投控|電子零組|-51 -31 -15|69 69 6 -26|0.9 40|2 0 0 na na
3711 日月光投控|半導體業|-7 -6 -23|100 100 12 21|0.9 1197|76 19 -0 -51 -7
3712 永崴投控|電腦及週|31 -6 -32|94 100 23 7|0.9 25|3 17 0 -17 -25
3714 富采|光電業|-58 -49 -25|53 91 3 -9|1.1 138|14 -3 -0 1 -3
3715 定穎投控|電子零組|na na na|na 85 4 -13|1.3 12|14 9 0 -4 -9
4102 永日|生技醫療|-22 22 5|68 68 -15 41|0.1 35|2 -4 0 -19 -2
4104 佳醫|生技醫療|6 9 0|97 97 23 21|1.9 40|7 9 0 81 61
4105 東洋|生技醫療|-2 10 -2|92 92 -5 2|0.3 52|21 1 -3 -4 5
4106 雃博|生技醫療|22 23 8|75 91 25 14|0.3 24|5 6 0 -12 0
4107 邦特|生技醫療|-11 4 -5|96 96 8 8|1.7 32|23 -29 -6 47 2
4111 濟生|生技醫療|-11 1 -8|93 93 9 14|0.3 7|4 11 0 -53 9
4113 聯上|建材營造|-66 -89 -9|100 100 26 18|1.2 7|0 2 0 1 28
4114 健喬|生技醫療|11 27 -7|88 88 28 24|0.5 742|6 -1 -0 4 3
4116 明基醫|生技醫療|8 51 -48|73 82 -2 -16|0.3 25|1 2 0 -1 -3
4119 旭富|生技醫療|43 64 36|95 95 21 23|2.1 37|4 5 -0 13 -2
4121 優盛|生技醫療|-7 1 -9|81 92 18 0|0.5 15|3 3 0 -4 -7
4123 晟德|生技醫療|62 73 4|85 90 9 -8|0.6 42|8 18 0 -5 -5
4126 太醫|生技醫療|12 25 12|97 97 13 14|1.0 21|13 16 0 -13 -5
4128 中天|生技醫療|-13 -4 0|82 82 2 -14|0.4 260|6 -1 -0 -4 3
4129 聯合|生技醫療|16 25 0|93 93 36 58|1.0 38|11 -3 1 -4 10
4130 健亞|生技醫療|15 -0 -6|73 73 23 6|0.2 46|3 -8 0 22 66
4133 亞諾法|生技醫療|-25 -12 -6|47 81 -1 -6|0.3 14|15 -2 0 -0 2
4137 麗豐-KY|生技醫療|-54 -42 -18|88 88 24 18|1.2 138|62 8 -3 85 1
4142 國光生|生技醫療|1164 468 -21|89 96 9 1|0.7 92|7 8 0 1 -29
4147 中裕|生技醫療|86 344 252|99 99 25 31|3.5 48|9 9 1 31 14
4148 全宇生技-KY|生技醫療|39 35 -38|73 91 13 -0|1.1 23|72 2 0 -20 -6
4153 鈺緯|生技醫療|7 48 16|92 92 46 43|1.6 19|2 2 0 -4 24
4155 訊映|生技醫療|0 0 -20|97 97 27 39|0.7 79|8 5 0 18 -1
4157 太景*-KY|生技醫療|59 3035 2159|73 78 1 -16|0.4 19|4 1 0 7 -7
4162 智擎|生技醫療|-1 -11 -22|77 77 -15 -9|0.2 411|5 -1 -2 3 5
4163 鐿鈦|生技醫療|47 40 15|96 96 38 43|0.6 96|9 3 0 76 68
4164 承業醫|生技醫療|-2 -4 -35|100 100 40 33|1.9 184|25 -0 3 58 88
4167 松瑞藥|生技醫療|-15 -27 -6|74 74 15 11|0.2 77|12 -4 0 -3 21
4168 醣聯|生技醫療|na na na|75 75 -3 13|1.6 38|4 -3 0 1 -3
4171 瑞基|農業科技|-82 -72 -34|41 77 20 -18|0.2 30|17 -1 0 -10 -1
4174 浩鼎|生技醫療|na na na|65 93 11 -4|1.6 54|12 -0 0 5 46
4175 杏一|生技醫療|0 5 -5|84 97 10 3|1.3 10|2 10 -2 -33 -2
4190 佐登-KY|生技醫療|0 3 -0|96 96 19 11|1.4 16|66 10 0 -10 3
4306 炎洲|塑膠工業|-42 -34 -16|97 98 3 4|1.0 6|5 -9 0 -4 12
4426 利勤|紡織纖維|15 131 -29|78 78 11 -20|0.5 9|6 -1 2 2 -2
4438 廣越|紡織纖維|-12 -1 -58|84 84 2 -6|0.7 17|4 -1 0 16 4
4503 金雨|電機機械|22 19 -23|93 93 26 12|1.9 57|6 4 0 -20 10
4523 永彰|電機機械|-46 -28 -10|90 90 59 57|0.5 9|2 -1 0 1 84
4533 協易機|電機機械|31 -5 -6|100 100 13 9|1.6 7|1 0 0 16 -10
4536 拓凱|運動休閒|30 18 -12|100 100 33 28|2.5 403|19 -3 1 69 15
4541 晟田|其他|-35 0 -22|90 90 10 4|0.9 21|5 5 0 1 -10
4551 智伸科|汽車工業|-36 -11 -12|84 84 -5 -8|0.8 34|52 9 -13 30 -12
4557 永新-KY|汽車工業|-18 -21 -84|86 89 15 -14|5.6 5|38 -7 0 23 23
4564 元翎|電機機械|-36 -38 -12|69 82 9 -15|4.1 17|2 -4 0 1 18
4566 時碩工業|電機機械|-9 6 -11|91 91 -0 -1|0.9 25|2 0 -0 4 -34
4572 駐龍|電機機械|70 69 9|97 98 18 13|0.5 40|5 11 -5 3 -3
4576 大銀微系統|電機機械|-46 -25 -21|68 86 18 -16|1.4 8|0 -5 0 12 31
4583 台灣精銳|電機機械|-38 -6 na|na 95 10 -1|1.0 5|0 -1 0 na na
4584 君帆|電機機械|-44 -10 na|na na 26 na|3.5 9|0 0 0 na na
4721 美琪瑪|化學工業|-43 -32 -65|73 80 7 -18|0.6 87|1 -2 0 -2 -5
4726 永昕|生技醫療|5 24 -0|77 77 9 -10|0.5 31|1 5 0 -2 -11
4728 雙美|生技醫療|-53 173 103|75 75 -7 -21|0.9 5|15 -8 0 -0 10
4736 泰博|生技醫療|-8 -7 -64|69 87 4 -9|0.7 94|11 8 0 0 -4
4739 康普|化學工業|-32 -24 -44|63 76 8 -23|0.7 121|2 -1 -3 0 -10
4743 合一|生技醫療|-19 -9 -990|88 88 -1 -8|0.5 2239|7 -0 0 4 3
4744 皇將|生技醫療|-33 -29 -14|90 90 22 12|1.4 31|3 0 0 2 112
4746 台耀|生技醫療|-6 7 -13|93 93 28 22|0.6 274|10 -2 1 10 79
4747 強生製藥|生技醫療|24 31 8|94 94 80 72|0.8 120|3 0 0 14 103
4755 三福化|化學工業|-39 -30 -46|59 84 10 -20|0.5 65|30 0 1 -10 4
4763 材料*-KY|化學工業|58 53 -7|86 86 97 156|1.6 2569|71 0 -0 -8 23
4766 南寶|化學工業|-27 -3 -25|94 94 3 -2|0.9 9|15 9 0 -35 -7
4768 晶呈科技|化學工業|47 54 na|na 83 -9 12|1.3 224|6 -0 -1 71 12
4770 上品|化學工業|20 29 -36|88 88 14 -8|1.2 487|14 2 -7 57 -18
4904 遠傳|通信網路|-3 -1 -5|82 91 4 -8|1.2 291|23 -33 7 -3 -11
4906 正文|通信網路|1 31 8|86 86 -4 -13|0.7 33|11 1 0 -4 -31
4908 前鼎|通信網路|-43 -17 -27|78 78 6 -21|0.8 6|5 4 0 -14 -3
4911 德英|生技醫療|615 559 273|93 93 28 14|2.3 9|0 0 0 na na
4915 致伸|電子零組|-31 -16 -27|86 88 8 -9|1.5 217|59 -11 2 -8 13
4916 事欣科|電腦及週|51 91 54|98 98 35 16|0.8 30|7 10 0 17 1
4919 新唐|半導體業|-32 -15 -13|80 97 23 18|1.2 1533|9 5 0 -15 -38
4923 力士|半導體業|-42 -27 -24|na 100 36 11|4.9 6|3 1 0 na na
4927 泰鼎-KY|電子零組|-28 -24 -22|58 90 5 -3|1.4 65|15 -1 1 2 -7
4931 新盛力|電腦及週|-14 2 -89|81 81 -13 12|0.8 216|22 -3 0 -3 -7
4934 太極|光電業|31 69 13|79 92 3 -6|1.6 44|1 -0 0 na na
4935 茂林-KY|光電業|-59 -40 -25|83 90 -7 -3|1.0 5|26 15 1 -1 -2
4938 和碩|電腦及週|1 -18 -26|99 99 15 6|0.6 180|33 21 -1 -8 -21
4942 嘉彰|光電業|-36 -35 -23|81 98 5 0|1.8 6|12 -5 0 10 7
4950 金耘國際|鋼鐵工業|-72 -88 -30|72 83 -2 -17|0.6 17|0 -1 0 na na
4951 精拓科|半導體業|-43 -37 na|na na 11 na|2.4 7|0 -1 0 na na
4952 凌通|半導體業|-60 -50 -35|73 99 20 -3|3.2 25|6 1 0 -6 -7
4953 緯致|資訊服務|9 15 -12|98 98 21 23|3.5 36|11 -1 1 145 44
4958 臻鼎-KY|電子零組|19 -8 -23|90 90 -3 0|0.6 252|69 7 -1 -0 -10
4960 誠美材|光電業|-42 -32 -14|97 97 27 16|2.1 86|9 5 0 86 32
4961 天鈺|半導體業|-44 -34 -19|88 94 41 35|1.5 1031|12 -1 2 5 50
4966 譜瑞-KY|半導體業|-41 -43 -41|50 100 28 9|1.2 1124|66 -5 -3 28 15
4967 十銓|半導體業|-24 -13 -0|94 100 83 50|7.9 36|5 2 0 138 109
4968 立積|半導體業|-20 -9 16|60 92 14 -8|1.7 605|19 -5 -1 27 6
4974 亞泰|電子零組|-13 9 1|100 100 25 26|1.4 38|9 6 -0 26 29
4976 佳凌|光電業|-7 -22 3|64 81 5 -15|1.3 18|1 10 0 -5 -25
4977 眾達-KY|通信網路|77 84 51|91 91 26 -1|1.1 655|33 -4 -2 69 45
4979 華星光|通信網路|236 166 87|86 86 32 20|1.0 791|6 -1 -1 -7 47
5009 榮剛|鋼鐵工業|18 24 -17|97 97 31 50|1.4 632|24 -1 -1 47 18
5011 久陽|鋼鐵工業|-24 7 -22|62 97 11 -4|1.2 12|1 2 0 -20 1
5014 建錩|鋼鐵工業|-39 -29 -33|78 92 11 2|0.3 18|2 -5 0 5 -3
5015 華祺|鋼鐵工業|-56 -35 -40|80 80 -11 5|0.8 18|10 -1 0 5 7
5203 訊連|資訊服務|18 15 5|84 95 12 -5|1.0 58|8 -7 0 53 54
5222 全訊|半導體業|-8 30 16|85 92 8 10|2.6 128|5 -5 1 47 1
5225 東科-KY|其他電子|-31 -0 -36|93 93 3 46|1.4 15|51 3 1 3 -3
5227 立凱-KY|電子零組|-7 65 -66|83 91 -0 34|1.4 47|20 -1 -1 na na
5234 達興材料|光電業|-23 -22 -6|65 96 16 9|1.5 20|7 -6 2 47 6
5236 凌陽創新|半導體業|-46 -38 -2|69 100 32 11|3.5 15|1 -2 0 24 34
5243 乙盛-KY|光電業|-2 6 -11|89 96 9 -6|1.2 63|53 9 -1 8 -30
5251 天鉞電|光電業|-7 83 19|83 83 -7 15|0.3 14|25 7 0 -7 -6
5258 虹堡|電腦及週|10 40 -25|99 99 34 21|2.7 1216|10 1 0 13 -40
5263 智崴|文化創意|8 26 19|90 90 11 12|0.5 73|15 1 -6 15 -18
5269 祥碩|半導體業|-40 -20 -6|51 98 36 1|1.2 1031|17 -1 4 4 1
5274 信驊|半導體業|-43 0 -36|99 100 36 38|1.8 1717|59 9 4 -45 -33
5283 禾聯碩|電器電纜|-50 -20 -22|97 99 10 5|1.6 11|1 -1 0 121 -47
5284 jpp-KY|其他|49 49 13|98 98 59 92|0.7 209|66 -1 0 44 20
5285 界霖|半導體業|-25 -19 -16|78 89 24 -11|0.8 74|2 -1 3 16 12
5287 數字|數位雲端|4 7 -8|90 99 7 1|1.0 6|27 -39 0 -19 -4
5288 豐祥-KY|電機機械|-19 14 -23|94 94 8 10|0.5 10|63 -4 0 24 -3
5289 宜鼎|電腦及週|-19 -13 -12|97 97 19 24|3.4 46|33 -5 4 35 -10
5299 杰力|半導體業|-51 -49 -31|73 97 20 1|0.5 36|3 8 0 -10 -23
5306 桂盟|運動休閒|-45 -39 -27|66 91 3 -6|0.7 20|19 17 4 -14 6
5309 系統電|電子零組|35 30 -11|90 94 4 1|1.0 176|2 0 1 na 2
5315 光聯|光電業|-5 5 9|100 100 25 30|3.1 27|9 14 0 41 -3
5321 美而快|數位雲端|7 17 2|67 95 31 14|0.4 85|1 -1 0 -1 10
5340 建榮|電子零組|3 6 10|90 90 89 64|1.8 53|49 2 -1 na na
5347 世界|半導體業|-23 -30 -45|75 92 12 22|1.1 792|29 -7 -2 23 22
5351 鈺創|半導體業|-70 -68 -46|57 94 13 -4|0.6 301|8 1 0 6 -8
5353 台林|通信網路|-3 15 -18|82 82 16 -6|1.8 56|1 -1 0 26 3
5371 中光電|光電業|-36 -32 -30|93 99 18 3|1.5 163|19 9 0 -17 -4
5386 青雲|電腦及週|-73 -56 -66|88 94 8 -2|0.5 5|0 -1 0 1 6
5388 中磊|通信網路|20 27 -19|81 88 6 -12|0.9 260|29 10 1 -5 -22
5392 能率|光電業|-35 -28 -15|91 97 16 6|1.6 5|4 1 0 1 -7
5403 中菲|資訊服務|-24 -4 -11|100 100 16 20|2.3 7|5 3 0 43 -17
5410 國眾|資訊服務|25 47 -45|96 96 -2 41|0.6 18|6 -4 0 9 9
5425 台半|半導體業|-8 3 -15|96 96 21 -4|0.8 1031|14 2 2 -11 -38
5434 崇越|電子通路|0 6 -16|100 100 11 11|1.5 74|31 12 -3 11 -11
5439 高技|電子零組|7 17 21|100 100 41 40|2.9 51|4 7 2 55 5
5443 均豪|半導體業|-15 8 6|95 95 8 7|0.5 11|3 16 0 -15 -33
5457 宣德|電子零組|-44 -40 -44|76 81 -6 -12|4.4 29|37 -2 -2 14 -9
5464 霖宏|電子零組|-24 -17 1|100 100 40 43|7.9 9|1 -0 0 111 42
5465 富驊|電腦及週|-6 -5 8|100 100 33 41|1.6 5|1 9 0 3 -1
5469 瀚宇博|電子零組|-22 -24 -8|82 97 1 7|1.0 27|11 10 0 -9 6
5471 松翰|半導體業|-52 -51 -7|66 91 14 -8|0.3 19|13 25 0 -20 -18
5475 德宏|電子零組|-44 -46 16|44 87 12 -12|1.5 8|1 2 0 -39 -60
5478 智冠|文化創意|24 19 23|89 98 7 5|0.8 12|31 -3 0 -4 -1
5483 中美晶|半導體業|12 13 -6|86 95 3 -2|1.0 491|27 9 -1 -3 -32
5508 永信建|建材營造|-63 -66 -46|87 91 3 -5|1.4 6|1 8 0 -5 -6
5512 力麒|建材營造|-4 0 -18|95 95 31 22|9.8 6|7 -1 0 89 115
5522 遠雄|建材營造|-19 -39 -27|94 96 11 -2|0.4 20|7 -9 5 7 -3
5530 龍巖|其他|-38 -21 -29|79 92 6 -8|0.6 10|57 8 0 -33 11
5534 長虹|建材營造|-95 16 -478|100 100 8 3|1.3 13|12 12 0 2 32
5536 聖暉*|其他電子|-10 18 -21|61 61 33 -34|2.6 81|17 14 0 64 57
5607 遠雄港|航運業|-26 -14 -37|89 94 2 4|0.7 20|2 20 -1 -16 -12
5608 四維航|航運業|-40 -37 -61|63 99 23 -5|3.2 79|4 0 0 6 -0
5609 中菲行|航運業|-54 -49 -55|78 96 10 -5|2.2 21|17 2 -0 -22 6
5704 老爺知|觀光餐旅|15 2 -153|95 95 61 104|3.1 52|6 1 0 52 22
5706 鳳凰|觀光餐旅|2394 1038 776|97 97 35 6|1.3 182|4 2 0 26 0
5871 中租-KY|其他|20 19 -1|92 95 24 4|1.2 745|76 -2 0 23 -20
5876 上海商銀|金融保險|25 27 7|91 93 5 -4|0.8 151|55 -2 13 -12 10
5880 合庫金|金融保險|23 18 18|92 96 2 -4|1.0 190|19 -16 0 2 8
5903 全家|居家生活|11 10 1|86 98 10 1|0.6 5|53 -14 -7 60 48
5904 寶雅|居家生活|21 15 -0|100 100 28 43|1.8 427|31 12 2 1 -14
5905 南仁湖|觀光餐旅|51 6 -49|86 96 12 4|2.9 21|2 1 0 12 6
6005 群益證|金融保險|78 11 36|82 96 7 -2|1.3 34|17 11 0 71 13
6015 宏遠證|金融業|134 -4 -6|73 88 0 -13|1.0 8|3 1 0 -14 -1
6016 康和證|金融業|858 266 26|83 99 9 -1|1.8 7|2 6 0 2 -11
6024 群益期|金融保險|-31 1 -12|100 100 9 8|1.3 5|1 -4 0 391 18
6026 福邦證|金融業|-12 -50 43|65 87 3 -14|2.5 9|2 6 0 17 -18
6101 寬魚國際|文化創意|40866 13608 9506|94 94 76 71|3.0 15|0 -1 0 na na
6104 創惟|半導體業|-68 -53 -51|41 99 40 1|1.1 1073|6 -1 0 9 7
6109 亞元|通信網路|-19 -13 -22|96 96 24 17|0.5 26|9 10 0 -5 -29
6111 光聚晶電|文化創意|-49 188 -92|78 84 15 0|0.3 53|16 -4 0 -0 35
6112 邁達特|資訊服務|23 7 3|98 98 22 11|1.9 22|2 -0 0 164 57
6115 鎰勝|電子零組|-40 -25 -18|100 100 6 5|2.4 5|5 -7 0 89 11
6116 彩晶|光電業|-55 -42 -4|83 94 11 9|1.7 220|8 6 -1 3 -10
6118 建達|電子通路|-19 -11 -13|84 87 23 -9|1.1 188|1 -1 0 1 29
6120 達運|光電業|-48 -44 -13|73 97 12 -3|2.2 14|7 16 0 -11 -8
6121 新普|電腦及週|-14 -4 -4|99 99 7 9|1.3 137|48 8 -5 -18 -31
6122 擎邦|電機機械|20 33 -8|100 100 24 8|0.5 11|5 9 0 -1 -15
6123 上奇|資訊服務|-17 7 -4|100 100 30 27|2.0 18|4 8 0 90 22
6125 廣運|電機機械|-6 6 -27|83 83 11 -11|1.6 55|5 -2 0 2 -19
6128 上福|電腦及週|-2 -5 -20|100 100 18 18|3.1 8|4 7 0 123 -3
6129 普誠|半導體業|-9 11 -6|82 89 16 -13|0.8 125|2 0 -0 -0 -14
6133 金橋|電子零組|-7 -11 -43|77 78 -16 -22|0.3 31|3 -1 0 8 2
6138 茂達|半導體業|-50 -49 -40|59 90 26 2|0.9 333|11 -3 4 39 -16
6139 亞翔|其他電子|-19 4 -44|100 100 35 40|1.0 48|26 2 0 -2 49
6142 友勁|通信網路|94 63 9|98 98 26 23|1.4 26|4 13 0 na na
6143 振曜|通信網路|11 18 3|98 98 30 50|1.0 326|10 -1 1 1 -18
6146 耕興|其他電子|1 3 -12|97 97 31 11|2.2 143|44 -16 9 62 14
6147 頎邦|半導體業|-37 -25 -10|100 100 17 20|2.3 139|23 35 2 -8 -22
6148 驊宏資|資訊服務|15 -11 -7|100 100 25 20|4.9 5|1 0 0 95 14
6150 撼訊|電腦及週|-45 -59 -21|57 97 26 25|0.7 100|9 -1 0 -4 -0
6153 嘉聯益|電子零組|-49 -28 -27|81 81 -14 -6|0.4 40|12 1 -0 3 9
6155 鈞寶|電子零組|-38 -25 -19|99 99 19 14|3.1 7|8 42 0 4 -31
6160 欣技|電腦及週|35 10 17|96 96 37 6|2.0 7|4 4 0 1 -5
6163 華電網|資訊服務|8 48 30|84 96 5 -3|0.5 6|2 10 0 -2 -12
6165 浪凡|數位雲端|2 -3 -12|91 94 21 20|4.1 21|3 2 0 -3 34
6166 凌華|電腦及週|4 10 -9|100 100 23 6|1.2 12|11 20 0 1 -21
6167 久正|光電業|-28 -20 -33|82 84 0 -14|1.6 5|5 3 0 14 -0
6168 宏齊|光電業|-28 -27 -8|89 100 24 10|3.9 13|3 4 0 23 11
6170 統振|通信網路|-30 -33 -13|100 100 13 27|1.2 5|2 11 0 -15 -8
6173 信昌電|電子零組|-37 -37 -4|76 98 19 2|1.7 29|1 -2 1 25 36
6175 立敦|電子零組|-35 -22 -10|81 97 21 11|1.0 21|17 1 0 -10 4
6176 瑞儀|光電業|-29 -19 -21|96 96 1 5|0.7 123|36 -1 -0 -2 5
6177 達麗|建材營造|-87 -93 -6835|100 100 12 11|1.7 8|4 1 0 41 -1
6180 橘子|文化創意|7 -0 1|89 89 33 36|0.8 374|38 5 -0 34 27
6182 合晶|半導體業|-11 -3 -24|59 86 -1 -14|0.7 213|13 5 0 -4 -11
6186 新潤|建材營造|na na na|100 100 26 56|0.6 13|3 2 0 -4 -8
6187 萬潤|半導體業|-53 -37 -20|52 83 18 -12|0.9 38|2 -5 -1 12 4
6188 廣明|電腦及週|-17 -5 -13|100 100 27 19|2.4 156|9 10 0 -4 16
6189 豐藝|電子通路|-36 -32 -15|94 100 5 1|1.3 10|6 7 0 5 -11
6190 萬泰科|通信網路|-40 -28 -41|75 75 -0 -24|0.7 27|2 -1 0 -6 1
6191 精成科|電子零組|-23 -21 -8|86 98 1 2|1.4 28|8 13 0 4 -14
6192 巨路|其他電子|-21 -7 -10|95 98 8 -0|0.7 6|19 -32 0 0 12
6196 帆宣|其他電子|20 19 -26|81 98 10 4|0.8 101|7 1 -0 -0 5
6197 佳必琪|電子零組|-15 -5 -15|100 100 19 16|1.0 16|10 18 0 6 2
6202 盛群|半導體業|-61 -49 -31|67 97 7 0|1.0 124|17 -3 0 17 23
6205 詮欣|電子零組|3 3 -15|91 91 16 8|2.9 311|5 3 -1 65 -21
6206 飛捷|電腦及週|-53 -52 -59|75 86 8 -13|0.9 17|13 -2 0 -6 -13
6208 日揚|半導體業|32 23 0|94 99 14 5|1.4 6|2 3 0 -12 13
6209 今國光|光電業|-38 -31 -28|80 86 -4 -14|1.5 8|2 7 0 -2 -17
6213 聯茂|電子零組|-37 -20 -5|62 91 2 12|0.6 121|11 -0 -6 20 -8
6214 精誠|資訊服務|18 22 6|97 100 13 3|0.6 15|11 12 0 -13 8
6215 和椿|其他電子|-59 -41 -29|100 100 33 10|0.8 18|6 -1 0 -5 57
6217 中探針|電子零組|-43 -29 -36|72 78 10 -21|0.8 82|1 -0 0 5 -19
6220 岳豐|電子零組|-40 -36 -26|78 78 7 -6|1.0 17|3 5 0 -11 1
6223 旺矽|半導體業|-5 -1 -14|96 96 15 29|0.7 300|15 3 -3 -18 -18
6224 聚鼎|電子零組|-25 -13 -9|61 96 20 3|1.1 12|8 2 0 -13 -20
6226 光鼎|光電業|-44 -26 -26|81 92 12 -11|0.8 6|2 4 0 43 -8
6227 茂綸|電子通路|-26 -4 -8|100 100 19 22|1.3 10|2 5 0 -10 -2
6230 尼得科超眾|電腦及週|22 4 -8|78 91 7 7|1.0 7|90 -13 0 25 -10
6231 系微|資訊服務|-23 -13 -19|97 97 38 35|1.6 171|14 -1 0 46 36
6233 旺玖|半導體業|-27 -10 -7|73 84 11 -14|0.6 8|3 11 0 -17 -32
6234 高僑|光電業|-20 33 -30|94 94 27 20|1.1 20|11 -0 0 24 12
6235 華孚|電腦及週|34 37 -13|97 97 51 42|2.3 1477|7 1 0 31 -18
6237 驊訊|半導體業|-50 -32 16|60 94 14 -8|0.7 38|3 8 0 -3 -12
6239 力成|半導體業|-31 -24 -21|96 99 6 1|0.5 160|41 11 -4 -14 -7
6243 迅杰|半導體業|-8 -2 11|60 96 13 -4|0.8 7|2 2 0 7 -3
6244 茂迪|光電業|-19 7 19|83 92 11 -3|0.3 65|15 -2 -3 -17 16
6245 立端|通信網路|33 34 2|97 97 29 65|1.1 869|21 -0 -2 28 43
6257 矽格|半導體業|-19 -9 -19|95 100 10 4|1.5 61|20 17 1 -14 -20
6261 久元|半導體業|-17 -22 -8|82 99 7 -3|1.5 10|3 -1 0 -9 -2
6266 泰詠|電子零組|57 35 2|100 100 38 28|3.6 173|3 -1 0 111 115
6269 台郡|電子零組|-5 -17 -31|87 87 -9 3|1.0 130|33 -29 0 24 26
6271 同欣電|半導體業|-15 -11 -10|71 91 9 -1|0.6 402|33 -9 -0 20 65
6274 台燿|電子零組|-41 -28 -12|67 91 7 2|0.5 132|30 -5 -2 13 -11
6275 元山|電子零組|-41 -27 -15|73 91 12 -9|1.0 5|1 -2 0 -11 1
6277 宏正|電腦及週|12 2 -4|100 100 5 8|1.7 10|12 -23 0 70 43
6278 台表科|光電業|-60 -30 -29|74 84 -5 -15|1.6 271|17 4 -0 17 -8
6279 胡連|電子零組|2 23 -8|85 85 1 -3|0.5 226|10 5 -3 0 -33
6282 康舒|電子零組|-14 -11 -26|96 96 35 30|2.5 1378|9 0 2 33 36
6283 淳安|其他電子|-68 -52 -18|80 83 -4 -12|3.1 7|18 -2 0 -1 -14
6284 佳邦|電子零組|-27 -16 -9|91 95 18 8|1.1 40|2 -0 1 28 -12
6285 啟碁|通信網路|12 32 -8|91 91 2 1|1.0 398|25 -0 -5 -2 -3
6288 聯嘉|汽車工業|-8 -3 -7|92 96 26 10|5.7 48|1 -3 1 72 30
6290 良維|電子零組|-21 -20 -16|98 98 32 29|2.6 376|12 7 0 93 26
6409 旭隼|其他電子|-8 6 -27|94 94 12 -2|1.5 221|68 1 1 -45 30
6411 晶焱|半導體業|-39 -57 -26|70 95 38 15|2.4 617|10 -3 2 57 108
6412 群電|電子零組|-27 -15 -15|99 100 11 12|1.4 15|14 19 7 6 11
6414 樺漢|電腦及週|23 27 1|97 100 16 3|0.8 148|19 7 0 11 3
6415 矽力*-KY|半導體業|-46 -33 -40|66 92 24 6|1.0 1687|91 -3 1 62 16
6416 瑞祺電通|通信網路|-15 -4 -11|90 90 -6 -5|0.5 8|2 1 0 -6 -1
6426 統新|通信網路|-60 -35 -55|70 70 3 -29|0.3 7|9 -5 0 2 1
6435 大中|半導體業|-51 -48 -40|65 84 -3 -16|1.3 21|1 2 0 7 -11
6438 迅得|其他電子|22 20 2|79 98 14 6|1.3 29|14 6 0 4 -10
6441 廣錠|電腦及週|11 11 50|89 89 44 41|1.0 108|3 1 0 -1 -2
6442 光聖|通信網路|-25 -10 -14|75 77 12 -24|0.8 17|32 5 0 5 -20
6443 元晶|光電業|-3 18 -24|76 87 12 -4|0.5 380|16 -1 3 -6 -9
6446 藥華藥|生技醫療|259 141 -421|82 86 -6 -14|0.6 529|15 6 0 na 81
6451 訊芯-KY|半導體業|45 44 10|92 92 14 4|0.3 23|63 10 0 -6 -5
6456 GIS-KY|光電業|-26 -19 -18|88 88 -4 4|0.6 115|54 -1 -3 -6 3
6457 紘康|半導體業|-69 -62 -18|46 87 8 -15|0.7 12|2 8 0 -15 -0
6461 益得|生技醫療|-48 -66 -60|67 71 -3 -24|0.3 12|1 -1 0 -13 -10
6462 神盾|半導體業|-11 -2 -5|76 99 30 -1|1.6 30|11 5 0 3 -3
6469 大樹|生技醫療|18 22 -6|100 100 23 18|1.9 108|12 3 -0 11 -1
6470 宇智|通信網路|19 16 -37|83 95 12 -9|1.4 47|8 -2 0 -9 -3
6472 保瑞|生技醫療|400 367 214|95 95 17 62|0.2 826|18 6 2 -25 -66
6477 安集|光電業|-65 -28 -160|72 81 4 -19|0.6 63|1 -1 1 4 -1
6485 點序|半導體業|-41 -33 -29|53 95 6 -10|1.0 38|9 3 0 5 -10
6488 環球晶|半導體業|14 13 -3|74 94 9 4|0.9 899|26 6 -3 -5 70
6491 晶碩|生技醫療|4 7 -6|90 96 43 9|0.4 263|18 17 -10 -25 -27
6492 生華科|生技醫療|0 na na|52 83 17 -13|0.3 11|5 2 0 na na
6494 九齊|半導體業|-70 -54 -32|53 96 16 -6|0.8 26|7 1 0 -2 -1
6499 益安|生技醫療|-95 167 -10|82 86 12 -5|1.0 6|13 1 0 -8 -9
6505 台塑化|油電燃氣|-5 0 -33|86 96 0 -3|1.2 145|7 -24 -0 -15 -1
6508 惠光|農業科技|-48 -51 -67|67 82 9 -16|2.1 10|2 -3 0 1 0
6509 聚和|化學工業|-19 -11 -23|75 96 18 6|1.5 128|3 -4 0 13 12
6510 精測|半導體業|-14 -13 -18|96 100 40 33|0.8 149|8 -4 -4 8 20
6515 穎崴|半導體業|36 68 -4|100 100 64 60|2.4 802|18 2 3 70 -0
6523 達爾膚|生技醫療|-31 -6 13|98 98 22 30|0.8 29|8 8 0 7 -14
6525 捷敏-KY|半導體業|-25 -14 -21|83 95 8 -7|1.4 11|13 -1 0 -19 10
6531 愛普*|半導體業|-64 -58 -31|75 100 47 41|2.4 2857|16 0 1 18 56
6532 瑞耘|半導體業|23 25 -8|85 85 -9 15|0.6 17|5 9 0 -13 -6
6533 晶心科|半導體業|11 25 -2|95 95 7 56|0.9 1834|35 0 -1 8 -3
6535 順藥|生技醫療|2926 951 -310|94 94 16 14|1.0 19|0 1 0 na na
6538 倉和|電子零組|4 6 -9|85 92 12 2|1.1 14|5 6 0 -8 -16
6541 泰福-KY|生技醫療|135 205 na|51 71 17 -27|1.7 104|31 -5 0 na na
6546 正基|通信網路|-71 -57 na|na 58 6 -42|0.7 89|0 -2 0 105 40
6547 高端疫苗|生技醫療|-100 -99 na|31 39 -27 -57|1.1 211|7 -7 0 7 35
6548 長科*|半導體業|-22 -16 -27|33 38 12 -61|1.3 44|5 -7 0 5 24
6550 北極星藥業-KY|生技醫療|-63 -84 na|na 45 -11 -39|0.5 353|67 -1 0 na 30
6552 易華電|半導體業|-52 -35 -3|76 91 24 -4|0.8 10|0 -0 0 -2 35
6556 勝品|光電業|-12 -2 -12|95 95 33 133|4.2 71|0 0 0 na na
6558 興能高|其他電子|-21 -29 -1|79 93 11 10|0.4 7|2 1 0 15 -9
6561 是方|通信網路|6 9 -0|100 100 28 23|5.6 20|13 3 1 164 49
6568 宏觀|半導體業|51 67 34|80 88 25 29|0.8 100|6 2 0 -10 -7
6570 維田|電腦及週|-21 -5 -29|100 100 28 17|6.7 21|7 4 0 37 -7
6576 逸達|生技醫療|8947 5520 -14833|80 97 31 -1|1.5 48|33 2 0 na na
6579 研揚|電腦及週|3 -1 -38|99 99 18 8|1.4 7|3 5 0 24 17
6581 鋼聯|綠能環保|46 36 -24|92 100 19 14|1.8 8|2 3 -0 -8 8
6582 申豐|橡膠工業|-75 -55 21|50 90 17 -13|2.6 14|17 1 0 7 -7
6585 鼎基|其他|-8 -7 na|na 98 26 -3|1.2 12|10 0 0 50 83
6589 台康生技|生技醫療|-68 -24 -13|76 76 -8 3|0.3 405|7 -5 1 7 46
6592 和潤企業|其他|20 21 -6|90 98 12 4|1.0 51|27 -8 0 5 -5
6598 ABC-KY|生技醫療|44 20 -25|49 83 3 -11|0.6 5|32 -1 0 -3 -2
6603 富強鑫|電機機械|-43 -1 -6|92 98 6 0|1.1 25|4 11 0 -2 2
6605 帝寶|汽車工業|4 2 -5|100 100 22 7|1.3 85|18 8 0 65 1
6609 瀧澤科|電機機械|19 34 10|99 99 33 23|0.8 37|57 10 -0 -24 -20
6612 奈米醫材|生技醫療|22 19 -12|90 90 69 67|3.3 77|28 -1 0 -9 51
6613 朋億*|其他電子|-6 16 -22|61 100 23 -39|1.9 31|4 16 0 42 147
6625 必應|其他|-37 51 -218|95 95 50 57|1.0 33|3 2 0 18 99
6643 M31|半導體業|12 23 -11|96 96 24 82|1.1 2333|19 0 -1 23 41
6649 台生材|生技醫療|-48 1114 719|87 87 14 5|0.6 15|4 5 0 na na
6651 全宇昕|半導體業|-23 -17 -23|80 98 16 -3|0.7 6|0 2 0 10 -12
6664 群翊|電子零組|2 14 -8|93 93 17 12|2.4 19|5 -2 0 13 3
6666 羅麗芬-KY|生技醫療|-69 -49 -44|91 91 29 37|1.7 39|78 6 0 -13 1
6667 信紘科|其他電子|-10 3 -36|78 81 4 -12|1.7 9|2 -2 0 3 8
6668 中揚光|光電業|-4 17 16|80 90 8 -9|0.6 7|21 1 0 5 -13
6669 緯穎|電腦及週|29 44 -8|93 97 8 21|2.2 984|34 8 -0 67 -31
6670 復盛應用|運動休閒|-10 20 -22|98 98 15 23|2.3 93|26 3 1 96 -9
6672 騰輝電子-KY|電子零組|-39 -35 -6|73 98 23 15|0.5 25|25 14 0 -8 -30
6679 鈺太|半導體業|-61 -54 -27|60 95 25 16|0.6 182|7 -3 4 16 24
6683 雍智科技|半導體業|7 -0 -3|77 86 19 -0|1.3 45|11 0 -6 na -13
6689 伊雲谷|數位雲端|-1 2 na|na na 73 na|2.0 78|15 -2 0 na na
6690 安碁資訊|數位雲端|18 54 -32|97 97 45 34|2.6 32|1 5 0 na na
6691 洋基工程|其他電子|12 23 -14|97 97 49 56|4.3 103|3 7 4 158 15
6695 芯鼎|半導體業|-16 -31 na|na na -2 na|0.7 14|0 -0 0 na na
6703 軒郁|生技醫療|42 54 25|100 100 39 39|1.3 11|13 7 0 na na
6706 惠特|光電業|-78 -78 -50|44 77 9 -22|0.7 43|8 5 0 -10 -19
6712 長聖|生技醫療|-37 -2 -42|81 81 -2 -2|0.4 344|3 1 1 -31 -13
6715 嘉基|電子零組|-23 14 -29|89 95 11 1|2.9 37|2 2 -0 3 20
6719 力智|半導體業|-55 -46 -46|38 92 16 -2|0.9 775|7 -0 0 29 42
6727 亞泰金屬|電子零組|-41 -0 -30|91 91 5 -3|2.2 8|4 1 0 na 56
6732 昇佳電子|半導體業|-44 -34 -4|82 95 53 25|5.5 171|9 -4 4 16 3
6733 博晟生醫|生技醫療|73 128 -166|97 97 27 29|6.0 7|8 0 0 na na
6741 91APP*-KY|數位雲端|5 13 -1|64 100 54 28|0.9 213|62 1 -1 69 3
6743 安普新|其他電子|-57 -49 -33|57 98 29 2|0.9 8|3 6 0 7 -13
6747 亨泰光|生技醫療|-19 -4 -16|75 96 25 -3|0.8 23|6 -9 0 na 121
6752 叡揚|資訊服務|31 29 7|98 98 130 124|3.7 32|2 4 0 na na
6756 威鋒電子|半導體業|-68 -60 -43|47 86 8 -14|1.1 133|4 0 0 11 12
6763 綠界科技*|數位雲端|-2 5 -1|na 87 24 -3|0.9 54|5 -6 -1 na 170
6768 志強-KY|運動休閒|-13 9 -89|77 77 -9 -10|0.6 21|78 -19 0 -4 4
6770 力積電|半導體業|-43 -39 -51|57 94 4 -5|0.7 439|19 -3 0 8 -4
6781 AES-KY|電子零組|-19 -6 -32|58 86 31 -14|0.6 763|73 -4 5 4 2
6788 華景電|半導體業|-10 20 -11|63 92 38 5|0.5 157|2 -0 -0 -4 5
6789 采鈺|半導體業|-18 -19 na|na 77 13 -22|0.9 344|10 3 -0 na -8
6791 虎門科技|資訊服務|23 1 na|na na 65 na|5.5 5|11 1 0 na na
6792 詠業|通信網路|-34 -23 -9|60 79 12 -6|0.9 7|2 -2 0 1 1
6796 晉弘|生技醫療|-9 -8 na|na 87 30 -14|1.2 67|22 0 0 na na
6799 來頡|半導體業|-34 -28 na|na 96 28 -0|2.6 188|10 2 0 na na
6803 崑鼎|綠能環保|19 22 2|98 98 10 3|1.2 8|2 22 -9 -12 0
6806 森崴能源|綠能環保|286 67 -54|78 95 41 9|0.5 414|1 0 -1 -6 25
6811 宏碁資訊|數位雲端|10 12 na|na 100 50 29|3.7 27|2 10 0 na 300
6829 千附精密|半導體業|-51 -22 -26|na 96 16 10|1.2 22|3 10 5 -15 -7
6830 汎銓|其他電子|0 7 na|na na 45 na|1.8 40|0 1 1 na na
6835 圓裕|電子零組|-20 -21 na|na na 21 na|2.6 7|5 5 0 na na
6843 進典|電機機械|28 20 na|na na 53 na|2.6 22|1 0 0 na na
6854 錼創科技-KY創|半導體業|42 37 na|na 91 11 -9|1.5 6|47 -2 0 na na
8016 矽創|半導體業|-45 -41 -21|92 95 23 21|2.3 535|30 7 3 4 -17
8021 尖點|其他電子|-32 -24 -14|79 95 1 -0|2.1 8|7 9 0 3 -15
8027 鈦昇|電機機械|-50 -24 -51|66 71 -2 -29|1.3 8|6 0 0 -2 -3
8028 昇陽半導體|半導體業|0 7 -2|77 80 3 -23|0.4 95|13 -1 -3 -1 -7
8033 雷虎|其他|20 19 21|91 91 16 201|2.1 316|5 3 -0 na na
8038 長園科|電子零組|429 1049 639|92 92 14 13|0.7 40|3 -1 0 na na
8040 九暘|半導體業|-21 -11 -25|78 86 -5 9|0.4 24|2 4 0 7 -9
8043 蜜望實|電子零組|-33 -29 -23|96 96 19 10|1.3 10|1 2 0 14 8
8044 網家|數位雲端|-17 -7 -1|53 90 29 4|1.0 159|13 -5 4 -9 19
8046 南電|電子零組|-22 7 -13|45 77 -8 -13|0.5 1468|8 -6 0 1 -7
8049 晶采|光電業|-9 22 3|100 100 36 49|1.8 34|11 11 -1 28 7
8050 廣積|電腦及週|6 43 22|94 94 10 10|1.3 443|6 2 -3 26 -15
8054 安國|半導體業|-6 3 -10|56 88 3 -13|1.9 20|2 1 0 -3 -17
8069 元太|光電業|10 24 -36|78 78 18 -20|0.9 3701|38 4 2 -6 -4
8070 長華*|電子通路|-27 -21 -25|93 97 8 -1|1.5 18|10 -2 0 4 12
8072 陞泰|電子通路|-45 -34 -23|78 78 -22 -4|0.2 6|2 -1 0 3 3
8076 伍豐|電腦及週|-12 -13 -17|84 84 3 -4|0.8 28|4 14 0 -7 -21
8081 致新|半導體業|-31 -27 -14|74 99 25 13|1.2 190|20 4 3 -24 -15
8083 瑞穎|電機機械|-68 -57 -24|90 90 -3 -10|1.6 8|1 0 0 31 1
8084 巨虹|電子通路|36 50 12|76 76 -16 3|1.2 25|0 -1 0 na na
8086 宏捷科|半導體業|-52 -62 -7|72 94 12 -1|0.9 119|8 -9 1 -1 29
8088 品安|半導體業|-14 -14 -12|100 100 19 28|2.9 16|12 7 0 0 21
8091 翔名|半導體業|-28 -6 -26|95 95 15 11|1.1 69|11 -1 0 -4 10
8097 常珵|通信網路|104 326 -241|66 69 -3 -28|1.4 57|0 -2 0 -17 11
8103 瀚荃|電子零組|-48 -40 -26|72 89 8 -11|1.8 5|10 -11 0 -2 0
8104 錸寶|光電業|96 55 24|56 93 17 -7|0.7 10|2 6 0 -5 -15
8105 凌巨|光電業|-7 -6 -6|100 100 15 11|1.4 67|61 2 0 15 32
8109 博大|電子零組|2 17 -1|97 97 4 14|0.9 10|2 9 1 -26 1
8110 華東|半導體業|-25 -17 -32|68 93 2 -8|1.0 11|3 14 0 -17 -0
8112 至上|電子通路|-69 -53 -30|80 100 6 2|1.5 37|15 4 0 8 4
8114 振樺電|電腦及週|-13 -8 -36|71 71 3 -25|0.7 47|9 13 0 -8 -12
8121 越峰|電子零組|-17 -10 -9|65 87 3 -15|1.0 23|0 -2 0 na -27
8131 福懋科|半導體業|-13 -5 -9|100 100 11 11|2.4 12|6 22 0 11 15
8147 正淩|電子零組|-30 1 -15|88 88 0 25|0.6 6|4 1 0 -22 -6
8150 南茂|半導體業|-41 -34 -17|76 97 9 -2|2.1 84|39 14 -1 -13 -15
8155 博智|電子零組|-27 -16 -32|59 97 10 -6|0.7 146|1 -3 1 -12 26
8163 達方|電腦及週|-27 -19 -21|89 97 6 -0|0.7 21|10 4 0 -1 -7
8171 天宇|綠能環保|34 93 -116|100 100 39 64|1.2 361|4 0 -0 -28 -8
8183 精星|其他電子|-11 16 -37|75 82 1 -18|0.8 70|1 0 0 -0 -3
8210 勤誠|電腦及週|-43 -10 -17|100 100 27 12|2.4 56|10 10 -4 -14 10
8213 志超|電子零組|-39 -35 -13|81 99 9 -0|1.2 12|20 2 0 1 -18
8215 明基材|光電業|-16 -13 -5|99 99 18 13|0.9 104|6 10 -0 -4 -16
8222 寶一|電機機械|26 15 -13|95 95 44 34|1.3 293|4 -0 -0 15 -6
8234 新漢|電腦及週|1 -3 -22|96 96 32 19|2.1 51|5 2 0 7 13
8249 菱光|電子零組|-34 30 19|93 93 0 28|0.7 6|3 -6 0 1 -5
8255 朋程|電機機械|6 21 8|72 89 13 -7|0.6 179|7 4 -2 -5 -24
8261 富鼎|半導體業|-48 -42 -32|77 93 9 -7|0.5 235|5 0 -0 -0 -27
8271 宇瞻|半導體業|-39 -22 -17|99 100 14 18|3.4 23|5 23 0 -19 -9
8279 生展|生技醫療|-3 12 -18|95 95 22 0|0.8 5|4 6 0 na 5
8289 泰藝|電子零組|-22 -23 -24|98 98 28 19|4.9 51|7 2 0 96 6
8299 群聯|半導體業|-47 -32 -25|71 96 10 16|1.0 398|32 3 -6 14 -24
8341 日友|綠能環保|-16 2 -9|74 85 19 -8|0.3 66|13 -5 4 -24 10
8349 恒耀國際|鋼鐵工業|-23 -5 -14|84 84 11 1|1.1 62|2 0 4 -2 13
8358 金居|電子零組|-16 -14 4|92 92 24 44|0.8 567|8 -3 0 13 56
8383 千附|半導體業|-6 12 -6|98 98 17 11|4.7 13|7 2 0 163 38
8390 金益鼎|綠能環保|7 3 -5|85 97 15 6|2.2 8|2 -5 0 -8 48
8401 白紗科|其他|-27 -1 -14|94 94 -1 21|2.3 10|4 5 0 10 11
8403 盛弘|生技醫療|-17 -12 -19|89 89 10 0|0.8 16|4 12 0 -18 2
8415 大國鋼|鋼鐵工業|8 7 -13|96 98 10 8|0.5 12|11 22 0 -5 -6
8420 明揚|運動休閒|19 35 0|100 100 31 22|2.2 32|6 3 -2 -10 118
8421 旭源|其他|-36 -19 -16|88 90 15 -6|0.9 5|2 1 0 26 -6
8422 可寧衛*|綠能環保|18 54 -20|92 99 11 7|0.8 30|12 12 -1 -10 1
8426 紅木-KY|其他|36 40 13|93 93 41 176|2.7 7|69 -3 0 56 -1
8433 弘帆|居家生活|-10 -14 -29|99 99 26 14|3.5 15|2 3 0 6 -9
8436 大江|生技醫療|6 0 12|91 91 76 57|0.8 603|29 5 1 -7 -1
8440 綠電|綠能環保|-19 -7 -6|46 86 -1 -17|0.3 16|1 -0 0 0 -9
8442 威宏-KY|其他|-22 7 -48|100 100 16 21|1.9 10|64 -6 0 50 64
8454 富邦媒|數位雲端|4 14 -2|84 99 39 6|1.5 596|26 -5 0 -17 -32
8462 柏文|運動休閒|-5 -1 -3594|97 97 26 10|1.5 13|1 5 0 22 35
8464 億豐|居家生活|-23 -16 -14|90 96 22 11|0.9 110|44 5 1 2 5
8476 台境*|綠能環保|-42 144 -207|97 97 44 28|1.3 49|4 12 0 39 95
8478 東哥遊艇|運動休閒|42 28 -2|93 93 27 27|2.2 2351|43 -2 0 66 19
8916 光隆|其他|-24 -21 -54|87 87 -4 11|0.8 35|9 -6 -11 -2 -3
8924 大田|運動休閒|-28 -8 -3|95 100 14 7|4.3 24|5 5 -1 48 -2
8926 台汽電|油電燃氣|-2 39 54|94 98 5 -2|0.8 23|7 9 0 -42 0
8927 北基|油電燃氣|11 9 -13|100 100 23 23|3.4 21|1 7 0 27 -27
8928 鉅明|運動休閒|17 26 14|82 92 14 2|4.2 8|2 0 0 14 3
8931 大汽電|油電燃氣|65 85 37|100 100 49 78|2.8 20|0 -3 0 23 388
8932 智通*|數位雲端|-54 -56 -31|94 94 16 50|0.6 16|31 -4 0 17 47
8933 愛地雅|運動休閒|7 9 -11|62 62 -15 0|0.4 27|7 -2 0 na 6
8936 國統|其他|-27 -29 -16|100 100 52 36|7.7 34|7 -1 0 30 31
8938 明安|運動休閒|-26 8 -15|100 100 13 17|4.5 85|17 2 0 35 37
8940 新天地|觀光餐旅|33 41 -121|99 99 57 62|3.6 12|9 0 0 -100 na
8942 森鉅|其他|-33 -30 -33|99 99 11 5|1.6 12|22 22 0 -26 -21
8996 高力|電機機械|72 64 32|100 100 67 154|0.7 3043|19 1 0 -9 -13
9802 鈺齊-KY|運動休閒|4 29 -27|68 68 -8 -28|1.0 308|44 -20 1 9 59
9904 寶成|運動休閒|-8 -5 -19|97 97 3 14|0.6 221|56 16 -3 -4 6
9907 統一實|其他|-44 -32 -32|85 85 4 -13|0.7 30|20 -14 0 10 1
9910 豐泰|運動休閒|-15 -3 -49|84 87 1 5|0.9 191|18 -0 -14 48 9
9911 櫻花|居家生活|-18 -11 -19|99 100 6 -1|1.1 7|18 -27 0 -2 15
9914 美利達|運動休閒|-9 41 15|64 80 -2 -20|0.9 128|37 -3 -2 7 4
9917 中保科|其他|2 6 -3|93 97 -0 -3|1.2 26|40 17 4 25 3
9919 康那香|其他|-24 -21 -6|66 92 -1 -5|0.2 11|4 4 0 -3 -0
9921 巨大|運動休閒|-13 -6 -17|70 83 -17 -19|1.2 138|50 -14 -3 29 0
9925 新保|其他|-1 -1 -3|99 99 5 2|1.3 7|17 23 0 -10 16
9928 中視|其他|6 6 -1|62 62 -8 -33|0.4 6|0 0 0 na na
9933 中鼎|其他|13 18 -21|90 90 12 -3|0.6 64|19 1 -3 -5 7
9938 百和|其他|-41 -35 -28|81 90 13 -3|0.6 118|27 1 -2 21 37
9939 宏全|其他|-3 7 -9|98 98 17 26|1.6 171|31 -20 1 64 67
9940 信義|其他|59 -0 19|83 90 -2 -9|0.8 8|6 3 0 -16 3
9941 裕融|其他|7 15 1|83 100 16 3|1.1 127|5 8 0 -2 -10
9942 茂順|其他|-5 6 -3|98 98 7 27|0.8 51|6 20 2 -7 -2
9943 好樂迪|觀光餐旅|42 8 -1235|99 99 14 11|1.8 10|1 1 0 22 44
9945 潤泰新|其他|-33 23 5|84 92 -1 2|1.1 180|14 -13 0 -2 -9
9951 皇田|電機機械|-14 14 10|97 100 14 10|2.0 5|8 -3 3 11 -29
9955 佳龍|綠能環保|-46 -40 -23|63 90 16 -3|1.2 6|1 -11 0 7 7
9958 世紀鋼|鋼鐵工業|-11 9 16|81 98 26 26|0.6 295|8 -0 2 -5 -11
9962 有益|鋼鐵工業|33 27 -18|100 100 31 35|1.5 19|6 11 0 38 -5
