# 2023-04-06 全池(1123 檔)。欄位:代碼 名稱|產業|最新月YoY 3月YoY均 加速度|距52週高% 距120日高% 60日漲% 120日漲%|量能比 日均值M|外持% 外20 投20 資20 券20(外資持股比;外資/投信20日淨買佔成交值%;融資/借券餘額20日變化%)
1101 台泥|水泥工業|34 16 8|82 92 7 7|0.8 602|21 -8 1 14 11
1102 亞泥|水泥工業|52 2 0|97 97 4 8|0.8 169|18 -18 3 23 4
1104 環泥|水泥工業|70 27 7|99 99 18 27|1.6 34|14 14 0 -44 1
1108 幸福|水泥工業|72 31 9|98 98 32 39|0.8 20|2 8 0 -5 8
1201 味全|食品工業|15 0 -1|90 95 6 2|0.7 7|11 -8 0 -15 14
1210 大成|食品工業|10 4 -4|98 100 14 14|0.9 68|10 3 -0 -4 -12
1215 卜蜂|食品工業|10 4 -8|100 100 8 7|0.7 52|39 13 0 -43 7
1216 統一|食品工業|19 11 1|100 100 10 8|1.4 481|41 7 2 5 3
1217 愛之味|食品工業|-1 2 0|94 100 8 27|0.9 20|9 15 0 -21 -28
1218 泰山|食品工業|12 6 -3|65 65 -6 -14|1.3 35|3 3 -0 5 7
1219 福壽|食品工業|14 5 -10|82 96 16 13|0.7 24|4 3 0 11 -11
1220 台榮|食品工業|-14 -21 -23|75 95 12 20|1.7 15|7 1 0 -57 -2
1227 佳格|食品工業|8 -5 6|83 95 3 9|0.8 24|7 7 -12 -2 9
1229 聯華|食品工業|26 8 0|93 100 17 13|1.2 55|11 14 -0 7 -10
1231 聯華食|食品工業|7 9 -4|100 100 24 27|1.1 18|3 12 0 -58 -28
1232 大統益|食品工業|41 27 5|93 96 6 -3|0.8 6|1 3 0 17 6
1234 黑松|食品工業|71 26 16|99 99 9 8|0.6 8|6 8 0 -14 8
1256 鮮活果汁-KY|食品工業|58 3 13|92 92 22 33|0.9 10|4 5 0 5 6
1268 漢來美食|觀光餐旅|17 25 -61|89 89 8 24|0.4 36|1 -4 0 17 54
1301 台塑|塑膠工業|-14 -29 -14|90 99 5 7|0.9 436|34 -9 12 10 20
1303 南亞|塑膠工業|-27 -33 -12|91 99 10 18|1.0 347|30 3 8 -22 12
1304 台聚|塑膠工業|-14 -19 -6|96 99 20 32|1.1 52|35 11 10 -2 0
1305 華夏|塑膠工業|-15 -15 1|82 91 1 32|0.3 70|11 16 -20 -6 -19
1308 亞聚|塑膠工業|-15 -22 -18|86 99 5 6|1.5 35|10 6 -3 -0 1
1309 台達化|塑膠工業|-15 -20 -3|70 91 -4 1|0.5 17|3 -14 -1 5 -5
1310 台苯|塑膠工業|-49 -31 -28|82 97 3 5|0.8 5|7 5 0 -23 -5
1312 國喬|塑膠工業|11 -13 5|80 97 6 18|1.2 43|13 1 0 12 -6
1313 聯成|塑膠工業|19 -16 -2|77 93 7 21|0.5 16|10 10 1 -9 -21
1316 上曜|建材營造|127 35 -135|58 83 11 -18|0.8 27|1 -4 0 -11 61
1319 東陽|汽車工業|39 9 -7|82 93 11 -8|0.9 232|25 -5 -0 4 -2
1321 大洋|塑膠工業|-12 -19 -13|98 100 14 8|1.1 8|5 9 0 4 0
1326 台化|塑膠工業|-2 -9 -9|89 90 -1 0|0.8 167|34 -11 1 -0 4
1336 台翰|電子零組|35 15 -11|84 84 5 4|0.4 13|6 -3 0 -5 4
1339 昭輝|汽車工業|41 3 -2|93 93 11 12|0.6 14|2 0 0 21 16
1342 八貫|其他|-21 1 -19|95 95 23 123|1.0 233|51 -1 -0 10 29
1402 遠東新|紡織纖維|1 -5 -13|94 94 -1 -4|0.8 178|17 -29 7 -4 49
1409 新纖|紡織纖維|-14 -22 -18|90 96 -0 9|0.7 35|13 -5 7 -14 2
1417 嘉裕|紡織纖維|31 2 -17|84 84 -6 28|0.1 9|2 -7 0 -12 -9
1432 大魯閣|運動休閒|-0 24 -64|74 74 37 37|0.4 28|1 -1 0 na na
1434 福懋|紡織纖維|-8 -11 -13|100 100 7 2|0.8 36|8 6 -1 -16 11
1437 勤益控|其他|2 -10 -23|92 92 14 18|0.8 17|6 -6 0 -16 153
1438 三地開發|建材營造|na na na|86 86 5 2|1.2 7|1 3 0 -22 8
1440 南紡|紡織纖維|3 -8 -14|73 92 -3 1|1.1 19|7 -19 1 -6 26
1442 名軒|建材營造|362 1778 1384|88 88 -10 16|0.9 36|4 3 -0 -18 -18
1444 力麗|紡織纖維|-15 -32 -38|86 95 0 -3|0.3 13|6 -8 0 -8 2
1451 年興|紡織纖維|-38 -32 -34|83 96 9 0|0.7 10|7 -6 0 -9 7
1453 大將|建材營造|-100 -50 -38440|46 89 8 0|0.7 5|1 -3 0 4 -7
1455 集盛|紡織纖維|-24 -41 -19|66 92 1 14|0.9 7|2 -7 0 -12 9
1467 南緯|紡織纖維|-26 -31 -20|82 92 5 -1|0.5 27|21 1 0 4 -22
1473 台南|紡織纖維|-33 -10 -41|87 87 17 25|0.7 7|10 -4 0 9 25
1475 業旺|紡織纖維|47 28 -238|75 78 -16 17|0.4 5|0 -8 0 6 31
1476 儒鴻|紡織纖維|-28 -36 -39|94 94 -2 15|1.2 380|41 7 -2 -39 -15
1477 聚陽|紡織纖維|4 -12 -19|94 94 -4 20|1.6 425|36 -6 4 8 66
1503 士電|電機機械|30 14 1|94 94 36 38|0.4 178|31 -2 0 -20 -6
1504 東元|電機機械|14 4 -7|97 97 56 53|2.2 1408|18 0 1 20 305
1506 正道|電機機械|2 -6 -11|95 95 26 38|0.5 9|1 -0 0 na na
1513 中興電|電機機械|38 17 7|95 95 45 68|0.4 1799|18 -0 1 -9 -18
1514 亞力|電機機械|25 37 -0|90 90 30 36|0.3 189|12 -0 -1 -14 -7
1515 力山|電機機械|-63 -71 5|66 87 -6 -2|0.6 12|6 -22 -1 -2 12
1516 川飛|其他|23 na na|69 85 2 -1|0.4 5|2 5 0 -35 -16
1517 利奇|電機機械|-28 -41 -37|79 83 -1 -11|0.9 11|2 -12 0 -14 10
1519 華城|電機機械|-42 -34 -16|97 97 50 76|0.5 635|10 -0 -1 24 5
1522 堤維西|汽車工業|9 7 -8|92 98 13 11|0.5 75|8 13 0 -21 -39
1524 耿鼎|汽車工業|74 24 -3|88 94 12 1|0.6 151|4 3 0 9 -27
1526 日馳|電機機械|-13 -26 -35|74 87 3 -13|0.8 11|2 -11 0 -5 -1
1527 鑽全|電機機械|-16 -29 -11|94 94 4 5|0.6 11|11 -3 0 -11 6
1528 恩德|電機機械|22 14 4|98 98 10 15|1.1 8|2 5 0 -3 26
1529 樂事綠能|電機機械|236 140 76|93 93 47 37|0.6 100|4 3 -0 -9 -18
1532 勤美|電機機械|-21 -42 -14|99 99 24 20|1.0 28|12 2 1 12 5
1533 車王電|汽車工業|18 -10 -25|72 94 2 -2|0.5 11|6 -6 0 1 20
1535 中宇|電機機械|3 -5 -9|99 99 14 18|0.5 11|1 4 1 -51 27
1536 和大|汽車工業|33 14 1|76 78 2 -21|0.4 57|12 -13 1 -3 -3
1537 廣隆|電機機械|-9 -12 -63|100 100 5 4|0.8 7|18 0 0 -27 -1
1539 巨庭|電機機械|-76 -74 -41|66 94 8 0|0.9 24|1 0 0 -9 -38
1540 喬福|電機機械|29 50 -39|90 90 10 8|0.8 8|2 2 0 -12 -2
1558 伸興|電機機械|13 -5 -13|86 89 -6 -7|0.9 12|7 -14 -2 3 -1
1560 中砂|電機機械|-3 -5 -17|70 92 9 -1|1.0 235|8 -3 2 -0 -13
1565 精華|生技醫療|8 -10 -1|94 95 6 13|0.6 27|27 -9 -0 -3 -2
1568 倉佑|汽車工業|-27 -29 -22|77 91 5 -1|0.7 8|2 4 0 -0 -15
1569 濱川|電腦及週|-39 -28 -29|90 97 14 6|1.2 13|5 3 0 6 -16
1580 新麥|電機機械|21 1 8|97 97 15 10|1.0 9|6 4 0 -0 -20
1582 信錦|電子零組|-21 -39 -28|87 94 2 -5|0.8 6|9 -14 0 3 -3
1584 精剛|其他|216 114 42|94 94 34 84|1.1 324|2 -0 0 -13 -5
1589 永冠-KY|電機機械|52 15 5|98 98 44 30|1.1 108|12 9 3 -7 128
1590 亞德客-KY|電機機械|38 2 -2|95 95 26 54|1.2 711|78 -11 3 -30 22
1591 駿吉-KY|電機機械|-91 -90 na|87 87 61 89|1.5 11|18 -2 0 4 24
1597 直得|電機機械|-15 -21 -8|92 92 11 20|0.6 9|4 1 0 7 9
1598 岱宇|運動休閒|9 -1 29|86 86 3 15|0.6 15|6 -2 1 -19 -14
1603 華電|電器電纜|110 49 -6|87 91 4 8|1.3 40|2 -1 0 12 26
1604 聲寶|電器電纜|0 -7 -5|94 100 8 6|0.9 6|9 3 0 -6 2
1605 華新|電器電纜|37 11 -3|84 84 6 23|0.8 2252|23 -6 3 -7 101
1608 華榮|電器電纜|-19 -14 -12|69 93 7 18|0.3 9|2 -2 0 -5 -8
1609 大亞|電器電纜|13 -8 -4|93 99 30 45|1.8 421|11 -0 -0 35 12
1611 中電|電器電纜|-2 -14 -3|81 99 24 9|1.6 27|10 -4 0 3 18
1612 宏泰|電器電纜|-12 6 10|70 100 22 40|0.8 18|13 10 -1 -21 -13
1618 合機|電器電纜|58 2 -27|99 99 19 26|5.6 9|2 -1 0 18 10
1701 中化|生技醫療|22 18 9|72 72 -21 23|0.2 55|11 8 0 -37 -15
1702 南僑|食品工業|30 5 1|98 98 5 7|0.8 8|11 -2 0 -38 3
1707 葡萄王|生技醫療|26 9 2|94 94 11 33|0.6 91|20 27 -10 4 13
1708 東鹼|化學工業|-23 -17 -67|61 93 3 1|1.5 87|7 -16 -0 -4 22
1709 和益|化學工業|-10 -16 -23|92 100 13 13|0.6 43|4 5 -0 -12 18
1710 東聯|化學工業|-19 -21 3|90 98 8 15|1.3 26|9 -1 -1 -5 -6
1711 永光|化學工業|3 -18 -12|71 94 2 4|0.8 10|8 0 -1 -6 -1
1712 興農|化學工業|-2 -8 -25|89 95 11 3|0.9 105|14 -16 -1 -0 10
1717 長興|化學工業|1 -19 -12|82 95 4 -7|1.1 38|14 -22 1 1 11
1720 生達|生技醫療|41 17 -12|86 86 -6 21|0.3 63|6 -7 0 -25 37
1721 三晃|化學工業|4 -12 -16|58 83 -6 -1|0.4 6|1 -0 0 -3 -10
1722 台肥|化學工業|-3 -21 -33|71 96 6 3|0.8 68|12 -8 -0 -13 -4
1723 中碳|化學工業|28 4 -21|92 99 9 7|1.4 23|10 3 1 -0 7
1727 中華化|化學工業|-22 -23 -30|51 87 1 -4|0.7 6|3 1 0 0 -8
1733 五鼎|生技醫療|-27 -20 -25|91 98 2 3|0.8 6|6 -1 0 -20 49
1734 杏輝|生技醫療|27 11 -8|86 86 -6 8|0.2 14|6 -12 -1 -7 17
1736 喬山|運動休閒|-12 -6 -12|78 78 -10 -10|0.2 29|8 -6 1 -11 32
1752 南光|生技醫療|80 42 24|89 89 -4 71|0.3 105|6 7 -4 -27 -11
1760 寶齡富錦|生技醫療|2 -10 -30|92 92 -8 26|1.1 625|16 2 -0 16 -11
1762 中化生|生技醫療|144 63 20|99 99 28 50|2.2 322|8 -3 1 87 25
1773 勝一|化學工業|-4 -19 -14|69 90 9 10|0.7 32|5 -4 -1 79 12
1777 生泰|生技醫療|29 39 -11|91 91 -4 13|0.4 6|1 -6 0 -17 0
1783 和康生|生技醫療|3 24 6|86 86 9 52|0.2 58|11 7 -2 -43 -37
1784 訊聯|生技醫療|18 9 1|97 97 11 18|2.0 20|6 10 0 -8 -25
1785 光洋科|其他電子|-20 -31 -10|74 94 13 24|0.7 59|9 -5 -0 5 -10
1786 科妍|生技醫療|4 26 2|91 91 18 47|0.2 29|4 -5 -0 19 5
1789 神隆|生技醫療|-4 56 37|91 97 2 10|0.5 14|5 8 1 -8 -14
1795 美時|生技醫療|6 52 23|92 92 16 71|1.0 2040|69 -6 0 -0 50
1796 金穎生技|食品工業|60 19 -4|100 100 48 91|0.9 26|1 -0 2 34 15
1802 台玻|玻璃陶瓷|-17 -19 2|80 80 -5 18|0.8 70|8 -18 -3 17 -4
1808 潤隆|建材營造|459 185 208|95 95 4 21|0.7 23|2 -5 0 7 -7
1809 中釉|玻璃陶瓷|35 -5 -23|97 97 14 20|0.3 5|3 6 0 -19 -8
1810 和成|玻璃陶瓷|-5 -15 -7|84 84 3 76|0.4 48|3 -5 0 1 1
1815 富喬|電子零組|-15 -22 -8|79 93 2 -1|0.4 13|3 -9 0 1 -2
1903 士紙|造紙工業|-6 -14 11|71 83 -12 -18|0.9 13|16 -32 0 97 -31
1904 正隆|造紙工業|8 -13 -7|87 98 5 9|0.7 18|9 -8 0 -3 10
1905 華紙|造紙工業|23 2 -8|73 91 -0 2|0.7 10|3 -13 -2 -6 17
1907 永豐餘|造紙工業|9 -12 -6|83 95 9 13|0.7 42|15 -13 1 -1 19
1909 榮成|造紙工業|7 -16 -10|85 89 9 17|0.3 30|13 8 -22 3 -9
2002 中鋼|鋼鐵工業|-7 -22 -13|85 96 0 14|0.7 499|19 -1 11 -9 -12
2006 東和鋼鐵|鋼鐵工業|11 -8 -8|82 96 15 25|2.0 121|13 8 -1 25 42
2007 燁興|鋼鐵工業|-16 -21 -16|54 89 -11 15|0.2 6|0 -16 0 11 8
2009 第一銅|鋼鐵工業|-9 -30 -14|77 93 8 59|0.2 39|1 -2 -0 -9 1
2010 春源|鋼鐵工業|-12 -27 -14|65 94 -2 11|0.6 6|7 -1 0 -11 -6
2013 中鋼構|鋼鐵工業|-1 2 -16|95 95 -2 11|1.7 9|7 -4 0 -4 -19
2014 中鴻|鋼鐵工業|-15 -27 -8|61 90 -3 27|0.4 230|8 4 -17 -0 -16
2015 豐興|鋼鐵工業|8 -11 -7|78 96 10 21|2.1 30|11 -4 10 -6 12
2017 官田鋼|鋼鐵工業|-24 -34 -20|89 89 25 41|0.5 34|3 0 0 64 5
2023 燁輝|鋼鐵工業|-30 -32 -17|64 89 -8 15|0.3 26|6 -14 1 14 1
2027 大成鋼|鋼鐵工業|-1 3 -10|87 96 4 25|0.6 395|15 -2 0 -16 0
2028 威致|鋼鐵工業|8 3 9|68 88 -4 24|0.2 11|1 1 -0 -2 -3
2029 盛餘|鋼鐵工業|-21 -32 -14|70 99 3 14|0.8 7|70 11 0 2 -16
2030 彰源|鋼鐵工業|2 -23 -23|63 96 -2 2|0.4 19|4 11 0 -15 -15
2031 新光鋼|鋼鐵工業|-7 -7 -24|70 99 9 41|0.8 101|12 1 22 -22 -2
2034 允強|鋼鐵工業|2 -9 0|82 93 -2 8|0.5 27|8 -9 -0 -25 -12
2038 海光|鋼鐵工業|10 -20 -23|65 90 -6 14|0.3 11|1 -7 -0 -7 -3
2049 上銀|電機機械|-18 -25 -24|93 93 36 39|0.6 516|31 -6 6 -4 -7
2059 川湖|電子零組|-34 -24 -37|79 79 -3 -17|0.7 150|15 -13 -2 29 22
2065 世豐|鋼鐵工業|23 -3 5|100 100 25 40|3.3 17|4 11 0 5 6
2066 世德|電機機械|11 15 -9|97 97 15 13|0.9 11|14 -2 0 -6 -4
2069 運錩|鋼鐵工業|-20 -26 -18|59 92 -6 -2|0.3 5|1 -8 0 3 8
2101 南港|橡膠工業|11 -3 2|93 100 19 8|1.1 23|6 3 0 -2 -3
2102 泰豐|橡膠工業|-12 -22 -39|77 98 4 2|0.7 13|7 -4 0 -9 -9
2103 台橡|橡膠工業|2 -7 -9|88 94 4 9|0.5 29|28 -17 14 -5 21
2104 國際中橡|橡膠工業|3 2 -0|71 94 1 -1|1.5 38|12 -10 0 1 28
2105 正新|橡膠工業|16 -8 -6|92 96 7 -0|1.3 107|14 -9 -0 12 24
2106 建大|橡膠工業|-2 -11 -18|83 96 3 -3|1.1 16|7 -20 -2 17 22
2107 厚生|橡膠工業|-63 -47 -19|95 95 1 9|1.0 7|8 1 0 13 1
2108 南帝|橡膠工業|-15 -35 12|64 90 10 23|1.0 63|8 -6 3 10 54
2201 裕隆|汽車工業|13 2 2|87 87 25 77|0.3 942|8 4 -3 -4 -33
2204 中華|汽車工業|49 22 17|98 98 26 52|0.9 150|25 -1 6 55 -19
2206 三陽工業|汽車工業|75 29 1|95 95 17 -1|0.8 144|18 -7 -0 9 20
2207 和泰車|汽車工業|31 8 5|95 95 7 10|0.9 135|25 -7 3 -79 24
2208 台船|航運業|-4 0 -12|98 98 22 48|1.8 80|6 0 0 7 32
2211 長榮鋼|鋼鐵工業|-8 -43 -25|91 98 7 1|0.6 48|17 5 0 82 11
2221 大甲|其他|-1 -22 -17|99 99 14 11|0.6 10|4 6 0 -2 5
2227 裕日車|汽車工業|23 5 7|81 93 3 3|0.9 8|41 -13 0 na -53
2228 劍麟|汽車工業|20 6 -12|93 93 10 4|0.6 23|10 5 0 -18 5
2230 泰茂|居家生活|17 -7 0|95 95 159 152|0.4 115|6 -2 0 19 80
2231 為升|汽車工業|56 18 13|100 100 35 29|1.6 287|9 4 0 9 -2
2233 宇隆|汽車工業|-10 -13 -12|97 100 18 17|4.9 15|10 -3 -1 34 11
2236 百達-KY|汽車工業|16 13 7|95 95 69 93|0.2 8|74 6 0 4 0
2239 英利-KY|汽車工業|-11 -2 -13|92 98 23 2|1.2 9|75 3 0 -1 -5
2243 宏旭-KY|汽車工業|325 1922 1394|86 86 67 55|0.7 53|29 -1 0 71 21
2247 汎德永業|汽車工業|91 31 18|100 100 27 27|3.7 39|5 12 0 157 8
2301 光寶科|電腦及週|-7 -15 -16|100 100 21 20|1.0 612|45 -7 9 64 -2
2302 麗正|半導體業|31 -10 -24|96 96 29 38|2.7 77|1 -3 0 48 59
2303 聯電|半導體業|-19 -7 -30|99 99 26 44|0.7 2601|36 12 0 -2 -4
2305 全友|電腦及週|31 -14 -9|69 78 -4 -5|0.3 14|5 -1 0 -1 12
2308 台達電|電子零組|14 14 -8|97 97 5 17|1.0 1655|67 1 -2 -12 2
2312 金寶|其他電子|-4 1 -26|77 88 -4 -1|0.7 48|10 -13 0 10 8
2313 華通|電子零組|-21 -20 -35|87 90 1 4|0.9 399|22 -12 -3 -17 17
2314 台揚|通信網路|55 62 33|61 92 13 12|0.5 38|2 -3 -0 -2 na
2317 鴻海|其他電子|-12 8 -6|92 96 2 2|0.8 2853|40 -3 -0 3 -2
2324 仁寶|電腦及週|-19 -29 -14|100 100 11 17|1.3 367|41 7 13 56 -7
2327 國巨*|電子零組|-7 -5 -12|90 90 13 25|0.6 1435|46 3 -1 -5 20
2328 廣宇|電子零組|28 1 -6|95 95 4 22|0.8 91|13 2 0 -5 -9
2329 華泰|半導體業|-7 -14 -9|98 100 19 32|1.7 75|10 1 0 -7 6
2330 台積電|半導體業|11 17 -22|90 98 17 23|0.7 12674|72 9 1 -15 -17
2331 精英|電腦及週|-32 -41 -36|88 89 8 -10|3.1 84|8 -7 0 10 34
2332 友訊|通信網路|3 5 -8|100 100 21 29|1.2 60|12 19 0 -18 -34
2337 旺宏|半導體業|-43 -40 -19|87 92 -2 12|1.9 178|19 -11 -1 4 13
2338 光罩|半導體業|0 -1 -23|96 96 8 66|0.6 420|13 15 -0 -32 -36
2340 台亞|半導體業|-15 -35 -10|80 95 13 22|2.4 73|12 2 0 6 -5
2342 茂矽|半導體業|-27 -20 -23|98 98 25 41|6.2 85|4 -5 0 11 125
2344 華邦電|半導體業|-33 -34 -19|76 97 27 32|1.8 687|22 -7 2 3 22
2345 智邦|通信網路|64 38 4|99 99 33 16|1.4 1290|66 16 4 -18 -25
2347 聯強|電子通路|-1 -13 -15|82 94 -1 15|0.8 160|30 -29 13 4 34
2351 順德|半導體業|4 -10 -12|81 97 31 27|0.6 184|22 1 0 -21 -11
2352 佳世達|電腦及週|-12 -18 -19|100 100 17 15|1.8 209|15 3 0 -15 -25
2353 宏碁|電腦及週|-36 -35 -13|100 100 23 30|1.3 254|32 24 9 -1 -18
2354 鴻準|其他電子|11 18 25|92 99 9 22|1.3 151|18 14 0 -8 -14
2355 敬鵬|電子零組|-4 -12 -6|100 100 14 20|2.3 31|19 28 0 -4 -13
2356 英業達|電腦及週|1 -9 -13|100 100 30 45|1.9 429|26 17 10 230 -1
2357 華碩|電腦及週|-13 -24 -17|82 92 -0 14|0.8 477|42 -16 8 -29 18
2358 廷鑫|其他|-24 -11 10|57 82 -5 4|0.4 11|1 -6 0 -13 -13
2359 所羅門|其他電子|-48 -33 -51|90 90 19 38|0.9 326|3 -0 0 -3 -25
2360 致茂|其他電子|29 -1 -31|87 89 -1 -1|1.2 328|66 2 -6 34 -23
2362 藍天|電腦及週|-20 -21 1|84 94 -1 -3|1.0 16|9 -25 0 5 -5
2363 矽統|半導體業|26 19 34|87 99 17 11|0.5 29|5 19 0 -11 -35
2364 倫飛|電腦及週|23 15 0|75 85 8 31|0.6 30|16 -2 0 -23 0
2367 燿華|電子零組|7 -12 -44|80 96 9 -3|0.7 55|8 6 0 -5 -17
2368 金像電|電子零組|-13 -8 -25|92 92 6 9|1.1 887|20 3 0 19 -8
2369 菱生|半導體業|-21 -28 -2|64 96 14 17|0.5 10|15 12 0 -5 -15
2371 大同|電機機械|74 55 30|89 93 -3 3|1.9 237|15 -13 -0 2 27
2374 佳能|光電業|-1 -12 -57|77 89 -3 -1|0.7 12|5 -9 -1 -1 10
2375 凱美|電子零組|-1 -26 -0|74 90 30 47|0.7 134|5 -2 0 -4 18
2376 技嘉|電腦及週|13 -5 12|100 100 30 55|1.1 776|24 23 -4 -1 44
2377 微星|電腦及週|-5 -20 -5|100 100 21 35|0.8 383|32 11 5 -29 -3
2379 瑞昱|半導體業|-32 -36 -33|90 96 31 43|0.8 987|47 -1 4 -3 11
2380 虹光|電腦及週|-23 -32 -28|73 77 -14 -5|0.6 6|0 -4 0 na na
2382 廣達|電腦及週|-8 -11 -23|100 100 26 15|1.5 762|22 -6 11 -12 -12
2383 台光電|電子零組|-19 -25 -18|73 90 1 13|0.7 354|38 7 -20 17 -22
2385 群光|電子零組|-17 -20 -22|100 100 10 15|1.4 226|34 -20 3 -19 1
2387 精元|電腦及週|-22 -27 -23|100 100 13 24|1.8 39|10 26 -2 3 -13
2388 威盛|半導體業|40 1 -30|89 89 23 12|0.7 2335|9 -2 0 -21 14
2390 云辰|其他電子|31 29 21|55 88 -5 -8|0.6 7|2 -2 0 -16 17
2392 正崴|電子零組|5 1 -12|97 97 12 25|1.0 57|14 -1 0 36 -2
2393 億光|光電業|-13 -20 2|88 100 8 17|1.7 32|24 -7 -0 -9 -8
2395 研華|電腦及週|12 6 -9|94 94 8 21|1.3 304|42 18 1 -15 -11
2397 友通|電腦及週|1 -1 -20|95 95 17 22|0.9 11|22 18 0 -28 2
2399 映泰|電腦及週|18 -15 6|76 92 17 30|0.5 42|4 1 0 -10 -5
2401 凌陽|半導體業|-41 -46 -19|71 93 8 11|0.9 40|12 -3 -0 0 -4
2402 毅嘉|電子零組|14 10 -9|97 97 52 62|1.5 347|16 2 0 94 -26
2404 漢唐|其他電子|171 162 54|88 88 15 41|1.4 315|28 8 0 -38 1
2405 輔信|電腦及週|-21 -5 2|76 91 4 -1|0.5 11|5 -2 0 -8 -8
2406 國碩|光電業|-38 -44 -22|76 95 5 11|0.6 37|5 2 0 3 -20
2408 南亞科|半導體業|-69 -67 -22|96 100 29 41|2.5 563|15 -0 7 1 6
2409 友達|光電業|-37 -41 -2|83 97 21 1|0.6 574|26 -6 -1 -8 -25
2412 中華電|通信網路|8 1 -3|94 100 7 4|0.8 807|17 -6 9 -20 5
2413 環科|電子零組|128 48 12|94 94 37 61|0.9 234|7 0 0 51 -12
2417 圓剛|電腦及週|-23 -26 -10|71 98 6 21|0.6 6|3 5 0 -0 -10
2419 仲琦|通信網路|2 26 -12|93 96 17 17|0.8 66|4 4 -0 -14 -12
2420 新巨|電子零組|-6 -9 -6|100 100 11 12|1.1 11|4 3 0 -19 4
2421 建準|電子零組|23 -7 -9|100 100 19 47|2.1 191|29 19 0 -5 -9
2423 固緯|其他電子|11 4 -3|100 100 23 31|1.2 8|4 10 0 -8 11
2425 承啟|電腦及週|-15 -30 -22|87 87 12 37|0.4 52|12 -5 -0 -13 -8
2426 鼎元|光電業|-21 -29 -3|73 96 9 19|3.8 10|8 -7 0 4 13
2427 三商電|資訊服務|62 10 -11|98 98 28 32|1.4 65|3 -1 0 55 21
2428 興勤|電子零組|2 -8 -5|97 97 27 30|2.9 59|15 1 3 -9 11
2430 燦坤|電子通路|-8 -7 -3|86 90 11 6|0.9 26|5 -14 0 10 201
2436 偉詮電|半導體業|-37 -41 -11|65 100 32 40|1.7 73|8 4 0 -0 -7
2438 翔耀|光電業|-38 -60 -11|100 100 66 64|5.0 13|0 0 0 na na
2439 美律|通信網路|33 10 2|96 98 11 2|0.8 55|14 9 0 -17 -15
2441 超豐|半導體業|-26 -39 -14|77 97 12 10|0.9 49|13 -16 -1 -34 5
2442 新美齊|建材營造|-18 -5 -353|100 100 25 32|2.1 21|3 11 0 38 -24
2444 兆勁|通信網路|35 13 5|80 80 -7 46|0.3 11|2 -4 -0 na na
2449 京元電子|半導體業|-4 -10 -17|98 98 34 56|0.9 628|39 30 1 13 12
2450 神腦|通信網路|21 4 1|100 100 15 18|1.2 7|3 3 0 39 3
2451 創見|半導體業|-23 -29 -9|100 100 10 14|1.0 45|10 15 18 -1 9
2453 凌群|資訊服務|1 1 -1|97 97 166 182|0.9 942|4 -1 0 -25 -1
2454 聯發科|半導體業|-24 -30 -32|85 95 14 39|0.8 4101|60 -11 2 -7 0
2455 全新|通信網路|-63 -52 -14|83 100 41 72|1.7 283|31 4 -1 -1 2
2457 飛宏|電子零組|10 -12 -23|100 100 50 74|1.0 3368|10 1 0 28 -27
2458 義隆|半導體業|-29 -42 -7|67 91 18 21|0.6 110|25 -6 -2 -15 -23
2461 光群雷|其他電子|-7 -13 -13|99 100 21 29|2.2 11|6 2 0 9 17
2462 良得電|電子零組|9 -20 -14|89 90 6 24|0.6 27|2 8 0 -3 -21
2464 盟立|其他電子|-9 -8 -14|93 93 -0 0|0.7 11|4 -16 -3 1 14
2465 麗臺|電腦及週|-48 -50 -3|64 90 2 59|0.2 34|3 2 0 -19 2
2467 志聖|電子零組|-14 -21 -13|97 97 11 7|0.9 7|7 6 0 -15 -10
2468 華經|資訊服務|-6 -4 -10|77 77 -8 56|0.2 17|1 -2 -0 -4 -0
2471 資通|資訊服務|17 -2 -12|98 98 85 90|0.6 363|4 0 0 9 -10
2472 立隆電|電子零組|-1 -19 -18|89 89 19 33|0.6 72|4 2 4 -18 -2
2474 可成|其他電子|-37 -44 -13|98 98 10 9|0.6 420|43 -28 3 -46 1
2476 鉅祥|電子零組|-5 -9 -9|96 99 23 25|1.5 150|3 -1 0 25 1
2478 大毅|電子零組|-15 -27 -4|83 91 7 16|1.1 8|5 -17 0 -4 -7
2480 敦陽科|資訊服務|22 1 -3|99 99 18 19|0.5 19|6 7 0 -14 -10
2481 強茂|半導體業|-16 -25 -13|72 99 19 28|1.5 411|9 -3 -0 15 12
2482 連宇|其他電子|644 304 170|100 100 164 208|0.8 983|6 -1 0 6 -69
2483 百容|電子零組|-22 -25 -22|83 86 9 -11|0.7 5|2 -7 0 2 -42
2484 希華|電子零組|-33 -21 -17|92 95 12 20|1.3 53|7 -4 0 -5 11
2485 兆赫|通信網路|37 14 6|100 100 18 17|1.6 22|9 24 -1 -9 -9
2486 一詮|光電業|-1 -19 -4|59 100 35 60|0.6 180|2 -1 0 -4 8
2489 瑞軒|光電業|-1 -27 -1|67 92 1 3|0.6 14|10 -3 0 10 -18
2492 華新科|電子零組|-9 -19 -1|69 93 20 26|0.6 191|15 -4 -1 4 -1
2493 揚博|電子零組|-1 -0 -16|97 97 22 32|1.0 15|6 10 0 -13 0
2495 普安|電腦及週|92 43 11|98 98 9 52|1.1 104|24 5 0 -5 -6
2497 怡利電|汽車工業|-20 -4 -38|72 90 7 -2|0.7 120|2 4 -0 -7 -20
2498 宏達電|通信網路|-21 -24 -4|93 93 16 19|0.5 919|12 -1 -0 -6 4
2501 國建|建材營造|170 106 -8|94 98 13 6|0.6 7|7 5 0 -5 -5
2504 國產|建材營造|60 9 7|91 99 11 14|0.9 53|15 4 5 -18 -9
2511 太子|建材營造|-24 -45 -37|91 100 12 7|0.6 6|9 16 0 0 11
2520 冠德|建材營造|69 -6 -22|84 100 5 22|1.1 26|16 14 -7 20 -24
2530 華建|建材營造|133 26 -21581|99 99 10 12|1.6 10|1 8 -2 -8 -7
2534 宏盛|建材營造|11 65 -9|88 89 0 -7|2.3 44|7 -6 0 -16 50
2535 達欣工|建材營造|-21 -5 -14|100 100 14 8|3.0 24|7 3 0 -1 -0
2536 宏普|建材營造|3 -40 -48|99 99 10 9|1.8 8|10 6 0 75 -7
2538 基泰|建材營造|37 37 -16|88 94 8 -6|0.8 8|12 3 0 -2 1
2539 櫻花建|建材營造|20822 na na|100 100 18 18|0.8 10|1 11 -2 -5 14
2540 愛山林|建材營造|12 -14 -1|75 75 1 2|1.7 27|0 -2 0 5 46
2542 興富發|建材營造|170 103 123|91 91 1 6|0.8 85|9 -1 0 -14 -1
2545 皇翔|建材營造|-59 -67 -68|84 97 12 13|1.3 25|3 -6 0 -18 63
2546 根基|建材營造|83 55 6|100 100 40 43|1.5 15|5 16 0 -42 29
2548 華固|建材營造|-6 -44 -232|99 100 6 4|1.0 54|18 -2 0 -6 -3
2597 潤弘|建材營造|15 -2 -17|90 95 2 47|1.1 12|1 -1 -2 2 -6
2603 長榮|航運業|-66 -55 -69|50 92 -6 10|0.4 4157|29 -9 -0 -5 181
2605 新興|航運業|39 24 24|80 94 23 38|0.7 209|38 2 0 -4 -16
2606 裕民|航運業|9 -7 -6|86 91 11 52|1.0 437|10 3 -7 26 -21
2607 榮運|航運業|-24 -25 -126|68 84 -5 -13|0.3 48|14 -6 0 1 8
2608 嘉里大榮|航運業|8 -7 -3|82 96 -0 0|0.5 6|5 15 0 -7 -3
2609 陽明|航運業|-66 -61 -61|62 93 -5 7|0.5 1660|14 -12 -0 -2 35
2610 華航|航運業|19 3 -6|67 90 1 -1|0.6 477|10 -13 -2 -1 1
2611 志信|航運業|-29 -48 -32|58 89 -4 2|0.4 10|1 2 0 18 -15
2612 中航|航運業|-7 -3 -24|74 87 -13 24|0.3 22|2 -7 -0 -7 -9
2613 中櫃|航運業|-3 -10 -9|55 85 1 -14|0.4 7|1 -4 0 -2 -7
2614 東森|其他|7 2 -4|53 76 -19 -5|0.4 39|2 1 -0 9 -22
2615 萬海|航運業|-69 -64 -61|52 78 -21 2|0.4 726|42 -7 -0 5 10
2616 山隆|油電燃氣|0 -12 -8|85 96 0 -4|1.0 6|3 -12 0 9 56
2617 台航|航運業|15 17 -2|87 92 16 27|0.5 61|5 7 -0 -11 -29
2618 長榮航|航運業|48 36 2|72 88 -6 -8|0.5 642|26 -11 -2 1 12
2630 亞航|航運業|58 18 6|96 96 15 15|1.1 15|0 0 0 na 7
2633 台灣高鐵|航運業|32 31 -49|99 99 5 7|0.8 115|11 11 4 -22 -12
2634 漢翔|航運業|95 47 9|97 97 22 24|0.8 796|9 2 0 -4 -6
2636 台驊控股|航運業|-66 -67 -36|67 97 9 34|0.4 123|20 9 -0 -23 29
2637 慧洋-KY|航運業|-43 -34 -53|62 90 -2 25|0.7 392|10 -7 1 -6 -1
2640 大車隊|數位雲端|11 6 -16|98 98 33 37|1.4 22|6 1 0 40 114
2641 正德|航運業|-32 -27 -36|80 98 8 39|0.5 103|0 1 0 -16 -36
2643 捷迅|航運業|-6 -22 -29|100 100 11 14|1.2 6|2 12 0 -9 -1
2702 華園|觀光餐旅|34 41 -24|81 85 5 3|0.3 12|37 -5 0 3 9
2704 國賓|觀光餐旅|-28 -9 -26|88 88 9 13|0.4 8|11 7 0 -11 2
2705 六福|觀光餐旅|51 30 -71|85 88 3 2|0.5 11|3 7 0 -7 4
2707 晶華|觀光餐旅|13 21 -4|86 86 7 40|0.5 541|16 -6 -0 -10 62
2722 夏都|觀光餐旅|-2 5 -264|92 92 46 55|1.0 49|0 -0 0 -29 0
2723 美食-KY|觀光餐旅|4 4 5|84 84 1 31|1.8 274|59 5 -4 59 6
2726 雅茗-KY|觀光餐旅|-24 -34 9|97 97 30 28|1.0 5|38 1 0 6 0
2727 王品|觀光餐旅|12 11 -1|93 93 90 116|1.5 1243|31 1 0 132 24
2729 瓦城|觀光餐旅|-4 23 4|86 86 17 12|0.9 52|5 1 0 -35 53
2731 雄獅|觀光餐旅|377 387 148|100 100 51 59|2.5 448|20 9 3 -22 22
2732 六角|觀光餐旅|8 1 -3|95 95 41 34|0.5 378|11 -1 1 -16 -23
2734 易飛網|觀光餐旅|897 685 362|82 89 14 2|1.3 13|7 0 0 na na
2736 富野|觀光餐旅|-9 6 -103|81 85 12 17|0.5 25|3 -4 0 -10 21
2739 寒舍|觀光餐旅|61 50 -43|87 87 88 93|0.9 34|3 3 0 -67 na
2743 山富|觀光餐旅|638 998 179|80 89 1 0|0.6 47|0 -2 0 -33 37
2745 五福|觀光餐旅|2877 1733 1071|69 90 7 -1|0.6 5|0 -1 0 na na
2748 雲品|觀光餐旅|22 27 -60|84 84 53 79|0.7 358|4 -0 -0 16 12
2752 豆府|觀光餐旅|19 35 -25|100 100 46 48|0.4 5|2 -4 0 na 0
2753 八方雲集|觀光餐旅|17 11 -4|73 73 -7 2|1.7 253|14 -9 -3 -11 -7
2754 亞洲藏壽司|觀光餐旅|19 31 -183|69 69 13 39|0.5 38|78 -26 0 26 2
2755 揚秦|觀光餐旅|25 15 -7|91 91 73 64|1.6 13|0 3 0 na na
2756 聯發國際|觀光餐旅|32 -7 -4|99 99 26 61|1.0 11|1 4 0 na na
2801 彰銀|金融保險|38 33 9|92 99 1 2|1.0 89|12 -17 0 -7 7
2809 京城銀|金融保險|90 58 85|91 97 5 5|0.8 32|13 8 -1 39 -9
2812 台中銀|金融保險|22 19 5|93 98 9 6|0.5 75|10 -5 0 -20 3
2820 華票|金融保險|28 6 43|88 96 3 3|0.6 9|7 -16 0 19 32
2834 臺企銀|金融保險|19 25 4|91 91 4 6|0.6 324|18 -5 -0 2 -30
2836 高雄銀|金融保險|-1 -11 -7|82 95 -2 -5|0.6 6|7 -22 0 -2 44
2838 聯邦銀|金融保險|7 11 12|93 93 -3 5|1.4 11|6 -2 -4 -5 3
2845 遠東銀|金融保險|36 47 30|93 94 1 -0|0.8 63|11 -2 -0 -2 20
2850 新產|金融保險|4 3 0|86 96 2 4|1.1 12|10 -13 -0 -12 6
2851 中再保|金融保險|-8 -1 -4|61 91 -4 -10|0.2 21|1 -19 -1 -33 42
2855 統一證|金融保險|15 924 702|79 93 2 8|0.6 11|8 -19 0 -3 -1
2880 華南金|金融保險|35 15 5|95 96 0 0|0.6 197|18 -15 1 7 18
2881 富邦金|金融保險|-82 -83 -17|82 93 0 13|0.6 677|19 -24 3 11 -1
2882 國泰金|金融保險|-63 -60 -9|70 94 2 7|0.6 806|20 -11 4 -4 8
2883 凱基金|金融保險|-81 -80 -22|68 93 -1 2|0.8 314|23 -9 7 10 10
2884 玉山金|金融保險|-6 6 10|79 98 6 -2|0.9 587|31 -6 2 12 -3
2885 元大金|金融保險|-4 -8 12|91 97 3 14|0.8 260|25 -19 9 -1 -2
2886 兆豐金|金融保險|21 25 24|78 97 8 4|0.7 426|22 -2 4 11 20
2887 台新新光金|金融保險|23 8 2|86 100 10 20|1.0 221|24 9 1 -4 -20
2889 國票金|金融保險|16 -16 15|79 90 8 9|1.3 175|10 -5 -1 -4 67
2890 永豐金|金融保險|15 4 0|90 92 -0 -3|1.0 348|27 -14 3 26 -7
2891 中信金|金融保險|-56 -71 -35|75 94 -1 8|0.8 681|37 -31 1 12 2
2892 第一金|金融保險|27 17 4|95 98 1 1|0.6 288|24 -22 5 -11 34
2903 遠百|貿易百貨|-4 2 -4|100 100 6 16|0.9 29|11 14 21 -15 7
2905 三商|貿易百貨|-94 -24 -44|73 90 1 5|0.9 5|6 -8 0 -5 6
2906 高林|貿易百貨|7 -9 -16|66 86 -1 4|0.3 10|3 -2 0 -11 -3
2912 統一超|貿易百貨|11 11 -0|93 94 0 -6|0.9 244|30 0 -2 -3 -9
2913 農林|貿易百貨|-0 -3 -7|90 90 0 3|2.1 17|9 -1 0 4 -10
2915 潤泰全|貿易百貨|19 -3 -8|51 79 -16 10|0.9 151|8 -8 -0 25 46
2916 滿心|居家生活|-3 20 -47|93 93 37 46|0.6 9|22 7 0 -56 74
2929 淘帝-KY|貿易百貨|-16 -16 -5|66 66 -24 30|0.2 15|18 -2 -0 -31 8
3003 健和興|電子零組|-5 -20 -17|82 94 1 1|0.9 22|4 -9 -2 3 4
3004 豐達科|鋼鐵工業|67 53 -5|100 100 28 31|1.3 16|6 -6 0 7 -19
3005 神基|電腦及週|13 4 -5|100 100 35 39|2.4 313|26 13 -0 51 37
3006 晶豪科|半導體業|-43 -51 -12|50 97 23 32|1.8 236|16 1 -0 6 -33
3008 大立光|光電業|-2 -9 -12|89 89 3 28|0.9 1373|37 -8 -1 27 -6
3010 華立|電子通路|-9 -21 -19|86 97 2 5|0.9 21|10 -10 12 -11 15
3011 今皓|電子零組|-49 -49 -32|98 98 36 60|1.4 64|1 -1 -0 na na
3013 晟銘電|電腦及週|82 34 8|90 90 9 58|0.6 150|4 -2 -0 13 -3
3014 聯陽|半導體業|-22 -25 6|90 100 27 57|0.6 44|16 25 -1 -18 -10
3015 全漢|電子零組|12 -12 -1|100 100 23 24|1.5 13|12 14 0 -11 18
3016 嘉晶|半導體業|-29 -15 -23|57 86 -0 1|0.6 44|3 -15 -0 1 7
3017 奇鋐|電腦及週|5 -6 -17|96 96 30 33|2.0 1069|41 -0 2 17 26
3019 亞光|光電業|9 -17 -8|88 91 7 20|0.5 64|10 -7 -0 -5 11
3022 威強電|電腦及週|53 21 -9|99 99 16 57|0.9 261|28 0 -0 -1 -8
3023 信邦|電子零組|34 24 3|98 98 22 27|1.9 146|64 9 3 -28 9
3024 憶聲|光電業|57 4 -3|99 99 12 12|1.3 25|4 12 0 18 -3
3025 星通|通信網路|84 -15 -7|100 100 48 36|7.0 27|2 -1 0 113 -6
3026 禾伸堂|電子零組|5 -13 -1|91 100 12 16|0.7 21|12 20 0 -15 -15
3027 盛達|通信網路|120 40 24|97 97 28 101|0.3 403|4 -1 -0 4 -15
3028 增你強|電子通路|-26 -35 -21|90 100 15 25|1.4 21|5 9 0 2 -8
3029 零壹|資訊服務|26 22 17|96 96 45 50|0.7 341|3 -1 -0 20 73
3030 德律|其他電子|-43 -43 -47|93 95 -0 3|0.9 23|16 -9 0 0 16
3032 偉訓|電子零組|27 0 14|100 100 55 65|7.5 31|4 6 0 525 33
3033 威健|電子通路|24 -6 -2|98 99 13 18|1.1 44|7 14 0 -5 -19
3034 聯詠|半導體業|-35 -37 -9|100 100 44 104|1.0 2196|51 10 3 -22 -1
3035 智原|半導體業|3 7 -44|64 93 26 58|1.3 3012|23 -0 -0 33 24
3036 文曄|電子通路|-1 9 -15|85 100 7 14|0.8 53|11 5 5 -11 -27
3037 欣興|電子零組|-16 -6 -33|59 87 15 27|1.3 2778|37 5 4 -12 -34
3038 全台|光電業|28 6 -5|100 100 29 33|2.0 79|14 5 0 -43 14
3041 揚智|半導體業|-35 -39 -23|61 92 1 9|0.7 15|12 3 0 -8 4
3042 晶技|電子零組|-14 -21 -5|93 97 6 22|0.9 124|16 5 -12 -9 -13
3044 健鼎|電子零組|-12 -19 -17|90 100 18 23|0.9 146|39 5 -7 -12 9
3045 台灣大|通信網路|12 10 0|96 100 7 5|1.0 246|16 -7 17 11 -2
3046 建碁|電腦及週|103 51 14|100 100 55 49|1.0 781|5 1 0 12 -31
3047 訊舟|通信網路|-3 -8 -17|88 94 8 5|1.7 60|4 3 0 3 -18
3048 益登|電子通路|3 -11 -17|84 97 6 5|0.9 13|3 -5 0 -15 1
3050 鈺德|光電業|13 8 -3|85 89 -7 3|0.9 10|9 -7 0 5 -11
3051 力特|光電業|-33 -31 -17|73 91 8 9|1.0 17|2 2 0 -21 -15
3056 富華新|建材營造|2070 1055 -7676|100 100 58 50|2.3 225|6 1 0 128 -2
3058 立德|電子零組|5 -6 0|98 98 58 63|0.9 29|2 2 0 -11 na
3059 華晶科|光電業|-31 -25 -63|81 92 6 7|0.7 61|11 -6 -0 7 16
3062 建漢|通信網路|49 35 -19|75 90 -1 1|0.6 54|11 1 0 -3 -8
3071 協禧|電腦及週|3 -4 -12|98 100 11 9|2.1 6|1 3 0 5 1
3078 僑威|電子零組|90 15 40|98 98 54 57|3.4 100|2 6 0 90 4
3081 聯亞|通信網路|-37 5 -35|74 95 24 -1|1.5 252|31 -3 -1 91 12
3083 網龍|文化創意|-8 6 -5|81 85 -6 10|0.1 7|1 3 0 -3 1
3088 艾訊|電腦及週|47 15 -12|95 95 31 47|2.3 164|11 5 2 -12 -7
3090 日電貿|電子零組|-3 -14 -10|99 99 11 24|0.9 43|10 8 -0 -8 -17
3092 鴻碩|電子零組|-41 -44 -47|50 87 5 -2|0.9 17|1 -7 0 -9 12
3093 港建*|其他電子|-7 0 -19|91 91 40 47|0.6 124|69 -0 0 -3 17
3094 聯傑|半導體業|16 -3 -10|95 95 39 35|0.5 40|2 2 0 4 -4
3105 穩懋|半導體業|-52 -53 -17|66 95 34 50|1.4 689|38 -2 -0 11 -3
3122 笙泉|半導體業|-41 -57 -13|42 93 5 8|0.5 6|3 -4 0 -4 1
3128 昇銳|光電業|-12 -2 -27|77 77 -6 43|0.2 37|1 0 0 -17 8
3131 弘塑|半導體業|-16 -24 -20|95 95 38 50|1.2 68|6 7 -0 na 2
3138 耀登|通信網路|6 22 2|82 89 22 15|0.7 106|2 -3 0 -4 -16
3141 晶宏|半導體業|-19 -23 -12|56 87 30 21|0.3 227|7 -0 0 -5 -24
3147 大綜|資訊服務|-3 -16 7|86 86 23 25|0.6 45|6 4 0 -47 -11
3149 正達|光電業|-8 -28 -20|67 79 -5 -4|0.5 6|1 -4 0 0 na
3152 璟德|通信網路|-11 -21 21|89 98 31 56|1.8 35|16 2 -1 -1 1
3162 精確|電機機械|424 214 95|96 96 23 32|0.5 411|45 -0 0 -8 -17
3163 波若威|通信網路|-2 -9 -44|90 95 12 17|0.5 54|6 1 0 -12 -12
3169 亞信|半導體業|-41 -40 -32|57 96 18 36|0.9 99|1 1 0 -10 -9
3176 基亞|生技醫療|10 -50 -26|57 82 -9 -3|0.6 5|3 -5 0 na na
3178 公準|半導體業|80 24 14|98 98 30 35|0.9 66|2 -1 0 62 55
3189 景碩|半導體業|-28 -25 -34|58 84 8 28|0.6 683|11 1 -2 4 -37
3202 樺晟|電子零組|29 -4 3|92 100 14 9|2.3 5|1 4 0 -2 0
3205 佰研|生技醫療|-20 -21 -7|55 84 -3 -9|0.7 10|12 -5 0 10 -1
3207 耀勝|電子零組|71 44 14|92 92 53 86|0.5 217|4 -3 -1 -13 30
3209 全科|電子通路|-34 17 -8|88 88 16 23|0.5 91|5 -8 0 -46 31
3211 順達|電腦及週|-22 -10 -4|82 98 12 17|2.6 41|10 -8 -1 37 182
3217 優群|電子零組|-23 -22 -5|99 99 38 73|1.1 288|2 -1 4 22 29
3218 大學光|生技醫療|32 23 -7|95 95 37 34|3.0 190|32 12 -2 -27 -46
3221 台嘉碩|通信網路|-30 -25 -34|74 97 14 12|0.6 19|4 5 0 -9 -23
3224 三顧|電子通路|-18 -29 -18|79 94 17 12|3.0 30|1 1 0 -9 -14
3227 原相|半導體業|-13 -27 11|84 94 16 27|0.7 49|16 -3 -1 8 -13
3228 金麗科|半導體業|-61 -71 -33|44 67 4 -31|0.5 214|7 -3 0 3 -10
3231 緯創|電腦及週|-4 -7 -17|99 99 38 51|3.0 1505|38 13 3 652 15
3234 光環|通信網路|-59 -52 -21|86 94 10 12|1.1 14|3 2 0 12 0
3236 千如|電子零組|6 -2 -20|99 99 24 50|1.0 61|16 6 0 -16 -5
3252 海灣|觀光餐旅|-9 -22 -53|70 86 -2 -2|0.4 6|8 -2 0 0 9
3260 威剛|半導體業|-22 -28 -11|99 100 38 55|2.7 164|13 5 11 9 -19
3264 欣銓|半導體業|10 13 -8|98 98 17 43|1.0 397|29 8 3 11 20
3265 台星科|半導體業|-11 -8 -30|94 94 23 49|0.5 89|8 2 0 -28 -16
3272 東碩|電腦及週|39 -4 -63|90 90 10 82|3.3 79|1 -0 0 10 6
3289 宜特|其他電子|17 15 -1|89 89 10 17|0.7 283|14 -2 -1 19 -5
3290 東浦|電子零組|60 11 2|99 99 35 52|1.4 133|3 -1 0 18 14
3293 鈊象|文化創意|12 18 11|94 94 29 54|0.6 650|38 -5 0 -6 77
3296 勝德|電子零組|-8 -16 4|87 87 3 4|0.9 16|3 1 -1 -18 -31
3297 杭特|光電業|-27 -47 -29|80 80 5 21|0.5 5|3 3 0 -9 17
3305 昇貿|其他電子|-45 -43 -37|63 95 21 18|0.4 21|1 -0 0 -4 -5
3310 佳穎|電子零組|-12 -14 -29|100 100 63 63|0.5 9|1 1 0 -21 18
3312 弘憶股|電子通路|-20 -26 -21|85 100 23 29|6.1 8|3 -0 0 48 6
3317 尼克森|半導體業|-21 -26 -12|77 95 4 17|0.6 19|4 1 0 -6 -10
3322 建舜電|電子零組|-11 -34 -0|92 98 23 36|1.8 51|2 0 0 19 14
3323 加百裕|電腦及週|-31 -42 -21|86 94 1 5|0.6 5|3 -2 0 -2 -2
3324 雙鴻|其他電子|2 -20 -14|100 100 50 65|3.6 688|10 1 2 6 -7
3338 泰碩|電子零組|-2 -29 -17|90 100 50 42|5.0 21|4 -1 0 36 12
3346 麗清|汽車工業|11 6 -20|97 97 13 16|0.8 83|7 4 0 8 6
3356 奇偶|光電業|14 10 2|86 86 2 38|0.3 64|4 2 0 5 -7
3357 臺慶科|電子零組|-9 -19 -1|96 96 40 43|0.4 14|12 12 0 -3 4
3362 先進光|光電業|1 -25 -23|86 86 50 72|1.1 432|3 1 0 5 -33
3363 上詮|通信網路|-29 -37 -15|91 95 15 12|1.1 5|4 1 0 5 -3
3374 精材|半導體業|-17 -15 -23|74 96 8 15|0.7 142|9 -1 0 7 -28
3376 新日興|電子零組|-22 -35 -30|92 96 8 -3|0.6 24|20 -12 1 -10 11
3380 明泰|通信網路|15 19 -8|100 100 25 29|0.9 87|10 17 -0 -13 -3
3402 漢科|其他電子|8 -6 -38|100 100 19 24|2.0 23|5 12 0 -40 -14
3406 玉晶光|光電業|10 -3 -17|85 92 6 11|0.7 699|17 -7 -0 6 1
3413 京鼎|半導體業|-4 4 -13|86 94 7 9|0.5 72|22 -9 -0 0 13
3416 融程電|電腦及週|37 16 2|98 98 24 33|0.6 39|5 14 -1 -6 -14
3419 譁裕|通信網路|28 30 2|82 88 3 22|0.5 22|4 5 0 -11 -17
3430 奇鈦科|化學工業|-2 -19 na|na 98 24 -5|5.0 7|0 -3 0 na na
3432 台端|電子零組|215 29 44|61 74 -9 -8|1.3 38|5 0 0 -3 11
3434 哲固|光電業|-10 -40 -33|65 95 18 22|0.6 9|2 -1 0 45 -8
3437 榮創|光電業|-58 -60 -11|86 96 17 24|0.9 6|4 -2 0 -1 -13
3438 類比科|半導體業|-46 -48 -8|86 93 17 32|0.8 19|3 4 0 -4 -10
3441 聯一光電|光電業|-12 -32 -22|92 92 10 36|0.5 117|1 -1 0 12 -8
3443 創意|半導體業|65 66 7|90 90 47 86|0.9 6210|34 -0 -0 -12 65
3444 利機|電子通路|-19 -28 -11|78 78 -3 21|0.3 18|10 2 0 -24 2
3447 展達|通信網路|30 34 na|na na 54 na|4.6 34|4 5 0 na na
3450 聯鈞|半導體業|-16 -26 -16|83 94 7 -1|0.8 8|8 5 0 0 -0
3454 晶睿|光電業|39 63 -23|87 87 23 90|0.3 798|7 -5 -0 69 27
3455 由田|光電業|-10 1 -11|97 97 15 21|0.9 56|7 5 -0 -12 -4
3466 德晉|通信網路|951 367 261|90 90 -0 29|0.3 16|11 0 0 4 -17
3479 安勤|電腦及週|75 37 -22|100 100 30 83|1.1 350|9 3 0 -10 -8
3481 群創|光電業|-29 -39 1|90 93 31 24|0.6 827|26 -7 -0 3 -15
3483 力致|電腦及週|-7 -22 -16|84 98 31 47|3.0 42|2 -1 0 1 31
3484 崧騰|電子零組|-46 -47 -24|63 92 4 -5|2.9 14|4 3 0 25 29
3491 昇達科|通信網路|14 -6 -9|94 100 31 29|2.1 944|11 2 0 22 -16
3494 誠研|電腦及週|56 17 -7|66 81 -6 5|0.7 9|12 -1 0 na na
3498 陽程|其他電子|37 40 3|90 90 -1 55|0.3 6|4 8 0 4 3
3499 環天科|通信網路|50 -10 11|94 94 17 41|2.0 19|2 -0 0 21 -11
3501 維熹|電子零組|6 -10 -17|99 99 6 16|1.1 12|6 13 -2 2 15
3504 揚明光|光電業|-38 -38 -32|78 95 14 4|0.8 63|2 1 -0 -1 -3
3508 位速|其他電子|-32 -28 -15|75 88 0 15|0.4 16|1 -3 0 -6 na
3511 矽瑪|電子零組|10 -12 -45|88 94 10 4|0.5 15|2 11 0 -11 -42
3515 華擎|電腦及週|5 -22 -5|75 84 0 65|0.2 128|7 6 -15 15 -17
3518 柏騰|其他電子|-20 -47 -1|98 100 36 10|4.0 7|5 -1 0 25 12
3520 華盈|電子零組|21 20 -20|84 93 13 18|0.8 22|3 6 0 -3 -19
3521 台鋼建設|建材營造|-24 -29 -29|83 87 1 -8|1.7 13|1 1 0 na 26
3526 凡甲|電子零組|-20 -31 -12|76 97 20 4|0.6 27|5 3 1 -3 -1
3527 聚積|半導體業|-21 -33 -8|78 99 23 33|0.8 28|6 8 0 -1 -17
3528 安馳|電子通路|26 23 15|100 100 18 20|0.5 7|3 11 0 -52 11
3529 力旺|半導體業|-10 15 -15|91 91 36 60|0.8 1117|62 2 -0 40 -26
3530 晶相光|半導體業|-32 -31 17|71 94 20 23|0.4 13|40 -3 0 1 -5
3532 台勝科|半導體業|7 9 -22|44 93 13 19|0.9 336|50 -4 5 2 -10
3533 嘉澤|電子零組|33 1 -24|99 99 11 25|1.1 651|32 4 0 31 18
3535 晶彩科|光電業|43 -11 -54|62 80 3 -9|0.4 13|2 1 0 -10 -9
3540 曜越|電腦及週|72 42 45|100 100 42 71|3.9 17|2 -0 0 34 -10
3545 敦泰|半導體業|-16 -31 12|61 96 31 31|0.6 231|16 1 -0 3 -3
3546 宇峻|文化創意|-6 -3 1|100 100 6 6|1.1 9|11 6 0 -5 -13
3548 兆利|電子零組|-41 -47 -29|90 95 16 10|0.4 16|7 5 0 -10 -16
3552 同致|其他電子|14 -18 -29|78 86 8 -12|1.0 323|12 -5 -0 4 31
3556 禾瑞亞|半導體業|-19 -38 -16|89 100 20 27|1.4 9|6 10 0 4 -2
3557 嘉威|居家生活|-22 -25 -21|95 97 36 44|2.1 6|18 1 0 2 -6
3558 神準|通信網路|97 79 -3|95 95 65 108|0.7 1877|13 -1 0 5 10
3563 牧德|光電業|-11 -12 14|94 98 48 56|1.1 49|11 8 0 9 5
3564 其陽|通信網路|56 22 -15|94 94 32 26|0.6 11|3 10 0 na na
3570 大塚|資訊服務|80 36 6|98 98 36 40|1.3 18|43 2 0 na na
3576 聯合再生|光電業|4 7 -16|86 95 3 -1|0.8 162|16 -1 0 16 33
3577 泓格|電腦及週|0 -19 -31|91 91 -8 25|0.8 9|1 -1 0 -10 -13
3580 友威科|其他電子|60 3 -32|78 84 -4 -8|0.6 22|6 0 0 -14 -24
3583 辛耘|半導體業|29 12 -8|93 100 17 27|1.8 48|10 11 0 -10 -14
3587 閎康|其他電子|41 25 5|96 96 14 35|0.5 147|14 9 -7 15 -4
3588 通嘉|半導體業|-58 -59 -24|50 92 18 26|0.6 21|2 3 0 -3 -5
3591 艾笛森|光電業|5 -8 3|92 92 44 36|0.9 52|4 3 0 19 -11
3592 瑞鼎|半導體業|-51 -49 -27|90 94 36 97|0.6 371|16 3 3 49 6
3594 磐儀|電腦及週|30 20 2|95 95 75 78|0.6 223|1 -1 0 24 2
3596 智易|通信網路|7 18 -6|79 96 8 13|1.2 143|22 0 -18 19 -1
3605 宏致|電子零組|-14 -22 -14|63 88 -3 5|1.2 11|10 -3 0 -3 10
3611 鼎翰|電腦及週|14 10 -6|97 97 26 30|1.5 40|13 12 0 160 22
3617 碩天|其他電子|-14 20 -11|93 93 27 27|1.2 110|11 10 1 -42 -9
3624 光頡|電子零組|-16 -29 -22|76 97 76 77|1.7 704|41 0 3 -13 -16
3628 盈正|其他電子|13 -8 -14|88 98 14 32|1.1 11|2 -1 0 8 10
3630 新鉅科|光電業|-18 -39 -2|85 91 6 11|0.8 19|36 0 0 -4 -2
3645 達邁|電子零組|-59 -61 -29|57 96 5 5|1.0 8|11 -11 0 4 3
3652 精聯|電腦及週|5 1 -1|94 94 39 42|1.4 83|2 0 0 -4 66
3653 健策|電子零組|33 21 -13|98 98 29 29|1.8 582|14 7 2 35 1
3661 世芯-KY|半導體業|73 89 43|93 93 51 47|0.7 6397|50 2 -1 10 7
3664 安瑞-KY|通信網路|16 27 11|100 100 114 106|4.0 12|51 -0 0 na na
3665 貿聯-KY|其他電子|-1 22 -55|80 94 8 -2|1.0 318|41 -2 -4 -6 -7
3666 光耀|光電業|-55 -60 -5|78 90 26 20|0.8 11|2 -2 0 19 -6
3669 圓展|通信網路|-21 -25 -8|76 87 -8 12|0.4 6|1 1 0 -8 -14
3673 TPK-KY|光電業|-21 -25 -20|91 93 15 10|0.7 66|33 -7 0 -13 27
3675 德微|半導體業|-8 -13 -14|89 97 83 63|0.9 1011|52 -0 1 2 -7
3680 家登|半導體業|54 36 -13|96 96 41 31|0.9 870|13 2 3 25 -43
3687 歐買尬|數位雲端|1 -1 -4|51 88 -7 21|0.1 12|4 2 0 7 -7
3689 湧德|電子零組|18 -11 -10|80 99 13 24|1.1 17|4 4 0 -4 5
3691 碩禾|光電業|-54 -60 -32|63 93 11 5|1.1 37|6 1 0 -2 15
3693 營邦|電腦及週|98 116 42|97 97 16 103|0.9 220|4 1 0 -13 -39
3694 海華|通信網路|-2 -15 -2|98 98 18 24|2.1 7|2 2 0 14 17
3701 大眾控|電腦及週|10 1 -17|70 100 35 38|1.3 98|3 0 0 2 -5
3702 大聯大|電子通路|-26 -26 -18|94 99 5 7|1.1 166|26 -16 9 -3 4
3703 欣陸|建材營造|-34 -25 -38|93 96 9 4|1.1 76|27 -17 0 4 29
3704 合勤控|通信網路|43 27 3|90 90 10 19|0.3 128|16 6 -4 -4 1
3705 永信|生技醫療|3 -17 -10|88 88 -2 12|0.3 21|10 12 -0 -28 -13
3706 神達|電腦及週|-20 -7 -20|90 90 -4 5|1.4 95|11 -25 -1 5 98
3707 漢磊|半導體業|-18 -8 -23|67 89 5 0|1.1 232|8 -4 -1 -4 38
3708 上緯投控|綠能環保|-21 -33 -21|72 92 9 9|0.2 103|8 -5 -11 -9 -33
3710 連展投控|電子零組|-5 -27 -12|70 91 8 -5|0.5 18|2 -0 0 na na
3711 日月光投控|半導體業|-9 -9 -23|100 100 20 43|1.2 1345|77 14 6 21 -9
3712 永崴投控|電腦及週|19 7 -15|97 97 36 54|0.6 89|3 -3 0 37 34
3714 富采|光電業|-42 -52 -22|73 94 12 28|1.3 183|15 2 0 5 -15
3715 定穎投控|電子零組|na na na|na 99 38 33|7.2 41|14 -0 1 18 32
4102 永日|生技醫療|18 1 -18|70 70 -26 20|0.2 12|3 3 0 -12 -43
4104 佳醫|生技醫療|20 12 2|97 97 18 24|0.8 30|7 5 -0 -17 6
4105 東洋|生技醫療|30 6 -8|95 95 -3 10|1.0 74|20 -5 -3 -22 -7
4106 雃博|生技醫療|-1 13 -0|71 86 -7 19|0.2 8|5 -7 -0 -10 -4
4107 邦特|生技醫療|5 4 -6|90 94 0 -1|1.2 17|22 -21 0 -4 27
4111 濟生|生技醫療|6 1 -7|100 100 8 28|1.6 7|5 3 0 16 5
4113 聯上|建材營造|-100 -89 1|100 100 35 32|1.2 12|2 12 0 8 -12
4114 健喬|生技醫療|40 30 -6|88 88 -10 30|0.4 242|7 -1 -0 6 16
4116 明基醫|生技醫療|16 28 -63|71 86 -7 3|0.4 12|1 1 0 -11 -27
4119 旭富|生技醫療|299 156 96|100 100 27 40|1.3 88|5 4 0 -12 2
4121 優盛|生技醫療|-0 1 -9|81 93 -2 16|0.3 11|4 1 0 -10 0
4123 晟德|生技醫療|318 150 54|84 93 0 2|1.1 47|7 -8 0 -1 11
4126 太醫|生技醫療|61 35 16|100 100 12 27|0.5 40|15 15 1 11 13
4128 中天|生技醫療|-4 -5 -1|85 95 1 0|0.9 194|6 7 -0 -2 -10
4129 聯合|生技醫療|31 24 -0|100 100 8 81|0.5 50|15 12 -1 4 -20
4130 健亞|生技醫療|35 6 -0|69 69 -26 12|0.2 17|3 -1 0 -2 -24
4133 亞諾法|生技醫療|17 -9 -7|46 87 -9 8|0.2 7|14 -2 0 -2 -12
4137 麗豐-KY|生技醫療|35 -20 1|91 91 5 38|0.3 43|61 -1 -4 -11 -26
4138 曜亞|生技醫療|19 23 -8|100 100 23 35|0.6 5|2 8 0 15 4
4142 國光生|生技醫療|37 496 212|88 88 8 18|0.3 44|7 -1 0 11 12
4147 中裕|生技醫療|68 191 88|95 95 30 43|2.3 149|11 6 1 34 -7
4148 全宇生技-KY|生技醫療|2 24 -44|73 93 23 16|0.8 16|72 -2 0 -18 0
4153 鈺緯|生技醫療|82 36 -4|100 100 44 76|1.5 27|3 1 0 37 5
4155 訊映|生技醫療|-46 -34 -50|97 97 30 49|0.6 92|7 -1 0 44 22
4157 太景*-KY|生技醫療|-83 2974 2098|72 84 -7 -0|0.7 20|4 -11 0 16 14
4162 智擎|生技醫療|27 -1 -13|75 75 -7 -6|0.6 284|4 -2 -2 5 -4
4163 鐿鈦|生技醫療|24 41 14|86 86 16 33|0.3 49|8 -4 0 -23 5
4164 承業醫|生技醫療|23 1 -36|96 96 60 72|1.1 380|25 0 3 -5 20
4167 松瑞藥|生技醫療|-13 -14 4|69 69 -27 9|0.2 32|12 1 0 -6 -22
4168 醣聯|生技醫療|na na na|72 89 -1 -6|0.4 20|5 -4 0 2 -0
4171 瑞基|農業科技|-62 -73 -35|41 86 8 13|0.2 19|18 3 0 -3 2
4174 浩鼎|生技醫療|-90 na na|69 98 14 14|0.5 41|11 -10 0 0 -10
4175 杏一|生技醫療|17 10 -1|98 100 24 34|1.7 17|3 7 0 78 -10
4190 佐登-KY|生技醫療|38 8 1|98 98 17 26|1.1 61|65 -4 0 86 54
4306 炎洲|塑膠工業|3 -23 -6|100 100 15 18|1.8 33|6 9 0 75 10
4417 金洲|紡織纖維|-3 1 -48|100 100 6 16|1.4 8|4 9 0 -24 2
4426 利勤|紡織纖維|138 87 -83|77 90 -5 4|0.8 10|6 -4 -0 9 -1
4432 銘旺實|紡織纖維|-48 -41 -52|68 79 -18 -7|1.0 7|3 -12 0 -18 17
4438 廣越|紡織纖維|-19 -9 -54|77 77 -5 -16|0.7 16|3 -19 -5 12 -6
4440 宜新實業|紡織纖維|-27 -38 -14|77 96 9 6|1.5 5|1 2 0 227 33
4503 金雨|電機機械|70 39 -9|98 98 24 30|0.5 33|7 3 0 -17 -2
4506 崇友|電機機械|21 3 -4|91 96 6 1|1.9 7|4 -36 0 -6 -7
4526 東台|電機機械|49 10 18|99 99 18 24|0.5 5|7 8 0 6 1
4532 瑞智|電機機械|-14 -27 -3|94 100 17 7|1.5 9|11 1 0 -6 12
4536 拓凱|運動休閒|38 25 -6|84 84 11 31|0.9 372|17 -6 -1 5 23
4541 晟田|其他|57 8 -20|96 97 21 8|0.9 50|4 -2 0 -3 5
4543 萬在|電機機械|17 -11 -11|86 93 20 13|0.6 34|7 -1 0 13 -43
4549 桓達|電機機械|7 -4 -14|99 99 9 5|0.9 6|6 6 3 -55 0
4550 長佳|電機機械|162 52 37|96 96 34 41|1.0 12|1 0 0 291 158
4551 智伸科|汽車工業|-1 -13 -14|81 81 -2 -16|2.1 71|51 -8 -31 -6 -12
4555 氣立|電機機械|-11 -25 -7|85 94 -1 -6|2.1 6|0 1 0 -15 -32
4557 永新-KY|汽車工業|42 -3 -64|80 90 7 -4|0.3 9|38 -9 3 2 1
4564 元翎|電機機械|-54 -40 -8|69 87 2 -3|0.8 21|2 -4 0 -17 26
4566 時碩工業|電機機械|-6 -6 -18|89 95 7 5|2.3 23|0 -5 0 -5 8
4572 駐龍|電機機械|74 74 14|90 90 15 12|0.8 64|5 -8 1 -18 3
4580 捷流閥業|電機機械|26 1 -4|99 99 14 6|2.1 12|1 2 0 205 -34
4583 台灣精銳|電機機械|-11 -10 na|na 99 24 13|1.8 15|0 1 0 na na
4707 磐亞|化學工業|-26 -27 -36|100 100 9 8|1.0 6|1 6 0 -1 2
4721 美琪瑪|化學工業|-45 -35 -55|70 89 3 -6|0.5 57|1 0 0 -4 -12
4726 永昕|生技醫療|35 15 -3|78 96 4 4|0.6 20|1 1 0 -3 1
4736 泰博|生技醫療|-9 -3 -57|68 94 2 18|0.6 101|10 -9 3 -0 9
4739 康普|化學工業|-26 -27 -41|61 93 4 5|0.4 86|2 -2 -1 -6 7
4743 合一|生技醫療|7 2 -979|91 91 5 9|0.9 1326|8 1 -1 4 -7
4744 皇將|生技醫療|-24 -24 -8|100 100 30 41|1.5 8|2 -1 0 16 6
4746 台耀|生技醫療|34 15 -9|100 100 8 63|1.4 174|16 9 -2 5 -18
4747 強生製藥|生技醫療|10 25 3|84 84 -4 69|0.1 24|2 0 0 -5 40
4755 三福化|化學工業|-25 -28 -37|60 96 10 10|1.2 39|30 -2 -1 -6 -0
4763 材料*-KY|化學工業|136 80 9|100 100 112 208|0.2 2289|74 1 -1 -4 -32
4766 南寶|化學工業|15 -4 -23|100 100 10 7|3.8 11|15 3 0 74 3
4768 晶呈科技|化學工業|39 38 -23|na 86 15 -9|0.5 87|6 -1 -0 -13 -5
4770 上品|化學工業|70 46 -13|80 89 6 -4|0.6 321|8 -15 -4 -12 67
4903 聯光通|通信網路|12 -17 -46|97 97 52 36|1.0 13|0 1 0 na na
4904 遠傳|通信網路|6 1 -3|90 100 16 4|0.6 282|22 -8 2 64 63
4906 正文|通信網路|47 24 -2|97 100 15 17|2.0 112|14 19 0 -21 -56
4908 前鼎|通信網路|-27 -26 -25|80 92 6 -3|1.6 8|5 0 0 -0 -24
4911 德英|生技醫療|573 519 182|94 98 32 -1|1.0 5|0 6 0 na na
4915 致伸|電子零組|-11 -18 -27|86 96 11 -7|0.6 177|57 4 -14 -8 -23
4916 事欣科|電腦及週|91 89 46|99 99 30 56|1.9 91|7 -1 0 43 -6
4919 新唐|半導體業|-15 -19 -15|79 93 26 42|0.8 798|7 -4 1 6 -11
4923 力士|半導體業|-39 -36 -24|82 98 29 40|0.6 7|3 2 0 na na
4927 泰鼎-KY|電子零組|-16 -27 -22|60 93 10 21|0.7 41|16 17 -5 -4 -16
4930 燦星網|電器電纜|-11 -29 0|79 89 7 15|1.1 5|5 -3 0 -10 -51
4931 新盛力|電腦及週|26 2 -87|84 84 1 13|0.5 83|23 3 -2 -9 -28
4934 太極|光電業|132 78 7|90 94 13 23|0.7 97|1 2 0 na na
4935 茂林-KY|光電業|-55 -50 -32|92 92 5 10|0.7 6|27 5 -0 -0 -1
4938 和碩|電腦及週|8 -6 -10|100 100 10 19|1.5 291|34 19 4 9 -11
4950 金耘國際|鋼鐵工業|-74 -80 -18|60 73 -22 -22|1.0 16|0 -1 0 na na
4952 凌通|半導體業|-59 -55 -30|74 98 20 22|0.6 22|6 -1 0 -5 10
4953 緯致|資訊服務|19 15 -11|98 98 44 49|1.4 381|12 1 0 -10 30
4958 臻鼎-KY|電子零組|0 -0 -13|91 91 7 10|0.9 602|69 -5 -7 31 -35
4960 誠美材|光電業|-31 -32 -11|98 98 29 29|0.7 58|10 11 0 -6 -85
4961 天鈺|半導體業|-22 -30 -9|90 94 45 87|0.2 637|16 11 -6 -19 -46
4966 譜瑞-KY|半導體業|-56 -50 -38|56 89 26 76|0.9 1463|64 -6 6 20 16
4967 十銓|半導體業|20 1 10|100 100 130 88|3.2 564|7 -0 1 19 5
4968 立積|半導體業|-28 -24 -1|62 95 19 43|1.0 236|20 3 -2 9 -8
4973 廣穎電通|半導體業|7 0 -3|99 99 32 45|4.0 16|1 1 0 20 3
4974 亞泰|電子零組|7 4 -2|96 96 23 33|0.4 21|10 6 -1 -63 -16
4976 佳凌|光電業|24 -6 13|91 99 33 37|0.7 160|1 -1 0 9 27
4977 眾達-KY|通信網路|40 65 27|94 94 23 5|0.9 558|42 2 -0 -2 -24
4979 華星光|通信網路|157 192 101|94 94 25 55|1.4 455|6 -1 1 14 -9
4989 榮科|電子零組|39 0 11|72 93 14 21|0.5 16|2 -0 0 21 1
4994 傳奇|資訊服務|-26 -39 0|88 99 18 24|0.4 9|2 7 0 4 -9
4995 晶達|光電業|11 -15 -23|97 97 39 48|1.5 8|3 1 0 5 0
5009 榮剛|鋼鐵工業|43 30 -10|100 100 40 81|0.6 848|27 3 1 6 -17
5011 久陽|鋼鐵工業|15 4 -18|69 96 9 29|2.1 21|1 -1 0 3 -21
5014 建錩|鋼鐵工業|17 -19 -18|75 89 -10 22|0.3 11|3 -3 0 -2 -7
5015 華祺|鋼鐵工業|-30 -37 -37|76 76 -3 1|0.5 20|9 -4 0 -33 -13
5203 訊連|資訊服務|15 11 -0|92 92 26 17|1.2 179|11 6 0 5 5
5209 新鼎|其他|61 27 -8|100 100 48 63|1.3 11|1 4 0 na na
5210 寶碩|資訊服務|-36 -6 -25|62 82 16 5|0.6 8|0 0 0 na na
5211 蒙恬|資訊服務|29 14 -4|90 90 51 53|2.3 42|9 -0 0 46 4
5222 全訊|半導體業|52 36 15|94 94 38 40|3.3 162|5 1 -1 89 -34
5225 東科-KY|其他電子|-26 -21 -45|91 91 13 36|1.8 35|55 3 0 0 -6
5227 立凱-KY|電子零組|368 177 26|75 82 -2 3|0.3 16|19 -3 -1 na na
5230 雷笛克光學|光電業|22 6 3|82 90 0 -1|0.4 7|1 -0 0 60 3
5234 達興材料|光電業|-25 -23 -4|77 99 28 35|0.5 10|7 -4 0 10 15
5236 凌陽創新|半導體業|-27 -34 3|74 98 36 41|0.8 23|2 10 0 -21 -24
5243 乙盛-KY|光電業|13 5 -12|94 98 11 11|4.5 107|52 -4 0 12 -14
5245 智晶|光電業|-16 -25 -19|70 80 -3 -8|0.6 5|12 -5 0 -5 -20
5251 天鉞電|光電業|114 116 36|76 76 -6 -2|0.3 5|25 -13 0 10 4
5258 虹堡|電腦及週|38 29 -27|88 88 33 54|0.7 928|8 -2 0 -20 15
5263 智崴|文化創意|39 34 23|87 87 3 15|0.5 49|15 -2 -2 -6 -18
5269 祥碩|半導體業|-4 -15 -1|58 89 57 74|0.9 1304|17 -0 4 -9 101
5272 笙科|半導體業|-51 -60 -31|68 93 14 18|0.4 15|2 -3 0 7 4
5274 信驊|半導體業|-33 -23 -54|87 88 42 58|0.9 1491|56 -4 -1 5 1
5283 禾聯碩|電器電纜|-16 -21 -19|99 99 9 10|1.0 7|1 -12 0 35 62
5284 jpp-KY|其他|46 45 5|100 100 65 133|1.9 390|66 -0 -0 27 -29
5285 界霖|半導體業|-16 -18 -12|88 95 43 37|1.0 102|2 -2 4 -15 17
5287 數字|數位雲端|14 9 -7|96 100 7 15|1.5 6|27 -14 0 84 -10
5288 豐祥-KY|電機機械|23 11 -23|97 97 16 6|1.0 19|63 -9 4 5 -10
5289 宜鼎|電腦及週|-11 -12 -7|99 99 77 101|3.5 662|31 -2 6 89 27
5299 杰力|半導體業|-58 -53 -26|74 97 17 33|0.6 23|2 4 0 -21 -11
5306 桂盟|運動休閒|-19 -36 -21|79 92 4 4|1.3 27|18 -38 7 45 43
5309 系統電|電子零組|27 33 -3|98 100 17 28|4.2 116|3 1 1 na 22
5315 光聯|光電業|9 3 7|94 94 25 43|1.2 30|12 9 0 -14 16
5321 美而快|數位雲端|10 19 3|66 86 35 41|0.2 63|1 -0 0 -17 2
5340 建榮|電子零組|-12 3 7|87 87 85 79|0.4 40|49 1 0 na na
5347 世界|半導體業|-41 -35 -43|82 95 18 51|0.6 427|29 4 2 -32 10
5351 鈺創|半導體業|-64 -67 -34|60 97 16 42|1.1 222|9 1 -0 -5 10
5353 台林|通信網路|23 16 -15|98 98 60 20|2.0 100|5 4 0 7 -31
5371 中光電|光電業|-22 -31 -23|100 100 25 26|0.6 131|21 10 2 -11 -23
5381 光譜|電機機械|-4 -23 -8|92 92 141 151|3.1 16|1 -2 0 na na
5386 青雲|電腦及週|-52 -63 -66|99 100 12 33|0.9 6|4 18 0 -17 4
5388 中磊|通信網路|44 32 -16|92 100 25 23|1.6 446|34 12 -5 -33 11
5403 中菲|資訊服務|67 18 5|98 98 27 25|0.6 25|6 6 0 273 33
5410 國眾|資訊服務|-8 9 -82|90 90 3 41|0.4 20|5 -0 0 -24 -6
5425 台半|半導體業|4 -0 -15|90 90 38 31|0.8 1880|16 2 -0 -0 -34
5426 振發|電腦及週|14 -0 -21|76 85 -6 -8|1.2 6|2 -13 0 -15 14
5434 崇越|電子通路|6 2 -18|97 97 14 21|1.0 79|32 1 4 -11 24
5439 高技|電子零組|34 28 29|98 98 44 69|2.3 69|8 10 0 26 -29
5443 均豪|半導體業|-41 -24 -23|92 92 1 10|0.5 8|4 -2 0 -2 20
5450 南良|其他|-7 -31 -20|89 89 25 28|2.0 24|0 0 0 21 106
5452 佶優|其他電子|-13 -29 -12|96 96 45 46|0.8 27|9 1 0 19 7
5457 宣德|電子零組|23 -20 -26|87 97 15 15|0.5 46|38 1 0 -9 -8
5464 霖宏|電子零組|34 -3 8|81 81 11 32|0.2 20|2 5 0 -12 -28
5465 富驊|電腦及週|14 -3 9|100 100 48 61|3.4 44|1 2 0 27 70
5469 瀚宇博|電子零組|-13 -22 -4|88 100 12 24|1.1 31|11 13 0 -10 -7
5471 松翰|半導體業|-42 -47 -1|65 96 5 9|0.5 14|13 6 -5 -5 -16
5474 聰泰|電腦及週|-0 -20 1|79 95 24 40|1.7 9|3 0 0 10 -1
5475 德宏|電子零組|17 -24 35|71 97 53 31|2.7 18|1 0 0 -50 -56
5478 智冠|文化創意|-0 12 13|100 100 19 33|0.6 28|32 17 0 -7 -3
5483 中美晶|半導體業|10 11 -6|88 91 8 19|0.9 499|27 -9 -2 8 61
5508 永信建|建材營造|-47 -63 -41|91 93 8 -1|0.5 8|1 -0 0 -16 -14
5519 隆大|建材營造|-30 -63 -160|100 100 6 11|1.2 9|3 8 0 -17 4
5522 遠雄|建材營造|-18 -29 -7|92 97 -2 3|1.2 29|6 -27 15 -26 23
5530 龍巖|其他|22 -11 -22|81 97 2 2|0.7 7|57 3 0 -3 4
5534 長虹|建材營造|-46 -64 -552|100 100 7 9|1.2 31|11 -11 0 31 -5
5536 聖暉*|其他電子|36 19 -19|68 100 42 44|1.2 75|19 12 -0 -8 -35
5603 陸海|航運業|5 -9 -8|52 85 -10 -14|0.4 6|7 -13 0 -4 -14
5607 遠雄港|航運業|-2 -14 -33|99 99 34 26|1.0 58|3 4 0 24 -30
5608 四維航|航運業|-48 -41 -53|59 86 1 11|0.4 146|4 -1 -0 1 -4
5609 中菲行|航運業|-48 -51 -48|85 99 19 40|1.1 29|17 7 -4 -23 -8
5704 老爺知|觀光餐旅|-5 3 -152|77 77 9 60|0.4 21|5 0 0 -15 3
5706 鳳凰|觀光餐旅|821 1171 841|88 88 3 12|0.6 95|2 -4 -0 -2 9
5864 致和證|金融業|68 65 104|90 98 34 40|1.3 6|0 0 0 86 5
5871 中租-KY|其他|19 18 -2|91 92 2 21|0.9 907|76 4 -2 -25 26
5876 上海商銀|金融保險|22 26 4|89 91 5 -4|0.8 160|54 -16 11 -4 12
5880 合庫金|金融保險|23 19 16|91 96 1 -1|0.8 206|18 -20 0 -5 -4
5903 全家|居家生活|11 10 -1|99 99 9 21|0.4 15|53 16 2 -31 -31
5904 寶雅|居家生活|4 15 -1|95 95 30 42|0.5 248|32 11 -4 7 27
5905 南仁湖|觀光餐旅|-14 8 -47|86 87 2 3|0.2 8|2 -5 0 -7 -8
5907 大洋-KY|貿易百貨|-17 -25 -6|83 83 -13 10|1.3 7|53 7 0 -29 23
6005 群益證|金融保險|17 22 45|83 97 8 15|0.7 29|17 1 0 -53 14
6016 康和證|金融業|82 300 50|87 99 15 17|1.5 15|2 -0 0 49 -1
6024 群益期|金融保險|-24 -11 -22|100 100 18 26|1.4 13|2 15 0 282 -9
6026 福邦證|金融業|45 -17 68|68 94 5 3|1.2 14|2 -1 0 21 4
6101 寬魚國際|文化創意|-34 13629 9605|98 98 85 130|1.6 16|0 2 0 na na
6104 創惟|半導體業|-54 -56 -36|41 97 41 51|0.3 442|5 1 0 -12 -23
6109 亞元|通信網路|33 -1 -11|94 94 16 47|0.9 28|9 -3 0 9 -1
6111 光聚晶電|文化創意|28 115 -147|83 90 0 27|0.6 28|16 -1 0 -1 -3
6112 邁達特|資訊服務|17 14 8|98 98 26 29|0.7 41|3 6 0 -20 85
6113 亞矽|電子通路|-32 -41 -35|63 88 5 1|0.8 9|1 -3 0 -7 -11
6115 鎰勝|電子零組|5 -17 -8|99 99 6 9|1.0 7|5 14 0 -35 -17
6116 彩晶|光電業|-48 -48 -9|85 91 14 13|0.6 152|7 -8 0 8 -13
6118 建達|電子通路|-12 -7 -7|79 89 5 9|0.2 48|1 0 0 -8 -7
6120 達運|光電業|-34 -42 -5|83 100 19 26|1.1 12|7 14 0 -16 -9
6121 新普|電腦及週|-12 -10 -8|96 96 7 23|3.1 197|47 -9 -5 52 78
6122 擎邦|電機機械|146 73 31|97 97 61 90|2.4 244|1 -2 0 85 59
6123 上奇|資訊服務|8 -1 -15|95 95 24 27|0.8 18|4 3 0 -10 13
6125 廣運|電機機械|13 4 -29|88 99 15 6|1.4 95|6 3 0 5 9
6128 上福|電腦及週|-6 -6 -19|99 99 22 28|3.0 11|5 13 0 18 66
6129 普誠|半導體業|38 17 -1|84 93 17 21|0.5 135|1 0 0 -0 -16
6133 金橋|電子零組|5 -7 -35|83 88 4 12|3.1 65|2 -1 0 31 4
6134 萬旭|電子零組|11 -4 4|95 99 21 42|4.4 21|23 -1 0 86 3
6138 茂達|半導體業|-43 -49 -34|62 94 30 46|2.4 256|10 -2 3 -14 12
6139 亞翔|其他電子|59 16 -33|100 100 37 71|1.3 112|27 1 0 8 21
6140 訊達電腦|資訊服務|20 -11 -16|93 93 21 22|3.0 17|1 1 0 11 -17
6142 友勁|通信網路|85 69 8|98 98 25 45|1.1 22|5 1 0 na na
6143 振曜|通信網路|61 26 5|96 96 53 84|1.0 277|15 4 3 -12 -12
6146 耕興|其他電子|1 -2 -15|97 97 14 11|0.8 155|44 -0 3 -24 -12
6147 頎邦|半導體業|-32 -32 -14|98 98 19 36|1.2 178|25 25 0 -34 -18
6148 驊宏資|資訊服務|124 52 40|100 100 68 81|1.9 28|0 -0 0 40 -5
6150 撼訊|電腦及週|-46 -49 6|61 96 7 55|0.3 54|11 3 0 -11 -3
6153 嘉聯益|電子零組|-21 -35 -35|80 80 0 -14|0.6 34|12 -3 -0 -9 -6
6155 鈞寶|電子零組|-2 -19 -11|97 97 9 30|0.3 8|8 11 0 -30 -10
6156 松上|電子零組|-2 -23 -9|99 99 8 30|3.8 8|5 -0 0 30 16
6160 欣技|電腦及週|60 32 32|99 99 57 87|1.2 27|7 3 0 138 3
6161 捷波|電腦及週|-48 -48 -30|97 97 33 40|2.8 13|4 1 0 60 -6
6163 華電網|資訊服務|126 88 60|100 100 45 51|2.6 156|1 -1 0 62 4
6164 華興|光電業|-7 -16 -6|78 98 18 19|0.9 8|2 -3 0 0 -9
6166 凌華|電腦及週|16 6 -14|97 97 19 24|0.7 10|11 16 0 -4 -5
6167 久正|光電業|-3 -17 -25|88 98 12 11|1.4 11|6 3 0 30 -5
6168 宏齊|光電業|-15 -22 -1|100 100 48 64|4.4 43|5 5 0 16 37
6170 統振|通信網路|-28 -30 -8|97 97 15 39|0.7 9|2 8 0 -12 -3
6173 信昌電|電子零組|-27 -33 1|73 91 14 8|0.5 12|1 1 -4 -25 -0
6175 立敦|電子零組|-28 -24 -9|87 95 15 31|0.4 13|17 -1 0 -3 9
6176 瑞儀|光電業|-30 -30 -29|100 100 5 11|1.2 195|36 4 2 -9 2
6177 達麗|建材營造|1445 420 -6290|98 98 9 21|1.0 27|4 7 -0 -22 3
6179 亞通|其他|30 21 27|90 90 13 6|1.8 8|1 -1 0 4 -3
6180 橘子|文化創意|-36 -6 -1|79 79 10 26|0.4 131|36 -7 0 -10 17
6182 合晶|半導體業|-10 -7 -24|62 96 14 24|1.0 334|14 0 6 1 3
6185 幃翔|電子零組|34 23 8|100 100 32 33|2.8 8|2 4 0 51 3
6186 新潤|建材營造|550 na na|100 100 24 55|0.9 12|3 7 0 -0 -18
6187 萬潤|半導體業|-65 -55 -29|49 91 4 2|0.4 19|2 0 0 -6 -7
6188 廣明|電腦及週|-11 -11 -17|97 97 42 53|0.8 216|13 12 0 -10 -2
6189 豐藝|電子通路|5 -21 -4|100 100 10 15|1.2 18|6 14 0 -37 -12
6190 萬泰科|通信網路|-19 -26 -34|76 88 8 -6|0.5 34|1 4 0 -1 -19
6191 精成科|電子零組|-14 -19 -5|99 99 21 32|2.0 75|9 6 0 -14 -28
6192 巨路|其他電子|8 -2 -5|95 97 10 1|1.1 9|19 3 0 25 14
6196 帆宣|其他電子|85 41 -7|89 100 15 27|0.7 90|7 2 0 -2 -7
6197 佳必琪|電子零組|27 1 -10|100 100 21 31|2.4 21|11 12 0 -8 7
6202 盛群|半導體業|-63 -53 -24|67 97 11 15|0.6 84|17 -6 -0 13 -7
6203 海韻電|電子零組|38 -13 28|100 100 24 39|2.4 13|2 -6 0 194 -17
6205 詮欣|電子零組|39 13 -3|80 80 11 4|0.5 128|4 2 -0 -7 -39
6206 飛捷|電腦及週|-44 -50 -47|76 98 12 8|0.8 26|13 -2 1 -10 -15
6208 日揚|半導體業|40 29 5|99 100 16 22|0.8 7|2 3 0 -6 18
6209 今國光|光電業|14 -14 -12|88 100 10 11|1.6 10|3 3 0 -18 12
6213 聯茂|電子零組|-15 -22 -5|68 94 8 30|1.0 99|11 5 -2 -9 -12
6214 精誠|資訊服務|9 16 3|99 99 12 17|0.7 22|11 3 0 134 -6
6215 和椿|其他電子|-40 -45 -25|97 97 36 37|0.2 7|7 11 0 -32 -6
6217 中探針|電子零組|24 -14 -22|70 93 3 6|0.4 44|2 1 0 -0 -19
6220 岳豐|電子零組|-9 -29 -18|79 91 10 -4|2.9 32|2 -0 0 23 -2
6223 旺矽|半導體業|18 5 -10|90 90 18 63|1.0 341|18 2 -1 19 -34
6224 聚鼎|電子零組|-3 -10 -2|65 95 15 22|0.9 13|9 6 0 2 -19
6226 光鼎|光電業|-10 -22 -22|88 98 18 20|2.2 6|2 -1 0 2 -6
6227 茂綸|電子通路|-5 -8 -9|98 98 24 35|0.6 10|3 6 0 -39 -9
6229 研通|半導體業|-42 -45 -14|74 97 11 16|0.9 5|1 1 0 -6 -1
6230 尼得科超眾|電腦及週|31 12 -1|100 100 29 57|3.1 22|90 2 -0 -12 -6
6231 系微|資訊服務|-14 -12 -13|88 88 49 102|0.6 485|13 -0 0 32 -12
6233 旺玖|半導體業|-15 -16 -13|90 95 32 35|1.1 58|2 -2 0 22 26
6234 高僑|光電業|6 1 -63|92 92 14 36|0.4 31|12 0 0 -20 -18
6235 華孚|電腦及週|56 43 -9|100 100 130 161|1.6 2359|7 -1 0 39 29
6237 驊訊|半導體業|-50 -39 9|63 96 10 22|0.7 21|3 -0 0 -9 -0
6239 力成|半導體業|-20 -24 -18|100 100 13 19|1.3 155|41 -0 -5 -1 -11
6240 松崗|資訊服務|195 222 169|83 100 32 17|3.5 5|0 0 0 40 5
6243 迅杰|半導體業|5 -5 9|70 96 28 50|0.7 29|1 -2 0 46 13
6244 茂迪|光電業|76 25 29|99 99 28 42|1.1 634|17 2 0 99 8
6245 立端|通信網路|49 43 7|96 96 32 111|0.7 596|22 1 -0 1 -28
6248 沛波|鋼鐵工業|52 5 -44|100 100 22 38|1.9 19|6 7 0 56 -47
6257 矽格|半導體業|-19 -17 -23|97 98 14 31|1.1 93|21 5 4 -25 -2
6261 久元|半導體業|-39 -25 -6|89 100 17 18|1.0 19|4 12 0 -1 -4
6263 普萊德|通信網路|59 16 -4|100 100 28 52|1.1 18|3 2 0 130 26
6266 泰詠|電子零組|44 38 3|100 100 45 64|0.7 102|4 4 0 -22 -37
6269 台郡|電子零組|-11 -14 -24|88 88 -1 12|1.0 102|31 -12 2 -1 6
6270 倍微|電子通路|-4 -2 -11|99 99 14 16|2.4 7|1 -0 0 29 -44
6271 同欣電|半導體業|-10 -9 -7|63 80 -3 -15|0.9 388|29 -10 -9 22 38
6274 台燿|電子零組|-14 -27 -9|89 98 34 57|1.2 367|31 -1 3 7 30
6275 元山|電子零組|15 -14 -4|87 95 23 27|1.2 22|1 -1 0 22 13
6276 安鈦克|電腦及週|-8 -15 1|97 97 29 44|1.8 15|3 -0 0 34 18
6277 宏正|電腦及週|10 5 -1|98 98 8 14|0.5 20|11 -6 0 76 -57
6278 台表科|光電業|-49 -43 -32|89 100 8 23|1.2 188|22 30 2 -36 -23
6279 胡連|電子零組|33 20 -11|79 81 -5 -15|0.9 208|7 -7 -19 17 91
6282 康舒|電子零組|-8 -11 -22|90 90 26 36|0.3 595|10 3 -2 -17 -20
6283 淳安|其他電子|-32 -45 -11|83 92 5 5|0.5 10|18 7 -1 -18 -4
6284 佳邦|電子零組|12 -11 -5|93 94 12 33|0.5 29|2 4 -3 30 -11
6285 啟碁|通信網路|52 33 -9|98 98 25 23|3.7 444|29 10 -0 31 11
6288 聯嘉|汽車工業|20 -1 -8|95 95 38 43|1.7 141|5 3 1 12 1
6290 良維|電子零組|-8 -17 -10|90 90 26 20|0.6 316|9 -3 0 -9 0
6291 沛亨|半導體業|18 23 -12|95 95 43 48|1.4 9|0 1 0 63 na
6294 智基|文化創意|-2 -1 -5|95 100 17 13|1.5 5|1 1 0 29 0
6409 旭隼|其他電子|21 9 -22|95 95 11 22|1.3 286|68 2 0 28 22
6411 晶焱|半導體業|-28 -43 -10|74 94 47 44|0.4 190|9 -0 0 -13 -10
6412 群電|電子零組|-14 -16 -14|99 99 15 33|3.1 53|14 9 6 -26 16
6414 樺漢|電腦及週|59 44 13|100 100 33 39|3.3 236|21 8 0 -32 45
6415 矽力*-KY|半導體業|-42 -41 -39|61 73 7 15|0.9 1122|90 -4 -3 50 -17
6416 瑞祺電通|通信網路|6 -3 -13|99 99 27 26|3.8 86|3 2 -0 39 36
6417 韋僑|通信網路|20 14 -9|94 94 67 57|3.2 257|10 -2 1 78 1130
6426 統新|通信網路|-58 -51 -55|72 87 6 -9|0.4 8|8 -7 0 8 -2
6435 大中|半導體業|-36 -48 -34|67 93 6 7|0.6 12|1 2 0 -8 6
6438 迅得|其他電子|52 33 13|86 100 22 25|2.1 29|14 3 0 20 -8
6441 廣錠|電腦及週|55 34 65|89 89 14 53|0.8 32|1 -5 0 -6 11
6442 光聖|通信網路|11 -3 -6|83 100 21 19|1.1 20|34 8 0 13 -17
6443 元晶|光電業|11 17 -20|80 96 13 7|0.7 693|17 1 -1 3 -22
6446 藥華藥|生技醫療|459 281 -315|71 80 -12 -14|2.0 601|16 -23 -5 na 109
6449 鈺邦|電子零組|-11 -20 -2|96 96 30 37|0.9 9|3 1 0 -63 -25
6451 訊芯-KY|半導體業|95 56 11|86 86 -9 -3|0.3 12|62 -14 0 -4 -5
6456 GIS-KY|光電業|-54 -40 -30|86 86 -12 8|0.5 52|53 -16 -1 -3 15
6457 紘康|半導體業|-45 -56 -8|45 92 -3 6|0.3 7|2 -6 0 24 -10
6461 益得|生技醫療|-97 -75 -38|72 80 -11 -19|1.0 8|1 1 0 -19 -29
6462 神盾|半導體業|43 7 -3|83 94 39 34|1.5 30|12 2 0 4 16
6469 大樹|生技醫療|20 22 -7|98 98 29 34|0.8 162|12 -5 0 -16 305
6470 宇智|通信網路|83 36 -25|90 100 26 33|1.7 76|8 1 0 9 -19
6472 保瑞|生技醫療|377 379 193|100 100 99 163|1.2 2578|17 -0 -1 17 94
6477 安集|光電業|-32 -53 -153|77 100 13 16|1.0 109|2 1 -1 12 -4
6485 點序|半導體業|-23 -31 -21|75 99 60 80|6.6 75|9 1 0 52 -3
6488 環球晶|半導體業|12 13 -2|77 94 19 45|0.8 897|26 -2 -2 -3 14
6491 晶碩|生技醫療|-10 3 -5|83 88 4 17|0.7 170|17 -3 -8 20 -14
6492 生華科|生技醫療|0 na na|50 83 -10 13|0.9 8|4 -6 0 na na
6494 九齊|半導體業|-43 -56 -22|52 94 5 31|0.5 15|6 -4 0 -3 5
6499 益安|生技醫療|431 172 -40|87 95 2 2|1.3 6|13 2 0 5 -14
6504 南六|其他|36 4 7|80 98 9 15|1.0 6|5 2 0 16 -13
6505 台塑化|油電燃氣|21 6 -28|90 99 7 5|0.8 133|7 -7 1 -19 4
6508 惠光|農業科技|13 -33 -48|66 94 9 1|0.6 12|2 3 0 -6 -25
6509 聚和|化學工業|-3 -10 -21|79 93 10 22|0.3 64|3 -3 0 -2 2
6510 精測|半導體業|-12 -15 -16|89 89 15 49|0.8 106|8 0 4 7 -16
6514 芮特-KY|通信網路|21 -21 -7|84 100 21 19|2.1 7|55 -0 0 -9 2
6515 穎崴|半導體業|39 49 -21|96 96 79 97|0.7 721|21 4 3 -17 -43
6517 保勝光學|光電業|5 37 na|na na 109 na|1.4 120|3 2 0 na na
6523 達爾膚|生技醫療|0 -10 8|96 96 9 21|0.4 15|8 -7 0 -7 12
6525 捷敏-KY|半導體業|-13 -21 -24|85 98 10 12|0.9 11|13 9 -0 -11 -5
6527 明達醫|生技醫療|72 36 15|92 92 42 54|1.0 19|2 0 0 na na
6531 愛普*|半導體業|-50 -56 -22|97 97 90 120|0.8 3060|16 -0 1 10 10
6532 瑞耘|半導體業|-1 22 -8|84 84 3 4|0.5 12|4 -7 0 -3 4
6533 晶心科|半導體業|152 39 -4|86 86 3 27|0.4 1879|28 -6 -0 44 48
6535 順藥|生技醫療|21 980 -282|91 91 0 13|0.3 10|0 1 0 na na
6538 倉和|電子零組|25 14 -4|97 100 28 27|1.2 12|6 11 0 4 -4
6541 泰福-KY|生技醫療|-97 69 na|38 53 -28 -46|0.2 21|30 -13 0 na na
6546 正基|通信網路|-50 -56 na|na 81 23 -16|0.8 46|0 -1 -0 13 11
6547 高端疫苗|生技醫療|-100 -99 na|32 70 -18 -27|0.5 124|6 -4 -0 7 12
6548 長科*|半導體業|-19 -19 -24|47 100 54 61|3.3 124|5 -0 0 27 1
6550 北極星藥業-KY|生技醫療|-100 -88 na|na 79 11 -28|0.9 279|69 15 0 na 35
6556 勝品|光電業|28 4 -8|83 83 36 129|0.4 49|1 1 0 na 100
6558 興能高|其他電子|30 -14 10|91 91 20 41|0.4 13|3 -1 0 3 5
6561 是方|通信網路|7 8 -2|100 100 39 38|0.9 58|14 7 0 7 -23
6568 宏觀|半導體業|11 45 12|80 86 1 41|0.7 60|5 -7 0 -13 -4
6570 維田|電腦及週|28 1 -21|96 96 28 27|0.5 51|7 -0 1 -1 -19
6573 虹揚-KY|半導體業|33 -16 17|77 97 15 18|2.5 7|59 -1 0 -34 31
6576 逸達|生技醫療|97 5552 -14811|86 89 27 39|1.6 179|32 -2 0 na na
6578 達邦蛋白|農業科技|26 -3 -2|65 94 3 21|0.3 6|1 2 0 -7 2
6579 研揚|電腦及週|13 2 -28|96 96 16 31|2.2 16|3 3 0 7 3
6581 鋼聯|綠能環保|-44 19 -34|86 92 10 14|1.2 11|1 -14 -2 -13 -26
6582 申豐|橡膠工業|-72 -71 5|51 89 1 13|0.3 6|17 -1 -3 -5 -7
6589 台康生技|生技醫療|25 -25 -16|77 77 -3 17|0.9 250|6 -1 -1 7 -4
6590 普鴻|資訊服務|45 21 4|94 94 42 42|0.8 9|0 1 0 na na
6591 動力-KY|電腦及週|-48 -42 -16|87 100 26 35|2.8 14|23 0 0 17 0
6592 和潤企業|其他|32 25 -2|100 100 21 19|1.4 102|27 4 0 26 9
6593 台灣銘板|資訊服務|-1 -20 -8|96 96 48 58|0.7 14|0 -0 0 na -61
6603 富強鑫|電機機械|5 -14 -18|89 94 -0 0|0.8 15|2 -12 0 -6 -15
6605 帝寶|汽車工業|37 15 5|99 99 31 29|0.6 91|18 5 -0 -29 2
6609 瀧澤科|電機機械|-7 18 1|90 90 16 40|0.3 15|57 -1 -1 -14 -3
6612 奈米醫材|生技醫療|17 23 -5|87 87 65 62|0.3 32|28 -0 -0 -21 5
6613 朋億*|其他電子|24 4 -30|64 100 20 26|0.9 15|4 1 0 -23 22
6625 必應|其他|8 -2 -261|95 95 20 66|0.6 14|4 -0 0 6 19
6643 M31|半導體業|29 21 -14|94 94 24 84|0.9 1539|20 0 1 -5 26
6651 全宇昕|半導體業|-24 -24 -25|92 95 18 38|4.9 14|0 -1 0 -16 11
6664 群翊|電子零組|36 17 -8|100 100 22 41|1.7 24|6 7 0 -8 2
6666 羅麗芬-KY|生技醫療|46 -21 -17|82 82 3 30|0.1 13|77 -17 -0 5 -3
6667 信紘科|其他電子|4 -4 -39|85 100 19 8|1.0 17|3 4 0 -1 -24
6668 中揚光|光電業|-2 2 -1|87 92 10 15|0.6 12|21 2 0 -13 -9
6669 緯穎|電腦及週|68 46 -11|100 100 37 44|1.3 2050|35 4 1 19 44
6670 復盛應用|運動休閒|1 9 -31|91 91 7 24|0.8 133|26 -11 -1 -34 64
6672 騰輝電子-KY|電子零組|-25 -33 -1|80 96 12 39|1.5 30|26 7 0 1 -3
6679 鈺太|半導體業|-48 -54 -22|71 92 29 53|0.4 220|6 -0 6 -9 1
6683 雍智科技|半導體業|3 1 -2|74 93 7 15|0.8 54|10 -5 -1 na -25
6684 安格|半導體業|-64 -65 -23|42 90 19 24|1.1 9|2 -2 0 na na
6689 伊雲谷|數位雲端|17 8 na|na 83 44 -3|0.5 85|15 1 0 na na
6690 安碁資訊|數位雲端|7 22 -56|93 93 56 72|0.8 41|4 11 0 na na
6691 洋基工程|其他電子|53 24 -8|90 90 39 63|0.7 130|4 3 -2 -50 26
6695 芯鼎|半導體業|-5 -20 na|na na 4 na|0.3 8|0 -2 0 na na
6703 軒郁|生技醫療|39 46 15|100 100 48 66|1.9 16|14 7 0 na na
6706 惠特|光電業|-78 -78 -40|53 90 9 18|0.7 59|7 -9 0 3 12
6712 長聖|生技醫療|22 -0 -33|84 92 6 14|1.2 226|3 -2 -3 22 32
6715 嘉基|電子零組|53 13 -36|94 94 26 17|1.7 245|2 0 1 2 -40
6719 力智|半導體業|-57 -50 -39|47 92 20 39|0.6 717|5 -3 2 13 49
6727 亞泰金屬|電子零組|11 -17 -42|90 95 4 3|0.6 14|4 -0 0 na -37
6728 上洋|居家生活|27 0 -15|88 99 27 22|1.1 6|1 -11 0 na na
6732 昇佳電子|半導體業|-35 -38 -3|85 89 58 57|0.9 300|5 -6 5 -0 7
6733 博晟生醫|生技醫療|94 98 -182|98 98 51 50|1.8 45|3 0 0 na na
6741 91APP*-KY|數位雲端|22 15 1|64 83 -6 38|0.3 157|64 9 -0 -2 6
6743 安普新|其他電子|-41 -50 -28|83 100 56 69|1.1 18|3 -4 0 0 4
6747 亨泰光|生技醫療|20 0 -11|100 100 45 42|1.9 107|5 -1 3 na 178
6751 智聯服務|資訊服務|69 28 4|95 95 117 144|0.8 40|0 0 0 na na
6752 叡揚|資訊服務|21 29 7|82 82 124 96|0.7 52|2 1 0 na na
6756 威鋒電子|半導體業|-61 -61 -36|53 90 19 30|0.8 216|3 -1 1 -0 5
6761 穩得|電子零組|-7 -8 -6|87 95 15 30|0.7 5|2 1 0 na 12
6763 綠界科技*|數位雲端|9 6 1|66 85 15 27|0.2 29|5 -1 0 na 37
6767 台微醫|生技醫療|170 62 11|94 99 23 26|1.1 5|1 1 0 na na
6768 志強-KY|運動休閒|-22 -13 -109|74 84 -5 -12|0.3 15|77 -26 -0 -11 13
6770 力積電|半導體業|-44 -42 -46|57 93 -1 18|0.8 480|19 -8 0 -1 22
6776 展碁國際|電子通路|1 -7 -14|95 95 33 37|2.7 21|1 3 0 280 6
6781 AES-KY|電子零組|-15 -11 -34|54 83 5 12|0.7 479|73 -3 -4 22 -12
6782 視陽|生技醫療|-33 -15 na|na na -7 na|0.5 222|4 -4 -5 na na
6788 華景電|半導體業|26 35 5|91 97 54 13|0.6 265|4 1 0 -19 9
6789 采鈺|半導體業|-36 -27 na|na 87 12 -9|0.3 223|10 4 -0 60 31
6790 永豐實|造紙工業|12 -1 -3|82 97 5 4|1.9 9|3 5 0 -14 3
6791 虎門科技|資訊服務|8 2 na|na na 62 na|1.0 34|11 -1 0 na na
6796 晉弘|生技醫療|29 2 na|na 91 38 21|0.6 32|22 -1 0 -11 76
6799 來頡|半導體業|-29 -30 na|na 95 65 85|1.4 499|10 -0 3 -3 157
6803 崑鼎|綠能環保|6 21 3|98 98 9 5|1.0 9|2 3 0 6 12
6806 森崴能源|綠能環保|52 103 10|81 98 7 33|0.5 210|1 -0 1 7 10
6811 宏碁資訊|數位雲端|14 19 na|na 91 64 61|1.1 111|2 -1 1 53 88
6829 千附精密|半導體業|-40 -34 -24|100 100 36 15|3.5 27|3 3 -1 44 0
6830 汎銓|其他電子|7 5 na|na 100 43 42|1.3 29|2 14 0 na na
6835 圓裕|電子零組|-18 -23 na|na na 9 na|0.7 6|5 3 0 na na
6843 進典|電機機械|10 15 na|na na 74 na|1.1 24|1 3 0 na na
6859 伯特光|光電業|56 25 na|na na 23 na|0.8 50|15 2 0 na 247
6874 倍力|資訊服務|7 72 na|na na 199 na|0.5 52|0 -1 0 na na
7402 邑錡|光電業|-31 -38 -49|92 92 90 63|4.4 105|14 0 0 na 105
8016 矽創|半導體業|-42 -43 -14|96 97 35 48|0.9 390|31 6 -1 -21 -5
8021 尖點|其他電子|-33 -29 -16|86 96 -2 17|0.5 5|7 1 0 -12 -2
8024 佑華|半導體業|-47 -58 -32|92 99 14 14|1.2 5|4 -2 0 3 5
8027 鈦昇|電機機械|-49 -39 -60|68 94 4 1|1.0 10|6 2 0 -0 1
8028 昇陽半導體|半導體業|28 12 0|86 97 8 16|2.8 105|15 5 0 15 -16
8033 雷虎|其他|22 22 21|92 92 42 231|0.4 271|3 -2 -0 na na
8038 長園科|電子零組|1058 822 327|90 90 12 41|0.4 20|3 -2 0 na na
8039 台虹|電子零組|-24 -37 -25|96 97 4 6|0.6 6|13 10 0 1 -2
8040 九暘|半導體業|-33 -23 -26|75 83 -6 5|0.9 16|1 -1 0 -6 -8
8043 蜜望實|電子零組|-28 -28 -14|88 88 13 14|0.3 5|1 2 0 -10 -8
8044 網家|數位雲端|-11 -9 -1|68 88 16 31|0.2 42|13 -0 0 -8 -14
8046 南電|電子零組|-0 -2 -19|53 88 13 48|1.2 2340|9 3 2 -7 -20
8048 德勝|通信網路|24 53 25|99 99 14 27|1.3 7|1 8 0 -17 20
8049 晶采|光電業|84 38 13|100 100 32 40|0.5 33|12 3 -0 -1 -12
8050 廣積|電腦及週|65 48 23|96 96 8 29|1.7 340|5 -3 0 1 35
8054 安國|半導體業|20 6 -11|55 94 8 9|0.6 19|2 1 0 -1 -27
8064 東捷|光電業|62 12 14|99 99 17 41|1.9 18|9 4 0 -1 -6
8069 元太|光電業|83 45 -22|69 77 2 -17|0.7 2445|34 -11 -2 13 16
8070 長華*|電子通路|-22 -23 -22|100 100 20 22|2.6 33|10 1 0 1 14
8072 陞泰|電子通路|3 -26 -14|82 82 4 22|0.6 6|2 3 0 12 5
8076 伍豐|電腦及週|-12 -3 -5|81 89 1 2|0.4 15|4 -5 0 -1 -37
8081 致新|半導體業|-33 -30 -13|81 97 27 51|0.4 96|22 8 1 15 -15
8083 瑞穎|電機機械|-50 -54 -18|84 88 -10 -12|1.3 9|1 -5 0 60 49
8084 巨虹|電子通路|-0 24 -11|77 79 -2 -11|1.0 74|0 1 4 na na
8086 宏捷科|半導體業|-42 -52 2|90 100 31 48|3.4 97|9 3 1 -5 -4
8088 品安|半導體業|-0 -12 -12|94 94 29 51|4.7 58|11 -1 0 81 -4
8091 翔名|半導體業|6 -9 -25|93 93 4 18|0.5 30|11 -2 0 -24 -6
8097 常珵|通信網路|69 326 -229|54 67 -25 -23|0.9 51|1 1 0 -19 5
8099 大世科|資訊服務|53 11 4|97 97 5 8|0.4 10|2 0 0 -13 46
8103 瀚荃|電子零組|-31 -37 -19|80 94 11 10|1.3 16|7 -14 0 11 24
8104 錸寶|光電業|80 71 32|63 99 16 21|0.7 12|3 12 0 -4 -5
8105 凌巨|光電業|-4 -8 -5|88 88 15 29|0.4 39|62 6 0 7 2
8109 博大|電子零組|79 32 8|97 97 8 9|1.4 14|2 0 -2 -18 17
8110 華東|半導體業|-17 -20 -27|80 97 18 17|2.7 16|2 -1 0 4 11
8111 立碁|光電業|3 -16 8|88 95 45 30|0.6 26|1 1 0 -11 -7
8112 至上|電子通路|-41 -49 -23|96 100 25 34|0.8 176|16 9 0 -44 -13
8114 振樺電|電腦及週|-4 -8 -35|65 80 1 -17|0.8 56|7 -23 1 6 41
8121 越峰|電子零組|5 -6 -5|69 91 9 -1|2.0 32|0 -0 0 na 11
8131 福懋科|半導體業|-11 -8 -11|99 99 16 20|1.0 17|6 25 0 11 18
8147 正淩|電子零組|27 3 -10|96 96 14 34|4.8 7|3 -4 0 22 -4
8150 南茂|半導體業|-31 -35 -14|83 100 19 32|1.3 71|40 9 3 -13 -5
8155 博智|電子零組|-25 -22 -31|64 96 19 42|1.1 209|1 -0 -0 1 -19
8163 達方|電腦及週|-12 -15 -15|96 100 18 12|0.8 30|11 9 0 2 -14
8171 天宇|綠能環保|21 106 -89|94 94 29 69|0.4 241|5 0 -1 -7 -35
8176 智捷|通信網路|36 117 -9|87 87 22 32|0.7 7|1 -0 0 na na
8183 精星|其他電子|2 1 -47|73 90 -0 -3|0.4 27|0 -4 0 -1 -1
8210 勤誠|電腦及週|-1 -9 -14|91 91 12 11|0.9 78|9 -12 -0 8 36
8213 志超|電子零組|-36 -37 -10|87 100 15 24|1.4 19|20 17 -0 -20 -15
8215 明基材|光電業|4 -9 -2|93 93 12 27|0.5 45|7 3 0 -10 -6
8222 寶一|電機機械|71 25 -8|97 97 49 62|1.0 430|2 -1 0 5 38
8227 巨有科技|半導體業|122 30 na|na na 107 na|0.8 209|3 -1 0 na 49
8234 新漢|電腦及週|22 3 -16|98 98 29 63|0.8 49|6 3 0 21 1
8249 菱光|電子零組|26 18 5|96 96 11 43|1.6 12|3 1 0 -4 -1
8255 朋程|電機機械|12 11 -2|81 100 10 30|3.4 311|6 0 2 9 -4
8261 富鼎|半導體業|-44 -44 -27|73 89 -2 0|0.5 120|5 -3 -4 -2 8
8271 宇瞻|半導體業|-13 -22 -16|100 100 27 37|3.1 28|10 25 0 37 3
8279 生展|生技醫療|31 13 -17|93 93 1 18|0.7 7|4 -4 0 na 9
8289 泰藝|電子零組|8 -17 -16|93 93 29 40|1.6 173|4 -1 0 2 -2
8299 群聯|半導體業|-38 -35 -20|87 100 30 62|2.2 575|33 3 1 8 -4
8341 日友|綠能環保|-22 -11 -18|73 84 1 11|0.2 28|13 -4 -0 -11 5
8349 恒耀國際|鋼鐵工業|0 -9 -16|82 86 11 -8|0.4 21|2 -5 1 -11 -11
8358 金居|電子零組|-17 -15 6|88 88 17 64|0.4 218|10 4 -16 6 -3
8367 建新國際|航運業|9 5 9|96 96 24 44|0.3 7|2 3 0 -11 -18
8383 千附|半導體業|-14 3 -7|99 99 17 19|1.1 49|10 9 0 17 31
8390 金益鼎|綠能環保|7 -2 -11|94 100 10 14|1.5 36|2 -2 0 34 46
8401 白紗科|其他|26 0 -13|96 96 17 16|1.4 13|2 -10 0 -46 -28
8403 盛弘|生技醫療|-7 -9 -16|87 96 1 8|0.9 14|3 -9 0 -10 -1
8415 大國鋼|鋼鐵工業|16 11 -8|91 92 -6 9|1.4 21|11 -13 0 -13 7
8420 明揚|運動休閒|73 46 5|94 94 28 41|0.7 59|6 -4 0 -1 -22
8422 可寧衛*|綠能環保|34 38 -36|98 99 6 8|0.9 29|11 -18 0 -11 -12
8431 匯鑽科|其他電子|-10 -43 -24|88 99 20 34|2.1 10|1 1 0 7 -8
8433 弘帆|居家生活|-25 -16 -25|78 78 8 24|0.4 15|2 -7 0 -8 78
8436 大江|生技醫療|16 5 15|86 86 15 63|0.6 322|29 2 -13 8 -36
8440 綠電|綠能環保|26 3 2|50 98 9 26|1.1 39|1 -0 0 17 30
8442 威宏-KY|其他|30 8 -45|90 90 10 21|0.7 20|64 -4 5 -36 3
8454 富邦媒|數位雲端|13 12 -3|93 93 37 58|0.8 641|26 5 2 -40 -16
8462 柏文|運動休閒|15 5 -3590|96 96 21 24|1.4 23|1 1 0 -5 50
8464 億豐|居家生活|-14 -16 -12|95 95 17 23|0.8 146|44 2 -5 -2 -3
8476 台境*|綠能環保|-69 -34 -336|82 82 13 26|0.4 16|4 -5 0 2 17
8478 東哥遊艇|運動休閒|-9 16 -6|96 96 77 104|0.1 1217|50 5 -0 -73 -42
8499 鼎炫-KY|其他電子|-47 -43 -22|87 93 4 9|1.6 9|70 -0 0 19 14
8916 光隆|其他|-8 -21 -47|85 87 3 -6|0.6 30|6 -20 0 -9 -40
8924 大田|運動休閒|143 33 24|96 96 11 33|0.5 64|5 4 -0 -39 -12
8926 台汽電|油電燃氣|30 15 23|99 99 34 24|2.0 156|8 4 1 697 -3
8927 北基|油電燃氣|12 11 -10|89 89 11 9|0.7 33|1 -2 0 -4 36
8931 大汽電|油電燃氣|119 91 35|95 95 89 152|2.6 73|1 3 0 17 -30
8932 智通*|數位雲端|18 -33 -7|96 96 18 47|0.5 10|28 -15 0 -8 -25
8933 愛地雅|運動休閒|-0 8 -11|51 55 -18 -29|0.3 17|6 -13 0 na -3
8936 國統|其他|-44 -34 -17|86 86 23 42|0.6 184|6 -3 0 15 80
8938 明安|運動休閒|59 21 -6|92 92 14 16|1.0 217|15 -10 2 8 29
8940 新天地|觀光餐旅|75 51 -120|84 84 47 63|0.5 15|9 -1 0 na na
8942 森鉅|其他|33 -7 -10|97 97 10 13|0.6 8|22 -4 0 -6 -5
8996 高力|電機機械|104 78 36|95 95 26 126|0.1 297|15 -5 -1 15 -2
9802 鈺齊-KY|運動休閒|34 24 -31|66 80 -18 -17|0.3 110|42 -12 -4 -19 39
9904 寶成|運動休閒|0 -7 -23|89 89 -10 4|0.7 182|55 -19 2 11 69
9907 統一實|其他|5 -20 -17|93 98 14 6|1.0 75|20 -6 0 12 -1
9910 豐泰|運動休閒|-0 -5 -50|90 90 -9 12|0.6 139|18 9 1 -40 -6
9911 櫻花|居家生活|7 -7 -15|97 98 2 2|1.0 6|18 -23 0 -2 -1
9914 美利達|運動休閒|18 22 -8|63 86 -2 -8|0.7 119|36 -20 -4 35 -12
9917 中保科|其他|17 7 -3|98 100 6 7|1.4 47|40 21 12 35 -0
9919 康那香|其他|-6 -18 -2|67 94 -1 12|2.6 9|4 -1 -0 -5 -2
9921 巨大|運動休閒|-15 -13 -22|66 71 -16 -14|1.8 412|46 -32 -2 109 51
9927 泰銘|其他|-14 -26 -24|100 100 14 26|1.5 9|12 5 0 -1 5
9933 中鼎|其他|-14 -0 -30|84 88 -0 -10|0.9 88|16 -37 -2 23 46
9934 成霖|居家生活|-6 -6 -7|97 97 4 18|2.4 9|16 -4 0 23 -6
9937 全國|油電燃氣|5 1 -11|88 88 19 24|0.4 5|3 1 0 -2 -20
9938 百和|其他|-4 -24 -15|85 91 -1 -1|0.3 39|27 -8 -1 -31 -7
9939 宏全|其他|25 11 -5|93 93 12 16|0.6 160|28 -14 5 -39 8
9941 裕融|其他|24 17 1|86 98 14 23|0.9 168|5 -3 -0 3 -1
9942 茂順|其他|45 15 5|100 100 13 28|1.3 35|7 4 1 -4 -15
9945 潤泰新|其他|87 39 15|68 74 -19 3|1.0 284|14 -2 0 55 45
9955 佳龍|綠能環保|-35 -43 -19|80 99 29 48|1.4 79|1 -0 0 24 18
9958 世紀鋼|鋼鐵工業|-7 9 20|76 92 10 58|0.9 217|8 2 -5 6 4
9962 有益|鋼鐵工業|22 37 -3|97 97 25 48|0.8 21|7 3 0 -13 -10
