# 2024-08-01 全池(1346 檔)。欄位:代碼 名稱|產業|最新月YoY 3月YoY均 加速度|距52週高% 距120日高% 60日漲% 120日漲%|量能比 日均值M|外持% 外20 投20 資20 券20(外資持股比;外資/投信20日淨買佔成交值%;融資/借券餘額20日變化%)
1101 台泥|水泥工業|55 42 41|92 99 5 6|0.9 615|18 16 2 2 -9
1102 亞泥|水泥工業|3 -10 2|94 94 -2 8|0.8 540|15 8 18 -6 -3
1103 嘉泥|水泥工業|-8 3 -13|89 99 1 3|0.7 9|5 15 0 -2 -15
1104 環泥|水泥工業|10 9 2|91 91 -5 17|1.4 62|15 -8 0 4 22
1108 幸福|水泥工業|-20 -7 -18|92 95 -4 7|0.5 7|3 -22 0 -1 24
1109 信大|水泥工業|-19 -19 -11|87 87 -11 3|0.8 10|3 -10 0 -10 43
1110 東泥|水泥工業|6 -1 -9|100 100 20 37|1.6 16|7 10 0 -2 23
1201 味全|食品工業|8 13 2|93 97 -2 -1|1.0 14|7 -27 0 30 30
1210 大成|食品工業|-8 -8 -1|92 95 0 -1|1.2 76|10 -4 0 59 13
1215 卜蜂|食品工業|-12 -10 -5|89 89 -5 4|0.8 63|38 -23 25 11 46
1216 統一|食品工業|17 18 1|94 94 7 16|1.7 898|37 -6 20 -35 47
1217 愛之味|食品工業|-4 4 3|87 95 3 10|0.8 20|10 11 0 -10 2
1218 泰山|食品工業|-14 -4 -5|79 90 -4 1|0.6 17|3 -1 0 -12 11
1219 福壽|食品工業|-22 -15 -4|88 94 -6 -5|0.8 6|6 -11 0 6 30
1225 福懋油|食品工業|-17 -12 -2|100 100 127 177|1.0 18|1 4 0 2 33
1227 佳格|食品工業|-8 1 -1|95 95 7 10|0.4 36|8 -6 0 20 -29
1229 聯華|食品工業|-3 13 -3|90 90 -4 -2|1.8 107|12 6 0 -6 -7
1231 聯華食|食品工業|6 10 7|100 100 22 39|1.5 25|3 4 0 -14 -28
1232 大統益|食品工業|-9 -6 3|100 100 4 7|1.3 14|1 8 0 -17 12
1234 黑松|食品工業|-3 -1 -4|95 95 -1 7|0.6 6|6 -7 0 433 55
1256 鮮活果汁-KY|食品工業|-26 -19 -27|58 70 -15 -19|1.0 5|3 -2 0 -7 17
1268 漢來美食|觀光餐旅|32 18 -3|98 98 6 9|0.4 9|2 -12 3 1 16
1301 台塑|塑膠工業|7 6 9|70 81 -14 -18|0.6 566|29 -6 1 -4 1
1303 南亞|塑膠工業|10 4 15|71 81 -12 -18|0.6 500|28 -5 2 11 -8
1304 台聚|塑膠工業|14 6 14|68 89 4 -10|0.8 61|31 5 -0 0 4
1305 華夏|塑膠工業|13 -7 5|71 88 3 -10|0.7 36|5 18 0 -24 -33
1307 三芳|塑膠工業|2 9 8|95 95 1 27|0.6 15|15 5 1 -3 15
1308 亞聚|塑膠工業|-4 -9 10|73 86 4 -13|1.7 45|5 -6 -1 46 28
1309 台達化|塑膠工業|53 38 29|93 96 25 18|1.0 49|2 3 0 2 8
1310 台苯|塑膠工業|90 55 42|85 97 6 -2|0.6 16|7 10 0 22 -13
1312 國喬|塑膠工業|47 31 32|80 95 10 2|0.8 63|11 6 0 9 4
1313 聯成|塑膠工業|6 13 -7|74 83 -7 -12|0.7 23|10 -3 0 -6 19
1314 中石化|塑膠工業|18 22 -27|95 95 -3 14|0.9 336|14 12 0 -1 -41
1316 上曜|建材營造|340 171 153|87 87 9 74|1.5 354|4 3 0 22 -9
1319 東陽|汽車工業|0 12 -3|76 76 -13 16|0.7 296|19 -5 -3 25 -14
1321 大洋|塑膠工業|27 15 21|87 87 -13 3|0.6 7|8 8 0 -4 5
1325 恆大|塑膠工業|-26 -25 -5|62 74 6 -21|0.4 19|1 1 0 -11 13
1326 台化|塑膠工業|24 28 21|74 86 -12 -14|0.8 448|33 9 1 15 -8
1336 台翰|電子零組|13 11 21|95 97 13 7|1.0 7|3 0 0 2 -11
1339 昭輝|汽車工業|-7 -9 -14|77 77 -20 5|0.4 13|3 -3 0 -2 -14
1342 八貫|其他|-2 5 4|69 69 -20 -13|0.5 42|31 3 0 -4 -13
1402 遠東新|紡織纖維|5 7 3|96 96 9 18|0.8 452|17 -4 19 -21 -10
1409 新纖|紡織纖維|9 19 10|96 96 3 17|0.5 103|14 2 0 35 59
1414 東和|紡織纖維|-7 6 5|91 91 17 34|0.4 13|2 -1 0 -4 17
1416 廣豐|其他|23 23 -3|92 92 -8 12|0.9 5|11 10 0 -1 2
1418 東華|紡織纖維|-57 109 81|88 88 14 65|0.2 7|1 2 0 -4 3
1423 利華|紡織纖維|-48 -27 -20|97 97 39 43|0.4 7|2 2 0 16 83
1434 福懋|紡織纖維|4 5 14|88 95 -0 -5|1.3 24|7 17 0 -23 -8
1436 華友聯|建材營造|2815 2511 1856|91 91 12 118|1.4 188|4 1 3 180 -15
1437 勤益控|其他|1 14 1|93 93 4 20|0.3 6|8 -9 0 2 33
1438 三地開發|建材營造|na na na|100 100 72 131|2.7 39|2 4 0 35 5
1440 南紡|紡織纖維|-19 -14 2|91 91 -4 21|0.7 43|7 15 0 -9 -5
1442 名軒|建材營造|710 1619 -18659|100 100 12 89|0.7 133|12 13 0 3 8
1444 力麗|紡織纖維|-13 -9 12|94 98 6 1|0.8 26|6 8 0 13 -5
1445 大宇|紡織纖維|-36 -25 2|72 72 -16 -7|0.9 5|1 3 0 -0 9
1446 宏和|紡織纖維|3291 2184 855|90 90 11 53|0.5 63|7 8 0 -5 73
1447 力鵬|紡織纖維|-34 51 39|98 98 32 37|0.8 60|10 14 0 5 8
1449 佳和|紡織纖維|-3 13 -20|79 90 14 8|6.6 27|9 0 0 38 12
1453 大將|建材營造|100 100 -29631|89 89 -11 85|1.0 28|2 4 0 -6 11
1454 台富|紡織纖維|10 9 10|94 94 22 23|1.8 8|1 1 0 9 78
1455 集盛|紡織纖維|71 56 29|87 87 -7 28|0.3 18|4 13 -5 -3 -1
1457 宜進|紡織纖維|2 3 4|84 84 -12 23|0.3 7|3 6 0 -29 13
1463 強盛新|紡織纖維|-45 5 17|100 100 40 50|2.4 5|8 4 0 128 5
1464 得力|紡織纖維|22 30 30|90 90 1 2|0.9 6|2 10 0 -18 46
1471 首利|電子零組|49 19 -4|64 84 2 -4|0.4 14|2 4 0 -4 na
1473 台南|紡織纖維|-1 12 2|70 70 12 37|0.3 50|8 4 -3 -50 18
1474 弘裕|紡織纖維|38 39 22|91 91 0 14|0.5 7|3 11 0 -5 13
1475 業旺|紡織纖維|74 67 44|98 98 26 40|1.6 25|4 10 0 4 144
1476 儒鴻|紡織纖維|27 23 16|93 96 9 1|0.6 369|38 -5 7 -5 -8
1477 聚陽|紡織纖維|-2 7 -0|96 96 16 35|0.8 785|36 -6 12 10 -21
1503 士電|電機機械|13 6 3|70 70 -15 104|0.6 2524|31 2 -2 -28 -9
1504 東元|電機機械|-11 -4 -1|83 83 -10 13|0.3 405|11 3 -18 -5 -41
1506 正道|電機機械|-14 -8 -6|93 94 2 4|1.2 7|1 4 0 na na
1513 中興電|電機機械|32 25 7|80 80 6 59|0.7 6146|22 4 0 -14 -54
1514 亞力|電機機械|4 -3 -18|75 75 3 65|0.5 2434|13 0 -0 -9 1
1515 力山|電機機械|6 51 -114|74 85 -12 -1|0.3 28|8 -10 0 -17 17
1516 川飛|其他|112 na na|83 83 17 33|0.2 9|3 3 0 -10 17
1517 利奇|電機機械|27 20 56|99 99 11 18|0.9 9|4 12 0 1 -4
1519 華城|電機機械|37 59 -60|68 68 -14 81|0.9 4970|21 -3 -3 2 29
1522 堤維西|汽車工業|7 9 3|97 97 40 82|0.5 281|16 5 1 -12 9
1524 耿鼎|汽車工業|-14 -4 -21|84 84 -14 7|0.2 54|4 1 0 -4 10
1527 鑽全|電機機械|30 22 23|98 98 4 11|1.1 19|11 -4 0 -25 -12
1528 恩德|電機機械|-3 2 3|89 89 19 11|0.8 22|3 1 0 1 19
1529 樂事綠能|電機機械|327 142 21|81 83 -3 1|1.0 189|2 1 0 -11 -18
1532 勤美|電機機械|-26 94 31|81 81 -15 15|0.6 162|18 3 0 -5 -1
1533 車王電|汽車工業|-45 -35 -27|72 83 -6 -15|0.9 6|6 -2 0 -5 1
1535 中宇|電機機械|-9 7 -8|69 69 -14 7|0.7 22|1 -9 3 -13 6
1536 和大|汽車工業|45 -4 9|96 96 35 34|1.1 949|9 2 0 62 0
1537 廣隆|電機機械|35 33 21|99 99 7 12|1.0 28|19 2 1 -9 -8
1540 喬福|電機機械|380 114 63|100 100 71 99|2.9 293|6 -0 0 61 -27
1558 伸興|電機機械|4 9 -10|91 100 4 2|1.6 9|7 7 0 0 -12
1560 中砂|電機機械|11 10 9|82 82 17 56|1.0 870|19 -4 -1 12 43
1565 精華|生技醫療|-1 -7 -0|87 87 -4 -8|1.0 25|9 -11 0 -1 31
1568 倉佑|汽車工業|-36 -41 -15|82 88 8 9|0.4 22|2 -3 0 76 29
1569 濱川|電腦及週|-16 -16 3|95 95 27 24|1.2 82|3 -1 0 -25 58
1570 力肯|電機機械|173 191 173|71 71 7 39|0.2 16|5 -2 0 -25 45
1580 新麥|電機機械|0 6 -8|96 96 1 6|0.8 16|6 -17 0 -28 2
1582 信錦|電子零組|7 17 0|93 93 6 46|0.5 277|16 -5 4 1 16
1584 精剛|其他|36 28 -5|95 100 7 9|1.8 96|3 9 0 6 -14
1586 和勤|電機機械|22 11 -6|96 96 9 11|1.3 16|2 1 0 -1 -7
1587 吉茂|汽車工業|-10 -10 3|67 67 -27 133|0.2 43|24 5 0 -18 -11
1589 永冠-KY|電機機械|-4 -23 1|68 68 -7 -15|0.8 17|6 6 0 1 -2
1590 亞德客-KY|電機機械|-1 5 -11|71 71 -22 -11|1.9 409|73 -0 0 9 -50
1591 駿吉-KY|電機機械|646 797 608|73 73 -17 23|0.2 26|2 -1 0 -5 8
1597 直得|電機機械|15 -10 16|96 96 52 58|1.7 668|4 -1 0 89 105
1598 岱宇|運動休閒|12 -0 -4|83 94 1 -5|0.5 9|6 15 0 -4 1
1603 華電|電器電纜|-2 16 -6|79 79 -1 23|0.3 70|3 -0 0 -9 -1
1604 聲寶|電器電纜|-5 -0 -2|95 95 -2 5|0.5 11|9 -15 0 -21 23
1605 華新|電器電纜|13 -2 2|88 90 -0 0|0.7 340|17 7 1 -6 0
1608 華榮|電器電纜|53 41 31|82 82 9 76|0.3 400|3 -2 0 7 19
1609 大亞|電器電纜|18 20 10|87 87 7 63|0.8 1603|9 -1 1 -3 16
1611 中電|電器電纜|-7 -2 6|90 90 17 19|0.5 68|12 1 1 -4 11
1612 宏泰|電器電纜|20 27 17|81 81 1 34|0.3 120|14 -1 -1 7 18
1614 三洋電|電器電纜|-17 -7 1|83 83 -8 9|0.2 8|3 -4 0 -38 9
1615 大山|電器電纜|3 46 13|90 90 15 48|0.2 22|2 1 -3 -8 5
1616 億泰|電器電纜|13 10 -3|83 83 -10 81|0.3 57|1 -1 -0 43 94
1617 榮星|電器電纜|38 38 31|84 84 6 53|0.3 46|21 2 0 3 -19
1618 合機|電器電纜|-26 12 -36|77 77 5 67|0.2 264|5 -0 0 -3 -18
1701 中化|生技醫療|7 7 3|84 90 -1 -6|0.7 16|9 -4 0 -17 -52
1702 南僑|食品工業|3 3 -5|94 94 2 21|1.1 46|15 3 6 -40 -2
1707 葡萄王|生技醫療|-6 4 1|81 93 -5 -3|1.9 50|13 5 1 16 24
1708 東鹼|化學工業|7 16 28|100 100 21 18|0.7 56|11 13 0 1 -18
1709 和益|化學工業|10 27 22|92 92 25 18|0.5 67|2 1 0 10 3
1710 東聯|化學工業|44 25 15|81 93 5 -3|1.0 26|8 9 1 -5 -2
1711 永光|化學工業|9 16 13|99 99 9 14|2.7 46|7 2 0 22 -1
1712 興農|化學工業|9 7 12|98 98 13 29|1.4 41|17 7 -4 6 -7
1713 國化|化學工業|30 48 30|97 97 21 28|0.2 21|5 -6 0 24 22
1714 和桐|化學工業|-5 1 10|99 99 14 16|0.6 40|21 19 0 -7 8
1717 長興|化學工業|8 7 6|96 96 -3 11|1.8 92|15 12 0 28 -44
1720 生達|生技醫療|13 17 8|97 97 20 19|1.9 59|7 3 -1 -6 -42
1721 三晃|化學工業|59 27 30|83 93 9 8|0.5 23|3 2 0 13 -25
1722 台肥|化學工業|-75 -36 -15|95 95 -2 0|0.8 125|11 -18 6 -5 29
1723 中碳|化學工業|-28 -8 11|81 81 -11 -13|1.1 82|8 -17 -1 -16 41
1725 元禎|化學工業|17 12 10|80 80 2 109|0.3 26|0 2 -2 -19 -46
1727 中華化|化學工業|33 26 32|86 86 10 18|0.7 72|3 0 0 13 -22
1732 毛寶|化學工業|-7 -1 -1|77 86 2 -7|1.5 7|2 4 0 -15 1
1733 五鼎|生技醫療|18 6 16|77 87 -3 1|0.5 12|7 -0 0 -5 12
1734 杏輝|生技醫療|21 6 4|99 99 4 16|0.8 24|10 6 0 -34 -13
1736 喬山|運動休閒|25 20 4|95 95 38 76|0.6 156|10 17 1 -9 -29
1737 臺鹽|食品工業|-3 -7 1|91 97 0 1|1.0 6|7 -1 0 -12 -15
1752 南光|生技醫療|-10 -2 0|75 83 5 -4|0.2 13|2 11 0 -15 -9
1760 寶齡富錦|生技醫療|-0 3 -1|76 86 1 -6|0.7 34|13 6 0 -8 -1
1762 中化生|生技醫療|30 -7 22|68 100 14 2|0.7 14|3 13 0 11 -24
1773 勝一|化學工業|14 14 10|85 85 -5 21|0.9 68|7 16 -6 3 7
1777 生泰|生技醫療|73 43 21|100 100 23 25|1.0 18|2 3 0 17 1
1783 和康生|生技醫療|-9 2 6|71 89 4 -1|0.6 12|7 -1 0 11 -33
1784 訊聯|生技醫療|-13 -0 -12|72 72 75 98|0.8 243|5 0 0 -25 85
1785 光洋科|其他電子|35 33 12|86 86 50 61|0.4 2062|11 -1 0 -29 54
1786 科妍|生技醫療|6 16 -24|85 85 7 50|0.4 66|5 -6 3 -3 -10
1789 神隆|生技醫療|-23 8 -4|80 90 -7 4|0.5 22|5 -2 -1 -12 -17
1795 美時|生技醫療|1 7 -1|80 80 -9 0|0.6 875|54 0 -1 -17 4
1799 易威|生技醫療|72 89 5|89 89 139 339|1.1 134|14 -4 6 na na
1802 台玻|玻璃陶瓷|-3 -4 -10|80 88 4 -2|0.3 118|5 2 -3 -9 -13
1805 寶徠|建材營造|-6 -30 -12|100 100 6 41|2.3 6|3 13 0 na na
1806 冠軍|玻璃陶瓷|-1 2 -18|96 96 20 23|2.7 39|9 1 6 3 22
1808 潤隆|建材營造|-31 2269 -8019|95 95 6 19|2.4 346|11 10 -2 48 -30
1809 中釉|玻璃陶瓷|27 6 2|70 70 2 45|0.3 77|2 3 0 -10 -23
1810 和成|玻璃陶瓷|-8 -2 -5|83 84 -3 6|0.3 13|3 5 0 2 -2
1815 富喬|電子零組|57 41 52|83 83 32 68|0.2 502|7 3 -0 -16 -12
1817 凱撒衛|玻璃陶瓷|20 12 5|100 100 6 14|0.6 7|4 4 0 11 -38
1903 士紙|造紙工業|-22 -15 -13|80 88 -11 13|0.5 15|12 -1 -1 3 -0
1904 正隆|造紙工業|-6 3 1|76 90 -9 -8|1.1 32|8 -6 0 -16 26
1905 華紙|造紙工業|7 7 11|65 86 -12 -8|0.5 49|4 5 0 1 -2
1907 永豐餘|造紙工業|10 9 8|78 95 -3 1|0.8 50|13 11 2 6 -15
1909 榮成|造紙工業|9 6 8|83 88 -10 1|0.5 22|11 11 0 -11 17
2002 中鋼|鋼鐵工業|-1 -1 4|82 90 -6 -7|0.8 431|14 -1 -1 -10 3
2006 東和鋼鐵|鋼鐵工業|-3 -2 -11|100 100 2 9|1.0 118|15 -5 32 -30 9
2007 燁興|鋼鐵工業|63 44 39|84 88 -0 6|0.3 6|1 6 0 -2 -0
2009 第一銅|鋼鐵工業|49 42 26|79 79 3 52|0.2 128|2 2 0 -10 7
2010 春源|鋼鐵工業|12 15 11|83 83 -15 5|0.6 12|8 -8 -1 -4 -26
2013 中鋼構|鋼鐵工業|-7 -8 3|84 84 -9 4|0.8 6|8 -1 0 -0 14
2014 中鴻|鋼鐵工業|-2 -15 -19|77 87 -5 -10|0.5 60|4 14 -0 -10 -5
2015 豐興|鋼鐵工業|1 0 1|100 100 13 23|0.9 25|11 -5 37 14 21
2017 官田鋼|鋼鐵工業|17 9 2|92 93 -3 -2|0.5 13|3 4 0 1 -7
2020 美亞|鋼鐵工業|-55 -25 -17|75 75 -23 -3|1.5 51|3 -1 -0 -20 -6
2022 聚亨|鋼鐵工業|-20 -9 -7|74 82 -14 -9|0.8 8|4 1 0 7 20
2023 燁輝|鋼鐵工業|8 8 2|84 94 0 -1|0.7 21|6 12 -1 -6 -7
2025 千興|鋼鐵工業|993 na na|94 94 8 73|0.6 28|4 7 0 na na
2027 大成鋼|鋼鐵工業|-14 -8 4|97 99 6 6|1.0 389|15 9 12 -26 -13
2029 盛餘|鋼鐵工業|23 13 -13|83 84 -11 -9|0.8 13|68 -21 0 7 41
2030 彰源|鋼鐵工業|-2 -2 8|80 88 -10 -10|0.6 7|2 -8 0 1 23
2031 新光鋼|鋼鐵工業|-7 -5 -7|88 88 1 10|0.9 98|14 2 1 -10 -38
2034 允強|鋼鐵工業|5 -7 0|91 97 0 -4|0.9 10|7 -4 0 -12 -3
2038 海光|鋼鐵工業|4 2 7|84 88 -3 -3|0.4 7|3 9 0 -6 -2
2049 上銀|電機機械|-5 -6 -1|74 74 -9 -3|1.0 453|27 -2 -4 3 16
2059 川湖|電子零組|101 92 62|77 77 -5 14|1.1 1197|20 -2 0 14 -10
2061 風青|電器電纜|43 50 38|100 100 29 85|2.1 27|5 3 0 30 1
2062 橋椿|居家生活|2 9 -16|100 100 21 39|6.2 12|12 1 2 39 20
2066 世德|電機機械|-1 3 6|89 89 -4 53|0.3 23|12 5 0 9 -2
2070 精湛|電機機械|22 31 10|100 100 89 96|3.3 112|1 0 0 62 106
2101 南港|橡膠工業|-0 18 -2|83 83 -12 27|0.3 263|7 2 0 -0 6
2102 泰豐|橡膠工業|11 -36 37|99 99 10 24|0.6 20|8 15 0 -1 -4
2103 台橡|橡膠工業|28 16 11|91 93 -6 3|0.9 54|26 18 -0 15 -27
2104 國際中橡|橡膠工業|12 13 23|81 92 -3 -6|0.8 23|10 4 0 13 3
2105 正新|橡膠工業|0 -1 -0|82 82 5 12|0.4 245|16 3 -10 -10 -30
2106 建大|橡膠工業|-3 5 6|95 95 -0 13|0.7 18|9 9 0 2 -33
2107 厚生|橡膠工業|-1 17 30|100 100 5 19|2.3 16|8 5 0 20 62
2108 南帝|橡膠工業|76 37 31|89 89 19 17|0.6 78|8 -2 -0 92 24
2109 華豐|橡膠工業|-18 -0 3|93 93 10 39|0.4 13|17 -3 0 148 6
2201 裕隆|汽車工業|17 18 7|71 80 -17 -12|0.5 197|5 11 -1 -11 -7
2204 中華|汽車工業|7 26 -5|64 64 -36 -17|1.7 472|22 -3 3 9 31
2206 三陽工業|汽車工業|5 4 -8|91 91 -5 11|0.5 420|6 6 6 -13 -18
2207 和泰車|汽車工業|4 1 -6|89 100 8 5|1.2 172|24 11 8 -35 9
2208 台船|航運業|-41 -28 -11|73 88 -6 -7|0.8 44|4 -4 0 -15 14
2211 長榮鋼|鋼鐵工業|12 -0 -9|78 78 -19 14|0.5 131|5 -11 4 28 -9
2227 裕日車|汽車工業|6 -4 -14|70 77 -1 -23|1.0 5|41 11 0 na na
2228 劍麟|汽車工業|-13 6 -5|78 78 -12 10|0.3 38|10 -17 0 -7 2
2230 泰茂|居家生活|99 135 31|90 90 3 8|0.9 87|4 -6 0 2 35
2231 為升|汽車工業|2 -7 -4|83 87 12 -6|0.7 29|7 -2 0 -2 17
2233 宇隆|汽車工業|15 18 6|84 89 -6 2|1.1 28|13 -23 -0 -7 -12
2236 百達-KY|汽車工業|-2 8 -11|100 100 51 59|1.2 138|66 -0 0 25 -17
2241 艾姆勒|汽車工業|-26 -20 -49|64 64 -22 15|0.1 42|8 5 0 -15 -0
2243 宏旭-KY|汽車工業|797 244 146|96 96 116 54|0.4 35|28 -0 0 118 21
2247 汎德永業|汽車工業|5 3 -5|89 89 -10 2|0.5 26|5 -13 -21 -39 41
2250 IKKA-KY|汽車工業|-5 7 -3|68 68 -8 2|0.1 19|7 3 0 -17 -5
2254 巨鎧精密-創|汽車工業|339 156 na|na 92 -6 5|0.7 15|25 -1 0 152 na
2258 鴻華先進-創|汽車工業|795 1670 na|na 91 3 4|0.4 18|0 3 0 na na
2301 光寶科|電腦及週|-9 -11 3|71 90 10 4|0.8 1930|25 -16 16 -11 27
2303 聯電|半導體業|-8 1 11|93 93 4 8|1.1 3609|31 15 10 -8 -19
2305 全友|電腦及週|41 31 2|79 79 6 3|0.7 18|1 1 0 -3 -7
2308 台達電|電子零組|0 3 4|98 98 34 50|1.3 5029|65 1 6 -29 67
2312 金寶|其他電子|5 2 15|87 87 64 54|0.7 1344|12 -3 -0 13 237
2313 華通|電子零組|18 22 16|87 87 4 16|0.6 1869|25 1 -4 -2 -53
2314 台揚|通信網路|-53 -52 5|69 89 0 -10|0.4 31|2 2 0 na na
2316 楠梓電|電子零組|-31 -21 -5|86 86 16 51|0.6 201|28 -2 0 14 57
2317 鴻海|其他電子|16 19 20|89 89 21 98|0.7 16821|41 -5 -2 -2 -10
2323 中環|光電業|-7 -0 -3|88 89 -3 16|0.4 169|10 1 0 -10 -7
2324 仁寶|電腦及週|1 -3 3|80 80 -9 -6|0.8 745|43 -13 2 -9 -23
2327 國巨*|電子零組|14 17 15|98 98 19 42|1.3 2228|55 10 3 1 -77
2328 廣宇|電子零組|-19 -12 -2|86 86 0 7|0.2 129|13 6 -0 -7 -14
2329 華泰|半導體業|-6 2 -20|60 60 -19 -18|0.6 238|8 2 -1 -7 17
2330 台積電|半導體業|33 41 29|89 89 23 50|1.2 49949|74 -17 1 37 112
2331 精英|電腦及週|-29 -23 4|74 79 1 -3|0.3 130|10 -2 0 -7 5
2332 友訊|通信網路|-3 -10 4|75 95 8 -0|0.6 67|7 1 0 7 -11
2337 旺宏|半導體業|2 -11 14|85 100 11 -3|3.8 465|19 16 -7 9 -27
2338 光罩|半導體業|9 11 6|86 86 5 6|0.4 242|8 1 0 16 -10
2340 台亞|半導體業|18 9 -3|70 86 -0 -13|0.6 106|11 -1 0 1 2
2342 茂矽|半導體業|28 28 40|83 96 8 5|1.0 17|4 9 0 -7 -11
2344 華邦電|半導體業|6 15 10|76 83 -8 -17|1.1 623|16 -9 0 -10 26
2345 智邦|通信網路|18 21 15|92 92 16 4|0.8 1417|66 2 3 6 6
2347 聯強|電子通路|-2 7 2|82 82 -12 -1|0.4 469|35 11 -15 -38 -55
2348 海悅|其他|9 24 -105|86 86 54 232|2.1 1049|5 1 -0 142 4
2349 錸德|光電業|-8 2 1|87 87 130 120|4.2 356|10 -1 0 na na
2351 順德|半導體業|0 -1 6|76 76 9 19|0.5 323|22 3 -5 -6 -20
2352 佳世達|電腦及週|-8 -4 5|69 77 -8 -19|0.6 449|11 -0 -16 -1 -7
2353 宏碁|電腦及週|7 18 8|81 81 -0 4|0.5 1145|27 -13 3 -2 16
2354 鴻準|其他電子|-1 -18 10|90 90 8 32|0.2 903|13 3 -3 -11 -9
2355 敬鵬|電子零組|2 4 2|85 89 14 7|0.5 245|20 7 0 -20 -15
2356 英業達|電腦及週|7 19 14|69 81 -5 -10|0.8 2152|16 -6 1 -3 20
2357 華碩|電腦及週|21 26 19|91 91 10 12|0.8 1711|53 7 5 3 -59
2359 所羅門|其他電子|-49 -36 -20|88 88 71 296|0.5 2143|3 0 0 -6 52
2360 致茂|其他電子|8 26 29|94 94 26 64|1.3 963|67 -8 9 -54 -41
2362 藍天|電腦及週|43 15 2|100 100 56 59|1.3 412|10 -3 0 22 78
2363 矽統|半導體業|49 35 -18|73 73 -14 20|0.7 1537|9 5 -0 -34 -81
2364 倫飛|電腦及週|28 12 4|62 89 12 2|4.8 12|15 1 0 36 -26
2365 昆盈|電腦及週|69 52 32|93 93 229 292|0.8 3309|3 0 0 -8 -54
2367 燿華|電子零組|20 28 25|86 86 32 90|0.3 839|11 -1 -0 -1 7
2368 金像電|電子零組|38 36 17|83 83 20 5|1.0 1647|16 -0 8 -29 26
2369 菱生|半導體業|-4 -5 -13|75 75 -3 -7|0.4 56|14 4 0 -3 -12
2371 大同|電機機械|-2 -4 -21|74 74 -19 17|0.4 992|10 7 0 -12 -22
2373 震旦行|其他電子|0 1 12|91 91 -4 -4|0.8 7|1 -3 0 50 58
2374 佳能|光電業|40 39 18|87 87 33 120|0.3 353|5 -0 0 -4 0
2375 凱美|電子零組|15 15 15|90 94 5 8|0.7 50|8 3 0 -6 -9
2376 技嘉|電腦及週|138 188 88|71 71 -7 -5|1.1 2612|18 -15 -3 5 -8
2377 微星|電腦及週|3 13 -4|86 87 8 -3|0.6 700|27 -15 6 -10 -4
2379 瑞昱|半導體業|13 17 6|86 86 1 14|0.7 1729|56 9 -13 11 3
2382 廣達|電腦及週|23 27 30|85 85 10 23|1.1 7007|30 -7 2 -0 16
2383 台光電|電子零組|63 69 16|77 77 -1 1|1.1 2209|25 -3 1 22 27
2385 群光|電子零組|-7 -3 5|64 64 -21 -1|0.8 532|34 5 -10 -1 -25
2387 精元|電腦及週|6 2 6|85 85 -11 -1|0.8 48|19 -9 0 0 -24
2388 威盛|半導體業|-19 -5 -39|67 83 -4 -15|1.0 873|8 -4 1 11 11
2390 云辰|其他電子|13 5 -0|75 86 -2 -8|0.7 10|3 -4 0 -2 12
2392 正崴|電子零組|27 27 20|82 82 49 66|0.4 977|11 -4 -0 6 41
2393 億光|光電業|21 27 19|91 91 13 55|1.5 373|26 -15 14 43 54
2395 研華|電腦及週|-13 -14 2|89 89 3 7|1.5 393|41 -8 1 260 -25
2397 友通|電腦及週|-46 -42 -6|79 79 9 14|0.5 109|22 -1 0 61 111
2399 映泰|電腦及週|29 -0 -1|85 89 15 3|1.4 85|3 -0 0 30 13
2401 凌陽|半導體業|35 26 10|87 87 16 5|0.2 314|18 4 0 -6 -22
2402 毅嘉|電子零組|23 15 5|88 94 25 25|1.0 467|9 -1 0 8 17
2404 漢唐|其他電子|-18 -34 -27|79 79 -13 24|0.6 769|23 -8 7 0 -23
2405 輔信|電腦及週|8 7 -1|84 84 32 34|0.4 313|9 -2 0 -15 -3
2406 國碩|光電業|277 220 166|84 84 15 33|0.3 219|10 2 0 -6 -18
2408 南亞科|半導體業|37 41 23|73 78 -13 -18|1.2 1043|14 -10 -0 15 -11
2409 友達|光電業|10 18 -6|87 90 -1 -6|1.0 1043|25 -4 1 -8 -7
2412 中華電|通信網路|-3 1 -0|95 95 -2 2|0.8 1540|15 15 -4 4 -36
2413 環科|電子零組|-43 -40 -14|73 80 0 -15|0.9 6|1 -2 0 0 -5
2414 精技|電子通路|-5 -3 6|92 92 5 16|1.1 13|6 5 0 -27 -28
2417 圓剛|電腦及週|-12 -1 3|80 80 26 36|0.3 162|3 1 0 -6 10
2419 仲琦|通信網路|23 -11 21|62 80 4 -7|0.8 76|2 -0 0 0 23
2420 新巨|電子零組|8 5 13|92 92 13 37|0.3 28|6 0 0 -43 -14
2421 建準|電子零組|14 12 14|66 72 -12 -8|0.9 334|19 0 -2 -9 -19
2423 固緯|其他電子|1 -7 -6|92 92 -6 7|0.6 12|6 -3 0 -12 20
2425 承啟|電腦及週|-18 -13 -26|57 67 -11 -24|0.4 22|7 3 0 -7 16
2426 鼎元|光電業|10 10 1|89 96 10 1|0.8 19|10 3 0 10 1
2427 三商電|資訊服務|10 7 -27|87 87 9 29|0.3 90|3 -1 0 -0 30
2428 興勤|電子零組|7 7 11|90 90 6 4|0.4 72|16 -0 -0 -6 -16
2429 銘旺科|光電業|-70 -59 -15|85 85 101 95|1.4 18|1 1 0 na na
2431 聯昌|電子零組|-25 -34 0|90 90 9 6|0.7 8|3 3 0 6 -16
2436 偉詮電|半導體業|1 5 -15|72 80 -8 -15|0.6 56|5 -5 1 -12 4
2438 翔耀|光電業|161 160 77|78 78 205 175|0.9 72|1 -3 0 na na
2439 美律|通信網路|24 24 14|85 85 2 20|1.1 491|37 6 0 1 -11
2440 太空梭|電子零組|81 60 18|84 84 -4 20|0.3 18|3 -3 0 0 na
2441 超豐|半導體業|16 13 1|97 97 2 5|1.4 61|14 -11 4 7 19
2442 新美齊|建材營造|-56 -71 -1334|100 100 20 55|3.0 129|6 4 0 14 13
2444 兆勁|通信網路|-16 -18 -8|90 90 37 22|0.6 30|5 2 0 na na
2449 京元電子|半導體業|11 12 9|84 84 30 37|0.8 4085|32 -5 5 -11 -26
2451 創見|半導體業|-26 -4 -3|76 76 5 28|0.4 154|10 -8 9 25 -22
2453 凌群|資訊服務|6 8 -0|84 84 -0 3|0.3 132|8 2 0 10 1
2454 聯發科|半導體業|13 32 12|79 79 14 26|1.1 9182|61 -11 0 20 -52
2455 全新|通信網路|37 51 -28|78 78 2 21|0.8 1025|30 -2 4 20 22
2457 飛宏|電子零組|-38 -18 -2|62 72 -12 -22|1.0 111|9 5 -0 -9 -8
2458 義隆|半導體業|4 4 -26|81 81 -10 -5|0.9 210|31 -34 8 8 -15
2459 敦吉|其他電子|-25 -26 -13|95 95 2 16|0.8 12|17 -11 0 10 88
2460 建通|電子零組|58 56 27|70 70 -7 -8|0.3 17|2 7 0 -13 -8
2461 光群雷|其他電子|-14 -1 2|87 91 -7 -0|0.6 16|6 -20 0 -6 20
2462 良得電|電子零組|30 23 23|78 85 4 -4|0.8 14|2 -0 0 -13 -18
2464 盟立|其他電子|-4 -12 11|91 91 82 134|0.6 2246|4 -0 -0 -1 16
2465 麗臺|電腦及週|-28 -10 -24|65 65 -14 57|0.4 162|1 1 0 -12 3
2467 志聖|電子零組|122 93 82|84 84 50 158|1.0 543|11 -1 1 -30 -41
2468 華經|資訊服務|20 -7 -3|72 85 -3 -5|0.6 9|3 14 0 2 -0
2471 資通|資訊服務|38 8 8|90 90 -6 -4|1.2 29|4 1 0 2 -21
2472 立隆電|電子零組|18 20 17|94 94 8 27|0.5 197|10 1 1 2 -21
2474 可成|其他電子|-26 -32 -0|91 91 -1 12|0.6 494|32 -8 10 1 10
2476 鉅祥|電子零組|9 14 20|85 85 35 41|0.3 318|11 3 2 -5 -17
2477 美隆電|其他電子|45 17 15|92 92 34 42|1.9 36|23 -0 0 38 101
2478 大毅|電子零組|11 11 7|89 89 6 13|0.7 28|6 -0 0 67 49
2480 敦陽科|資訊服務|1 -5 -7|95 95 -2 4|1.1 33|5 -30 -0 39 115
2481 強茂|半導體業|-12 -7 -8|75 86 2 -10|0.7 447|9 -2 2 -3 58
2482 連宇|其他電子|-61 -65 -14|58 82 23 4|0.2 35|2 2 1 -21 -23
2483 百容|電子零組|6 4 12|96 96 8 13|0.5 7|2 10 0 0 11
2484 希華|電子零組|-14 -11 7|85 85 -3 -7|0.7 12|5 -3 0 -2 -3
2485 兆赫|通信網路|-46 -35 -5|67 84 -1 -8|0.7 39|6 -0 0 -1 -8
2486 一詮|光電業|7 14 2|77 77 38 135|0.9 777|12 -1 0 -23 13
2488 漢平|其他電子|-6 10 2|96 96 -4 15|0.8 10|10 -14 0 -6 7
2489 瑞軒|光電業|70 55 20|85 85 46 62|0.5 697|12 -1 0 13 32
2492 華新科|電子零組|4 8 2|83 91 1 8|0.6 520|12 1 -0 3 -27
2493 揚博|電子零組|15 12 6|81 81 -13 6|0.6 35|7 -22 0 12 27
2495 普安|電腦及週|-1 7 14|84 84 52 57|0.2 190|19 -3 0 -17 18
2497 怡利電|汽車工業|31 32 15|89 99 14 5|1.0 38|3 9 0 0 -35
2498 宏達電|通信網路|-17 -35 -17|78 89 5 -10|0.7 236|10 2 -0 -3 -2
2501 國建|建材營造|-42 60 23|81 81 -15 79|0.7 205|8 0 -0 12 -18
2504 國產|建材營造|7 6 5|99 99 5 78|0.7 415|13 13 1 -6 -54
2505 國揚|建材營造|304 2429 1850|96 96 -4 36|1.7 27|8 16 1 8 -13
2506 太設|建材營造|21 74 -50|94 94 -3 29|0.9 20|7 16 0 -12 -1
2509 全坤建|建材營造|2822 948 704|98 98 1 53|1.1 35|4 10 0 5 2
2511 太子|建材營造|-17 3 7|97 97 -2 27|1.6 45|6 17 0 25 -21
2514 龍邦|其他|-5 83 -91|97 97 38 68|0.4 40|6 9 1 12 5
2515 中工|建材營造|-3 8 -10|87 87 -6 31|1.1 277|11 4 -1 -20 -7
2516 新建|建材營造|-1 28 1|93 99 9 16|1.2 27|8 8 0 na na
2520 冠德|建材營造|249 132 95|95 95 0 59|1.1 717|20 4 1 10 -17
2524 京城|建材營造|131 276 142|100 100 88 260|4.8 309|1 1 0 2 -2
2527 宏璟|建材營造|375 181 -120|82 82 -2 78|1.6 52|42 4 0 12 -8
2528 皇普|建材營造|-99 632 495|97 97 -3 49|1.7 57|3 8 0 25 6
2530 華建|建材營造|107426 44878 12611|95 95 4 51|2.8 139|5 22 -0 29 31
2534 宏盛|建材營造|14 -17 36|100 100 2 50|1.5 132|9 12 0 -3 -18
2535 達欣工|建材營造|21 22 19|96 96 -4 34|1.0 22|7 20 -1 46 -6
2536 宏普|建材營造|431 172 -2094|93 93 -7 24|2.7 22|10 9 0 2 -10
2537 聯上發|建材營造|154671 51792 32779|91 91 38 171|1.0 521|4 1 0 12 -2
2538 基泰|建材營造|1090 1053 771|100 100 24 44|0.9 86|16 5 0 -32 -6
2539 櫻花建|建材營造|512 176 na|99 99 10 65|1.5 89|4 10 -6 11 -36
2540 愛山林|建材營造|-10 34 -48|98 98 37 150|1.4 570|3 1 2 -17 83
2542 興富發|建材營造|-18 104 -282|98 98 34 62|1.0 1036|14 0 0 75 -41
2543 皇昌|建材營造|70 46 7|100 100 39 195|1.2 813|5 1 0 22 45
2545 皇翔|建材營造|384 458 178|100 100 3 58|1.3 110|8 14 0 1 -20
2546 根基|建材營造|-2 -10 5|78 78 -22 30|0.5 27|3 15 -7 -9 -25
2547 日勝生|建材營造|-25 -5 -29|95 95 -3 24|1.3 50|16 13 0 -2 -18
2548 華固|建材營造|5369 1776 800|98 98 11 99|0.6 432|15 6 8 -49 -28
2596 綠意|建材營造|184 171 -516|100 100 34 82|3.1 18|1 2 0 10 -38
2597 潤弘|建材營造|24 21 16|100 100 30 106|2.1 112|5 15 1 76 0
2603 長榮|航運業|91 58 58|78 78 -3 16|0.4 3848|20 -6 -2 2 44
2605 新興|航運業|1 24 17|83 83 8 19|0.2 130|42 -5 -1 -6 -30
2606 裕民|航運業|21 12 -6|87 87 -3 10|0.2 293|11 -9 -4 4 3
2607 榮運|航運業|51 32 12|88 91 -6 -7|0.4 53|10 -24 -0 -7 -24
2608 嘉里大榮|航運業|-2 6 5|96 96 2 16|0.4 13|5 14 4 -1 9
2609 陽明|航運業|67 49 59|77 77 28 32|0.3 2555|19 -1 -1 -11 -72
2610 華航|航運業|0 7 -11|90 95 9 13|0.4 1107|14 2 2 -20 -22
2611 志信|航運業|7 4 -11|78 78 -5 65|0.2 40|4 6 0 3 28
2612 中航|航運業|25 15 11|75 89 -2 1|0.2 15|2 -11 0 -11 -13
2613 中櫃|航運業|12 7 -1|74 74 55 62|0.1 36|4 11 0 -21 33
2614 東森|其他|3 -0 -0|78 100 14 6|0.9 25|5 17 0 -11 -33
2615 萬海|航運業|103 56 64|84 84 63 63|0.4 1876|41 3 -1 -24 12
2616 山隆|油電燃氣|-35 -24 -11|72 76 -16 -24|1.2 5|2 -6 0 -47 18
2617 台航|航運業|18 10 5|85 85 -4 7|0.2 60|8 -12 0 7 -23
2618 長榮航|航運業|10 14 -16|89 89 -7 14|0.3 1751|19 -2 -2 8 -14
2630 亞航|航運業|-18 0 -10|71 76 -18 -1|0.2 43|1 3 -1 na -0
2633 台灣高鐵|航運業|10 7 -7|97 97 -2 0|0.8 127|10 -2 17 -5 22
2634 漢翔|航運業|8 -7 -15|84 89 -7 5|0.6 253|2 1 2 -6 19
2636 台驊控股|航運業|150 101 76|83 83 -2 8|0.2 66|20 -1 -0 -22 -4
2637 慧洋-KY|航運業|20 17 16|93 93 5 39|0.4 302|20 18 -4 -13 -51
2641 正德|航運業|21 18 -5|84 84 -1 1|0.2 58|1 -5 0 -14 34
2643 捷迅|航運業|50 58 38|92 92 -6 8|0.3 5|2 -5 0 -18 15
2645 長榮航太|航運業|-16 7 -12|77 86 -6 1|0.5 109|4 -19 -0 -14 64
2704 國賓|觀光餐旅|19 8 14|95 95 5 61|0.3 24|12 14 2 -17 -22
2705 六福|觀光餐旅|21 7 -3|86 86 -10 8|0.2 8|5 -1 0 -2 -2
2707 晶華|觀光餐旅|-12 -13 -15|86 87 -8 4|0.4 47|5 -6 0 -2 10
2718 全心投控|建材營造|-81 -87 -732|94 94 -6 149|1.2 7|0 4 0 na na
2722 夏都|觀光餐旅|-13 -15 4|65 69 -24 -14|0.3 8|0 4 0 -19 7
2723 美食-KY|觀光餐旅|-6 -7 -2|69 88 -6 -11|0.6 26|44 -6 0 -1 13
2727 王品|觀光餐旅|3 -1 -7|78 84 -13 -15|0.5 110|10 0 0 -12 -6
2729 瓦城|觀光餐旅|20 9 -4|81 95 -0 1|0.9 19|1 -12 0 -31 -23
2731 雄獅|觀光餐旅|25 36 -274|96 96 5 27|0.4 229|8 10 1 1 -39
2732 六角|觀光餐旅|-1 1 3|74 74 -16 -19|0.6 15|4 -8 0 2 5
2736 富野|觀光餐旅|-41 -44 -2|56 72 -22 -24|0.6 6|1 5 0 -11 -3
2739 寒舍|觀光餐旅|7 4 -12|88 88 -12 20|0.6 73|6 9 3 -11 4
2743 山富|觀光餐旅|23 51 -438|80 80 -4 15|0.1 73|1 1 0 -5 3
2745 五福|觀光餐旅|56 65 -1176|80 80 -16 35|0.4 54|2 3 0 -5 -38
2748 雲品|觀光餐旅|20 3 -6|69 79 -12 -16|0.5 17|1 7 0 -9 -20
2753 八方雲集|觀光餐旅|11 8 -1|92 92 -4 -0|0.6 19|7 -4 -7 -6 0
2756 聯發國際|觀光餐旅|-14 -15 -7|71 71 2 5|0.5 8|0 -1 0 na 81
2762 世界健身-KY|運動休閒|4 4 na|na 73 -10 -17|0.8 13|81 -18 0 na na
2801 彰銀|金融保險|-2 6 0|99 99 2 8|1.0 344|15 19 1 4 1
2809 京城銀|金融保險|6 -14 -68|87 87 2 44|0.4 231|14 23 -11 -0 -49
2812 台中銀|金融保險|12 13 0|93 93 2 15|1.3 143|11 1 -1 155 -15
2816 旺旺保|金融保險|5 4 -8|89 97 2 8|0.6 23|3 10 0 -9 3
2820 華票|金融保險|11 -8 -91|96 96 -3 2|0.7 14|7 2 0 -32 12
2832 台產|金融保險|8 3 -7|99 99 0 13|0.6 7|4 11 1 -11 18
2834 臺企銀|金融保險|10 5 1|99 99 10 42|1.2 496|20 13 -4 35 5
2836 高雄銀|金融保險|13 8 3|97 97 8 10|0.7 44|7 9 -0 -2 -10
2838 聯邦銀|金融保險|0 3 -1|90 90 -2 8|1.6 64|3 -0 2 14 69
2845 遠東銀|金融保險|-13 -3 -8|89 89 -1 27|1.2 180|14 30 2 57 28
2850 新產|金融保險|1 0 -6|92 92 4 47|0.5 46|10 1 9 -27 2
2851 中再保|金融保險|-1 7 -6|95 95 -2 25|0.7 62|4 13 -4 -21 -33
2852 第一保|金融保險|-2 8 -1|96 96 -2 32|1.2 13|7 3 0 -29 19
2855 統一證|金融保險|13 34 -22|97 97 3 54|0.7 126|10 4 11 -40 -5
2880 華南金|金融保險|4 12 1|100 100 12 31|0.8 483|18 -4 22 -10 -5
2881 富邦金|金融保險|2 36 -67|98 98 30 40|0.9 2386|20 13 6 28 -46
2882 國泰金|金融保險|-35 -11 -85|96 96 23 41|0.7 2542|23 24 5 -12 -59
2883 凱基金|金融保險|-61 23 -104|96 96 16 33|0.8 1003|25 9 8 -19 -66
2884 玉山金|金融保險|16 21 0|91 91 -1 12|1.6 982|30 -1 9 58 -8
2885 元大金|金融保險|-9 9 -11|96 96 5 23|0.9 677|29 28 -7 5 -61
2886 兆豐金|金融保險|-5 4 -24|100 100 5 13|1.0 897|21 1 27 56 4
2887 台新新光金|金融保險|26 22 16|99 99 7 16|1.6 647|25 13 11 14 81
2888 新光金|金融保險|-2 3 -56|92 92 22 27|0.8 1992|18 1 0 47 -17
2889 國票金|金融保險|25 19 -7|90 90 -0 29|0.5 198|11 -3 16 -20 0
2890 永豐金|金融保險|14 18 -4|98 98 17 39|1.1 503|27 11 12 -25 -2
2891 中信金|金融保險|-5 13 -122|92 92 4 32|0.8 2938|36 -10 2 117 -85
2892 第一金|金融保險|-4 -0 3|100 100 6 10|1.1 466|23 28 14 -46 -18
2897 王道銀行|金融保險|-10 4 5|97 97 6 13|0.8 109|9 1 -1 -18 53
2903 遠百|貿易百貨|-2 -5 -2|91 91 -6 32|0.5 128|12 23 9 1 -12
2905 三商|貿易百貨|-36 78 -96|100 100 38 62|1.2 44|6 16 0 14 -17
2906 高林|貿易百貨|14 20 12|92 92 -1 8|0.5 24|6 -3 0 -9 -27
2912 統一超|貿易百貨|6 7 -1|100 100 3 6|1.8 470|26 10 18 -46 73
2913 農林|貿易百貨|11 10 10|74 96 1 10|0.6 118|7 7 0 -6 -15
2915 潤泰全|貿易百貨|13 -1 2|100 100 33 38|0.7 607|6 -3 12 1 -10
2916 滿心|居家生活|-2 -1 -6|79 79 -15 5|2.2 7|23 1 0 23 6
3003 健和興|電子零組|4 4 11|94 94 1 13|0.4 28|5 1 0 5 -7
3004 豐達科|鋼鐵工業|12 22 -5|83 83 -8 12|0.4 19|4 -22 -3 -16 8
3005 神基|電腦及週|-9 1 -3|71 71 2 5|0.4 450|14 -19 8 -13 8
3006 晶豪科|半導體業|18 20 8|83 84 -5 -4|0.8 546|15 -3 -0 -8 3
3008 大立光|光電業|50 34 14|90 90 28 17|1.1 4058|37 -0 5 19 20
3010 華立|電子通路|28 31 17|95 95 12 51|0.7 382|11 -9 19 -15 32
3011 今皓|電子零組|-9 -9 -1|70 84 -1 -10|1.1 15|2 -7 0 na na
3013 晟銘電|電腦及週|97 93 74|83 83 36 161|0.6 3302|7 3 0 -6 -73
3014 聯陽|半導體業|-5 -6 -31|83 83 -8 4|0.5 227|26 -5 0 3 -25
3015 全漢|電子零組|-15 -15 -1|90 90 -1 19|0.3 25|12 4 6 27 -4
3016 嘉晶|半導體業|-3 -3 14|92 92 9 15|0.7 115|3 3 -1 10 1
3017 奇鋐|電腦及週|19 11 -6|81 81 -1 70|0.8 6091|43 -4 -3 12 -12
3019 亞光|光電業|40 26 17|98 98 49 43|1.6 770|15 -0 0 140 277
3021 鴻名|電子零組|22 28 31|87 87 12 20|0.7 16|6 1 0 44 59
3022 威強電|電腦及週|-5 -14 7|88 88 13 15|1.2 219|19 2 0 83 12
3023 信邦|電子零組|-6 -4 0|94 94 13 23|2.0 502|54 2 11 -10 179
3024 憶聲|光電業|-27 9 6|100 100 18 30|2.5 83|5 -6 0 15 104
3025 星通|通信網路|-12 -1 -63|80 80 -6 6|0.3 77|3 -2 0 -22 13
3026 禾伸堂|電子零組|-4 -3 5|90 90 -8 -5|1.7 34|11 -6 0 15 22
3027 盛達|通信網路|-17 -22 -65|75 78 -12 1|0.5 38|1 -4 0 5 7
3028 增你強|電子通路|23 23 11|94 94 -5 4|1.0 18|7 -9 -0 19 26
3029 零壹|資訊服務|49 37 22|90 90 39 62|0.9 404|10 -2 1 10 32
3030 德律|其他電子|67 87 62|80 80 36 118|0.3 325|18 2 -2 -13 -27
3031 佰鴻|光電業|33 27 33|89 89 5 8|0.4 12|5 6 0 4 -17
3032 偉訓|電子零組|-35 -16 -28|78 78 -14 -11|1.0 62|3 -0 -0 23 20
3033 威健|電子通路|41 29 15|91 91 -8 19|0.5 205|10 4 1 1 -11
3034 聯詠|半導體業|-16 -17 -31|84 84 -16 3|0.8 2552|35 -13 7 29 4
3035 智原|半導體業|-7 -9 4|67 67 6 -28|1.1 3824|22 -0 1 -7 -9
3036 文曄|電子通路|86 108 58|60 60 -30 -29|0.7 364|18 -2 -1 -10 -21
3037 欣興|電子零組|7 10 23|85 85 -1 7|1.5 5720|49 -1 2 17 -44
3038 全台|光電業|-20 -22 -4|73 79 -10 -9|0.7 12|6 -8 2 5 24
3041 揚智|半導體業|37 27 35|63 66 -7 -22|0.5 27|11 -2 0 -18 -72
3042 晶技|電子零組|15 21 12|91 91 -0 16|0.6 305|17 -14 5 -25 6
3043 科風|其他電子|-53 -51 -17|56 97 21 3|0.7 11|1 -0 0 -3 17
3044 健鼎|電子零組|20 18 12|87 87 2 15|0.6 820|41 1 -3 -0 -43
3045 台灣大|通信網路|11 10 1|91 91 0 7|0.6 960|13 -5 27 261 -12
3046 建碁|電腦及週|37 26 -30|73 84 -6 -11|0.8 14|2 2 0 2 5
3047 訊舟|通信網路|100 100 94|90 90 192 161|0.9 1280|3 -2 0 9 1
3048 益登|電子通路|2 8 7|91 91 103 102|0.3 421|2 -0 0 0 -4
3050 鈺德|光電業|6 8 3|91 91 14 42|1.5 319|9 -2 0 -55 -8
3051 力特|光電業|-13 -16 5|73 78 -12 -2|0.6 23|3 16 0 -13 -17
3052 夆典|建材營造|-42 -18 -24|100 100 3 17|1.5 15|6 4 0 24 35
3055 蔚華科|電子通路|27 -39 -5|73 73 -4 45|0.2 161|3 -3 0 -9 66
3056 富華新|建材營造|-95 110 108|100 100 10 40|1.2 147|7 5 0 13 -10
3057 喬鼎|電腦及週|-20 12 15|79 79 18 9|0.4 8|5 5 0 na na
3058 立德|電子零組|-20 -17 1|75 75 -11 -4|0.5 18|4 -3 0 -17 58
3059 華晶科|光電業|-14 -23 8|87 87 2 5|0.2 127|14 7 0 -13 -34
3060 銘異|電腦及週|48 47 14|80 80 8 43|0.2 130|9 -0 0 -10 92
3062 建漢|通信網路|21 15 38|88 88 35 44|0.3 411|14 -0 0 30 -11
3066 李洲|光電業|11 2 12|79 79 6 -20|0.6 5|1 -1 0 10 0
3071 協禧|電腦及週|7 6 18|72 84 3 8|0.2 19|1 -3 0 -7 -26
3073 天方能源|綠能環保|-3 -13 6|78 78 150 220|1.4 59|1 0 0 44 0
3078 僑威|電子零組|-31 -28 -64|79 82 -9 -11|1.5 83|6 4 -0 -6 -3
3081 聯亞|通信網路|1 9 38|72 72 -4 21|0.9 501|15 -2 1 -19 21
3083 網龍|文化創意|101 62 33|85 85 1 13|0.4 31|3 -6 0 -23 35
3086 華義*|文化創意|9 2 -21|89 90 28 11|0.6 56|40 0 0 -34 12
3088 艾訊|電腦及週|-28 -11 -3|81 81 8 15|0.5 64|7 -1 0 -25 4
3090 日電貿|電子零組|3 11 -1|92 92 -1 14|0.6 51|10 1 3 -1 8
3092 鴻碩|電子零組|-12 -2 9|73 86 -6 -11|0.6 5|2 -2 0 -3 4
3093 港建*|其他電子|-64 -55 -14|89 89 2 0|0.4 6|68 -3 0 -10 96
3094 聯傑|半導體業|-36 -39 -4|80 82 8 -7|0.4 73|2 -1 0 14 65
3095 及成|通信網路|41 51 8|88 88 83 142|1.2 23|3 -0 0 na na
3105 穩懋|半導體業|11 28 -4|77 77 -3 -10|1.9 1235|21 -10 1 -3 54
3122 笙泉|半導體業|16 10 2|74 74 13 12|0.1 27|5 -7 0 -12 4
3128 昇銳|光電業|18 13 15|86 97 10 8|1.5 13|4 11 0 -7 -37
3130 一零四|數位雲端|4 9 1|95 95 -3 6|0.3 7|30 -25 0 na 73
3131 弘塑|半導體業|-2 13 8|96 96 45 132|1.4 1255|11 -0 2 na 0
3138 耀登|通信網路|14 10 10|74 85 -5 -16|0.6 28|2 -2 0 -2 7
3141 晶宏|半導體業|-22 -4 13|82 85 -0 -3|0.3 55|8 4 0 -5 -28
3147 大綜|資訊服務|-9 -8 -31|81 81 -12 34|1.3 103|1 1 -1 38 -13
3149 正達|光電業|24 17 22|78 78 15 -10|0.4 76|2 -2 0 na na
3152 璟德|通信網路|7 13 -7|66 75 -17 -15|0.8 33|17 3 -0 1 -10
3162 精確|電機機械|43 16 2|63 75 -8 -24|0.4 18|44 -4 0 4 7
3163 波若威|通信網路|-24 -30 -21|96 96 62 97|1.3 3614|7 -1 0 1 97
3167 大量|電機機械|109 92 59|96 96 17 43|5.1 205|3 -3 0 47 230
3169 亞信|半導體業|-9 9 19|77 77 -1 -7|0.3 27|2 -0 0 -11 13
3176 基亞|生技醫療|42 75 -14|67 88 1 2|0.3 11|5 -6 0 na na
3178 公準|半導體業|-14 -14 -9|67 67 -24 -13|0.3 18|1 4 0 -16 -4
3188 鑫龍騰|建材營造|na na na|100 100 55 218|4.5 131|3 -0 0 21 -2
3189 景碩|半導體業|19 13 26|84 84 17 11|2.7 2790|15 2 -3 65 -14
3202 樺晟|電子零組|17 26 -7|82 82 30 13|0.2 25|3 3 0 -31 16
3205 佰研|生技醫療|1 2 9|78 88 6 -2|1.0 15|10 -2 0 7 39
3206 志豐|電子零組|7 7 12|96 96 8 17|0.6 16|4 -1 0 1 -40
3207 耀勝|電子零組|57 36 47|92 92 -5 79|0.6 75|5 9 0 -1 -32
3209 全科|電子通路|26 -7 6|98 98 5 6|2.5 37|3 9 -0 -13 -13
3211 順達|電腦及週|-27 -12 1|96 96 15 35|4.4 209|17 -6 4 15 82
3213 茂訊|電腦及週|-10 8 -8|85 85 -2 22|0.3 33|7 -18 0 -8 100
3217 優群|電子零組|11 12 -14|80 80 -1 -9|0.7 190|3 -2 -8 -18 15
3218 大學光|生技醫療|-4 4 -3|64 78 -8 -18|0.7 58|10 -11 -0 2 8
3219 倚強科|其他電子|-11 32 34|67 67 30 13|0.2 10|1 2 0 -34 -32
3221 台嘉碩|通信網路|4 5 12|85 85 2 9|0.5 21|8 1 0 0 -1
3224 三顧|電子通路|-17 -16 -3|83 83 1 12|0.3 19|1 3 0 -2 -15
3227 原相|半導體業|50 47 -7|93 93 15 11|0.6 434|26 -2 0 22 29
3228 金麗科|半導體業|99 121 69|49 49 -20 -34|1.5 252|8 3 0 -3 206
3229 晟鈦|電子零組|3 10 16|80 80 85 84|1.5 15|0 -1 0 na na
3230 錦明|光電業|-41 -49 -27|100 100 90 148|1.4 50|2 1 0 0 na
3231 緯創|電腦及週|9 17 15|63 76 -12 -12|0.7 3000|23 -3 2 -3 9
3234 光環|通信網路|-4 -5 3|72 72 -15 47|0.3 71|2 -1 0 -2 na
3257 虹冠電|半導體業|-26 -18 -140|62 76 -15 -23|0.8 14|2 -17 0 -4 29
3260 威剛|半導體業|29 47 13|81 81 -11 3|0.3 424|11 -13 -2 -11 112
3264 欣銓|半導體業|-7 -3 2|79 79 -6 -8|0.8 246|20 4 -12 -5 -23
3265 台星科|半導體業|1 14 4|80 80 -14 -3|0.4 169|3 -10 -3 3 32
3266 昇陽|建材營造|-82 149 -178|90 90 -2 38|0.4 16|9 4 0 -30 -21
3284 太普高|其他|76 55 31|100 100 67 187|2.0 53|4 1 0 42 -6
3285 微端|其他電子|3 9 14|87 87 16 17|0.4 9|12 -2 0 -21 221
3287 廣寰科|電腦及週|-21 45 -22|71 71 -13 -4|0.1 15|1 -2 0 -11 -34
3289 宜特|其他電子|9 8 7|89 89 6 50|0.3 181|14 2 -4 -6 -14
3290 東浦|電子零組|12 2 3|90 90 18 25|1.0 46|7 5 0 3 -15
3293 鈊象|文化創意|33 31 7|90 90 52 91|3.1 2403|26 -12 -1 55 188
3294 英濟|電子零組|19 19 13|57 57 -11 52|0.6 71|7 -0 0 -2 15
3296 勝德|電子零組|25 26 36|81 81 2 10|0.4 32|6 -0 0 -33 -24
3297 杭特|光電業|-3 15 -1|74 74 51 53|0.4 43|2 -1 0 -50 26
3303 岱稜|其他電子|20 31 17|100 100 37 69|0.7 47|10 5 -0 -17 36
3305 昇貿|其他電子|32 31 30|93 93 16 14|0.3 119|10 2 2 -1 9
3306 鼎天|通信網路|-26 -11 -13|83 84 6 12|0.1 42|1 -0 0 -5 -25
3308 聯德|電子零組|-100 -81 -56|38 62 3 -25|0.2 5|1 1 0 -3 19
3312 弘憶股|電子通路|11 22 17|76 76 68 244|0.6 1772|3 -0 0 -17 17
3313 斐成|建材營造|na na na|85 85 13 107|0.5 46|0 0 0 7 36
3317 尼克森|半導體業|-4 1 -4|81 92 0 -5|0.4 10|5 -4 0 -3 17
3321 同泰|電子零組|24 32 -2|89 89 26 65|1.3 25|3 2 0 na na
3322 建舜電|電子零組|-5 30 15|75 75 -6 -6|1.1 22|3 1 0 -3 -30
3323 加百裕|電腦及週|-48 -26 7|81 83 10 -4|0.4 15|3 0 0 19 24
3324 雙鴻|其他電子|99 65 48|71 71 -16 89|0.8 4148|17 -5 -2 -8 1
3325 旭品|電腦及週|-42 -30 -62|64 64 -12 -24|0.5 20|1 5 0 -9 -6
3338 泰碩|電子零組|4 21 14|93 93 20 43|0.5 330|6 -1 0 -1 27
3339 泰谷|光電業|22 43 26|82 82 11 84|0.7 74|4 -8 0 13 63
3346 麗清|汽車工業|10 27 0|73 77 -5 -17|0.8 49|2 -9 0 -2 23
3354 律勝|電子零組|39 30 13|66 66 -8 -16|0.5 5|1 -1 0 -15 14
3356 奇偶|光電業|-18 -12 -9|87 87 14 51|0.2 91|10 1 0 -17 7
3357 臺慶科|電子零組|26 25 24|92 92 3 25|0.5 90|14 2 0 -17 31
3360 尚立|電子通路|-31 -36 11|70 70 8 -10|0.2 9|4 6 0 2 2
3362 先進光|光電業|-0 4 -17|84 84 19 33|0.5 564|2 1 0 -6 -19
3363 上詮|通信網路|7 30 31|88 88 31 146|0.2 176|3 0 0 -3 13
3372 典範|半導體業|9 17 3|78 78 20 46|0.2 47|2 0 0 -5 -2
3374 精材|半導體業|18 16 12|100 100 119 101|1.5 3238|9 -1 5 19 92
3376 新日興|電子零組|44 50 22|82 82 29 62|1.0 1925|22 -1 1 -2 -36
3379 彬台|電機機械|21 130 92|98 98 223 195|0.2 60|1 -0 0 26 56
3380 明泰|通信網路|-24 -27 5|77 87 4 -13|0.5 76|5 -3 0 8 -1
3390 旭軟|電子零組|40 40 27|82 82 15 18|0.2 19|7 12 0 -20 -44
3402 漢科|其他電子|31 34 16|81 81 1 33|0.5 103|3 -1 0 -13 -25
3406 玉晶光|光電業|35 96 47|80 80 17 34|0.7 1432|37 -2 0 -20 35
3413 京鼎|半導體業|20 13 22|81 81 8 51|0.7 789|40 1 1 -26 -39
3416 融程電|電腦及週|-10 9 9|84 84 -10 -6|0.7 35|4 -12 0 17 12
3419 譁裕|通信網路|25 19 38|94 94 13 8|0.4 18|4 8 0 -3 -8
3430 奇鈦科|化學工業|7 23 18|98 98 19 33|0.6 12|5 4 0 -5 -4
3432 台端|電子零組|133 76 41|84 84 30 61|0.2 6|5 1 0 -15 na
3437 榮創|光電業|3 10 -11|66 66 -4 -10|0.5 46|5 3 0 12 7
3438 類比科|半導體業|14 1 -11|87 87 5 6|0.7 31|2 3 0 4 -31
3441 聯一光電|光電業|16 3 12|87 92 1 2|0.3 12|2 4 0 -1 -34
3443 創意|半導體業|10 1 6|60 68 -15 -25|1.5 3223|25 -3 -5 6 2
3444 利機|電子通路|10 16 5|80 80 -6 14|1.2 45|11 3 0 -31 11
3450 聯鈞|半導體業|22 32 30|89 89 106 120|0.7 3402|14 -1 0 -14 66
3454 晶睿|光電業|-28 -34 -4|65 81 -6 -19|1.1 45|2 -4 -0 -5 37
3455 由田|光電業|10 4 25|88 88 36 65|0.3 192|11 -1 0 -2 39
3466 德晉|通信網路|-85 -82 -9|80 80 45 239|0.4 86|8 2 0 -11 21
3479 安勤|電腦及週|5 -3 5|82 82 -11 -11|0.6 44|4 2 0 2 10
3481 群創|光電業|-3 4 -8|89 91 13 -9|1.2 2484|24 6 -0 -4 -79
3483 力致|電腦及週|11 8 -11|75 75 10 11|0.2 454|3 -1 -0 -14 -15
3484 崧騰|電子零組|27 24 33|87 87 2 16|0.6 15|10 11 0 -23 8
3489 森寶|建材營造|94 79 57|100 100 40 117|1.7 22|3 6 0 19 8
3490 單井|光電業|8 -1 25|83 83 28 32|0.2 64|2 -2 0 -27 10
3491 昇達科|通信網路|105 76 62|95 95 54 93|1.3 555|18 -5 5 19 -11
3492 長盛|電子零組|-20 6 1|73 73 32 27|1.4 22|2 0 0 33 16
3498 陽程|其他電子|-49 -37 16|77 77 52 56|0.7 218|1 -1 0 1 18
3499 環天科|通信網路|4 41 7|84 88 9 -8|0.3 7|2 1 0 -3 na
3501 維熹|電子零組|12 16 18|93 93 17 46|0.5 41|13 -1 5 -46 43
3504 揚明光|光電業|-18 -22 5|76 77 3 -19|0.5 22|2 7 0 -20 -12
3508 位速|其他電子|-29 -25 5|88 88 17 5|0.3 7|1 4 0 na na
3511 矽瑪|電子零組|-3 -25 27|83 87 4 -2|0.3 6|0 -1 0 10 1
3512 皇龍|建材營造|-86 -68 -398|84 84 -14 22|0.3 11|2 -5 0 -19 30
3515 華擎|電腦及週|10 29 6|71 71 1 -7|0.5 116|9 -2 -1 -6 15
3516 亞帝歐|光電業|43 26 3|79 79 20 45|0.4 7|1 3 0 -1 -5
3518 柏騰|其他電子|-24 -7 -11|94 99 42 14|5.5 72|4 -0 0 49 67
3520 華盈|電子零組|38 45 38|84 84 27 7|0.3 63|5 2 0 -13 -59
3522 御嵿|觀光餐旅|56 6 -9|100 100 35 30|5.3 5|1 0 0 na na
3526 凡甲|電子零組|5 32 5|92 92 2 24|1.1 54|20 -8 -5 -9 -9
3527 聚積|半導體業|28 16 16|76 82 -5 -12|1.0 10|6 -11 0 14 -6
3529 力旺|半導體業|42 30 10|70 70 1 -14|0.8 1118|60 4 1 -12 1
3530 晶相光|半導體業|39 15 7|70 70 1 -10|0.4 27|41 5 0 -4 -23
3532 台勝科|半導體業|-16 -11 3|84 87 -7 -2|0.5 140|48 -8 1 3 -10
3533 嘉澤|電子零組|19 30 24|85 85 1 52|1.3 1504|48 -1 -3 28 -15
3535 晶彩科|光電業|1673 767 626|98 98 245 245|1.0 538|2 -1 0 -1 -12
3537 堡達|電子零組|13 2 -11|91 91 53 80|0.4 137|3 1 0 -5 13
3540 曜越|電腦及週|-15 -13 -24|75 75 4 3|0.2 23|2 -1 0 -8 22
3545 敦泰|半導體業|12 -3 -23|64 78 -2 -15|0.7 180|17 -8 0 1 16
3546 宇峻|文化創意|17 2 6|96 96 10 17|0.5 23|13 1 0 -26 4
3548 兆利|電子零組|3 17 -33|61 61 -16 -13|0.6 185|3 4 0 -12 -20
3551 世禾|綠能環保|11 11 11|75 75 -8 7|0.5 34|7 2 0 -6 -30
3552 同致|其他電子|-21 -12 -19|65 74 -13 -24|0.8 28|12 -1 0 -6 -1
3556 禾瑞亞|半導體業|-14 -19 -6|80 81 -0 -14|0.6 6|4 -7 0 1 14
3557 嘉威|居家生活|22 24 11|100 100 9 36|0.5 19|8 15 0 3 3
3558 神準|通信網路|-51 -38 -10|54 69 -8 -32|0.5 28|1 9 0 -13 -15
3563 牧德|光電業|-45 -46 -7|72 72 -21 29|1.0 305|9 -1 -2 -14 5
3564 其陽|通信網路|33 14 28|72 72 34 97|0.3 117|2 1 0 -2 3
3567 逸昌|半導體業|-28 -20 -35|78 86 -10 -6|0.5 7|5 -17 0 -2 35
3570 大塚|資訊服務|23 32 21|100 100 14 16|0.5 10|45 2 0 na na
3576 聯合再生|光電業|-40 -52 4|70 85 10 -2|0.3 173|10 -3 0 -4 23
3580 友威科|其他電子|-39 14 26|98 98 93 78|2.6 1087|2 -0 0 12 46
3581 博磊|半導體業|-14 5 11|74 74 47 45|0.5 61|9 -0 0 -40 19
3583 辛耘|半導體業|58 47 14|93 93 20 99|1.2 2940|17 1 0 -22 6
3587 閎康|其他電子|6 5 -4|87 87 1 11|0.6 165|11 -7 7 -18 23
3588 通嘉|半導體業|44 43 16|65 65 -12 -10|0.5 67|8 1 0 -5 4
3591 艾笛森|光電業|53 41 16|83 83 9 5|0.5 48|7 -1 1 -4 80
3592 瑞鼎|半導體業|28 36 -1|76 76 -14 1|0.4 163|24 -18 2 -2 24
3593 力銘|電子零組|21 6 9|89 89 71 90|0.8 10|0 -0 0 na na
3594 磐儀|電腦及週|-14 -17 3|83 83 6 6|0.2 81|1 -0 0 -5 10
3596 智易|通信網路|-4 0 -7|75 75 -13 -13|0.5 268|20 -15 -2 3 -29
3597 映興|電子零組|-7 -2 27|85 85 6 13|0.9 9|0 -0 0 -19 -22
3605 宏致|電子零組|16 19 20|93 93 24 32|0.5 58|20 15 0 -22 -19
3607 谷崧|電子零組|63 31 26|90 90 22 18|0.7 35|9 3 0 -4 -46
3609 三一東林|電子零組|-47 -51 -22|94 94 9 43|0.6 17|3 9 0 -34 -16
3611 鼎翰|電腦及週|-21 -4 -4|78 84 -10 -10|1.0 18|11 -14 2 -2 35
3615 安可|光電業|-16 -4 -9|77 77 14 -10|0.2 35|2 0 0 -31 -10
3617 碩天|其他電子|6 5 2|89 89 -6 41|0.4 161|8 -7 -3 -19 16
3622 洋華|光電業|3 19 -22|76 76 13 15|0.2 108|4 2 0 -34 -24
3623 富晶通|光電業|-26 -22 -17|52 60 -5 -36|0.4 9|1 -2 0 -6 6
3624 光頡|電子零組|8 8 16|91 94 6 7|1.3 46|42 7 0 4 -38
3628 盈正|其他電子|17 4 12|90 90 -4 9|0.6 7|2 -1 0 -5 -5
3630 新鉅科|光電業|43 34 -9|77 83 -2 -13|0.7 19|35 -8 0 6 43
3645 達邁|電子零組|37 34 -13|90 95 4 9|1.2 62|13 9 0 -1 -54
3652 精聯|電腦及週|3 2 5|91 91 63 63|0.6 57|1 -1 0 11 114
3653 健策|電子零組|14 20 16|86 86 26 56|1.0 1005|23 -2 0 18 -39
3661 世芯-KY|半導體業|101 72 -23|58 58 -9 -34|0.9 7272|52 2 1 -10 30
3663 鑫科|其他電子|165 101 65|98 98 86 124|4.7 849|2 0 0 12 94
3665 貿聯-KY|其他電子|-0 1 6|100 100 87 83|0.9 1707|42 -12 13 -22 -13
3666 光耀|光電業|-5 -8 -21|88 88 -4 51|0.3 15|1 -3 0 -13 27
3669 圓展|通信網路|-9 4 6|83 83 4 10|0.3 12|4 -2 0 -10 36
3673 TPK-KY|光電業|47 18 29|85 85 21 26|0.7 690|38 -0 0 43 42
3675 德微|半導體業|50 40 33|81 81 7 26|1.0 263|58 -1 -3 -18 -19
3679 新至陞|電子零組|19 11 2|94 94 2 43|1.9 16|11 4 1 12 15
3680 家登|半導體業|103 80 47|89 89 25 27|0.7 828|23 16 1 -46 -43
3686 達能|半導體業|1175 502 33|92 92 64 127|1.4 87|2 -3 0 na na
3687 歐買尬|數位雲端|6 7 4|80 80 -4 -12|0.2 16|4 -2 0 2 -34
3689 湧德|電子零組|-20 -23 -15|89 89 27 40|0.7 526|7 2 -0 -11 -40
3691 碩禾|光電業|311 309 205|73 73 -20 32|0.4 170|4 6 2 -19 -28
3693 營邦|電腦及週|-5 14 -21|61 81 26 -12|0.5 178|3 -3 0 -13 5
3694 海華|通信網路|-10 -6 0|77 77 1 -19|0.2 42|4 -1 -0 -2 -7
3701 大眾控|電腦及週|-4 8 -2|59 65 -18 -20|0.6 18|4 13 0 -11 -14
3702 大聯大|電子通路|30 33 18|88 88 -3 0|0.7 722|30 -17 27 -7 45
3703 欣陸|建材營造|8 7 -1|90 90 -7 32|0.6 114|22 19 -10 -16 -46
3704 合勤控|通信網路|-6 -9 11|64 74 -9 -23|0.5 42|12 -2 -1 -5 -13
3705 永信|生技醫療|11 17 7|96 96 7 15|0.9 18|13 12 1 1 -5
3706 神達|電腦及週|58 43 42|78 78 3 2|0.5 512|11 -0 -2 -2 -1
3707 漢磊|半導體業|-23 -23 -0|73 83 -7 -4|0.9 157|9 -1 -0 -8 6
3708 上緯投控|綠能環保|10 12 17|74 74 -26 21|0.5 351|9 -1 -6 -14 -2
3710 連展投控|電子零組|11 20 3|89 89 12 11|0.6 44|4 0 0 na na
3711 日月光投控|半導體業|0 3 9|79 79 4 12|1.6 3129|77 -20 7 155 -8
3712 永崴投控|電腦及週|109 85 16|88 88 37 39|0.5 477|3 -7 1 13 28
3713 新晶投控|綠能環保|-80 -41 -6|78 78 18 5|1.1 10|0 -0 0 na na
3714 富采|光電業|10 13 7|81 87 -3 -2|0.4 90|16 13 -0 -8 -23
3715 定穎投控|電子零組|3 16 na|54 69 -9 -25|2.0 346|10 -2 -0 -11 33
4104 佳醫|生技醫療|11 7 0|96 96 -3 7|0.7 11|4 -5 0 -16 -1
4105 東洋|生技醫療|9 12 3|90 95 -4 -0|1.3 44|15 -10 1 -7 19
4107 邦特|生技醫療|16 10 7|99 99 9 19|1.0 20|11 -8 0 5 -3
4108 懷特|生技醫療|13 11 -12|81 83 -3 -10|0.8 6|1 -1 0 na na
4109 加捷生醫|生技醫療|157 76 29|85 85 26 60|0.7 264|4 1 0 12 23
4111 濟生|生技醫療|1 6 9|85 85 5 6|0.2 8|2 2 0 -16 23
4113 聯上|建材營造|648940 218755 128708|87 87 11 81|1.1 126|2 0 0 -1 47
4114 健喬|生技醫療|-17 2 -3|99 100 7 10|1.3 53|8 7 0 -4 -2
4119 旭富|生技醫療|105 41 26|90 97 4 -3|0.6 15|7 17 0 20 -7
4120 友華|生技醫療|-17 -3 1|92 92 17 32|0.3 10|7 2 0 -22 0
4123 晟德|生技醫療|19 33 -21|86 86 15 9|0.7 327|11 10 0 -13 -27
4126 太醫|生技醫療|-11 -4 3|95 95 -0 6|0.7 9|13 2 -4 2 -23
4127 天良|生技醫療|-39 -24 -10|76 76 -14 145|0.2 15|3 5 0 -22 1
4128 中天|生技醫療|10 11 6|72 84 -2 -15|2.0 82|5 -3 0 4 20
4129 聯合|生技醫療|15 22 -0|87 87 -3 -3|0.5 64|14 -17 -1 -16 24
4130 健亞|生技醫療|-11 -9 -15|81 88 -3 -9|1.0 5|1 -7 0 -10 7
4137 麗豐-KY|生技醫療|-8 -9 -19|74 74 -14 -20|1.4 26|58 7 -0 7 20
4142 國光生|生技醫療|90 -8 -24|78 91 1 -9|0.9 29|7 3 0 -1 -5
4147 中裕|生技醫療|36 42 -10|73 74 -4 -1|0.7 52|7 -4 0 4 3
4153 鈺緯|生技醫療|-17 -2 11|87 87 20 33|0.3 16|0 1 0 -5 53
4155 訊映|生技醫療|16 50 33|88 96 3 6|0.8 13|2 10 0 3 -21
4157 太景*-KY|生技醫療|-66 39 -38|85 87 -4 -5|0.4 19|4 -18 0 6 23
4160 訊聯基因|生技醫療|8 17 -1|73 73 87 156|0.7 229|1 -0 0 na 3850
4162 智擎|生技醫療|29 87 41|80 86 1 -13|0.8 61|5 3 0 -8 -10
4164 承業醫|生技醫療|-13 14 -6|73 77 -11 -16|0.9 24|22 1 1 -10 6
4167 松瑞藥|生技醫療|-2 65 39|88 88 6 15|0.3 63|12 -4 0 -8 5
4168 醣聯|生技醫療|-100 na na|87 89 11 2|0.6 21|6 6 0 4 -11
4171 瑞基|農業科技|-46 -20 14|71 82 -0 -12|0.5 6|15 -1 0 10 5
4174 浩鼎|生技醫療|1 1367 na|67 87 -1 -10|0.9 42|9 -9 0 10 27
4303 信立|塑膠工業|74 76 82|82 82 -9 153|1.3 132|4 3 0 38 -36
4306 炎洲|塑膠工業|105 66 42|99 99 11 33|1.0 144|12 10 -1 5 -31
4402 郡都開發|紡織纖維|-79 -24 18|100 100 42 208|1.5 27|4 11 0 na na
4420 光明|紡織纖維|42 24 27|97 97 31 68|0.8 6|3 14 0 -20 -13
4438 廣越|紡織纖維|-4 -14 6|93 94 0 1|0.7 7|2 -6 0 -30 2
4503 金雨|電機機械|-8 36 -24|70 80 -9 6|0.2 18|2 -1 0 -15 10
4506 崇友|電機機械|-30 -10 -13|86 86 -6 31|0.6 8|2 0 0 -56 -23
4510 高鋒|電機機械|7 -10 -10|100 100 115 139|2.7 82|5 1 0 41 27
4513 福裕|電機機械|13 -1 5|100 100 70 277|3.1 261|3 1 0 54 26
4526 東台|電機機械|-50 -27 -11|81 81 28 57|1.0 196|6 -4 0 -19 23
4532 瑞智|電機機械|21 38 13|100 100 18 57|1.7 96|23 12 0 -37 21
4533 協易機|電機機械|41 3 15|91 91 27 99|0.2 281|3 1 0 -7 33
4534 慶騰|電機機械|39 25 18|79 79 103 142|0.5 43|2 2 0 na na
4536 拓凱|運動休閒|-5 -7 19|95 95 3 11|0.9 31|17 -12 -2 30 8
4540 全球傳動|電機機械|-17 -22 4|93 93 10 12|0.9 32|4 -1 0 22 28
4542 科嶠|電子零組|-63 26 23|78 78 4 40|0.2 43|4 -1 0 39 60
4543 萬在|電機機械|-28 -10 3|74 74 4 27|0.1 39|7 -1 0 -14 18
4545 銘鈺|電子零組|9 28 34|86 86 80 91|0.7 97|35 -2 0 -1 121
4549 桓達|電機機械|2 2 9|66 66 42 45|0.3 108|3 -1 -3 -22 4
4551 智伸科|汽車工業|-1 1 17|66 82 -5 -11|1.3 15|50 0 -7 -38 -22
4552 力達-KY|電機機械|-24 -23 -22|73 85 -11 -14|0.8 5|44 -5 0 17 2
4555 氣立|電機機械|3 2 11|78 78 -16 -15|1.1 13|1 2 0 -4 21
4557 永新-KY|汽車工業|21 12 -3|82 82 -14 -7|0.5 6|35 -3 0 -25 40
4561 健椿|電機機械|5 31 -1|79 79 42 59|0.2 47|1 0 0 -23 -39
4562 穎漢|電機機械|16 5 10|83 83 206 303|0.5 277|2 -0 0 -26 -10
4563 百德|電機機械|-3 35 8|100 100 41 42|2.2 42|4 -2 0 -13 8
4564 元翎|電機機械|-20 -15 14|99 99 21 18|5.2 29|3 -2 0 1 10
4566 時碩工業|電機機械|22 24 30|81 81 83 82|0.6 1157|9 2 0 -30 135
4571 鈞興-KY|電機機械|39 48 25|84 84 38 60|0.5 79|67 4 0 -21 33
4572 駐龍|電機機械|5 -3 -19|83 92 5 8|0.7 31|2 -5 0 -11 -12
4576 大銀微系統|電機機械|-5 4 20|88 88 7 27|0.6 33|2 10 0 -2 -12
4580 捷流閥業|電機機械|-14 -16 -8|94 94 7 13|0.2 7|4 1 0 -35 -15
4583 台灣精銳|電機機械|-3 7 12|100 100 27 71|1.3 40|2 11 0 80 -42
4588 玖鼎電力|其他電子|-11 -20 na|na 72 -7 na|0.3 45|4 0 0 na na
4707 磐亞|化學工業|140 47 40|96 96 13 30|0.5 25|2 6 0 -34 -5
4714 永捷|化學工業|77 71 72|81 81 5 63|0.7 71|4 4 0 -3 10
4716 大立|化學工業|-3 18 11|89 89 14 59|0.2 27|4 0 0 19 -13
4720 德淵|化學工業|-2 9 6|100 100 46 62|0.9 43|11 1 1 38 -2
4721 美琪瑪|化學工業|-25 -11 23|79 84 -3 -9|0.5 30|2 -1 0 -23 -20
4722 國精化|化學工業|27 29 7|90 90 22 32|0.4 13|5 3 0 -22 19
4726 永昕|生技醫療|152 26 27|92 92 27 49|0.7 297|23 2 0 -7 8
4728 雙美|生技醫療|-10 10 -9|83 83 24 42|0.4 13|15 -17 0 10 12
4729 熒茂|光電業|-11 -16 9|97 97 25 21|4.6 11|1 -1 0 36 14
4735 豪展|生技醫療|19 -1 25|100 100 25 10|1.5 8|0 0 0 -49 15
4736 泰博|生技醫療|-0 -0 29|86 94 3 0|0.5 21|11 4 0 6 -23
4739 康普|化學工業|-20 -24 9|78 90 4 -6|0.5 26|3 2 0 -15 -4
4743 合一|生技醫療|54 59 7|73 91 6 -4|1.3 430|8 5 0 -1 -13
4746 台耀|生技醫療|-2 13 -1|91 91 10 -9|0.9 185|6 11 0 -5 -41
4755 三福化|化學工業|-11 -4 -4|79 79 -10 0|1.5 37|30 0 -3 15 -13
4760 勤凱科技|其他電子|19 24 -22|80 80 17 87|0.4 109|3 -1 1 -26 28
4763 材料*-KY|化學工業|25 35 -104|72 84 18 6|0.9 1250|52 -6 2 2 25
4766 南寶|化學工業|9 14 9|89 89 -4 24|0.5 120|18 -4 3 -7 -41
4768 晶呈科技|化學工業|21 24 40|78 78 -19 28|0.4 125|4 -2 4 -22 48
4770 上品|化學工業|32 10 20|88 88 -2 24|0.5 111|11 -0 4 -4 -18
4771 望隼|生技醫療|6 34 na|na na -21 na|0.6 35|5 -10 0 na na
4903 聯光通|通信網路|228 122 101|91 91 76 71|1.2 58|1 0 0 na na
4904 遠傳|通信網路|18 15 4|95 95 4 9|0.6 903|16 -14 33 65 34
4906 正文|通信網路|34 10 24|96 96 31 26|0.6 709|27 4 0 -0 -7
4907 富宇|建材營造|635919 605115 -50961|100 100 42 146|4.6 27|1 2 0 58 3
4908 前鼎|通信網路|-20 20 -13|72 72 -6 1|0.2 127|2 -1 -0 -17 3
4909 新復興|通信網路|549 420 221|90 90 51 158|0.6 1010|1 -0 0 4 19
4912 聯德控股-KY|電子零組|27 47 24|77 77 -20 22|0.4 32|30 -9 0 -10 -12
4915 致伸|電子零組|-5 -4 12|82 82 -3 42|1.2 366|47 14 -12 -8 -44
4916 事欣科|電腦及週|-18 8 -4|76 86 -0 -5|0.9 42|2 0 0 11 -18
4919 新唐|半導體業|-18 -7 2|74 84 -10 -14|0.8 290|6 7 -17 -11 -8
4927 泰鼎-KY|電子零組|10 0 6|88 100 31 15|0.8 56|14 2 0 72 1
4931 新盛力|電腦及週|8 2 39|73 86 -8 -1|1.0 8|2 -2 0 -8 -25
4933 友輝|光電業|14 10 -31|97 97 21 29|3.5 52|7 -1 0 35 -24
4934 太極|光電業|-80 -72 -15|58 83 -2 -15|0.5 19|1 0 0 -5 -14
4935 茂林-KY|光電業|2 3 16|90 90 -7 21|0.5 7|28 -8 0 -13 -10
4938 和碩|電腦及週|-14 -9 3|87 87 5 25|0.7 935|34 -8 6 -28 -0
4939 亞電|電子零組|-2 10 -2|81 81 0 1|0.6 8|4 -1 0 -0 -4
4942 嘉彰|光電業|-6 -3 4|97 97 0 8|2.0 14|11 -3 0 0 136
4945 陞達科技|半導體業|5 -6 -51|66 66 -4 13|0.3 20|5 -2 0 -3 39
4951 精拓科|半導體業|34 33 22|90 90 15 24|0.4 16|6 2 0 -11 12
4952 凌通|半導體業|34 27 18|79 79 16 14|0.2 61|9 5 0 -17 4
4953 緯致|資訊服務|17 19 4|75 83 -8 -8|0.6 46|6 -0 0 -17 -21
4956 光鋐|光電業|10 15 15|89 89 27 19|0.3 90|13 2 0 -12 26
4958 臻鼎-KY|電子零組|32 38 31|90 90 23 40|0.9 2626|67 3 -3 16 1
4960 誠美材|光電業|1 -0 -17|90 90 21 22|0.4 136|27 2 0 28 -1
4961 天鈺|半導體業|26 16 15|91 93 -4 13|0.5 301|15 -15 9 -4 46
4966 譜瑞-KY|半導體業|28 22 9|59 59 -3 -30|0.6 1179|48 -3 -5 3 -14
4967 十銓|半導體業|49 53 -68|70 70 20 58|0.3 937|6 -2 0 -8 87
4968 立積|半導體業|34 37 21|87 87 18 23|1.1 1153|18 -1 4 -45 20
4971 IET-KY|半導體業|-16 24 15|80 80 -15 -5|0.2 6|17 -7 0 -5 19
4973 廣穎電通|半導體業|-9 -4 -4|80 80 -2 20|0.2 20|5 -7 0 -12 33
4974 亞泰|電子零組|25 9 19|93 93 10 22|1.2 31|9 8 0 187 1
4976 佳凌|光電業|32 28 32|77 77 9 19|0.3 127|3 -2 0 -3 21
4977 眾達-KY|通信網路|-39 -57 16|85 88 6 7|0.5 114|22 4 0 -9 -31
4979 華星光|通信網路|8 49 -42|54 62 -11 -25|0.6 332|7 -1 0 -11 0
4991 環宇-KY|半導體業|-30 92 52|77 77 26 29|0.7 7|5 10 0 -3 67
4994 傳奇|資訊服務|-8 -11 -14|77 77 -16 75|0.2 17|4 -5 -3 -9 101
4995 晶達|光電業|30 30 20|88 88 40 68|0.4 14|3 0 0 1 65
5009 榮剛|鋼鐵工業|-12 -7 -6|90 90 -7 11|0.7 174|9 -2 6 -1 17
5011 久陽|鋼鐵工業|7 7 8|94 96 1 4|0.5 9|3 2 0 -13 -22
5014 建錩|鋼鐵工業|-8 5 9|96 96 25 22|0.4 9|4 0 0 -16 -10
5202 力新|資訊服務|98 23 6|88 88 27 47|0.5 49|2 -1 0 3 63
5203 訊連|資訊服務|16 19 4|92 92 16 12|1.0 37|15 14 0 -6 -22
5206 坤悅|建材營造|na na na|100 100 41 96|3.0 10|7 1 0 64 -28
5209 新鼎|其他|5 5 -38|88 88 -5 9|0.7 9|1 -7 1 na 9
5210 寶碩|資訊服務|-34 -20 -17|37 42 -22 -48|0.3 11|2 6 0 na na
5213 亞昕|建材營造|90 116 -1062|96 96 1 53|2.7 118|1 2 0 218 34
5215 科嘉-KY|電腦及週|-9 10 -19|64 78 -5 -14|0.6 5|26 -1 0 -1 -36
5222 全訊|半導體業|7 5 -15|89 89 -3 4|0.7 62|4 -0 0 8 3
5225 東科-KY|其他電子|36 22 12|91 91 9 89|0.7 268|54 10 -0 -4 -24
5227 立凱-KY|電子零組|-47 -38 -16|60 76 3 -21|0.5 6|12 3 0 na na
5230 雷笛克光學|光電業|32 33 12|78 78 5 41|0.1 37|3 -1 0 -18 3
5234 達興材料|光電業|-21 -8 -24|81 81 -4 31|1.0 211|3 -3 8 -30 35
5236 凌陽創新|半導體業|-4 1 -47|82 92 18 9|1.0 111|3 -8 0 12 155
5243 乙盛-KY|光電業|15 1 17|89 89 13 13|0.3 132|49 2 2 -35 -4
5244 弘凱|光電業|-3 10 1|84 90 13 -8|0.7 6|3 -7 0 20 12
5251 天鉞電|光電業|43 93 60|77 77 -0 63|0.2 22|24 3 0 -21 3
5258 虹堡|電腦及週|-12 -4 -2|86 87 2 9|0.6 88|3 -4 0 2 6
5263 智崴|文化創意|33 32 12|97 97 51 67|1.0 161|16 -3 0 45 125
5269 祥碩|半導體業|6 38 -7|64 64 -14 -9|0.8 1732|30 -2 -8 -4 -30
5272 笙科|半導體業|-14 10 -10|73 73 -2 -7|0.4 30|2 -3 0 7 29
5274 信驊|半導體業|123 99 78|84 84 27 44|0.9 1469|56 0 0 78 5
5283 禾聯碩|電器電纜|-22 -2 2|91 91 -8 -3|0.6 13|1 -6 0 152 41
5284 jpp-KY|其他|-17 -16 -20|53 53 -17 -6|0.3 48|57 -5 0 -9 11
5285 界霖|半導體業|-1 1 9|75 92 -3 -4|0.5 9|1 5 0 -1 0
5287 數字|數位雲端|6 6 -1|96 96 -2 0|1.6 8|20 -26 0 131 57
5288 豐祥-KY|電機機械|19 9 15|96 96 11 25|0.4 8|61 7 -3 7 5
5289 宜鼎|電腦及週|21 14 18|87 87 3 -4|0.4 152|27 -1 -4 -15 -13
5292 華懋|綠能環保|13 14 na|na 91 17 29|0.5 35|4 -10 0 10 900
5299 杰力|半導體業|16 -4 -10|81 84 7 -11|0.5 16|2 4 0 -5 -13
5302 太欣|半導體業|17 16 -2|81 81 22 16|0.3 9|1 1 0 na na
5306 桂盟|運動休閒|11 11 28|96 97 6 17|1.9 26|18 21 1 28 12
5309 系統電|電子零組|6 3 6|99 99 28 26|1.5 396|2 -1 0 63 34
5310 天剛|資訊服務|-89 -81 -376|95 95 26 128|2.1 15|2 2 0 na na
5312 寶島科|生技醫療|2 3 -4|92 92 -2 19|0.4 6|10 -8 0 -22 54
5314 世紀*|其他|1700 na na|46 46 -26 30|0.4 31|1 3 0 -11 -8
5324 士開|建材營造|13 19 -18|92 92 -3 39|0.9 10|7 18 0 na na
5328 華容|電子零組|-40 -28 -7|86 86 14 8|0.5 101|1 -0 0 -5 28
5340 建榮|電子零組|84 83 40|62 73 -12 -18|0.2 46|50 -2 -3 -9 13
5347 世界|半導體業|31 13 9|86 86 32 60|0.7 1769|13 -5 13 30 7
5351 鈺創|半導體業|62 38 23|75 79 -11 -16|0.5 112|9 -5 0 1 21
5353 台林|通信網路|-18 -16 -8|80 80 4 -1|0.2 5|1 3 0 -2 14
5355 佳總|電子零組|25 6 9|91 91 15 17|0.3 7|1 4 0 na na
5356 協益|電腦及週|51 31 19|96 96 8 28|0.4 16|5 -1 0 -1 5
5364 力麗店|觀光餐旅|-22 -28 -31|100 100 57 46|5.2 9|1 0 0 na na
5371 中光電|光電業|1 4 11|65 65 -15 11|0.3 362|16 2 -9 -13 -31
5381 光譜|電機機械|0 -5 -293|79 79 -9 11|0.5 37|0 -0 0 na na
5386 青雲|電腦及週|-19 -12 -32|78 78 2 40|0.4 37|1 -2 0 13 3
5388 中磊|通信網路|-13 -13 -3|79 79 -6 -8|0.7 337|17 -29 12 -3 40
5392 能率|光電業|-2 7 4|81 81 30 47|0.2 80|3 -0 0 -7 11
5403 中菲|資訊服務|34 14 0|87 87 -4 2|0.3 12|6 10 0 -12 -6
5410 國眾|資訊服務|-25 20 32|94 94 7 16|0.6 13|6 -9 0 -8 -24
5425 台半|半導體業|-17 -4 5|70 80 -6 -17|1.1 136|9 -0 -0 -13 -18
5426 振發|電腦及週|11 5 27|76 76 1 -23|0.2 133|1 -1 0 -4 7
5432 新門|綠能環保|-28 -34 -40|89 89 89 113|0.4 217|2 -2 0 14 -7
5434 崇越|電子通路|12 14 16|93 93 9 48|0.6 265|26 7 1 -10 -28
5439 高技|電子零組|-12 -9 -22|61 73 0 -12|0.5 159|2 1 1 -25 -9
5443 均豪|半導體業|42 38 34|95 95 91 206|2.7 3214|5 -1 -0 10 22
5452 佶優|其他電子|10 8 6|83 83 56 58|0.5 249|7 -0 0 -14 38
5457 宣德|電子零組|7 15 10|75 75 -14 -12|0.4 25|38 -0 0 -8 -14
5465 富驊|電腦及週|-42 -28 -33|66 67 -16 -20|0.6 10|0 7 0 -13 -7
5469 瀚宇博|電子零組|0 -4 4|77 77 -5 -9|0.6 211|13 10 -28 5 -58
5471 松翰|半導體業|3 10 -2|85 90 -3 -9|0.7 23|14 -9 -0 24 24
5474 聰泰|電腦及週|-16 17 -1|78 78 30 33|0.5 217|2 -0 0 -16 36
5475 德宏|電子零組|-3 22 38|83 83 43 22|0.3 17|1 -2 0 na na
5478 智冠|文化創意|5 5 4|69 85 -12 -6|0.5 33|22 -16 1 -15 15
5483 中美晶|半導體業|-5 -2 2|85 85 3 6|1.0 950|19 0 16 -24 -36
5484 慧友|光電業|118 94 79|70 70 211 208|0.7 67|2 -0 0 na na
5488 松普|電子零組|-22 -33 9|69 69 3 0|0.3 8|3 3 0 -38 1
5490 同亨|電腦及週|171 124 55|82 82 11 25|0.2 20|4 2 0 11 39
5493 三聯|其他電子|35 27 12|79 79 -9 60|0.1 26|2 1 0 -2 4
5498 凱崴|電子零組|19 30 30|85 85 14 30|0.2 55|4 7 0 -16 -13
5508 永信建|建材營造|38 72 -226|97 97 36 239|1.2 865|4 1 5 -16 -18
5511 德昌|建材營造|-8 -16 -25|74 80 -14 -10|0.4 23|1 -4 0 38 16
5512 力麒|建材營造|-72 -43 -52|95 95 3 48|1.2 130|7 -0 0 31 17
5515 建國|建材營造|53 39 34|85 85 -3 42|2.0 48|12 11 0 -7 -37
5519 隆大|建材營造|-2 -15 -252|100 100 17 109|1.7 244|8 4 2 28 1
5521 工信|建材營造|35 21 -8|87 88 -8 3|1.4 64|5 11 0 16 -10
5522 遠雄|建材營造|141 967 732|92 92 2 57|0.7 229|6 -3 11 1 24
5525 順天|建材營造|420 110 -173|100 100 15 68|3.2 10|2 12 0 23 -27
5529 鉅陞|建材營造|-6 -7 -42|95 95 12 90|1.6 30|3 9 0 55 -20
5530 龍巖|其他|-18 -6 -13|91 91 19 36|0.5 55|56 -4 0 14 45
5531 鄉林|建材營造|-13 -29 -56|85 85 -13 16|0.8 29|4 17 0 -30 -16
5533 皇鼎|建材營造|-50 -76 -206|88 88 -12 6|1.1 17|6 6 0 5 -3
5534 長虹|建材營造|586 335 -147|100 100 7 94|1.5 418|14 -0 7 19 1
5536 聖暉*|其他電子|32 20 24|92 92 21 38|0.5 116|20 6 1 -12 -28
5603 陸海|航運業|8 21 26|97 97 22 23|0.5 12|7 -1 0 -1 -9
5607 遠雄港|航運業|24 22 14|88 88 -2 2|0.9 73|3 17 -0 -19 -43
5608 四維航|航運業|-1 -7 19|80 80 -0 0|0.1 41|4 -1 0 -14 1
5609 中菲行|航運業|45 28 38|94 94 1 10|0.3 20|18 6 0 -29 -24
5706 鳳凰|觀光餐旅|16 69 -713|79 82 -13 -1|0.2 52|3 -6 0 -4 11
5864 致和證|金融業|-47 -32 22|77 94 -5 30|0.5 18|2 -0 0 -11 30
5871 中租-KY|其他|5 7 -2|79 89 -8 -10|0.5 1240|56 -17 10 -28 14
5876 上海商銀|金融保險|7 4 1|89 89 -9 -4|1.0 502|55 -1 18 -20 -5
5880 合庫金|金融保險|1 5 -3|98 100 2 6|0.9 312|17 21 4 -19 -28
5903 全家|居家生活|4 6 -2|91 98 2 3|1.1 10|51 -10 0 19 30
5904 寶雅|居家生活|9 7 -4|96 98 8 4|0.8 103|24 1 20 -9 -12
5905 南仁湖|觀光餐旅|-4 -4 0|100 100 46 43|1.4 47|3 4 0 38 10
6005 群益證|金融保險|50 59 1|88 88 -12 47|0.6 361|17 8 -11 1 -54
6015 宏遠證|金融業|-7 47 -52|92 92 -8 22|0.7 34|3 -15 0 28 22
6016 康和證|金融業|-30 203 443|89 89 -2 21|0.9 48|5 -7 0 -21 56
6021 美好證|金融業|87 55 -51|79 79 17 54|1.1 12|7 3 0 284 30
6023 元大期貨|金融業|29 41 32|92 92 7 52|0.5 18|1 -19 23 -43 78
6024 群益期|金融保險|4 64 49|93 93 -1 17|0.8 23|4 -9 6 -17 83
6026 福邦證|金融業|232 -84 -725|88 88 -7 18|0.6 36|3 -10 0 -16 25
6101 寬魚國際|文化創意|199 680 -103853|95 95 -3 12|1.1 7|1 1 0 44 100
6104 創惟|半導體業|21 16 -3|69 74 -3 -11|0.7 86|8 5 0 3 -13
6108 競國|電子零組|-10 -10 -3|78 78 -7 -16|0.5 6|5 -7 0 7 -4
6111 光聚晶電|文化創意|32 22 -59|78 84 -8 -15|0.4 60|10 -10 0 3 118
6112 邁達特|資訊服務|-15 -11 -15|80 84 7 -10|0.4 97|1 3 0 -8 -13
6113 亞矽|電子通路|-28 -40 -7|62 62 -15 -17|0.3 9|1 3 0 -12 4
6115 鎰勝|電子零組|24 26 21|92 92 -1 19|0.7 12|6 -12 1 1 -14
6117 迎廣|電腦及週|23 44 10|76 76 45 65|0.4 655|1 -2 0 3 8
6118 建達|電子通路|19 10 11|77 90 3 -7|0.6 7|1 -3 0 -2 2
6120 達運|光電業|-1 16 -43|76 78 -7 -9|0.5 55|6 -0 0 -2 -2
6121 新普|電腦及週|-7 -4 3|68 68 -12 -5|1.3 413|33 4 -4 12 -48
6122 擎邦|電機機械|-12 -19 -84|73 78 -8 -9|0.4 23|2 -1 0 -8 7
6123 上奇|資訊服務|-0 9 7|83 83 -10 -5|0.8 7|3 -6 0 -4 67
6125 廣運|電機機械|-72 -55 -22|79 79 19 87|0.5 1307|5 0 0 20 14
6126 信音|電子零組|11 10 11|94 94 22 23|1.3 271|2 -1 0 -6 11
6127 九豪|電子零組|25 17 -6|87 87 22 15|0.7 162|3 1 0 4 -7
6128 上福|電腦及週|-2 6 5|87 87 -6 13|0.5 7|6 -16 0 52 3
6129 普誠|半導體業|-21 -25 2|74 80 -2 -18|0.7 17|1 2 0 1 -4
6130 上亞科技|生技醫療|62 6 -91|96 96 25 29|0.9 7|0 -2 0 na na
6133 金橋|電子零組|56 43 51|86 86 52 37|1.3 31|3 1 0 -43 na
6134 萬旭|電子零組|46 45 52|82 82 5 7|0.4 8|24 1 0 -12 0
6136 富爾特|通信網路|2 -6 -5|90 90 2 6|0.7 6|5 2 0 4 -20
6138 茂達|半導體業|11 11 -17|77 77 -13 -12|0.6 99|15 -3 -5 -3 1
6139 亞翔|其他電子|57 94 -7|65 65 -7 48|0.5 1615|17 -5 1 -25 46
6140 訊達電腦|資訊服務|-42 9 18|63 68 9 -35|0.2 21|2 4 0 -5 -3
6142 友勁|通信網路|-46 -65 5|89 89 13 8|0.5 13|2 0 0 na na
6143 振曜|通信網路|11 20 22|86 86 -0 40|0.4 139|10 5 -11 -1 -37
6146 耕興|其他電子|0 -3 3|84 84 -3 5|0.5 82|34 20 0 -22 -5
6147 頎邦|半導體業|-5 -6 0|86 86 -12 -6|1.0 332|17 7 -8 -2 -18
6148 驊宏資|資訊服務|47 -33 -53|62 77 -13 -18|0.6 6|2 2 0 -3 -9
6150 撼訊|電腦及週|6 6 -45|67 76 0 -11|1.3 34|2 -2 0 5 10
6151 晉倫|其他電子|20 31 26|87 87 19 24|1.5 46|1 0 0 643 105
6152 百一|通信網路|21 37 66|84 84 61 47|0.6 70|7 1 0 na na
6153 嘉聯益|電子零組|-17 -29 2|93 93 20 14|0.6 112|11 1 0 11 17
6155 鈞寶|電子零組|14 1 21|88 88 7 8|0.6 16|9 1 0 -7 45
6156 松上|電子零組|32 35 33|98 99 19 10|0.9 28|12 14 0 -5 -11
6160 欣技|電腦及週|-18 -6 11|78 78 30 28|0.2 30|3 -1 0 1 2
6161 捷波|電腦及週|16 16 14|80 80 23 31|0.1 28|4 1 0 -9 -13
6163 華電網|資訊服務|10 74 70|93 93 24 32|0.7 115|5 0 0 -5 -8
6164 華興|光電業|17 17 13|83 83 4 16|0.4 19|15 5 0 -4 -1
6165 浪凡|數位雲端|2 4 7|68 68 -9 -2|0.4 12|4 -1 0 -3 22
6166 凌華|電腦及週|-24 -13 3|88 88 21 24|0.3 69|11 -3 0 -3 15
6167 久正|光電業|-61 -57 -19|80 80 -1 -9|0.4 9|4 -0 0 -3 10
6168 宏齊|光電業|1 5 7|78 78 -4 -11|0.3 16|4 1 0 4 -7
6170 統振|通信網路|35 36 6|85 88 -3 0|0.5 33|4 -12 0 -2 -15
6171 大城地產|建材營造|-100 12394 na|100 100 24 110|1.1 6|1 2 0 -34 6
6173 信昌電|電子零組|4 0 -3|89 89 10 16|0.4 72|1 -2 0 -6 23
6175 立敦|電子零組|11 15 4|97 97 12 24|1.5 45|20 7 0 32 -1
6176 瑞儀|光電業|14 2 12|83 83 -13 31|1.0 652|31 -2 5 -3 -36
6177 達麗|建材營造|873 1244 -538|99 99 6 113|1.9 599|9 3 2 27 -2
6179 亞通|其他|-13 -8 -14|85 85 -1 -4|0.4 108|3 -0 0 10 -13
6180 橘子|文化創意|19 16 16|91 91 2 9|0.6 84|37 3 0 -15 -7
6182 合晶|半導體業|-6 -12 12|79 90 -2 -8|0.5 101|11 14 -2 -9 -34
6186 新潤|建材營造|108 57001 na|100 100 17 98|0.7 88|5 13 0 -0 -2
6187 萬潤|半導體業|433 357 214|81 81 18 61|1.5 783|4 -2 1 -14 69
6188 廣明|電腦及週|-25 -19 -3|83 83 18 37|0.3 479|4 -0 0 -11 1
6189 豐藝|電子通路|26 43 -1|87 87 7 65|0.4 331|7 -2 6 -34 15
6190 萬泰科|通信網路|45 25 26|85 85 5 25|0.2 92|8 6 0 4 12
6191 精成科|電子零組|1 -4 -0|84 84 -13 0|0.6 191|15 -3 -15 18 -36
6192 巨路|其他電子|5 5 -3|92 92 2 39|0.5 21|20 -4 0 -24 -4
6194 育富|電子零組|9 12 0|86 91 8 0|0.6 5|2 -7 0 -4 -41
6196 帆宣|其他電子|9 13 8|90 90 0 9|0.6 191|7 -0 1 4 -30
6197 佳必琪|電子零組|59 65 29|86 86 17 114|0.5 478|10 3 -1 -20 11
6198 瑞築|建材營造|-98 -99 na|93 93 -6 134|1.4 6|1 10 0 na 5200
6202 盛群|半導體業|-3 -5 34|78 84 -10 -13|0.8 59|9 -1 0 23 -7
6203 海韻電|電子零組|-46 -35 -43|73 84 -2 -11|0.4 8|1 -13 0 -16 7
6204 艾華|電子零組|-18 9 -9|87 87 10 16|1.0 62|2 3 0 5 4
6205 詮欣|電子零組|65 46 62|81 81 -3 -13|0.7 37|4 13 0 -28 -6
6206 飛捷|電腦及週|9 35 27|89 89 5 34|0.4 47|18 -6 -2 -9 -9
6207 雷科|電子零組|29 67 39|79 79 -7 106|0.2 194|3 -2 0 -29 10
6208 日揚|半導體業|-9 -14 -11|77 77 -17 -1|0.5 13|3 3 0 6 -1
6209 今國光|光電業|-25 -12 7|82 82 13 9|0.1 33|3 1 0 -4 -0
6213 聯茂|電子零組|48 41 30|69 69 -12 13|0.7 858|15 3 -3 -5 -25
6214 精誠|資訊服務|5 7 -3|89 89 -2 10|0.8 109|15 -10 1 8 -7
6215 和椿|其他電子|64 39 43|96 96 52 148|0.5 342|9 1 0 29 47
6216 居易|通信網路|76 66 4|91 91 28 57|0.4 60|8 7 2 -17 -21
6217 中探針|電子零組|-6 8 14|84 84 -0 15|0.4 106|3 -1 0 14 -2
6218 豪勉|通信網路|-45 7 3|76 77 9 18|1.4 41|2 -0 0 80 -28
6219 富旺|建材營造|-99 5387 2701|100 100 21 67|2.6 92|6 3 0 2 -8
6223 旺矽|半導體業|29 19 4|87 87 41 115|0.9 2047|18 -1 5 -3 -23
6224 聚鼎|電子零組|-6 -6 -3|95 95 5 9|0.8 15|10 4 0 36 14
6226 光鼎|光電業|-1 5 0|86 86 6 -4|0.5 6|3 9 0 -2 na
6227 茂綸|電子通路|4 -10 6|82 82 18 79|0.2 63|2 3 0 -19 1
6228 全譜|電腦及週|288 158 102|100 100 250 200|2.2 15|1 3 0 70 67
6229 研通|半導體業|60 95 76|84 84 13 -1|0.3 35|7 4 0 -24 -35
6230 尼得科超眾|電腦及週|-20 -26 2|71 71 -17 101|0.1 76|89 3 0 -18 -8
6231 系微|資訊服務|39 27 13|78 78 104 97|0.9 440|21 -1 6 0 -4
6233 旺玖|半導體業|16 3 13|68 68 -9 -19|0.5 16|3 11 0 -15 -25
6234 高僑|光電業|-72 -56 -54|82 84 3 10|0.2 15|11 2 0 -5 -9
6235 華孚|電腦及週|6 15 -9|51 69 -16 -21|0.6 154|7 -0 -1 -11 -4
6237 驊訊|半導體業|-15 -22 -2|66 66 -4 -26|0.4 18|3 6 0 -3 -16
6239 力成|半導體業|10 14 9|80 80 -5 11|1.8 1259|42 -16 16 15 12
6243 迅杰|半導體業|-21 -25 -32|64 65 -5 -24|0.4 25|1 -2 0 3 39
6244 茂迪|光電業|-3 -4 24|84 84 11 12|0.3 228|10 -1 0 -4 -6
6245 立端|通信網路|-12 -24 4|79 83 1 -15|0.5 62|7 2 0 -7 -16
6248 沛波|鋼鐵工業|21 23 9|92 92 -6 19|0.6 9|4 -5 0 -13 15
6257 矽格|半導體業|14 23 17|93 93 -0 14|0.9 320|31 -8 2 22 -7
6261 久元|半導體業|6 31 19|89 89 -1 15|0.5 36|9 2 0 -32 -9
6263 普萊德|通信網路|-16 0 -1|86 86 11 17|0.4 53|1 -11 0 10 76
6264 富裔|建材營造|137 5 46|92 92 7 108|0.7 16|1 3 0 na na
6265 方土昶|電子通路|-25 7 20|82 82 8 4|0.2 11|7 3 0 -8 -4
6266 泰詠|電子零組|-2 -18 0|94 94 -2 5|0.6 8|1 -12 0 -3 25
6269 台郡|電子零組|-16 -7 13|94 94 -2 10|0.4 325|17 -6 13 -33 -23
6270 倍微|電子通路|-3 -2 26|80 80 31 12|0.3 92|2 -0 0 1 49
6271 同欣電|半導體業|12 8 13|84 88 -6 -5|0.9 351|18 -1 1 -11 -25
6274 台燿|電子零組|61 52 34|88 88 -8 34|1.0 1077|32 1 -2 -1 -4
6275 元山|電子零組|-12 2 -7|77 77 -15 34|0.2 31|3 3 0 -8 4
6276 安鈦克|電腦及週|2 0 -6|40 60 -14 -40|0.4 6|3 15 0 -24 -1
6277 宏正|電腦及週|-7 -2 8|97 97 2 3|0.9 7|7 2 1 -2 -3
6278 台表科|光電業|-12 -5 5|91 91 7 36|0.7 652|21 1 2 -38 36
6279 胡連|電子零組|26 26 11|95 95 5 7|0.7 55|14 3 -0 -6 -9
6282 康舒|電子零組|74 60 13|66 84 -5 -5|0.5 215|5 4 0 -6 -3
6283 淳安|其他電子|-26 0 -10|80 80 -19 13|0.3 14|19 0 0 8 26
6284 佳邦|電子零組|12 14 -2|85 85 -1 15|0.5 425|9 -4 0 13 -7
6285 啟碁|通信網路|7 16 9|83 83 -8 -2|0.6 481|12 -5 -8 -11 -44
6288 聯嘉|汽車工業|36 38 10|76 76 -13 -9|0.6 44|1 -2 0 -6 -4
6290 良維|電子零組|2 8 2|82 82 12 34|0.3 343|8 -1 -2 -23 -15
6292 迅德|電子零組|-23 -15 6|83 83 -8 15|0.2 12|2 -0 0 -7 12
6405 悅城|光電業|-34 -22 9|87 88 9 3|0.3 8|1 -1 0 6 51
6409 旭隼|其他電子|54 27 33|97 97 28 44|1.2 217|69 -1 -2 -43 24
6411 晶焱|半導體業|-3 -7 -26|74 82 -4 -14|0.7 46|6 -8 0 -0 20
6412 群電|電子零組|-0 -4 1|78 78 -9 -5|1.0 113|15 -7 -3 6 -26
6414 樺漢|電腦及週|21 25 14|87 87 1 21|0.9 522|18 -4 3 -3 27
6415 矽力*-KY|半導體業|24 29 28|87 87 13 14|1.0 1392|88 2 -2 24 4
6416 瑞祺電通|通信網路|33 10 24|90 90 20 25|0.5 115|6 4 0 13 -36
6417 韋僑|通信網路|-18 -7 -3|68 88 3 3|0.2 11|9 1 -1 26 -13
6419 京晨科|光電業|214 205 -20|87 87 109 260|0.9 77|11 1 0 na na
6425 易發|電機機械|-41 204 122|68 68 -27 80|0.5 95|2 -0 0 -19 22
6426 統新|通信網路|1 12 14|70 79 -4 -7|0.4 11|6 -5 0 -24 6
6432 今展科|電子零組|-7 0 -8|88 96 -0 2|0.5 7|2 0 0 -11 10
6435 大中|半導體業|-2 -5 -25|86 86 2 -5|0.4 20|2 8 0 61 -41
6438 迅得|其他電子|-22 -23 -5|86 86 -2 13|0.4 263|10 2 -0 9 -7
6441 廣錠|電腦及週|-21 -34 -15|69 84 3 -16|0.3 5|1 -1 0 8 5
6442 光聖|通信網路|121 105 75|90 90 183 553|0.2 1117|35 1 0 -9 -11
6443 元晶|光電業|-23 -40 -6|85 85 3 -1|0.3 353|12 0 0 -5 -5
6446 藥華藥|生技醫療|67 84 -2|100 100 118 115|1.1 2799|21 12 -1 -15 -49
6449 鈺邦|電子零組|21 16 -17|84 84 27 139|0.6 582|3 0 4 -22 83
6451 訊芯-KY|半導體業|9 1 16|83 83 25 32|0.6 1056|65 -5 1 -4 -36
6456 GIS-KY|光電業|-13 -21 7|89 89 3 1|0.5 98|51 10 0 -11 12
6457 紘康|半導體業|33 53 11|77 81 15 -8|0.4 17|3 -3 0 -27 -3
6461 益得|生技醫療|-79 -43 -267|87 89 2 -3|1.0 7|1 8 0 na na
6462 神盾|半導體業|13 12 -7|77 77 12 26|1.5 2287|12 1 0 8 1
6469 大樹|生技醫療|4 4 -5|64 72 -13 -28|0.8 68|5 -3 0 23 8
6470 宇智|通信網路|-18 -27 -2|69 89 0 -8|0.5 9|2 -1 0 -9 -6
6472 保瑞|生技醫療|48 61 49|87 87 12 23|0.6 1883|14 5 -0 -16 -18
6477 安集|光電業|-46 -54 7|81 81 4 2|0.4 134|1 -0 0 -4 -6
6485 點序|半導體業|-30 -28 -12|56 72 -13 -27|0.9 13|6 10 0 -7 -25
6486 互動|通信網路|43 35 6|91 91 -5 21|1.1 31|6 -7 0 -3 71
6488 環球晶|半導體業|-15 -14 -3|84 85 -1 -11|1.1 1173|23 -5 6 -12 41
6491 晶碩|生技醫療|-8 1 -8|84 84 -10 19|0.8 295|9 -15 -1 3 11
6492 生華科|生技醫療|0 0 0|89 89 33 19|0.6 26|4 -2 0 83 40
6505 台塑化|油電燃氣|5 7 13|77 86 -8 -11|0.9 249|7 4 1 11 -2
6509 聚和|化學工業|14 8 15|96 96 15 16|0.6 54|8 9 0 -18 -17
6510 精測|半導體業|3 -3 16|78 81 -2 -14|1.7 54|6 3 -3 -5 5
6515 穎崴|半導體業|13 32 45|95 95 18 34|1.0 636|18 5 3 -36 -65
6517 保勝光學|光電業|8 -7 6|70 76 -5 -13|0.5 12|1 1 0 2 -15
6523 達爾膚|生技醫療|-9 13 -12|83 83 -12 9|0.4 14|8 -5 -6 -15 1
6525 捷敏-KY|半導體業|14 9 12|96 96 4 9|0.4 9|12 4 1 14 -4
6526 達發|半導體業|34 40 na|na 77 -7 9|0.6 584|8 -3 -16 8 42
6530 創威|通信網路|3 2 -2|79 79 -5 9|0.3 54|2 0 0 -1 28
6531 愛普*|半導體業|0 -13 -22|61 64 -13 -32|0.9 1217|15 -4 1 -12 22
6532 瑞耘|半導體業|40 8 5|83 83 14 24|0.5 54|2 1 0 -6 7
6533 晶心科|半導體業|-19 55 27|69 69 -1 -19|0.6 206|17 -4 0 -3 6
6535 順藥|生技醫療|-61 -29 -635|93 93 32 84|0.9 130|4 -5 3 na na
6538 倉和|電子零組|18 44 -6|75 75 -7 14|0.2 125|2 -10 0 -19 56
6541 泰福-KY|生技醫療|-31 10 -271|73 74 21 -16|0.4 23|21 -1 0 -14 -44
6546 正基|通信網路|-4 8 6|96 96 43 42|0.8 617|4 -1 1 43 83
6547 高端疫苗|生技醫療|na na na|61 72 -12 -23|0.9 55|6 -10 0 -3 22
6548 長科*|半導體業|7 -1 9|92 92 1 24|0.8 93|6 9 0 5 8
6550 北極星藥業-KY|生技醫療|569 2286 na|73 86 -7 -8|0.6 85|68 -1 0 -4 -28
6552 易華電|半導體業|22 29 -1|75 75 -7 39|0.1 25|2 -1 0 -11 29
6556 勝品|光電業|-4 2 15|85 85 21 24|0.2 7|1 6 0 na na
6560 欣普羅|光電業|-69 -60 -3|72 72 37 28|0.3 7|5 1 0 na na
6561 是方|通信網路|24 13 6|100 100 24 38|2.4 86|9 12 2 47 12
6568 宏觀|半導體業|-6 12 30|75 79 -7 -12|1.0 12|2 0 0 -13 48
6569 醫揚|生技醫療|-16 -17 -9|94 94 54 59|1.5 117|4 5 0 -6 -13
6570 維田|電腦及週|-18 -12 7|82 82 9 21|0.6 72|2 -0 0 138 85
6576 逸達|生技醫療|-15 15810 9021|75 75 -15 -14|0.8 24|26 -11 0 na na
6577 勁豐|電腦及週|-6 -17 -33|91 91 23 80|2.4 56|2 5 0 -28 -55
6578 達邦蛋白|農業科技|-32 -1 0|76 76 -12 18|0.3 17|3 -8 0 -10 -31
6579 研揚|電腦及週|-11 -5 0|72 88 9 6|0.3 75|3 2 1 -11 -8
6581 鋼聯|綠能環保|51 17 15|98 98 12 30|0.6 7|1 10 0 32 -31
6582 申豐|橡膠工業|188 102 84|86 86 26 19|0.6 23|15 3 0 -24 0
6584 南俊國際|電子零組|62 71 51|83 83 3 95|0.2 129|7 -4 0 26 -5
6585 鼎基|其他|28 35 9|80 80 -10 41|0.8 113|13 -7 -1 10 3
6589 台康生技|生技醫療|16 80 68|81 92 11 -7|0.5 97|6 -0 0 -9 1
6591 動力-KY|電腦及週|-16 2 -13|76 76 -7 7|0.2 11|23 -2 0 -9 21
6592 和潤企業|其他|8 11 -9|70 83 -15 -14|0.6 88|26 -7 -0 -1 20
6593 台灣銘板|資訊服務|-1 -4 -40|45 51 -31 -41|0.5 12|1 2 0 na 1
6596 寬宏藝術|文化創意|652 237 92|82 82 -13 47|0.4 10|6 4 0 8 10
6598 ABC-KY|生技醫療|63 33 25|82 82 37 20|0.6 14|24 0 0 -50 na
6603 富強鑫|電機機械|56 28 19|95 95 16 27|1.5 70|2 -3 0 273 122
6605 帝寶|汽車工業|11 13 6|100 100 39 86|0.7 236|17 -9 8 14 -9
6609 瀧澤科|電機機械|9 3 30|95 95 40 60|0.3 16|55 2 0 29 -3
6612 奈米醫材|生技醫療|50 19 5|93 93 36 48|0.6 34|26 -5 0 -6 -21
6613 朋億*|其他電子|-33 -3 -14|75 75 -17 24|0.6 20|6 -17 2 -8 12
6615 慧智|生技醫療|4 3 2|74 74 24 34|0.4 25|1 -1 0 na na
6625 必應|其他|-31 29 -74|75 85 -10 -4|0.6 25|2 6 0 -20 -4
6629 泰金-KY|居家生活|15 27 -3|100 100 40 132|0.6 5|82 -4 0 na na
6640 均華|半導體業|221 113 34|94 94 109 387|2.6 1077|2 -2 4 na 2
6642 富致|電子零組|32 31 18|92 92 0 50|0.7 5|3 2 0 63 5
6643 M31|半導體業|28 23 5|70 70 16 -9|1.0 2091|13 -2 5 -23 52
6651 全宇昕|半導體業|-7 -3 9|86 86 2 -5|0.5 5|2 -7 0 -6 44
6658 聯策|其他電子|5 61 na|na 82 63 49|1.5 77|2 -0 0 -8 59
6661 威健生技|生技醫療|-13 -1 -16|83 83 34 35|1.9 13|0 0 0 na na
6664 群翊|電子零組|9 5 0|89 89 47 85|0.5 191|6 0 0 -1 -1
6667 信紘科|其他電子|49 30 20|84 84 25 73|0.4 265|7 -0 -4 -15 12
6668 中揚光|光電業|-11 -12 -2|71 71 -26 15|0.3 51|15 2 0 -8 -9
6669 緯穎|電腦及週|36 39 45|72 72 -5 4|2.0 4602|40 -10 -1 43 -57
6670 復盛應用|運動休閒|29 22 34|95 95 13 39|0.7 114|32 26 0 -0 7
6672 騰輝電子-KY|電子零組|-9 -9 -3|72 75 -13 -19|0.7 19|20 -24 -0 -3 66
6679 鈺太|半導體業|23 31 -5|69 69 -7 -23|0.6 180|10 4 -23 -5 -0
6683 雍智科技|半導體業|12 14 15|85 85 32 39|0.4 221|18 0 -2 na -27
6684 安格|半導體業|4 15 -76|65 65 -2 -11|1.0 149|1 0 0 1 12
6689 伊雲谷|數位雲端|42 29 6|78 88 10 -5|0.5 75|7 1 1 30 -26
6690 安碁資訊|數位雲端|20 18 2|85 85 31 27|1.4 94|6 9 0 na -40
6691 洋基工程|其他電子|-27 -25 -13|72 72 -15 1|0.9 173|6 -5 13 -12 -12
6692 進能服|綠能環保|8 2 na|na na 88 na|1.1 18|0 -0 0 na na
6693 廣閎科|半導體業|10 -2 7|94 96 13 12|1.5 9|9 5 0 0 21
6695 芯鼎|半導體業|-10 -23 -26|72 72 31 -19|0.6 254|1 0 0 -9 9
6698 旭暉應材|其他電子|-42 -31 -13|75 75 30 23|0.7 50|2 -0 0 -21 6
6703 軒郁|生技醫療|27 53 -20|86 86 -3 -0|1.1 29|13 -4 -3 na 10
6706 惠特|光電業|-67 -58 -6|93 93 135 92|0.9 527|7 -1 0 18 68
6712 長聖|生技醫療|8 12 -20|92 92 8 12|0.5 127|5 5 0 13 -12
6715 嘉基|電子零組|10 -2 17|83 83 13 17|0.9 60|3 7 3 2 -28
6716 應廣|半導體業|39 33 -42|76 84 10 4|0.4 9|1 -0 0 -6 -4
6719 力智|半導體業|37 16 25|82 83 -1 -1|0.5 205|7 -1 -10 3 59
6727 亞泰金屬|電子零組|17 23 19|93 93 3 14|0.5 11|5 1 0 na -27
6732 昇佳電子|半導體業|-4 1 -45|58 65 -13 -28|0.6 52|5 -6 0 -2 17
6733 博晟生醫|生技醫療|76 85 -99|85 88 -2 -8|0.5 8|1 -12 0 na na
6735 美達科技|其他電子|38 164 45|66 66 -15 20|0.3 8|1 5 0 -17 -33
6741 91APP*-KY|數位雲端|18 18 6|79 90 4 -7|0.6 28|52 -14 0 -0 -17
6742 澤米|光電業|43 61 na|na 69 -19 7|0.3 23|3 0 0 -12 121
6743 安普新|其他電子|110 75 53|89 89 5 26|0.5 36|5 3 0 -4 -8
6752 叡揚|資訊服務|13 7 0|68 79 -12 -17|0.6 7|2 -2 0 5 15
6753 龍德造船|航運業|20 32 13|81 81 14 61|0.3 334|3 -1 -0 -15 20
6756 威鋒電子|半導體業|-11 -16 -14|64 67 -5 -28|0.7 28|4 -7 1 -7 8
6757 台灣虎航|航運業|30 38 -717|na 82 49 89|0.6 87|3 4 0 41 20
6761 穩得|電子零組|24 23 18|87 87 4 43|0.4 27|4 -0 0 -23 47
6763 綠界科技*|數位雲端|-1 1 -0|86 86 9 -12|0.2 10|5 -6 0 na 19
6768 志強-KY|運動休閒|39 30 32|100 100 20 59|2.4 37|70 14 2 -1 -27
6770 力積電|半導體業|8 1 19|77 85 -6 -15|0.4 380|10 -21 -1 2 35
6776 展碁國際|電子通路|10 1 -1|87 87 -7 4|2.3 8|3 -4 0 -22 22
6781 AES-KY|電子零組|-5 -8 17|72 73 -15 -18|1.5 85|72 -4 -4 2 16
6782 視陽|生技醫療|58 72 41|88 88 5 6|0.5 151|10 -5 6 -32 -20
6785 昱展新藥|生技醫療|na na na|na 45 -22 -17|0.6 62|9 -1 0 na 2
6788 華景電|半導體業|99 106 77|90 90 60 74|0.8 351|11 1 -0 54 7
6789 采鈺|半導體業|39 27 16|90 90 24 23|0.5 715|10 3 0 -16 15
6790 永豐實|造紙工業|12 9 5|89 89 -11 21|0.5 19|3 -12 15 -16 29
6796 晉弘|生技醫療|5 -15 -7|65 89 12 -10|0.6 16|21 0 0 4 -6
6799 來頡|半導體業|-7 -6 -6|61 61 -11 -29|0.5 45|11 10 -0 -18 -5
6803 崑鼎|綠能環保|0 9 3|95 98 -1 3|1.5 29|2 -3 2 -35 52
6805 富世達|電子零組|27 22 na|na 87 2 58|1.1 999|8 -5 -1 na 66
6806 森崴能源|綠能環保|178 131 -92|86 86 21 45|1.0 2561|4 1 0 -17 -22
6807 峰源-KY|居家生活|31 35 20|100 100 41 84|1.3 9|45 15 0 -6 13
6811 宏碁資訊|數位雲端|2 9 3|71 81 7 4|1.0 158|2 -1 -1 -2 90
6829 千附精密|半導體業|-7 20 19|73 82 4 9|2.4 164|1 0 -1 101 30
6830 汎銓|其他電子|2 1 -3|75 90 5 0|1.4 41|3 4 -0 1 -8
6834 天二科技|電子零組|30 46 25|85 85 63 76|0.2 91|11 1 0 5 57
6835 圓裕|電子零組|2 21 19|82 82 -12 0|0.4 8|9 -5 0 -8 2
6841 長佳智能|生技醫療|357 480 202|70 83 16 11|0.5 150|3 -1 0 -14 23
6861 睿生光電|生技醫療|7 13 13|56 85 4 -11|1.0 7|2 -7 0 6 15
6863 永道-KY|通信網路|99 104 42|97 97 63 60|0.5 112|77 6 0 -12 -35
6869 雲豹能源|綠能環保|-65 -12 -12|70 70 46 92|3.1 480|2 -1 0 27 26
6870 騰雲|數位雲端|10 7 na|na 91 65 53|0.7 39|1 -1 0 na na
6873 泓德能源|綠能環保|49 -21 -40|84 84 30 61|1.3 236|8 5 0 50 107
6874 倍力|資訊服務|-47 46 3|65 79 -4 -15|0.3 6|0 -1 0 na na
6875 國邑*|生技醫療|na na na|na na -18 na|1.1 17|2 -12 0 na na
6877 鏵友益|其他電子|31 231 135|96 96 86 80|0.9 36|7 6 0 38 46
6894 衛司特|綠能環保|40 36 na|na 81 -14 13|0.5 15|1 4 0 na -38
6895 宏碩系統|半導體業|-33 -19 na|na 85 142 134|1.8 63|0 -2 0 4 68
6901 鑽石投資|其他|89 69 na|na 91 4 -5|0.6 183|1 -0 0 26 12
6906 現觀科|數位雲端|27 47 na|na 64 4 -31|0.3 9|11 1 0 na na
6914 阜爾運通|其他|5 13 na|na na -25 na|0.2 20|2 -1 -3 na na
6922 宸曜|電腦及週|34 44 na|na 83 46 64|0.2 42|2 -2 0 na 163
6933 AMAX-KY|電腦及週|-28 0 na|na 72 -22 17|0.3 58|34 2 0 na 22
6937 天虹|半導體業|163 47 na|na 88 31 40|1.3 230|1 2 0 58 -51
7402 邑錡|光電業|0 -19 -22|69 69 -28 20|0.3 32|5 -2 0 -7 45
8011 台通|通信網路|109 99 34|90 90 38 34|0.8 216|4 -0 0 -6 7
8016 矽創|半導體業|2 -1 -11|77 77 -10 -10|0.9 243|26 -18 -2 -5 34
8021 尖點|其他電子|41 46 34|96 96 20 27|1.3 101|8 -3 -0 242 108
8027 鈦昇|電機機械|35 86 85|77 77 18 26|0.3 268|8 -0 0 -19 -13
8028 昇陽半導體|半導體業|-6 -11 -1|94 94 124 136|1.8 2999|5 -1 0 -12 21
8033 雷虎|其他|19 43 38|83 83 -9 32|0.7 102|3 5 0 na na
8034 榮群|通信網路|3 -26 -115|69 75 -5 -18|0.5 6|4 1 0 4 50
8038 長園科|電子零組|-90 -90 -29|57 83 -7 -17|0.7 5|1 -8 0 na na
8039 台虹|電子零組|41 39 12|89 89 9 17|0.7 160|21 -1 0 -18 -32
8040 九暘|半導體業|24 6 38|75 75 4 56|0.2 46|2 7 0 -25 -42
8043 蜜望實|電子零組|-15 -10 4|95 97 9 -1|6.7 6|1 -2 0 16 -20
8044 網家|數位雲端|-5 -6 -1|69 74 0 -24|0.5 16|12 3 0 0 -4
8046 南電|電子零組|-11 -19 18|62 74 -8 -25|1.0 704|6 -8 -2 2 -23
8048 德勝|通信網路|-57 -55 -78|62 84 -15 -3|0.2 19|1 -5 0 -10 7
8049 晶采|光電業|-51 -48 -13|95 95 1 8|2.0 10|3 -6 0 22 0
8050 廣積|電腦及週|-12 -11 13|76 93 1 -5|0.5 100|5 5 -1 -9 -42
8054 安國|半導體業|35 28 -2|93 93 23 34|2.6 3298|12 2 0 1 94
8059 凱碩|通信網路|11 25 70|79 79 33 14|0.3 15|2 4 0 -51 -52
8064 東捷|光電業|39 -7 18|100 100 111 212|1.7 1810|4 -0 0 3 13
8068 全達|電子通路|-30 15 -7|68 82 -6 -15|0.5 18|7 -3 0 9 6
8069 元太|光電業|19 6 22|99 99 27 28|1.3 1432|42 10 -3 24 -14
8070 長華*|電子通路|9 2 13|83 83 1 32|0.3 105|6 6 4 3 -58
8071 能率網通|電子零組|-9 3 10|81 81 48 49|0.2 57|3 0 0 -12 22
8072 陞泰|電子通路|-21 -23 -18|93 93 14 15|0.5 7|3 11 0 -11 -41
8076 伍豐|電腦及週|10 -2 -7|93 93 16 14|0.5 170|5 3 0 1 -16
8081 致新|半導體業|-6 -1 -11|79 79 -14 4|0.5 146|34 14 -27 0 -71
8083 瑞穎|電機機械|27 78 40|95 95 -3 23|1.6 12|3 -2 0 -34 1
8084 巨虹|電子通路|11 -3 23|76 76 7 -9|0.4 39|1 -10 0 na 0
8085 福華|其他電子|-9 -25 4|50 50 -27 -15|0.3 209|4 -1 -1 -14 -3
8086 宏捷科|半導體業|102 166 0|70 70 -19 -5|0.7 357|10 -7 -2 -8 6
8087 麗升能源|綠能環保|172 330 -2161|77 79 -17 11|0.5 7|3 -7 0 na na
8088 品安|半導體業|-55 -42 -17|76 76 -21 -13|0.3 17|5 -3 0 -8 11
8089 康全電訊|通信網路|367 510 397|93 93 57 103|0.2 91|2 -1 0 -54 -2
8091 翔名|半導體業|12 10 11|90 90 27 79|0.8 62|12 5 0 -4 29
8092 建暐|其他電子|-65 -15 -5|79 79 5 89|0.2 12|1 -1 0 na 54
8093 保銳|電子零組|-62 -42 -18|77 77 51 41|0.2 8|1 3 0 na na
8096 擎亞|電子通路|-14 18 -37|93 93 19 75|0.6 335|24 1 1 13 11
8097 常珵|通信網路|-45 2697 2079|91 91 -1 6|0.6 16|2 2 0 -7 -2
8099 大世科|資訊服務|-10 -4 1|68 68 28 66|0.4 142|2 -1 0 -16 252
8103 瀚荃|電子零組|10 6 8|90 90 59 60|0.7 181|29 4 1 17 54
8104 錸寶|光電業|-20 -7 4|75 75 31 25|1.0 156|3 1 0 -36 -5
8105 凌巨|光電業|-15 -19 -2|84 84 51 42|0.6 299|58 -0 0 7 100
8107 大億金茂|電機機械|71 41 40|86 86 43 34|0.3 16|2 3 0 -1 17
8110 華東|半導體業|9 9 16|83 83 5 17|0.2 79|9 4 0 -11 -12
8111 立碁|光電業|11 2 6|88 88 3 13|0.4 12|4 -4 0 24 49
8112 至上|電子通路|97 86 21|82 82 -17 32|0.5 427|14 -1 12 3 -24
8114 振樺電|電腦及週|47 24 31|97 97 62 68|0.6 167|18 17 -1 20 -19
8121 越峰|電子零組|26 35 30|85 85 14 77|0.3 29|2 0 0 na na
8131 福懋科|半導體業|12 24 31|92 96 4 0|0.8 15|4 -4 -4 11 -0
8147 正淩|電子零組|43 27 12|86 86 26 76|0.7 264|15 1 0 47 65
8150 南茂|半導體業|7 7 -7|79 79 -11 -5|0.6 88|44 -10 1 -0 31
8155 博智|電子零組|44 41 33|82 88 1 -4|0.3 47|4 -2 -5 -5 39
8163 達方|電腦及週|-27 -24 -10|79 79 -16 10|0.3 68|17 -4 -0 23 7
8171 天宇|綠能環保|195 65 70|85 90 -2 -2|0.7 10|2 3 0 10 -5
8176 智捷|通信網路|17 -0 -29|84 88 7 9|0.5 7|2 -0 0 na na
8182 加高|電子零組|6 8 -6|88 88 3 13|0.6 5|52 -4 0 3 -23
8183 精星|其他電子|5 1 6|70 81 -7 -16|1.2 12|2 5 0 -5 -11
8210 勤誠|電腦及週|60 44 -1|84 84 4 0|0.6 708|8 -3 -0 1 4
8213 志超|電子零組|-18 -6 -6|81 84 -5 -9|0.9 25|18 -23 -2 18 43
8215 明基材|光電業|8 -1 -13|78 90 -1 -7|0.6 39|1 -0 -0 -2 -2
8222 寶一|電機機械|20 22 -15|69 79 -14 -14|0.5 18|1 -0 0 -8 -10
8227 巨有科技|半導體業|-5 -27 -57|52 52 -3 -40|0.5 232|2 -1 0 -4 41
8234 新漢|電腦及週|-16 -21 10|80 80 -2 17|0.3 126|5 1 0 -1 1
8249 菱光|電子零組|21 14 37|81 87 -3 -3|0.8 18|2 -2 0 53 167
8255 朋程|電機機械|15 56 6|80 80 -1 9|0.4 155|15 0 -5 -9 -13
8261 富鼎|半導體業|8 2 7|78 90 -1 -9|0.7 45|2 7 -0 -0 -37
8271 宇瞻|半導體業|12 15 13|73 73 -19 -3|0.9 55|4 -12 2 5 44
8277 商丞|半導體業|-58 -2 5|73 73 14 17|0.2 16|1 -5 0 na na
8299 群聯|半導體業|56 59 25|70 70 -26 2|0.8 1391|44 -4 -5 -10 -2
8341 日友|綠能環保|47 20 24|73 91 -2 -8|1.2 18|9 3 0 14 -0
8349 恒耀國際|鋼鐵工業|1 7 -4|99 99 3 29|0.8 18|3 12 0 1 -11
8354 冠好|其他|3 3 1|97 97 8 10|1.0 6|1 7 0 -33 21
8358 金居|電子零組|86 48 43|89 89 7 15|0.4 393|11 -2 -1 -12 5
8367 建新國際|航運業|41 44 25|96 96 10 16|1.0 8|2 6 0 -4 2
8374 羅昇|電機機械|2 -3 9|84 84 263 299|1.4 131|2 -0 0 -10 16
8383 千附|半導體業|7 9 34|89 89 11 17|0.4 51|12 -3 0 11 -23
8390 金益鼎|綠能環保|69 44 28|88 88 35 50|1.0 202|4 -3 1 15 19
8403 盛弘|生技醫療|10 17 9|83 93 -2 -4|0.7 7|3 -0 0 -2 0
8404 百和興業-KY|其他|35 52 36|90 90 -3 5|0.7 8|53 8 0 -1 -14
8410 森田|電腦及週|-16 -1 -16|90 90 6 4|0.5 9|1 -4 0 1 71
8415 大國鋼|鋼鐵工業|-15 -9 3|98 98 3 6|1.4 8|10 -2 2 10 -10
8422 可寧衛*|綠能環保|12 19 33|93 93 -6 1|0.6 36|11 11 8 -11 3
8431 匯鑽科|其他電子|8 8 9|96 99 17 2|1.7 13|3 9 0 9 8
8432 東生華|生技醫療|4 42 11|94 94 11 34|1.3 7|4 -8 0 6 12
8433 弘帆|居家生活|11 6 -12|90 90 -7 9|0.5 10|2 -13 0 -14 35
8436 大江|生技醫療|-13 1 2|81 88 4 -10|1.0 68|13 -6 6 -12 13
8437 大地-KY|其他|-23 -25 -5|33 82 7 -17|0.7 6|26 -9 0 -9 -13
8438 昶昕|綠能環保|15 16 17|87 87 24 60|0.8 36|1 -0 0 -6 27
8440 綠電|綠能環保|4 12 5|89 89 46 75|2.6 113|1 -2 0 15 32
8442 威宏-KY|其他|-9 2 4|90 90 -7 12|0.6 10|59 -5 -0 -14 10
8446 華研|文化創意|80 40 8|100 100 18 16|1.5 25|6 17 0 22 4
8454 富邦媒|數位雲端|3 2 -3|72 93 -3 -7|0.7 298|14 8 -7 -9 7
8462 柏文|運動休閒|20 20 -1|74 88 -1 -1|0.7 7|1 -5 0 16 22
8463 潤泰材|其他|12 18 -4|100 100 19 43|0.8 11|2 15 0 -6 -1
8464 億豐|居家生活|1 11 5|97 97 18 19|1.9 322|43 -11 12 10 2
8466 美吉吉-KY|其他|16 12 -8|91 91 7 29|1.2 9|55 7 0 13 -15
8467 波力-KY|運動休閒|30 55 24|99 99 46 46|1.8 201|45 3 4 -16 2
8473 山林水|綠能環保|-45 -36 -23|84 84 14 64|0.9 237|2 -0 0 14 39
8478 東哥遊艇|運動休閒|-6 21 1|55 84 -10 4|1.3 206|42 -1 1 -12 12
8906 花王|其他|0 12 8|96 96 107 264|1.3 25|4 5 0 15 38
8916 光隆|其他|9 2 22|96 96 2 7|1.2 17|4 -4 3 29 -21
8924 大田|運動休閒|25 53 67|98 98 6 7|0.3 6|4 8 0 1 -5
8926 台汽電|油電燃氣|44 77 21|88 94 1 17|2.8 92|6 6 1 22 -2
8927 北基|油電燃氣|325 197 135|88 88 5 33|2.2 104|3 10 0 93 -8
8930 青鋼|鋼鐵工業|-4 5 -15|86 86 -9 -3|0.6 10|4 -8 0 6 23
8932 智通*|數位雲端|86 70 -1|95 95 33 57|0.7 58|30 -11 0 6 -17
8935 邦泰|其他|-15 2 18|87 87 46 58|1.2 16|0 0 0 0 na
8936 國統|其他|124 61 15|82 82 -10 51|0.8 841|14 3 1 -7 -9
8937 合騏*|其他|-16 -17 10|97 97 95 90|1.8 17|0 -0 0 484 91
8938 明安|運動休閒|12 2 29|96 96 10 19|0.5 23|10 20 -9 -2 -16
8942 森鉅|其他|-39 -39 -21|100 100 4 4|0.5 15|17 -25 0 -11 36
8996 高力|電機機械|-21 -22 -26|71 71 -12 64|1.1 1406|21 7 -5 -22 -21
9802 鈺齊-KY|運動休閒|9 -13 24|81 90 -2 -2|1.5 69|43 17 -1 7 -12
9902 台火|其他|2662 833 -281|100 100 48 87|3.5 60|4 2 -0 22 12
9904 寶成|運動休閒|2 4 7|95 95 5 19|0.9 492|50 4 5 -19 -10
9906 欣巴巴|建材營造|-42 -74 -17|100 100 118 252|6.1 227|3 -1 0 -5 78
9907 統一實|其他|22 18 21|85 97 2 2|1.5 37|16 13 -4 2 -11
9910 豐泰|運動休閒|1 7 7|71 85 -12 -12|0.7 275|12 -8 2 20 28
9911 櫻花|居家生活|21 22 7|98 98 1 42|2.1 26|21 9 1 -1 11
9914 美利達|運動休閒|49 27 49|100 100 16 48|1.8 234|42 15 1 3 -38
9917 中保科|其他|-0 2 -6|98 98 2 14|1.2 64|40 -24 20 -18 16
9919 康那香|其他|-17 -9 4|65 80 -4 -18|0.3 17|5 3 0 -4 -2
9921 巨大|運動休閒|-8 -5 15|100 100 15 35|1.4 342|40 22 -0 -7 24
9924 福興|居家生活|-10 -7 -12|96 96 0 21|1.2 18|14 -8 4 -20 123
9925 新保|其他|-14 -2 -2|100 100 2 6|1.9 11|18 -7 0 112 -40
9927 泰銘|其他|-3 -7 -17|92 92 -8 15|0.4 21|15 -18 0 -13 3
9928 中視|其他|-15 3 -9|61 87 29 21|0.4 7|0 0 0 95 na
9930 中聯資源|綠能環保|9 4 -1|100 100 8 31|2.5 19|3 20 3 190 27
9933 中鼎|其他|23 31 7|98 98 10 26|0.8 258|19 14 5 -7 -17
9934 成霖|居家生活|1 4 8|96 96 6 27|1.1 30|24 28 -5 -7 -61
9935 慶豐富|居家生活|40 27 12|100 100 16 45|1.7 13|9 10 0 17 5
9938 百和|其他|26 38 24|97 97 5 26|0.9 133|27 22 0 -16 -22
9939 宏全|其他|-3 4 -1|93 93 -3 24|1.3 250|25 5 -6 -16 -40
9940 信義|其他|22 23 19|100 100 10 29|2.0 23|6 14 4 48 37
9941 裕融|其他|2 2 -6|78 87 3 -13|0.7 260|4 -13 16 -30 14
9942 茂順|其他|-27 -24 -17|88 93 -1 1|1.1 18|4 -11 0 1 11
9943 好樂迪|觀光餐旅|9 -5 -4|88 89 -7 -7|0.6 19|1 -17 -9 4 38
9944 新麗|其他|5 7 11|100 100 14 17|1.0 6|3 7 0 -17 -2
9945 潤泰新|其他|21 9 10|100 100 27 50|1.6 1397|14 8 0 17 9
9946 三發地產|建材營造|57 256 167|86 86 9 101|1.3 100|5 -1 0 -11 22
9951 皇田|電機機械|-2 12 7|87 96 1 -0|0.9 5|5 -9 0 3 6
9955 佳龍|綠能環保|32 22 11|95 95 22 58|0.9 152|1 0 0 -4 7
9958 世紀鋼|鋼鐵工業|-40 7 -33|60 60 -1 0|0.8 1721|16 -1 -10 -1 -13
