# 2024-09-02 全池(1221 檔)。欄位:代碼 名稱|產業|最新月YoY 3月YoY均 加速度|距52週高% 距120日高% 60日漲% 120日漲%|量能比 日均值M|外持% 外20 投20 資20 券20(外資持股比;外資/投信20日淨買佔成交值%;融資/借券餘額20日變化%)
1101 台泥|水泥工業|61 54 46|92 94 0 3|0.5 357|18 4 4 19 -22
1102 亞泥|水泥工業|-1 -3 7|100 100 15 17|0.5 263|17 44 7 -7 -50
1104 環泥|水泥工業|-3 6 -0|83 83 -10 -2|0.4 16|15 -10 0 -4 9
1108 幸福|水泥工業|-22 -17 -23|93 93 -5 3|1.7 8|2 -8 0 -26 -10
1110 東泥|水泥工業|63 21 11|91 91 -7 26|0.5 14|7 3 0 49 -6
1201 味全|食品工業|8 11 0|95 97 -1 -1|0.5 9|7 -28 0 -7 15
1210 大成|食品工業|-4 -8 -1|91 91 -4 -8|0.9 47|10 -5 0 11 17
1215 卜蜂|食品工業|-2 -6 -2|87 87 -8 -0|0.2 26|38 0 2 -4 -1
1216 統一|食品工業|10 15 -2|97 97 7 13|1.0 701|39 27 7 88 -65
1217 愛之味|食品工業|7 5 3|94 94 3 8|1.0 10|10 7 0 -3 6
1218 泰山|食品工業|-9 -9 -9|84 88 -9 -3|0.5 13|3 11 0 -0 -34
1220 台榮|食品工業|-2 -1 -4|99 99 12 24|1.5 10|9 15 0 26 -2
1225 福懋油|食品工業|-12 -16 -5|98 98 76 196|0.3 10|1 6 0 -11 -15
1227 佳格|食品工業|-1 0 -1|92 92 -4 7|0.3 15|8 13 0 9 -14
1229 聯華|食品工業|-7 -1 -15|89 89 -5 -3|0.5 53|11 -13 0 -14 16
1231 聯華食|食品工業|17 13 8|90 90 8 25|0.5 23|3 1 0 -68 8
1232 大統益|食品工業|6 -4 4|100 100 7 8|0.8 11|2 45 0 -53 -6
1268 漢來美食|觀光餐旅|13 20 0|93 93 -5 6|0.5 7|2 -10 8 -17 -3
1301 台塑|塑膠工業|6 7 9|62 71 -18 -25|0.6 529|29 -8 0 24 -1
1303 南亞|塑膠工業|5 5 13|65 77 -12 -19|1.0 475|28 -1 2 14 -0
1304 台聚|塑膠工業|14 10 14|69 86 -2 -11|0.3 22|32 14 0 -10 -16
1305 華夏|塑膠工業|-2 -1 9|64 88 -2 -11|0.4 14|5 8 0 -6 -22
1307 三芳|塑膠工業|21 9 6|99 99 9 33|1.3 39|15 4 0 -4 -25
1308 亞聚|塑膠工業|2 -9 6|70 87 1 -13|0.3 14|5 14 0 -5 -13
1309 台達化|塑膠工業|48 45 29|92 92 19 17|0.7 25|2 10 0 28 -23
1310 台苯|塑膠工業|50 69 48|79 92 2 -3|0.4 8|7 6 0 -9 -9
1312 國喬|塑膠工業|31 35 32|76 84 -5 -4|0.4 33|11 -2 0 -8 -3
1313 聯成|塑膠工業|-1 9 -10|72 83 -7 -13|0.5 13|10 7 0 -7 3
1316 上曜|建材營造|133 203 167|76 88 6 -12|0.7 222|7 5 0 -19 -21
1319 東陽|汽車工業|5 7 -8|75 75 -14 3|0.7 197|18 -16 4 10 -14
1321 大洋|塑膠工業|-6 12 17|90 90 2 11|0.7 64|8 -1 0 18 6
1325 恆大|塑膠工業|-24 -27 -8|61 80 5 -7|0.6 7|1 1 0 6 2
1326 台化|塑膠工業|12 24 15|65 75 -17 -22|0.8 364|33 -0 1 5 11
1336 台翰|電子零組|14 13 19|100 100 23 16|1.7 7|4 14 0 -0 0
1339 昭輝|汽車工業|-15 -10 -13|75 75 -12 -10|0.5 7|2 -17 0 9 -13
1342 八貫|其他|-11 7 6|68 68 -19 -24|0.3 10|27 3 0 -2 -3
1402 遠東新|紡織纖維|5 5 1|97 97 11 16|1.1 300|18 40 5 -5 -45
1409 新纖|紡織纖維|19 18 6|92 92 1 4|0.5 56|13 -3 0 20 -16
1414 東和|紡織纖維|1 -4 -8|87 87 5 26|0.5 9|2 -0 0 -9 -4
1416 廣豐|其他|27 24 -4|94 94 4 3|1.1 10|12 6 0 11 4
1434 福懋|紡織纖維|1 4 10|83 89 -5 -6|1.0 20|7 20 0 6 -1
1436 華友聯|建材營造|3121 3040 2117|82 82 6 72|0.7 179|4 1 0 2 -4
1438 三地開發|建材營造|na na na|85 85 30 75|0.8 73|1 -1 0 16 29
1440 南紡|紡織纖維|13 -5 9|80 80 -11 8|0.3 18|7 12 0 -12 -17
1442 名軒|建材營造|1327 897 -19492|92 92 11 76|0.6 116|12 0 -0 32 -6
1445 大宇|紡織纖維|-6 -14 11|79 80 -7 -14|0.5 6|2 8 0 54 6
1446 宏和|紡織纖維|6291 3555 1697|82 82 -16 40|0.7 77|7 4 0 -27 -6
1449 佳和|紡織纖維|-10 0 -30|75 89 4 -8|0.4 26|8 2 0 10 -0
1453 大將|建材營造|102 101 -29647|68 68 -27 40|0.2 12|1 -0 0 0 -41
1454 台富|紡織纖維|2 2 1|94 94 14 19|0.5 8|1 3 0 -11 123
1455 集盛|紡織纖維|42 58 26|74 74 -24 -16|0.3 10|4 0 0 -4 -2
1457 宜進|紡織纖維|30 13 9|81 81 -6 15|0.6 5|2 7 0 -11 -4
1463 強盛新|紡織纖維|-3 -2 6|96 96 29 42|0.7 11|8 0 0 9 -37
1471 首利|電子零組|-3 19 -1|60 81 -15 -15|0.6 6|2 10 0 0 na
1473 台南|紡織纖維|9 17 4|68 68 -23 33|0.2 20|8 -6 0 -2 -3
1475 業旺|紡織纖維|113 84 50|84 84 6 19|0.3 15|3 -11 0 3 13
1476 儒鴻|紡織纖維|9 21 11|92 94 7 -4|0.6 320|37 -7 -1 -0 -2
1477 聚陽|紡織纖維|3 6 -3|83 83 -2 10|0.7 678|32 -22 -4 -45 40
1503 士電|電機機械|5 5 2|66 66 -2 38|0.3 1262|32 0 -0 9 -47
1504 東元|電機機械|-4 -6 -4|83 83 -12 2|0.3 183|11 -4 13 2 -16
1513 中興電|電機機械|6 16 0|73 73 4 7|0.3 2848|17 -7 -0 33 37
1514 亞力|電機機械|12 7 -8|75 75 25 27|0.3 1585|13 -2 -0 46 -19
1515 力山|電機機械|-22 21 -137|65 74 -14 -17|0.8 23|8 -6 0 -8 -6
1519 華城|電機機械|61 67 -35|65 65 -5 31|0.7 4892|20 -5 -1 37 36
1522 堤維西|汽車工業|14 7 0|93 93 3 54|0.4 244|15 -2 0 6 5
1524 耿鼎|汽車工業|7 -4 -21|81 81 -16 -2|0.3 20|4 2 0 -5 -11
1527 鑽全|電機機械|54 35 30|99 99 16 22|2.3 64|12 6 0 291 -4
1528 恩德|電機機械|-2 -0 2|89 89 16 10|1.7 15|3 1 0 16 -25
1529 樂事綠能|電機機械|-66 69 -27|78 78 -4 -6|0.2 31|1 -1 0 2 -0
1530 亞崴|電機機械|14 -21 7|97 97 14 15|7.1 6|1 -0 0 161 92
1532 勤美|電機機械|-53 24 -24|72 72 -23 2|0.5 82|18 -4 0 4 3
1535 中宇|電機機械|21 6 -11|67 67 -13 -11|0.3 6|1 4 0 -0 15
1536 和大|汽車工業|-4 3 15|90 90 19 29|0.5 441|9 -1 0 7 10
1537 廣隆|電機機械|41 30 12|99 99 3 12|0.6 40|20 7 5 8 -21
1539 巨庭|電機機械|24 -10 -28|98 98 24 16|7.4 6|1 1 0 97 -42
1540 喬福|電機機械|-51 106 61|88 88 108 139|2.4 238|2 -1 0 -21 16
1558 伸興|電機機械|25 12 -4|100 100 14 15|1.3 12|7 17 0 -1 -9
1560 中砂|電機機械|21 15 11|93 93 18 38|0.7 791|21 3 1 -11 -1
1563 巧新|汽車工業|-4 -7 na|na na -20 na|0.3 31|2 1 0 na na
1565 精華|生技醫療|13 2 6|90 96 -1 -4|0.6 24|9 9 0 2 -37
1568 倉佑|汽車工業|-19 -35 -10|76 82 -4 -3|0.4 9|2 -7 0 -6 6
1569 濱川|電腦及週|-17 -21 -2|90 90 18 18|0.8 47|4 3 0 -6 14
1570 力肯|電機機械|235 247 204|77 77 11 23|0.9 68|7 2 0 30 1
1580 新麥|電機機械|17 11 -3|98 98 3 2|0.9 11|7 21 0 -25 -23
1582 信錦|電子零組|23 17 -4|99 99 3 45|0.5 166|19 12 -1 -2 -34
1584 精剛|其他|36 32 -2|90 90 19 22|1.1 263|7 7 0 15 -59
1586 和勤|電機機械|26 19 -3|89 89 3 -1|1.0 7|2 -1 0 0 -0
1587 吉茂|汽車工業|21 -0 8|64 64 -19 107|0.6 35|24 3 0 -0 -20
1589 永冠-KY|電機機械|-4 -13 9|65 71 -7 -28|0.6 10|6 20 0 -0 -9
1590 亞德客-KY|電機機械|2 1 -14|71 72 -15 -19|0.7 469|73 1 0 -7 16
1591 駿吉-KY|電機機械|214 493 279|62 62 -27 -21|0.6 19|3 10 0 -23 -26
1597 直得|電機機械|6 1 23|91 91 49 65|1.1 741|4 0 -0 -6 -5
1603 華電|電器電纜|84 43 18|78 78 -9 15|0.3 38|2 2 0 -3 -19
1604 聲寶|電器電纜|1 -2 -3|94 94 -2 3|0.4 6|9 12 0 -11 -21
1605 華新|電器電纜|-1 0 3|90 90 1 4|0.6 193|17 23 3 -11 -9
1608 華榮|電器電纜|22 35 22|76 76 -7 50|0.2 134|3 8 0 -9 -30
1609 大亞|電器電纜|27 23 11|83 83 11 49|0.3 868|11 7 0 -8 -33
1611 中電|電器電纜|-24 -13 -4|83 83 3 13|0.1 23|11 -3 0 4 -5
1612 宏泰|電器電纜|12 12 1|82 82 -4 38|0.2 43|15 21 0 -2 -31
1615 大山|電器電纜|7 20 -6|89 89 -5 41|0.7 27|2 17 0 7 -24
1616 億泰|電器電纜|2 5 -8|72 72 -9 47|0.1 19|2 10 0 -14 -25
1617 榮星|電器電纜|27 35 24|81 81 8 46|0.4 24|21 1 0 5 2
1618 合機|電器電纜|151 71 21|78 78 1 60|0.2 111|5 0 0 3 19
1702 南僑|食品工業|5 3 -4|86 86 -5 3|0.3 35|15 -6 2 -8 7
1707 葡萄王|生技醫療|4 0 -4|93 93 -6 -2|0.6 28|13 -6 0 1 -1
1708 東鹼|化學工業|13 12 20|91 91 17 35|1.6 254|14 3 0 101 34
1709 和益|化學工業|5 26 18|91 91 19 18|0.3 34|3 3 0 -0 -24
1710 東聯|化學工業|37 33 25|86 97 6 -2|0.6 18|8 19 0 -1 -9
1711 永光|化學工業|8 11 7|97 97 38 28|5.6 143|6 -2 0 133 82
1712 興農|化學工業|2 6 8|90 90 3 9|0.6 29|17 -9 0 -3 -10
1713 國化|化學工業|10 30 10|93 93 10 31|0.2 9|6 19 0 -7 -6
1717 長興|化學工業|11 8 5|97 97 1 -2|1.1 66|15 2 0 13 22
1720 生達|生技醫療|2 10 4|88 88 -3 6|0.3 30|7 -8 0 -16 56
1721 三晃|化學工業|55 37 33|89 97 14 14|2.9 28|3 -0 0 14 14
1722 台肥|化學工業|0 -28 -9|90 92 -5 -5|1.2 83|11 -5 4 -20 21
1723 中碳|化學工業|11 3 18|80 80 -9 -10|0.4 47|8 17 -0 10 -26
1725 元禎|化學工業|34 21 16|78 78 -7 26|0.4 11|0 2 0 -7 35
1727 中華化|化學工業|18 29 31|94 94 23 23|2.9 27|3 -1 0 22 34
1732 毛寶|化學工業|10 -1 -3|78 92 2 -1|0.5 5|4 13 0 1 -11
1734 杏輝|生技醫療|16 11 9|97 97 1 7|0.8 15|9 -0 0 3 -24
1736 喬山|運動休閒|20 17 3|97 97 38 73|0.5 110|10 3 0 -18 7
1737 臺鹽|食品工業|-5 -5 2|97 99 7 5|2.6 15|8 15 0 28 0
1752 南光|生技醫療|17 3 4|75 81 -15 -6|0.1 6|2 14 0 -1 -26
1760 寶齡富錦|生技醫療|32 12 3|77 83 -4 -6|0.3 13|13 39 0 -7 -31
1762 中化生|生技醫療|-35 -4 26|72 85 -5 -6|0.2 7|3 6 0 -20 -9
1773 勝一|化學工業|12 13 7|85 85 3 -6|1.2 61|7 -5 6 71 -16
1777 生泰|生技醫療|-18 24 11|93 93 9 17|0.4 8|2 0 0 -38 73
1783 和康生|生技醫療|3 3 8|82 94 6 6|0.4 7|7 17 0 -22 -8
1784 訊聯|生技醫療|17 1 -11|72 72 34 91|0.4 111|4 -6 0 11 7
1785 光洋科|其他電子|27 26 2|92 92 45 58|0.8 1212|11 -6 0 59 83
1786 科妍|生技醫療|10 11 -27|100 100 25 55|1.7 93|7 4 0 9 12
1789 神隆|生技醫療|25 11 -7|86 86 -12 3|0.5 9|5 8 0 3 -6
1795 美時|生技醫療|19 12 13|85 85 -0 6|0.5 731|56 13 2 -6 -31
1799 易威|生技醫療|598 281 143|97 97 126 265|0.7 132|15 5 8 na na
1802 台玻|玻璃陶瓷|-13 -5 -9|76 81 -13 -8|0.3 45|5 5 -0 -5 1
1805 寶徠|建材營造|-99 -68 -37|89 89 10 28|0.5 14|4 3 0 na na
1806 冠軍|玻璃陶瓷|-2 -4 -22|83 83 8 1|0.2 10|9 2 0 -19 -5
1808 潤隆|建材營造|-71 -32 -8960|97 97 19 25|1.8 343|12 10 0 10 3
1809 中釉|玻璃陶瓷|-10 8 4|61 65 -13 -33|0.3 24|4 12 0 -21 -4
1810 和成|玻璃陶瓷|5 -4 -7|86 86 -3 10|0.7 9|4 16 0 -2 -18
1815 富喬|電子零組|35 39 43|79 79 -17 24|0.3 206|8 5 0 -8 -18
1817 凱撒衛|玻璃陶瓷|17 12 3|98 98 3 11|0.4 6|4 5 0 -0 4
1903 士紙|造紙工業|-23 -16 -10|86 86 -8 12|0.6 7|12 6 0 2 -6
1904 正隆|造紙工業|14 5 0|85 88 -10 -10|0.6 20|9 26 0 2 -18
1905 華紙|造紙工業|5 8 10|76 80 -12 -13|0.6 22|4 9 0 -4 -9
1907 永豐餘|造紙工業|15 12 8|88 96 4 4|0.5 31|13 14 0 3 -13
1909 榮成|造紙工業|7 8 9|86 86 -2 -2|0.5 14|11 11 0 -7 1
2002 中鋼|鋼鐵工業|4 0 2|83 86 -5 -7|0.6 380|14 3 1 -11 -2
2006 東和鋼鐵|鋼鐵工業|6 -2 -11|100 100 14 9|0.5 88|16 17 15 56 -23
2008 高興昌|鋼鐵工業|5 23 38|94 94 48 64|2.8 10|8 2 0 199 31
2009 第一銅|鋼鐵工業|27 40 20|71 71 -18 26|0.5 69|4 22 0 8 -35
2010 春源|鋼鐵工業|1 9 5|80 80 -11 3|0.5 8|8 5 0 1 -3
2014 中鴻|鋼鐵工業|-16 -12 -14|68 77 -14 -13|0.5 46|5 11 -0 -4 -6
2015 豐興|鋼鐵工業|-1 -1 -1|100 100 15 22|0.6 22|11 25 26 57 -22
2017 官田鋼|鋼鐵工業|-6 5 -2|81 82 -10 -10|0.4 7|2 -6 0 -6 -11
2020 美亞|鋼鐵工業|-41 -34 -20|72 72 -25 -15|0.3 17|3 -6 0 -16 32
2023 燁輝|鋼鐵工業|-1 7 1|82 91 -1 1|0.5 17|6 9 0 2 -2
2025 千興|鋼鐵工業|24411 8585 na|86 86 1 -8|0.3 19|3 1 0 na na
2027 大成鋼|鋼鐵工業|-0 -8 3|92 92 -2 4|0.6 118|16 18 1 -4 -36
2029 盛餘|鋼鐵工業|18 15 -14|82 83 -7 -6|0.4 5|68 -2 0 -2 -14
2030 彰源|鋼鐵工業|7 2 9|86 91 -3 -5|0.4 7|2 28 0 -16 -16
2031 新光鋼|鋼鐵工業|-26 -12 -10|85 85 -1 -3|0.2 62|13 -3 -3 3 -10
2034 允強|鋼鐵工業|-9 0 7|88 94 -3 -2|0.8 9|7 6 0 11 4
2038 海光|鋼鐵工業|17 8 9|74 78 -14 -10|0.4 5|3 9 0 2 -19
2049 上銀|電機機械|-6 -6 -2|74 74 -5 -11|0.8 345|26 -3 0 2 -0
2059 川湖|電子零組|94 96 56|83 89 10 -8|0.6 1283|18 -4 8 -18 6
2061 風青|電器電纜|28 44 31|80 80 13 43|0.3 11|3 -6 0 16 26
2062 橋椿|居家生活|-15 -6 -29|94 94 35 35|1.7 361|10 -2 0 151 281
2066 世德|電機機械|-6 -2 1|74 74 -18 18|0.4 13|12 7 1 2 3
2069 運錩|鋼鐵工業|-6 -9 -1|96 96 8 13|1.0 11|1 3 0 -1 -7
2070 精湛|電機機械|32 32 7|100 100 146 163|0.2 139|1 -0 0 48 -65
2101 南港|橡膠工業|26 17 -4|82 82 -16 32|0.4 188|8 13 0 -1 -37
2102 泰豐|橡膠工業|23 -5 59|89 89 5 19|0.7 18|7 -12 0 7 23
2103 台橡|橡膠工業|35 25 16|93 94 -4 3|0.3 18|27 31 0 -2 -19
2104 國際中橡|橡膠工業|37 20 24|80 90 -7 -7|0.6 14|11 22 0 -12 -4
2105 正新|橡膠工業|1 0 0|84 84 -7 12|0.5 173|16 6 5 -11 -18
2106 建大|橡膠工業|1 3 3|90 90 -8 7|0.8 15|9 3 0 6 2
2107 厚生|橡膠工業|25 22 31|95 95 1 12|0.4 9|8 9 0 11 -1
2108 南帝|橡膠工業|41 47 37|85 85 14 18|0.4 21|8 11 0 -3 -14
2109 華豐|橡膠工業|17 1 1|97 97 1 30|0.7 9|17 10 0 9 -13
2201 裕隆|汽車工業|7 12 1|64 73 -21 -17|0.3 146|5 11 -0 -6 -14
2204 中華|汽車工業|21 15 -17|53 53 -38 -39|0.7 225|23 11 -8 -14 -37
2206 三陽工業|汽車工業|-1 4 -7|91 91 4 7|0.3 107|7 23 4 -14 -17
2207 和泰車|汽車工業|-4 1 -5|95 100 9 4|0.9 165|24 14 1 3 0
2208 台船|航運業|-38 -35 -12|77 93 2 4|1.5 80|5 7 0 -15 -7
2211 長榮鋼|鋼鐵工業|-13 3 -4|79 79 -16 1|0.3 63|5 -18 34 -13 9
2227 裕日車|汽車工業|-8 -0 -11|64 76 -12 -25|1.5 9|41 13 0 na na
2228 劍麟|汽車工業|1 -4 -14|88 88 -11 20|2.6 24|10 -1 1 90 1
2230 泰茂|居家生活|109 97 -12|88 92 3 2|0.6 53|4 4 0 -2 -14
2231 為升|汽車工業|-12 -5 1|72 75 -19 -11|0.6 23|7 -8 0 -37 21
2233 宇隆|汽車工業|28 19 4|100 100 27 20|3.5 67|13 3 1 31 7
2236 百達-KY|汽車工業|-21 -4 -16|98 98 42 59|0.6 87|65 -0 0 3 -3
2239 英利-KY|汽車工業|-14 -8 -2|72 76 -19 -19|0.6 6|74 -3 0 -7 28
2241 艾姆勒|汽車工業|-31 -25 -47|65 65 -23 15|0.5 20|9 6 0 -9 -7
2243 宏旭-KY|汽車工業|281 357 228|77 77 19 48|0.8 96|28 -0 0 -7 50
2247 汎德永業|汽車工業|15 9 4|89 89 -7 -2|0.3 12|5 11 0 -26 -23
2250 IKKA-KY|汽車工業|6 4 -6|72 72 -15 -1|0.3 14|7 2 0 21 -33
2254 巨鎧精密-創|汽車工業|311 211 105|na 95 12 6|1.2 15|26 10 0 84 250
2258 鴻華先進-創|汽車工業|838 1235 246|na 83 -10 -7|0.3 10|0 2 0 na na
2301 光寶科|電腦及週|2 -6 6|73 90 2 -2|0.4 1012|25 1 8 -13 2
2303 聯電|半導體業|10 2 9|96 96 4 7|0.6 2202|33 32 9 -24 -23
2305 全友|電腦及週|10 22 -8|72 80 -8 -17|0.4 8|1 0 0 -1 -15
2308 台達電|電子零組|4 2 3|91 91 16 29|0.4 2969|65 7 1 -37 -37
2312 金寶|其他電子|8 3 14|84 84 36 56|0.3 687|12 -1 0 9 -7
2313 華通|電子零組|11 17 9|87 87 11 6|1.7 1069|21 -9 0 11 13
2314 台揚|通信網路|-54 -53 5|74 88 -3 -5|2.0 17|2 0 0 na na
2316 楠梓電|電子零組|-9 -15 0|80 80 5 17|0.3 62|30 12 0 -11 -9
2317 鴻海|其他電子|22 20 19|81 81 4 74|0.5 13553|39 -6 0 5 -0
2323 中環|光電業|-2 -5 -7|93 93 2 24|0.6 154|11 7 1 -7 -30
2324 仁寶|電腦及週|-10 -5 0|83 83 -8 -6|0.6 461|42 -3 4 6 -22
2327 國巨*|電子零組|24 19 13|81 81 -2 16|0.6 1426|57 -5 0 10 9
2328 廣宇|電子零組|-7 -13 -1|88 88 -12 21|0.4 47|13 17 3 -4 -13
2329 華泰|半導體業|-19 -9 -27|50 59 -32 -38|0.4 115|9 14 -0 -3 -22
2330 台積電|半導體業|45 36 20|88 88 11 22|0.7 31641|74 6 1 7 43
2331 精英|電腦及週|6 -15 8|65 69 -24 -12|0.6 81|9 -10 0 4 -13
2332 友訊|通信網路|-10 -9 5|75 95 5 3|0.6 28|8 28 0 -5 -20
2337 旺宏|半導體業|10 2 23|79 93 6 1|0.3 297|18 0 1 -14 -24
2338 光罩|半導體業|-3 6 0|78 78 -9 -4|0.4 75|6 -5 1 6 17
2340 台亞|半導體業|5 3 -10|77 89 -2 -5|1.6 63|11 2 0 2 -0
2342 茂矽|半導體業|28 31 37|86 93 -0 -5|0.5 8|4 23 0 2 -20
2344 華邦電|半導體業|12 11 4|77 86 -1 -14|0.6 542|17 11 -0 0 -21
2345 智邦|通信網路|16 23 16|94 94 3 10|0.9 878|65 -14 9 -6 14
2347 聯強|電子通路|12 7 2|82 82 -11 -2|0.5 189|34 -20 11 14 12
2348 海悅|其他|20 17 -110|69 69 4 137|0.7 770|4 -3 1 23 44
2349 錸德|光電業|0 -1 -3|83 83 82 116|0.7 459|10 -0 0 na na
2351 順德|半導體業|12 3 9|82 82 -7 33|0.4 318|23 4 0 14 -2
2352 佳世達|電腦及週|2 -3 4|80 86 -2 -12|0.6 172|11 0 3 4 -14
2353 宏碁|電腦及週|32 19 6|77 77 -11 1|0.5 645|27 2 1 -1 -13
2354 鴻準|其他電子|4 -6 25|91 91 -2 37|0.3 545|14 6 -0 5 -13
2355 敬鵬|電子零組|-7 0 -0|77 85 -5 -8|0.4 96|19 -3 0 2 -40
2356 英業達|電腦及週|33 18 9|74 74 -16 -16|0.4 916|15 -11 1 9 23
2357 華碩|電腦及週|26 24 14|100 100 14 23|0.9 2089|53 1 9 -26 -13
2359 所羅門|其他電子|-0 -29 -12|87 87 -4 309|0.5 3797|3 0 0 9 14
2360 致茂|其他電子|36 27 25|96 96 23 26|0.6 505|67 -3 4 5 -2
2362 藍天|電腦及週|45 27 9|90 90 3 55|0.9 505|10 0 0 -9 21
2363 矽統|半導體業|77 46 -16|65 65 -21 8|0.3 751|8 -6 -0 9 130
2364 倫飛|電腦及週|38 25 14|63 73 9 5|2.1 173|19 3 0 15 -5
2365 昆盈|電腦及週|10 45 20|88 88 78 183|0.4 2392|1 -0 0 7 38
2367 燿華|電子零組|29 23 15|89 89 2 55|1.4 483|13 3 0 10 -14
2368 金像電|電子零組|35 40 18|76 83 7 -16|0.4 1073|16 0 1 10 -19
2369 菱生|半導體業|-4 -6 -14|71 79 -14 -19|0.4 21|14 7 0 -7 -20
2371 大同|電機機械|8 -2 -14|65 65 -16 -10|0.3 625|10 3 0 2 -33
2374 佳能|光電業|15 36 15|81 81 -18 98|0.3 279|5 -1 0 4 11
2375 凱美|電子零組|10 14 11|92 96 0 13|0.4 21|8 15 0 -6 -18
2376 技嘉|電腦及週|119 131 22|69 73 -18 -27|0.6 2317|17 -9 -1 10 2
2377 微星|電腦及週|14 10 -8|93 95 2 1|1.5 570|25 -16 4 30 139
2379 瑞昱|半導體業|19 16 3|89 89 3 -9|0.5 860|56 -5 6 -11 -19
2382 廣達|電腦及週|43 33 30|78 78 -3 14|0.6 6043|28 -10 1 5 48
2383 台光電|電子零組|59 61 5|88 95 11 -2|1.0 2066|26 4 1 -1 7
2385 群光|電子零組|4 -1 4|66 66 -15 -23|0.5 382|33 -16 5 3 -6
2387 精元|電腦及週|18 5 5|90 90 -3 -6|0.3 46|19 10 0 23 -20
2388 威盛|半導體業|-32 -23 -45|74 92 12 -1|1.2 1241|13 10 0 2 5
2392 正崴|電子零組|9 23 15|78 78 1 59|0.7 466|9 -9 0 14 59
2393 億光|光電業|30 23 11|100 100 18 70|0.5 150|27 8 5 15 -37
2395 研華|電腦及週|4 -8 6|88 88 -1 -9|0.8 251|41 -12 1 -6 6
2397 友通|電腦及週|-40 -40 -2|87 87 -5 26|1.7 107|23 -0 0 22 50
2399 映泰|電腦及週|13 11 9|86 93 5 -4|4.7 31|5 3 0 -17 -13
2401 凌陽|半導體業|15 24 7|81 81 -11 -0|0.2 100|17 -3 1 6 -12
2402 毅嘉|電子零組|12 15 7|93 96 28 31|2.2 319|10 2 0 -5 9
2404 漢唐|其他電子|-5 -23 -15|80 80 -3 -11|0.3 215|23 7 15 -10 -11
2405 輔信|電腦及週|2 7 -2|79 79 7 20|0.7 143|7 -5 0 9 42
2406 國碩|光電業|149 220 150|73 73 -7 19|0.2 54|10 3 0 1 -22
2408 南亞科|半導體業|13 32 9|65 69 -18 -21|0.5 562|13 -19 -2 -2 34
2409 友達|光電業|17 14 -9|87 87 -2 3|0.6 681|24 0 0 5 -46
2412 中華電|通信網路|1 0 -2|97 97 -2 3|0.6 1063|16 23 1 -76 -59
2417 圓剛|電腦及週|17 1 1|82 82 -1 -6|0.6 148|2 -2 0 17 7
2419 仲琦|通信網路|23 3 29|77 82 0 -1|0.3 35|3 15 0 -5 -14
2420 新巨|電子零組|13 10 15|100 100 20 43|2.6 59|7 6 2 192 -20
2421 建準|電子零組|23 16 16|65 71 -19 -23|0.5 295|19 -2 -1 5 -10
2423 固緯|其他電子|11 3 3|85 85 -4 -1|0.8 9|6 -7 0 -29 12
2425 承啟|電腦及週|-40 -23 -28|82 94 6 -6|9.0 16|4 -3 0 43 -9
2426 鼎元|光電業|11 11 2|99 99 25 23|6.5 10|10 1 0 21 -8
2427 三商電|資訊服務|4 0 -34|81 81 -7 19|0.1 32|3 1 0 -6 -5
2428 興勤|電子零組|12 8 10|96 96 7 5|0.4 55|16 5 0 6 -17
2429 銘旺科|光電業|-52 -56 -7|71 71 60 52|1.6 67|2 2 0 na na
2436 偉詮電|半導體業|16 8 -11|73 86 -11 -9|0.5 34|6 9 -1 -3 -21
2438 翔耀|光電業|125 138 44|71 71 96 161|0.3 24|2 -1 0 na na
2439 美律|通信網路|59 31 15|99 99 14 28|0.7 400|34 -1 2 19 -4
2441 超豐|半導體業|11 13 -0|96 96 -1 -2|1.0 50|13 1 1 -5 42
2442 新美齊|建材營造|95 -18 -1285|87 87 -0 20|0.4 97|4 -4 0 -5 5
2444 兆勁|通信網路|-36 -24 -9|83 83 6 13|0.5 7|5 4 0 na na
2449 京元電子|半導體業|14 13 8|90 90 36 4|0.3 2260|29 -6 3 -12 8
2451 創見|半導體業|-2 -11 -12|77 77 -10 26|0.3 54|10 -10 19 11 1
2453 凌群|資訊服務|22 11 1|80 80 -14 5|0.2 36|8 3 0 4 -10
2454 聯發科|半導體業|44 30 5|82 82 -0 -0|0.6 5623|60 -4 3 -1 -16
2455 全新|通信網路|17 29 -49|77 77 4 -12|1.0 293|26 -12 -3 55 43
2457 飛宏|電子零組|-20 -23 -5|56 70 -23 -29|0.5 56|9 18 -1 -5 -34
2458 義隆|半導體業|-0 4 -26|84 84 -8 -8|0.7 199|29 -23 -0 -12 34
2460 建通|電子零組|25 49 19|69 75 -15 -20|0.2 7|2 20 0 -0 -15
2461 光群雷|其他電子|-4 -5 -2|92 92 -4 6|0.6 11|6 -3 0 2 4
2462 良得電|電子零組|15 22 20|78 92 -2 -9|0.5 8|2 4 0 -3 15
2464 盟立|其他電子|-16 -8 14|87 87 25 116|0.8 1844|4 0 -0 1 -2
2465 麗臺|電腦及週|12 -3 -20|60 66 -25 -28|0.9 111|1 2 0 -18 -26
2467 志聖|電子零組|49 67 48|92 92 78 89|1.7 1152|12 1 1 53 12
2468 華經|資訊服務|46 4 3|69 81 -9 -12|0.7 5|2 3 0 3 -39
2471 資通|資訊服務|19 26 24|89 89 -3 -2|0.2 6|4 6 0 -0 -15
2472 立隆電|電子零組|27 21 14|91 91 9 25|0.5 108|9 -1 -2 -0 -13
2474 可成|其他電子|15 -16 11|98 98 6 19|0.5 399|32 6 17 -24 -20
2476 鉅祥|電子零組|32 21 22|93 93 19 44|0.7 406|14 5 0 6 -12
2477 美隆電|其他電子|-22 -1 -2|87 87 19 35|1.0 14|23 2 0 9 34
2478 大毅|電子零組|13 11 7|90 90 -2 14|0.3 10|6 6 0 16 26
2480 敦陽科|資訊服務|2 -5 -6|96 96 -0 -3|0.3 11|5 19 -0 55 -16
2481 強茂|半導體業|9 -3 -6|79 84 -2 -5|0.2 82|10 11 -1 -0 -9
2482 連宇|其他電子|-25 -51 1|62 75 -19 2|0.3 12|2 4 0 2 -2
2484 希華|電子零組|-1 -6 9|83 87 -3 -11|0.6 8|5 6 0 -2 -7
2485 兆赫|通信網路|-84 -54 -17|61 80 -15 -20|0.4 13|6 14 0 -3 -21
2486 一詮|光電業|12 14 -0|72 72 0 112|0.9 1093|11 0 0 -16 -19
2488 漢平|其他電子|24 12 -0|100 100 3 17|1.3 14|10 8 0 3 -29
2489 瑞軒|光電業|71 58 20|86 86 13 59|0.3 326|14 5 -0 8 -48
2492 華新科|電子零組|9 8 1|78 86 -3 7|0.3 148|11 4 0 -8 -18
2493 揚博|電子零組|27 16 9|83 83 -7 -0|0.3 11|6 -1 0 -6 -15
2495 普安|電腦及週|20 10 12|90 90 17 50|0.9 57|19 0 2 13 -10
2497 怡利電|汽車工業|13 28 14|98 100 18 29|1.6 85|4 8 0 24 -32
2498 宏達電|通信網路|-4 -23 -5|81 90 3 -3|0.5 158|11 26 -0 -13 -24
2501 國建|建材營造|12 9 -34|67 67 -22 52|0.4 132|8 7 -2 -24 -12
2504 國產|建材營造|1 5 3|100 100 23 55|0.7 281|13 -5 16 4 -29
2505 國揚|建材營造|-100 999 423|87 87 -3 24|0.3 17|7 -3 0 -11 -23
2506 太設|建材營造|8 39 -80|85 85 -7 17|0.3 16|6 3 0 -3 -16
2509 全坤建|建材營造|3159 1997 1491|88 88 0 33|0.3 19|4 5 0 -6 -5
2511 太子|建材營造|3 6 7|84 84 -4 12|0.3 22|6 -8 0 -2 3
2514 龍邦|其他|26 45 -114|83 83 -5 40|0.3 22|5 -8 0 2 3
2515 中工|建材營造|13 6 -12|72 72 -20 6|1.0 188|9 -0 0 -3 8
2516 新建|建材營造|-8 20 -1|80 85 1 -9|0.2 9|6 -20 0 na na
2520 冠德|建材營造|117 166 118|88 88 -4 53|0.5 531|22 5 -4 -4 -12
2524 京城|建材營造|565 272 85|89 89 110 225|1.3 330|1 -0 1 12 43
2527 宏璟|建材營造|82 201 -96|63 63 -17 17|0.4 35|41 -2 0 2 -19
2528 皇普|建材營造|1714 1167 896|80 80 -10 12|0.5 54|2 -6 0 1 -1
2530 華建|建材營造|144776 89621 45287|81 81 -1 23|0.4 82|5 3 -0 10 -37
2534 宏盛|建材營造|-4 -9 39|90 90 -2 29|0.5 47|8 -7 -0 4 -24
2535 達欣工|建材營造|11 28 23|89 89 1 13|0.4 11|7 1 0 -9 -25
2536 宏普|建材營造|193 259 -2023|87 87 -2 21|0.5 22|10 5 0 -1 -11
2537 聯上發|建材營造|12810 55922 35833|79 79 2 119|0.6 218|2 1 0 3 -12
2538 基泰|建材營造|216 778 475|89 89 4 22|0.3 37|15 -6 0 -6 -27
2539 櫻花建|建材營造|na na na|82 82 -8 11|0.6 79|4 -4 -0 -1 -23
2540 愛山林|建材營造|15 17 -61|90 90 8 125|1.1 375|3 2 -3 8 24
2542 興富發|建材營造|-33 -8 -200|83 83 17 37|0.4 609|13 -5 0 -8 8
2543 皇昌|建材營造|4 46 11|100 100 64 112|1.4 1010|7 4 0 14 -28
2545 皇翔|建材營造|146 297 0|87 87 4 50|1.2 131|7 0 0 20 57
2546 根基|建材營造|-5 -11 3|65 65 -13 -6|0.3 11|3 -9 0 51 6
2547 日勝生|建材營造|2 -6 -24|88 88 -0 22|0.4 24|15 -2 0 1 -23
2548 華固|建材營造|1555 2327 1215|84 84 3 61|0.3 225|14 0 1 17 -25
2596 綠意|建材營造|-81 32 -507|83 83 18 52|0.6 18|1 -3 0 13 58
2597 潤弘|建材營造|20 22 16|62 62 -17 12|0.4 108|4 -13 -0 -42 49
2603 長榮|航運業|132 88 71|82 82 -16 1|0.6 3656|20 4 2 -4 -17
2605 新興|航運業|21 26 18|81 81 -16 7|0.5 90|41 -4 0 -0 -25
2606 裕民|航運業|-3 10 -6|87 87 -11 -1|0.4 149|12 13 0 -8 -35
2607 榮運|航運業|76 48 20|86 89 -6 -9|0.3 34|10 1 0 4 1
2608 嘉里大榮|航運業|7 3 1|92 92 -6 11|0.3 7|5 8 -0 3 -22
2609 陽明|航運業|122 78 72|74 74 -23 31|0.3 2311|18 -2 -0 3 -34
2610 華航|航運業|11 8 -9|87 87 -3 8|0.5 440|14 -9 -1 4 -4
2611 志信|航運業|7 4 -14|70 70 -29 30|0.1 18|4 -4 0 4 -2
2612 中航|航運業|17 16 9|71 84 -14 -7|0.3 6|3 9 0 -4 -18
2613 中櫃|航運業|3 6 -2|65 65 -26 39|0.1 17|4 7 0 -4 -3
2614 東森|其他|-2 -1 -1|80 92 1 2|0.6 15|5 9 0 -8 -23
2615 萬海|航運業|144 96 86|84 84 -8 66|0.5 2105|41 0 -0 9 24
2617 台航|航運業|27 18 11|79 79 -17 -10|0.3 16|7 -21 0 -0 22
2618 長榮航|航運業|6 10 -16|91 91 -1 10|0.6 986|20 9 10 -2 -5
2630 亞航|航運業|21 6 -7|76 76 -15 8|0.6 16|1 6 0 na -14
2633 台灣高鐵|航運業|4 7 -4|96 96 -1 -1|0.8 90|10 17 5 -4 7
2634 漢翔|航運業|-11 -7 -12|79 84 -8 5|0.4 152|1 -8 11 -6 8
2636 台驊控股|航運業|123 116 76|77 77 -17 -2|0.4 45|18 -17 0 9 -10
2637 慧洋-KY|航運業|51 29 19|86 86 -12 10|0.5 131|21 9 -1 -2 -20
2641 正德|航運業|28 21 -7|81 81 -18 -3|0.3 26|1 -2 0 1 10
2645 長榮航太|航運業|-1 0 -15|73 82 -9 -4|0.3 37|4 -1 0 -5 2
2704 國賓|觀光餐旅|1 8 14|80 80 -11 35|0.3 11|12 -1 0 2 -0
2707 晶華|觀光餐旅|-18 -14 -13|84 84 -4 4|0.5 28|6 18 -5 -5 -10
2718 全心投控|建材營造|3322 1052 208|86 86 26 47|0.3 14|0 7 0 na na
2723 美食-KY|觀光餐旅|-10 -8 -1|73 91 -7 -2|0.4 15|44 25 0 -4 -15
2727 王品|觀光餐旅|-6 -0 -4|81 90 -6 -9|0.4 68|12 34 0 4 -39
2729 瓦城|觀光餐旅|-2 9 -2|80 92 0 0|0.4 6|1 -4 0 -34 13
2731 雄獅|觀光餐旅|23 26 -198|86 86 -5 18|0.3 100|7 -4 -1 -5 -12
2732 六角|觀光餐旅|-6 -4 -1|76 76 -6 -15|0.8 6|4 17 0 -3 -15
2739 寒舍|觀光餐旅|-5 2 -11|75 75 -10 20|0.4 52|4 -5 -3 -1 1
2743 山富|觀光餐旅|36 39 -324|66 66 -23 4|0.2 32|1 0 0 -13 -18
2745 五福|觀光餐旅|30 49 -743|70 70 -16 30|0.2 35|1 -7 0 0 109
2748 雲品|觀光餐旅|-8 1 -6|67 80 -13 -14|0.3 10|1 5 0 2 -14
2753 八方雲集|觀光餐旅|7 8 -1|87 88 -7 -6|1.1 14|7 14 0 -15 -0
2754 亞洲藏壽司|觀光餐旅|-6 -1 -15|71 89 -0 -8|0.8 8|70 -1 0 8 -18
2762 世界健身-KY|運動休閒|1 4 na|na 78 -6 -13|2.6 9|82 -3 0 621 na
2801 彰銀|金融保險|15 8 1|96 96 1 2|0.7 346|15 4 0 -25 15
2809 京城銀|金融保險|-77 -34 -79|79 79 -10 12|0.3 97|13 -5 11 5 -15
2812 台中銀|金融保險|11 10 -3|94 94 1 9|0.6 83|11 -3 -0 -6 -2
2816 旺旺保|金融保險|-8 -0 -9|83 90 1 -5|1.6 17|2 -9 0 13 15
2820 華票|金融保險|2 3 -65|96 96 -2 1|0.4 8|7 13 0 5 -20
2832 台產|金融保險|26 13 1|97 97 10 16|0.8 15|5 22 0 12 16
2834 臺企銀|金融保險|1 5 1|83 83 -6 9|0.4 260|19 -10 0 -22 -66
2836 高雄銀|金融保險|16 15 9|93 93 6 10|0.5 21|7 0 0 15 -6
2838 聯邦銀|金融保險|3 3 -1|91 91 -1 6|0.4 21|3 15 0 -20 5
2845 遠東銀|金融保險|12 3 -1|84 84 -6 5|1.1 175|12 -16 2 38 199
2850 新產|金融保險|1 -0 -5|90 90 5 42|0.3 24|10 11 8 -39 -9
2851 中再保|金融保險|-6 -1 -10|96 96 2 25|1.1 47|4 14 0 24 -28
2852 第一保|金融保險|3 2 -6|96 96 -2 29|1.0 13|7 4 0 -20 -8
2855 統一證|金融保險|-34 2 -36|91 91 -1 20|0.3 39|10 -3 10 -1 -4
2880 華南金|金融保險|24 15 1|94 94 8 21|0.7 418|18 11 4 13 -57
2881 富邦金|金融保險|74 46 -63|100 100 31 40|0.8 1750|21 20 2 20 -19
2882 國泰金|金融保險|30 -11 -83|98 98 15 43|0.6 1503|24 13 2 5 -19
2883 凱基金|金融保險|165 3 -139|97 97 15 25|0.5 637|26 11 2 7 71
2884 玉山金|金融保險|41 33 8|96 96 2 16|0.6 589|30 22 1 -22 -24
2885 元大金|金融保險|14 10 -9|92 92 1 12|0.5 545|29 2 5 2 32
2886 兆豐金|金融保險|17 10 -20|94 94 3 2|0.7 968|22 12 8 33 -45
2887 台新新光金|金融保險|14 17 13|93 93 5 9|1.2 607|25 4 1 30 -85
2888 新光金|金融保險|-30 -17 -70|100 100 39 59|1.1 2398|19 3 0 181 8
2889 國票金|金融保險|18 20 -6|93 93 6 28|0.4 74|11 20 21 -12 -18
2890 永豐金|金融保險|17 18 -4|90 90 6 21|0.8 540|27 -3 10 48 -68
2891 中信金|金融保險|24 15 -120|85 85 -5 15|2.1 2683|33 -26 5 165 352
2892 第一金|金融保險|7 2 3|95 95 2 3|0.7 404|23 5 3 13 -29
2897 王道銀行|金融保險|30 7 5|96 96 1 7|0.4 38|9 5 0 -9 -52
2903 遠百|貿易百貨|-9 -5 -1|84 84 -6 22|0.5 57|11 -11 13 -23 -8
2905 三商|貿易百貨|2 -15 -185|96 96 11 63|0.9 64|6 0 0 -8 40
2906 高林|貿易百貨|23 16 6|87 87 -3 5|0.3 6|5 -3 0 1 -9
2908 特力|貿易百貨|3 5 1|98 98 2 4|1.1 7|2 -2 0 1 3
2912 統一超|貿易百貨|6 6 -1|98 98 9 10|1.2 413|27 43 5 -2 -15
2913 農林|貿易百貨|-2 10 10|87 89 -1 3|0.5 36|7 0 0 -0 -7
2915 潤泰全|貿易百貨|10 6 7|98 98 21 40|0.5 255|7 5 2 6 -24
3003 健和興|電子零組|21 8 12|100 100 15 39|3.0 114|8 11 0 25 -25
3004 豐達科|鋼鐵工業|15 17 -6|82 82 -7 2|0.4 5|4 7 0 -4 -16
3005 神基|電腦及週|4 -2 -6|76 76 0 -2|0.2 252|15 9 4 -8 -16
3006 晶豪科|半導體業|-0 13 -1|72 73 -15 -11|0.3 180|15 2 0 -6 -23
3008 大立光|光電業|55 46 20|98 98 36 29|1.1 3092|36 -6 4 35 -34
3010 華立|電子通路|24 29 13|89 89 9 23|1.1 167|9 -12 -0 96 38
3011 今皓|電子零組|12 -4 1|71 92 2 -4|1.3 19|3 3 0 na na
3013 晟銘電|電腦及週|89 96 70|85 85 24 83|0.4 1909|8 -1 -0 10 196
3014 聯陽|半導體業|4 -1 -23|78 78 -16 -15|0.4 81|24 -14 2 10 -13
3015 全漢|電子零組|-16 -15 -1|95 95 -1 15|3.6 20|11 -9 2 32 1
3016 嘉晶|半導體業|-3 -3 11|84 84 -1 7|0.3 31|3 7 0 -6 -10
3017 奇鋐|電腦及週|19 15 -4|72 72 -15 1|0.6 4813|41 -5 0 11 4
3019 亞光|光電業|44 37 24|95 95 84 97|1.7 3333|23 4 -0 9 -47
3022 威強電|電腦及週|-2 -10 9|81 81 -4 -0|0.3 96|19 -0 0 -15 -26
3023 信邦|電子零組|3 -2 3|91 91 6 17|0.6 316|56 22 0 22 -36
3024 憶聲|光電業|16 -1 -6|87 87 -3 21|0.2 50|2 -3 0 -1 18
3025 星通|通信網路|150 43 -34|83 85 -5 2|0.3 58|3 4 0 -6 -21
3026 禾伸堂|電子零組|7 -1 7|91 91 -8 -4|0.3 14|12 33 0 -3 -16
3027 盛達|通信網路|41 -9 -50|76 76 -6 -13|0.3 15|1 11 2 -2 -17
3028 增你強|電子通路|15 16 2|90 91 -7 -7|0.5 17|6 -9 0 -3 7
3029 零壹|資訊服務|37 49 32|80 80 26 30|0.1 77|9 -8 0 8 -26
3030 德律|其他電子|113 78 40|85 85 -10 110|0.5 373|19 -1 -0 24 -23
3031 佰鴻|光電業|36 29 29|90 90 -4 11|1.5 7|4 -8 0 7 5
3032 偉訓|電子零組|-33 -28 -34|86 88 -1 -2|2.0 131|4 2 1 43 -2
3033 威健|電子通路|24 26 12|90 90 -5 14|1.2 65|10 -2 0 4 -17
3034 聯詠|半導體業|-4 -13 -23|84 84 -11 -9|0.6 1435|34 -9 11 1 -8
3035 智原|半導體業|-3 -7 6|66 82 0 -17|0.5 1595|22 4 -2 1 -48
3036 文曄|電子通路|76 94 39|67 71 1 -26|0.7 504|17 -9 4 -2 -2
3037 欣興|電子零組|17 12 21|75 75 -12 -6|0.7 3080|45 -8 -2 6 -23
3038 全台|光電業|-27 -24 -5|76 82 -15 -15|0.7 11|6 -9 2 9 3
3040 遠見|其他|-38 -22 -14|99 99 7 29|2.5 7|15 5 0 53 -1
3041 揚智|半導體業|68 50 46|59 70 -7 -32|0.4 8|11 11 0 -7 -38
3042 晶技|電子零組|24 20 8|98 98 5 18|0.5 206|15 3 2 -9 -12
3044 健鼎|電子零組|14 15 7|87 87 -4 -2|0.3 635|38 -15 6 11 6
3045 台灣大|通信網路|8 9 0|97 97 6 15|0.4 701|15 34 14 -19 -71
3046 建碁|電腦及週|78 44 -13|82 100 6 5|1.0 42|4 12 0 -2 -37
3047 訊舟|通信網路|139 121 102|93 93 80 167|0.6 1308|8 1 0 30 -7
3048 益登|電子通路|22 11 7|85 85 29 81|0.2 347|3 1 0 -2 1
3050 鈺德|光電業|11 8 1|79 79 2 5|0.3 43|8 -3 0 9 46
3051 力特|光電業|-14 -16 4|77 81 1 -15|1.7 15|2 4 4 0 -20
3052 夆典|建材營造|-12 -22 -25|91 91 -3 1|0.3 10|5 -6 0 16 -29
3055 蔚華科|電子通路|-2 -12 19|70 70 -14 9|0.3 40|3 4 0 -8 1
3056 富華新|建材營造|-91 88 105|95 95 9 39|0.6 106|6 2 -0 17 -13
3058 立德|電子零組|-9 -14 2|69 69 -19 -17|0.4 10|5 5 0 -0 -9
3059 華晶科|光電業|-20 -19 10|86 86 -11 12|0.9 68|13 -2 0 4 -15
3060 銘異|電腦及週|19 37 3|74 74 -16 32|0.3 33|10 5 0 -6 -19
3062 建漢|通信網路|15 28 45|100 100 41 70|1.3 495|19 4 0 36 -14
3066 李洲|光電業|40 16 16|96 96 36 19|6.6 6|1 1 0 12 2
3071 協禧|電腦及週|19 10 17|78 79 -16 -8|0.3 6|2 16 0 -1 -6
3073 天方能源|綠能環保|-0 -12 14|81 81 149 202|0.6 64|0 -0 0 20 89
3078 僑威|電子零組|-25 -30 -51|83 89 -5 -8|1.5 62|5 2 1 -3 -11
3081 聯亞|通信網路|89 35 51|100 100 39 32|3.6 176|17 2 0 11 17
3083 網龍|文化創意|93 79 41|77 77 -15 -0|0.3 11|3 3 0 5 -8
3086 華義*|文化創意|17 8 -17|95 95 29 34|1.6 103|41 2 0 24 -10
3088 艾訊|電腦及週|-2 -9 1|82 82 -9 12|0.3 25|7 5 4 -2 -18
3090 日電貿|電子零組|20 11 -3|89 89 -9 6|0.3 21|10 -5 8 9 -10
3094 聯傑|半導體業|9 -19 11|80 82 7 -7|0.3 11|2 4 0 -0 -6
3095 及成|通信網路|49 47 1|81 81 77 141|0.6 7|4 6 0 na na
3105 穩懋|半導體業|17 16 -18|78 78 1 -8|0.6 370|20 -3 -4 11 -4
3122 笙泉|半導體業|21 16 5|65 65 -19 -4|0.1 14|4 -2 0 -1 -15
3131 弘塑|半導體業|9 6 -1|88 88 67 110|1.3 2344|16 6 -3 na -16
3138 耀登|通信網路|-5 1 3|74 90 -5 -4|0.7 17|2 18 0 -4 -24
3141 晶宏|半導體業|-25 -17 -0|76 76 -24 -4|0.3 21|8 -6 0 0 9
3147 大綜|資訊服務|46 9 -17|97 97 36 26|4.4 133|6 5 0 46 -8
3149 正達|光電業|24 25 26|94 94 31 32|4.9 22|0 -3 0 na na
3152 璟德|通信網路|12 10 -8|64 73 -15 -21|0.3 13|17 3 0 -1 -40
3162 精確|電機機械|47 34 19|65 86 11 -14|0.7 9|45 15 0 -5 -17
3163 波若威|通信網路|-37 -33 -23|96 96 65 58|1.1 1938|5 -1 0 8 -3
3167 大量|電機機械|168 120 69|89 89 46 47|1.3 897|7 2 0 84 0
3169 亞信|半導體業|7 0 6|80 84 -11 -13|0.5 13|2 13 5 1 -40
3178 公準|半導體業|-10 -15 -9|63 63 -19 -23|0.4 9|2 17 0 -8 -16
3188 鑫龍騰|建材營造|499 na na|78 78 36 101|0.5 164|1 -5 0 6 30
3189 景碩|半導體業|39 23 28|87 87 23 18|1.4 1667|14 -2 -0 12 16
3202 樺晟|電子零組|31 24 -7|80 80 -17 27|0.2 14|3 -0 0 14 11
3206 志豐|電子零組|11 8 12|95 98 4 1|0.3 7|5 15 0 -4 19
3207 耀勝|電子零組|97 72 73|87 87 4 51|0.6 34|5 3 0 -1 -3
3209 全科|電子通路|-21 -5 11|99 99 5 6|0.7 17|4 26 0 -19 -15
3211 順達|電腦及週|-32 -23 -8|90 90 10 24|0.2 84|17 -1 -0 -9 -3
3213 茂訊|電腦及週|-6 -1 -14|94 94 -4 28|1.4 27|7 5 0 19 -5
3217 優群|電子零組|22 10 -15|80 81 -2 -7|0.7 105|4 5 -9 12 -22
3218 大學光|生技醫療|-1 3 -3|68 80 -9 -17|0.6 41|10 11 0 -4 -29
3219 倚強科|其他電子|4 31 30|73 73 42 39|0.4 7|0 -5 0 15 177
3221 台嘉碩|通信網路|10 6 8|81 87 -7 -2|0.3 6|7 3 0 -9 -9
3224 三顧|電子通路|-3 -16 -3|91 91 1 26|0.8 5|2 17 0 -1 -9
3227 原相|半導體業|48 53 -4|97 97 32 35|1.0 837|34 12 1 24 -37
3228 金麗科|半導體業|39 127 70|48 48 -35 -45|1.0 165|8 -1 0 -11 30
3230 錦明|光電業|-40 -42 -17|100 100 199 357|0.4 42|4 5 0 2367 na
3231 緯創|電腦及週|27 21 15|76 76 -11 -14|0.5 2171|23 4 1 -4 -14
3234 光環|通信網路|-19 -12 -4|75 75 -12 16|0.8 34|2 -0 0 -18 na
3257 虹冠電|半導體業|-36 -26 -129|61 75 -16 -22|0.4 5|2 -3 0 -5 2
3260 威剛|半導體業|34 32 -7|80 80 -14 2|0.8 428|9 -12 0 23 69
3264 欣銓|半導體業|-0 -3 1|84 84 -4 -9|1.3 158|19 -7 -0 -8 5
3265 台星科|半導體業|10 11 -1|84 84 -3 -4|0.7 59|2 -4 3 9 7
3266 昇陽|建材營造|-97 -5 -268|88 88 -10 21|0.4 7|9 -9 0 2 11
3284 太普高|其他|206 118 74|86 86 60 140|0.9 73|3 -0 0 61 -30
3287 廣寰科|電腦及週|14 36 -28|75 75 -13 19|0.4 16|2 7 0 -1 -3
3289 宜特|其他電子|0 4 2|100 100 22 32|0.9 412|18 6 1 18 -32
3290 東浦|電子零組|19 11 9|100 100 21 50|1.1 26|8 6 0 -10 -6
3293 鈊象|文化創意|32 33 8|90 90 47 43|1.2 2143|27 -7 1 19 -1
3294 英濟|電子零組|6 9 -1|58 67 -8 -28|1.9 34|7 1 0 -3 0
3296 勝德|電子零組|0 22 28|84 84 16 11|0.5 15|5 -4 0 8 -13
3297 杭特|光電業|35 28 6|70 70 17 34|0.2 9|2 -0 0 -1 2
3303 岱稜|其他電子|52 30 9|87 87 37 88|1.7 137|7 -3 0 288 10
3305 昇貿|其他電子|43 37 30|83 83 -8 3|0.3 44|8 -9 0 6 -25
3306 鼎天|通信網路|-29 -21 -23|81 81 -11 21|0.1 13|2 6 0 -9 12
3312 弘憶股|電子通路|22 18 9|78 78 26 104|0.4 685|1 -2 0 -1 -26
3313 斐成|建材營造|na na na|70 73 -6 -14|0.4 11|0 1 0 -6 -7
3317 尼克森|半導體業|-10 -4 -7|87 99 5 5|0.5 10|4 11 0 -4 -28
3321 同泰|電子零組|7 22 -11|78 78 -7 -6|0.3 5|3 -2 0 na na
3322 建舜電|電子零組|-4 14 -2|85 85 3 -4|1.0 34|3 1 0 76 -2
3324 雙鴻|其他電子|28 61 41|63 63 -25 6|0.6 2533|16 -3 -1 8 23
3325 旭品|電腦及週|3 -23 -43|57 58 -29 -37|1.2 10|2 4 0 1 -10
3338 泰碩|電子零組|5 8 -1|81 81 -11 8|0.2 82|5 5 -0 -4 -16
3339 泰谷|光電業|31 33 14|87 87 4 84|0.9 130|4 1 0 -3 -28
3346 麗清|汽車工業|17 18 -6|72 79 -4 -19|0.3 15|2 21 0 -4 -18
3356 奇偶|光電業|4 -10 -8|94 94 -4 42|0.7 67|12 7 0 -12 -7
3357 臺慶科|電子零組|49 33 27|97 97 11 21|0.4 97|15 9 1 7 -1
3362 先進光|光電業|14 7 -12|98 98 18 10|2.2 371|6 10 1 2 24
3363 上詮|通信網路|17 13 10|96 96 28 56|1.7 970|4 3 1 31 -32
3372 典範|半導體業|3 4 -10|70 70 -22 -9|0.2 11|1 6 0 -5 -11
3374 精材|半導體業|26 26 18|93 93 105 103|0.8 4213|11 2 -1 -5 -32
3376 新日興|電子零組|32 37 5|83 83 3 13|0.7 1581|24 1 1 -15 13
3379 彬台|電機機械|141 109 55|85 85 68 177|0.4 85|0 -1 0 10 140
3380 明泰|通信網路|-6 -19 9|90 96 1 2|1.3 40|6 22 3 -9 -25
3390 旭軟|電子零組|64 42 20|94 95 8 15|2.7 62|8 3 0 49 -6
3402 漢科|其他電子|32 34 11|87 87 18 24|0.5 55|4 8 0 15 -18
3406 玉晶光|光電業|6 50 2|84 84 3 42|1.1 952|34 -10 3 23 -24
3413 京鼎|半導體業|54 28 30|86 86 12 39|0.7 466|36 -11 11 39 31
3416 融程電|電腦及週|15 11 11|87 87 -12 5|0.3 22|3 -2 0 -21 -7
3419 譁裕|通信網路|24 32 45|85 85 -1 1|0.4 7|4 3 0 -4 0
3430 奇鈦科|化學工業|4 6 -0|94 94 5 28|2.5 16|5 3 0 48 9
3437 榮創|光電業|2 3 -16|72 89 -1 -10|3.8 12|4 -2 0 8 -2
3438 類比科|半導體業|22 12 -1|84 84 7 -2|0.6 15|3 12 0 -2 -17
3441 聯一光電|光電業|71 22 22|94 94 7 11|2.6 13|3 3 0 18 10
3443 創意|半導體業|31 17 21|58 65 -31 -26|0.4 2233|26 1 -1 -5 -30
3444 利機|電子通路|16 15 4|70 70 -15 -7|0.7 29|10 -8 0 20 23
3447 展達|通信網路|25 -6 46|91 100 26 13|2.9 10|1 1 0 76 -2
3450 聯鈞|半導體業|44 34 26|100 100 116 153|1.9 2779|26 3 1 7 46
3454 晶睿|光電業|-44 -37 -1|70 80 -13 -17|0.6 19|3 25 0 -6 -26
3455 由田|光電業|12 8 24|91 91 28 74|0.9 383|15 4 1 -5 -14
3466 德晉|通信網路|-33 -67 3|72 72 -14 173|0.5 33|9 6 0 1 2
3479 安勤|電腦及週|3 3 13|92 94 5 7|1.4 24|5 8 6 7 -8
3481 群創|光電業|-5 -2 -12|84 91 3 -3|1.0 1914|23 -8 -0 -5 573
3483 力致|電腦及週|5 9 -9|76 76 -7 12|0.4 319|5 0 -1 2 31
3484 崧騰|電子零組|40 33 35|100 100 24 44|3.1 30|12 8 0 51 97
3489 森寶|建材營造|43 74 48|76 76 7 56|0.5 16|2 -8 0 5 59
3490 單井|光電業|-32 -7 19|80 80 3 39|1.0 27|5 6 0 8 9
3491 昇達科|通信網路|57 79 59|100 100 22 115|1.5 677|21 3 5 9 -2
3492 長盛|電子零組|21 2 -3|80 80 29 41|1.5 16|1 -1 0 -24 62
3498 陽程|其他電子|-82 -69 -5|81 81 32 66|1.7 181|3 1 0 24 13
3501 維熹|電子零組|39 23 21|94 94 12 38|0.5 26|13 3 0 58 8
3504 揚明光|光電業|8 -9 13|79 91 0 -4|0.4 10|3 29 0 -9 -28
3515 華擎|電腦及週|53 36 11|68 75 -10 -26|2.1 69|8 -7 -0 13 -2
3518 柏騰|其他電子|32 1 -5|94 94 30 19|1.1 205|4 -0 0 8 50
3520 華盈|電子零組|76 46 31|88 88 7 16|0.6 13|6 8 0 -11 25
3522 御嵿|觀光餐旅|-6 9 -2|80 80 39 23|1.7 91|1 0 0 na na
3526 凡甲|電子零組|26 23 -7|97 97 -1 15|0.7 41|21 20 4 -2 2
3528 安馳|電子通路|-12 -14 8|96 96 14 13|1.3 20|2 -2 0 19 -6
3529 力旺|半導體業|19 24 1|80 89 8 -6|0.5 906|60 -6 10 -17 6
3530 晶相光|半導體業|59 37 23|67 81 -11 -15|0.3 11|41 16 1 -2 -21
3532 台勝科|半導體業|-13 -12 1|78 80 -15 -9|0.3 45|47 -1 -1 -6 8
3533 嘉澤|電子零組|24 26 17|87 87 -5 28|0.6 1112|45 -17 6 1 12
3535 晶彩科|光電業|-23 723 584|89 89 159 241|1.0 1118|2 -0 0 41 8
3537 堡達|電子零組|-4 3 -7|78 78 4 51|0.2 28|2 -3 0 11 7
3540 曜越|電腦及週|-28 -18 -23|70 70 -21 -26|1.8 12|1 -3 0 11 7
3545 敦泰|半導體業|15 3 -13|61 85 -9 -13|0.3 71|16 11 1 -4 -16
3546 宇峻|文化創意|12 9 10|93 93 -2 11|0.3 6|13 -5 0 9 22
3548 兆利|電子零組|-8 -2 -46|69 69 3 -24|1.8 68|5 7 -0 7 -7
3551 世禾|綠能環保|20 16 12|85 85 5 4|0.6 60|6 -1 0 0 -14
3552 同致|其他電子|-13 -15 -21|63 76 -15 -23|0.5 13|12 11 0 -10 -4
3557 嘉威|居家生活|37 36 19|92 92 -4 18|0.3 13|7 -9 0 -16 -2
3558 神準|通信網路|-36 -37 -6|61 77 -4 -20|0.6 39|2 15 2 -11 -26
3563 牧德|光電業|-33 -42 -0|76 76 -2 19|0.4 115|9 6 0 7 -20
3564 其陽|通信網路|84 42 45|69 69 -23 41|0.3 53|3 5 0 -0 -11
3576 聯合再生|光電業|-50 -47 10|72 78 -4 -0|0.3 53|10 6 0 -7 -2
3580 友威科|其他電子|-13 6 16|93 93 95 110|1.3 1246|4 0 0 3 -15
3581 博磊|半導體業|-24 -7 1|89 89 71 62|1.0 171|9 -0 0 44 32
3583 辛耘|半導體業|35 45 10|86 86 23 53|0.8 2548|18 2 -1 8 -20
3587 閎康|其他電子|14 8 1|94 94 9 7|1.2 376|12 4 5 22 -22
3588 通嘉|半導體業|35 42 11|61 63 -18 -29|0.2 18|9 11 0 -0 -10
3591 艾笛森|光電業|26 42 17|80 80 -5 -1|0.6 12|6 -6 0 2 0
3592 瑞鼎|半導體業|23 28 -9|71 71 -16 -24|0.5 123|22 -15 0 8 -14
3593 力銘|電子零組|3 11 14|71 71 37 29|0.6 8|1 3 0 na na
3594 磐儀|電腦及週|-5 -10 10|79 79 -11 5|0.6 37|2 7 0 -17 -28
3596 智易|通信網路|-8 -5 -11|73 73 -11 -15|0.2 91|20 5 7 -14 -9
3605 宏致|電子零組|23 16 13|95 95 14 33|3.4 98|23 8 0 113 -17
3607 谷崧|電子零組|40 45 37|94 94 17 19|0.6 33|11 9 0 -9 8
3609 三一東林|電子零組|-43 -50 -19|75 75 -22 35|0.5 8|2 4 0 -19 -31
3611 鼎翰|電腦及週|15 -2 -3|91 95 3 -3|0.8 10|11 14 0 -13 -9
3615 安可|光電業|-12 -13 -17|88 88 23 23|2.2 23|2 -1 0 21 106
3617 碩天|其他電子|6 6 3|100 100 16 51|1.0 176|10 15 0 25 -48
3622 洋華|光電業|-17 15 -20|77 77 10 19|0.3 42|3 -2 0 5 -10
3624 光頡|電子零組|7 7 13|91 94 5 7|0.6 24|42 10 0 7 -26
3630 新鉅科|光電業|37 34 -8|74 84 -7 -13|0.4 6|35 12 0 1 -24
3631 晟楠|電子零組|-15 -38 12|98 98 21 26|1.6 12|11 7 0 16 -4
3645 達邁|電子零組|33 28 -14|94 94 35 31|2.3 429|14 1 0 124 82
3652 精聯|電腦及週|23 12 12|87 87 41 56|0.7 91|3 2 0 -28 10
3653 健策|電子零組|10 16 13|93 93 27 38|0.8 1518|23 4 3 -4 14
3661 世芯-KY|半導體業|116 93 -1|59 70 -10 -32|0.7 5739|54 5 -1 -17 -26
3663 鑫科|其他電子|138 139 91|90 90 106 116|0.6 1930|1 -0 0 -9 -17
3665 貿聯-KY|其他電子|12 3 7|93 93 57 85|1.2 1688|38 -7 6 10 -16
3669 圓展|通信網路|20 7 4|80 80 -12 -9|0.7 7|3 -5 0 15 23
3673 TPK-KY|光電業|-3 16 25|81 81 18 26|1.1 239|35 -5 0 15 30
3675 德微|半導體業|47 44 31|80 80 -3 27|0.6 101|59 1 1 -11 -5
3679 新至陞|電子零組|20 14 2|88 88 -3 25|0.3 11|10 -10 0 -3 -16
3680 家登|半導體業|74 79 41|96 96 32 30|1.2 700|30 16 -2 -7 -7
3686 達能|半導體業|163 498 43|83 83 44 104|0.4 41|1 -1 0 na na
3687 歐買尬|數位雲端|15 7 3|80 80 -14 -7|0.3 8|4 -0 0 -1 26
3689 湧德|電子零組|-30 -27 -14|98 98 29 20|1.5 365|14 6 0 20 -12
3691 碩禾|光電業|182 283 160|63 63 -15 1|0.3 50|6 10 0 8 -17
3693 營邦|電腦及週|2 4 -24|66 95 10 1|0.5 208|3 6 0 -1 -31
3694 海華|通信網路|3 -0 4|78 81 -11 -10|0.6 19|4 6 0 0 -10
3701 大眾控|電腦及週|7 0 -9|53 66 -24 -32|1.1 16|4 18 0 1 -32
3702 大聯大|電子通路|29 28 10|83 83 -3 -14|0.6 320|29 -20 13 6 14
3703 欣陸|建材營造|46 21 9|86 86 -6 21|0.2 40|22 11 5 -14 -44
3704 合勤控|通信網路|16 1 18|70 78 -3 -12|0.9 26|13 21 3 -10 -28
3705 永信|生技醫療|30 17 5|100 100 3 23|0.8 34|13 14 -0 58 -4
3706 神達|電腦及週|70 55 47|79 79 -4 8|0.3 149|11 13 0 -4 -30
3707 漢磊|半導體業|-22 -24 -1|78 84 4 2|1.2 152|11 10 0 3 -5
3708 上緯投控|綠能環保|5 7 10|72 72 -24 3|0.3 141|10 1 -6 13 -14
3710 連展投控|電子零組|28 22 3|91 91 16 20|0.9 11|5 8 0 na na
3711 日月光投控|半導體業|7 3 7|79 79 -3 -4|0.6 2150|76 -12 2 -3 9
3712 永崴投控|電腦及週|30 80 16|83 83 23 29|0.2 132|3 -2 0 8 28
3714 富采|光電業|15 11 3|85 85 -5 3|0.7 50|17 10 -0 1 -20
3715 定穎投控|電子零組|19 16 2|60 80 8 -14|1.3 531|10 1 1 20 2
4102 永日|生技醫療|62 43 26|96 100 15 6|1.0 9|4 10 0 -13 -10
4104 佳醫|生技醫療|5 8 1|94 94 -2 3|0.5 12|4 22 0 26 -32
4105 東洋|生技醫療|14 5 -5|91 95 -3 -2|0.4 21|15 -5 -0 -10 9
4107 邦特|生技醫療|25 17 12|95 95 10 23|0.4 21|12 8 -0 28 4
4109 加捷生醫|生技醫療|4 71 24|84 84 57 35|0.2 61|2 -3 0 41 -17
4113 聯上|建材營造|1137 218485 130877|72 72 -21 13|0.5 78|2 0 0 -7 -32
4114 健喬|生技醫療|16 2 -3|100 100 5 13|0.3 29|8 9 0 -11 -25
4119 旭富|生技醫療|110 68 46|88 94 -5 -2|0.5 10|7 9 0 8 -11
4123 晟德|生技醫療|34 29 -18|82 82 -6 5|0.3 72|12 7 0 -2 -24
4127 天良|生技醫療|-4 -22 -8|85 85 -11 155|2.3 9|2 -5 0 32 -20
4128 中天|生技醫療|9 12 6|79 98 10 -0|0.8 88|7 25 0 -11 -22
4129 聯合|生技醫療|33 24 3|93 93 8 4|0.3 35|15 23 0 -27 -26
4137 麗豐-KY|生技醫療|-5 -3 -14|73 73 -11 -22|0.5 21|59 10 0 14 -5
4142 國光生|生技醫療|225 95 56|80 98 4 2|0.5 24|8 38 0 -3 -32
4147 中裕|生技醫療|-4 28 -18|73 89 -6 -12|1.1 45|8 8 1 -3 -19
4153 鈺緯|生技醫療|-13 -14 -0|86 86 19 22|0.3 6|1 -0 0 -19 80
4155 訊映|生技醫療|57 30 8|84 91 -4 5|1.4 9|2 1 0 18 -6
4157 太景*-KY|生技醫療|-44 -28 -79|86 88 -6 -0|0.5 15|4 13 0 -4 -11
4160 訊聯基因|生技醫療|8 9 -8|74 74 11 160|0.4 62|2 -1 0 na 100
4162 智擎|生技醫療|-70 63 42|75 87 -5 -7|0.3 25|6 19 0 -2 -49
4164 承業醫|生技醫療|-2 14 -6|70 73 -12 -23|0.3 11|22 19 0 2 -12
4167 松瑞藥|生技醫療|8 46 18|88 88 0 16|0.3 31|12 5 0 4 -19
4168 醣聯|生技醫療|na na na|86 86 -3 5|0.3 6|6 7 0 -7 -17
4174 浩鼎|生技醫療|294 189 na|93 93 43 32|1.8 326|10 1 0 28 -2
4303 信立|塑膠工業|43 80 77|80 80 18 4|2.7 285|3 -1 0 38 130
4306 炎洲|塑膠工業|63 83 52|93 93 7 17|1.4 65|11 -4 0 47 -3
4402 郡都開發|紡織纖維|-64 -33 8|90 90 35 196|0.7 45|5 6 0 na na
4420 光明|紡織纖維|78 48 42|100 100 19 62|4.6 15|3 -1 0 2 2
4438 廣越|紡織纖維|6 -5 14|96 96 -2 2|1.0 5|2 11 0 -45 10
4503 金雨|電機機械|-25 26 -26|72 72 -17 -17|0.2 6|2 13 0 -3 0
4506 崇友|電機機械|-10 -18 -18|83 83 -5 23|0.3 5|2 -12 0 19 11
4510 高鋒|電機機械|-14 -12 -10|95 95 218 244|3.6 152|3 -0 0 2 4
4513 福裕|電機機械|-7 -10 -4|87 87 76 243|1.8 925|1 -1 0 -21 37
4523 永彰|電機機械|-21 -21 -27|71 71 -14 2|0.4 14|2 -1 0 129 25
4526 東台|電機機械|-23 -34 -17|94 94 55 90|4.1 220|7 1 0 20 1
4532 瑞智|電機機械|19 27 0|79 79 -10 9|0.3 43|21 -19 0 10 2
4533 協易機|電機機械|46 13 17|83 83 -13 62|0.6 216|3 1 0 -4 -7
4534 慶騰|電機機械|63 39 24|94 94 77 143|0.9 68|1 -0 0 na na
4536 拓凱|運動休閒|46 9 30|97 97 14 19|2.3 63|20 23 7 37 -25
4540 全球傳動|電機機械|-26 -23 2|88 88 26 30|2.2 327|5 0 0 145 60
4542 科嶠|電子零組|-67 -41 -32|95 95 22 38|1.8 51|6 2 0 20 98
4543 萬在|電機機械|-1 -12 -2|80 80 -13 7|0.5 24|8 10 0 10 -34
4545 銘鈺|電子零組|-5 24 30|88 88 41 87|0.7 27|34 -1 0 6 18
4549 桓達|電機機械|24 10 11|86 86 -11 85|3.1 320|2 -1 1 29 77
4551 智伸科|汽車工業|30 9 20|88 100 15 17|1.3 44|51 12 9 13 -38
4555 氣立|電機機械|30 14 17|68 71 -17 -25|3.3 131|1 -0 0 73 256
4561 健椿|電機機械|-14 8 -20|91 91 47 124|3.0 366|3 1 0 87 43
4562 穎漢|電機機械|11 14 19|88 88 66 313|0.7 1213|2 0 0 27 -12
4563 百德|電機機械|77 36 0|98 98 44 63|3.0 236|2 -2 0 10 10
4564 元翎|電機機械|1 -16 11|97 97 12 18|1.2 80|4 4 0 -11 -8
4566 時碩工業|電機機械|38 30 31|90 90 38 97|0.6 997|9 -0 0 27 14
4571 鈞興-KY|電機機械|0 31 9|100 100 18 62|1.2 62|66 -0 0 89 2
4572 駐龍|電機機械|33 11 -7|84 93 9 6|1.3 22|2 8 -2 5 -31
4576 大銀微系統|電機機械|22 8 18|96 96 21 43|2.0 232|2 -0 0 128 6
4580 捷流閥業|電機機械|-18 -16 -8|95 95 0 13|0.4 8|3 -1 0 -29 82
4583 台灣精銳|電機機械|21 8 8|99 99 99 140|4.0 672|2 -2 0 206 282
4588 玖鼎電力|其他電子|-18 1 -57|na 64 -2 -11|0.1 10|4 -3 0 na na
4707 磐亞|化學工業|-42 38 47|95 95 13 19|1.0 17|2 9 0 0 -59
4714 永捷|化學工業|75 81 71|79 92 1 -3|3.1 60|2 -2 0 30 6
4716 大立|化學工業|11 14 6|90 90 33 82|1.7 105|5 1 0 66 30
4720 德淵|化學工業|15 10 5|88 88 18 33|1.1 32|11 -2 0 9 30
4721 美琪瑪|化學工業|13 -4 23|86 92 6 5|0.6 13|2 12 0 -1 -36
4726 永昕|生技醫療|346 152 130|80 80 -4 29|0.2 60|24 10 0 -6 -22
4729 熒茂|光電業|-10 -13 10|96 96 50 41|1.6 21|1 0 0 161 -1
4736 泰博|生技醫療|23 1 22|88 97 1 8|0.7 17|11 5 0 -7 -16
4739 康普|化學工業|1 -14 14|73 84 -6 -3|0.3 11|3 13 0 -11 -11
4743 合一|生技醫療|27 35 -17|72 90 9 -3|0.5 279|8 6 0 -1 10
4746 台耀|生技醫療|-4 11 -3|82 82 -2 -6|0.5 59|6 0 0 -10 -17
4755 三福化|化學工業|15 -3 -5|81 81 -7 -9|1.4 33|30 -5 -1 60 90
4760 勤凱科技|其他電子|17 24 -19|81 81 -7 83|0.4 40|3 2 -1 13 -8
4763 材料*-KY|化學工業|52 36 -95|78 99 15 9|1.3 1731|52 5 0 -9 -9
4766 南寶|化學工業|19 14 7|80 80 -8 4|0.8 152|18 4 3 47 -12
4768 晶呈科技|化學工業|70 37 44|81 81 4 10|0.5 132|6 8 -5 3 -24
4770 上品|化學工業|63 36 38|83 83 0 2|0.3 43|11 11 -4 7 -14
4771 望隼|生技醫療|3 16 na|na na -24 na|0.5 16|5 0 0 na -19
4807 日成-KY|貿易百貨|100 55 36|91 91 32 34|2.3 6|74 3 0 63 148
4903 聯光通|通信網路|-4 97 74|84 84 5 53|1.0 45|1 -0 0 na na
4904 遠傳|通信網路|10 14 2|99 99 8 17|0.5 640|19 36 10 -20 -73
4906 正文|通信網路|14 17 29|94 94 13 19|0.8 426|27 1 0 5 -25
4907 富宇|建材營造|113768 641864 -23700|74 74 19 87|0.6 50|0 -2 0 5 -16
4908 前鼎|通信網路|-21 -2 -33|85 89 1 -2|1.9 157|4 1 0 15 1
4909 新復興|通信網路|398 416 191|100 100 58 106|1.5 1155|1 -1 0 15 2
4912 聯德控股-KY|電子零組|49 40 10|78 78 -13 -2|0.5 17|30 -5 0 1 -21
4915 致伸|電子零組|0 -4 9|83 83 -14 29|0.4 137|46 -9 13 -12 10
4916 事欣科|電腦及週|7 1 -8|69 76 -5 -14|0.2 12|2 5 0 -3 10
4919 新唐|半導體業|-10 -10 -1|61 69 -26 -25|0.4 171|8 8 0 -5 -3
4927 泰鼎-KY|電子零組|14 5 14|99 99 45 40|1.1 80|15 1 0 28 -21
4931 新盛力|電腦及週|144 55 75|100 100 21 21|1.3 31|6 12 0 13 -15
4933 友輝|光電業|10 7 -33|92 92 12 17|0.7 31|8 6 0 2 58
4934 太極|光電業|-84 -75 -8|53 76 -10 -21|0.3 8|2 15 0 -6 -59
4935 茂林-KY|光電業|28 8 13|97 97 7 32|3.1 5|28 -2 0 53 -18
4938 和碩|電腦及週|3 -3 8|86 86 -7 21|0.4 491|33 -8 17 -1 -10
4942 嘉彰|光電業|-8 -5 1|97 97 -0 3|0.3 6|11 -11 0 26 62
4945 陞達科技|半導體業|3 -6 -50|58 66 -24 -31|0.2 5|5 16 0 -1 -3
4951 精拓科|半導體業|29 31 16|84 84 -14 3|0.3 7|6 -5 0 -9 -14
4952 凌通|半導體業|25 28 16|75 75 -15 15|0.2 19|9 3 0 -8 -14
4953 緯致|資訊服務|21 19 3|78 78 -12 -16|0.5 26|7 21 0 -2 -47
4956 光鋐|光電業|30 22 21|92 92 33 45|0.5 37|14 7 0 5 -22
4958 臻鼎-KY|電子零組|31 30 19|87 87 16 38|0.6 1277|66 -7 -4 7 -15
4960 誠美材|光電業|3 -1 -18|77 77 -8 6|0.4 29|25 -15 0 -8 -10
4961 天鈺|半導體業|28 22 18|91 93 1 12|0.3 231|17 16 4 -13 -28
4966 譜瑞-KY|半導體業|37 28 8|60 74 -0 -23|0.4 534|49 8 -0 -11 -47
4967 十銓|半導體業|225 136 3|69 69 -5 58|0.7 414|4 -5 0 9 11
4968 立積|半導體業|13 31 12|73 74 -3 -19|0.5 401|22 11 -15 22 -35
4973 廣穎電通|半導體業|-10 -8 -7|68 68 -27 -3|0.3 13|5 4 0 -0 -14
4974 亞泰|電子零組|23 17 25|98 98 22 32|1.2 43|10 12 0 -1 -31
4976 佳凌|光電業|56 40 36|79 79 -1 28|0.3 46|5 15 0 -9 -21
4977 眾達-KY|通信網路|-13 -35 33|93 94 12 11|0.7 53|24 14 0 -1 -24
4979 華星光|通信網路|9 17 -61|63 75 -13 -22|1.5 816|6 0 -5 14 -15
4987 科誠|電腦及週|30 34 30|93 93 26 24|5.5 7|3 0 0 na na
4994 傳奇|資訊服務|-2 -9 -13|82 82 -14 19|0.2 8|4 -4 0 7 4
5009 榮剛|鋼鐵工業|-1 -6 -5|88 88 -3 6|0.5 96|9 20 2 -1 -20
5011 久陽|鋼鐵工業|41 15 9|94 94 6 5|0.6 13|3 3 0 10 -3
5014 建錩|鋼鐵工業|13 7 8|98 98 1 29|0.6 11|5 6 0 -11 -11
5202 力新|資訊服務|-32 12 -1|90 90 26 3|0.3 28|2 1 0 -6 -16
5203 訊連|資訊服務|8 17 1|89 89 -0 18|0.2 15|15 6 0 -5 -42
5206 坤悅|建材營造|na na na|83 83 22 54|0.6 15|7 -4 0 -23 224
5209 新鼎|其他|6 7 -32|93 93 2 10|1.0 7|1 11 0 na -1
5213 亞昕|建材營造|-87 26 -1059|76 76 -4 14|0.7 69|1 -14 0 -2 76
5222 全訊|半導體業|8 7 -9|80 80 -9 -6|0.5 50|5 14 0 -0 -22
5225 東科-KY|其他電子|39 28 11|98 98 34 60|2.2 328|55 4 0 1 -16
5230 雷笛克光學|光電業|33 33 9|74 74 -20 30|0.2 16|4 2 0 4 35
5234 達興材料|光電業|-7 -12 -22|100 100 8 17|3.0 215|4 5 3 20 -12
5236 凌陽創新|半導體業|6 -0 -35|82 92 -3 18|0.7 95|4 4 0 -10 -2
5243 乙盛-KY|光電業|35 12 23|84 84 1 14|0.2 51|49 14 -4 -11 -27
5258 虹堡|電腦及週|7 -2 -0|86 87 2 4|0.6 54|3 13 0 -2 -10
5263 智崴|文化創意|70 47 20|89 89 36 55|0.9 485|17 3 0 6 -58
5269 祥碩|半導體業|43 44 -4|69 69 -12 -20|0.6 1879|26 -12 -1 25 34
5272 笙科|半導體業|-20 -16 -38|72 78 -9 -19|0.7 8|2 -0 0 -6 -2
5274 信驊|半導體業|159 125 86|90 90 18 64|0.8 2199|53 -9 5 4 -9
5283 禾聯碩|電器電纜|17 -3 -1|93 93 -3 -4|1.1 10|1 8 0 -45 -11
5284 jpp-KY|其他|-5 -14 -15|49 51 -10 -46|0.2 20|57 1 0 2 -3
5285 界霖|半導體業|-3 2 9|76 92 -7 3|0.3 7|1 10 0 -3 -15
5287 數字|數位雲端|5 6 -1|99 99 2 3|2.8 11|19 -34 0 -59 -1
5288 豐祥-KY|電機機械|13 9 13|93 93 -3 16|0.4 8|61 -1 0 1 -27
5289 宜鼎|電腦及週|25 16 15|91 91 2 5|0.5 75|27 -4 6 5 16
5292 華懋|綠能環保|42 22 16|na 82 -13 12|0.4 12|3 -15 0 5 57
5299 杰力|半導體業|13 8 -1|82 92 -0 -7|0.7 12|2 10 0 5 -12
5306 桂盟|運動休閒|16 13 26|100 100 9 5|1.1 32|18 19 0 30 -11
5309 系統電|電子零組|-4 2 4|87 87 12 11|0.4 206|3 1 0 39 15
5310 天剛|資訊服務|66 -27 -335|87 87 21 28|0.2 14|3 3 0 na na
5314 世紀*|其他|na na na|40 40 -19 -30|0.2 17|2 9 0 -6 -6
5328 華容|電子零組|-14 -26 -3|87 87 14 12|0.3 14|2 7 0 -3 -21
5340 建榮|電子零組|113 90 38|61 74 -24 -18|0.3 14|51 12 0 2 -3
5347 世界|半導體業|-1 14 9|91 91 26 77|0.3 832|13 -0 14 1 -3
5351 鈺創|半導體業|69 53 29|70 75 -20 -19|0.3 51|11 11 -0 5 -19
5356 協益|電腦及週|56 44 26|94 94 -3 13|0.4 8|5 5 0 1 7
5364 力麗店|觀光餐旅|-40 -24 -25|96 96 160 174|1.1 39|1 2 0 na na
5371 中光電|光電業|7 4 9|66 66 -17 18|0.3 221|14 -9 0 28 11
5381 光譜|電機機械|-38 -25 -281|70 70 -18 -24|0.2 11|0 1 0 na na
5386 青雲|電腦及週|301 81 36|90 90 44 57|4.8 231|12 4 0 49 -47
5388 中磊|通信網路|15 -4 2|79 79 -5 -14|0.4 127|17 8 3 -10 -15
5392 能率|光電業|-5 1 -2|78 78 -21 41|0.3 65|4 2 0 -0 1
5403 中菲|資訊服務|-10 14 2|85 86 -0 -11|0.3 5|6 17 0 18 -19
5410 國眾|資訊服務|24 24 32|86 86 -11 7|0.8 5|5 -11 0 5 13
5425 台半|半導體業|6 -4 3|71 84 -13 -10|0.5 73|11 13 0 -4 -29
5426 振發|電腦及週|5 3 23|69 70 -22 -21|0.2 18|1 7 0 -2 -3
5432 新門|綠能環保|18 -9 -16|91 91 33 89|0.7 140|2 1 0 14 41
5434 崇越|電子通路|15 13 13|98 98 8 37|0.6 144|26 5 8 2 -21
5439 高技|電子零組|-13 -12 -20|64 77 6 -14|0.6 80|4 10 -1 35 -11
5443 均豪|半導體業|49 36 26|97 97 159 181|1.8 5474|12 1 0 28 -44
5452 佶優|其他電子|8 7 5|83 83 47 38|0.8 145|6 -2 0 17 22
5457 宣德|電子零組|49 22 12|71 77 -14 -22|0.7 15|38 4 0 0 -5
5465 富驊|電腦及週|-45 -43 -41|68 73 -15 -22|0.6 6|0 6 0 6 -6
5469 瀚宇博|電子零組|-0 -2 5|78 78 -7 -5|1.2 116|11 -10 0 7 -33
5471 松翰|半導體業|6 5 -8|80 85 -11 -7|0.5 9|14 -4 0 -6 2
5474 聰泰|電腦及週|-16 6 -9|86 86 11 36|1.2 204|2 1 0 10 12
5478 智冠|文化創意|36 16 12|67 82 -12 -9|0.4 15|22 15 -0 -3 -8
5481 新華|其他|3 2 -2|92 92 76 74|1.7 60|28 -0 0 162 186
5483 中美晶|半導體業|10 2 4|85 85 -5 -3|0.4 316|23 -8 8 -10 133
5484 慧友|光電業|15 79 63|66 66 127 190|0.5 152|1 -0 0 na na
5488 松普|電子零組|80 8 40|73 89 4 -12|0.9 7|4 7 0 1 2
5490 同亨|電腦及週|145 142 57|78 78 -6 10|0.1 5|5 9 0 -4 -18
5493 三聯|其他電子|28 27 9|85 85 4 41|0.3 13|3 21 0 -4 -18
5498 凱崴|電子零組|17 22 18|85 85 -4 -5|1.0 21|4 1 0 23 -12
5508 永信建|建材營造|118 66 -190|86 86 37 162|0.7 645|5 5 1 -8 1
5511 德昌|建材營造|0 -10 -18|83 83 -7 -15|0.2 11|2 12 0 -9 -3
5512 力麒|建材營造|-30 -50 -57|83 83 -2 23|0.3 40|6 -2 0 -14 22
5515 建國|建材營造|19 39 32|80 80 -0 26|0.3 22|11 2 0 1 -25
5519 隆大|建材營造|94 22 -228|76 76 -1 39|0.7 205|6 -2 -1 -29 13
5521 工信|建材營造|-6 16 -13|72 73 -14 -16|0.4 20|3 -5 0 0 -4
5522 遠雄|建材營造|128 820 574|85 85 -11 49|0.4 121|7 15 -0 -4 -23
5525 順天|建材營造|-81 103 -102|83 83 6 31|0.7 11|2 3 0 -39 -25
5529 鉅陞|建材營造|-25 -10 -43|81 81 1 46|0.4 8|2 -1 0 -10 -13
5530 龍巖|其他|2 -7 -14|85 85 3 14|0.1 19|56 11 0 -19 -16
5531 鄉林|建材營造|-39 -18 -42|72 72 -10 7|0.3 14|4 2 0 -8 -9
5533 皇鼎|建材營造|49 -29 -169|78 78 -10 -8|0.4 9|5 1 0 6 -12
5534 長虹|建材營造|85 255 -238|82 82 -2 53|0.6 234|12 -6 -5 -3 -14
5536 聖暉*|其他電子|15 22 22|97 97 20 43|0.6 126|20 -0 11 28 -33
5603 陸海|航運業|18 31 34|96 96 16 25|0.5 7|7 -1 0 18 17
5607 遠雄港|航運業|22 23 12|76 79 -12 -20|0.3 18|2 -8 0 -1 7
5608 四維航|航運業|5 -2 19|74 74 -25 -7|0.2 24|4 -1 0 -4 -32
5609 中菲行|航運業|51 40 41|92 92 -7 8|0.3 10|18 4 -0 3 -10
5706 鳳凰|觀光餐旅|8 36 -499|73 73 -21 -1|0.2 17|2 -7 0 -1 6
5864 致和證|金融業|179 7 9|91 91 -4 25|0.2 10|2 14 0 -5 -4
5871 中租-KY|其他|5 5 -3|78 85 -3 -12|0.7 817|54 -12 5 5 -9
5876 上海商銀|金融保險|11 7 2|86 86 -9 -7|0.7 204|55 6 9 -21 7
5880 合庫金|金融保險|22 14 4|97 97 4 2|0.6 259|17 14 2 -26 -7
5903 全家|居家生活|3 4 -3|93 98 -1 2|2.4 11|51 -14 1 30 63
5904 寶雅|居家生活|1 6 -3|95 97 1 9|0.6 72|24 6 18 -12 -13
5905 南仁湖|觀光餐旅|-3 -1 4|93 93 91 90|0.6 150|4 1 0 52 -20
6005 群益證|金融保險|51 53 -7|81 81 -9 22|0.2 65|17 8 0 -17 -34
6015 宏遠證|金融業|-43 20 -57|85 85 -9 -3|0.2 10|2 -3 0 -3 -12
6016 康和證|金融業|-79 -48 204|86 86 -6 -6|1.3 36|4 -6 0 -21 60
6023 元大期貨|金融業|17 19 8|88 88 -4 27|0.3 7|1 4 8 33 -2
6024 群益期|金融保險|51 47 26|94 94 -4 9|0.3 11|4 2 7 136 -9
6026 福邦證|金融業|-120 62 -116|85 85 -3 3|0.2 10|4 11 0 -7 -14
6101 寬魚國際|文化創意|-91 56 -25268|88 88 -6 -2|1.8 21|4 33 0 12 536
6104 創惟|半導體業|29 23 1|85 98 16 8|2.4 174|13 13 -0 46 -29
6108 競國|電子零組|-3 -7 -1|86 92 -4 -11|0.8 6|4 -5 0 2 -25
6111 光聚晶電|文化創意|5 15 -60|74 81 -13 -15|0.4 19|10 6 0 5 -16
6112 邁達特|資訊服務|-16 -14 -16|66 72 -19 -23|0.2 21|2 5 0 -14 5
6115 鎰勝|電子零組|23 22 14|89 89 -5 6|0.3 6|6 2 0 1 8
6117 迎廣|電腦及週|-5 16 -19|66 66 -29 38|0.2 248|0 -0 0 10 -7
6120 達運|光電業|32 16 -44|79 79 -5 -2|0.6 25|6 7 0 0 -19
6121 新普|電腦及週|-4 -3 2|69 69 -7 -22|0.4 161|32 -7 21 -3 -27
6122 擎邦|電機機械|-18 -22 -75|81 87 5 -5|0.4 50|2 3 0 -2 -14
6125 廣運|電機機械|-63 -61 -22|71 71 -19 26|0.4 718|5 -0 0 -5 6
6126 信音|電子零組|8 7 7|80 81 -5 -5|0.2 35|2 6 0 -4 -45
6127 九豪|電子零組|21 20 -1|75 75 5 -4|0.2 19|3 1 0 3 -22
6129 普誠|半導體業|-33 -28 -0|71 82 -11 -15|0.4 7|1 19 0 -8 -22
6133 金橋|電子零組|20 41 45|89 89 42 54|1.5 66|3 0 0 421 na
6134 萬旭|電子零組|57 51 51|89 89 17 21|2.0 24|26 6 0 46 -18
6138 茂達|半導體業|13 12 -17|79 85 -10 -11|0.8 108|19 20 -21 1 -40
6139 亞翔|其他電子|69 79 -25|66 66 17 41|0.4 912|18 5 0 4 -23
6140 訊達電腦|資訊服務|-53 -30 -15|59 75 -14 -22|0.2 6|3 19 0 -15 -57
6143 振曜|通信網路|14 22 25|96 96 14 55|3.9 268|13 4 1 -9 -23
6146 耕興|其他電子|-5 -2 4|82 82 -1 -1|0.3 26|34 23 0 -10 -9
6147 頎邦|半導體業|10 -1 4|89 89 -2 -6|0.3 110|17 7 10 -8 -13
6150 撼訊|電腦及週|6 1 -49|76 77 -5 -18|4.4 23|2 2 0 -1 -3
6151 晉倫|其他電子|12 22 16|93 93 66 70|6.3 39|2 -0 0 76 261
6152 百一|通信網路|24 47 69|87 87 53 55|0.4 33|7 1 0 na na
6153 嘉聯益|電子零組|-25 -27 3|91 91 10 15|1.1 39|11 13 0 -3 -22
6156 松上|電子零組|47 38 31|92 92 33 28|3.2 130|9 -2 0 54 -6
6158 禾昌|電子零組|17 8 -2|81 100 6 5|1.2 6|2 6 0 -8 6
6160 欣技|電腦及週|58 23 33|77 77 -4 27|0.2 20|4 1 0 -1 -2
6161 捷波|電腦及週|-4 -0 -4|79 79 -18 17|0.2 11|4 12 0 -3 -31
6163 華電網|資訊服務|-27 26 24|90 90 0 10|0.2 32|5 6 0 4 1
6165 浪凡|數位雲端|15 9 10|71 78 -2 -24|0.8 14|5 6 0 -2 -10
6166 凌華|電腦及週|-2 -13 2|82 82 -8 17|0.2 30|11 13 0 -2 -12
6168 宏齊|光電業|10 3 3|79 90 -3 -8|2.6 8|4 1 0 -1 -16
6170 統振|通信網路|19 29 -0|77 80 -15 -8|0.4 15|3 -9 0 12 2
6171 大城地產|建材營造|na na na|87 87 16 62|1.6 6|1 5 0 -23 -40
6173 信昌電|電子零組|2 2 -1|85 85 2 12|0.2 26|2 7 0 -6 -2
6175 立敦|電子零組|38 23 10|91 91 -0 19|0.4 15|20 -8 0 4 9
6176 瑞儀|光電業|22 9 14|91 91 -7 17|0.8 356|31 6 17 1 -31
6177 達麗|建材營造|-91 1200 -186|85 85 6 82|0.9 469|7 -4 4 11 24
6179 亞通|其他|-4 -3 -10|85 85 4 -6|0.5 48|5 4 0 3 8
6180 橘子|文化創意|20 18 14|94 94 -3 12|0.5 65|38 5 0 -16 26
6182 合晶|半導體業|-11 -10 12|73 84 -8 -17|0.3 38|12 15 -0 -5 -17
6186 新潤|建材營造|188 243 na|95 95 21 110|1.3 135|6 7 0 6 9
6187 萬潤|半導體業|471 414 227|98 98 60 52|0.8 1339|10 5 1 -47 -38
6188 廣明|電腦及週|-33 -28 -11|77 77 -15 30|0.4 385|4 -1 -0 6 0
6189 豐藝|電子通路|32 29 -15|85 85 5 27|0.2 150|9 15 2 -1 -17
6190 萬泰科|通信網路|47 38 32|92 92 7 18|0.3 39|9 11 0 -2 -10
6191 精成科|電子零組|-2 -3 0|82 82 -13 -1|0.4 84|14 -1 -2 -4 -27
6192 巨路|其他電子|26 20 10|92 92 12 26|0.5 12|20 2 0 -21 -15
6196 帆宣|其他電子|19 18 11|90 90 3 3|0.4 66|7 9 2 32 -24
6197 佳必琪|電子零組|57 65 24|87 87 -0 66|0.8 471|13 6 -0 2 -16
6199 天品|其他|-3 -29 9|97 97 109 112|1.1 5|5 -1 0 na na
6202 盛群|半導體業|4 0 34|73 78 -17 -11|0.2 17|9 13 0 -1 -19
6203 海韻電|電子零組|-81 -58 -47|73 85 -12 -14|0.7 8|1 9 4 3 -9
6204 艾華|電子零組|5 2 -15|70 74 -19 -19|0.4 25|1 -4 0 2 1
6205 詮欣|電子零組|28 43 54|80 84 -5 -17|0.4 14|5 16 0 -10 -12
6206 飛捷|電腦及週|45 23 8|87 87 -10 29|0.3 26|18 1 3 -9 9
6207 雷科|電子零組|-19 30 5|88 88 15 102|0.8 375|4 0 0 43 14
6208 日揚|半導體業|-16 -13 -7|86 86 -4 -4|2.2 47|2 -1 0 164 -52
6209 今國光|光電業|-26 -22 -3|78 78 -15 8|0.4 15|3 9 0 4 -31
6212 理銘|建材營造|-97 -33 -1647|82 82 27 72|0.8 6|0 -2 0 34 0
6213 聯茂|電子零組|32 45 31|60 60 -25 -5|0.9 437|10 -11 0 44 21
6214 精誠|資訊服務|8 11 1|87 87 -3 7|0.3 38|15 1 6 -8 -3
6215 和椿|其他電子|105 70 60|98 98 22 146|1.4 611|9 -0 0 36 54
6216 居易|通信網路|53 66 0|89 89 14 39|0.4 35|7 1 0 -9 -14
6217 中探針|電子零組|12 9 13|77 77 -3 -12|0.1 21|3 7 0 6 -15
6218 豪勉|通信網路|36 16 10|83 83 27 10|1.7 40|1 -0 0 13 60
6219 富旺|建材營造|-100 1244 -1192|90 90 18 49|0.4 71|4 -8 0 -5 52
6220 岳豐|電子零組|21 -5 -5|84 96 6 -0|1.4 9|2 1 0 8 3
6223 旺矽|半導體業|19 22 7|93 93 53 164|1.2 2704|23 6 -0 -4 -36
6224 聚鼎|電子零組|0 -5 -3|91 91 14 8|1.3 59|11 4 0 32 -30
6227 茂綸|電子通路|-2 -8 7|86 86 -5 25|0.3 27|3 18 0 -12 -47
6228 全譜|電腦及週|141 138 69|66 66 66 118|0.3 11|1 -2 0 -10 20
6229 研通|半導體業|24 58 35|78 78 -13 -2|0.2 7|7 3 0 -5 -6
6230 尼得科超眾|電腦及週|-33 -27 3|65 65 -26 74|0.8 39|89 2 0 2 -26
6231 系微|資訊服務|8 20 6|89 89 43 103|1.3 666|20 -4 2 50 155
6233 旺玖|半導體業|41 22 27|67 72 -10 -22|0.3 10|4 17 0 4 -25
6234 高僑|光電業|-32 -41 -34|80 82 -6 7|0.3 7|11 8 0 -10 -22
6235 華孚|電腦及週|7 10 -12|49 66 -12 -31|0.5 81|7 3 -0 -1 -7
6237 驊訊|半導體業|24 -7 9|64 75 -17 -24|0.8 8|3 18 0 -5 -35
6239 力成|半導體業|1 9 2|75 75 -18 -12|0.4 570|39 -25 7 -0 -25
6243 迅杰|半導體業|-37 -30 -30|59 71 -21 -26|0.3 9|2 10 0 -2 -24
6244 茂迪|光電業|-32 -12 17|78 78 -7 4|0.4 55|10 0 0 1 -6
6245 立端|通信網路|21 -3 21|81 95 2 0|0.9 47|8 23 0 -5 -34
6248 沛波|鋼鐵工業|36 20 4|93 93 3 4|0.6 12|4 7 0 32 -19
6257 矽格|半導體業|8 17 10|94 94 -3 12|1.5 217|29 -7 4 26 -11
6261 久元|半導體業|28 25 8|89 89 2 20|1.2 23|8 -6 0 -2 -15
6263 普萊德|通信網路|4 -4 -6|92 92 2 14|0.4 26|1 17 0 -6 -32
6265 方土昶|電子通路|17 12 20|85 88 -4 4|0.5 6|8 10 0 -3 3
6269 台郡|電子零組|-0 -10 8|91 91 -0 7|0.8 184|15 -9 -0 19 25
6270 倍微|電子通路|-16 -10 17|74 74 -15 19|0.1 10|3 12 0 0 -4
6271 同欣電|半導體業|8 9 12|83 88 -8 -2|0.2 106|19 14 -1 -4 -29
6274 台燿|電子零組|65 57 32|92 92 0 13|1.3 896|31 -0 2 13 12
6275 元山|電子零組|9 -0 -9|71 71 -22 -10|0.3 11|3 10 0 -5 -14
6278 台表科|光電業|-9 -9 -0|84 84 1 19|0.4 226|21 2 4 23 -43
6279 胡連|電子零組|14 24 7|94 94 -2 -0|0.8 42|14 4 -1 -3 -8
6282 康舒|電子零組|-7 40 -3|70 86 -5 -12|0.3 102|7 26 0 -6 -19
6284 佳邦|電子零組|10 14 -3|95 95 14 19|1.1 240|8 -2 0 31 22
6285 啟碁|通信網路|-8 4 -2|72 72 -24 -15|0.4 385|11 -8 1 12 68
6288 聯嘉|汽車工業|36 36 7|72 72 -15 -22|0.4 16|2 12 0 0 -14
6290 良維|電子零組|4 4 -2|85 85 8 4|0.6 151|9 5 -0 -5 -15
6291 沛亨|半導體業|-20 -26 -51|53 70 -13 -32|0.7 6|0 4 0 4 -8
6294 智基|文化創意|-0 12 5|84 84 -2 -6|0.5 23|1 -1 0 360 8
6409 旭隼|其他電子|52 39 39|98 98 22 27|1.1 241|69 13 -2 -38 -29
6411 晶焱|半導體業|-0 -7 -23|74 87 -3 -12|0.7 22|6 8 0 -7 -10
6412 群電|電子零組|5 -1 3|72 72 -11 -20|0.6 84|15 -8 -3 12 -30
6414 樺漢|電腦及週|28 27 14|82 82 -6 5|0.4 239|18 -4 -2 -15 7
6415 矽力*-KY|半導體業|44 33 25|83 83 -6 14|1.4 1331|88 -1 1 14 -26
6416 瑞祺電通|通信網路|23 19 29|100 100 25 39|2.3 45|8 7 0 -4 -14
6419 京晨科|光電業|156 187 -47|66 66 -21 136|0.3 26|10 -1 0 na na
6425 易發|電機機械|101 28 -64|65 65 -24 -1|0.2 47|4 2 0 -4 2
6431 光麗-KY|生技醫療|71 3 5|100 100 75 37|3.5 5|37 -4 0 -32 na
6435 大中|半導體業|3 -0 -20|85 87 -5 -7|1.0 8|2 3 0 -0 -10
6438 迅得|其他電子|15 -10 5|90 90 8 9|0.8 99|11 9 1 -2 -17
6441 廣錠|電腦及週|5 -22 -2|76 93 9 0|0.5 6|1 3 0 16 4
6442 光聖|通信網路|150 130 84|74 74 91 204|1.7 2535|33 -2 -0 31 94
6443 元晶|光電業|-37 -34 1|76 76 -12 -6|0.3 96|13 3 0 6 -1
6446 藥華藥|生技醫療|97 84 -8|95 95 48 116|0.7 2744|23 7 -1 7 -38
6449 鈺邦|電子零組|9 16 -12|91 91 45 121|0.6 370|2 -0 -1 25 7
6451 訊芯-KY|半導體業|2 -4 10|87 87 32 26|1.5 1255|65 -2 1 7 169
6456 GIS-KY|光電業|-5 -16 9|83 83 -8 8|0.6 33|51 -7 2 2 -6
6457 紘康|半導體業|26 40 -3|81 90 18 1|0.4 18|4 5 0 -34 -25
6461 益得|生技醫療|95 -9 -181|91 91 8 4|0.6 8|1 1 0 na na
6462 神盾|半導體業|21 17 -3|71 79 -6 -12|0.4 1052|12 2 0 7 -27
6469 大樹|生技醫療|7 6 -3|59 73 -18 -24|0.3 33|6 -4 0 -5 -2
6472 保瑞|生技醫療|61 55 49|81 81 3 17|0.8 1174|15 -9 -1 32 -2
6477 安集|光電業|1 -32 23|77 77 -5 -5|0.2 19|2 5 0 -7 -4
6485 點序|半導體業|-27 -27 -9|52 71 -19 -25|0.4 5|7 29 0 -5 -26
6486 互動|通信網路|45 36 2|90 90 -7 13|0.3 8|7 9 0 8 -10
6488 環球晶|半導體業|-2 -10 1|80 81 -7 -18|0.4 470|22 -13 -0 3 13
6491 晶碩|生技醫療|3 2 -7|83 83 -10 10|0.2 94|9 -2 5 -6 -8
6492 生華科|生技醫療|0 0 0|82 82 19 20|0.5 28|5 4 0 -18 -17
6505 台塑化|油電燃氣|13 9 12|65 74 -17 -22|4.3 487|6 -7 -0 46 9
6509 聚和|化學工業|7 10 14|90 90 5 9|0.6 22|8 -3 -0 20 -6
6510 精測|半導體業|11 3 19|83 93 7 -5|0.7 71|7 20 0 -5 -29
6515 穎崴|半導體業|124 43 43|100 100 38 64|0.7 618|19 6 -2 3 9
6523 達爾膚|生技醫療|0 -5 -30|81 81 -17 -1|0.5 6|8 -3 0 -23 0
6526 達發|半導體業|77 51 28|na 78 -11 -3|0.9 336|8 3 -2 28 -1
6530 創威|通信網路|4 3 -3|88 88 9 7|2.1 28|2 1 0 17 4
6531 愛普*|半導體業|-23 -20 -26|59 73 -11 -25|1.0 523|15 -0 -1 7 -14
6532 瑞耘|半導體業|-20 -0 1|81 81 14 1|0.4 50|2 -2 0 3 46
6533 晶心科|半導體業|20 31 5|65 80 -14 -20|0.6 120|16 7 1 -7 -17
6535 順藥|生技醫療|-29 -49 -630|100 100 38 65|1.1 202|5 11 2 na na
6538 倉和|電子零組|12 31 -17|76 76 -13 21|0.2 58|3 -1 0 -10 1
6541 泰福-KY|生技醫療|88 72 -164|99 99 80 27|1.6 8|21 10 0 -8 -34
6546 正基|通信網路|4 3 -2|100 100 21 66|1.0 418|5 1 1 4 1
6547 高端疫苗|生技醫療|na na na|64 88 -2 -14|0.4 33|7 22 0 -2 -31
6548 長科*|半導體業|4 2 10|90 90 -5 22|1.1 44|6 -4 0 6 -9
6550 北極星藥業-KY|生技醫療|na na na|71 83 -14 -1|0.7 41|68 11 0 -4 -49
6552 易華電|半導體業|20 25 -5|81 81 1 52|0.3 10|2 3 0 4 -9
6556 勝品|光電業|3 3 14|99 99 24 49|2.3 11|1 1 0 na na
6561 是方|通信網路|31 21 11|98 98 54 49|1.6 240|11 13 0 10 -39
6568 宏觀|半導體業|16 11 27|76 86 -11 -12|1.4 9|3 15 -0 5 -4
6569 醫揚|生技醫療|-4 -16 -9|81 81 16 31|0.2 25|3 -7 0 8 32
6570 維田|電腦及週|-14 -13 7|94 94 25 39|0.5 43|2 0 0 151 11
6576 逸達|生技醫療|82930 30399 16690|76 82 -16 -15|0.7 10|26 3 0 na na
6577 勁豐|電腦及週|-17 -18 -28|88 88 12 63|0.2 10|2 -4 0 -7 59
6578 達邦蛋白|農業科技|-21 -12 -10|73 73 -18 5|0.2 5|4 10 0 -6 2
6579 研揚|電腦及週|-10 -13 -7|85 85 -15 8|0.4 30|3 8 0 -5 -21
6582 申豐|橡膠工業|217 153 112|86 86 23 29|0.3 10|16 10 0 18 4
6584 南俊國際|電子零組|43 56 29|76 76 -13 -16|0.2 58|7 4 0 -5 -44
6585 鼎基|其他|43 27 -5|82 82 1 6|0.7 93|13 -1 2 7 12
6589 台康生技|生技醫療|42 62 43|80 88 6 -6|0.2 33|6 17 0 -4 -15
6591 動力-KY|電腦及週|-28 -12 -22|73 77 -20 -20|2.2 9|22 -9 0 12 45
6592 和潤企業|其他|8 9 -10|72 79 -11 -14|0.4 43|24 5 0 12 0
6593 台灣銘板|資訊服務|-23 -7 -36|38 44 -24 -43|1.8 8|1 1 0 na -5
6596 寬宏藝術|文化創意|-54 202 62|86 86 5 36|3.2 13|6 2 0 -5 -15
6598 ABC-KY|生技醫療|30 39 28|70 70 17 6|1.5 13|24 -2 0 -100 na
6603 富強鑫|電機機械|15 31 23|92 92 27 35|3.2 116|7 4 0 29 15
6605 帝寶|汽車工業|16 11 1|90 90 12 62|0.5 93|16 -9 -3 -3 7
6606 建德工業|電機機械|-4 -0 7|99 99 13 31|2.2 6|1 1 0 26 43
6609 瀧澤科|電機機械|15 4 27|100 100 62 138|3.0 308|56 0 0 15 83
6612 奈米醫材|生技醫療|46 32 16|85 85 15 37|0.8 15|27 -1 0 16 52
6613 朋億*|其他電子|-10 -14 -25|70 70 -21 -12|0.3 12|5 -14 0 -4 6
6615 慧智|生技醫療|-17 -6 -6|69 69 -8 36|0.2 7|2 13 0 na na
6625 必應|其他|-7 33 -27|72 84 -6 -8|0.5 17|1 -4 0 1 3
6629 泰金-KY|居家生活|39 30 -5|98 98 23 88|2.3 21|82 -5 0 na 0
6640 均華|半導體業|96 124 36|85 85 119 188|1.6 523|5 4 -2 na 31
6643 M31|半導體業|-17 11 -2|56 63 -1 -25|0.5 549|17 8 -14 19 -23
6651 全宇昕|半導體業|30 9 17|100 100 35 28|5.1 28|5 8 0 246 1
6658 聯策|其他電子|-6 29 29|na 97 69 96|3.1 171|2 -0 0 147 67
6664 群翊|電子零組|-1 0 -3|93 93 38 110|2.9 282|7 -1 0 74 25
6667 信紘科|其他電子|49 34 19|96 96 33 61|1.6 306|10 7 0 11 -39
6668 中揚光|光電業|12 -8 -3|64 64 -22 -9|0.5 17|15 15 0 -2 -26
6669 緯穎|電腦及週|76 57 56|63 63 -25 -23|0.5 3199|37 -11 -0 39 -23
6670 復盛應用|運動休閒|33 29 35|93 93 -1 35|0.6 50|33 19 -5 -6 -3
6672 騰輝電子-KY|電子零組|-17 -10 -2|72 79 -11 -19|0.6 9|21 2 4 -0 -14
6679 鈺太|半導體業|10 22 -16|67 71 -20 -22|1.2 227|10 0 -11 13 8
6683 雍智科技|半導體業|27 19 17|90 90 19 37|0.7 150|15 -6 1 na 50
6684 安格|半導體業|-18 4 -86|56 70 -20 -27|0.2 21|2 7 0 -3 -3
6689 伊雲谷|數位雲端|48 40 14|76 82 3 -9|0.2 27|8 4 0 -3 20
6690 安碁資訊|數位雲端|25 23 6|86 86 32 31|0.4 22|6 -4 0 na 33
6691 洋基工程|其他電子|-29 -25 -10|75 75 -16 -14|0.9 135|5 -7 14 29 55
6692 進能服|綠能環保|114 44 72|na 78 56 51|0.4 14|0 0 0 na na
6693 廣閎科|半導體業|13 7 11|100 100 8 14|1.2 12|10 15 0 -1 1
6695 芯鼎|半導體業|-3 -12 -16|62 74 -11 -18|0.1 57|3 6 0 -4 -1
6698 旭暉應材|其他電子|-19 -31 -12|75 75 12 18|1.7 23|2 -3 0 25 14
6703 軒郁|生技醫療|6 33 -32|70 73 -22 -26|0.5 26|13 5 -2 na -2
6706 惠特|光電業|-44 -55 -5|96 96 79 133|1.6 535|8 -1 0 13 7
6712 長聖|生技醫療|16 12 -21|86 86 -9 -0|0.3 35|5 4 0 -11 16
6715 嘉基|電子零組|-0 7 23|80 82 3 -16|0.2 18|3 9 0 8 -26
6716 應廣|半導體業|20 29 -48|71 86 -12 -4|0.8 6|1 15 0 -2 -3
6719 力智|半導體業|46 31 31|79 80 -12 -10|0.5 136|7 -3 -1 3 -0
6727 亞泰金屬|電子零組|-9 1 -3|100 100 10 30|0.8 16|7 11 0 na -19
6732 昇佳電子|半導體業|16 6 -37|53 66 -19 -33|0.4 32|5 7 -1 3 -8
6741 91APP*-KY|數位雲端|18 18 5|74 85 -13 -9|0.5 14|51 -2 0 4 -16
6742 澤米|光電業|94 69 72|na 61 -21 -27|0.7 12|3 14 -6 7 -17
6743 安普新|其他電子|140 104 68|94 94 14 36|4.1 58|6 3 0 31 46
6753 龍德造船|航運業|-24 18 1|85 85 17 74|0.7 284|5 7 0 36 -23
6754 匯僑設計|居家生活|18 33 9|95 95 34 44|1.6 32|17 3 0 436 44
6756 威鋒電子|半導體業|-22 -18 -15|63 79 -10 -20|0.5 14|4 24 0 -10 -24
6757 台灣虎航|航運業|29 32 -540|72 72 8 71|0.9 103|3 -0 0 78 978
6761 穩得|電子零組|15 17 10|99 99 16 52|0.7 37|8 13 0 -9 -10
6768 志強-KY|運動休閒|45 42 36|84 84 -11 18|0.5 29|71 18 -3 -15 -16
6770 力積電|半導體業|11 7 19|69 76 -13 -22|0.4 199|9 -3 0 4 -3
6781 AES-KY|電子零組|4 -4 17|66 67 -20 -28|0.6 72|73 13 -4 -0 -23
6782 視陽|生技醫療|76 75 37|78 78 -18 -4|0.3 71|10 -1 -10 7 8
6785 昱展新藥|生技醫療|na na na|na 58 -25 -38|0.7 49|10 0 0 492 36
6788 華景電|半導體業|104 102 63|98 98 116 122|1.1 518|17 4 0 47 5
6789 采鈺|半導體業|33 35 20|81 81 -2 8|0.5 356|9 2 3 8 -21
6790 永豐實|造紙工業|14 12 7|85 85 -6 12|0.4 10|2 -5 11 -2 6
6799 來頡|半導體業|-18 -11 -11|56 62 -16 -38|0.4 19|11 12 0 -4 -33
6803 崑鼎|綠能環保|9 9 3|97 98 0 2|0.8 17|3 21 0 -20 -43
6805 富世達|電子零組|25 19 -37|na 87 16 -6|0.8 1630|11 2 4 7 -5
6806 森崴能源|綠能環保|16 115 -58|75 75 13 -6|0.2 546|4 -6 0 18 28
6807 峰源-KY|居家生活|70 45 21|97 97 37 104|1.3 21|45 3 0 23 49
6811 宏碁資訊|數位雲端|13 11 4|76 76 -3 -11|0.4 56|4 12 -16 4 -33
6829 千附精密|半導體業|-24 -7 -9|74 85 4 -9|0.3 42|2 2 7 4 3
6830 汎銓|其他電子|6 5 0|76 92 8 -5|2.4 40|2 -2 0 57 29
6834 天二科技|電子零組|26 31 9|75 75 25 53|0.1 16|11 7 0 1 -1
6835 圓裕|電子零組|18 11 6|90 90 -3 3|1.2 15|10 7 0 8 18
6841 長佳智能|生技醫療|341 453 165|74 74 -1 0|0.2 40|2 -6 0 11 6
6863 永道-KY|通信網路|92 98 28|100 100 24 73|1.9 187|78 4 -1 33 -4
6869 雲豹能源|綠能環保|-64 -23 -19|74 74 98 97|0.7 1644|2 -1 0 25 66
6870 騰雲|數位雲端|2 10 -0|na 87 37 64|0.3 11|1 5 0 na -14
6873 泓德能源|綠能環保|1819 606 437|85 85 53 68|0.9 172|7 -9 0 15 30
6875 國邑*|生技醫療|-100 na na|na na -15 na|1.2 14|2 -1 0 na na
6877 鏵友益|其他電子|36 38 -53|91 91 113 151|1.2 341|4 -1 0 26 -22
6895 宏碩系統|半導體業|34 -4 15|67 67 43 84|1.1 139|1 -0 1 -25 15
6901 鑽石投資|其他|86 82 262|na 91 1 -5|0.3 36|1 17 0 -7 -23
6906 現觀科|數位雲端|3 19 -40|na 91 1 -3|2.4 22|11 -0 0 903 217
6914 阜爾運通|其他|8 10 na|na na -11 na|0.2 7|2 11 0 na na
6922 宸曜|電腦及週|65 53 42|na 83 -1 50|0.4 14|2 1 0 na 16
6928 攸泰科技|電腦及週|-77 -53 na|na na -25 na|0.4 9|0 -8 0 na na
6933 AMAX-KY|電腦及週|17 -7 -8|na 61 -30 -15|0.6 30|35 4 0 49 39
6937 天虹|半導體業|13 64 32|na 98 60 50|2.6 248|1 -1 0 90 516
6953 家碩|半導體業|-2 -1 na|na na 5 na|0.5 20|0 1 0 na 131
7402 邑錡|光電業|-33 -23 -23|66 66 -15 -19|0.8 21|4 -2 0 8 -12
8011 台通|通信網路|-12 95 32|85 85 29 3|1.0 100|5 3 0 4 3
8016 矽創|半導體業|9 4 -6|73 73 -13 -18|0.4 73|25 -4 -2 5 -9
8021 尖點|其他電子|41 43 27|92 92 25 33|1.2 129|12 7 0 59 -5
8027 鈦昇|電機機械|13 54 52|78 78 -6 19|1.9 236|3 -7 -0 22 14
8028 昇陽半導體|半導體業|10 -3 7|92 92 108 155|0.9 3304|9 0 0 33 5
8033 雷虎|其他|48 28 17|71 71 -23 16|0.4 101|3 5 0 na 270
8039 台虹|電子零組|27 34 7|95 95 36 56|4.2 109|19 -2 2 270 27
8040 九暘|半導體業|-4 8 36|80 80 3 12|0.4 52|3 10 0 25 -19
8043 蜜望實|電子零組|-2 -9 4|98 98 102 94|2.4 477|1 -0 0 62 282
8044 網家|數位雲端|-10 -10 -4|63 83 -14 -15|0.3 6|12 11 0 -3 -14
8046 南電|電子零組|-6 -12 23|54 69 -23 -29|0.6 320|6 3 0 3 -6
8048 德勝|通信網路|-60 -57 -67|66 80 -12 -11|0.2 12|1 9 0 -1 -25
8049 晶采|光電業|-22 -43 -7|88 89 -6 -11|1.3 22|2 -7 0 6 15
8050 廣積|電腦及週|-26 -14 13|72 86 -10 -10|0.2 38|4 -1 -0 -9 -8
8054 安國|半導體業|46 45 11|78 84 -3 20|0.2 1560|6 -1 0 -19 13
8064 東捷|光電業|-20 -1 27|92 92 82 138|1.1 1070|3 -0 0 27 -8
8068 全達|電子通路|-3 -2 -20|64 77 -15 -17|0.3 5|8 9 0 -1 1
8069 元太|光電業|29 19 32|98 98 42 37|0.8 1936|43 6 5 4 -2
8070 長華*|電子通路|6 4 13|96 96 19 57|3.3 314|8 3 2 77 16
8071 能率網通|電子零組|-18 -7 0|90 90 15 62|0.8 96|3 1 0 41 -23
8076 伍豐|電腦及週|-22 -4 -7|98 98 20 24|0.7 62|5 8 0 -2 -42
8081 致新|半導體業|5 -1 -10|71 71 -26 -12|0.5 87|30 -28 -2 36 -10
8083 瑞穎|電機機械|24 42 -1|90 90 -5 6|0.8 11|3 -8 0 11 1
8084 巨虹|電子通路|17 12 32|62 62 -30 -22|0.3 18|2 8 0 na 0
8085 福華|其他電子|18 -4 21|47 47 -39 -35|0.7 62|2 -5 -0 2 -1
8086 宏捷科|半導體業|76 99 -72|73 73 -8 -22|1.8 132|8 -10 0 24 11
8088 品安|半導體業|-39 -47 -17|69 69 -23 -20|0.4 6|6 6 0 -1 -1
8089 康全電訊|通信網路|507 514 357|86 86 27 76|1.2 395|2 0 0 48 -11
8091 翔名|半導體業|15 11 9|90 90 27 45|2.3 85|12 -1 0 83 15
8096 擎亞|電子通路|16 18 -35|91 91 36 108|0.8 1582|25 0 0 71 -27
8097 常珵|通信網路|2687 872 22|94 94 8 13|0.9 6|2 11 0 0 -21
8099 大世科|資訊服務|-2 1 6|65 65 -2 34|0.4 38|3 -3 0 9 35
8103 瀚荃|電子零組|15 9 8|91 91 51 58|0.4 158|29 -1 0 39 16
8104 錸寶|光電業|-4 -15 -5|73 73 20 26|0.6 57|2 -4 0 7 82
8105 凌巨|光電業|21 -4 10|82 82 32 33|0.7 78|57 -3 0 5 -24
8107 大億金茂|電機機械|51 53 48|97 97 53 77|1.8 45|3 2 0 18 31
8110 華東|半導體業|17 13 15|78 78 -4 6|0.2 24|9 -3 0 -2 -1
8112 至上|電子通路|70 86 15|77 77 -10 11|0.3 159|14 5 2 2 -7
8114 振樺電|電腦及週|42 36 37|89 89 31 55|0.4 84|20 10 -4 3 7
8121 越峰|電子零組|53 38 27|88 88 -12 80|1.2 35|3 4 0 na na
8131 福懋科|半導體業|31 21 22|94 95 -3 4|0.6 9|4 0 0 2 -7
8147 正淩|電子零組|42 27 7|85 85 11 10|0.9 167|15 0 0 3 17
8150 南茂|半導體業|12 10 -5|75 75 -12 -18|1.2 90|41 -34 1 18 2
8155 博智|電子零組|34 43 31|77 80 -13 -7|0.4 35|6 21 -16 -15 -36
8163 達方|電腦及週|-23 -26 -10|73 73 -27 -12|0.2 25|16 -8 6 0 -7
8182 加高|電子零組|19 11 -5|94 97 8 11|2.7 5|52 -1 0 1 49
8183 精星|其他電子|-5 1 5|67 77 -9 -18|0.5 5|2 21 0 -11 -7
8210 勤誠|電腦及週|111 69 13|85 85 -7 12|0.5 682|11 6 2 -10 -16
8213 志超|電子零組|-6 -10 -8|81 84 -3 -10|0.4 13|18 11 0 -1 -14
8215 明基材|光電業|-11 -3 -12|84 89 -5 -7|0.4 10|1 9 3 -6 -2
8222 寶一|電機機械|19 27 -10|64 73 -16 -16|0.4 9|3 21 0 -5 -25
8227 巨有科技|半導體業|-49 -38 -59|47 68 -19 -30|0.4 90|1 2 0 2 -28
8234 新漢|電腦及週|22 -4 22|86 86 3 27|0.3 94|6 6 0 -8 -15
8249 菱光|電子零組|69 37 52|98 98 7 7|2.1 27|4 13 0 60 -5
8255 朋程|電機機械|17 36 -12|76 76 -14 2|0.2 59|13 -13 -6 24 15
8261 富鼎|半導體業|7 5 7|76 91 -2 -4|0.5 15|3 27 1 -7 -22
8271 宇瞻|半導體業|17 12 7|72 73 -19 -19|0.3 14|4 0 0 2 -15
8277 商丞|半導體業|-24 -13 -5|74 74 -1 18|0.2 5|1 2 0 na na
8299 群聯|半導體業|39 54 14|70 70 -9 -12|0.5 891|41 -10 -1 -2 8
8341 日友|綠能環保|28 26 26|78 90 -4 -7|0.6 16|8 1 0 -4 -31
8349 恒耀國際|鋼鐵工業|13 5 -6|96 96 6 23|0.8 11|3 -1 0 6 -21
8354 冠好|其他|-4 -2 -4|95 95 9 15|1.7 11|2 2 0 21 70
8358 金居|電子零組|56 62 50|86 86 -3 16|0.5 172|10 -1 -1 -10 -2
8374 羅昇|電機機械|0 1 11|87 87 105 370|1.2 1732|3 -0 0 29 40
8383 千附|半導體業|21 14 34|94 94 11 19|0.6 15|13 10 0 7 -23
8390 金益鼎|綠能環保|44 53 35|86 86 30 38|0.4 129|5 2 -1 -11 5
8410 森田|電腦及週|10 -4 -18|96 96 22 30|0.7 22|1 2 0 4 -67
8415 大國鋼|鋼鐵工業|1 -8 2|97 97 -1 5|0.8 7|10 -21 0 6 4
8422 可寧衛*|綠能環保|126 45 44|97 97 -1 6|1.0 32|12 41 1 -4 -10
8431 匯鑽科|其他電子|18 10 8|92 95 7 2|0.4 17|2 1 0 3 -11
8432 東生華|生技醫療|59 42 9|85 85 -6 8|0.8 6|3 -4 0 21 6
8433 弘帆|居家生活|10 4 -15|85 85 -7 -1|0.5 7|2 -4 0 -6 1
8436 大江|生技醫療|-11 -6 -2|78 92 -5 0|0.5 35|15 31 -16 -3 -28
8438 昶昕|綠能環保|29 21 19|88 88 20 85|0.8 35|4 7 0 19 -5
8440 綠電|綠能環保|16 9 2|83 83 48 58|0.4 95|1 -0 0 19 22
8442 威宏-KY|其他|16 5 5|95 95 -1 3|1.7 8|59 8 0 3 -25
8446 華研|文化創意|60 60 25|97 97 10 10|0.7 22|7 15 0 -8 -31
8454 富邦媒|數位雲端|1 1 -3|72 88 -12 -3|0.3 96|15 8 -1 -5 -21
8462 柏文|運動休閒|19 20 -1|95 97 11 26|4.0 10|2 19 0 -3 -9
8463 潤泰材|其他|27 19 -4|82 82 -1 13|0.3 7|2 -10 0 0 2
8464 億豐|居家生活|22 14 6|100 100 33 28|0.7 336|43 0 7 24 -39
8466 美吉吉-KY|其他|38 19 -5|89 89 4 26|1.2 12|55 3 0 27 -57
8467 波力-KY|運動休閒|-8 15 -13|88 88 36 25|0.2 84|45 -4 0 69 30
8473 山林水|綠能環保|-2 -29 -18|83 83 21 24|0.6 55|3 2 0 25 -1
8478 東哥遊艇|運動休閒|-93 -15 -24|74 76 -13 -17|0.5 130|40 -7 -2 9 -24
8906 花王|其他|1 0 -4|77 77 7 188|0.2 12|3 -6 0 5 54
8916 光隆|其他|3 4 22|97 97 3 7|0.4 9|4 7 0 -12 -6
8926 台汽電|油電燃氣|100 48 -9|90 91 -4 2|0.3 48|7 23 0 -9 -18
8927 北基|油電燃氣|72 161 94|84 84 7 17|3.1 126|5 14 0 32 17
8930 青鋼|鋼鐵工業|-1 2 -15|83 85 -6 -7|0.6 5|4 -2 0 -1 -5
8936 國統|其他|-4 55 12|72 72 -10 4|0.3 183|13 3 -2 0 -18
8937 合騏*|其他|197 63 68|100 100 192 220|2.6 88|1 1 0 9 127
8938 明安|運動休閒|20 11 32|96 96 -3 16|0.4 14|10 15 4 -13 -21
8942 森鉅|其他|-50 -43 -20|92 92 -5 -6|0.5 16|16 -20 0 -17 25
8996 高力|電機機械|-12 -22 -20|72 72 -21 30|1.0 1212|19 -2 -1 23 1
9802 鈺齊-KY|運動休閒|-9 -4 32|81 91 -6 -0|0.5 37|44 27 -0 -0 -21
9902 台火|其他|216 933 -207|86 86 16 34|0.5 39|4 -2 0 17 25
9904 寶成|運動休閒|17 9 10|89 89 -7 13|0.5 268|49 -11 3 5 11
9906 欣巴巴|建材營造|206 27 69|92 92 119 186|0.8 697|3 -1 0 11 67
9907 統一實|其他|43 29 26|95 99 12 14|1.3 43|17 29 0 5 -38
9908 大台北|油電燃氣|-3 -1 -3|97 97 -1 -1|1.1 6|2 -13 0 6 97
9910 豐泰|運動休閒|3 7 5|72 86 -4 -10|0.5 79|12 17 2 -11 -4
9911 櫻花|居家生活|19 16 -1|92 92 1 26|0.5 25|20 -14 1 -15 -15
9914 美利達|運動休閒|18 25 44|97 97 3 13|0.4 361|42 -4 6 2 3
9917 中保科|其他|4 2 -5|100 100 18 24|0.6 45|40 7 12 -25 -27
9919 康那香|其他|8 -6 5|63 85 -8 -8|0.5 9|5 3 0 5 -14
9921 巨大|運動休閒|17 1 17|100 100 9 14|0.5 316|41 9 2 -47 -47
9924 福興|居家生活|13 -0 -9|94 94 2 9|0.3 10|14 6 0 0 -10
9925 新保|其他|4 -2 -1|98 98 4 8|0.8 10|18 15 0 -80 34
9927 泰銘|其他|1 -4 -14|94 94 -3 8|0.7 22|11 -53 0 1 -19
9930 中聯資源|綠能環保|9 8 2|90 90 1 11|0.4 9|3 -6 0 -16 11
9933 中鼎|其他|13 19 -6|92 92 4 13|0.5 80|19 -13 4 -11 -15
9934 成霖|居家生活|-2 1 5|94 94 -3 21|0.7 37|25 17 0 11 18
9935 慶豐富|居家生活|15 27 11|94 94 23 43|0.7 48|8 -3 0 62 36
9938 百和|其他|27 30 12|88 88 -5 13|0.3 85|27 -2 5 11 -6
9939 宏全|其他|12 6 0|93 93 -2 12|0.4 153|26 8 7 -21 2
9940 信義|其他|29 26 19|90 90 1 15|0.5 16|7 16 0 -24 -8
9941 裕融|其他|-2 -1 -7|79 91 -0 1|0.4 120|4 3 12 5 -2
9942 茂順|其他|-24 -23 -12|77 83 -11 -18|0.6 19|4 -10 0 -4 18
9943 好樂迪|觀光餐旅|-11 -2 2|88 89 -8 -9|0.4 5|1 17 0 -3 -4
9944 新麗|其他|11 8 8|87 87 -10 2|0.4 5|3 -8 0 19 47
9945 潤泰新|其他|37 13 8|92 92 11 40|0.3 592|14 2 0 9 -7
9946 三發地產|建材營造|130 219 112|77 77 -16 53|0.2 40|4 3 -0 0 -26
9951 皇田|電機機械|14 10 5|86 95 -1 -2|0.4 6|5 -0 0 -5 -2
9955 佳龍|綠能環保|14 1 -10|93 93 10 44|0.5 138|1 0 0 27 21
9958 世紀鋼|鋼鐵工業|-23 -12 -44|65 65 -16 -0|1.6 1579|11 -9 2 35 64
