# 2025-08-01 全池(1005 檔)。欄位:代碼 名稱|產業|最新月YoY 3月YoY均 加速度|距52週高% 距120日高% 60日漲% 120日漲%|量能比 日均值M|外持% 外20 投20 資20 券20(外資持股比;外資/投信20日淨買佔成交值%;融資/借券餘額20日變化%)
1101 台泥|水泥工業|-26 -9 -52|71 71 -18 -20|0.6 468|18 -6 -0 18 1
1102 亞泥|水泥工業|-12 -1 -3|89 90 -6 4|0.4 506|21 -2 -14 31 -8
1104 環泥|水泥工業|-5 -6 -4|85 92 -2 0|0.9 9|15 9 1 34 -9
1210 大成|食品工業|-3 -2 1|92 92 -2 14|0.6 150|13 -8 11 25 -1
1215 卜蜂|食品工業|4 5 5|90 90 13 27|0.4 99|45 6 -4 24 -9
1216 統一|食品工業|1 5 -2|91 95 2 4|0.7 931|36 -19 8 7 26
1218 泰山|食品工業|-1 -4 4|88 88 -11 1|0.6 13|3 -8 0 34 21
1227 佳格|食品工業|1 -3 -4|83 87 -12 -5|0.7 13|6 -10 -2 2 3
1229 聯華|食品工業|23 1 11|66 87 1 -9|1.0 84|9 -3 0 -3 -9
1231 聯華食|食品工業|11 12 -1|78 78 0 -11|0.9 23|4 -15 -3 18 13
1232 大統益|食品工業|-5 -4 -0|94 94 -5 5|0.7 7|3 -15 1 23 -2
1301 台塑|塑膠工業|-16 -11 -10|69 95 16 23|2.7 1157|27 -1 0 58 1
1303 南亞|塑膠工業|-6 -1 -6|80 97 32 36|5.3 634|28 -5 2 86 24
1304 台聚|塑膠工業|-14 -14 -10|62 83 2 -4|2.0 25|29 9 0 -5 -14
1305 華夏|塑膠工業|-11 -14 4|63 83 -0 -3|2.1 17|4 3 0 37 -12
1307 三芳|塑膠工業|3 -1 -9|68 68 -7 -14|0.8 59|8 -14 0 6 27
1308 亞聚|塑膠工業|-18 -9 -0|61 80 -2 -10|2.1 17|5 8 0 30 -30
1309 台達化|塑膠工業|-24 -22 -32|54 75 -4 -10|2.1 10|2 1 0 -10 -22
1312 國喬|塑膠工業|-21 7 -19|65 80 -16 -8|1.9 33|6 -7 0 6 12
1313 聯成|塑膠工業|-15 -20 -7|82 100 24 24|2.4 49|7 7 0 95 -3
1316 上曜|建材營造|114 155 -29|61 72 -14 -2|0.4 32|4 8 0 -0 -9
1319 東陽|汽車工業|-9 -5 -11|78 78 -12 -6|0.8 377|18 5 -9 -15 -6
1325 恆大|塑膠工業|1 9 21|70 70 5 -17|0.1 9|2 10 0 -12 -9
1326 台化|塑膠工業|-21 -24 -15|56 93 12 9|3.2 473|32 -4 -1 36 -0
1342 八貫|其他|0 13 5|77 77 -11 -22|0.8 10|29 -11 0 -4 -4
1402 遠東新|紡織纖維|-10 -11 -10|78 86 -11 -4|0.7 375|19 -26 5 158 99
1409 新纖|紡織纖維|-17 -16 -19|74 84 -1 -13|0.8 14|12 4 -1 -11 -5
1414 東和|紡織纖維|-8 -11 1|70 73 -8 -29|1.6 9|2 4 0 -36 -3
1419 新紡|紡織纖維|18 6 -19|66 66 26 27|0.3 24|1 -4 1 -32 14
1434 福懋|紡織纖維|-9 -5 -7|75 86 -1 -8|1.5 32|7 -10 11 41 5
1436 華友聯|建材營造|54 -40 -1890|43 53 -35 -39|1.2 39|4 -15 0 -8 30
1440 南紡|紡織纖維|-11 -14 -9|71 89 -8 -4|0.5 10|7 9 -2 2 -4
1442 名軒|建材營造|-65 -73 -242|81 81 -4 -16|0.4 14|12 -14 5 30 2
1446 宏和|紡織纖維|-97 -30 -1887|38 49 -15 -44|0.6 7|7 -20 0 3 18
1449 佳和|紡織纖維|55 2 8|44 66 -10 -33|1.1 8|8 -6 0 -4 -47
1464 得力|紡織纖維|1 2 -24|69 69 -4 -25|1.1 8|4 -26 0 -7 30
1476 儒鴻|紡織纖維|-3 2 -14|71 73 -0 -25|0.8 347|33 -10 3 76 35
1477 聚陽|紡織纖維|3 0 -9|60 71 1 -22|0.6 397|16 -22 18 39 10
1503 士電|電機機械|25 9 -0|64 90 12 6|0.3 263|30 4 -0 -12 -5
1504 東元|電機機械|9 6 8|100 100 14 6|3.8 159|11 6 -4 56 -26
1513 中興電|電機機械|21 16 2|74 100 20 10|0.6 573|19 20 -2 -11 -38
1514 亞力|電機機械|-6 19 20|68 88 -2 8|0.2 155|12 -1 0 -3 5
1515 力山|電機機械|-19 -19 25|68 84 -1 -4|1.0 5|6 -13 0 8 -6
1519 華城|電機機械|21 32 -9|70 99 45 29|1.1 3335|19 3 3 -16 -27
1522 堤維西|汽車工業|-20 -17 -13|63 68 -10 -33|0.8 34|5 -15 1 3 7
1524 耿鼎|汽車工業|-19 -16 -20|67 67 -13 -24|0.6 19|4 6 -5 -4 5
1528 恩德|電機機械|-29 -23 -10|72 88 25 9|5.2 11|2 -7 0 16 14
1529 樂事綠能|電機機械|-66 20 -14|64 84 -1 10|0.3 12|2 -5 0 21 2
1532 勤美|電機機械|-48 -54 -18|59 79 -3 -15|0.7 21|7 -27 -0 2 9
1536 和大|汽車工業|-52 -27 -8|66 66 -5 -5|0.5 92|9 11 -1 -7 -2
1537 廣隆|電機機械|-30 -21 -29|86 89 -1 -9|1.2 11|17 -26 0 -35 7
1540 喬福|電機機械|-39 -13 5|58 71 -4 -10|0.7 8|3 3 0 -5 -12
1560 中砂|電機機械|25 23 7|85 87 18 15|1.0 852|21 3 -5 -5 23
1563 巧新|汽車工業|2 -8 -1|78 78 -10 -11|0.9 9|2 11 0 1 -36
1565 精華|生技醫療|12 6 -2|67 80 -7 -16|0.7 17|12 -2 0 -6 9
1569 濱川|電腦及週|5 13 3|63 63 15 -5|0.4 84|1 -2 0 4 15
1582 信錦|電子零組|-11 -15 -13|63 70 0 -26|0.5 23|11 -0 -5 -6 -14
1584 精剛|其他|-27 -19 -18|56 76 -18 -12|0.9 18|1 4 0 5 2
1589 永冠-KY|電機機械|34 20 8|50 56 -23 -40|2.3 9|6 2 0 45 -8
1590 亞德客-KY|電機機械|7 6 -1|79 82 -9 -14|1.1 392|77 -13 1 66 6
1591 駿吉-KY|電機機械|-8 -43 -102|83 87 44 -7|0.4 7|3 1 0 4 -14
1595 川寶|半導體業|95 7 8|54 85 19 -7|0.5 10|2 -4 0 25 51
1597 直得|電機機械|0 9 0|69 76 7 -17|0.4 49|4 5 0 1 -14
1603 華電|電器電纜|42 34 3|88 91 7 8|0.6 13|4 6 0 -5 -3
1605 華新|電器電纜|-26 -3 -6|61 75 4 -7|2.4 264|14 -11 -1 18 13
1608 華榮|電器電纜|-6 -6 -13|67 91 8 7|0.9 93|3 0 1 -5 15
1609 大亞|電器電纜|9 5 -5|61 78 -4 -13|0.8 92|12 -2 -0 -0 2
1612 宏泰|電器電纜|20 26 12|97 97 19 21|0.9 82|14 7 1 6 -50
1616 億泰|電器電纜|16 19 3|82 82 45 95|0.7 196|7 -7 -0 39 56
1618 合機|電器電纜|75 85 44|86 95 15 7|0.4 114|4 5 0 -17 -39
1702 南僑|食品工業|-5 -2 -5|70 83 -12 -14|1.1 13|10 -26 0 12 8
1707 葡萄王|生技醫療|0 -7 -8|87 89 -3 -10|1.3 19|15 -18 -2 22 25
1708 東鹼|化學工業|-6 -10 -18|75 77 -5 -11|1.1 15|12 -16 1 8 6
1710 東聯|化學工業|-16 -10 -22|66 71 -12 -15|1.6 16|5 -10 0 20 -10
1711 永光|化學工業|-15 -9 -9|58 76 -4 -24|1.6 27|6 0 0 8 9
1712 興農|化學工業|3 1 3|90 90 -0 -6|0.9 9|16 -14 -4 -2 -7
1713 國化|化學工業|-42 -34 -26|93 96 5 7|2.2 14|1 -1 -1 -5 -13
1717 長興|化學工業|-11 -10 -10|83 97 6 2|1.3 55|13 3 -1 -1 3
1720 生達|生技醫療|0 4 -1|76 91 -3 -7|1.5 9|4 -13 -0 32 19
1721 三晃|化學工業|-35 -37 -29|46 75 -8 -20|2.7 15|4 -4 0 9 21
1722 台肥|化學工業|3 3 1|84 89 -3 2|1.0 96|10 -16 16 -21 3
1723 中碳|化學工業|-5 -27 -22|89 91 -1 -2|1.2 25|8 -3 -0 44 2
1727 中華化|化學工業|7 -1 -16|78 99 37 13|4.4 106|4 2 0 83 61
1736 喬山|運動休閒|15 19 -9|72 72 -5 -9|0.5 122|6 -15 -3 -24 17
1760 寶齡富錦|生技醫療|10 6 2|72 82 3 -19|0.3 7|12 18 0 -3 -20
1773 勝一|化學工業|18 8 -2|70 80 -4 -14|0.6 31|6 2 -3 12 11
1777 生泰|生技醫療|-24 -4 -12|76 76 -8 -14|1.1 6|2 -12 0 -18 -14
1784 訊聯|生技醫療|16 4 -2|49 81 -3 -16|4.8 8|3 -9 0 10 12
1785 光洋科|其他電子|1 26 -6|74 83 1 -12|0.8 126|12 -17 -0 -3 -13
1786 科妍|生技醫療|-2 -0 -10|90 96 22 2|2.9 272|7 0 1 5 172
1795 美時|生技醫療|-6 -3 -18|74 76 -6 -22|0.5 165|57 7 -0 -4 -3
1799 易威|生技醫療|-21 -7 -170|20 56 -32 -25|1.3 7|12 3 0 na na
1802 台玻|玻璃陶瓷|-6 -6 1|100 100 73 42|4.6 755|7 5 0 168 -28
1806 冠軍|玻璃陶瓷|21 11 4|79 93 -1 16|0.6 9|8 1 -1 -10 53
1808 潤隆|建材營造|-100 -99 -6|24 82 -2 -12|0.5 37|4 -26 12 9 61
1809 中釉|玻璃陶瓷|-16 4 5|65 81 -3 -18|1.8 8|2 -4 0 -6 -27
1810 和成|玻璃陶瓷|3 -0 -0|88 88 -6 2|2.7 11|4 9 0 -2 -11
1815 富喬|電子零組|23 33 -28|100 100 88 59|2.0 6009|18 2 -0 22 -10
1903 士紙|造紙工業|8 3 6|72 72 4 5|0.1 14|11 7 0 -25 -1
1904 正隆|造紙工業|18 1 -6|66 89 -0 -4|0.7 11|9 5 -2 7 -16
1905 華紙|造紙工業|-12 -12 -6|55 71 -11 -24|1.1 11|4 -4 -1 6 3
1907 永豐餘|造紙工業|-9 -8 -10|75 82 -10 -16|0.5 17|12 -16 -2 -0 4
1909 榮成|造紙工業|-19 -11 -9|69 87 9 -8|1.7 17|10 -7 0 33 8
2002 中鋼|鋼鐵工業|-15 -10 -4|79 79 -8 -0|1.0 395|15 8 -1 6 -3
2006 東和鋼鐵|鋼鐵工業|-1 2 5|83 85 -3 -2|0.9 54|17 -20 4 -2 7
2009 第一銅|鋼鐵工業|-23 -11 -15|68 70 -3 -12|1.2 58|1 -5 -0 1 18
2010 春源|鋼鐵工業|4 4 -7|96 96 7 18|1.2 22|9 17 -12 20 -1
2014 中鴻|鋼鐵工業|-55 -34 -2|60 60 -8 -17|2.3 66|5 -11 -0 49 39
2015 豐興|鋼鐵工業|-1 -7 -3|82 92 11 3|0.5 20|12 -16 34 -65 36
2020 美亞|鋼鐵工業|-34 -25 -2|69 79 -13 -11|0.7 6|3 8 0 0 -4
2023 燁輝|鋼鐵工業|-13 -9 -2|87 87 -4 -2|1.3 24|6 -18 -1 11 -1
2027 大成鋼|鋼鐵工業|8 6 4|76 76 0 6|3.9 552|23 -9 7 98 149
2031 新光鋼|鋼鐵工業|25 25 12|70 79 3 -6|1.0 24|11 5 -3 2 -25
2032 新鋼|鋼鐵工業|23 5 -5|69 69 -8 9|1.4 6|2 -7 0 12 38
2034 允強|鋼鐵工業|-17 -5 -12|82 82 5 13|0.7 19|6 -22 0 9 13
2038 海光|鋼鐵工業|18 8 -2|79 79 0 0|1.0 5|2 5 0 2 -6
2049 上銀|電機機械|-8 -4 -6|59 59 5 -34|0.6 559|28 -4 -1 2 2
2059 川湖|電子零組|62 68 -13|99 99 38 69|0.8 1742|26 6 6 -24 -17
2062 橋椿|居家生活|-28 -26 -7|58 73 -6 -24|0.7 6|8 0 0 -28 -23
2101 南港|橡膠工業|5 3 -78|70 79 -6 -13|0.5 41|6 8 0 3 -22
2102 泰豐|橡膠工業|11 9 -43|87 95 4 16|0.7 16|5 -1 0 -15 22
2103 台橡|橡膠工業|-11 2 -16|74 86 -3 -8|1.2 13|24 1 3 0 -4
2104 國際中橡|橡膠工業|-23 -8 -5|66 89 7 -4|3.4 10|8 -3 0 12 -4
2105 正新|橡膠工業|-9 -6 -4|79 81 -17 -17|0.5 192|13 4 -17 -19 -8
2106 建大|橡膠工業|-3 -2 -1|71 82 -4 -12|0.7 8|9 -11 1 -4 13
2108 南帝|橡膠工業|-35 -12 -29|58 72 -12 -26|0.6 6|5 -6 0 -0 -15
2201 裕隆|汽車工業|-14 -22 -12|53 65 -17 -35|1.8 67|6 2 -0 2 1
2204 中華|汽車工業|-24 -27 -1|50 73 -18 -28|0.9 99|21 1 -10 -3 -29
2206 三陽工業|汽車工業|-2 -4 0|85 91 -7 -7|0.7 49|9 -9 -2 -3 -0
2207 和泰車|汽車工業|-18 -6 -5|79 87 -11 -7|0.6 116|23 -9 -2 17 3
2208 台船|航運業|-4 161 135|85 86 -4 8|1.3 29|6 -22 -0 na -33
2211 長榮鋼|鋼鐵工業|-9 13 -24|68 87 2 -3|0.5 85|7 -15 -11 42 -6
2228 劍麟|汽車工業|11 2 1|76 94 -1 -2|0.8 18|6 -6 0 -1 7
2230 泰茂|居家生活|48 8 -121|68 92 19 1|0.9 14|2 -18 0 4 18
2231 為升|汽車工業|-13 -16 -21|63 75 -13 -23|1.1 18|4 13 0 5 -4
2233 宇隆|汽車工業|-13 -11 -13|69 81 18 -19|0.9 109|3 -3 -0 5 6
2236 百達-KY|汽車工業|285 444 240|70 70 4 -19|0.6 9|61 -2 0 10 -6
2247 汎德永業|汽車工業|-25 -1 -15|97 97 15 15|2.8 233|5 2 2 190 76
2250 IKKA-KY|汽車工業|-8 -5 -2|63 63 0 -32|0.8 15|7 -3 0 6 21
2258 鴻華先進-創|汽車工業|-64 -67 -545|80 80 4 -18|1.9 11|0 -5 1 na na
2301 光寶科|電腦及週|16 22 10|96 96 23 16|2.6 1126|30 -2 7 22 16
2303 聯電|半導體業|7 4 -3|78 88 -4 9|0.8 1137|23 10 -13 3 -5
2308 台達電|電子零組|21 20 3|100 100 61 44|1.3 5070|67 8 2 25 39
2312 金寶|其他電子|-16 -8 -19|57 71 -6 -24|0.6 88|13 5 -0 -18 -12
2313 華通|電子零組|7 8 3|82 97 11 -3|2.1 465|19 9 -4 18 -12
2316 楠梓電|電子零組|4 5 1|98 98 106 62|3.1 1218|28 0 0 85 46
2317 鴻海|其他電子|10 16 -5|85 100 30 9|1.4 5034|34 20 0 -6 -7
2324 仁寶|電腦及週|-27 -24 -16|78 78 7 -20|0.4 456|40 -10 12 -4 9
2327 國巨*|電子零組|11 4 -5|71 94 21 -2|1.2 1124|49 12 -4 -2 -35
2328 廣宇|電子零組|2 5 3|80 80 19 9|0.8 523|13 1 -1 -2 28
2329 華泰|半導體業|30 30 30|75 96 28 12|0.6 110|9 0 -0 4 -8
2330 台積電|半導體業|27 38 -2|98 98 25 2|1.1 36417|74 12 -1 -5 -2
2331 精英|電腦及週|-3 9 5|55 77 5 -22|0.5 15|7 5 0 1 -22
2332 友訊|通信網路|-19 -15 -7|63 70 5 -31|0.5 54|12 4 0 3 -3
2337 旺宏|半導體業|1 5 0|63 81 -7 -4|0.8 145|14 -9 -0 -5 3
2338 光罩|半導體業|-22 -20 -11|41 66 7 -34|0.9 73|4 -2 0 -11 37
2340 台亞|半導體業|2 7 2|47 62 -6 -26|0.8 28|9 -4 0 3 4
2344 華邦電|半導體業|-4 -2 -3|70 83 13 23|0.4 521|13 -9 -1 -1 39
2345 智邦|通信網路|185 149 54|99 99 38 16|1.3 3858|61 2 -1 -8 11
2347 聯強|電子通路|-12 -7 -5|92 92 -3 -3|0.3 190|29 15 -7 -53 -21
2348 海悅|其他|-31 -1 -34|27 51 -21 -45|0.4 77|4 -17 -0 1 61
2349 錸德|光電業|24 20 25|55 73 -2 -25|0.8 21|12 -11 0 na -100
2351 順德|半導體業|-11 -6 -8|47 77 9 -19|1.1 97|7 0 1 3 7
2352 佳世達|電腦及週|8 7 2|71 74 5 -22|0.7 65|11 -0 -2 -1 -22
2353 宏碁|電腦及週|2 -1 -6|71 83 -2 -13|0.7 399|22 14 -7 -12 -15
2354 鴻準|其他電子|128 222 55|69 86 13 -10|0.8 432|18 6 -0 -5 -10
2355 敬鵬|電子零組|4 -1 4|75 94 12 -3|4.8 57|11 -8 -0 34 20
2356 英業達|電腦及週|24 21 -9|84 94 12 0|0.9 609|14 1 -0 -3 -16
2357 華碩|電腦及週|17 31 5|94 94 18 5|0.7 2066|49 21 -0 -35 -53
2359 所羅門|其他電子|95 42 17|78 86 6 -3|0.4 237|5 3 0 -2 -10
2360 致茂|其他電子|35 19 -9|100 100 54 40|1.3 1087|64 5 3 111 -26
2362 藍天|電腦及週|-21 -14 -12|71 85 -2 -16|0.5 16|10 10 -1 -1 -8
2363 矽統|半導體業|1403 1162 239|63 81 14 -15|1.4 434|5 -8 -0 28 218
2364 倫飛|電腦及週|7 28 -7|78 99 25 26|1.9 56|21 3 0 60 35
2365 昆盈|電腦及週|8 -12 -19|64 87 16 -7|1.4 263|1 -0 0 19 19
2367 燿華|電子零組|-12 -16 -25|72 90 11 -12|2.5 217|9 -6 0 18 40
2368 金像電|電子零組|46 47 16|100 100 73 70|0.9 3708|27 4 2 34 -12
2369 菱生|半導體業|2 -0 8|66 80 6 -16|0.5 7|13 20 0 -0 -16
2371 大同|電機機械|-5 3 5|66 83 -7 -11|0.4 456|8 -2 -1 2 -11
2374 佳能|光電業|63 53 24|86 94 37 -5|1.2 629|6 2 0 19 -9
2375 凱美|電子零組|-3 2 -6|70 83 2 -18|0.9 12|7 17 0 -3 -24
2376 技嘉|電腦及週|11 41 -10|94 99 19 13|0.9 1160|19 9 3 -17 -15
2377 微星|電腦及週|33 31 18|73 73 5 -24|0.7 373|27 -13 1 -18 18
2379 瑞昱|半導體業|-0 4 -14|94 94 8 -1|0.8 865|50 -16 13 -9 20
2382 廣達|電腦及週|71 62 2|91 100 19 18|1.2 3694|22 7 -5 2 1
2383 台光電|電子零組|53 46 -6|100 100 69 82|0.9 4371|46 5 1 6 -34
2385 群光|電子零組|-0 -1 -5|80 80 -10 -11|0.4 386|18 10 -9 3 -21
2387 精元|電腦及週|-15 -21 -20|65 65 -7 -24|0.5 28|16 -13 -1 4 -6
2388 威盛|半導體業|-9 -26 -44|43 62 -18 -36|1.0 145|14 -4 -1 -5 -3
2392 正崴|電子零組|29 -2 -8|68 84 22 -15|0.7 213|8 -2 -0 12 9
2393 億光|光電業|-6 -9 -16|84 85 -4 -16|2.0 200|19 -24 8 -20 23
2395 研華|電腦及週|18 22 8|78 78 -5 -21|1.1 306|38 -19 -1 5 -1
2397 友通|電腦及週|36 35 16|86 90 23 -2|4.5 13|16 -14 0 30 27
2399 映泰|電腦及週|-9 -13 5|42 67 -4 -30|0.5 14|7 10 0 -0 -4
2401 凌陽|半導體業|-9 -5 -15|54 63 -11 -36|0.8 31|11 -16 -0 19 22
2402 毅嘉|電子零組|9 18 2|90 96 11 8|1.6 109|8 -2 -1 13 7
2404 漢唐|其他電子|55 30 37|100 100 93 74|0.7 2137|34 -1 9 -8 -33
2405 輔信|電腦及週|-2 -4 2|71 75 1 -19|0.9 16|6 -1 0 3 3
2406 國碩|光電業|-42 -45 -54|52 86 10 -4|1.8 15|6 -1 0 2 6
2408 南亞科|半導體業|21 6 15|66 74 27 54|0.5 2996|9 -2 -2 -4 53
2409 友達|光電業|-13 -7 -15|65 77 -11 -14|1.2 244|22 -4 -0 8 5
2412 中華電|通信網路|6 5 1|98 98 4 7|0.7 1163|17 12 -2 15 -22
2414 精技|電子通路|39 34 13|95 95 16 22|0.8 27|5 -5 0 150 42
2417 圓剛|電腦及週|13 1 1|75 75 12 -19|0.6 28|2 -4 0 3 26
2419 仲琦|通信網路|-2 2 -12|58 73 7 -24|0.5 10|2 9 0 -9 -12
2420 新巨|電子零組|0 3 -2|71 84 4 -12|1.1 9|7 2 -2 4 -0
2421 建準|電子零組|32 27 -1|100 100 33 27|0.9 319|29 17 -3 5 -27
2425 承啟|電腦及週|31 77 49|70 90 2 2|0.3 17|10 12 0 -2 6
2427 三商電|資訊服務|89 165 119|93 95 17 3|0.9 85|5 -1 0 6 30
2428 興勤|電子零組|2 5 -8|77 80 6 -16|0.7 19|17 -3 0 -2 -1
2429 銘旺科|光電業|30 74 9|100 100 61 190|2.6 229|12 4 0 -2 -8
2436 偉詮電|半導體業|23 25 10|73 84 8 -13|0.4 36|6 7 3 -9 -23
2439 美律|通信網路|6 -0 -16|82 90 -5 1|1.1 284|11 -14 9 -9 13
2441 超豐|半導體業|10 8 -2|94 94 13 -2|2.4 37|12 -18 16 -17 17
2442 新美齊|建材營造|9 152 37|70 94 7 6|2.0 11|3 17 0 17 -7
2449 京元電子|半導體業|25 28 8|89 100 40 15|1.5 2311|26 -2 6 106 66
2451 創見|半導體業|54 40 30|83 83 3 14|0.5 209|8 7 -21 25 -42
2453 凌群|資訊服務|13 10 2|79 79 -3 -16|1.7 34|8 0 -3 -8 10
2454 聯發科|半導體業|31 18 3|88 88 7 -10|1.0 8535|59 4 -2 -0 1
2455 全新|通信網路|-11 -18 -8|88 95 58 -8|2.2 825|19 -7 6 -11 5
2457 飛宏|電子零組|5 -6 -1|47 62 -15 -38|0.8 23|8 -4 0 0 13
2458 義隆|半導體業|-4 -4 -2|81 82 3 -19|0.4 122|18 -8 19 -10 6
2462 良得電|電子零組|-1 2 -6|74 94 19 -2|1.7 23|2 -0 0 18 -30
2464 盟立|其他電子|-14 -6 -9|66 70 -2 -23|0.7 95|2 -7 0 7 41
2465 麗臺|電腦及週|-31 3 4|55 80 33 -11|1.3 25|3 2 0 -2 na
2466 冠西電|光電業|-41 -7 -38|81 81 6 -4|1.4 87|11 -0 -4 24 19
2467 志聖|電子零組|-15 15 -7|61 80 8 -19|0.5 128|9 -6 0 6 27
2468 華經|資訊服務|6 11 -14|68 68 -29 65|0.2 127|1 0 -0 -9 -29
2471 資通|資訊服務|4 20 1|82 82 -10 -10|0.7 17|4 -12 -3 23 12
2472 立隆電|電子零組|2 6 -12|76 78 4 -21|0.8 48|12 2 1 -10 -4
2474 可成|其他電子|14 8 -14|94 98 4 11|0.2 287|27 12 4 -15 -19
2476 鉅祥|電子零組|9 10 -8|72 83 13 -11|2.1 95|7 -3 0 0 14
2480 敦陽科|資訊服務|33 22 7|96 96 7 8|0.5 29|13 23 -3 11 -23
2481 強茂|半導體業|1 4 1|81 85 15 3|1.0 43|12 6 -6 -1 -9
2486 一詮|光電業|15 20 6|55 63 -8 -32|0.5 131|7 -0 0 -2 6
2488 漢平|其他電子|-4 4 -27|76 76 -5 -22|1.0 5|8 -12 0 -1 -3
2489 瑞軒|光電業|-7 9 -18|50 69 -6 -27|0.7 15|10 -1 0 2 -11
2492 華新科|電子零組|10 7 1|70 89 6 -8|1.1 74|11 8 -0 0 -23
2493 揚博|電子零組|-7 2 -6|78 92 6 -3|0.7 9|4 -12 -0 -3 -8
2495 普安|電腦及週|-18 -16 -3|58 71 -6 -29|0.5 10|9 -10 -1 1 -11
2497 怡利電|汽車工業|-17 -6 -23|46 65 -17 -33|1.5 10|6 -16 0 7 -17
2498 宏達電|通信網路|-21 -5 0|69 85 4 -14|1.0 191|11 -5 0 3 13
2501 國建|建材營造|185 43 19|59 77 -3 -16|0.7 17|7 -3 -1 -3 -9
2504 國產|建材營造|6 7 3|69 85 -9 -9|0.4 144|10 18 -12 7 -35
2515 中工|建材營造|13 -9 -26|72 92 -1 6|1.0 39|13 3 -0 2 8
2520 冠德|建材營造|-49 -34 -44|78 85 -3 -2|1.1 89|12 -19 8 -6 8
2524 京城|建材營造|-32 64 -279|31 61 -19 -31|0.8 7|1 -8 -7 0 1
2528 皇普|建材營造|215346 1435933 -1597941|53 57 -28 -29|1.6 17|3 -13 0 -7 16
2530 華建|建材營造|-98 758 -26450|50 67 -18 -25|0.9 19|4 -10 0 -6 -0
2534 宏盛|建材營造|324 657 344|81 90 -4 -1|0.5 16|7 1 0 8 -24
2535 達欣工|建材營造|43 54 36|96 96 6 16|0.6 13|8 -1 0 -1 -3
2537 聯上發|建材營造|-68 -85 -10325|40 72 -3 -10|0.4 8|2 2 0 -22 3
2539 櫻花建|建材營造|980 397 na|79 96 5 26|1.0 32|3 8 -13 1 -14
2540 愛山林|建材營造|172 97 51|36 83 -1 -12|0.6 26|3 6 0 -5 -13
2542 興富發|建材營造|53 -45 -25|64 92 1 -3|0.7 113|10 -26 27 -0 27
2543 皇昌|建材營造|-41 -31 -21|65 65 -5 -19|0.3 183|2 1 -0 -1 -4
2545 皇翔|建材營造|9 18 -184|55 56 -16 -33|0.5 22|4 -13 0 19 31
2547 日勝生|建材營造|-19 -22 -13|82 82 -12 9|0.4 18|18 -16 -13 4 -30
2548 華固|建材營造|183 27 -99|60 83 -3 -8|1.4 114|14 -12 1 13 4
2597 潤弘|建材營造|22 15 -2|69 83 -4 5|1.3 111|4 10 -13 40 -29
2603 長榮|航運業|-29 -18 -63|88 88 11 12|0.3 1950|20 -0 -7 1 1
2605 新興|航運業|-13 -8 -1|79 84 2 -3|0.9 53|33 -0 0 1 -27
2606 裕民|航運業|-17 -11 -10|73 73 1 -3|0.7 250|9 8 -4 4 -33
2607 榮運|航運業|-24 -19 -30|100 100 19 22|0.4 53|9 20 5 7 -17
2609 陽明|航運業|-33 -26 -62|78 78 -3 1|0.3 1059|15 -9 -6 2 12
2610 華航|航運業|-4 2 -6|79 85 -5 -12|0.5 607|17 -3 6 3 -6
2612 中航|航運業|1 7 -9|92 92 23 31|2.8 18|4 4 -0 83 -27
2613 中櫃|航運業|2 4 2|70 78 -7 -12|0.1 9|2 2 0 1 2
2615 萬海|航運業|-26 -5 -58|74 74 11 25|0.2 741|40 -13 -1 26 6
2617 台航|航運業|-15 -9 -13|78 86 1 -2|0.9 19|5 -16 -0 14 -14
2618 長榮航|航運業|-5 0 -4|85 89 -7 -9|0.7 1012|24 13 -19 4 -26
2630 亞航|航運業|22 11 2|89 89 -11 10|1.8 38|2 2 -1 na 0
2633 台灣高鐵|航運業|-2 2 -1|95 98 3 2|0.6 58|10 -13 -0 -0 -1
2634 漢翔|航運業|-16 -7 0|82 82 -6 -1|2.1 187|2 -2 -3 1 28
2636 台驊控股|航運業|-23 -16 -57|78 87 3 -3|0.5 13|9 -13 0 -2 -10
2637 慧洋-KY|航運業|-35 -31 -28|74 74 5 3|0.5 188|8 10 -5 8 -16
2641 正德|航運業|34 40 14|78 78 -8 5|0.5 42|2 4 0 -0 2
2645 長榮航太|航運業|30 18 3|100 100 22 22|2.8 111|11 17 -5 64 -8
2646 星宇航空|航運業|22 30 -15|na 89 0 -6|1.2 82|2 14 0 4 -17
2707 晶華|觀光餐旅|6 14 13|95 95 -4 6|0.5 13|7 8 -0 -1 -16
2723 美食-KY|觀光餐旅|-6 -1 0|79 79 -10 -20|1.2 10|49 -22 -1 1 -1
2727 王品|觀光餐旅|-1 4 1|92 92 8 9|0.4 86|27 -8 -3 9 26
2731 雄獅|觀光餐旅|1 6 -9|88 88 7 25|0.3 181|18 -9 -0 1 27
2743 山富|觀光餐旅|11 -2 -2|81 88 16 23|0.2 70|0 -1 0 -8 -0
2745 五福|觀光餐旅|6 9 -10|82 82 -1 16|0.3 87|6 -12 0 -9 -5
2753 八方雲集|觀光餐旅|7 10 -0|94 94 -1 20|0.8 88|11 16 0 -24 -16
2755 揚秦|觀光餐旅|21 22 2|96 96 14 26|1.0 6|1 -1 0 -16 -9
2756 聯發國際|觀光餐旅|91 84 54|88 88 14 53|0.9 15|1 3 0 na 68
2801 彰銀|金融保險|21 13 2|93 93 5 6|1.6 529|18 5 1 24 82
2809 京城銀|金融保險|-24 -15 -0|90 100 10 8|0.5 132|28 6 -14 80 -50
2812 台中銀|金融保險|-7 -6 -10|100 100 14 24|1.3 149|11 -10 8 17 8
2820 華票|金融保險|100 107 60|98 98 7 7|0.8 9|8 13 0 -13 -12
2832 台產|金融保險|-6 -7 -9|88 88 -8 9|0.6 12|4 -17 2 -15 18
2834 臺企銀|金融保險|13 9 3|86 97 12 8|1.5 362|18 16 -0 19 17
2836 高雄銀|金融保險|7 12 -6|94 95 2 3|0.6 29|7 8 -0 35 -19
2838 聯邦銀|金融保險|15 2 -2|92 92 1 11|0.7 37|4 -5 -0 65 -13
2845 遠東銀|金融保險|3 -6 -3|86 96 5 2|0.8 104|11 1 -7 -16 -16
2850 新產|金融保險|5 4 2|90 90 -3 -0|0.7 29|9 -34 2 -5 24
2851 中再保|金融保險|-2 -28 -17|87 87 -3 -2|0.7 23|2 -8 0 -10 36
2852 第一保|金融保險|-1 -6 -5|87 87 -5 7|0.7 20|5 -23 -8 -10 33
2855 統一證|金融保險|-35 -37 -79|71 71 -13 -23|0.5 28|8 -11 -14 4 -7
2880 華南金|金融保險|3 -6 -11|100 100 4 4|0.6 303|17 -26 20 7 -18
2881 富邦金|金融保險|-5 -104 -163|92 92 11 -6|0.3 1228|16 0 1 3 -20
2882 國泰金|金融保險|-106 -62 -62|92 93 17 -4|0.2 1211|17 3 -9 -9 -11
2883 凱基金|金融保險|228 -3291 -2678|87 87 0 -7|0.3 415|24 -2 2 -2 -17
2884 玉山金|金融保險|23 17 -1|95 95 16 17|0.7 1273|34 5 5 16 -30
2885 元大金|金融保險|-13 -15 -28|89 89 6 -6|0.5 621|24 16 -6 -0 -56
2886 兆豐金|金融保險|5 -3 -1|99 99 10 10|0.8 785|20 -19 9 -3 -15
2887 台新新光金|金融保險|-26 -5 -27|82 88 2 -6|1.6 1693|22 -12 16 241 -32
2889 國票金|金融保險|-8 -35 -32|86 86 22 3|0.3 290|9 -8 -2 -43 31
2890 永豐金|金融保險|6 5 -8|96 98 11 12|0.5 600|26 -23 13 -13 6
2891 中信金|金融保險|59 8 -21|96 96 10 10|0.4 2168|32 5 1 6 -37
2892 第一金|金融保險|13 5 -2|100 100 18 8|0.7 466|25 -2 25 85 12
2903 遠百|貿易百貨|-5 -4 1|72 88 -7 2|0.6 31|10 -1 -0 -8 -8
2908 特力|貿易百貨|-19 -12 -8|99 99 1 4|1.0 8|2 -5 0 5 12
2912 統一超|貿易百貨|3 5 -0|88 99 2 2|1.1 333|21 -23 3 -1 10
2913 農林|貿易百貨|-1 24 -6|63 73 -15 -23|0.4 13|6 -3 0 -2 -6
2915 潤泰全|貿易百貨|-9 -1 -11|68 80 9 -19|0.4 117|7 -17 0 2 24
3003 健和興|電子零組|10 2 -8|55 74 -7 -25|1.3 11|3 10 0 0 -16
3004 豐達科|鋼鐵工業|22 14 3|78 78 24 32|0.3 103|8 -6 1 -7 71
3005 神基|電腦及週|20 14 7|96 96 12 2|0.5 256|15 26 -3 -17 -55
3006 晶豪科|半導體業|-2 -8 -6|52 74 1 -18|1.2 70|11 2 -3 -8 1
3008 大立光|光電業|3 7 -14|75 87 10 -14|0.7 1233|32 -4 5 2 74
3010 華立|電子通路|-8 -4 -13|68 83 6 -15|0.3 40|11 -5 3 -18 -15
3011 今皓|電子零組|-37 -32 -25|49 83 16 -9|2.5 24|3 -7 0 10 27
3013 晟銘電|電腦及週|-23 2 -45|74 83 36 -4|0.3 564|4 -5 -1 -0 42
3014 聯陽|半導體業|14 19 6|87 89 12 0|0.5 82|25 10 -0 -7 -76
3015 全漢|電子零組|34 27 20|82 83 11 -14|0.2 18|10 17 -6 -3 -22
3016 嘉晶|半導體業|-11 -9 -3|49 74 -2 -20|0.5 15|1 -5 0 4 26
3017 奇鋐|電腦及週|76 80 35|100 100 75 67|0.9 6263|52 5 1 5 -13
3019 亞光|光電業|22 23 -8|68 68 13 -24|0.6 645|12 6 -1 7 5
3022 威強電|電腦及週|-6 2 -1|70 70 -2 -1|0.7 61|19 -9 -1 -1 13
3023 信邦|電子零組|-4 -7 -10|73 76 8 -10|1.0 336|39 -17 4 -16 -2
3024 憶聲|光電業|2 16 -90|56 72 -13 -25|1.0 6|4 1 0 0 -20
3025 星通|通信網路|-38 -14 -48|57 71 -5 -28|0.5 8|4 4 0 -2 -6
3026 禾伸堂|電子零組|-1 1 -6|91 91 2 -4|0.6 12|11 15 0 -8 7
3027 盛達|通信網路|-9 62 32|72 73 -12 -3|0.1 8|4 7 -11 -5 -5
3028 增你強|電子通路|15 7 0|97 97 12 17|0.8 13|8 22 0 54 -32
3029 零壹|資訊服務|40 47 -6|70 77 -7 -21|0.7 204|6 -2 -1 1 21
3030 德律|其他電子|47 41 -2|97 99 50 20|0.8 429|13 7 3 -30 -41
3032 偉訓|電子零組|51 37 31|98 98 83 35|1.6 694|17 6 0 -8 -48
3033 威健|電子通路|4 29 -5|94 94 6 0|1.7 38|9 -11 -0 -3 11
3034 聯詠|半導體業|-0 4 2|89 89 -2 -8|0.7 1096|32 -6 -12 50 -4
3035 智原|半導體業|22 71 5|47 62 -12 -34|1.4 632|10 -13 1 -3 54
3036 文曄|電子通路|-17 5 -28|100 100 25 37|0.4 378|13 -2 15 -17 -30
3037 欣興|電子零組|23 17 0|68 98 51 12|1.6 5301|30 -0 4 2 111
3040 遠見|其他|-2 -2 5|98 98 57 36|0.8 135|5 -3 0 42 186
3041 揚智|半導體業|-56 -37 -34|64 70 1 -27|1.0 18|7 -3 0 7 25
3042 晶技|電子零組|5 15 0|76 89 0 -9|0.7 76|13 10 -13 4 -24
3044 健鼎|電子零組|7 13 1|100 100 52 48|1.1 1260|40 12 -3 21 -39
3045 台灣大|通信網路|-2 -0 -4|93 93 -3 -1|0.5 1087|16 -18 -20 33 -25
3047 訊舟|通信網路|-62 -53 -88|41 60 -14 -38|0.6 27|6 -5 0 -3 5
3048 益登|電子通路|1 10 -1|55 84 5 -13|0.5 11|4 14 0 -6 -12
3050 鈺德|光電業|6 4 -2|54 78 0 -18|0.9 8|9 6 0 -6 -40
3051 力特|光電業|-4 6 -6|74 78 -19 -20|0.8 8|3 6 -14 0 -10
3052 夆典|建材營造|19 56 51|85 85 1 8|0.5 11|5 -1 0 -13 15
3055 蔚華科|電子通路|19 34 67|70 72 18 -22|0.3 21|1 -9 0 -5 18
3056 富華新|建材營造|107 242 -14098|82 82 -10 4|1.6 59|6 -2 -3 -3 -3
3059 華晶科|光電業|20 31 27|83 83 15 -0|0.8 115|14 10 0 -1 -35
3060 銘異|電腦及週|-10 4 -16|64 70 -24 -16|0.6 7|9 7 -11 3 -13
3062 建漢|通信網路|82 49 27|69 82 30 -14|1.2 142|10 -6 -0 28 32
3073 天方能源|綠能環保|97 70 13|42 81 -10 -8|0.1 9|0 -2 0 4 26
3078 僑威|電子零組|44 46 32|93 93 21 3|1.2 312|24 4 6 -8 1
3081 聯亞|通信網路|81 110 52|75 78 54 -19|2.4 682|22 -0 2 11 12
3086 華義*|文化創意|40 8 6|58 86 -4 -3|0.8 10|40 -6 0 15 68
3088 艾訊|電腦及週|2 0 -13|58 59 -11 -42|1.7 51|12 -20 -0 2 -1
3090 日電貿|電子零組|43 43 15|94 94 25 17|0.2 94|10 10 -11 -7 -54
3105 穩懋|半導體業|-18 -24 -8|49 72 2 -15|1.6 267|16 -3 -2 17 -7
3122 笙泉|半導體業|-19 -14 -10|57 87 26 -10|0.6 14|2 -2 0 -3 16
3128 昇銳|光電業|-8 4 -16|78 78 49 33|0.2 138|2 0 0 -5 -55
3130 一零四|數位雲端|14 8 -0|98 98 2 6|0.2 5|23 -8 0 -57 -1
3131 弘塑|半導體業|70 70 30|71 86 65 14|0.5 845|23 3 -6 na -14
3138 耀登|通信網路|-3 0 6|74 79 7 -15|1.3 9|2 5 0 -3 0
3141 晶宏|半導體業|17 11 13|54 66 -7 -27|1.2 15|7 6 -0 -1 -30
3147 大綜|資訊服務|30 41 -52|66 66 -29 8|0.3 84|1 0 0 -10 4
3149 正達|光電業|-21 2 -12|68 78 -1 -2|0.2 25|2 -14 0 -5 -4
3152 璟德|通信網路|-14 -12 -12|61 72 5 -27|0.8 10|13 3 -0 2 -5
3162 精確|電機機械|59 102 -4|69 69 -17 -3|0.3 30|50 -5 0 3 -10
3163 波若威|通信網路|16 18 33|82 82 18 9|0.3 1161|6 -1 -2 -2 31
3167 大量|電機機械|150 160 28|100 100 148 94|1.0 4628|17 1 0 76 -0
3169 亞信|半導體業|-3 -3 -6|73 73 -5 -21|0.7 6|2 -5 -2 -3 3
3189 景碩|半導體業|33 31 7|83 97 36 8|2.0 1381|14 2 -0 -27 32
3205 佰研|生技醫療|2 -3 -4|86 86 92 41|0.2 23|5 -1 0 47 1
3207 耀勝|電子零組|10 7 -41|37 47 -15 -46|0.8 21|3 1 0 -6 8
3209 全科|電子通路|-32 -19 -20|85 90 -5 7|1.2 25|5 -17 0 -9 20
3211 順達|電腦及週|-13 -18 7|92 92 30 35|1.0 2070|22 -2 -0 -22 12
3213 茂訊|電腦及週|30 7 11|83 83 8 25|0.8 163|7 2 -0 10 -0
3217 優群|電子零組|18 33 7|97 97 23 19|1.5 111|14 25 2 -9 -8
3218 大學光|生技醫療|-5 -2 -4|82 89 15 -3|0.9 23|11 1 1 7 -2
3219 倚強科|其他電子|12 30 -3|73 75 5 -2|0.2 19|0 0 0 1 -10
3227 原相|半導體業|-6 12 -18|72 72 -1 -21|0.4 325|31 1 -8 1 -5
3228 金麗科|半導體業|-60 -42 -27|43 69 4 -24|0.5 34|7 4 0 na -21
3230 錦明|光電業|-32 -22 -1|75 84 20 -11|6.8 9|1 -1 0 36 18
3231 緯創|電腦及週|136 127 71|98 98 19 22|0.9 2772|30 7 -4 -8 -22
3234 光環|通信網路|-2 5 2|60 66 11 -29|1.0 20|2 -2 0 na na
3257 虹冠電|半導體業|41 34 47|83 89 9 5|0.2 25|3 8 0 -20 -6
3260 威剛|半導體業|59 30 25|98 98 12 27|0.3 427|15 9 5 -11 -51
3264 欣銓|半導體業|4 4 8|97 97 6 5|0.8 438|30 4 -1 36 2
3265 台星科|半導體業|29 15 3|85 89 14 -8|2.5 51|2 -1 2 2 22
3287 廣寰科|電腦及週|51 31 21|77 77 -15 12|0.2 11|0 1 0 -8 -18
3289 宜特|其他電子|18 14 -1|65 92 23 -5|0.7 114|6 -10 1 34 126
3290 東浦|電子零組|6 7 -7|70 81 -2 -17|1.2 7|3 1 0 8 -52
3293 鈊象|文化創意|19 22 -6|72 81 -6 -11|0.7 964|26 -31 -2 18 0
3294 英濟|電子零組|1 -10 1|100 100 71 15|1.5 91|7 1 0 14 8
3296 勝德|電子零組|25 15 9|63 83 13 -15|3.3 5|3 -7 0 10 -0
3297 杭特|光電業|33 18 12|73 73 60 136|0.2 415|2 -0 0 -28 79
3303 岱稜|其他電子|8 0 -15|67 82 -1 -3|0.9 7|4 -7 0 -19 -8
3305 昇貿|其他電子|16 23 -21|97 97 26 15|4.1 271|7 1 0 107 58
3311 閎暉|通信網路|9 -0 -12|95 95 3 16|9.9 5|1 -0 0 22 32
3312 弘憶股|電子通路|6 14 -6|52 75 -10 -9|0.4 28|2 5 0 1 -10
3323 加百裕|電腦及週|5 -6 5|85 90 28 10|1.0 97|6 3 0 12 2
3324 雙鴻|其他電子|-1 28 -2|91 97 31 16|0.7 1313|17 2 -2 9 -18
3338 泰碩|電子零組|-8 -4 -2|66 88 10 -6|1.6 9|3 4 0 9 -9
3339 泰谷|光電業|117 61 37|69 78 -12 2|0.4 34|3 -2 0 -4 7
3356 奇偶|光電業|-12 -14 -1|69 75 -17 -13|0.4 12|5 14 0 -6 -16
3357 臺慶科|電子零組|7 18 -15|69 78 -3 -18|0.7 7|12 1 -17 6 -19
3362 先進光|光電業|6 4 -3|41 54 -5 -42|0.6 43|3 5 0 -4 -7
3363 上詮|通信網路|51 65 30|85 85 39 -9|1.3 1147|12 3 0 10 -1
3374 精材|半導體業|-27 -0 -7|56 78 14 -14|1.3 470|5 -4 0 -3 23
3376 新日興|電子零組|-15 -15 -21|79 79 23 -6|0.4 1138|24 -1 2 -13 2
3379 彬台|電機機械|-15 36 -105|89 89 23 29|0.1 113|0 0 0 -2 -29
3380 明泰|通信網路|4 0 10|74 79 10 -20|0.5 21|8 -9 -0 -4 -19
3402 漢科|其他電子|-11 -9 -13|83 93 12 -7|0.7 16|2 -5 -0 -8 -37
3406 玉晶光|光電業|7 -5 4|76 92 22 -5|1.0 311|27 6 3 -6 -30
3413 京鼎|半導體業|35 40 -6|86 99 9 10|0.7 200|26 9 -2 -6 -18
3416 融程電|電腦及週|56 15 -6|85 85 21 -8|1.2 106|2 -9 0 -5 117
3430 奇鈦科|化學工業|-14 -1 -12|53 74 -1 -21|0.5 7|2 -1 0 13 11
3434 哲固|光電業|-36 -3 -17|57 57 -41 38|0.2 36|3 2 0 1 -14
3443 創意|半導體業|-9 -8 -10|86 88 15 -8|1.0 1609|23 -4 -5 5 31
3444 利機|電子通路|-3 8 -12|49 67 -9 -28|0.7 6|12 2 0 9 -23
3447 展達|通信網路|14 52 -19|57 74 10 4|1.7 44|3 -0 0 3 42
3450 聯鈞|半導體業|12 9 -53|59 59 7 -34|0.5 1505|9 -1 -2 6 9
3454 晶睿|光電業|18 23 9|62 62 -18 -34|2.1 14|3 -11 -6 -9 -24
3455 由田|光電業|-12 -3 -4|67 82 3 -11|0.6 30|5 -9 0 57 43
3466 德晉|通信網路|-16 -35 15|49 65 -4 -24|0.2 20|11 4 0 32 1
3479 安勤|電腦及週|14 10 2|87 87 4 4|0.7 17|7 10 -12 -8 -8
3481 群創|光電業|-1 -1 -3|72 74 -13 -12|1.0 560|22 2 -6 9 26
3483 力致|電腦及週|15 15 8|63 74 4 -23|0.4 42|7 9 -0 -2 -15
3484 崧騰|電子零組|7 13 -17|68 68 -5 -12|0.5 6|9 -11 0 1 -18
3491 昇達科|通信網路|-37 -21 -59|72 72 1 -13|0.7 410|16 0 -0 -6 47
3498 陽程|其他電子|312 163 -11|57 74 12 -19|0.8 26|4 -4 0 8 14
3501 維熹|電子零組|-5 -8 -14|80 90 2 -1|2.4 12|5 -21 0 18 41
3504 揚明光|光電業|12 11 5|72 72 21 -14|3.4 15|4 4 0 -0 -12
3508 位速|其他電子|44 54 29|77 80 12 -16|0.8 6|0 -2 0 na na
3515 華擎|電腦及週|46 131 47|97 97 68 30|1.1 342|16 -2 1 -1 -18
3526 凡甲|電子零組|26 21 -19|85 85 0 -9|0.9 76|17 -8 -0 17 7
3528 安馳|電子通路|54 42 18|91 91 -4 70|0.5 154|5 2 -0 -12 7
3529 力旺|半導體業|-0 2 -7|59 63 -15 -38|0.7 1441|61 -6 -11 65 -28
3532 台勝科|半導體業|-14 -7 4|53 92 14 7|2.6 72|47 -11 -1 64 51
3533 嘉澤|電子零組|13 13 -10|74 81 19 -20|0.5 1024|39 1 -3 -32 91
3535 晶彩科|光電業|-89 -73 -201|84 99 100 44|1.3 585|5 1 0 31 -27
3537 堡達|電子零組|-4 11 11|69 86 7 -11|1.4 5|1 4 0 2 -57
3543 州巧|光電業|0 4 -1|99 99 116 78|4.4 416|1 -0 0 132 438
3545 敦泰|半導體業|-9 3 0|70 79 1 -17|1.0 62|20 -9 -0 -2 -1
3546 宇峻|文化創意|-12 -10 -8|74 74 -26 26|0.2 80|6 -6 1 -13 12
3548 兆利|電子零組|4 18 10|53 57 -6 -35|0.3 65|2 2 -3 -2 5
3551 世禾|綠能環保|8 11 -3|100 100 52 33|0.9 332|7 -1 0 -20 41
3552 同致|其他電子|6 -4 8|54 64 -13 -34|0.7 6|11 -6 0 -5 -33
3558 神準|通信網路|57 58 39|66 66 -9 -18|0.5 37|9 -1 -0 -14 -16
3563 牧德|光電業|192 209 70|84 84 18 34|0.9 545|12 -6 -1 -5 23
3564 其陽|通信網路|24 30 -1|58 73 14 -20|0.2 15|1 2 0 -9 1
3570 大塚|資訊服務|17 12 -23|76 76 -24 22|0.3 9|47 1 0 na 31
3577 泓格|電腦及週|-1 17 -2|96 96 86 69|2.1 126|1 0 0 151 151
3580 友威科|其他電子|-30 -51 -32|55 74 -5 -14|0.3 16|3 -0 0 1 5
3581 博磊|半導體業|-20 -14 -11|46 64 -7 -31|0.4 9|10 -3 0 6 57
3583 辛耘|半導體業|25 23 -9|70 95 29 1|0.4 257|10 -9 1 9 31
3587 閎康|其他電子|16 8 2|69 87 39 -15|1.1 387|6 -4 1 13 64
3592 瑞鼎|半導體業|-11 -9 -16|92 92 14 -6|0.4 53|13 4 15 -9 -7
3594 磐儀|電腦及週|37 32 6|65 65 -6 -25|0.9 7|4 -8 0 -4 -9
3596 智易|通信網路|13 11 14|99 99 8 23|0.9 238|47 7 -4 -11 -40
3605 宏致|電子零組|7 13 -10|86 86 19 0|0.6 244|14 -5 1 20 56
3611 鼎翰|電腦及週|58 49 17|86 87 6 -8|0.8 6|12 -11 0 9 -27
3617 碩天|其他電子|-1 -11 -16|63 74 -11 -25|0.4 210|10 -9 10 -13 62
3622 洋華|光電業|35 -1 1|76 86 10 -1|1.5 11|3 8 0 5 -5
3625 西勝|電腦及週|-14 14 53|82 86 29 -5|1.6 7|7 7 0 na na
3630 新鉅科|光電業|24 31 15|72 83 7 -16|1.2 11|39 6 0 12 0
3645 達邁|電子零組|-1 9 -20|83 83 39 -11|1.3 196|10 1 0 12 37
3653 健策|電子零組|46 53 10|89 90 28 8|0.8 1403|25 10 -14 18 -23
3661 世芯-KY|半導體業|-41 -32 -59|98 98 66 8|0.7 7992|60 3 3 3 11
3663 鑫科|其他電子|8 51 -47|58 87 15 1|0.4 106|0 1 0 5 -13
3665 貿聯-KY|其他電子|22 27 5|97 97 50 40|0.8 3441|46 -1 -0 -14 -39
3673 TPK-KY|光電業|-24 -0 5|65 83 6 -15|0.9 36|36 6 0 -5 -26
3675 德微|半導體業|-11 -15 -26|37 59 -13 -37|1.6 42|54 -12 0 2 11
3679 新至陞|電子零組|7 14 -11|76 76 -8 -16|2.8 9|9 -22 0 -1 37
3680 家登|半導體業|-18 -2 -23|52 61 -20 -32|0.6 333|17 -26 -2 24 27
3687 歐買尬|數位雲端|13 7 1|60 80 -10 -21|0.5 10|5 -5 0 -3 11
3689 湧德|電子零組|6 29 15|93 93 14 4|1.1 320|7 -7 0 18 29
3691 碩禾|光電業|-39 -46 -70|51 92 19 7|1.3 17|2 12 0 2 -34
3693 營邦|電腦及週|-14 -12 -22|80 83 3 -6|0.6 108|2 -1 0 -3 -11
3694 海華|通信網路|28 29 18|90 90 38 2|0.6 92|13 12 1 -15 -41
3701 大眾控|電腦及週|-12 -18 -7|70 81 15 -9|1.7 8|4 16 0 -1 -30
3702 大聯大|電子通路|15 20 -10|77 95 4 1|0.7 566|26 -15 -3 1 6
3703 欣陸|建材營造|-10 -11 -15|64 72 -8 -22|1.0 12|21 -21 -6 -1 -14
3704 合勤控|通信網路|2 -5 -10|66 68 -3 -29|0.7 29|11 -0 0 -5 17
3705 永信|生技醫療|18 8 -9|95 95 -5 18|0.8 37|11 10 -0 4 2
3706 神達|電腦及週|96 103 -24|88 98 47 3|0.8 3575|11 1 2 6 -16
3707 漢磊|半導體業|-3 -7 6|56 71 2 -17|0.4 58|7 -2 0 5 10
3708 上緯投控|綠能環保|4 3 -6|98 100 69 53|0.9 215|7 0 0 86 80
3709 鑫聯大投控|電腦及週|107 92 26|78 78 -21 29|0.2 31|2 -2 0 2 133
3711 日月光投控|半導體業|6 8 1|86 86 15 -4|1.2 1753|72 -19 -3 -0 -5
3712 永崴投控|電腦及週|143 33 -23|68 75 0 -20|0.7 92|2 -2 -0 5 -5
3714 富采|光電業|-17 -13 -12|71 71 0 -18|0.8 41|15 -1 -0 4 14
3715 定穎投控|電子零組|19 10 -0|100 100 106 48|3.3 2743|19 5 1 105 -23
4105 東洋|生技醫療|13 10 -1|97 97 -0 5|1.1 23|20 -15 -1 -8 5
4107 邦特|生技醫療|0 2 -2|81 88 -9 -6|1.0 7|8 -17 -7 -34 -24
4114 健喬|生技醫療|51 23 4|100 100 30 24|1.2 49|8 13 0 32 2
4119 旭富|生技醫療|-21 -6 -35|60 66 -19 -32|2.6 6|6 -7 0 -10 10
4123 晟德|生技醫療|-6 -8 -15|68 90 4 -8|0.5 16|10 17 0 -11 -4
4128 中天|生技醫療|14 11 2|54 69 1 -26|0.4 18|7 24 0 0 -16
4129 聯合|生技醫療|23 19 -1|95 95 11 9|0.7 29|14 -3 0 -13 -3
4137 麗豐-KY|生技醫療|-6 -6 7|73 87 -4 0|0.8 10|57 6 0 28 -4
4142 國光生|生技醫療|40 74 -122|58 70 -7 -31|0.4 10|4 30 -1 -6 -19
4147 中裕|生技醫療|24 -4 2|83 83 4 -9|0.7 39|9 6 -7 -14 -9
4162 智擎|生技醫療|-0 -21 -109|62 63 -17 -38|1.4 41|6 -14 1 -3 20
4164 承業醫|生技醫療|47 13 -7|81 81 12 -6|0.9 76|27 15 1 -2 14
4167 松瑞藥|生技醫療|14 -1 -4|81 86 -5 -12|0.4 8|11 -8 0 1 -10
4168 醣聯|生技醫療|na na na|74 74 27 -9|0.4 5|5 3 0 -1 -34
4174 浩鼎|生技醫療|-52 -25 -47|35 51 -18 -48|0.7 18|8 -1 0 11 -0
4303 信立|塑膠工業|498 396 33|88 88 -7 64|0.4 403|7 4 0 0 -42
4306 炎洲|塑膠工業|-47 -36 -32|69 83 -7 -13|1.4 10|6 -10 0 -2 -10
4417 金洲|紡織纖維|-23 19 -5|93 93 3 8|0.6 5|4 -14 0 -23 33
4503 金雨|電機機械|251 165 95|83 83 -2 -7|1.7 13|4 -5 0 2 -8
4506 崇友|電機機械|14 19 1|100 100 5 13|0.5 6|2 1 0 -67 -12
4510 高鋒|電機機械|-21 -14 5|78 78 -5 10|0.3 134|3 -1 0 6 56
4526 東台|電機機械|-6 -4 2|84 96 49 8|2.2 307|5 1 0 50 5
4532 瑞智|電機機械|-27 -11 -29|76 76 -23 -9|0.5 26|22 -11 -8 -8 -1
4533 協易機|電機機械|-8 14 -20|53 62 -7 -26|0.5 13|4 1 0 -7 0
4536 拓凱|運動休閒|10 8 -18|84 88 11 -4|0.4 53|18 -9 1 -7 4
4540 全球傳動|電機機械|21 11 9|63 66 5 -31|0.7 30|7 10 0 -0 -9
4541 晟田|其他|-1 18 -10|79 79 -15 23|0.5 63|2 -0 0 -2 108
4549 桓達|電機機械|-11 -2 2|59 79 14 -23|0.3 33|1 -2 0 -4 2
4551 智伸科|汽車工業|-5 -1 -19|93 100 47 24|0.4 91|49 -3 1 69 4
4557 永新-KY|汽車工業|-2 20 -11|63 67 -13 -28|2.9 9|32 3 0 14 7
4560 強信-KY|電機機械|-11 2 -22|85 85 1 1|0.8 6|85 8 0 -23 -9
4561 健椿|電機機械|-29 -33 -9|54 56 -7 -29|0.4 8|0 3 0 -2 -4
4562 穎漢|電機機械|28 22 5|68 87 16 -7|0.1 46|1 0 0 3 11
4563 百德|電機機械|-30 -8 -21|50 64 -8 -22|1.0 12|5 5 0 28 7
4564 元翎|電機機械|-8 5 -19|54 63 -17 -35|0.6 6|2 -8 0 0 10
4566 時碩工業|電機機械|-13 -1 -17|51 69 -4 -21|0.4 19|1 4 0 -4 -7
4569 六方科-KY|汽車工業|38 33 5|50 79 9 -10|1.0 9|67 2 0 -1 -8
4571 鈞興-KY|電機機械|0 -8 -21|61 70 16 -22|0.3 76|61 -2 1 -15 11
4572 駐龍|電機機械|-27 -17 -8|89 89 -1 8|0.3 14|6 1 -11 -13 -5
4576 大銀微系統|電機機械|10 17 -4|66 67 0 -34|0.5 126|2 -5 -1 9 19
4583 台灣精銳|電機機械|-10 -2 -11|73 79 7 -19|0.4 341|1 -10 0 7 18
4714 永捷|化學工業|134 102 -9|88 100 23 21|1.2 59|3 3 0 22 -16
4721 美琪瑪|化學工業|87 74 60|94 94 66 37|1.8 169|1 0 0 70 -9
4722 國精化|化學工業|-18 -12 -15|92 92 38 33|0.9 88|3 -3 -2 22 15
4728 雙美|生技醫療|-5 -0 -15|85 85 -14 52|0.8 7|18 2 1 12 -5
4729 熒茂|光電業|3 4 -5|74 99 21 7|3.7 42|1 -1 0 17 109
4736 泰博|生技醫療|-10 -4 -9|77 82 -2 -13|0.2 9|7 13 0 -8 -13
4739 康普|化學工業|32 32 32|83 91 28 6|1.7 52|2 -2 -0 17 51
4743 合一|生技醫療|-32 -13 -30|35 74 3 -21|0.4 105|6 10 0 -5 -17
4746 台耀|生技醫療|-4 6 2|61 86 4 -11|0.7 19|11 9 0 -15 -26
4749 新應材|半導體業|19 35 na|na 91 34 1|1.0 593|7 1 2 na -22
4755 三福化|化學工業|-1 4 -8|82 93 11 -4|0.6 9|21 13 7 -12 -35
4760 勤凱科技|其他電子|25 19 -32|91 92 41 23|2.4 145|3 0 0 65 90
4763 材料*-KY|化學工業|8 20 -3|69 69 -3 -6|1.5 1122|49 -17 -2 3 681
4766 南寶|化學工業|-3 1 -9|97 97 12 17|3.2 93|19 16 -9 409 -38
4768 晶呈科技|化學工業|-50 -29 -37|51 75 15 -27|1.9 47|4 -2 0 8 15
4770 上品|化學工業|-2 -17 -22|66 71 8 -6|0.6 123|9 11 -0 -29 -14
4771 望隼|生技醫療|38 20 13|70 86 -11 7|0.7 11|4 -2 0 4 -2
4772 台特化|化學工業|48 41 11|na 88 26 -8|0.5 271|6 -2 -2 8 -7
4903 聯光通|通信網路|114 76 41|56 75 5 -22|1.6 36|1 -2 0 -4 -6
4904 遠傳|通信網路|-3 1 -4|91 91 -2 -5|0.3 518|18 3 -25 118 -70
4906 正文|通信網路|-52 -45 -32|59 77 -2 -22|1.1 21|19 -1 -0 -1 -4
4908 前鼎|通信網路|36 -9 1|79 93 21 -6|1.9 32|3 -4 0 31 37
4909 新復興|通信網路|-92 -92 -237|32 57 -9 -39|0.6 84|2 -2 0 -7 15
4912 聯德控股-KY|電子零組|-10 -11 -26|48 58 -8 -39|0.7 8|30 -21 0 6 -21
4915 致伸|電子零組|-6 -5 -7|79 86 0 -12|1.2 118|48 -13 7 30 12
4916 事欣科|電腦及週|4 -13 -6|100 100 36 59|3.7 125|12 5 0 -1 -31
4919 新唐|半導體業|-6 -5 3|59 71 -3 -27|1.2 71|9 -2 -1 -1 -20
4927 泰鼎-KY|電子零組|-9 -8 -12|41 54 5 -36|1.3 43|13 5 0 4 -5
4931 新盛力|電腦及週|2 -9 -57|100 100 42 77|1.2 2978|24 0 -0 -11 -19
4933 友輝|光電業|4 8 -8|79 79 -11 -15|2.1 30|9 -17 -0 -14 57
4938 和碩|電腦及週|11 6 3|80 86 2 -12|0.4 354|30 16 -11 -19 -38
4945 陞達科技|半導體業|21 69 35|76 92 13 -1|0.7 7|2 4 0 -29 -12
4946 辣椒|文化創意|1050 810 256|56 56 -32 186|0.9 29|14 -4 0 na na
4949 有成精密|光電業|8 7 22|74 74 -10 111|0.1 86|4 2 0 -10 6
4953 緯致|資訊服務|9 8 -4|72 84 -1 -15|0.9 12|5 -11 -0 -13 -15
4956 光鋐|光電業|9 3 -16|50 71 -11 -29|0.4 9|11 12 0 -6 -7
4958 臻鼎-KY|電子零組|20 18 0|88 96 26 8|2.7 1044|63 5 1 -7 20
4960 誠美材|光電業|-24 -16 -12|83 97 5 0|0.6 12|17 9 0 1 6
4961 天鈺|半導體業|-13 1 -22|68 81 -12 -17|0.5 74|18 6 -14 2 -25
4966 譜瑞-KY|半導體業|-2 6 -6|73 85 13 -15|1.3 210|42 -2 -0 4 -4
4967 十銓|半導體業|-20 -40 -62|54 80 3 -5|0.5 50|3 13 0 -6 -16
4968 立積|半導體業|-1 -4 -9|54 59 -0 -37|1.6 109|9 -1 1 -1 24
4971 IET-KY|半導體業|68 55 28|86 86 62 41|1.1 1259|11 -0 0 2 22
4974 亞泰|電子零組|-25 -12 -42|58 67 -9 -33|0.7 11|7 7 0 -9 -7
4976 佳凌|光電業|-10 -11 -24|56 72 2 -20|0.8 5|2 3 0 -2 5
4977 眾達-KY|通信網路|1 38 -35|60 68 6 -35|0.6 238|20 -2 0 6 34
4979 華星光|通信網路|33 36 7|78 79 29 -22|0.7 2999|10 -1 0 -3 5
4989 榮科|電子零組|-29 -19 8|96 98 49 36|1.7 17|1 -0 0 39 12
4991 環宇-KY|半導體業|60 8 -14|100 100 94 16|0.1 696|16 0 0 11 -54
5009 榮剛|鋼鐵工業|-7 -9 -0|76 76 -16 -23|1.0 73|10 3 -10 2 -23
5201 凱衛|資訊服務|49 57 36|62 62 -34 7|0.2 21|6 -2 0 4 12
5202 力新|資訊服務|39 18 -5|64 66 -21 -27|0.4 8|2 2 0 -1 6
5203 訊連|資訊服務|8 13 3|69 69 -12 -13|1.1 17|19 -5 0 -7 2
5209 新鼎|其他|-14 -26 1|76 85 10 -15|0.8 6|1 5 0 na 24
5213 亞昕|建材營造|1411 889 399|57 78 -15 -10|1.4 11|1 -3 0 -5 7
5222 全訊|半導體業|-41 -42 -29|75 90 22 1|2.1 41|5 7 3 -1 -3
5225 東科-KY|其他電子|-21 -17 -18|64 71 -1 -22|1.1 30|42 10 -0 -6 -11
5234 達興材料|光電業|16 12 5|88 88 54 36|0.8 325|8 -7 -3 51 40
5236 凌陽創新|半導體業|26 20 -5|64 80 4 -17|0.8 12|4 -12 -0 3 10
5243 乙盛-KY|光電業|-23 -3 -23|86 97 41 8|2.3 58|54 3 1 31 5
5244 弘凱|光電業|-1 -2 1|87 96 13 7|0.9 56|6 4 -1 5 13
5245 智晶|光電業|4 -2 -10|80 98 59 1|3.3 13|3 0 0 24 21
5251 天鉞電|光電業|21 7 -34|77 77 -6 101|0.1 156|24 -1 0 5 38
5258 虹堡|電腦及週|9 0 4|53 74 3 -20|1.2 33|4 -5 0 -12 22
5263 智崴|文化創意|13 20 -34|45 67 -12 -40|1.0 12|14 -11 0 3 6
5269 祥碩|半導體業|91 64 30|88 88 11 -11|0.8 1404|20 -7 -3 15 -7
5274 信驊|半導體業|55 66 -43|89 90 40 26|1.1 2091|56 5 -6 120 13
5278 尚凡*|數位雲端|48 30 11|93 94 42 12|1.7 116|1 -1 0 168 1877
5284 jpp-KY|其他|94 81 40|88 88 40 31|0.5 327|64 -2 0 3 -10
5288 豐祥-KY|電機機械|-18 -17 -15|58 67 -7 -33|1.4 18|60 2 -0 28 -18
5289 宜鼎|電腦及週|38 39 18|75 80 -3 -6|0.6 54|23 1 -21 -2 -4
5292 華懋|綠能環保|88 45 14|85 94 4 -3|0.5 8|2 -5 0 -4 2
5306 桂盟|運動休閒|-18 -8 -20|61 75 -1 -20|0.4 7|14 -8 0 8 20
5309 系統電|電子零組|13 10 14|94 100 30 16|4.5 108|2 -0 -0 34 13
5312 寶島科|生技醫療|3 1 1|85 85 0 13|0.7 7|9 -5 0 2 8
5314 世紀*|其他|562 451 na|100 100 35 85|1.6 754|10 2 -0 47 -55
5315 光聯|光電業|32 30 -15|91 91 -1 8|0.5 7|13 -9 0 -19 2
5321 美而快|數位雲端|-17 -20 -26|58 63 -13 -32|0.3 5|1 -0 0 -1 20
5340 建榮|電子零組|30 30 -12|97 98 48 17|3.3 165|50 -0 0 59 32
5347 世界|半導體業|9 6 -10|80 96 13 12|0.6 592|12 14 -15 4 -34
5351 鈺創|半導體業|-34 -26 -23|59 76 3 -19|0.6 34|5 -10 0 2 17
5371 中光電|光電業|17 -2 -0|94 99 45 5|6.1 283|10 -0 0 84 32
5386 青雲|電腦及週|86 179 -10|74 97 23 5|1.3 19|4 6 0 5 -20
5388 中磊|通信網路|-5 -11 6|83 83 9 -14|1.6 141|27 5 3 -19 -10
5392 能率|光電業|-9 -10 -4|93 93 19 0|1.5 52|4 6 0 1 -19
5425 台半|半導體業|33 32 7|67 86 7 -10|1.6 34|11 6 -0 -36 -21
5426 振發|電腦及週|-13 18 -15|64 77 4 -17|0.4 23|1 1 0 -14 -13
5432 新門|綠能環保|-1 8 20|41 81 -8 -8|1.4 11|1 2 0 -5 18
5434 崇越|電子通路|25 23 -4|93 97 20 2|1.0 168|24 18 1 28 -7
5439 高技|電子零組|169 128 82|99 99 64 125|0.7 2296|19 -0 1 5 -31
5443 均豪|半導體業|101 51 3|57 86 28 -6|0.4 257|3 -1 0 -8 19
5452 佶優|其他電子|-25 -14 -11|57 73 -25 -19|0.6 9|8 9 0 -7 -4
5457 宣德|電子零組|5 12 -24|68 82 4 -15|2.0 8|33 -1 -0 4 -34
5465 富驊|電腦及週|76 53 43|99 99 29 12|0.7 17|3 10 0 -7 -9
5469 瀚宇博|電子零組|45 50 33|99 99 50 37|1.3 441|19 8 0 -3 6
5471 松翰|半導體業|-11 -2 -2|64 78 -2 -20|1.1 6|12 -3 0 1 -32
5474 聰泰|電腦及週|60 31 29|73 73 20 -20|0.5 29|2 -0 0 -8 19
5475 德宏|電子零組|55 23 -28|96 96 225 169|1.8 240|2 1 0 na na
5478 智冠|文化創意|-7 -6 -10|74 79 -17 -15|0.7 8|20 -24 -1 1 -18
5483 中美晶|半導體業|5 2 2|48 81 -2 -8|0.9 588|17 -9 11 9 3
5484 慧友|光電業|-40 -31 -32|39 64 -5 -30|0.6 7|1 0 0 na na
5489 彩富|其他電子|-5 -7 -16|67 67 -29 2|0.2 9|1 -3 0 -9 -10
5490 同亨|電腦及週|1 2 -39|79 79 -8 1|0.3 22|4 -2 0 -13 56
5493 三聯|其他電子|21 28 7|88 98 24 7|2.4 14|1 2 0 -2 -35
5498 凱崴|電子零組|13 6 -1|100 100 115 80|4.6 142|2 0 0 71 100
5508 永信建|建材營造|-87 -87 -41|29 57 -30 -31|1.4 76|4 -20 -0 23 39
5515 建國|建材營造|22 27 -20|85 85 -7 -4|0.5 8|10 -3 -11 -9 39
5519 隆大|建材營造|-34 -41 -32|51 80 -13 -3|0.9 10|3 4 -15 -1 -7
5521 工信|建材營造|45 61 16|84 84 -13 1|0.6 8|6 -3 -12 -0 -10
5522 遠雄|建材營造|-95 -94 -73|74 81 9 -13|0.2 31|4 7 -21 0 -14
5530 龍巖|其他|0 24 12|67 67 -17 4|0.8 16|56 -22 0 -0 -9
5534 長虹|建材營造|-71 -73 -118|58 75 -9 -4|0.5 46|14 -14 -8 0 11
5536 聖暉*|其他電子|38 43 1|94 94 32 15|0.9 581|36 9 5 -6 -36
5607 遠雄港|航運業|22 18 1|78 100 32 12|1.1 27|2 5 0 0 -28
5608 四維航|航運業|-18 -8 -11|72 72 -2 1|1.4 14|4 -4 0 13 8
5706 鳳凰|觀光餐旅|21 7 -26|84 85 -8 -12|0.4 11|2 -20 0 -12 41
5871 中租-KY|其他|-5 -5 -4|73 93 2 2|0.7 632|41 -21 12 3 -21
5876 上海商銀|金融保險|-5 1 -5|93 93 -2 5|0.4 162|55 -6 -18 10 -46
5880 合庫金|金融保險|24 12 2|97 100 4 5|0.9 204|16 28 -2 -9 -13
5903 全家|居家生活|6 5 1|99 99 0 11|1.4 11|51 -21 7 -30 20
5904 寶雅|居家生活|5 7 1|90 93 -3 3|1.0 147|28 -32 -4 16 20
6005 群益證|金融保險|10 2 -11|77 79 -18 -16|0.4 125|15 15 -25 -6 -45
6016 康和證|金融業|5 -70 -59|77 78 -0 -18|2.7 10|2 -12 0 14 17
6024 群益期|金融保險|56 37 13|86 90 5 -11|0.6 8|3 8 3 -20 6
6104 創惟|半導體業|37 50 3|76 76 -5 -20|0.3 205|25 -3 -2 -16 -4
6111 光聚晶電|文化創意|-4 -2 -37|71 76 -20 -14|0.8 9|9 -3 0 -1 -12
6112 邁達特|資訊服務|42 33 28|73 73 6 -27|0.8 257|1 -2 -0 7 15
6113 亞矽|電子通路|-30 -4 19|75 75 -21 9|0.1 5|2 6 0 -15 16
6114 久威|電子零組|6 6 17|70 70 -14 1|0.1 5|1 -1 0 -4 -1
6117 迎廣|電腦及週|17 12 7|71 77 16 6|0.1 85|1 -1 -2 -11 -6
6120 達運|光電業|-38 -17 -15|72 80 -1 -12|1.4 8|6 -11 0 -3 -2
6121 新普|電腦及週|3 4 4|99 99 15 15|0.9 264|36 15 10 -31 -20
6122 擎邦|電機機械|11 3 18|93 95 3 -1|0.8 11|3 13 0 14 -47
6124 業強|電子零組|71 57 26|66 84 10 -4|0.6 6|51 -0 0 -22 -1
6125 廣運|電機機械|76 5 24|68 83 20 -7|1.3 181|6 2 0 15 -6
6127 九豪|電子零組|-8 8 -12|58 76 12 -24|0.9 15|2 3 0 2 -3
6130 上亞科技|生技醫療|-52 -35 -40|84 84 23 67|0.5 8|0 1 0 na na
6138 茂達|半導體業|27 25 12|87 98 17 5|1.4 77|15 2 3 -10 18
6139 亞翔|其他電子|-11 -22 2|93 93 35 33|0.7 1970|28 -0 -1 -19 40
6140 訊達電腦|資訊服務|109 63 24|86 86 -6 19|0.3 162|0 0 0 3 29
6141 柏承|電子零組|4 -17 10|85 89 54 -12|2.8 25|2 -2 0 23 -2
6143 振曜|通信網路|12 5 -16|80 86 14 -5|0.4 72|5 9 -0 -3 -23
6146 耕興|其他電子|-5 -4 -0|71 80 0 -16|0.5 18|30 -26 0 8 1
6147 頎邦|半導體業|1 4 -6|86 87 -7 -9|0.6 167|18 2 -8 7 -7
6148 驊宏資|資訊服務|-24 87 13|65 65 -34 24|0.4 66|2 1 0 4 26
6150 撼訊|電腦及週|66 101 81|81 86 1 -4|0.5 10|5 10 0 -5 -9
6153 嘉聯益|電子零組|-37 -25 -1|59 82 21 -3|1.4 94|8 -4 0 2 36
6156 松上|電子零組|19 27 -22|69 90 7 1|0.8 30|5 -6 0 2 20
6163 華電網|資訊服務|3 -19 -34|77 93 3 1|0.6 9|5 13 0 -5 -5
6165 浪凡|數位雲端|17 9 2|85 85 -7 8|0.6 31|12 -5 -4 -4 -29
6166 凌華|電腦及週|45 16 6|75 75 -4 -17|1.8 63|14 -9 -3 26 32
6170 統振|通信網路|13 13 -7|88 88 4 0|0.8 7|4 -1 0 -2 0
6173 信昌電|電子零組|22 14 6|72 90 9 -8|1.3 9|2 11 0 -7 -27
6175 立敦|電子零組|-13 -3 -15|77 77 -1 -17|0.7 11|17 -13 0 -3 6
6176 瑞儀|光電業|8 5 -12|69 74 2 -26|0.5 209|26 12 -2 2 -44
6177 達麗|建材營造|-86 -55 -59|64 88 -6 7|1.1 62|4 -12 -8 -4 25
6179 亞通|其他|57 74 0|83 93 19 4|2.7 17|4 -0 0 30 -17
6180 橘子|文化創意|-31 -23 -21|79 85 -11 -8|0.9 55|24 -30 5 -10 24
6182 合晶|半導體業|11 10 6|61 88 19 -1|1.0 61|9 -10 -0 22 52
6186 新潤|建材營造|132 121 -30|57 83 -6 1|0.2 12|2 8 0 -17 -13
6187 萬潤|半導體業|1 24 -206|71 91 47 -4|0.4 905|15 -1 -3 4 -10
6188 廣明|電腦及週|21 19 25|80 80 10 -13|0.5 70|9 8 0 3 -24
6189 豐藝|電子通路|-16 -21 -14|67 77 -13 -20|1.6 64|8 -15 0 -2 13
6190 萬泰科|通信網路|2 4 -22|98 98 14 20|0.9 72|6 -2 0 12 30
6191 精成科|電子零組|62 70 56|98 98 80 59|1.0 3980|20 3 1 -21 -40
6192 巨路|其他電子|-7 2 -11|85 90 0 -4|1.2 10|19 -12 -2 25 15
6196 帆宣|其他電子|-33 -20 -17|96 96 29 41|0.6 321|12 5 2 26 -33
6197 佳必琪|電子零組|3 13 -9|77 91 7 1|0.3 129|4 -2 11 4 6
6199 天品|其他|74 24 14|72 73 -6 -25|0.7 12|5 0 0 17 28
6202 盛群|半導體業|12 27 -13|64 75 -8 -17|2.0 15|9 -5 -0 9 -5
6203 海韻電|電子零組|65 31 34|89 89 17 -1|0.3 7|5 11 -1 -19 0
6205 詮欣|電子零組|-23 -9 -19|54 58 -10 -41|0.7 5|4 -0 0 -1 -0
6206 飛捷|電腦及週|36 14 -16|71 71 11 9|0.7 557|10 -8 4 29 85
6207 雷科|電子零組|-11 -15 -12|59 80 10 -17|1.5 62|2 -5 0 3 61
6209 今國光|光電業|42 21 9|81 81 5 -10|2.4 9|5 6 0 3 -5
6213 聯茂|電子零組|8 18 -1|91 95 42 40|2.2 1332|17 -0 2 32 94
6214 精誠|資訊服務|21 15 7|71 81 0 -18|0.6 50|12 11 -0 1 -19
6215 和椿|其他電子|73 76 -20|87 87 32 -12|1.3 1010|11 1 0 30 65
6217 中探針|電子零組|30 20 -11|67 86 9 -14|1.2 20|2 -6 0 -10 48
6221 晉泰|資訊服務|5 22 1|55 55 -27 -33|0.9 14|2 3 0 6 25
6223 旺矽|半導體業|31 38 3|92 92 57 23|0.6 1816|28 14 -5 -8 -62
6227 茂綸|電子通路|-6 79 47|68 68 -1 10|0.4 63|1 1 0 -10 0
6230 尼得科超眾|電腦及週|14 10 10|43 60 -8 -27|0.6 11|88 -6 0 -10 -35
6231 系微|資訊服務|-4 2 -8|38 54 -5 -48|0.6 104|8 -7 0 -1 16
6234 高僑|光電業|10 -12 20|100 100 35 17|5.6 24|11 -2 0 29 20
6235 華孚|電腦及週|9 2 10|62 79 2 -16|0.6 19|5 21 0 -8 -20
6237 驊訊|半導體業|16 14 -10|68 70 15 -29|0.9 14|2 2 0 7 15
6239 力成|半導體業|-4 -8 1|70 92 17 15|1.6 638|26 -20 9 11 94
6244 茂迪|光電業|-27 -16 -2|60 80 -1 -11|0.4 15|9 6 0 2 -14
6245 立端|通信網路|-7 -1 -5|68 68 -2 -30|0.8 47|9 -7 0 2 -0
6257 矽格|半導體業|9 5 -8|97 97 18 17|0.8 276|23 22 -14 18 -53
6263 普萊德|通信網路|17 -2 -7|84 98 0 3|0.6 6|2 6 0 -5 1
6269 台郡|電子零組|-15 -26 -1|66 87 23 -11|1.9 361|15 1 1 48 1
6271 同欣電|半導體業|-7 -3 -4|68 80 -1 -15|3.4 96|18 -13 0 17 21
6274 台燿|電子零組|22 21 -22|99 99 78 74|1.0 3908|37 -1 1 10 -41
6276 安鈦克|電腦及週|10 23 -10|87 87 20 97|0.5 17|1 -2 0 4 46
6278 台表科|光電業|10 9 7|84 93 9 6|0.4 145|24 3 8 6 -46
6279 胡連|電子零組|5 9 -9|72 73 -9 -28|0.8 68|13 -13 -0 -8 29
6282 康舒|電子零組|-16 -7 -2|73 85 7 -10|1.4 52|9 17 1 -4 -27
6284 佳邦|電子零組|7 11 3|74 85 3 -12|1.0 35|5 2 -0 -10 -19
6285 啟碁|通信網路|-17 -10 -6|85 85 2 -10|1.0 176|24 4 -1 -7 -62
6288 聯嘉|汽車工業|-10 -7 -18|63 75 1 -23|1.8 7|1 18 0 -7 -100
6290 良維|電子零組|33 36 12|99 99 29 35|1.5 879|7 -3 0 31 62
6291 沛亨|半導體業|6 11 24|100 100 88 68|6.0 10|1 1 0 205 24
6409 旭隼|其他電子|-18 -12 -27|53 70 -18 -27|1.1 298|68 -1 -0 16 -49
6411 晶焱|半導體業|-15 -12 -18|64 78 -9 -21|2.0 7|6 -9 -0 -2 -18
6412 群電|電子零組|-6 3 -3|82 90 19 -8|0.2 77|5 -18 22 8 15
6414 樺漢|電腦及週|-8 -4 -15|97 97 17 3|0.6 129|28 18 -5 1 3
6415 矽力*-KY|半導體業|-4 -2 -14|59 70 -20 -15|0.7 347|85 -14 1 13 4
6416 瑞祺電通|通信網路|-14 -4 -19|54 64 0 -28|1.1 16|4 12 0 -34 -48
6425 易發|電機機械|97 1 -21|59 73 7 -18|6.0 15|1 -2 0 11 11
6426 統新|通信網路|43 52 40|66 83 2 -11|0.8 16|12 3 0 3 3
6435 大中|半導體業|31 28 13|80 80 -1 -9|0.5 8|7 -2 0 -14 -20
6438 迅得|其他電子|47 31 18|66 71 -1 -34|0.3 177|8 1 -7 -3 3
6442 光聖|通信網路|79 112 -68|95 98 61 12|0.3 757|37 4 2 46 -24
6443 元晶|光電業|-83 -73 -22|56 78 9 -5|0.8 57|9 4 0 2 -1
6446 藥華藥|生技醫療|41 58 -31|64 64 -4 -29|0.9 729|21 -6 -5 6 54
6449 鈺邦|電子零組|35 39 13|68 78 18 -11|1.6 30|3 23 -16 -2 -28
6451 訊芯-KY|半導體業|13 54 3|54 62 4 -38|1.3 146|64 -3 0 4 28
6456 GIS-KY|光電業|16 18 7|66 79 -3 -13|0.7 26|50 -2 0 -2 10
6462 神盾|半導體業|58 27 0|46 85 30 -16|0.5 438|10 0 -0 -8 35
6469 大樹|生技醫療|18 13 3|78 85 -2 5|1.2 32|8 15 1 -3 -19
6472 保瑞|生技醫療|-3 3 -57|90 93 18 -1|0.9 769|12 6 -4 0 -11
6477 安集|光電業|-4 -7 0|79 86 14 -11|4.6 12|2 -2 0 23 13
6485 點序|半導體業|-2 5 -3|67 67 -1 -15|0.3 6|9 3 0 -1 -3
6488 環球晶|半導體業|7 5 5|63 86 15 9|0.7 620|17 -3 5 -5 8
6491 晶碩|生技醫療|6 0 5|71 81 -9 -16|1.8 72|8 -3 -1 0 3
6499 益安|生技醫療|78 74 -13|81 81 108 188|0.1 149|13 -3 0 0 113
6505 台塑化|油電燃氣|-5 -14 -5|65 97 11 29|2.3 241|5 3 -2 41 -2
6509 聚和|化學工業|-8 5 -2|71 80 -3 -16|0.7 7|4 4 -0 -9 -12
6510 精測|半導體業|48 70 9|94 94 16 11|0.9 342|24 2 1 -18 -26
6515 穎崴|半導體業|-12 22 -71|77 77 28 -7|1.1 1090|16 -5 -4 73 -18
6517 保勝光學|光電業|20 36 20|71 71 13 11|0.5 45|1 1 0 -0 -17
6523 達爾膚|生技醫療|-9 -8 -7|84 86 -8 -11|1.4 7|3 -28 0 -8 6
6525 捷敏-KY|半導體業|15 17 5|91 96 5 1|0.5 7|12 13 -0 -10 1
6526 達發|半導體業|12 13 -26|77 80 12 -18|1.5 183|8 -8 3 6 66
6530 創威|通信網路|9 19 2|66 84 10 -16|0.8 76|2 -4 0 29 72
6531 愛普*|半導體業|36 41 21|97 100 50 16|1.7 666|19 5 2 23 29
6532 瑞耘|半導體業|-21 -6 -12|84 89 13 0|0.2 29|2 0 0 -7 32
6533 晶心科|半導體業|124 26 -36|62 62 -1 -36|1.0 145|18 -3 -0 -3 23
6535 順藥|生技醫療|298 38 -142|33 50 -19 -51|1.3 25|6 13 0 na na
6538 倉和|電子零組|-52 -44 -18|57 75 -6 -11|0.7 5|3 2 -0 0 1
6541 泰福-KY|生技醫療|998 464 -312|62 62 -15 -24|1.6 23|14 -11 0 66 256
6546 正基|通信網路|-4 1 -8|36 54 -7 -42|1.5 20|9 -10 0 -2 16
6547 高端疫苗|生技醫療|12 -10 na|77 77 -13 -16|0.5 30|6 11 0 3 -8
6548 長科*|半導體業|8 10 -2|75 85 -11 -10|0.8 13|4 -11 0 -5 10
6550 北極星藥業-KY|生技醫療|-6 -67 na|50 70 -19 -28|0.6 12|65 -3 0 -33 na
6558 興能高|其他電子|-15 1 -1|77 77 -3 -16|0.5 250|2 -2 0 -23 56
6560 欣普羅|光電業|233 348 153|68 68 10 12|0.3 6|5 2 0 na na
6561 是方|通信網路|-2 27 6|85 100 10 2|3.4 19|10 7 1 0 -2
6568 宏觀|半導體業|20 14 -5|70 70 14 -27|0.4 23|3 2 0 -57 0
6576 逸達|生技醫療|22 17 na|85 85 11 -9|1.4 6|23 -2 0 na na
6579 研揚|電腦及週|9 10 12|72 85 -1 -1|0.6 7|3 4 -7 -19 -12
6584 南俊國際|電子零組|21 20 -11|99 99 63 59|1.4 293|8 0 0 54 10
6585 鼎基|其他|-38 -31 -29|57 57 -9 -41|0.3 7|14 4 0 4 -1
6589 台康生技|生技醫療|-4 3 4|67 75 3 -24|0.6 19|7 19 0 -1 -10
6591 動力-KY|電腦及週|58 52 33|83 83 35 26|0.5 64|23 -2 -1 -4 7
6592 和潤企業|其他|-23 -22 -6|63 81 -7 -16|0.8 14|26 3 -0 -8 1
6593 台灣銘板|資訊服務|-38 -49 -26|60 74 34 -8|0.2 35|2 0 0 na -2
6596 寬宏藝術|文化創意|27 -3 -28|81 81 25 64|0.5 101|11 -5 0 -21 -2
6605 帝寶|汽車工業|-12 -2 -7|66 82 3 -18|0.6 79|16 -11 1 -8 28
6609 瀧澤科|電機機械|-21 -9 -31|36 51 -16 -38|0.7 7|54 5 0 -3 -2
6613 朋億*|其他電子|46 -7 -12|73 77 9 -24|0.6 34|6 10 -0 3 -33
6617 共信-KY|生技醫療|-29 -4 -14|70 83 -0 -14|0.9 15|38 -3 0 na na
6625 必應|其他|215 116 61|84 84 23 20|0.3 54|4 -4 0 -9 46
6637 醫影|生技醫療|27 312 220|88 89 29 12|0.7 17|1 8 0 na na
6640 均華|半導體業|178 83 -6|62 86 77 33|0.3 520|3 -0 0 na 17
6643 M31|半導體業|12 4 8|38 62 3 -27|0.8 283|12 -6 -0 8 21
6657 華安|生技醫療|174 50 14|69 69 -6 -1|1.2 17|7 -10 0 3 17
6658 聯策|其他電子|-19 44 -9|67 78 20 1|0.2 59|3 -6 0 -13 4
6664 群翊|電子零組|3 1 1|67 96 30 3|0.9 129|2 -6 1 9 72
6667 信紘科|其他電子|136 107 11|97 97 39 55|0.7 291|8 -1 0 -11 18
6668 中揚光|光電業|43 49 29|77 84 36 -10|0.7 12|13 5 0 -4 1
6669 緯穎|電腦及週|179 186 58|99 99 31 29|0.9 3736|36 6 2 -10 -4
6670 復盛應用|運動休閒|6 7 -18|81 81 -13 -8|0.3 115|25 -5 6 3 -33
6672 騰輝電子-KY|電子零組|-5 -1 7|100 100 31 9|6.8 19|21 -4 0 54 43
6674 鋐寶科技|通信網路|-30 -28 -14|89 99 24 17|0.8 5|1 3 0 5 18
6679 鈺太|半導體業|-13 -15 -12|58 66 3 -33|0.4 45|6 -8 -0 15 2
6683 雍智科技|半導體業|44 39 5|74 79 31 -13|0.7 253|2 -5 -2 na 70
6684 安格|半導體業|-29 -19 -1|61 86 13 -13|0.4 21|0 -2 0 2 24
6689 伊雲谷|數位雲端|-7 4 -17|68 69 -3 -32|0.8 20|6 3 -0 -4 -1
6690 安碁資訊|數位雲端|9 13 -2|71 86 -4 -14|1.2 5|4 -12 0 5 5
6691 洋基工程|其他電子|79 72 30|90 91 12 -3|0.5 561|19 0 -1 3 -46
6693 廣閎科|半導體業|21 31 2|64 70 -1 -30|0.6 11|9 -7 0 -6 26
6695 芯鼎|半導體業|69 51 32|70 83 10 -18|2.9 158|2 -1 0 17 45
6698 旭暉應材|其他電子|80 43 43|61 83 11 -16|0.5 10|2 -0 0 7 -10
6706 惠特|光電業|95 53 -2|32 55 -15 -40|0.6 52|10 -2 0 1 1
6712 長聖|生技醫療|30 24 4|84 93 3 -3|1.0 19|3 8 0 -8 -12
6719 力智|半導體業|14 35 8|70 84 5 -11|0.7 43|7 -3 -0 19 -9
6728 上洋|居家生活|39 56 6|89 89 4 28|1.0 11|1 -24 0 26 74
6732 昇佳電子|半導體業|11 8 7|57 77 1 -22|1.5 14|4 -14 -0 3 -15
6739 竹陞科技|其他電子|91 79 -135|na 87 46 103|1.1 418|1 -4 0 na -35
6741 91APP*-KY|數位雲端|16 10 -4|81 81 3 -16|0.7 9|51 -19 0 1 -10
6742 澤米|光電業|-8 -1 -19|71 72 10 -21|1.0 35|2 -1 0 12 -1
6752 叡揚|資訊服務|21 19 3|72 72 -25 -7|0.3 12|8 -3 0 -10 5
6753 龍德造船|航運業|7 -11 -15|70 81 -3 -8|1.3 62|5 25 -2 -1 -10
6756 威鋒電子|半導體業|-31 -14 -0|46 66 -6 -29|1.0 8|3 -14 -0 6 28
6757 台灣虎航|航運業|-11 -3 -14|79 79 -13 -3|0.2 183|2 -7 21 -8 12
6761 穩得|電子零組|1 3 -8|84 87 -1 -2|0.5 8|4 -4 0 6 17
6763 綠界科技*|數位雲端|20 12 5|68 82 12 -10|0.3 105|1 -0 -0 -1 10
6768 志強-KY|運動休閒|-7 6 -28|65 65 -3 -24|0.4 91|58 -19 3 1 83
6770 力積電|半導體業|3 1 -3|63 80 8 -13|0.8 309|7 -7 -0 5 21
6776 展碁國際|電子通路|7 7 -10|92 92 10 1|0.5 9|2 -3 0 -17 37
6781 AES-KY|電子零組|87 83 41|96 96 26 12|2.0 1738|77 -4 2 26 9
6782 視陽|生技醫療|-10 21 -13|64 89 2 0|0.4 23|7 -4 1 -8 -22
6785 昱展新藥|生技醫療|na na na|65 92 2 1|0.5 16|7 13 0 -17 -26
6788 華景電|半導體業|12 35 -25|96 99 59 29|0.9 521|7 1 0 1 42
6789 采鈺|半導體業|-17 -8 -31|70 71 14 -26|0.8 153|4 -3 3 -2 9
6799 來頡|半導體業|1 2 8|63 68 -10 -22|0.4 25|8 0 -3 -3 -1
6803 崑鼎|綠能環保|18 17 1|100 100 5 8|0.6 7|4 32 0 10 -10
6805 富世達|電子零組|48 54 11|84 100 97 30|0.9 2406|16 2 -1 16 -12
6806 森崴能源|綠能環保|200 53 -26|48 68 -6 -28|0.4 100|4 3 -0 6 -10
6811 宏碁資訊|數位雲端|11 7 -12|79 83 -4 -14|0.4 21|3 -4 -0 2 26
6829 千附精密|半導體業|3 -3 -23|72 72 -12 -7|0.4 35|1 1 0 -1 8
6830 汎銓|其他電子|7 7 1|66 96 13 -2|1.9 66|2 -5 0 32 28
6838 台新藥|生技醫療|-100 na na|na 76 24 -11|0.2 23|2 1 0 -15 6
6841 長佳智能|生技醫療|-7 -2 -142|59 68 -12 -24|0.8 8|1 -4 0 -1 4
6854 錼創科技-KY創|半導體業|-34 -37 -106|55 55 6 -26|0.8 74|36 -5 0 -3 25
6859 伯特光|光電業|36 55 -9|61 64 -10 -35|0.6 19|15 3 -14 -17 -2
6862 三集瑞-KY|電子零組|14 29 na|na 87 7 -3|3.8 11|65 -0 0 165 -12
6863 永道-KY|通信網路|-19 -21 -57|54 57 -8 -42|1.0 23|70 4 -2 -3 -6
6869 雲豹能源|綠能環保|-19 243 198|43 77 -10 -15|0.3 105|2 -0 0 -6 5
6870 騰雲|數位雲端|4 14 -13|74 82 6 -18|0.4 10|1 -1 0 na 35
6873 泓德能源|綠能環保|-30 162 -97|66 72 -11 -8|0.4 118|13 -7 -4 4 2
6877 鏵友益|其他電子|-7 -13 -136|87 87 28 35|2.9 28|6 1 0 43 4
6885 全福生技|生技醫療|na na na|na 75 37 1|0.7 25|2 -4 0 15 132
6890 來億-KY|運動休閒|-4 17 -11|56 59 -5 -41|0.5 270|88 -3 -13 7 11
6895 宏碩系統|半導體業|168 114 57|65 82 48 5|0.4 69|3 0 0 -13 62
6901 鑽石投資|其他|-93 -17 -5|43 59 -14 -41|0.4 6|1 9 0 5 -5
6902 GOGOLOOK|數位雲端|14 24 6|43 54 -26 -36|0.8 10|3 4 0 51 367
6913 鴻呈|電子零組|14 25 -11|na 69 2 -0|0.3 34|0 -1 0 17 37
6914 阜爾運通|其他|20 21 6|94 94 2 5|0.9 8|2 -5 0 -0 -40
6919 康霈*|生技醫療|na na na|na 81 65 58|3.5 2176|10 -9 -0 na na
6922 宸曜|電腦及週|36 21 -14|73 73 5 -21|0.4 19|2 3 0 na 2
6923 中台|綠能環保|-43 -50 -39|na 90 32 29|7.2 27|2 4 0 166 122
6928 攸泰科技|電腦及週|20 -8 15|90 97 51 9|8.7 16|0 -1 0 231 23
6933 AMAX-KY|電腦及週|159 37 18|74 100 43 14|0.8 31|33 -2 0 62 -9
6937 天虹|半導體業|-10 8 -37|51 65 6 -35|0.5 51|2 -5 -0 -16 27
6949 沛爾生醫-創|生技醫療|58 26 -41|100 100 70 108|2.4 17|2 6 0 159 4600
6957 裕慶-KY|其他|20 -3 -25|60 76 4 -10|0.3 7|6 -6 0 9 13
6962 奕力-KY|半導體業|-24 -25 na|na 74 -5 -19|0.6 138|45 1 1 17 16
6965 中傑-KY|運動休閒|-35 -25 na|na na 0 na|0.6 12|77 -8 0 na na
6982 大井泵浦|電機機械|-16 -5 na|na 95 36 5|0.8 9|2 7 0 200 87
6994 富威電力|綠能環保|-4 -12 na|na 63 -12 -17|0.7 34|1 -3 0 na 1312
6996 力領科技|半導體業|-19 -20 na|na 69 -11 -32|1.7 6|1 5 -0 347 21
7402 邑錡|光電業|15 9 10|88 88 9 18|5.4 33|7 1 0 18 25
7556 意德士科技|半導體業|24 25 -7|92 92 27 17|0.3 6|4 -0 0 na 27
7703 銳澤|其他電子|59 47 1|na 100 32 11|2.8 17|1 5 0 49 19
7714 創泓科技|數位雲端|5 36 na|na 67 -33 11|0.2 5|1 1 0 na na
7722 LINEPAY|數位雲端|15 27 na|na 81 21 -13|0.7 351|60 -3 2 5 140
7728 光焱科技|其他電子|-38 -18 na|na na 25 na|2.5 15|1 -3 0 na 8
7734 印能科技|半導體業|24 30 na|na na 21 na|1.5 146|2 5 -0 na -8
8011 台通|通信網路|-22 -29 -5|71 89 3 -7|0.9 20|4 3 0 3 -6
8016 矽創|半導體業|15 7 -0|85 96 4 1|0.4 65|29 2 12 1 -16
8021 尖點|其他電子|12 14 -8|100 100 150 102|3.7 1573|10 -2 0 52 250
8027 鈦昇|電機機械|-5 -22 -20|67 86 13 -2|0.5 38|2 3 0 -13 -9
8028 昇陽半導體|半導體業|23 26 -7|82 82 9 16|0.7 488|11 -8 -0 25 28
8032 光菱|電子通路|33 31 0|57 80 8 -7|5.4 5|0 -3 0 5 -12
8033 雷虎|其他|73 25 -2|100 100 51 47|6.0 414|13 4 0 263 -38
8038 長園科|電子零組|877 1146 606|96 96 95 45|1.2 31|3 9 0 na na
8039 台虹|電子零組|-13 -3 -10|68 95 15 1|1.0 128|11 -6 -0 34 18
8043 蜜望實|電子零組|34 19 10|51 80 2 -22|0.4 22|1 -1 0 6 12
8044 網家|數位雲端|1 -1 7|56 68 -11 -25|0.8 6|8 5 0 -5 -8
8045 達運光電|通信網路|-38 -17 na|na 75 41 -18|5.1 16|2 2 0 2983 354
8046 南電|電子零組|14 18 14|93 95 77 31|1.6 3965|6 0 2 -2 29
8050 廣積|電腦及週|-5 15 -4|70 74 -8 -22|0.8 17|3 -15 -0 -4 -14
8054 安國|半導體業|62 10 3|60 87 45 -8|0.4 828|4 -1 -0 -19 11
8059 凱碩|通信網路|1521 1407 954|70 78 14 -16|0.6 19|1 -6 0 -41 na
8064 東捷|光電業|-43 -18 -10|54 72 4 -20|0.6 75|1 -3 0 3 17
8069 元太|光電業|47 39 -9|68 69 -6 -26|0.7 995|43 -7 -3 13 -7
8070 長華*|電子通路|11 12 0|60 85 -8 -3|0.5 72|4 -4 15 -9 -8
8071 能率網通|電子零組|5 -7 -6|73 74 0 -17|0.7 8|2 4 0 -11 11
8072 陞泰|電子通路|33 47 38|77 77 -13 64|0.1 64|2 0 0 -5 97
8074 鉅橡|電子零組|12 5 -3|100 100 40 35|5.0 18|3 1 0 270 29
8076 伍豐|電腦及週|-38 -4 14|69 72 -5 -21|1.0 7|5 -4 0 12 -3
8081 致新|半導體業|5 9 1|87 93 9 1|0.6 69|22 7 -1 -9 23
8085 福華|其他電子|5 18 10|30 57 -19 -39|0.7 5|4 -8 0 -2 -12
8086 宏捷科|半導體業|-18 -25 -13|80 100 42 10|2.1 267|9 1 1 14 58
8088 品安|半導體業|125 60 54|81 81 -4 53|0.1 28|3 1 0 -2 19
8089 康全電訊|通信網路|-88 -87 -272|29 60 -23 -40|0.8 11|2 4 0 -8 7
8091 翔名|半導體業|2 7 0|66 81 -7 -11|0.8 7|8 -6 -0 -1 -0
8096 擎亞|電子通路|-11 -7 -34|54 54 -19 -21|0.4 77|23 -0 0 1 13
8097 常珵|通信網路|-64 32 -132971|76 83 -0 -13|3.7 14|1 -8 0 6 -1
8103 瀚荃|電子零組|-2 6 -6|61 88 -2 -9|0.5 8|14 -4 0 3 -5
8104 錸寶|光電業|181 121 88|66 88 1 -5|1.2 53|3 -1 0 6 33
8105 凌巨|光電業|10 17 6|58 90 1 -3|0.8 21|40 -7 0 1 -11
8110 華東|半導體業|-6 -13 -11|65 83 8 -2|0.7 11|3 10 0 -2 -13
8111 立碁|光電業|2 6 -2|74 74 12 4|0.3 103|1 0 0 2 20
8112 至上|電子通路|-26 -19 -24|55 70 -11 -26|0.6 81|14 8 -14 -4 -29
8114 振樺電|電腦及週|26 96 -5|70 78 -6 -17|0.4 78|29 -3 2 -19 3
8131 福懋科|半導體業|-4 -10 -15|74 89 6 -2|1.0 8|3 -10 1 19 -8
8147 正淩|電子零組|35 60 29|71 76 7 -4|0.8 12|12 4 0 -5 -15
8150 南茂|半導體業|-4 -1 -2|64 80 4 -15|0.7 31|33 2 -1 -2 -2
8155 博智|電子零組|24 29 -8|81 81 10 16|1.2 194|2 0 0 -3 16
8163 達方|電腦及週|33 33 28|62 80 -1 -17|0.5 11|12 20 -5 -5 -25
8210 勤誠|電腦及週|23 54 9|98 98 97 104|0.2 718|23 6 0 -19 -41
8213 志超|電子零組|2 -1 -0|86 94 10 -3|5.4 10|17 -6 0 -1 -13
8222 寶一|電機機械|12 27 0|75 75 -24 34|0.8 74|2 0 -0 -6 38
8227 巨有科技|半導體業|33 71 67|66 83 15 -11|0.6 64|1 -4 0 -12 -1
8234 新漢|電腦及週|23 30 2|99 99 47 65|3.5 391|7 3 0 36 1
8249 菱光|電子零組|-12 -14 -80|78 92 25 12|3.0 94|1 -1 0 -4 25
8255 朋程|電機機械|12 13 -6|71 83 10 -14|0.8 42|8 -4 -0 6 11
8261 富鼎|半導體業|-2 12 -1|85 88 9 -8|1.8 50|10 8 -0 -13 -8
8271 宇瞻|半導體業|59 44 32|98 98 22 19|1.9 37|6 11 0 -9 -41
8279 生展|生技醫療|8 17 7|77 88 3 -1|2.1 6|5 9 0 na na
8299 群聯|半導體業|16 13 15|89 89 17 10|0.9 641|42 9 -1 -6 -22
8341 日友|綠能環保|-4 -3 -20|79 89 -1 -5|1.2 7|5 -13 0 1 0
8358 金居|電子零組|2 11 -3|95 95 139 105|3.3 5990|18 2 1 306 -24
8374 羅昇|電機機械|53 56 -0|62 76 13 -19|0.3 59|2 -1 0 9 22
8383 千附|半導體業|0 6 -25|71 71 -9 -2|0.5 22|9 3 0 -0 -11
8390 金益鼎|綠能環保|-21 1 -27|77 85 -1 -9|0.5 26|1 14 0 -10 -20
8404 百和興業-KY|其他|-6 2 -23|58 67 -1 -26|0.6 9|54 -7 0 -6 -23
8410 森田|電腦及週|17 8 2|52 60 -11 -41|0.5 11|4 4 0 1 1
8415 大國鋼|鋼鐵工業|2 2 2|92 92 8 4|1.8 8|10 16 0 -19 -9
8422 可寧衛*|綠能環保|-3 -12 -39|99 99 8 11|1.0 39|12 18 0 1 -8
8431 匯鑽科|其他電子|-0 4 -25|65 65 -14 -26|4.0 9|4 -2 0 2 10
8436 大江|生技醫療|17 -8 -3|84 84 3 11|1.0 65|11 2 -2 -13 2
8442 威宏-KY|其他|-9 -12 -15|65 69 -6 -24|0.5 10|58 -20 0 8 -37
8446 華研|文化創意|-29 -27 -25|82 87 -3 -10|1.3 7|6 -14 0 11 13
8454 富邦媒|數位雲端|-3 -2 -2|69 74 -7 -17|0.7 74|14 2 -2 -6 -5
8462 柏文|運動休閒|16 16 -2|99 99 8 33|0.7 14|3 10 1 8 -5
8464 億豐|居家生活|2 4 -7|85 93 12 -1|1.0 173|42 16 2 0 -12
8467 波力-KY|運動休閒|-7 5 -10|44 51 -15 -37|0.4 7|44 -0 -2 -11 -6
8473 山林水|綠能環保|77 45 10|60 85 8 -11|1.1 7|3 -2 0 13 -44
8478 東哥遊艇|運動休閒|-36 2 35|53 87 37 4|0.5 129|40 -3 1 -3 28
8489 三貝德|其他|-2 -6 -3|80 80 13 27|0.2 12|10 -5 0 -5 42
8499 鼎炫-KY|其他電子|-6 -2 -16|100 100 109 142|0.7 53|72 -1 0 121 -8
8916 光隆|其他|-22 2 -12|85 85 -2 -12|2.0 8|3 -2 0 -11 2
8924 大田|運動休閒|-22 -28 -22|60 72 -17 -24|1.8 5|2 -47 0 19 -2
8926 台汽電|油電燃氣|-43 -5 -45|96 97 5 10|0.6 46|8 20 1 -4 -5
8927 北基|油電燃氣|-71 -49 -55|72 87 3 -16|1.6 12|1 -3 -0 7 1
8932 智通*|數位雲端|97 60 -8|95 100 67 61|1.5 688|26 2 0 0 -34
8936 國統|其他|-28 2 -7|60 81 -11 -8|0.5 46|7 -9 -5 8 -6
8937 合騏*|其他|-59 -60 -54|79 79 13 -10|1.1 16|1 2 0 -2 10
8938 明安|運動休閒|-4 6 -11|80 83 -3 -10|0.6 11|7 -13 -2 -2 -3
8942 森鉅|其他|-7 2 1|72 76 -9 -18|0.8 6|13 -8 0 8 -5
8996 高力|電機機械|45 49 24|72 95 43 2|2.4 658|17 -0 5 -7 16
9802 鈺齊-KY|運動休閒|23 33 7|69 69 8 -25|0.9 98|48 -14 -3 -18 18
9902 台火|其他|-76 551 408|68 73 7 5|0.2 9|2 3 0 7 100
9904 寶成|運動休閒|-7 -4 -11|68 77 -9 -20|0.5 364|41 -14 -14 28 47
9906 欣巴巴|建材營造|-85 -80 -117599|32 58 -24 -33|0.5 8|2 -5 -1 6 6
9907 統一實|其他|-2 10 -20|91 91 -6 26|0.4 77|20 -21 3 -12 27
9910 豐泰|運動休閒|-3 -8 -5|79 89 7 -2|0.8 118|11 9 -3 -15 -4
9911 櫻花|居家生活|8 5 -5|95 98 -0 10|1.3 28|19 -17 0 -4 22
9914 美利達|運動休閒|-21 -24 -41|47 63 -12 -29|1.7 159|29 -18 -1 7 -1
9917 中保科|其他|13 9 2|80 94 -1 -3|0.9 43|41 -4 -3 -13 -1
9921 巨大|運動休閒|-30 -25 -20|47 68 -11 -23|1.0 80|27 -10 -0 5 -3
9925 新保|其他|4 3 -0|100 100 3 4|0.7 6|18 -3 0 50 -2
9927 泰銘|其他|-21 -9 -3|88 88 -4 1|1.1 7|8 -16 1 -1 8
9930 中聯資源|綠能環保|2 9 -5|95 95 2 14|0.4 8|3 -21 1 15 3
9933 中鼎|其他|-31 -28 -17|56 70 6 -25|2.2 81|10 -11 0 16 29
9935 慶豐富|居家生活|-12 -8 -16|62 65 -6 -37|0.9 6|6 4 0 -8 12
9938 百和|其他|-11 -3 -19|63 71 -7 -28|1.6 120|20 -40 2 18 100
9939 宏全|其他|6 3 -7|89 90 -3 -5|0.7 123|18 -10 -13 11 -22
9940 信義|其他|-44 -46 -20|75 89 -5 -4|0.5 5|6 -24 -7 30 12
9941 裕融|其他|-4 -3 1|66 82 -8 -15|1.2 60|6 6 -12 -7 -33
9942 茂順|其他|5 6 12|91 97 0 1|3.4 10|4 -5 -0 1 -0
9945 潤泰新|其他|47 23 0|59 73 1 -25|0.5 146|12 -22 10 10 42
9951 皇田|電機機械|35 19 6|86 98 14 1|0.8 7|5 7 0 66 -7
9955 佳龍|綠能環保|93 33 19|73 82 -8 -14|0.3 7|1 10 0 -9 -5
9958 世紀鋼|鋼鐵工業|30 31 29|77 79 7 20|0.3 657|12 0 -4 -11 -26
