# 2025-10-01 全池(1139 檔)。欄位:代碼 名稱|產業|最新月YoY 3月YoY均 加速度|距52週高% 距120日高% 60日漲% 120日漲%|量能比 日均值M|外持% 外20 投20 資20 券20(外資持股比;外資/投信20日淨買佔成交值%;融資/借券餘額20日變化%)
1101 台泥|水泥工業|-6 -13 -47|70 79 -5 -13|1.3 759|19 14 -14 31 -6
1102 亞泥|水泥工業|-16 -14 -13|83 86 -6 -12|0.7 216|21 10 -17 -2 3
1103 嘉泥|水泥工業|-11 -6 -7|77 87 -5 -6|1.2 6|4 3 0 0 -13
1104 環泥|水泥工業|-8 -7 -3|96 96 10 15|0.7 42|16 0 0 11 2
1210 大成|食品工業|-5 -5 -2|81 81 -17 -4|0.8 83|12 -10 -25 -0 2
1215 卜蜂|食品工業|-3 1 1|99 99 9 46|1.3 99|46 10 1 -18 -7
1216 統一|食品工業|-1 -1 -6|90 93 -2 4|0.9 543|36 -6 8 4 32
1217 愛之味|食品工業|-15 -5 -8|87 91 0 -6|0.9 6|8 -15 0 -13 13
1218 泰山|食品工業|-0 -3 3|90 90 -3 3|0.8 10|3 4 0 6 -14
1225 福懋油|食品工業|-13 -5 -0|17 61 2 -31|1.9 6|2 -1 0 -23 na
1227 佳格|食品工業|-9 -6 -6|80 83 -6 -9|0.8 12|6 -18 -0 4 13
1229 聯華|食品工業|11 12 21|80 97 8 8|0.6 46|9 5 -0 -5 -12
1231 聯華食|食品工業|2 5 -7|73 84 -8 -3|0.8 28|3 -26 -0 -3 20
1232 大統益|食品工業|-2 -4 -0|93 93 -3 1|1.0 7|2 -12 0 18 0
1256 鮮活果汁-KY|食品工業|23 9 15|98 98 56 64|1.0 18|4 2 0 80 -30
1268 漢來美食|觀光餐旅|5 2 -8|100 100 12 28|0.6 8|2 13 0 167 -9
1295 生合|食品工業|-36 -15 na|na na -1 na|0.2 106|0 -3 0 na 20
1301 台塑|塑膠工業|-19 -17 -13|73 90 10 11|0.4 391|27 2 -1 4 -2
1303 南亞|塑膠工業|-7 -6 -10|85 85 42 37|0.6 1527|26 -8 1 7 -9
1304 台聚|塑膠工業|-20 -19 -11|63 89 8 5|0.9 13|29 -13 0 4 4
1305 華夏|塑膠工業|19 -5 8|65 90 16 12|0.5 7|4 2 0 2 -7
1307 三芳|塑膠工業|-14 -7 -11|61 81 -14 -8|0.5 18|7 -11 -0 5 6
1308 亞聚|塑膠工業|-2 -13 -4|60 91 4 1|0.4 8|5 -9 0 -2 9
1309 台達化|塑膠工業|-43 -32 -29|51 87 8 0|0.6 5|2 -3 0 -0 6
1313 聯成|塑膠工業|-12 -14 0|84 93 28 31|0.6 20|8 1 0 -10 -2
1316 上曜|建材營造|325 205 -3|76 86 8 8|1.2 106|5 5 0 -16 -18
1319 東陽|汽車工業|-15 -14 -17|69 72 -4 -22|0.8 236|17 -7 -9 20 11
1325 恆大|塑膠工業|-13 -10 -0|76 76 5 39|2.4 11|2 2 0 0 -15
1326 台化|塑膠工業|-21 -21 -8|67 94 23 19|0.6 255|32 8 -5 -8 -1
1342 八貫|其他|-10 1 -8|80 91 4 2|0.6 12|27 -11 3 1 38
1402 遠東新|紡織纖維|-13 -11 -7|74 82 -13 -9|0.9 148|18 1 -20 24 26
1409 新纖|紡織纖維|-3 -15 -14|84 84 20 23|0.4 83|10 9 0 -24 -7
1414 東和|紡織纖維|-15 -15 -2|75 96 3 16|0.9 10|2 6 0 -25 1
1419 新紡|紡織纖維|1 14 -5|68 68 -6 35|0.8 19|1 4 0 14 7
1434 福懋|紡織纖維|-11 -8 -9|76 91 -4 -3|0.6 18|7 -14 -1 13 -22
1436 華友聯|建材營造|-66 3 -1478|50 62 -35 -26|0.4 16|4 -2 0 1 12
1440 南紡|紡織纖維|-33 -26 -13|84 94 2 18|0.9 13|7 6 -0 7 -20
1442 名軒|建材營造|-79 -73 -59|50 53 -38 -43|2.2 55|10 -23 -0 82 40
1449 佳和|紡織纖維|-29 1 8|42 85 2 -8|1.8 5|9 -6 0 -13 2
1466 聚隆|紡織纖維|-29 -15 -22|91 94 16 27|1.2 6|2 3 0 2 -5
1476 儒鴻|紡織纖維|-10 -5 -17|79 98 4 31|0.9 292|33 4 1 -27 -5
1477 聚陽|紡織纖維|-9 -5 -11|76 96 13 14|0.4 435|17 7 1 -49 -1
1503 士電|電機機械|13 12 2|81 90 5 49|0.6 359|31 -3 1 -5 -8
1504 東元|電機機械|4 5 6|100 100 118 138|3.0 6067|15 5 -0 -2 -43
1513 中興電|電機機械|5 12 -1|91 91 -0 37|0.8 599|18 -15 -0 -5 23
1514 亞力|電機機械|75 33 26|80 88 -3 20|0.9 148|14 -4 1 -2 11
1515 力山|電機機械|-18 -15 25|78 87 3 14|0.7 12|6 6 0 -57 -11
1519 華城|電機機械|7 13 -18|85 85 7 65|0.6 988|18 -4 -5 -0 49
1522 堤維西|汽車工業|43 18 16|66 88 -5 1|0.5 30|5 4 -1 -0 -8
1524 耿鼎|汽車工業|-15 -14 -15|66 80 0 -11|0.6 21|1 -9 0 -3 8
1527 鑽全|電機機械|-19 -8 -9|72 88 -8 -0|0.5 7|10 -0 0 -24 31
1528 恩德|電機機械|-27 -23 -8|74 75 29 32|0.3 41|4 1 0 -23 -17
1529 樂事綠能|電機機械|-1 68 9|77 77 -12 15|0.7 10|2 -3 0 -16 1
1532 勤美|電機機械|147 28 46|75 100 11 14|0.7 20|8 29 -1 -18 -29
1536 和大|汽車工業|-20 -31 -10|71 85 15 22|0.5 210|8 0 0 -18 -1
1537 廣隆|電機機械|-29 -27 -25|85 96 0 -1|0.5 15|15 -17 -0 -30 31
1540 喬福|電機機械|32 6 17|52 79 -10 -0|1.1 8|3 3 0 5 -18
1560 中砂|電機機械|18 17 2|93 96 8 91|1.5 1173|20 0 1 6 -11
1563 巧新|汽車工業|-6 1 7|72 81 -3 -6|0.9 14|2 -6 0 18 -15
1565 精華|生技醫療|-14 -6 -10|62 83 -5 -15|0.3 13|9 -5 0 2 1
1569 濱川|電腦及週|-5 -3 -15|74 94 22 7|0.9 246|4 3 0 -11 -3
1582 信錦|電子零組|-12 -15 -10|63 92 0 -3|1.0 29|10 -1 -3 -4 -0
1584 精剛|其他|-36 -32 -20|66 85 9 -6|0.6 33|1 -5 0 -3 9
1586 和勤|電機機械|-16 -14 -5|81 89 4 -2|0.7 8|1 -4 0 5 13
1587 吉茂|汽車工業|24 24 4|88 95 47 70|1.3 68|20 -5 0 36 419
1589 永冠-KY|電機機械|14 24 7|51 76 -3 -18|4.7 20|4 -5 0 28 -10
1590 亞德客-KY|電機機械|6 7 -2|75 80 -10 2|1.0 595|74 -17 -0 21 -23
1591 駿吉-KY|電機機械|-78 -23 -47|95 100 15 66|3.1 13|4 2 0 7 -2
1595 川寶|半導體業|-22 4 7|48 89 26 16|0.2 7|1 6 0 -1 9
1597 直得|電機機械|-17 -3 -8|64 85 0 19|0.5 36|3 -5 0 0 31
1603 華電|電器電纜|17 16 -7|96 96 7 44|1.3 24|4 10 0 14 18
1605 華新|電器電纜|-11 -14 -16|73 97 26 34|3.2 924|12 -7 1 27 44
1608 華榮|電器電纜|1 -5 -7|96 97 29 58|2.7 136|2 -1 -0 -2 20
1609 大亞|電器電纜|-7 -1 -7|78 91 11 27|1.2 231|10 -4 -0 2 16
1612 宏泰|電器電纜|13 19 1|98 98 11 36|1.7 43|19 9 -0 -21 -11
1615 大山|電器電纜|-42 -12 -10|77 90 -1 -1|1.4 5|1 -17 0 -5 117
1616 億泰|電器電纜|34 32 10|84 84 3 70|0.4 98|4 -5 -0 1 48
1618 合機|電器電纜|10 9 -19|89 90 -3 36|1.0 62|2 -2 0 -6 12
1702 南僑|食品工業|-3 -6 -7|69 86 -4 -9|0.8 11|9 2 0 5 2
1707 葡萄王|生技醫療|5 -1 -3|87 95 4 -2|0.6 10|15 16 -0 -10 -4
1708 東鹼|化學工業|-8 -4 -9|74 86 -1 1|0.6 19|9 -25 -0 -4 18
1710 東聯|化學工業|-9 -17 -21|64 86 7 -7|0.9 9|6 2 0 8 -13
1711 永光|化學工業|-16 -14 -11|71 90 23 28|0.7 99|4 -8 0 33 112
1712 興農|化學工業|-9 -6 -2|96 99 5 5|1.4 15|15 -17 -0 8 -3
1713 國化|化學工業|18 -10 -4|91 91 4 10|0.3 8|2 -4 0 1 -23
1717 長興|化學工業|-15 -13 -9|89 89 69 64|0.5 582|12 -3 -0 -14 67
1720 生達|生技醫療|-2 -1 -6|89 100 4 5|0.5 6|4 4 -0 12 -7
1721 三晃|化學工業|-33 -30 -13|51 97 9 24|0.5 8|4 13 0 -11 -41
1722 台肥|化學工業|3 1 -2|86 87 -3 2|0.8 61|10 -19 -0 16 -18
1723 中碳|化學工業|-52 -30 -14|84 89 -6 -7|0.5 17|7 -23 -0 -18 13
1727 中華化|化學工業|-28 -6 -12|90 90 49 76|0.7 99|5 3 0 14 -4
1733 五鼎|生技醫療|-20 -16 -33|96 96 22 26|4.4 12|6 -4 0 64 51
1736 喬山|運動休閒|-3 4 -20|83 99 4 4|1.5 151|5 1 0 41 -5
1752 南光|生技醫療|-19 -3 -11|87 93 5 15|0.6 5|2 -3 0 17 -7
1760 寶齡富錦|生技醫療|5 3 2|76 86 -1 17|1.3 9|12 4 0 -9 12
1773 勝一|化學工業|-9 8 0|76 88 5 12|0.6 90|5 -17 -1 -19 43
1784 訊聯|生技醫療|-8 4 -1|77 90 22 15|2.3 29|1 -6 0 -18 29
1785 光洋科|其他電子|35 33 -2|92 97 21 32|1.8 494|13 1 -0 12 24
1786 科妍|生技醫療|0 -1 -10|80 83 12 15|0.9 69|4 -9 0 -11 16
1789 神隆|生技醫療|63 12 17|78 100 17 10|1.7 14|3 -12 -0 15 -6
1795 美時|生技醫療|-12 -10 -20|90 98 23 36|6.5 163|59 10 1 54 -3
1799 易威|生技醫療|14 -18 -103|28 75 5 -15|1.4 5|13 11 0 na na
1802 台玻|玻璃陶瓷|-0 -1 3|75 75 75 109|1.2 1499|4 -5 -0 -17 60
1808 潤隆|建材營造|-100 -99 -3|24 91 -9 -3|1.5 39|3 -13 -0 -4 3
1809 中釉|玻璃陶瓷|20 8 3|81 87 27 35|0.7 26|3 4 0 6 6
1810 和成|玻璃陶瓷|-15 -3 -3|81 81 34 30|0.2 55|5 1 0 -7 10
1815 富喬|電子零組|33 36 -24|84 84 92 169|0.6 5514|7 -1 0 -1 74
1903 士紙|造紙工業|-6 -2 -0|72 72 -5 13|0.4 9|11 6 0 -15 -16
1904 正隆|造紙工業|-3 3 -3|72 93 -5 5|1.2 11|9 -9 -1 -3 1
1905 華紙|造紙工業|-16 -13 -3|54 83 -0 -7|0.7 17|3 4 -0 -5 -12
1907 永豐餘|造紙工業|-11 -10 -8|79 93 11 4|1.6 21|12 17 -2 -12 -7
2002 中鋼|鋼鐵工業|-16 -16 -7|79 90 3 -6|0.9 494|15 -16 -1 -15 -7
2006 東和鋼鐵|鋼鐵工業|-14 -8 -3|78 89 -9 -8|1.8 88|15 -23 -14 -1 57
2009 第一銅|鋼鐵工業|-7 -7 -7|82 93 23 22|6.2 50|1 -3 -0 5 20
2010 春源|鋼鐵工業|3 3 -7|93 93 10 15|0.9 18|9 -10 0 -8 -8
2014 中鴻|鋼鐵工業|-34 -49 -13|62 90 8 -5|0.6 59|5 -2 -0 -11 3
2015 豐興|鋼鐵工業|-24 -14 -6|79 93 -2 8|0.9 10|12 22 -8 -13 -7
2023 燁輝|鋼鐵工業|7 -5 1|90 96 -1 1|1.4 17|6 18 -1 -14 -6
2027 大成鋼|鋼鐵工業|13 13 8|75 84 16 -16|0.5 637|22 8 -8 7 -27
2031 新光鋼|鋼鐵工業|-0 15 -4|73 94 10 8|0.8 23|11 -0 -3 -4 -5
2034 允強|鋼鐵工業|-26 -23 -27|75 85 -9 -0|0.7 17|5 -30 0 -4 56
2049 上銀|電機機械|-7 -7 -9|60 89 5 10|0.9 721|28 -2 -0 8 8
2059 川湖|電子零組|67 63 -14|95 95 65 153|0.6 1959|26 -8 6 -4 20
2062 橋椿|居家生活|-23 -20 -0|57 88 -5 -1|0.8 9|7 5 -6 -3 -20
2101 南港|橡膠工業|-21 -7 -82|67 82 -5 -14|0.9 87|6 -27 0 -6 na
2102 泰豐|橡膠工業|-28 -1 -44|82 85 -6 24|0.9 7|4 -24 0 8 20
2103 台橡|橡膠工業|-11 -13 -24|66 85 -9 -11|1.5 16|24 -20 -7 2 24
2104 國際中橡|橡膠工業|-24 -23 -12|65 87 3 5|1.0 12|8 -19 0 4 4
2105 正新|橡膠工業|-9 -8 -5|71 73 -8 -21|1.6 150|13 21 -31 17 -29
2106 建大|橡膠工業|-12 -9 -7|68 85 -7 -12|0.9 7|9 -8 -0 3 7
2108 南帝|橡膠工業|-27 -28 -36|64 84 -2 -12|0.9 10|5 -20 0 0 -10
2201 裕隆|汽車工業|-15 -15 -1|60 88 6 6|0.8 93|7 5 -0 7 -5
2204 中華|汽車工業|24 -11 16|76 92 11 14|0.7 76|21 3 -1 -3 -19
2206 三陽工業|汽車工業|-3 -2 3|85 91 3 -5|0.6 36|9 -9 -11 3 -6
2207 和泰車|汽車工業|15 -1 -3|85 93 3 3|1.0 131|23 3 -2 -34 -11
2208 台船|航運業|11 -2 -33|79 79 32 37|0.7 770|6 -1 0 na na
2211 長榮鋼|鋼鐵工業|10 3 -36|80 97 17 25|1.1 86|9 9 -1 -5 -2
2228 劍麟|汽車工業|-11 -0 -1|88 88 26 58|1.0 249|5 -5 2 4 56
2230 泰茂|居家生活|83 38 -78|70 94 1 19|1.0 23|2 3 0 0 -5
2231 為升|汽車工業|-24 -17 -18|82 82 78 56|1.2 544|6 2 5 67 16
2233 宇隆|汽車工業|-23 -18 -14|75 76 15 45|0.5 223|7 -8 1 -8 35
2236 百達-KY|汽車工業|510 429 139|80 100 13 39|2.5 56|61 -3 0 57 48
2241 艾姆勒|汽車工業|-6 -8 8|85 100 34 35|2.1 16|9 3 0 6 -10
2247 汎德永業|汽車工業|-8 -18 -29|89 89 2 6|0.3 27|5 -12 0 10 19
2250 IKKA-KY|汽車工業|-17 -12 -7|60 85 4 5|0.9 36|6 -6 0 -5 55
2258 鴻華先進-創|汽車工業|-85 -74 -428|76 85 -5 12|1.0 13|0 1 -0 na na
2301 光寶科|電腦及週|30 18 3|91 91 51 119|1.1 7115|30 2 -1 29 44
2302 麗正|半導體業|6 7 -17|75 94 13 9|0.8 7|1 -10 0 3 -5
2303 聯電|半導體業|-7 -1 -5|86 95 2 7|2.1 1570|24 19 -6 1 -2
2305 全友|電腦及週|-20 -7 -12|54 90 11 14|0.4 6|2 -0 0 -6 9
2308 台達電|電子零組|27 23 2|96 96 94 187|1.0 14091|66 -7 -0 80 -33
2312 金寶|其他電子|-20 -19 -25|60 90 1 12|2.1 144|11 -5 -0 2 38
2313 華通|電子零組|-6 -3 -5|90 90 23 56|0.6 1362|29 9 -1 -0 12
2314 台揚|通信網路|9 -10 14|25 83 -3 0|0.9 7|2 7 0 na na
2316 楠梓電|電子零組|-13 -2 -5|85 85 84 193|0.3 1083|27 -1 -0 -35 33
2317 鴻海|其他電子|11 9 -8|95 95 36 102|1.6 13231|39 25 2 1 -41
2324 仁寶|電腦及週|-30 -27 -15|83 87 9 22|4.3 1208|37 -7 -2 158 31
2327 國巨*|電子零組|4 4 -3|94 94 32 41|2.9 5946|47 -8 0 57 553
2328 廣宇|電子零組|-14 -7 -9|87 87 37 47|0.9 948|8 -7 -0 9 35
2329 華泰|半導體業|26 32 25|94 94 21 66|1.1 411|11 -1 1 -15 6
2330 台積電|半導體業|34 29 -10|99 99 23 55|1.1 39877|74 12 -1 1 -32
2331 精英|電腦及週|23 8 3|85 98 16 49|1.6 56|8 2 0 -3 8
2332 友訊|通信網路|-9 -12 -3|64 95 -1 9|0.7 48|14 10 0 5 -15
2337 旺宏|半導體業|-5 3 -1|92 92 19 36|1.7 1192|14 1 0 83 -12
2338 光罩|半導體業|-3 -15 -4|67 94 43 28|0.3 93|3 4 0 3 -11
2340 台亞|半導體業|-3 4 -1|71 84 33 38|1.4 187|7 -7 0 39 79
2342 茂矽|半導體業|-0 -2 -40|89 92 50 43|0.6 67|0 -3 0 47 92
2344 華邦電|半導體業|0 -2 -1|93 93 77 125|2.4 11005|19 4 2 138 -59
2345 智邦|通信網路|172 173 54|93 93 43 120|0.9 4186|59 -11 1 31 24
2347 聯強|電子通路|-3 -9 -5|87 90 -5 3|0.8 264|27 9 -14 -35 30
2348 海悅|其他|-66 -55 -73|37 69 -12 -25|0.5 201|2 -7 -0 22 89
2349 錸德|光電業|-8 15 18|61 84 1 9|0.6 23|12 -0 0 na na
2351 順德|半導體業|-17 -15 -13|49 86 15 20|0.5 97|7 -6 0 -32 21
2353 宏碁|電腦及週|-4 -3 -3|75 87 1 7|1.2 537|19 -7 -5 10 30
2354 鴻準|其他電子|103 110 -76|74 92 11 36|1.0 835|15 -7 1 3 21
2355 敬鵬|電子零組|-6 -2 3|85 85 14 32|0.4 95|10 -4 -0 -6 19
2356 英業達|電腦及週|18 13 -14|87 96 7 26|1.9 678|13 17 -3 -6 -18
2357 華碩|電腦及週|10 14 -10|95 95 7 46|0.9 1802|49 12 -1 -7 -37
2359 所羅門|其他電子|14 33 8|80 85 7 22|0.3 296|3 -6 0 -9 20
2360 致茂|其他電子|6 17 -9|99 99 40 152|1.1 1740|63 -7 1 7 -16
2362 藍天|電腦及週|-28 -19 -8|65 88 -9 13|0.8 16|10 2 -1 2 -5
2363 矽統|半導體業|1205 1390 244|68 89 23 32|0.6 438|5 -3 -0 7 26
2364 倫飛|電腦及週|3 7 -21|63 63 -21 14|0.2 19|18 -2 -0 -34 6
2365 昆盈|電腦及週|-18 -3 -3|77 82 22 40|0.2 168|1 -1 0 2 10
2367 燿華|電子零組|-28 -20 -21|78 82 14 25|0.3 165|9 -5 0 -4 11
2368 金像電|電子零組|65 57 21|86 86 46 184|0.6 3613|27 -6 -1 0 41
2369 菱生|半導體業|4 3 9|90 97 35 57|0.8 51|13 2 0 -4 3
2371 大同|電機機械|23 7 8|77 89 5 -7|0.9 375|10 -6 0 3 30
2374 佳能|光電業|70 53 17|82 82 69 112|1.1 3939|8 -0 0 16 28
2375 凱美|電子零組|5 0 -6|98 99 46 63|6.9 323|4 -2 0 149 369
2376 技嘉|電腦及週|-3 18 -19|98 98 11 53|2.6 937|21 9 -1 2 -2
2377 微星|電腦及週|15 23 7|59 77 -16 -13|1.5 609|21 -23 -2 30 255
2379 瑞昱|半導體業|-5 -5 -19|94 94 -4 13|1.2 1359|48 9 -12 -1 0
2382 廣達|電腦及週|5 34 -22|92 99 3 53|1.6 5915|22 12 1 -14 -3
2383 台光電|電子零組|53 50 -1|91 91 38 178|0.6 4806|45 -0 -1 -44 29
2385 群光|電子零組|-12 -6 -7|82 86 0 4|0.9 305|19 10 -18 0 12
2387 精元|電腦及週|-23 -21 -13|61 83 -9 -13|1.0 18|14 -18 -0 4 6
2388 威盛|半導體業|-72 -27 -36|39 74 -8 -13|0.8 224|12 -8 -0 6 43
2392 正崴|電子零組|-17 -3 -5|55 76 -5 6|0.3 69|7 -3 -0 -2 -3
2393 億光|光電業|-15 -10 -10|77 82 -5 -8|0.5 83|20 10 -15 2 -5
2395 研華|電腦及週|12 17 0|78 90 -4 -3|0.8 654|34 -18 -2 0 -37
2397 友通|電腦及週|-4 18 -8|84 84 11 26|0.3 25|16 3 0 -19 18
2399 映泰|電腦及週|7 -2 14|44 91 8 10|0.8 18|8 -0 0 1 7
2401 凌陽|半導體業|-21 -14 -19|71 89 24 11|0.2 106|9 0 -0 1 4
2402 毅嘉|電子零組|7 8 -7|85 85 43 75|0.3 311|17 -1 -0 -13 -30
2404 漢唐|其他電子|65 57 54|74 74 42 107|0.8 1942|36 11 -10 11 -2
2405 輔信|電腦及週|23 4 7|84 96 24 24|0.5 56|6 12 0 -5 -25
2406 國碩|光電業|-10 -21 -2|77 77 78 96|0.4 150|7 -1 0 0 24
2408 南亞科|半導體業|141 86 77|94 94 56 130|0.4 7420|16 7 1 22 -66
2409 友達|光電業|-9 -13 -17|81 98 13 21|2.0 697|23 -1 0 14 27
2412 中華電|通信網路|1 5 1|97 97 3 10|0.8 603|18 -1 -3 -1 -7
2413 環科|電子零組|50 22 18|71 93 22 17|1.2 11|3 -4 0 9 72
2414 精技|電子通路|16 25 2|94 94 9 20|0.3 8|6 -2 0 -44 -12
2417 圓剛|電腦及週|1 -1 2|75 85 16 19|0.5 40|2 8 0 -8 -10
2419 仲琦|通信網路|5 5 -7|64 93 4 18|0.8 24|1 -7 0 11 24
2420 新巨|電子零組|-26 -9 -9|70 92 7 12|0.7 16|6 4 -0 15 23
2421 建準|電子零組|15 21 -5|92 92 28 81|0.4 409|35 1 0 -5 24
2423 固緯|其他電子|1 10 9|96 96 30 40|0.7 9|6 10 0 16 -4
2425 承啟|電腦及週|47 50 8|60 78 -10 11|0.5 12|9 -7 0 -0 15
2426 鼎元|光電業|-15 -12 -13|68 93 12 25|0.7 13|8 -3 0 1 7
2427 三商電|資訊服務|0 32 -15|82 82 -6 29|0.2 24|3 -13 -0 7 32
2428 興勤|電子零組|-4 -1 -12|95 95 32 47|4.9 115|13 -7 0 18 176
2429 銘旺科|光電業|21 67 -21|83 83 111 187|0.7 221|7 1 0 -8 -26
2431 聯昌|電子零組|-8 -12 -15|68 94 24 15|2.2 29|2 -4 0 -8 63
2436 偉詮電|半導體業|18 14 -2|81 88 6 33|0.8 236|6 -4 1 42 44
2439 美律|通信網路|-2 -0 -4|80 85 -5 6|0.6 220|9 -1 -28 15 -5
2441 超豐|半導體業|9 10 -0|95 95 12 31|0.8 79|14 36 -4 59 -40
2442 新美齊|建材營造|-78 -38 -80|77 86 4 21|0.5 18|2 -15 0 10 21
2449 京元電子|半導體業|32 27 5|96 96 59 117|0.6 4319|34 7 0 -37 -75
2451 創見|半導體業|42 52 35|93 93 8 39|1.0 243|11 17 -0 -30 -39
2453 凌群|資訊服務|10 10 3|85 97 12 15|0.5 69|6 -5 0 4 -0
2454 聯發科|半導體業|7 11 -1|84 84 0 1|1.3 10167|58 -9 -2 22 13
2455 全新|通信網路|0 0 11|95 96 29 78|0.4 668|24 3 -0 -26 -18
2457 飛宏|電子零組|-12 -5 -0|55 92 19 7|0.8 53|5 -5 0 -7 33
2458 義隆|半導體業|-2 -4 -2|82 95 6 17|1.0 338|13 -12 -3 3 50
2462 良得電|電子零組|-5 -4 -10|78 95 16 28|0.3 9|3 9 0 -6 7
2464 盟立|其他電子|-28 -20 -20|76 87 21 29|0.5 390|2 0 -0 -5 -1
2465 麗臺|電腦及週|-43 -21 -13|57 80 -8 19|0.5 16|2 -18 0 -4 na
2466 冠西電|光電業|-11 -20 -49|61 61 -25 -17|0.3 19|11 17 0 -8 -10
2467 志聖|電子零組|51 25 -1|79 89 27 63|0.5 407|9 -3 0 17 -2
2468 華經|資訊服務|90 25 -4|65 65 -13 13|0.7 59|1 -3 0 -3 49
2471 資通|資訊服務|5 4 -13|77 77 -6 4|0.4 8|3 -3 0 -4 -1
2472 立隆電|電子零組|-7 -0 -15|88 94 23 34|1.0 224|9 -6 -0 13 133
2474 可成|其他電子|1 -1 -19|80 83 -11 -3|1.1 394|26 -11 -15 7 6
2476 鉅祥|電子零組|11 6 -9|89 89 55 64|0.6 622|9 3 0 3 -19
2477 美隆電|其他電子|-19 -2 -15|67 89 20 28|0.3 5|24 5 0 -4 -9
2478 大毅|電子零組|-5 3 -11|95 95 22 37|7.2 29|5 -2 0 147 249
2480 敦陽科|資訊服務|9 21 5|97 97 14 41|0.9 36|14 -1 -1 0 25
2481 強茂|半導體業|-6 -2 -3|91 91 53 71|0.6 1781|13 0 2 -17 13
2484 希華|電子零組|-18 5 -3|76 96 12 20|1.1 8|6 -2 0 -10 16
2485 兆赫|通信網路|80 32 66|71 91 14 21|0.6 12|4 -9 0 -0 5
2486 一詮|光電業|9 11 -2|61 95 7 11|0.6 287|7 -1 0 16 26
2488 漢平|其他電子|-27 -17 -39|78 95 2 9|0.8 18|5 -28 0 9 105
2492 華新科|電子零組|2 4 -1|92 92 28 42|7.1 316|10 -4 0 132 129
2493 揚博|電子零組|1 -2 -8|64 64 13 44|1.2 199|2 -11 -0 -8 139
2495 普安|電腦及週|-28 -21 -4|59 87 3 3|2.0 32|8 -10 -0 22 28
2497 怡利電|汽車工業|-17 -8 -20|58 92 32 20|0.5 30|3 -6 0 -25 5
2498 宏達電|通信網路|31 -9 -5|81 81 59 72|0.5 2947|10 1 -0 -6 -3
2501 國建|建材營造|10 66 42|92 97 25 25|0.7 70|9 6 0 13 -34
2504 國產|建材營造|-6 2 -1|68 83 -6 0|0.8 56|10 -6 -4 -2 7
2509 全坤建|建材營造|-49 -81 -91|66 85 13 17|0.6 8|2 -1 0 37 -15
2515 中工|建材營造|-42 -11 -20|81 89 -8 12|0.8 45|12 -14 -0 10 14
2516 新建|建材營造|5 8 -5|60 74 -6 -8|0.7 5|4 -1 0 na na
2520 冠德|建材營造|22 -19 -18|61 67 -28 -19|0.8 132|9 -18 1 -4 28
2524 京城|建材營造|-74 -54 -365|38 80 2 -6|0.6 25|1 -5 -0 4 19
2528 皇普|建材營造|486767 412921 -2705951|61 75 -9 -13|0.5 11|3 -14 0 -4 10
2530 華建|建材營造|-10 -6 -8785|74 88 0 -8|0.6 23|4 -3 -0 -2 -3
2534 宏盛|建材營造|19 110 -208|81 85 -11 -0|0.5 11|7 -2 0 -2 5
2535 達欣工|建材營造|54 53 26|94 94 4 11|0.6 14|8 -12 -3 -10 -34
2536 宏普|建材營造|635 513 -762|84 90 -5 -5|0.4 5|9 4 0 28 -19
2537 聯上發|建材營造|-1 -48 -9222|59 82 -3 3|0.4 14|3 2 0 4 0
2538 基泰|建材營造|-86 -80 -65|65 82 -12 -7|1.2 6|10 -17 0 -1 18
2539 櫻花建|建材營造|5956 na na|71 71 -25 -17|0.6 43|2 -32 -0 -8 138
2540 愛山林|建材營造|-12 69 22|45 66 -28 -28|1.6 124|2 -1 -0 -13 3
2542 興富發|建材營造|8 6 21|78 90 1 5|2.1 370|10 -1 4 -9 13
2543 皇昌|建材營造|17 -11 -2|65 80 -8 -4|0.6 172|2 -10 -3 -4 40
2545 皇翔|建材營造|-89 -53 -136|60 84 5 -10|0.5 46|3 -10 0 0 9
2546 根基|建材營造|103 85 43|94 94 10 18|0.6 12|3 5 0 -6 -26
2547 日勝生|建材營造|4 -15 -4|80 80 -6 -6|0.6 13|17 -16 -0 -0 -21
2548 華固|建材營造|-87 8 30|73 84 -12 -4|0.4 87|12 -11 0 -3 22
2597 潤弘|建材營造|-5 13 -2|80 80 -11 -0|0.6 35|3 -10 -0 -7 16
2603 長榮|航運業|-39 -35 -54|78 78 -9 9|1.0 1449|18 -14 -5 2 8
2605 新興|航運業|-8 -11 1|80 92 7 20|0.8 45|34 6 0 -2 -11
2606 裕民|航運業|17 -7 -5|79 95 14 15|0.6 175|8 7 -2 -11 -19
2609 陽明|航運業|-46 -40 -50|67 67 -20 -6|1.0 747|13 -15 -6 0 14
2610 華航|航運業|-3 -3 -9|80 94 -2 7|0.6 266|18 -3 -7 -1 6
2612 中航|航運業|-1 -2 -15|92 92 24 47|0.8 49|5 2 0 23 -8
2613 中櫃|航運業|-0 3 1|66 74 -6 4|0.8 9|2 -10 0 -8 -13
2614 東森|其他|6 -4 1|96 96 24 34|1.0 37|4 8 0 22 0
2615 萬海|航運業|-40 -35 -59|61 61 -18 14|0.8 414|39 -9 -3 -10 6
2617 台航|航運業|-7 -12 -9|87 94 2 13|0.7 14|5 -6 -0 17 -4
2618 長榮航|航運業|-8 -7 -8|84 92 -2 9|0.7 667|24 -7 -10 -2 10
2630 亞航|航運業|-15 8 3|76 76 63 70|0.4 460|5 -5 0 -10 -28
2633 台灣高鐵|航運業|4 2 -1|98 100 1 10|0.9 48|11 21 -3 -12 -13
2634 漢翔|航運業|-14 -13 -5|84 84 34 25|0.6 2375|5 -0 -0 -9 22
2636 台驊控股|航運業|-40 -33 -49|83 86 -3 14|1.0 13|9 -8 -1 13 -8
2637 慧洋-KY|航運業|-20 -28 -11|73 91 8 12|0.8 162|8 -1 1 -2 -0
2641 正德|航運業|132 63 29|88 92 14 11|0.7 75|8 6 0 2 25
2645 長榮航太|航運業|5 15 -1|80 80 62 79|0.3 1245|14 -2 1 -37 15
2646 星宇航空|航運業|14 17 -20|na 94 -4 1|1.0 122|3 -8 0 -20 77
2707 晶華|觀光餐旅|15 10 5|97 97 3 4|1.0 28|8 27 -2 -5 -18
2718 全心投控|建材營造|503 599 -12|59 100 31 24|0.7 7|1 6 0 19 43
2723 美食-KY|觀光餐旅|-9 -7 -5|72 80 -13 -17|1.3 22|47 -41 0 5 55
2727 王品|觀光餐旅|7 2 -1|91 91 -1 12|0.5 74|26 14 -3 14 -59
2731 雄獅|觀光餐旅|-7 -5 -15|91 91 5 46|0.3 92|24 12 -3 -7 -16
2743 山富|觀光餐旅|-7 1 5|86 86 -5 52|0.2 34|2 -2 0 -21 1
2745 五福|觀光餐旅|21 11 -6|78 78 -14 39|0.2 35|3 -5 0 -8 50
2753 八方雲集|觀光餐旅|9 7 -4|96 96 11 17|1.1 91|14 5 -2 21 1
2754 亞洲藏壽司|觀光餐旅|-2 7 -1|96 96 18 40|1.3 5|69 1 0 7 -7
2755 揚秦|觀光餐旅|17 18 -2|90 90 13 36|0.5 13|1 -20 0 -41 41
2756 聯發國際|觀光餐旅|101 92 43|72 72 -10 24|0.5 7|1 1 0 na -29
2801 彰銀|金融保險|-1 11 2|99 99 3 16|0.8 302|18 10 -1 35 -10
2812 台中銀|金融保險|17 4 -0|97 97 3 19|0.9 133|11 23 -1 -2 -14
2820 華票|金融保險|-6 47 3|96 96 7 15|0.5 15|9 8 1 -28 -9
2832 台產|金融保險|15 -0 -1|97 97 19 20|1.6 24|5 13 0 8 -31
2834 臺企銀|金融保險|3 4 -0|96 96 2 13|0.8 172|19 28 -3 -25 -30
2836 高雄銀|金融保險|12 8 -9|97 97 -0 9|0.6 10|7 9 -0 -12 -10
2838 聯邦銀|金融保險|9 8 6|100 100 3 11|1.2 29|4 24 -0 -60 17
2845 遠東銀|金融保險|-1 -2 2|92 92 -2 0|0.7 96|9 -18 -1 18 8
2850 新產|金融保險|7 8 4|100 100 22 18|1.4 46|10 20 -10 -52 -4
2851 中再保|金融保險|55 17 20|91 98 8 0|0.7 16|3 24 0 -29 -14
2852 第一保|金融保險|2 -3 -1|94 96 0 4|0.4 8|6 14 -1 -9 -11
2855 統一證|金融保險|98 32 -21|87 100 9 13|1.2 64|9 16 2 -25 -28
2880 華南金|金融保險|14 7 3|99 99 8 15|0.8 301|17 16 11 -34 55
2881 富邦金|金融保險|1443 470 293|97 98 7 16|1.1 1387|16 2 -0 -12 -7
2882 國泰金|金融保險|115 -7 -13|98 99 6 27|0.8 1118|18 20 -0 -7 -9
2883 凱基金|金融保險|481 178 763|84 88 -2 1|1.6 639|24 -14 -7 26 75
2884 玉山金|金融保險|7 12 -1|97 97 2 24|0.9 797|34 9 -6 -12 20
2885 元大金|金融保險|41 3 -11|98 99 10 21|1.1 600|25 3 9 -13 5
2886 兆豐金|金融保險|2 2 6|99 99 5 15|0.9 517|21 25 4 -44 -34
2887 台新新光金|金融保險|78 29 2|100 100 20 23|0.7 1020|23 28 2 -27 -27
2889 國票金|金融保險|46 16 15|90 90 -2 20|0.2 42|9 -18 4 -16 -11
2890 永豐金|金融保險|22 11 -2|99 99 6 24|1.0 770|26 9 1 -39 -39
2891 中信金|金融保險|118 41 8|99 99 1 21|0.8 1033|32 3 3 -21 4
2892 第一金|金融保險|3 9 3|100 100 4 18|0.8 343|25 8 1 -67 98
2903 遠百|貿易百貨|1 -2 1|86 97 3 5|1.0 39|10 23 0 42 -31
2905 三商|貿易百貨|140 -7 -76|65 89 -1 5|0.8 6|4 -21 0 2 -10
2908 特力|貿易百貨|-1 -7 -3|98 98 2 8|0.6 6|2 -4 0 4 -14
2912 統一超|貿易百貨|2 2 -3|85 95 -2 2|1.0 222|20 -12 -10 2 -7
2913 農林|貿易百貨|-18 -6 -32|61 76 -11 -8|0.9 16|6 -13 0 -4 1
2915 潤泰全|貿易百貨|-23 -20 -25|66 94 -3 0|0.7 76|7 -13 -1 0 3
3003 健和興|電子零組|-14 -5 -9|55 90 6 7|1.2 18|3 -14 0 2 11
3004 豐達科|鋼鐵工業|16 15 3|84 84 5 67|0.5 206|3 -1 1 -15 17
3005 神基|電腦及週|9 11 3|95 95 37 81|0.9 777|23 22 -4 -25 14
3006 晶豪科|半導體業|-2 2 5|89 89 44 53|1.9 817|12 -2 -0 19 50
3008 大立光|光電業|-15 -4 -15|86 97 9 20|0.9 1194|32 -4 -3 -0 7
3010 華立|電子通路|-12 -10 -14|75 88 -3 13|0.8 52|10 3 -3 -8 -7
3011 今皓|電子零組|-58 -46 -28|45 87 9 23|0.5 13|5 5 0 1 5
3013 晟銘電|電腦及週|1 -21 -53|69 86 -5 31|0.3 366|4 -3 -0 -8 16
3014 聯陽|半導體業|-9 3 -9|88 96 3 19|1.0 77|25 0 -2 10 7
3015 全漢|電子零組|-3 18 7|79 88 -1 20|0.8 19|10 1 -0 1 -2
3016 嘉晶|半導體業|-9 -10 -2|92 92 80 93|3.1 408|1 -1 0 26 16
3017 奇鋐|電腦及週|92 87 30|90 90 36 176|1.1 7659|50 -6 -1 16 18
3019 亞光|光電業|2 7 -16|77 92 26 35|0.3 1600|8 -2 -0 -21 12
3022 威強電|電腦及週|-35 -16 -15|61 83 -8 -3|0.6 33|16 -10 -1 2 27
3023 信邦|電子零組|-12 -9 -10|74 94 7 15|0.7 284|36 -19 3 31 53
3024 憶聲|光電業|2 -4 -105|62 86 2 -1|1.8 14|4 2 0 8 4
3025 星通|通信網路|-55 -52 -43|52 81 -6 -5|0.5 13|2 -17 0 -4 114
3026 禾伸堂|電子零組|-1 -4 -10|97 97 24 31|3.5 61|12 -0 0 671 114
3027 盛達|通信網路|-50 -24 -44|63 63 -17 2|0.7 6|4 -3 0 -3 -4
3028 增你強|電子通路|11 13 6|92 92 -1 8|0.6 7|8 -3 0 -40 7
3029 零壹|資訊服務|41 41 -14|75 92 18 11|0.5 148|6 1 0 -6 -1
3030 德律|其他電子|43 43 5|86 86 29 109|0.6 484|15 -3 3 -17 21
3031 佰鴻|光電業|6 -11 -4|85 97 23 32|0.7 10|2 -0 0 11 6
3032 偉訓|電子零組|96 99 68|85 85 17 90|0.2 119|9 -6 -0 4 14
3033 威健|電子通路|5 6 -24|81 81 -12 -4|0.4 37|7 -14 -2 -10 11
3034 聯詠|半導體業|-16 -9 -9|78 80 -19 -13|1.4 1191|30 -6 -15 26 3
3035 智原|半導體業|-7 5 -61|57 72 -15 -17|1.2 511|8 -4 0 11 33
3036 文曄|電子通路|23 1 -22|100 100 13 86|1.5 528|15 29 -7 -7 -33
3037 欣興|電子零組|5 14 -1|89 97 36 103|0.5 3395|33 13 2 -2 -49
3038 全台|光電業|-8 -12 2|79 87 -2 8|1.1 5|7 15 -1 2 -2
3040 遠見|其他|-25 -5 -1|87 87 5 65|0.3 56|2 -3 0 6 14
3041 揚智|半導體業|-52 -57 -35|69 87 10 22|0.9 30|9 -2 0 -7 -17
3042 晶技|電子零組|-5 -2 -12|79 92 5 15|1.1 167|12 -4 -1 70 5
3044 健鼎|電子零組|4 6 -6|91 91 29 93|0.7 937|42 4 -11 0 62
3045 台灣大|通信網路|-2 -2 -4|95 95 -0 -5|1.1 557|15 2 -3 -12 26
3046 建碁|電腦及週|-22 -16 -11|76 88 -4 17|0.8 6|3 1 -0 -9 8
3047 訊舟|通信網路|-71 -67 -70|49 79 0 4|0.4 42|2 -7 0 -15 32
3048 益登|電子通路|-10 -5 -12|86 86 58 87|2.3 389|2 -4 0 -5 205
3050 鈺德|光電業|-1 -4 -6|65 92 0 10|0.8 7|9 -2 0 -6 8
3051 力特|光電業|-13 -8 -20|67 72 -7 -4|1.3 9|2 -10 -1 -11 22
3052 夆典|建材營造|29 34 19|82 82 -17 6|0.5 6|4 -3 0 -12 14
3055 蔚華科|電子通路|-42 -36 1|69 85 -9 31|0.7 19|1 -5 0 3 11
3056 富華新|建材營造|8 89 -14279|52 55 -38 -39|0.5 42|4 -12 -1 15 24
3058 立德|電子零組|-6 -9 -2|59 82 21 11|0.5 10|3 -2 0 -0 na
3059 華晶科|光電業|26 23 11|81 81 36 67|0.4 1181|17 -0 -0 -17 58
3060 銘異|電腦及週|-6 -6 -21|84 93 22 16|3.0 22|7 -6 0 10 80
3062 建漢|通信網路|-27 13 -6|60 84 -2 20|0.4 33|9 -4 0 -1 3
3071 協禧|電腦及週|-14 -14 -11|72 85 37 31|0.4 7|1 2 0 -39 -5
3073 天方能源|綠能環保|504 202 103|50 75 -8 52|0.3 5|1 -1 0 7 6
3078 僑威|電子零組|2 21 1|87 88 2 23|0.3 127|24 7 -13 3 -20
3081 聯亞|通信網路|73 75 19|86 91 44 107|0.1 908|18 -5 5 2 52
3086 華義*|文化創意|-23 20 21|57 85 -6 18|1.3 8|38 -4 0 2 101
3088 艾訊|電腦及週|-5 -4 -15|56 78 -2 -15|0.7 26|10 -17 -0 -0 12
3090 日電貿|電子零組|23 26 -3|92 92 4 42|1.0 89|8 9 -1 22 -50
3094 聯傑|半導體業|38 11 2|77 94 9 24|0.7 5|2 -6 0 8 44
3105 穩懋|半導體業|-1 -10 9|68 95 10 19|1.1 335|16 6 -1 -6 -31
3122 笙泉|半導體業|-18 -20 -12|66 87 -13 22|0.3 8|3 5 0 -10 -17
3128 昇銳|光電業|-14 -9 -27|67 67 -30 61|0.2 17|1 -1 0 12 15
3130 一零四|數位雲端|4 8 0|97 97 3 9|0.9 5|22 -18 -0 -40 7
3131 弘塑|半導體業|45 61 16|80 89 -0 79|1.5 1527|27 4 -3 na -13
3138 耀登|通信網路|2 -2 3|76 88 12 28|2.9 13|2 1 0 21 -10
3141 晶宏|半導體業|4 17 12|47 73 -12 -8|0.9 21|7 -5 0 -11 81
3147 大綜|資訊服務|-10 27 -62|72 72 6 27|0.7 72|1 -2 -2 -7 7
3149 正達|光電業|-21 -19 -26|94 98 43 60|1.4 225|5 0 0 47 5
3152 璟德|通信網路|-22 -19 -14|70 90 14 21|0.5 19|13 -4 -1 -7 14
3162 精確|電機機械|38 54 -53|77 77 23 28|0.5 81|57 -13 0 -15 3
3163 波若威|通信網路|33 20 25|90 90 31 75|0.5 2595|7 -2 -0 -13 10
3167 大量|電機機械|113 124 -3|79 79 46 175|0.3 592|4 -4 -2 -31 24
3169 亞信|半導體業|21 10 4|84 91 17 19|0.7 18|2 3 -0 -16 2
3171 炎洲流通|居家生活|66 46 32|96 96 40 66|0.6 6|0 1 0 34 68
3188 鑫龍騰|建材營造|328 146 158|68 90 -2 17|0.6 6|1 -5 0 -13 1
3189 景碩|半導體業|20 26 4|92 93 22 59|0.4 614|15 1 1 6 13
3205 佰研|生技醫療|-10 -2 -2|89 89 9 147|0.8 18|8 -1 0 13 10
3207 耀勝|電子零組|33 21 -19|49 83 6 -2|0.7 18|4 3 0 2 -6
3209 全科|電子通路|-19 -22 -20|78 87 -9 4|0.4 12|4 -8 -1 -6 -8
3211 順達|電腦及週|1 -4 17|92 92 58 162|0.7 2641|20 -0 -2 -17 46
3213 茂訊|電腦及週|37 20 19|84 88 7 34|0.3 120|9 7 -0 -26 -57
3217 優群|電子零組|2 11 -14|96 96 18 48|0.5 139|14 2 2 -1 3
3218 大學光|生技醫療|-8 -6 -7|63 72 -20 -10|1.1 24|8 -23 -0 -13 20
3219 倚強科|其他電子|111 49 2|74 74 59 215|0.4 80|2 -3 0 2 29
3227 原相|半導體業|-3 -5 -26|86 97 15 29|1.7 1353|20 -8 4 70 45
3228 金麗科|半導體業|-17 -33 -9|57 80 -3 17|1.5 50|6 4 -0 na -89
3230 錦明|光電業|-24 -27 -9|77 77 60 37|0.3 157|3 2 0 2 2
3231 緯創|電腦及週|92 117 47|100 100 24 84|3.1 3868|33 15 4 26 -27
3234 光環|通信網路|15 11 2|57 87 0 7|0.5 27|2 -4 0 na na
3257 虹冠電|半導體業|42 38 39|87 87 14 64|0.7 317|2 -3 0 14 84
3264 欣銓|半導體業|8 4 7|95 95 12 32|1.0 656|37 14 -1 -19 -1
3265 台星科|半導體業|8 17 4|83 92 4 23|0.6 29|3 0 -3 -14 1
3284 太普高|其他|-30 -48 -34|56 84 3 -1|0.3 7|0 -1 0 41 51
3289 宜特|其他電子|1 18 2|63 89 17 24|0.8 67|6 -12 0 1 9
3290 東浦|電子零組|16 11 -2|78 96 16 -0|0.9 17|4 10 0 -10 69
3293 鈊象|文化創意|13 16 -10|75 93 -1 2|1.0 1173|25 5 0 7 -4
3294 英濟|電子零組|-13 -7 7|78 78 26 91|0.2 438|6 -2 0 -8 13
3297 杭特|光電業|24 33 27|76 76 -21 74|0.2 71|1 -0 0 -9 18
3303 岱稜|其他電子|-15 -3 -9|73 97 9 31|0.8 20|4 -1 0 -15 11
3305 昇貿|其他電子|21 18 -22|70 70 99 125|0.6 2804|6 -1 0 -24 -14
3306 鼎天|通信網路|19 25 30|84 84 48 49|0.4 33|2 4 0 -33 -7
3311 閎暉|通信網路|-4 -2 -10|83 83 14 -8|0.2 23|1 0 0 -12 48
3312 弘憶股|電子通路|2 9 -10|56 77 -10 9|0.8 38|2 6 0 -7 -11
3313 斐成|建材營造|-70 -32 32|96 96 36 53|6.0 25|1 0 0 402 130
3317 尼克森|半導體業|-8 3 -12|100 100 44 68|4.1 69|3 -3 0 50 344
3323 加百裕|電腦及週|11 0 8|92 92 56 103|0.4 191|12 3 0 86 -62
3324 雙鴻|其他電子|32 19 -11|92 92 32 78|1.1 6288|20 4 0 4 -48
3325 旭品|電腦及週|-16 -16 1|72 88 8 42|0.8 6|2 10 0 -21 -35
3338 泰碩|電子零組|-9 -9 -6|80 84 14 38|0.4 27|2 6 0 -1 -15
3339 泰谷|光電業|34 66 40|75 75 -10 22|0.3 27|1 -1 0 3 13
3346 麗清|汽車工業|-11 -14 -14|58 81 -4 -3|0.8 7|3 5 0 -9 -35
3356 奇偶|光電業|-8 -14 -1|78 80 7 22|1.6 21|5 3 0 1 -35
3357 臺慶科|電子零組|12 9 -19|96 96 38 39|1.5 43|13 -1 -1 15 21
3362 先進光|光電業|-11 -1 -6|44 77 -7 -7|1.0 55|4 -3 0 4 8
3363 上詮|通信網路|43 36 -2|92 92 30 128|0.9 788|12 -2 0 -32 31
3372 典範|半導體業|20 20 16|76 91 16 29|0.6 7|1 1 0 -6 -87
3374 精材|半導體業|-5 -16 -17|60 90 -5 12|0.5 283|7 18 -0 -12 -37
3376 新日興|電子零組|-26 -22 -19|91 99 30 45|1.1 920|31 5 0 7 -23
3379 彬台|電機機械|49 18 -107|70 70 -16 22|0.3 24|1 6 0 -2 -11
3380 明泰|通信網路|19 13 18|77 87 4 22|4.3 73|6 -11 -0 21 104
3402 漢科|其他電子|-0 -7 -5|89 89 42 74|0.9 190|7 1 -0 -19 -5
3406 玉晶光|光電業|2 5 12|85 92 7 35|0.5 490|26 -7 -1 3 -2
3413 京鼎|半導體業|13 23 -17|85 93 1 49|1.1 307|22 3 1 2 -27
3416 融程電|電腦及週|19 37 16|88 88 22 45|0.3 235|5 1 0 -41 -33
3430 奇鈦科|化學工業|36 11 0|91 100 68 91|6.9 78|1 -1 0 63 40
3434 哲固|光電業|-20 -12 -27|50 50 -25 -30|0.4 11|2 -11 0 0 137
3437 榮創|光電業|-38 -28 -11|54 89 6 3|0.8 8|5 -3 0 -7 15
3443 創意|半導體業|42 3 1|92 96 6 45|1.1 2931|24 2 -0 30 -10
3444 利機|電子通路|0 -3 -19|63 83 18 11|0.5 14|11 -2 0 13 19
3447 展達|通信網路|61 39 -33|69 82 32 47|0.3 65|2 -2 0 -18 10
3450 聯鈞|半導體業|-10 -1 -54|82 99 44 48|2.4 5030|13 1 1 23 -2
3454 晶睿|光電業|-24 5 -13|60 75 -14 -15|0.8 9|3 -16 0 -5 7
3455 由田|光電業|9 5 4|69 89 13 21|0.5 79|6 1 0 14 11
3466 德晉|通信網路|-54 -41 14|53 87 10 36|2.2 61|11 -1 0 -13 25
3479 安勤|電腦及週|-1 5 -3|94 94 18 27|0.8 61|8 1 -3 17 -2
3481 群創|光電業|1 3 -1|97 100 26 22|2.2 784|24 7 -0 6 -26
3483 力致|電腦及週|3 5 -0|71 93 11 28|0.5 68|7 -6 -1 0 16
3484 崧騰|電子零組|-5 1 -23|74 91 12 17|0.4 11|7 -7 0 -6 21
3490 單井|光電業|-10 -1 3|66 96 26 24|1.4 6|1 -0 0 -1 25
3491 昇達科|通信網路|-17 -33 -54|94 98 39 25|0.6 941|15 4 0 -11 -3
3498 陽程|其他電子|-30 98 -77|66 84 35 46|0.3 37|3 -4 0 5 11
3501 維熹|電子零組|-18 -15 -14|77 93 -5 3|0.6 6|4 -19 0 -2 8
3504 揚明光|光電業|-3 -1 -8|79 94 33 36|0.5 24|5 2 0 25 -7
3515 華擎|電腦及週|66 52 -34|86 86 2 86|0.9 259|16 5 0 25 -32
3518 柏騰|其他電子|-4 -17 -10|64 83 31 28|0.7 15|6 4 0 -17 29
3526 凡甲|電子零組|0 11 -24|93 96 14 18|0.8 94|14 3 -4 -18 -23
3527 聚積|半導體業|-2 -17 0|80 89 -5 11|0.6 6|5 1 0 2 11
3528 安馳|電子通路|81 66 27|79 79 -4 23|0.2 25|3 3 0 -7 49
3529 力旺|半導體業|-13 -2 -8|58 77 -15 -8|1.1 1624|56 -8 -4 -9 10
3530 晶相光|半導體業|-16 -15 -16|62 95 11 16|0.9 23|40 -6 0 -4 79
3532 台勝科|半導體業|2 -4 4|75 82 33 50|1.3 307|48 0 2 15 9
3533 嘉澤|電子零組|-2 8 -12|78 89 17 36|0.5 1050|37 -2 2 -28 -8
3535 晶彩科|光電業|-49 -78 -198|98 98 53 176|0.5 865|8 1 0 25 19
3540 曜越|電腦及週|65 49 27|84 87 14 40|0.7 12|4 -0 0 -19 -25
3543 州巧|光電業|-17 -11 -13|89 89 61 126|0.4 67|4 -1 0 37 41
3545 敦泰|半導體業|-16 -12 -12|73 93 2 18|1.2 111|18 -11 -0 -12 63
3546 宇峻|文化創意|12 7 7|73 73 -13 13|0.5 23|7 5 0 3 -17
3548 兆利|電子零組|-2 -5 -14|50 79 -1 -6|0.8 50|1 -10 -4 -6 35
3551 世禾|綠能環保|14 10 -3|91 91 3 81|0.4 105|4 -1 0 -10 3
3552 同致|其他電子|1 2 11|65 92 26 18|0.3 12|11 3 0 -2 -13
3555 博士旺|半導體業|491 759 565|96 96 117 143|1.7 11|3 3 0 na na
3558 神準|通信網路|16 36 8|63 80 -3 -1|1.3 77|4 -22 -1 4 43
3563 牧德|光電業|150 162 -6|82 82 4 34|0.4 581|15 -1 -2 -4 -16
3564 其陽|通信網路|-14 -3 -21|53 73 -15 18|0.6 8|2 5 0 -5 0
3570 大塚|資訊服務|28 19 -18|73 73 -1 16|0.5 6|46 -18 0 na 13
3577 泓格|電腦及週|-32 -7 -24|67 67 -16 37|0.2 20|4 5 0 -14 3
3580 友威科|其他電子|-27 -28 -8|58 87 -2 20|0.6 25|4 -5 0 -5 -22
3581 博磊|半導體業|22 3 2|70 100 59 79|2.1 21|9 3 0 9 7
3583 辛耘|半導體業|3 16 -9|77 90 15 74|2.6 529|12 5 1 -21 -11
3587 閎康|其他電子|11 10 4|72 96 33 39|0.6 221|7 -0 1 -3 18
3588 通嘉|半導體業|-25 -24 -23|58 92 16 22|2.1 39|1 -7 0 10 218
3591 艾笛森|光電業|-17 -14 -21|66 92 6 4|1.1 6|3 -4 0 3 -10
3592 瑞鼎|半導體業|-11 -11 -12|74 77 -20 -2|1.3 62|12 -16 -8 11 14
3594 磐儀|電腦及週|44 41 7|68 94 14 10|1.2 9|3 3 0 -10 8
3596 智易|通信網路|16 13 12|88 88 10 15|0.7 96|48 -8 -2 -20 -6
3605 宏致|電子零組|6 5 -16|87 87 28 68|0.3 333|15 0 0 -10 45
3609 三一東林|電子零組|-7 72 38|84 92 0 19|2.9 8|2 -1 0 0 na
3615 安可|光電業|-8 8 14|61 87 8 29|0.6 9|3 2 0 -4 4
3617 碩天|其他電子|-17 -8 -10|56 76 -18 -6|0.5 52|9 -1 -10 -6 -11
3622 洋華|光電業|-25 6 9|77 97 10 28|1.1 12|3 3 0 -6 3
3624 光頡|電子零組|-7 1 -2|73 93 28 47|1.0 13|42 3 0 1 -6
3625 西勝|電腦及週|-16 -17 14|93 93 69 96|1.7 44|10 5 0 na na
3628 盈正|其他電子|23 15 2|99 99 64 85|8.4 14|3 2 0 50 108
3630 新鉅科|光電業|13 15 1|80 80 59 83|0.4 135|41 1 0 -19 9
3645 達邁|電子零組|0 -2 -27|82 86 21 50|0.2 397|9 1 -0 -7 3
3653 健策|電子零組|40 43 -6|98 98 70 197|1.4 4412|28 9 -8 -36 -5
3661 世芯-KY|半導體業|-50 -45 -47|81 81 6 61|1.1 6398|57 -4 -5 7 27
3663 鑫科|其他電子|-3 0 -77|51 75 -21 16|0.3 25|0 -1 0 -2 6
3665 貿聯-KY|其他電子|27 23 -1|92 92 22 155|0.6 2903|45 -1 2 -47 24
3673 TPK-KY|光電業|-19 -18 -10|85 95 32 40|0.6 74|39 14 0 -2 -2
3675 德微|半導體業|-8 -9 -12|47 87 12 11|1.0 161|52 -4 0 3 61
3680 家登|半導體業|-13 -17 -26|58 88 4 -7|1.3 376|12 0 -1 -1 3
3685 元創精密|電機機械|-48 -9 1|100 100 181 185|1.3 24|1 3 0 -77 -100
3686 達能|半導體業|67 20 10|74 95 22 56|1.7 7|1 1 0 na na
3687 歐買尬|數位雲端|2 4 -0|64 95 4 22|2.5 7|7 8 0 9 -6
3689 湧德|電子零組|3 7 -12|85 85 13 42|0.4 172|6 -7 0 -4 11
3691 碩禾|光電業|-12 -21 -10|69 77 13 32|0.4 35|2 4 0 -4 -0
3693 營邦|電腦及週|-52 -38 -39|63 71 -24 -5|0.6 42|1 -4 0 7 16
3694 海華|通信網路|40 31 14|77 77 44 99|0.8 190|13 -6 -0 36 31
3701 大眾控|電腦及週|-31 -25 -11|80 84 26 45|0.5 69|4 -3 0 -33 2
3702 大聯大|電子通路|-7 7 -19|87 92 -3 18|0.9 245|26 18 -20 28 0
3703 欣陸|建材營造|-17 -14 -11|72 93 1 -3|0.9 14|21 -9 0 12 9
3704 合勤控|通信網路|9 2 -5|79 85 25 19|0.6 218|10 -1 0 -20 78
3705 永信|生技醫療|-19 -2 -12|88 88 -2 2|1.2 24|8 -15 -0 -5 13
3706 神達|電腦及週|21 65 -59|91 91 37 95|0.8 4702|11 -6 -1 30 186
3707 漢磊|半導體業|0 -1 8|87 87 78 80|1.5 1611|5 -0 0 3 17
3708 上緯投控|綠能環保|-14 -1 -6|86 86 83 117|2.0 431|4 -5 0 19 54
3709 鑫聯大投控|電腦及週|13 48 -13|91 91 28 50|1.2 86|6 14 0 -7 -20
3711 日月光投控|半導體業|7 4 -2|92 93 13 34|1.2 2833|73 11 -1 32 -14
3712 永崴投控|電腦及週|1 53 2|49 68 -20 -13|0.5 24|1 -7 -0 -5 10
3713 新晶投控|綠能環保|-24 8 31|84 84 6 29|0.8 8|0 0 0 na na
3714 富采|光電業|-19 -18 -12|79 97 13 24|1.1 98|14 -1 -2 11 -20
3715 定穎投控|電子零組|-2 5 -2|84 84 97 157|0.5 2248|25 -0 -1 8 -31
4104 佳醫|生技醫療|7 8 3|97 97 2 3|0.8 13|4 -10 0 110 17
4105 東洋|生技醫療|3 5 -5|98 98 4 11|2.3 23|21 20 -0 13 -20
4107 邦特|生技醫療|-11 -6 -6|93 96 6 9|1.3 6|8 -2 0 -2 -18
4111 濟生|生技醫療|17 27 4|93 93 5 15|0.3 5|4 -14 0 7 8
4113 聯上|建材營造|-84 -94 -304395|56 91 23 21|0.5 7|1 -3 0 5 5
4114 健喬|生技醫療|2 18 2|87 87 7 22|0.5 33|7 -9 0 -4 13
4119 旭富|生技醫療|-66 -42 -48|63 84 -7 -16|0.8 5|6 -4 0 -3 6
4120 友華|生技醫療|-2 0 0|86 89 -8 16|0.4 7|7 5 0 -21 17
4123 晟德|生技醫療|-37 -15 -15|76 93 6 13|1.0 42|10 -6 -0 -2 12
4128 中天|生技醫療|9 12 2|54 80 1 -0|0.7 28|6 -11 0 11 18
4129 聯合|生技醫療|40 30 8|98 98 23 49|1.0 38|15 0 0 -8 4
4130 健亞|生技醫療|-11 -5 -3|94 99 25 16|2.2 6|1 -0 0 24 -3
4137 麗豐-KY|生技醫療|-2 -4 9|73 90 0 2|1.4 8|58 10 0 4 -8
4142 國光生|生技醫療|-61 -18 -194|70 96 17 5|1.8 26|5 10 -0 1 -3
4147 中裕|生技醫療|1 3 10|76 79 -13 2|0.8 40|9 -8 -14 -1 -11
4162 智擎|生技醫療|-15 -9 -102|61 79 0 -13|0.7 27|5 -3 0 -3 4
4164 承業醫|生技醫療|11 29 6|84 94 10 27|0.5 64|29 0 0 -6 -7
4167 松瑞藥|生技醫療|-12 6 6|81 83 -3 13|0.8 10|11 -6 0 -3 -16
4168 醣聯|生技醫療|17089 na na|82 82 4 48|0.8 13|6 0 0 -14 -100
4173 久裕|生技醫療|17 24 1|97 99 14 17|1.4 6|5 8 0 -10 -1
4174 浩鼎|生技醫療|-82 -67 -43|33 54 -17 -43|0.7 27|7 11 0 -15 7
4207 環泰|食品工業|-19 -13 -7|100 100 19 24|0.8 6|2 21 0 -30 38
4303 信立|塑膠工業|551 543 89|90 90 20 39|0.8 296|5 -0 0 7 42
4306 炎洲|塑膠工業|-21 -33 -17|75 90 -4 -4|0.6 15|5 -28 0 9 62
4417 金洲|紡織纖維|-21 -13 -34|92 92 8 20|0.3 8|5 -5 0 -17 -2
4438 廣越|紡織纖維|20 4 -12|66 83 -7 -13|1.0 7|1 4 0 8 4
4442 竣邦-KY|紡織纖維|41 57 22|82 82 10 26|2.3 6|65 -6 0 na 132
4503 金雨|電機機械|194 234 126|85 89 7 41|0.4 35|4 2 0 -1 7
4506 崇友|電機機械|31 29 3|99 99 21 28|1.1 8|2 13 0 26 -18
4510 高鋒|電機機械|-8 -18 0|73 80 -0 9|0.3 76|2 -1 0 -12 3
4513 福裕|電機機械|70 3 16|28 80 4 -12|0.6 14|2 -8 0 5 5
4526 東台|電機機械|-20 -9 -6|89 90 35 65|0.3 248|4 -4 0 -34 10
4532 瑞智|電機機械|-22 -23 -35|77 77 -2 -5|1.0 28|20 -14 -0 -0 -10
4533 協易機|電機機械|4 6 -23|53 82 -6 -8|0.7 14|4 3 0 -9 6
4536 拓凱|運動休閒|-7 1 -20|88 99 7 27|0.8 55|19 2 -0 -1 0
4540 全球傳動|電機機械|26 32 20|66 83 14 13|0.5 62|5 5 0 -17 -8
4541 晟田|其他|13 10 -18|78 78 21 20|0.3 251|4 -2 0 -19 22
4542 科嶠|電子零組|50 91 89|55 88 4 5|1.1 8|6 -1 0 -10 -3
4545 銘鈺|電子零組|-19 -6 -17|49 80 12 19|1.8 6|31 -3 0 13 17
4549 桓達|電機機械|-11 0 5|55 82 -2 14|0.4 17|1 -12 -1 8 15
4551 智伸科|汽車工業|-17 -11 -24|80 80 7 60|0.3 126|50 -8 2 -15 74
4555 氣立|電機機械|4 7 -6|87 87 28 36|0.4 27|3 8 0 -13 -2
4557 永新-KY|汽車工業|-12 -7 -31|49 64 -32 -24|2.5 24|34 -2 0 -5 41
4561 健椿|電機機械|-32 -18 5|47 70 -4 -5|0.4 7|0 -3 0 -0 -0
4562 穎漢|電機機械|-6 2 -11|59 70 -20 13|0.3 20|2 7 0 -2 4
4563 百德|電機機械|-32 -36 -34|44 76 -6 -11|0.8 11|3 -1 0 -6 9
4564 元翎|電機機械|-31 -28 -46|77 91 22 8|0.6 49|2 -2 0 7 30
4566 時碩工業|電機機械|-12 -9 -19|58 81 -6 1|0.5 27|1 -1 0 -2 11
4569 六方科-KY|汽車工業|-3 24 -0|51 69 7 28|0.5 12|67 -6 0 -3 24
4571 鈞興-KY|電機機械|13 5 -6|65 84 6 35|0.5 103|60 -5 -2 -3 -2
4572 駐龍|電機機械|-28 -26 -10|88 89 1 -4|0.5 26|48 -12 0 -9 -5
4576 大銀微系統|電機機械|4 15 -6|69 83 3 16|0.6 118|0 -5 0 -1 14
4577 達航科技|其他電子|7 15 -41|91 91 88 120|1.8 59|0 -1 0 58 42
4580 捷流閥業|電機機械|-5 3 -1|92 92 20 14|0.8 15|3 -2 0 173 25
4583 台灣精銳|電機機械|-20 -12 -15|70 77 -14 14|0.6 170|2 2 -3 -7 3
4714 永捷|化學工業|115 123 1|93 93 19 42|2.0 203|3 1 0 29 -10
4716 大立|化學工業|-16 -18 -18|55 99 29 14|3.5 14|1 -6 0 50 23
4721 美琪瑪|化學工業|-4 26 12|81 81 14 55|0.3 67|2 -0 0 -32 2
4722 國精化|化學工業|-17 -11 -8|100 100 206 309|2.9 1437|7 -2 0 89 63
4726 永昕|生技醫療|-34 -12 -34|73 93 -1 22|0.7 7|21 4 0 -4 -100
4729 熒茂|光電業|-1 2 -8|68 87 8 23|0.3 16|0 -1 0 -18 9
4736 泰博|生技醫療|-26 -11 -10|80 89 3 -3|0.6 20|7 -2 0 4 -23
4737 華廣|生技醫療|0 -7 -10|79 79 -15 22|0.4 5|23 5 0 6 -7
4739 康普|化學工業|116 54 42|93 93 37 60|2.2 99|3 -2 -0 34 5
4743 合一|生技醫療|-11 29 9|47 87 17 19|0.7 221|6 -12 0 7 33
4744 皇將|生技醫療|-26 29 24|90 90 46 57|0.5 27|7 5 0 2 60
4746 台耀|生技醫療|8 6 -1|67 96 4 28|1.0 31|12 8 0 -14 3
4747 強生製藥|生技醫療|-23 -13 -5|85 94 14 12|1.7 6|1 0 0 -13 -27
4749 新應材|半導體業|22 20 na|na 97 56 117|1.3 2198|9 -3 -0 -3 293
4755 三福化|化學工業|-12 -10 -18|89 94 11 41|0.6 16|21 2 2 -17 -2
4760 勤凱科技|其他電子|18 21 -31|86 86 69 108|1.3 94|3 -2 0 -41 -4
4763 材料*-KY|化學工業|-41 -25 -35|55 63 -26 -31|0.8 498|48 -5 -1 -2 8
4766 南寶|化學工業|-4 -4 -10|89 89 30 34|0.7 681|16 -5 -0 -13 214
4768 晶呈科技|化學工業|31 -18 -16|88 96 111 95|0.9 208|3 -1 -0 40 22
4770 上品|化學工業|28 -5 -1|81 93 20 34|0.4 217|8 3 -4 -34 -4
4771 望隼|生技醫療|2 20 13|77 86 0 1|0.7 15|4 -10 0 -17 47
4772 台特化|化學工業|257 112 63|na 94 45 83|1.0 836|8 3 -0 -12 -61
4903 聯光通|通信網路|89 138 82|55 80 33 27|0.3 17|0 1 0 -3 50
4904 遠傳|通信網路|7 2 -2|99 100 5 1|1.3 458|19 38 -6 150 -9
4906 正文|通信網路|-50 -51 -29|65 93 2 8|0.8 45|17 0 -0 -1 0
4908 前鼎|通信網路|49 29 30|75 92 21 34|0.3 66|3 -1 0 -3 13
4909 新復興|通信網路|-93 -93 -149|29 68 -19 -16|0.6 35|2 5 0 -5 -13
4912 聯德控股-KY|電子零組|2 -9 -20|47 85 4 -3|1.6 13|27 -18 0 3 -42
4915 致伸|電子零組|-9 -3 -3|84 94 6 24|0.6 103|47 -8 -6 4 12
4916 事欣科|電腦及週|-8 -8 3|89 89 61 88|0.2 656|3 -1 0 1 41
4919 新唐|半導體業|-14 -10 -2|60 82 -13 -5|0.6 238|7 -7 0 14 53
4927 泰鼎-KY|電子零組|-8 -14 -13|45 88 21 13|1.5 167|16 6 0 49 38
4931 新盛力|電腦及週|38 6 -23|91 91 67 132|0.7 613|13 -2 -1 10 45
4933 友輝|光電業|-8 5 -11|76 77 -12 -9|0.4 12|7 -22 -0 -6 17
4934 太極|光電業|-49 -74 7|86 95 56 76|2.9 38|1 -2 0 -40 -100
4935 茂林-KY|光電業|-30 -26 -22|64 90 19 15|0.4 5|27 -4 0 18 -13
4938 和碩|電腦及週|-26 -12 -10|70 84 -11 -1|1.6 469|29 9 -21 78 -15
4939 亞電|電子零組|-15 -13 -5|87 87 15 39|3.4 60|2 -2 0 101 341
4942 嘉彰|光電業|-2 1 1|86 96 -0 -1|0.9 5|7 -32 0 7 48
4946 辣椒|文化創意|1770 1355 542|51 51 -25 27|1.1 10|13 1 0 na na
4949 有成精密|光電業|-12 -1 6|65 65 -26 16|0.3 22|5 6 0 -9 -29
4951 精拓科|半導體業|7 8 -5|89 89 20 32|0.4 18|5 12 0 -18 27
4952 凌通|半導體業|-29 -31 -19|73 89 4 14|0.6 8|6 -4 0 5 33
4953 緯致|資訊服務|13 11 1|85 99 17 36|1.9 28|7 6 -0 -6 33
4956 光鋐|光電業|14 7 -10|47 74 -13 6|1.3 13|11 2 0 -3 -3
4958 臻鼎-KY|電子零組|-18 0 -10|82 82 51 80|0.5 3421|70 9 -6 -33 -11
4960 誠美材|光電業|-12 -15 -10|97 97 6 25|0.8 17|18 8 0 1 -18
4961 天鈺|半導體業|-22 -16 -32|63 78 -9 -7|1.0 65|17 -2 -9 -6 15
4966 譜瑞-KY|半導體業|-8 -4 -10|86 86 33 50|0.5 1248|42 -5 2 -3 55
4967 十銓|半導體業|-56 -44 -32|80 98 25 31|1.2 349|3 -1 0 19 14
4968 立積|半導體業|10 6 2|66 92 28 13|0.4 346|11 -1 -0 -11 65
4971 IET-KY|半導體業|147 79 34|80 80 6 43|0.2 222|14 -4 0 -12 23
4973 廣穎電通|半導體業|-11 -8 -3|92 93 25 37|1.9 38|3 -1 0 26 17
4974 亞泰|電子零組|-36 -24 -40|58 82 1 -8|0.3 15|5 -10 0 4 12
4976 佳凌|光電業|-22 -18 -20|65 65 39 48|0.5 176|5 1 0 -26 -7
4977 眾達-KY|通信網路|-27 -11 -74|78 95 44 47|0.5 704|19 -0 0 -10 2
4979 華星光|通信網路|24 29 -3|85 91 15 62|0.8 2684|10 1 1 -0 -0
4989 榮科|電子零組|-18 -25 3|62 62 54 64|0.9 123|3 1 0 -6 -34
4991 環宇-KY|半導體業|41 38 17|77 77 -4 59|0.7 634|11 -0 -1 -5 -14
5009 榮剛|鋼鐵工業|-27 -16 -4|76 82 1 -4|0.5 54|9 -10 -1 1 9
5201 凱衛|資訊服務|33 53 19|80 80 7 30|2.7 16|11 12 0 21 -76
5202 力新|資訊服務|-13 29 -1|62 72 -6 -2|0.8 6|2 2 0 1 16
5203 訊連|資訊服務|31 20 7|73 88 4 6|0.4 16|19 6 -0 6 -10
5209 新鼎|其他|-20 -17 12|96 97 44 19|0.4 11|2 6 0 na -9
5213 亞昕|建材營造|101 521 3|75 76 -5 -10|0.5 12|1 4 0 3 -10
5222 全訊|半導體業|-63 -44 -21|88 88 23 42|0.6 194|4 -4 1 -23 16
5225 東科-KY|其他電子|-3 -12 -8|83 96 32 26|0.7 68|43 7 0 -9 -25
5234 達興材料|光電業|9 11 1|94 94 59 195|0.8 775|6 1 -1 -31 -6
5236 凌陽創新|半導體業|-20 5 -16|66 90 4 12|0.5 15|3 -19 -0 40 37
5243 乙盛-KY|光電業|-23 -24 -34|95 95 40 87|1.8 149|58 -4 -0 24 23
5244 弘凱|光電業|-9 -4 0|77 83 -5 15|0.4 39|3 -9 0 -11 9
5251 天鉞電|光電業|51 50 -3|73 73 -22 28|0.2 33|23 -2 0 -7 1
5258 虹堡|電腦及週|2 2 6|59 98 23 29|0.4 20|4 4 0 -1 4
5263 智崴|文化創意|-18 -5 -44|46 80 -4 -7|0.9 12|14 -0 0 -6 -20
5269 祥碩|半導體業|63 71 34|67 74 -18 3|0.7 836|16 -11 -6 11 11
5274 信驊|半導體業|10 31 -53|97 97 3 90|0.8 1311|56 1 3 -32 -15
5278 尚凡*|數位雲端|17 32 9|72 72 -1 14|0.1 20|2 -6 0 -9 27
5283 禾聯碩|電器電纜|-15 -4 -12|63 76 -15 -25|0.7 6|2 -1 0 108 28
5284 jpp-KY|其他|54 66 16|99 99 53 153|0.8 750|63 -3 -0 -3 25
5285 界霖|半導體業|4 6 -1|72 99 10 25|0.9 7|1 3 0 -1 8
5287 數字|數位雲端|1 2 -2|99 99 5 5|1.4 7|19 46 0 2 -47
5288 豐祥-KY|電機機械|-18 -18 -13|53 80 -12 -12|1.1 17|60 -2 -0 -5 -10
5289 宜鼎|電腦及週|63 47 22|95 95 48 54|1.4 936|27 4 1 4 -1
5292 華懋|綠能環保|31 62 29|89 91 6 19|0.6 17|2 -3 0 -30 49
5299 杰力|半導體業|-15 -13 -7|77 97 4 9|0.9 11|1 5 0 34 -8
5306 桂盟|運動休閒|-22 -19 -26|57 82 -8 -3|0.7 8|13 -23 0 10 25
5309 系統電|電子零組|6 10 12|89 89 83 109|1.1 1867|5 -1 0 43 29
5312 寶島科|生技醫療|2 2 1|64 64 -27 -13|3.8 7|9 -4 0 -5 -22
5314 世紀*|其他|812 723 165|97 97 182 143|2.1 1895|10 -0 0 17 -36
5315 光聯|光電業|28 22 -25|95 95 3 21|1.0 21|13 6 0 -10 -11
5328 華容|電子零組|-11 -6 -15|92 97 41 43|6.6 23|1 -2 0 65 237
5340 建榮|電子零組|-2 11 -15|81 81 20 68|0.3 72|49 1 0 -20 14
5347 世界|半導體業|-0 3 -12|95 95 9 16|1.2 483|12 14 -4 8 0
5351 鈺創|半導體業|11 -13 0|88 91 35 55|0.8 248|5 2 -0 9 -8
5371 中光電|光電業|-8 -1 3|86 86 116 93|0.5 3037|11 -3 0 11 74
5381 光譜|電機機械|-37 43 -32|76 76 26 25|0.3 15|0 -4 0 na 54
5386 青雲|電腦及週|-52 -7 -148|67 85 -1 26|0.6 11|3 -5 0 17 43
5388 中磊|通信網路|18 5 19|75 90 3 7|0.7 97|25 -14 1 3 -0
5392 能率|光電業|-15 -11 -4|96 96 92 127|3.6 985|5 -0 0 64 139
5403 中菲|資訊服務|1 1 -16|96 98 1 9|1.1 7|6 -10 0 -16 6
5410 國眾|資訊服務|80 26 -23|95 95 23 34|0.7 8|8 6 0 5 -7
5425 台半|半導體業|7 17 -9|83 94 25 40|0.6 127|9 -10 1 9 95
5426 振發|電腦及週|13 8 -28|59 79 -10 11|0.5 9|1 -5 0 3 15
5432 新門|綠能環保|16 -4 11|43 89 15 13|1.2 19|0 -4 0 -1 4
5434 崇越|電子通路|8 18 -8|92 92 10 36|3.0 282|26 6 1 29 61
5438 東友|電腦及週|-48 2 -26|70 96 60 71|3.7 54|1 -1 0 18 34
5439 高技|電子零組|200 186 106|91 91 32 114|0.4 2051|13 1 -4 10 -7
5443 均豪|半導體業|30 41 5|70 91 29 84|0.7 1004|4 1 0 29 -4
5452 佶優|其他電子|-17 -20 -14|58 75 0 -4|0.5 14|7 6 0 -6 -1
5457 宣德|電子零組|-2 -1 -30|73 86 18 20|4.5 27|32 -7 -0 14 61
5465 富驊|電腦及週|36 79 50|77 77 -7 18|0.2 8|2 -22 0 -13 -3
5469 瀚宇博|電子零組|29 36 14|83 83 56 119|1.0 835|20 4 0 23 -42
5471 松翰|半導體業|-4 -6 -5|83 92 20 21|0.5 19|11 -7 0 11 97
5474 聰泰|電腦及週|101 71 52|77 81 14 43|0.5 102|2 -1 0 -6 1
5475 德宏|電子零組|43 42 -16|100 100 124 532|0.5 191|2 -1 -0 na na
5478 智冠|文化創意|-10 -13 -9|81 90 7 7|1.1 13|20 12 0 -16 2
5481 新華|其他|-2 3 3|60 60 -26 -25|0.3 15|27 -23 0 -21 na
5483 中美晶|半導體業|-13 -9 -4|68 93 28 16|0.6 628|16 1 1 -11 28
5484 慧友|光電業|2 -12 -8|57 75 12 17|0.5 13|1 -1 0 na na
5490 同亨|電腦及週|29 4 -26|89 89 9 69|0.9 107|9 7 0 -16 -21
5493 三聯|其他電子|26 21 -0|85 89 20 31|0.4 19|1 -6 0 -7 2
5498 凱崴|電子零組|21 15 6|72 72 63 153|0.2 80|3 -3 0 -27 -54
5508 永信建|建材營造|-91 -90 -20|37 69 -23 -23|0.9 190|3 -1 -2 17 9
5511 德昌|建材營造|45 34 26|98 98 4 17|1.0 6|3 19 0 -8 4
5519 隆大|建材營造|605 454 357|71 87 -1 3|0.6 10|3 -2 0 1 -9
5521 工信|建材營造|-2 30 -14|85 85 5 9|0.5 27|9 -3 0 22 21
5522 遠雄|建材營造|111 -16 19|76 85 -6 2|1.2 64|4 -7 2 10 9
5530 龍巖|其他|2 0 -12|63 76 -11 -22|0.5 15|55 -17 0 -2 -0
5534 長虹|建材營造|-41 -48 -81|75 85 -6 -4|0.6 73|12 5 -1 13 -5
5536 聖暉*|其他電子|42 50 2|81 81 84 151|0.7 1855|32 -5 5 -7 -16
5607 遠雄港|航運業|18 22 5|97 97 25 63|0.8 30|3 -1 0 -7 -29
5608 四維航|航運業|-14 -18 -17|77 86 13 13|0.5 21|4 -6 0 -5 -3
5609 中菲行|航運業|-0 -1 -25|96 97 6 10|0.6 7|15 -4 0 -0 -10
5706 鳳凰|觀光餐旅|-8 -2 -32|81 87 -7 11|0.8 9|2 -11 -4 23 -7
5864 致和證|金融業|1518 492 315|87 100 25 36|1.2 13|2 13 0 7 -30
5871 中租-KY|其他|-6 -7 -5|70 88 -10 11|1.5 493|40 -7 -1 9 -4
5876 上海商銀|金融保險|3 -6 -12|88 88 -11 -8|1.2 215|55 12 -19 8 10
5880 合庫金|金融保險|4 6 1|97 97 1 7|1.1 168|16 12 -3 -39 -13
5902 德記|居家生活|-5 -5 -14|98 98 3 18|1.7 9|1 -0 0 34 17
5903 全家|居家生活|4 5 1|95 95 -2 3|0.5 11|51 -8 -24 -11 7
5904 寶雅|居家生活|9 6 -1|90 93 -3 3|0.7 110|27 -9 -8 20 -20
5905 南仁湖|觀光餐旅|21 -3 -3|47 87 1 -5|1.0 6|3 -1 0 0 -11
6005 群益證|金融保險|33 12 2|92 97 25 17|1.0 136|18 21 -4 -15 -39
6016 康和證|金融業|190 287 234|97 100 27 29|1.6 17|4 14 0 -17 -22
6023 元大期貨|金融業|-31 -31 -24|97 97 5 10|0.6 6|1 -6 1 31 -9
6024 群益期|金融保險|-33 2 -16|85 97 1 7|0.8 9|2 -26 -0 36 5
6104 創惟|半導體業|2 20 -22|63 63 -21 0|0.6 110|17 -12 -0 0 9
6111 光聚晶電|文化創意|87 47 20|77 82 3 2|1.2 31|9 3 0 3 -27
6112 邁達特|資訊服務|24 32 20|71 88 -4 33|0.2 51|2 -2 0 -6 12
6117 迎廣|電腦及週|21 31 19|74 80 -7 26|0.5 46|1 -6 0 -2 17
6118 建達|電子通路|-2 7 -4|80 80 45 30|0.2 29|2 4 0 -11 10
6120 達運|光電業|-36 -40 -28|78 95 8 -8|1.8 18|6 -1 0 -16 -97
6121 新普|電腦及週|-16 -4 -3|89 89 2 15|0.8 135|36 -14 -18 7 3
6122 擎邦|電機機械|20 4 13|94 94 8 18|0.6 11|3 23 0 -14 -34
6125 廣運|電機機械|54 63 63|76 85 23 38|0.4 161|6 -2 0 -1 9
6126 信音|電子零組|-2 1 -4|82 98 31 36|1.1 7|2 6 0 10 -30
6127 九豪|電子零組|-15 -11 -23|74 90 27 49|4.0 22|2 1 0 -31 -28
6129 普誠|半導體業|-4 4 19|67 82 50 35|0.5 10|1 1 0 -11 -33
6130 上亞科技|生技醫療|-12 -35 -37|94 94 2 60|1.3 8|2 12 0 na na
6133 金橋|電子零組|5 0 -17|64 84 21 25|0.3 9|2 4 0 -15 -3
6134 萬旭|電子零組|35 25 -13|56 85 29 26|0.2 10|20 -2 0 -16 32
6138 茂達|半導體業|22 24 9|98 98 29 65|1.5 401|24 8 -1 -24 252
6139 亞翔|其他電子|97 29 50|96 96 30 99|0.8 1359|24 -6 -0 9 -67
6140 訊達電腦|資訊服務|-1 77 23|72 72 -20 21|0.3 21|0 -6 0 -3 115
6143 振曜|通信網路|17 11 -11|95 95 30 45|1.0 389|10 2 0 -10 -4
6146 耕興|其他電子|-1 -2 1|82 93 9 9|0.8 33|30 -5 -0 -2 3
6147 頎邦|半導體業|-2 -2 -11|88 88 3 -1|0.8 103|18 5 -12 35 -26
6148 驊宏資|資訊服務|-57 169 65|63 63 -13 -16|0.4 33|1 -3 0 -10 -2
6150 撼訊|電腦及週|289 148 92|94 95 18 49|1.6 50|9 5 0 -10 -9
6151 晉倫|其他電子|3 -2 -7|49 84 -3 12|0.4 6|5 8 0 -5 -4
6153 嘉聯益|電子零組|-24 -33 -9|71 95 14 36|0.6 50|9 7 0 2 -10
6156 松上|電子零組|-1 5 -38|57 75 -12 -3|0.4 9|4 -5 0 1 16
6160 欣技|電腦及週|-15 3 -8|81 89 9 52|0.9 6|6 8 0 3 -25
6161 捷波|電腦及週|57 16 21|88 88 36 37|1.8 25|2 -2 0 58 63
6163 華電網|資訊服務|22 46 20|88 100 22 40|3.8 14|5 5 0 47 -4
6165 浪凡|數位雲端|25 16 7|87 87 2 26|0.6 50|12 -7 0 -4 2
6166 凌華|電腦及週|36 34 17|66 81 0 -13|0.5 34|14 -10 0 3 10
6168 宏齊|光電業|10 8 7|84 85 34 40|0.4 40|4 -3 0 -36 108
6170 統振|通信網路|10 15 -4|92 95 8 15|1.3 9|4 -3 0 3 -0
6173 信昌電|電子零組|9 14 5|98 98 50 70|7.7 126|1 -3 0 114 432
6175 立敦|電子零組|-23 -17 -21|90 91 22 32|2.1 43|17 -3 0 23 24
6176 瑞儀|光電業|-7 -4 -15|71 91 0 0|0.8 212|26 -1 -8 11 41
6177 達麗|建材營造|717 202 129|87 90 7 24|0.5 118|5 3 11 1 -24
6179 亞通|其他|12 40 -43|88 88 19 43|0.9 83|6 -2 0 22 54
6180 橘子|文化創意|-35 -33 -20|76 85 -10 -5|0.3 18|23 9 -2 -7 -8
6182 合晶|半導體業|6 8 2|91 91 50 65|1.7 332|9 -3 0 41 102
6184 大豐電|其他|-0 1 -1|88 88 -3 3|1.1 7|3 -16 0 -23 75
6186 新潤|建材營造|23 196 47|80 93 20 22|0.5 39|2 -11 -1 11 13
6187 萬潤|半導體業|-19 -5 -153|72 93 -2 62|1.7 1076|17 5 -2 -12 -7
6188 廣明|電腦及週|27 24 19|88 88 36 58|1.9 759|9 1 -0 -4 8
6189 豐藝|電子通路|-23 -18 -5|58 64 -34 -14|0.7 29|9 -4 -0 5 5
6190 萬泰科|通信網路|-18 -7 -26|81 81 13 39|0.2 111|7 3 -1 -8 25
6191 精成科|電子零組|62 61 37|83 83 43 134|0.4 3508|13 -6 3 -36 49
6192 巨路|其他電子|-18 -14 -20|90 90 3 12|0.6 18|19 -15 0 22 17
6196 帆宣|其他電子|-28 -28 -18|89 89 36 78|0.6 330|12 5 -4 -25 11
6197 佳必琪|電子零組|4 6 -7|91 91 16 53|0.7 183|5 -8 -1 16 126
6199 天品|其他|283 167 122|72 80 2 -7|0.3 32|5 -1 0 82 40
6202 盛群|半導體業|15 14 -28|69 87 -2 12|0.9 39|8 -11 -0 20 14
6203 海韻電|電子零組|111 129 93|80 85 -5 12|0.4 8|3 -14 -0 -20 -4
6204 艾華|電子零組|-13 1 -6|62 90 6 52|1.7 13|1 -2 0 -5 -22
6205 詮欣|電子零組|-0 -12 -17|54 82 0 -9|0.9 6|3 -6 0 3 1
6206 飛捷|電腦及週|-2 15 -10|64 78 -6 10|0.3 77|8 -2 -5 -11 2
6207 雷科|電子零組|7 -1 -2|76 87 45 65|1.0 160|1 -4 0 1 46
6209 今國光|光電業|50 53 26|93 93 62 62|1.3 155|13 -0 0 51 45
6213 聯茂|電子零組|2 -1 -15|76 76 24 101|0.4 939|16 0 -2 -10 26
6214 精誠|資訊服務|37 24 13|77 96 12 15|0.7 66|13 10 -0 9 -6
6215 和椿|其他電子|-6 62 -24|78 78 32 88|0.5 349|6 -6 0 -1 35
6217 中探針|電子零組|14 19 -11|90 90 67 81|0.6 412|3 1 0 -11 5
6219 富旺|建材營造|-100 -58 -114|45 73 0 -22|2.3 9|1 -8 0 -15 9
6221 晉泰|資訊服務|-25 9 -15|55 69 -2 -20|0.8 13|2 -1 0 -4 -15
6223 旺矽|半導體業|34 32 -5|99 99 69 200|1.0 2809|29 -0 1 -2 -26
6224 聚鼎|電子零組|-16 -13 -25|63 96 7 23|5.0 6|9 -8 0 30 52
6227 茂綸|電子通路|18 35 -7|67 79 -1 18|0.2 34|0 -5 0 -11 11
6230 尼得科超眾|電腦及週|7 13 6|63 91 17 19|0.9 33|87 -7 0 -2 12
6231 系微|資訊服務|21 6 -5|45 90 8 21|0.9 350|5 -7 0 14 104
6233 旺玖|半導體業|-24 -20 -27|61 91 4 15|0.9 5|3 3 0 -1 16
6234 高僑|光電業|-12 -15 16|74 74 6 27|0.2 13|11 9 0 -9 16
6235 華孚|電腦及週|7 10 16|86 92 29 58|1.1 224|5 -7 0 38 149
6237 驊訊|半導體業|1 10 -11|72 84 13 33|0.3 27|2 -1 0 -8 -2
6239 力成|半導體業|9 2 10|97 97 16 43|1.2 1182|29 8 -1 83 -13
6244 茂迪|光電業|4 -2 6|66 80 -1 5|0.6 26|10 3 0 5 -7
6245 立端|通信網路|2 -12 -12|70 92 13 6|0.5 74|6 -7 -2 -18 12
6257 矽格|半導體業|7 7 -5|98 98 21 54|1.0 401|28 18 -1 -30 7
6261 久元|半導體業|9 5 11|86 97 5 4|0.6 9|3 3 0 -5 -32
6263 普萊德|通信網路|17 10 4|80 93 1 10|1.0 6|1 -1 -0 -4 7
6265 方土昶|電子通路|284 122 103|94 94 37 48|2.1 30|3 0 0 15 46
6269 台郡|電子零組|-7 -12 13|78 91 6 28|0.4 130|17 -0 -0 9 0
6271 同欣電|半導體業|-9 -9 -7|82 93 10 28|1.4 259|21 0 0 21 67
6274 台燿|電子零組|15 21 -15|86 86 32 154|0.6 4310|26 -6 -1 26 22
6275 元山|電子零組|-5 8 -5|87 93 14 27|0.7 9|2 -7 0 -4 31
6278 台表科|光電業|13 11 5|91 94 -1 21|0.7 170|23 4 -8 10 9
6279 胡連|電子零組|4 6 -11|73 88 9 -0|0.5 53|11 -23 -12 -3 81
6282 康舒|電子零組|-3 -9 -6|90 96 26 30|1.4 207|9 -4 -0 17 124
6283 淳安|其他電子|4 41 -2|76 78 18 2|0.4 9|18 -7 0 7 -1
6284 佳邦|電子零組|4 5 -2|84 99 14 21|2.5 71|2 -11 -0 31 86
6285 啟碁|通信網路|-2 -6 -4|78 89 -2 8|0.8 259|21 -9 -15 4 26
6290 良維|電子零組|17 23 -3|100 100 45 102|0.9 817|9 4 -0 29 -23
6291 沛亨|半導體業|41 18 21|76 76 84 105|0.5 142|1 0 0 -8 144
6409 旭隼|其他電子|-27 -24 -25|40 61 -25 -26|1.2 560|65 -13 3 36 88
6411 晶焱|半導體業|-17 -15 -16|72 92 13 12|0.7 18|6 1 0 -7 -5
6412 群電|電子零組|-13 -9 -13|73 80 -20 13|1.0 62|5 6 -17 -1 -4
6414 樺漢|電腦及週|-17 -12 -16|91 91 1 30|0.7 173|27 -6 2 -17 6
6415 矽力*-KY|半導體業|-3 -5 -12|45 54 -27 -30|1.4 767|82 -9 -2 29 -15
6416 瑞祺電通|通信網路|-26 -21 -28|53 88 -2 4|1.4 17|4 -11 0 1 21
6417 韋僑|通信網路|3 5 -10|96 96 25 24|1.3 12|9 8 0 -7 -25
6418 詠昇|電子零組|-14 -14 -8|98 98 356 397|3.9 54|0 -0 0 23 121
6425 易發|電機機械|-23 5 1|68 96 56 37|1.0 25|3 1 0 17 22
6426 統新|通信網路|102 74 42|68 91 5 34|0.7 14|12 -12 0 -7 16
6435 大中|半導體業|16 22 4|92 100 17 30|1.3 25|6 5 0 -13 4
6438 迅得|其他電子|28 39 21|75 85 17 19|0.6 290|11 -8 -0 -14 33
6442 光聖|通信網路|21 50 -113|81 81 83 151|0.5 3152|35 -0 -2 0 -23
6443 元晶|光電業|-79 -81 -23|60 84 -4 4|0.5 37|9 1 0 2 4
6446 藥華藥|生技醫療|41 43 -37|73 98 6 14|1.7 1191|21 1 -7 19 11
6449 鈺邦|電子零組|25 30 0|91 91 79 100|1.8 752|4 -3 2 14 114
6451 訊芯-KY|半導體業|2 27 -31|57 89 10 19|0.4 135|63 -4 0 0 5
6456 GIS-KY|光電業|-5 3 -6|91 91 51 57|0.8 119|52 9 0 -48 5
6462 神盾|半導體業|10 35 9|59 89 1 38|1.1 126|11 1 -0 14 3
6469 大樹|生技醫療|8 10 1|72 87 -0 -9|0.6 45|7 -9 -0 -31 34
6472 保瑞|生技醫療|-27 -8 -55|78 82 -11 1|0.9 491|10 -8 1 7 17
6477 安集|光電業|-13 -10 2|90 90 46 59|0.5 97|4 5 0 20 -23
6485 點序|半導體業|-9 -5 -15|82 87 26 18|1.4 49|9 -2 0 -19 19
6488 環球晶|半導體業|-17 -11 -8|91 91 60 58|0.7 1300|20 15 3 3 -42
6491 晶碩|生技醫療|11 14 15|73 92 7 2|0.5 80|8 8 -0 1 -9
6492 生華科|生技醫療|0 0 0|75 99 27 26|1.4 13|5 -2 0 35 5
6498 久禾光|光電業|18 24 na|na na -13 na|0.3 24|1 -3 0 na 10
6499 益安|生技醫療|-54 22 -40|63 63 -35 126|0.6 112|13 -1 0 2 13
6505 台塑化|油電燃氣|-9 -6 4|76 93 8 22|0.6 168|5 10 -7 6 -17
6509 聚和|化學工業|-7 -2 -10|78 96 12 20|0.9 12|4 2 -0 -4 -1
6510 精測|半導體業|37 41 -21|96 96 123 244|1.6 1741|21 -3 8 3 45
6515 穎崴|半導體業|-18 -8 -83|100 100 82 199|1.5 1670|19 -1 5 5 -17
6517 保勝光學|光電業|-60 -20 -27|66 79 -1 4|0.2 17|1 -2 0 -4 12
6525 捷敏-KY|半導體業|18 16 4|97 97 24 41|1.4 42|14 23 -0 -23 -9
6526 達發|半導體業|-2 6 -22|71 88 -1 13|0.8 189|7 -14 2 3 37
6530 創威|通信網路|17 16 -3|71 84 16 46|0.2 55|4 -2 0 -13 1
6531 愛普*|半導體業|-20 16 -5|96 96 21 64|0.7 795|21 8 -0 11 -44
6532 瑞耘|半導體業|-39 -13 -18|75 80 -15 8|0.2 6|2 -3 0 -10 4
6533 晶心科|半導體業|94 68 -2|66 93 15 14|0.9 306|19 -0 -0 -13 -4
6534 正瀚-創|生技醫療|84 31 -18|93 93 44 50|0.2 8|47 -2 0 -1 75
6535 順藥|生技醫療|332 217 -3|76 93 115 93|1.1 235|6 1 0 na na
6541 泰福-KY|生技醫療|1611 906 6|65 83 2 0|1.9 27|14 -14 0 21 119
6546 正基|通信網路|-21 -12 -16|32 78 -7 -8|0.9 23|7 -10 0 -2 39
6547 高端疫苗|生技醫療|-18 -6 -26|69 69 -5 -4|0.8 25|6 13 0 -0 -7
6548 長科*|半導體業|8 10 -3|83 94 12 7|1.3 30|4 -2 -1 4 -3
6550 北極星藥業-KY|生技醫療|-61 -29 na|66 83 -5 27|0.6 20|65 3 0 -89 na
6558 興能高|其他電子|-24 -13 -14|75 83 -4 13|0.3 132|1 -1 0 -13 2
6560 欣普羅|光電業|-89 586 257|80 80 6 57|0.3 6|8 3 0 na na
6561 是方|通信網路|-2 -6 -23|79 90 4 6|0.8 24|11 -0 1 -2 46
6568 宏觀|半導體業|2 -1 -16|75 84 -8 35|2.0 9|3 -2 0 48 19
6569 醫揚|生技醫療|-6 12 7|70 78 19 5|0.4 7|3 -8 0 -12 -14
6576 逸達|生技醫療|641 196 87|96 98 27 29|0.5 19|24 9 0 na na
6578 達邦蛋白|農業科技|-21 10 28|81 81 7 25|1.3 8|2 6 0 -35 30
6579 研揚|電腦及週|43 24 18|80 90 -0 6|0.9 18|3 -2 0 18 -12
6584 南俊國際|電子零組|22 22 -4|91 91 31 95|0.7 116|9 -4 0 -5 -18
6585 鼎基|其他|-9 -27 -18|58 83 1 -8|0.6 11|13 -5 0 -3 2
6589 台康生技|生技醫療|-11 -10 -1|77 100 18 26|4.0 38|6 1 0 12 -5
6591 動力-KY|電腦及週|27 44 16|83 83 23 101|0.4 103|26 -1 -0 -9 22
6592 和潤企業|其他|-20 -23 -2|72 96 2 6|1.0 13|26 12 -1 -6 -7
6593 台灣銘板|資訊服務|-60 -46 -18|50 62 -33 11|0.8 7|1 -1 0 na 0
6596 寬宏藝術|文化創意|613 375 252|85 85 -4 89|0.5 109|10 -8 0 -23 26
6603 富強鑫|電機機械|27 -7 -20|85 94 1 16|0.7 8|3 5 0 -2 -13
6605 帝寶|汽車工業|-19 -16 -16|49 68 -31 -16|0.9 56|16 -6 -2 4 41
6609 瀧澤科|電機機械|-53 -35 -47|33 72 -4 -17|0.4 16|52 -4 0 -5 9
6613 朋億*|其他電子|-35 5 4|73 80 12 20|0.3 37|5 -8 -1 8 14
6617 共信-KY|生技醫療|36 3 -11|83 88 24 31|0.8 12|38 9 0 na na
6625 必應|其他|60 94 31|78 78 -21 46|0.2 17|5 -3 0 -16 -18
6629 泰金-KY|居家生活|-16 -13 -10|92 97 43 50|0.9 11|77 2 0 41 31
6640 均華|半導體業|133 108 25|73 86 1 107|1.4 448|5 3 2 na 3
6643 M31|半導體業|-20 2 3|45 81 -8 1|1.1 260|11 -12 -0 9 17
6649 台生材|生技醫療|77 89 -73|93 93 80 96|0.8 32|6 -1 0 37 185
6651 全宇昕|半導體業|-21 -8 -27|66 77 -10 -6|0.7 7|4 -19 0 19 24
6657 華安|生技醫療|-70 28 24|65 70 -17 -8|0.6 15|8 6 0 16 43
6658 聯策|其他電子|-4 -15 -68|55 64 -29 6|0.4 16|3 5 0 -16 2
6664 群翊|電子零組|-6 -1 0|78 89 25 65|0.7 315|2 -7 -0 -40 91
6667 信紘科|其他電子|26 72 -22|90 90 25 73|0.4 301|4 -6 0 30 20
6668 中揚光|光電業|-2 22 5|78 87 -8 23|0.5 21|11 -10 0 -8 14
6669 緯穎|電腦及週|198 183 37|96 96 34 93|1.1 5014|35 -2 -1 -28 16
6670 復盛應用|運動休閒|-28 -11 -26|73 73 -9 -5|0.8 100|24 -10 -15 0 32
6672 騰輝電子-KY|電子零組|9 1 4|80 80 35 63|0.3 279|23 1 0 -21 3
6679 鈺太|半導體業|-6 -9 -4|59 92 1 14|0.9 48|6 3 0 -0 2
6683 雍智科技|半導體業|24 31 -2|76 84 17 44|0.4 235|3 -3 -0 na -24
6684 安格|半導體業|-25 -20 -2|83 100 14 65|1.7 20|4 8 0 -8 -25
6689 伊雲谷|數位雲端|-12 -12 -24|61 83 -7 -1|0.5 15|4 -8 -0 10 21
6690 安碁資訊|數位雲端|11 10 -4|78 91 1 9|1.9 8|4 -11 0 14 -10
6691 洋基工程|其他電子|52 63 7|88 88 6 11|0.6 320|18 -13 -2 -2 23
6693 廣閎科|半導體業|24 23 -8|69 95 4 8|1.3 14|10 2 0 -0 -10
6695 芯鼎|半導體業|-2 23 4|77 96 32 34|1.3 90|1 -2 0 -7 9
6698 旭暉應材|其他電子|73 69 56|69 88 24 34|0.2 10|3 5 0 -5 -10
6703 軒郁|生技醫療|-6 -10 1|70 94 12 -3|0.6 6|13 1 0 -10 -4
6706 惠特|光電業|-46 1 -51|45 97 45 30|2.6 339|5 -2 0 8 30
6712 長聖|生技醫療|3 17 -3|100 100 26 34|3.0 47|5 16 0 -1 -23
6715 嘉基|電子零組|-59 -41 -24|50 76 -16 -12|0.5 5|2 -8 0 0 -4
6719 力智|半導體業|26 17 -6|79 96 3 33|1.7 117|9 17 -0 -34 -30
6720 久昌|半導體業|-33 -27 na|na 94 15 17|0.6 8|1 -8 0 na 40
6727 亞泰金屬|電子零組|3 23 21|81 81 196 252|1.0 179|16 3 0 na na
6732 昇佳電子|半導體業|-29 -9 -4|74 87 22 33|0.7 127|3 -6 -0 29 232
6733 博晟生醫|生技醫療|10 42 -3|83 83 35 59|0.5 46|1 2 0 na na
6735 美達科技|其他電子|10 11 38|92 92 83 99|1.9 21|4 14 0 103 121
6739 竹陞科技|其他電子|103 100 -124|100 100 143 413|1.2 719|3 1 1 na 2
6741 91APP*-KY|數位雲端|11 12 -0|76 90 -1 9|0.6 11|49 -16 0 -1 11
6742 澤米|光電業|-42 -31 -31|64 84 -0 18|0.3 53|1 -3 0 -17 5
6743 安普新|其他電子|-34 -34 -46|49 90 9 7|0.6 7|4 -5 0 2 8
6752 叡揚|資訊服務|4 12 -2|71 71 -3 13|0.4 10|6 -25 0 -12 3
6753 龍德造船|航運業|-9 15 3|71 71 57 48|0.5 1422|7 1 0 -1 -45
6756 威鋒電子|半導體業|-36 -33 -17|48 80 -8 2|1.0 16|3 -4 0 7 -22
6757 台灣虎航|航運業|-4 -10 -14|75 75 -6 -5|1.0 234|3 1 -4 -7 21
6761 穩得|電子零組|-10 -2 -11|86 86 66 76|0.6 395|3 -1 0 -30 23
6763 綠界科技*|數位雲端|4 8 1|64 86 -6 11|0.4 25|1 0 -0 -6 6
6768 志強-KY|運動休閒|-29 -13 -35|65 90 -6 8|0.6 89|59 -6 -0 4 32
6770 力積電|半導體業|1 2 -0|100 100 61 113|3.9 2816|11 6 -0 90 -21
6776 展碁國際|電子通路|11 28 7|85 85 -12 15|0.4 7|2 -13 0 -32 47
6781 AES-KY|電子零組|79 83 29|83 83 16 71|0.8 1970|74 -1 -2 16 83
6782 視陽|生技醫療|-24 -5 -26|81 96 20 52|0.7 41|9 -9 0 19 57
6785 昱展新藥|生技醫療|na na na|100 100 83 116|1.1 43|8 5 0 48 3
6788 華景電|半導體業|2 -2 -51|87 87 -3 57|0.3 246|3 -2 0 -17 19
6789 采鈺|半導體業|-16 -18 -31|83 86 26 54|0.9 1158|4 -1 1 36 18
6790 永豐實|造紙工業|-6 -1 -3|82 94 -5 -4|0.9 7|1 -10 -15 1 28
6791 虎門科技|資訊服務|16 12 -5|72 80 22 25|0.3 7|12 -2 0 na na
6799 來頡|半導體業|12 5 7|68 73 -5 -11|1.1 33|7 -4 -1 -5 28
6803 崑鼎|綠能環保|21 15 -1|96 96 -2 6|0.9 15|3 -49 0 59 43
6805 富世達|電子零組|97 78 24|88 88 30 118|1.0 2265|20 -2 -6 40 -8
6806 森崴能源|綠能環保|11 85 9|41 60 -29 -12|0.5 58|4 -11 -0 0 12
6811 宏碁資訊|數位雲端|10 13 -6|79 91 3 25|0.7 24|4 -2 4 -12 -15
6823 濾能|半導體業|86 91 39|83 86 61 52|0.2 5|28 4 0 na 24
6829 千附精密|半導體業|41 34 4|78 88 15 10|0.4 65|2 -2 0 -15 13
6830 汎銓|其他電子|13 8 1|76 92 41 55|0.4 123|2 -0 0 -2 6
6838 台新藥|生技醫療|na na na|64 78 -10 33|0.6 9|2 -1 0 4 2
6840 東研信超|其他電子|-4 -1 -8|92 92 38 45|0.9 8|1 0 0 na 52
6841 長佳智能|生技醫療|-38 -13 -86|79 87 17 14|2.4 66|2 -3 0 13 36
6854 錼創科技-KY創|半導體業|-39 -28 -91|58 79 -12 20|0.4 70|35 -12 0 -0 18
6859 伯特光|光電業|15 16 -53|52 65 -18 -17|0.9 12|16 -9 -1 -7 1
6861 睿生光電|生技醫療|24 18 6|99 100 41 49|1.6 14|2 3 0 35 73
6862 三集瑞-KY|電子零組|-21 -10 -29|na 89 10 28|1.1 49|65 -5 0 77 217
6863 永道-KY|通信網路|-30 -25 -42|48 79 -5 -10|0.6 22|70 -12 0 11 29
6869 雲豹能源|綠能環保|77 102 17|51 70 -21 -1|0.6 70|2 3 -1 -6 -8
6870 騰雲|數位雲端|42 27 -6|82 88 6 36|0.8 22|1 -1 0 na 3
6873 泓德能源|綠能環保|4 -38 -129|44 47 -46 -35|0.7 138|10 -8 -0 7 -6
6877 鏵友益|其他電子|-30 -13 -135|92 99 26 45|1.1 31|8 -5 0 33 -8
6885 全福生技|生技醫療|1200 na na|na 78 -11 43|0.5 16|3 -6 0 -11 2
6890 來億-KY|運動休閒|-23 -14 -33|44 56 -26 -28|0.5 168|88 -1 -3 2 0
6895 宏碩系統|半導體業|185 177 94|81 81 48 183|0.2 204|5 1 0 -16 20
6901 鑽石投資|其他|-89 -51 -13|47 81 -4 -12|1.0 9|1 -2 0 24 -17
6902 GOGOLOOK|數位雲端|23 25 3|48 76 -6 -23|0.6 5|4 1 0 20 52
6903 巨漢|其他電子|66 29 47|93 93 33 54|0.5 14|1 5 0 -13 -1
6906 現觀科|數位雲端|-18 -6 -9|58 77 -12 1|1.5 9|9 -2 0 2 7
6909 創控|半導體業|-4 -17 na|na na 2 na|0.6 8|8 -6 0 na na
6913 鴻呈|電子零組|26 20 -16|na 87 9 55|0.8 172|1 0 0 -24 1
6914 阜爾運通|其他|21 20 4|97 97 3 14|0.3 7|2 2 0 2 -5
6918 愛派司|生技醫療|2 12 na|na na -6 na|0.3 5|1 -4 0 na na
6919 康霈*|生技醫療|-54 na na|na 74 29 133|0.5 5172|13 1 2 na na
6922 宸曜|電腦及週|65 36 2|82 86 16 36|0.4 39|1 -1 0 na 17
6923 中台|綠能環保|-24 -32 -9|na 93 30 60|1.1 87|3 1 0 4 73
6925 意藍|數位雲端|11 15 na|na na -24 na|0.3 33|0 -0 0 na 83
6928 攸泰科技|電腦及週|-22 24 33|75 77 42 28|0.3 66|0 -0 0 -24 93
6933 AMAX-KY|電腦及週|37 69 44|64 72 46 43|0.6 33|32 -2 0 26 12
6937 天虹|半導體業|-62 -17 -36|64 96 23 49|1.2 289|2 -2 1 28 63
6944 兆聯實業|綠能環保|66 66 na|na na 22 na|0.5 292|6 -6 -5 na na
6949 沛爾生醫-創|生技醫療|63 70 -11|82 82 159 248|0.4 88|2 -1 0 71 66
6953 家碩|半導體業|6 8 3|87 99 52 49|2.9 10|0 -1 0 53 21
6957 裕慶-KY|其他|21 18 -10|74 94 11 21|0.6 14|6 1 0 23 2
6962 奕力-KY|半導體業|-6 -20 na|na 73 -15 -0|0.6 116|43 -6 -0 13 -24
6965 中傑-KY|運動休閒|-36 -35 na|na 81 -2 -12|0.7 7|77 -5 0 na na
6982 大井泵浦|電機機械|-9 -15 na|na 91 22 54|0.3 18|1 -2 0 -24 39
6994 富威電力|綠能環保|74 22 na|na 72 -3 9|0.3 13|2 8 0 14 38
6996 力領科技|半導體業|-17 -21 na|na 86 4 -5|0.7 18|1 -4 0 -19 357
7402 邑錡|光電業|2 -2 -3|82 82 63 69|1.0 215|7 -3 0 -1 -9
7556 意德士科技|半導體業|-12 8 -16|87 87 4 41|0.5 8|3 -21 0 na 9
7642 昶瑞機電|電機機械|-45 -10 na|na na 7 na|0.1 18|0 -0 0 na 43
7703 銳澤|其他電子|22 51 -6|na 79 51 89|0.5 61|1 -6 0 -43 104
7714 創泓科技|數位雲端|88 56 na|na 82 32 61|0.8 29|1 1 0 na na
7722 LINEPAY|數位雲端|31 23 na|na 79 -11 12|0.2 57|59 -11 0 -16 8
7728 光焱科技|其他電子|-59 -48 na|na 92 20 39|0.7 15|1 -4 0 na 33
7734 印能科技|半導體業|75 58 na|na 89 19 63|0.9 194|1 0 -0 na 13
7740 熙特爾-創|綠能環保|13 105 na|na na -3 na|0.5 27|6 -28 0 na na
7749 意騰-KY|半導體業|87 69 na|na na -8 na|0.5 107|22 4 -0 na na
8011 台通|通信網路|-7 -3 19|79 93 12 27|0.9 28|4 -1 0 -17 -1
8016 矽創|半導體業|-3 4 -0|91 91 1 25|1.4 108|31 4 -6 30 -2
8021 尖點|其他電子|22 16 -3|100 100 127 381|1.6 2671|12 0 0 45 74
8027 鈦昇|電機機械|-20 -15 -10|72 89 4 33|0.8 120|2 -9 0 8 19
8028 昇陽半導體|半導體業|30 24 -10|100 100 42 86|1.1 3074|16 1 -0 -7 -10
8032 光菱|電子通路|13 16 -14|51 89 16 13|0.4 11|0 1 0 13 1
8033 雷虎|其他|26 44 18|80 80 138 179|0.1 546|8 -2 0 -15 6
8034 榮群|通信網路|805 345 202|91 91 35 65|0.4 24|7 3 0 10 42
8038 長園科|電子零組|338 608 39|79 79 27 155|0.6 59|2 0 0 na na
8039 台虹|電子零組|-3 -9 -12|91 91 44 78|0.6 643|14 1 -0 44 -25
8040 九暘|半導體業|-2 -1 -6|63 84 -4 5|1.0 11|1 -8 0 -3 -18
8042 金山電|電子零組|5 -1 -8|69 94 30 26|5.5 26|4 -4 0 105 83
8043 蜜望實|電子零組|-6 9 2|89 100 45 77|7.5 73|1 -1 0 54 243
8044 網家|數位雲端|-2 2 7|54 82 -1 -6|1.6 17|8 5 0 -12 -13
8045 達運光電|通信網路|6 -26 na|na 67 39 -4|0.6 77|3 2 0 3 12
8046 南電|電子零組|23 17 9|97 97 82 173|0.9 3362|11 2 -1 21 10
8048 德勝|通信網路|40 19 37|83 100 25 9|2.1 6|2 9 0 -8 2
8050 廣積|電腦及週|-41 -10 -29|69 85 -7 -5|0.9 15|3 -13 -0 -6 29
8054 安國|半導體業|74 61 47|69 79 -20 46|0.9 150|4 0 -0 -16 5
8059 凱碩|通信網路|21283 8116 5764|57 63 -30 27|0.7 16|1 -1 0 -100 na
8064 東捷|光電業|-2 -13 -6|60 92 12 33|0.5 63|3 8 0 -1 -19
8069 元太|光電業|8 28 -17|76 87 6 12|0.7 772|44 -12 -0 2 -19
8070 長華*|電子通路|6 11 -0|62 87 -0 23|0.6 73|4 7 -1 -7 -6
8071 能率網通|電子零組|-5 -2 -3|79 92 12 14|3.2 37|1 -1 0 46 9
8072 陞泰|電子通路|23 30 11|67 67 -23 14|0.2 14|3 3 0 -15 -15
8074 鉅橡|電子零組|-2 3 -3|81 81 54 65|0.5 37|4 3 0 0 10
8076 伍豐|電腦及週|-30 -31 -14|71 96 3 7|0.9 11|5 2 0 -1 29
8081 致新|半導體業|-10 -1 -8|97 97 7 25|0.6 79|25 4 -2 7 7
8083 瑞穎|電機機械|5 14 20|93 97 -1 9|0.5 6|2 -1 0 0 -1
8085 福華|其他電子|-15 -10 -15|46 85 8 3|0.6 14|3 -2 0 -32 -19
8086 宏捷科|半導體業|-0 -10 13|96 96 49 70|1.1 292|17 9 0 -10 -16
8088 品安|半導體業|33 79 58|90 90 19 67|0.7 331|6 1 0 50 3
8089 康全電訊|通信網路|-93 -91 -183|34 59 -14 -26|0.6 8|1 -6 0 -0 11
8091 翔名|半導體業|9 4 -2|71 91 7 8|0.7 22|7 -3 -0 -29 7
8096 擎亞|電子通路|-4 -16 -37|53 70 -0 -23|1.0 108|22 -1 0 -2 25
8097 常珵|通信網路|-87 -80 -132703|67 80 -4 -7|0.5 10|1 -4 0 5 16
8099 大世科|資訊服務|225 80 56|100 100 24 46|2.4 38|3 5 0 -6 -15
8103 瀚荃|電子零組|-11 -5 -15|89 89 24 51|0.4 46|18 9 -0 -20 -8
8104 錸寶|光電業|17 123 73|62 82 -5 24|0.3 32|2 -5 0 2 39
8105 凌巨|光電業|3 -5 -12|75 92 2 24|1.7 16|39 -2 0 2 -10
8109 博大|電子零組|13 9 12|88 88 21 18|0.6 56|2 2 0 -24 29
8110 華東|半導體業|-3 -8 -2|98 98 36 60|2.2 189|4 -1 0 6 109
8111 立碁|光電業|11 10 2|81 95 18 51|0.7 249|4 2 0 2 8
8112 至上|電子通路|0 -12 -10|67 88 -1 1|1.3 211|12 -11 -1 45 100
8114 振樺電|電腦及週|-9 12 -82|62 72 -13 3|0.6 79|27 -14 -0 1 6
8121 越峰|電子零組|-12 -15 -14|72 85 47 48|0.8 41|0 -0 0 na -64
8131 福懋科|半導體業|19 11 9|91 99 19 30|1.4 26|3 4 -0 54 -19
8147 正淩|電子零組|-3 12 -16|84 98 17 50|1.5 36|14 1 0 50 -16
8150 南茂|半導體業|-1 -3 -1|81 97 11 32|1.1 116|32 6 -0 -11 -21
8155 博智|電子零組|33 25 -11|94 96 31 45|0.8 227|1 -1 -1 -20 -3
8162 微矽電子-創|半導體業|28 31 7|88 88 10 43|1.2 11|1 2 0 na na
8163 達方|電腦及週|15 24 12|74 98 4 12|1.2 27|12 -1 -0 -2 -0
8171 天宇|綠能環保|-89 -83 -19|61 73 -5 -20|1.2 6|1 -7 0 0 -1
8183 精星|其他電子|-8 -7 -26|67 89 19 5|0.9 13|1 -3 0 10 12
8201 無敵|其他電子|-45 -19 -22|80 82 49 44|0.6 6|1 -0 0 na na
8210 勤誠|電腦及週|34 24 -9|92 92 17 190|0.5 733|19 -4 -2 6 14
8213 志超|電子零組|-1 -2 -2|92 94 17 25|0.6 19|19 9 0 -9 1
8215 明基材|光電業|-2 -3 -10|70 94 6 14|1.3 8|3 -3 -1 3 -1
8222 寶一|電機機械|-18 -2 -23|74 74 1 -6|0.1 73|1 -3 0 -13 9
8227 巨有科技|半導體業|114 118 79|80 80 -6 36|0.4 91|2 -5 0 7 32
8234 新漢|電腦及週|-18 -4 -26|74 74 14 26|0.3 217|2 -10 0 -2 53
8240 華宏|光電業|-7 -4 -8|73 85 25 22|0.3 12|6 2 0 -10 -8
8249 菱光|電子零組|-41 -33 -76|82 91 20 46|0.5 143|1 -1 0 -10 10
8255 朋程|電機機械|-8 1 -13|73 88 24 20|0.6 239|6 -4 2 6 45
8261 富鼎|半導體業|-1 -1 -13|100 100 27 51|1.0 247|10 -4 -0 10 99
8271 宇瞻|半導體業|51 60 39|98 98 40 88|1.7 304|10 1 0 77 146
8277 商丞|半導體業|-32 88 62|84 100 29 45|2.2 12|1 1 0 na na
8299 群聯|半導體業|23 20 23|98 98 54 67|1.3 2584|41 5 3 71 -33
8341 日友|綠能環保|21 4 -12|81 97 8 8|0.8 10|5 -10 0 9 3
8358 金居|電子零組|9 6 -1|89 89 314 451|0.9 15303|12 -1 0 23 45
8374 羅昇|電機機械|-0 39 -18|64 81 4 27|0.3 67|2 -4 0 -14 4
8383 千附|半導體業|26 13 -19|73 90 2 5|0.5 18|9 -8 0 7 -1
8390 金益鼎|綠能環保|-34 -29 -44|89 99 21 29|2.1 56|5 5 0 10 -11
8404 百和興業-KY|其他|3 -2 -23|74 99 24 25|2.3 69|53 -14 0 27 100
8415 大國鋼|鋼鐵工業|-5 -1 -1|89 93 1 4|0.6 8|10 -3 1 19 8
8422 可寧衛*|綠能環保|-24 -9 -15|97 97 8 14|2.3 58|13 1 -0 90 7
8431 匯鑽科|其他電子|-5 0 -26|65 83 12 -6|0.3 8|2 -1 0 -2 8
8436 大江|生技醫療|0 4 6|78 84 -1 -10|0.8 56|9 -12 -5 32 -46
8446 華研|文化創意|-37 -37 -20|82 95 4 -1|0.5 6|6 8 0 -2 -24
8454 富邦媒|數位雲端|-3 -4 -3|64 77 -8 -23|1.0 57|13 -12 -1 7 1
8462 柏文|運動休閒|18 18 -0|98 98 27 39|1.2 28|3 1 0 5 -4
8464 億豐|居家生活|-9 -4 -11|84 84 3 30|0.9 287|40 -10 2 2 20
8467 波力-KY|運動休閒|27 11 -9|51 88 7 25|0.5 15|45 -5 0 -1 17
8472 夠麻吉|數位雲端|71 70 52|73 73 166 203|0.3 7|2 -5 0 na na
8473 山林水|綠能環保|-7 32 -1|77 97 15 37|0.8 11|2 -6 0 -6 -5
8478 東哥遊艇|運動休閒|132 344 281|75 95 1 61|1.0 111|40 3 -0 29 -14
8499 鼎炫-KY|其他電子|0 -6 -16|75 75 38 94|0.3 58|72 -5 0 -16 22
8916 光隆|其他|-17 -12 -24|89 99 7 3|0.9 6|3 -10 0 -3 14
8924 大田|運動休閒|28 -6 4|90 98 29 28|1.8 11|3 6 0 -14 0
8926 台汽電|油電燃氣|-30 -39 -54|98 98 12 21|0.6 45|10 13 0 10 -3
8927 北基|油電燃氣|-22 -42 -34|68 84 -6 -10|1.1 56|2 1 -0 2 3
8931 大汽電|油電燃氣|-1 1 -3|97 97 4 29|0.6 10|0 0 0 69 1
8932 智通*|數位雲端|69 87 10|87 87 73 159|0.4 808|29 -2 -0 2 164
8935 邦泰|其他|3 11 9|77 77 52 72|0.7 54|0 -1 0 na na
8936 國統|其他|55 17 1|79 88 -2 -3|0.7 46|9 -3 -0 -4 -7
8937 合騏*|其他|33 -37 -13|87 92 17 59|1.2 141|1 -0 0 25 66
8938 明安|運動休閒|-8 -6 -18|77 84 -7 -5|0.6 9|7 -4 0 -1 3
8942 森鉅|其他|-33 -13 -19|65 78 -13 -19|0.8 9|13 -9 0 -7 25
8996 高力|電機機械|23 42 11|85 91 47 94|0.8 875|21 3 -5 30 -33
9802 鈺齊-KY|運動休閒|14 14 -13|69 90 -9 4|1.1 95|46 -11 -7 34 31
9904 寶成|運動休閒|-15 -11 -13|69 86 -4 2|0.5 282|42 29 -2 -1 0
9906 欣巴巴|建材營造|-79 -87 -116808|36 69 -17 -26|0.8 18|1 -18 0 1 96
9907 統一實|其他|-8 -6 -28|89 89 -6 14|0.5 24|20 -12 -9 -3 1
9910 豐泰|運動休閒|-4 -5 -2|88 100 9 42|2.1 71|12 21 2 -22 -6
9911 櫻花|居家生活|1 4 -4|96 96 -1 1|0.7 17|18 -9 -2 -9 -9
9914 美利達|運動休閒|-15 -20 -28|42 76 -1 -17|0.9 108|27 -10 -3 3 -2
9917 中保科|其他|6 8 0|82 95 -1 -0|0.8 31|40 -23 -6 6 -10
9919 康那香|其他|-29 -9 -8|80 84 -1 20|1.7 5|5 11 0 -2 -13
9921 巨大|運動休閒|-27 -30 -18|41 71 -14 -18|3.2 134|25 -20 -1 25 21
9927 泰銘|其他|-10 -17 -9|80 86 -11 -12|0.4 10|7 -7 -0 -22 26
9933 中鼎|其他|-33 -31 -13|66 84 21 -8|0.5 123|7 -8 -0 33 10
9934 成霖|居家生活|-11 -12 -8|59 94 3 -4|0.6 6|15 -13 0 4 -31
9938 百和|其他|-5 -6 -18|69 98 2 9|1.1 70|22 -1 -1 -12 1
9939 宏全|其他|-4 1 -7|78 81 -18 -10|0.6 149|15 -11 -13 76 28
9940 信義|其他|-11 -33 -1|81 90 -6 -10|0.6 5|6 -12 -0 -66 7
9941 裕融|其他|-9 -6 -1|71 92 6 6|0.8 68|7 8 3 -7 3
9945 潤泰新|其他|-25 22 7|62 92 -5 -5|0.4 126|10 -8 -0 8 -9
9951 皇田|電機機械|4 20 6|93 93 11 31|0.5 6|5 -0 0 -51 5
9955 佳龍|綠能環保|33 46 32|81 89 11 30|2.1 27|2 -1 0 22 11
9958 世紀鋼|鋼鐵工業|2 14 7|70 71 -20 20|0.8 273|12 -5 -0 -3 21
