# 2026-06-01 全池(1303 檔)。欄位:代碼 名稱|產業|最新月YoY 3月YoY均 加速度|距52週高% 距120日高% 60日漲% 120日漲%|量能比 日均值M|外持% 外20 投20 資20 券20(外資持股比;外資/投信20日淨買佔成交值%;融資/借券餘額20日變化%)
1101 台泥|水泥工業|-4 -6 3|84 92 -7 16|1.2 717|15 -18 0 5 33
1102 亞泥|水泥工業|-9 -15 -4|79 87 -5 -12|4.2 320|15 -13 -2 70 8
1104 環泥|水泥工業|-9 -14 -10|85 87 -7 -10|1.1 19|15 -22 -0 23 122
1201 味全|食品工業|-3 -0 7|74 82 -15 -18|1.5 5|5 -2 0 -5 22
1210 大成|食品工業|4 1 1|83 95 2 2|1.1 113|12 -9 -3 9 46
1215 卜蜂|食品工業|-3 2 -2|78 78 -18 -6|2.4 263|35 -20 -3 -16 45
1216 統一|食品工業|2 4 3|88 92 0 -2|1.8 1174|32 -2 10 -21 4
1218 泰山|食品工業|6 6 6|92 99 6 7|1.2 9|4 -1 0 -10 -11
1219 福壽|食品工業|1 -2 -2|82 87 -6 -7|0.9 7|6 -10 0 -45 46
1225 福懋油|食品工業|9 -2 1|62 87 -9 -3|0.5 6|1 -1 0 16 na
1227 佳格|食品工業|-5 6 6|82 90 -6 -8|1.5 28|6 -15 -2 8 17
1229 聯華|食品工業|-45 -12 -19|80 83 -10 -16|1.4 139|9 -15 0 12 50
1231 聯華食|食品工業|1 10 5|56 85 0 -11|1.2 27|3 5 -0 5 0
1232 大統益|食品工業|3 3 2|93 96 -4 1|1.8 13|2 -15 -0 17 21
1234 黑松|食品工業|-14 3 6|85 91 -7 -8|0.7 7|5 -10 0 -20 14
1256 鮮活果汁-KY|食品工業|56 67 35|100 100 31 55|2.5 24|5 2 0 33 20
1264 德麥|食品工業|11 7 8|86 92 -4 -8|1.7 8|2 1 0 na 119
1268 漢來美食|觀光餐旅|25 36 24|99 99 6 7|0.7 7|2 1 0 -13 -26
1301 台塑|塑膠工業|13 -6 7|92 92 -1 23|1.1 905|30 -9 -0 35 35
1303 南亞|塑膠工業|19 7 7|100 100 20 96|1.2 5598|34 10 -0 23 -40
1304 台聚|塑膠工業|13 -6 8|71 71 6 29|0.3 66|28 15 0 -7 -7
1305 華夏|塑膠工業|43 22 27|70 70 5 22|0.3 45|4 11 0 -11 -10
1307 三芳|塑膠工業|9 -3 -2|88 90 -5 -3|1.0 27|7 -9 3 -15 13
1308 亞聚|塑膠工業|16 -9 -6|70 70 -0 11|0.3 41|4 12 0 0 -5
1309 台達化|塑膠工業|-8 -20 8|61 61 31 54|0.4 96|3 -1 0 -16 -0
1312 國喬|塑膠工業|-5 9 -22|81 81 -6 17|0.9 69|4 -4 0 -12 5
1313 聯成|塑膠工業|6 -8 2|81 81 -4 17|0.4 35|6 6 0 -0 -8
1316 上曜|建材營造|115 112 -69|63 63 -23 -28|1.2 25|5 5 0 2 25
1319 東陽|汽車工業|-14 -26 -12|68 76 -11 -8|2.3 229|8 -11 0 6 30
1321 大洋|塑膠工業|11 -8 13|75 79 -16 -21|1.4 6|7 -2 0 -3 17
1325 恆大|塑膠工業|-13 -30 -15|65 75 -8 -18|1.2 9|1 -3 0 -6 15
1326 台化|塑膠工業|28 11 22|99 99 12 68|1.0 884|37 5 -0 14 15
1339 昭輝|汽車工業|-10 -21 -2|87 95 2 -1|3.7 6|1 -2 0 1 20
1342 八貫|其他|45 26 13|93 93 -2 17|0.7 26|30 9 0 11 -19
1402 遠東新|紡織纖維|14 1 6|78 86 -14 -11|5.0 626|18 0 -15 38 -5
1409 新纖|紡織纖維|25 4 15|100 100 65 63|2.2 143|14 11 0 61 0
1419 新紡|紡織纖維|40 32 12|83 83 -2 -11|2.0 9|1 -2 -0 4 -1
1434 福懋|紡織纖維|-5 -12 -3|84 84 -13 -1|1.5 30|7 -16 -2 -10 68
1436 華友聯|建材營造|-25 -56 -7|39 68 -20 -28|1.2 14|6 9 -0 -7 -6
1440 南紡|紡織纖維|-16 -20 1|89 90 -2 -6|2.3 24|7 -15 -0 11 90
1442 名軒|建材營造|-76 -82 -20|35 81 -7 -14|0.7 11|9 -22 0 0 35
1449 佳和|紡織纖維|75 44 27|86 86 31 40|0.8 15|6 -0 0 -4 16
1471 首利|電子零組|-52 -58 -12|84 84 -14 46|1.3 6|1 4 0 na na
1476 儒鴻|紡織纖維|-4 -2 1|78 81 -15 -19|1.6 433|31 4 -1 35 -14
1477 聚陽|紡織纖維|10 -0 8|68 68 -28 -25|1.3 579|16 -9 2 71 43
1503 士電|電機機械|33 22 10|90 90 -2 36|3.0 549|31 -4 0 18 55
1504 東元|電機機械|14 6 -3|66 87 -2 -15|3.6 1371|10 -7 0 7 8
1513 中興電|電機機械|6 -1 -6|91 91 -2 11|3.2 950|12 -11 1 16 85
1514 亞力|電機機械|40 19 -12|89 89 2 33|2.1 658|16 -4 0 12 44
1515 力山|電機機械|-19 -9 -28|68 75 -18 -18|2.7 11|4 -1 0 26 35
1519 華城|電機機械|6 9 -4|81 81 -16 23|1.1 2938|20 -10 -1 23 99
1522 堤維西|汽車工業|53 41 4|62 62 -25 -32|3.1 34|2 -13 -1 11 49
1524 耿鼎|汽車工業|2 -23 -4|96 96 14 17|4.1 28|1 1 0 5 -2
1527 鑽全|電機機械|-3 -18 -4|90 90 -0 0|1.5 10|10 2 0 -1 -5
1528 恩德|電機機械|1 17 24|86 86 17 89|0.4 153|3 -2 -0 12 8
1529 樂事綠能|電機機械|-72 -64 -98|77 78 -13 22|0.6 16|2 3 0 -3 9
1532 勤美|電機機械|5 12 -3|77 77 -10 -20|1.2 18|7 -4 -5 -1 18
1533 車王電|汽車工業|73 72 13|100 100 30 27|2.2 18|7 5 0 -3 28
1536 和大|汽車工業|-5 -10 2|74 83 -13 -3|2.2 152|6 -5 -0 15 -2
1537 廣隆|電機機械|-9 -3 15|93 100 1 2|1.5 12|16 10 0 30 18
1540 喬福|電機機械|-24 -30 -27|73 79 -5 5|1.7 7|2 3 0 1 -2
1558 伸興|電機機械|11 1 6|88 88 -6 -6|1.7 5|7 4 -1 -16 3
1560 中砂|電機機械|19 25 5|97 97 42 134|0.7 1677|39 -1 -1 -5 -14
1563 巧新|汽車工業|6 -3 3|100 100 61 71|4.7 38|5 18 0 199 -15
1565 精華|生技醫療|-17 -22 -6|58 72 -11 -26|0.9 16|6 -11 0 -8 39
1568 倉佑|汽車工業|33 10 7|100 100 128 141|6.4 11|2 2 0 116 -4
1569 濱川|電腦及週|-11 -5 -2|75 81 0 -8|0.5 63|6 -7 0 -7 8
1570 力肯|電機機械|17 12 38|100 100 75 78|2.1 13|3 7 0 9 -6
1580 新麥|電機機械|-10 -6 -4|87 88 -4 -10|1.5 8|5 -3 0 120 15
1582 信錦|電子零組|-1 -8 1|95 95 52 73|1.1 770|5 -3 2 57 -8
1584 精剛|其他|-16 -28 -12|71 78 -13 -10|1.3 15|5 8 0 0 -8
1586 和勤|電機機械|-5 -6 0|72 72 -7 -17|1.0 6|1 -4 0 7 1
1587 吉茂|汽車工業|-12 15 -9|54 54 -29 -31|2.7 12|20 -9 0 -10 10
1590 亞德客-KY|電機機械|25 12 -5|87 87 8 51|0.8 1466|80 9 -3 -36 -16
1591 駿吉-KY|電機機械|511 1049 720|62 62 -8 -9|0.3 41|5 -2 0 -36 -17
1595 川寶|半導體業|-24 -29 -10|80 80 103 123|1.6 151|3 -1 0 -5 55
1597 直得|電機機械|71 43 20|82 82 122 159|2.2 401|5 -1 -0 -30 2
1598 岱宇|運動休閒|-16 -5 15|84 92 10 -5|0.9 6|2 3 0 -6 3
1603 華電|電器電纜|18 -7 -17|75 75 -17 -14|1.1 13|2 -9 0 -2 25
1604 聲寶|電器電纜|3 -1 4|90 96 1 -0|1.1 8|7 -8 0 -34 37
1605 華新|電器電纜|-12 -11 -2|90 90 9 38|1.9 1924|15 5 0 58 -6
1608 華榮|電器電纜|8 16 10|86 86 -4 3|1.4 113|4 10 0 -3 -6
1609 大亞|電器電纜|16 10 2|82 82 -5 4|3.2 187|12 -1 -1 7 11
1611 中電|電器電纜|-9 -15 -4|89 93 -0 8|1.5 7|10 2 0 -6 3
1612 宏泰|電器電纜|2 -4 -18|93 98 5 9|1.8 34|19 12 2 -6 -4
1615 大山|電器電纜|13 -13 -12|84 88 -10 -8|1.6 9|1 -5 0 4 23
1616 億泰|電器電纜|9 -6 -19|54 73 -23 -23|1.1 14|2 -2 0 -4 1
1618 合機|電器電纜|-77 -62 -85|84 85 -8 5|2.7 27|1 4 0 10 1
1623 大東電|電器電纜|-9 5 na|na na 11 na|1.2 44|0 -1 0 na na
1702 南僑|食品工業|-3 -1 3|71 81 -15 -13|1.7 20|8 -11 -6 -5 8
1707 葡萄王|生技醫療|-6 -5 0|75 79 -18 -20|2.3 32|14 -9 -0 9 53
1708 東鹼|化學工業|42 9 9|87 87 8 28|0.5 107|16 1 0 -15 8
1709 和益|化學工業|3 -5 5|100 100 14 18|1.4 10|4 19 0 -26 4
1710 東聯|化學工業|13 -7 4|87 87 7 17|0.9 38|5 -2 0 1 5
1711 永光|化學工業|-1 1 7|80 80 81 184|0.5 778|5 -3 -0 5 15
1712 興農|化學工業|9 3 4|87 87 -11 -3|1.4 35|14 -28 -0 -7 75
1713 國化|化學工業|30 15 19|93 94 3 14|1.5 8|1 18 0 -12 -8
1717 長興|化學工業|13 -0 6|96 96 22 112|0.9 2867|13 3 0 0 -19
1720 生達|生技醫療|4 -3 -6|94 94 -6 -3|0.9 15|5 -13 0 3 47
1721 三晃|化學工業|8 -19 4|81 81 58 163|0.9 171|2 -3 0 -30 na
1722 台肥|化學工業|8 7 2|88 93 -1 -1|0.7 150|8 -6 0 5 22
1723 中碳|化學工業|41 7 27|91 95 18 12|0.7 59|8 7 3 -11 -10
1727 中華化|化學工業|12 22 21|91 91 96 137|1.1 955|4 -2 0 7 66
1732 毛寶|化學工業|10 7 -8|79 79 -4 -9|0.9 7|2 -3 0 3 10
1734 杏輝|生技醫療|8 -2 -9|95 96 1 1|1.4 11|5 -26 0 -5 110
1735 日勝化|化學工業|29 -1 10|80 80 22 76|0.4 18|51 2 -0 0 -3
1736 喬山|運動休閒|6 8 -1|65 71 -11 -27|1.0 72|5 2 1 -24 17
1760 寶齡富錦|生技醫療|7 7 1|74 87 -2 -8|1.0 13|11 -14 0 6 58
1762 中化生|生技醫療|76 115 114|96 96 43 58|1.5 24|3 1 0 -16 27
1773 勝一|化學工業|32 13 4|95 95 19 38|1.1 246|8 5 4 -12 -19
1784 訊聯|生技醫療|14 5 0|57 57 -31 -31|1.8 16|3 1 0 -1 5
1785 光洋科|其他電子|49 69 24|85 85 175 174|1.2 3969|13 -7 0 -3 224
1786 科妍|生技醫療|0 0 1|46 69 -22 -28|0.9 22|2 -5 0 -1 28
1789 神隆|生技醫療|13 14 12|70 70 -9 15|0.8 15|2 4 0 -4 -2
1795 美時|生技醫療|20 108 77|55 55 -29 -32|0.6 543|52 -14 0 -5 52
1799 易威|生技醫療|240 103 67|55 76 12 -3|0.7 5|12 1 0 na na
1802 台玻|玻璃陶瓷|6 2 1|100 100 11 127|1.7 5740|7 4 0 -10 6
1808 潤隆|建材營造|6494 64173 45494|68 81 -4 -18|1.3 39|4 -12 0 2 22
1809 中釉|玻璃陶瓷|-11 -8 -10|97 97 77 178|1.2 270|4 1 0 5 -0
1810 和成|玻璃陶瓷|-6 -14 -6|83 97 5 21|2.9 38|4 7 -0 2 -11
1815 富喬|電子零組|53 49 15|86 86 5 43|0.9 3108|22 -1 -0 -0 31
1903 士紙|造紙工業|11 1 -0|68 83 -8 -14|1.6 10|11 -10 0 -1 15
1904 正隆|造紙工業|17 1 3|97 97 7 7|0.7 30|9 13 -0 -1 -24
1905 華紙|造紙工業|-5 -12 -3|65 65 -0 3|0.6 38|2 -7 -0 1 4
1907 永豐餘|造紙工業|8 -2 3|88 88 -5 -12|0.9 31|12 3 -0 1 2
2002 中鋼|鋼鐵工業|2 -4 5|90 90 -6 6|2.7 813|12 -15 0 17 51
2006 東和鋼鐵|鋼鐵工業|-3 -11 -6|86 86 -7 8|0.9 120|19 -1 -6 16 68
2009 第一銅|鋼鐵工業|13 19 15|73 73 -14 5|1.2 79|3 6 0 29 -25
2010 春源|鋼鐵工業|1 6 3|92 92 4 18|1.1 40|9 -19 0 12 68
2014 中鴻|鋼鐵工業|-10 -20 13|93 93 2 29|2.2 91|6 17 0 -2 -30
2015 豐興|鋼鐵工業|-10 -21 -5|94 94 -3 5|1.1 18|12 28 -3 5 -12
2020 美亞|鋼鐵工業|1 -17 -15|84 90 -7 -0|1.3 9|2 -6 0 22 41
2023 燁輝|鋼鐵工業|-7 -13 -2|86 90 -5 -5|1.4 38|4 -16 -0 8 20
2027 大成鋼|鋼鐵工業|38 25 8|99 99 17 19|1.1 1201|18 30 -1 -9 -42
2029 盛餘|鋼鐵工業|2 -14 -3|84 93 -7 1|2.2 6|67 16 0 39 -1
2030 彰源|鋼鐵工業|9 0 14|99 99 13 33|1.8 24|4 13 0 -8 -25
2031 新光鋼|鋼鐵工業|-11 -16 -16|89 96 2 8|1.4 36|8 -8 1 -3 18
2032 新鋼|鋼鐵工業|13 -4 -6|100 100 16 34|2.8 9|4 14 0 -7 4
2034 允強|鋼鐵工業|2 -13 8|88 90 -1 2|1.5 35|3 -11 0 -0 18
2038 海光|鋼鐵工業|-15 -27 -10|83 84 -8 6|2.2 6|2 -2 0 1 25
2049 上銀|電機機械|21 12 10|95 95 53 114|1.0 3100|36 4 2 14 19
2059 川湖|電子零組|79 50 -9|94 94 52 49|0.8 2170|24 3 5 -23 -31
2061 風青|電器電纜|6 -5 -2|100 100 133 131|3.6 37|5 4 0 -5 16
2062 橋椿|居家生活|23 7 11|77 80 -14 -3|1.4 10|7 -6 -15 -6 14
2066 世德|電機機械|9 6 10|72 96 14 17|1.8 8|9 0 0 -3 -0
2069 運錩|鋼鐵工業|-14 -12 0|94 94 4 24|1.5 9|3 15 0 -2 1
2070 精湛|電機機械|55 21 13|92 92 103 99|4.2 96|1 -2 0 31 39
2101 南港|橡膠工業|151 188 155|70 83 -8 -14|1.5 69|5 6 0 -0 5
2102 泰豐|橡膠工業|-30 -48 -30|82 85 -15 -10|0.7 9|3 -21 0 -13 33
2103 台橡|橡膠工業|19 2 8|88 88 3 43|0.6 109|21 4 -0 -4 -19
2104 國際中橡|橡膠工業|-16 -17 1|77 77 -15 11|0.8 29|5 -1 0 5 -6
2105 正新|橡膠工業|10 0 4|66 99 9 2|0.9 320|11 -13 -3 -21 0
2106 建大|橡膠工業|9 2 4|73 81 -15 -17|1.5 13|8 -5 -0 8 26
2107 厚生|橡膠工業|3 -13 -8|97 97 0 8|1.1 8|6 -15 0 17 63
2108 南帝|橡膠工業|47 24 31|93 93 8 27|0.9 35|5 6 0 16 -23
2114 鑫永銓|橡膠工業|6 1 -9|100 100 5 5|3.1 8|4 -0 0 -58 -18
2201 裕隆|汽車工業|4 -2 8|64 73 -8 -23|1.1 76|4 -2 -0 -13 -1
2204 中華|汽車工業|-5 1 -2|77 87 -10 -12|1.2 80|18 -29 3 -1 45
2206 三陽工業|汽車工業|-9 -8 -6|89 98 0 -2|1.5 83|6 -14 -3 -13 24
2207 和泰車|汽車工業|30 5 4|76 77 -18 -24|2.5 188|21 -9 -5 38 13
2208 台船|航運業|132 49 -25|62 75 -21 -6|1.9 78|8 -17 -0 na na
2211 長榮鋼|鋼鐵工業|-7 -7 -10|78 78 -9 -19|1.2 68|4 -19 -6 1 34
2221 大甲|其他|17 11 10|91 91 43 55|0.8 24|2 -0 0 85 195
2228 劍麟|汽車工業|-8 -5 -1|68 76 -11 -7|1.1 20|3 -4 0 -6 4
2230 泰茂|居家生活|78 118 82|26 27 -8 -73|0.7 9|2 -8 0 -6 13
2231 為升|汽車工業|8 -12 5|74 76 18 14|0.6 64|5 -7 0 -35 -3
2233 宇隆|汽車工業|8 -3 7|93 93 51 88|1.7 525|6 0 -0 -4 -45
2236 百達-KY|汽車工業|5 24 -251|96 96 24 57|1.0 59|52 2 0 -2 -41
2241 艾姆勒|汽車工業|66 38 12|85 85 15 -2|2.8 51|8 -5 0 90 45
2243 宏旭-KY|汽車工業|15 269 189|100 100 149 184|1.2 20|28 9 -0 54 -7
2247 汎德永業|汽車工業|-29 -36 -14|67 75 -18 -23|2.2 23|4 -7 0 9 -11
2250 IKKA-KY|汽車工業|-9 -11 -0|62 83 -8 -11|1.8 5|7 -3 0 5 -8
2258 鴻華先進-創|汽車工業|4 -14 43|72 76 -15 -19|1.4 25|0 4 0 na na
2301 光寶科|電腦及週|25 22 2|95 95 41 54|1.6 8720|40 10 -2 1 -26
2302 麗正|半導體業|27 24 12|100 100 105 112|4.3 174|2 -2 0 52 -4
2303 聯電|半導體業|11 7 4|100 100 126 214|1.7 31571|37 2 -1 68 -9
2305 全友|電腦及週|81 63 41|97 97 71 125|2.8 56|6 3 -0 148 -4
2308 台達電|電子零組|44 38 3|96 96 70 171|1.0 26101|64 1 0 -15 11
2312 金寶|其他電子|-3 -12 -2|100 100 62 93|3.0 1272|11 7 -1 -12 -54
2313 華通|電子零組|-3 3 -4|94 94 26 266|0.9 23166|25 2 -0 5 -9
2314 台揚|通信網路|90 64 22|57 67 -22 -24|1.1 7|2 0 0 na na
2316 楠梓電|電子零組|74 29 8|97 97 56 87|1.0 1063|33 -0 2 -14 137
2317 鴻海|其他電子|30 28 8|100 100 23 33|1.8 19523|41 25 -0 -9 -54
2323 中環|光電業|-2 6 5|81 81 -6 16|1.0 76|10 -5 2 2 30
2324 仁寶|電腦及週|16 4 16|100 100 33 46|4.1 2156|42 7 -7 22 -13
2327 國巨*|電子零組|22 21 7|100 100 171 240|0.9 21971|51 -4 5 78 81
2328 廣宇|電子零組|-17 -26 -12|98 100 19 33|2.4 589|10 2 0 -10 -13
2329 華泰|半導體業|5 9 -16|87 87 7 31|1.0 1022|11 -7 0 -20 26
2330 台積電|半導體業|17 28 -0|100 100 20 72|1.2 87547|70 -9 6 3 158
2331 精英|電腦及週|13 37 12|81 81 -9 24|2.8 51|7 -3 -0 3 32
2332 友訊|通信網路|19 7 9|91 98 4 13|2.2 53|11 11 0 -8 -20
2337 旺宏|半導體業|154 103 63|97 97 44 395|1.2 26113|30 0 -0 -17 24
2338 光罩|半導體業|-7 -7 10|99 99 6 70|1.6 389|6 8 0 -0 -34
2340 台亞|半導體業|-9 -7 -7|85 85 36 60|1.2 312|9 -3 0 -18 8
2342 茂矽|半導體業|-3 -10 -3|91 91 27 49|2.0 377|6 1 0 -10 -6
2344 華邦電|半導體業|182 121 72|100 100 36 209|1.6 25283|25 6 3 0 8
2345 智邦|通信網路|54 60 -47|94 94 77 166|0.8 10424|58 2 3 -17 79
2347 聯強|電子通路|83 51 36|100 100 23 43|0.8 357|33 -2 -6 280 -1
2348 海悅|其他|-82 32 43|57 81 -4 -12|0.8 18|1 -14 0 7 15
2349 錸德|光電業|-1 -10 -15|88 88 0 64|2.1 59|14 14 0 na na
2351 順德|半導體業|24 13 15|88 88 137 156|1.3 1677|16 3 1 20 22
2352 佳世達|電腦及週|-2 0 -2|80 100 21 14|2.2 224|10 2 2 13 0
2353 宏碁|電腦及週|68 32 18|100 100 43 41|2.5 726|11 3 -2 9 -0
2354 鴻準|其他電子|-49 -45 -109|82 95 7 -0|1.6 962|11 -6 -0 -7 54
2355 敬鵬|電子零組|-3 -1 0|90 90 40 103|1.2 1491|15 -2 -0 13 94
2356 英業達|電腦及週|37 27 16|100 100 73 88|4.3 2460|18 3 3 121 -20
2357 華碩|電腦及週|46 33 0|100 100 58 43|1.4 3767|34 15 3 9 1
2359 所羅門|其他電子|21 -21 -28|90 100 14 24|2.9 620|4 1 0 8 -6
2360 致茂|其他電子|129 93 48|98 98 70 219|0.9 8565|58 2 0 -25 38
2362 藍天|電腦及週|11 11 19|100 100 21 16|4.7 38|10 -4 -0 28 12
2363 矽統|半導體業|87 110 -403|97 97 25 42|1.9 1484|8 3 0 4 -31
2364 倫飛|電腦及週|51 12 1|61 100 13 7|1.4 15|16 6 0 -2 -12
2365 昆盈|電腦及週|20 7 6|75 90 4 16|1.5 276|4 5 0 0 -9
2367 燿華|電子零組|-22 -19 -3|86 86 -5 193|0.8 3347|7 1 0 18 1
2368 金像電|電子零組|58 58 -3|90 90 68 145|0.8 8141|26 1 -0 10 -54
2369 菱生|半導體業|30 30 10|99 99 38 107|2.1 551|21 6 0 -2 -49
2371 大同|電機機械|-4 1 -7|70 71 -18 -7|1.3 538|8 -4 -0 -19 24
2374 佳能|光電業|63 62 -11|80 90 7 11|1.9 981|7 3 -0 3 -10
2375 凱美|電子零組|-0 3 -2|98 98 77 75|4.2 1304|12 1 -0 48 -23
2376 技嘉|電腦及週|74 65 20|100 100 64 59|1.8 5651|23 4 3 39 14
2377 微星|電腦及週|-22 -12 -24|96 100 44 38|2.7 3728|13 1 -1 38 38
2379 瑞昱|半導體業|11 3 2|100 100 28 20|1.3 2425|52 8 2 4 23
2382 廣達|電腦及週|121 84 30|100 100 24 37|2.4 10990|24 -11 11 105 74
2383 台光電|電子零組|94 65 17|92 92 113 284|0.8 12804|43 8 1 -10 -55
2385 群光|電子零組|-9 -6 1|89 100 12 20|1.0 561|19 -7 -3 -10 2
2387 精元|電腦及週|-9 -10 7|96 100 7 20|1.0 30|10 10 0 -6 2
2388 威盛|半導體業|85 50 65|85 85 51 53|1.1 1187|14 -2 0 -6 8
2390 云辰|其他電子|-11 -24 -10|92 100 10 24|1.6 9|3 11 0 -6 6
2392 正崴|電子零組|-6 -9 -1|69 100 5 12|1.4 118|7 11 -0 -8 -23
2393 億光|光電業|-3 -4 2|82 87 10 27|0.9 220|29 -23 4 69 129
2395 研華|電腦及週|35 21 3|100 100 54 80|1.3 2341|35 7 1 16 -29
2397 友通|電腦及週|38 24 9|78 100 6 7|2.6 25|13 20 0 8 -30
2399 映泰|電腦及週|22 1 10|99 99 116 144|0.9 730|9 2 -0 5 21
2401 凌陽|半導體業|14 10 10|95 95 30 54|2.3 255|13 1 0 11 -2
2402 毅嘉|電子零組|15 13 1|90 90 15 54|1.0 641|6 -8 -4 -4 49
2404 漢唐|其他電子|102 91 21|93 93 9 53|1.1 5464|33 13 -1 -27 15
2405 輔信|電腦及週|24 1 -6|92 98 15 12|3.0 37|5 2 0 6 -3
2406 國碩|光電業|143 154 74|94 94 -1 80|0.9 404|20 9 0 -21 -7
2408 南亞科|半導體業|717 621 291|100 100 34 167|1.3 46441|15 3 1 -4 -22
2409 友達|光電業|-4 -7 -2|98 98 41 119|1.7 6080|12 1 0 1 -0
2412 中華電|通信網路|8 6 1|99 99 2 6|1.6 1865|17 -8 8 -2 38
2413 環科|電子零組|16 3 -3|90 90 -5 104|1.2 160|4 -2 0 7 32
2414 精技|電子通路|19 18 -1|100 100 22 26|1.1 18|5 9 0 -33 19
2417 圓剛|電腦及週|23 22 12|95 95 48 54|2.2 182|4 0 0 14 8
2419 仲琦|通信網路|-19 10 5|87 87 6 57|0.5 62|2 2 -0 0 -16
2420 新巨|電子零組|5 -1 1|98 98 22 30|1.9 47|8 7 1 196 -34
2421 建準|電子零組|15 13 -10|87 97 7 -2|1.4 892|30 1 4 -19 25
2423 固緯|其他電子|6 16 3|98 98 65 55|1.5 40|5 -3 0 46 7
2424 隴華|通信網路|151 57 5|12 29 -60 -63|1.5 5|0 -13 0 na na
2425 承啟|電腦及週|88 87 37|95 100 31 35|1.6 27|10 5 0 17 -11
2426 鼎元|光電業|-10 -13 -4|93 93 289 406|1.5 420|7 -2 0 12 18
2427 三商電|資訊服務|31 -19 -105|67 76 -17 -17|1.6 15|3 -5 0 -0 10
2428 興勤|電子零組|19 6 1|97 97 51 51|2.5 583|19 4 0 14 -19
2429 銘旺科|光電業|11 -5 -50|32 56 -15 -33|1.5 24|1 0 0 -1 na
2436 偉詮電|半導體業|30 22 3|94 94 27 73|1.1 599|11 4 0 -19 -4
2438 翔耀|光電業|-28 11 -19|81 96 21 11|3.6 6|1 3 0 na na
2439 美律|通信網路|-2 13 2|77 84 0 -10|2.2 182|13 -4 -10 12 0
2440 太空梭|電子零組|14 -5 4|97 97 11 43|1.4 18|3 7 0 27 58
2441 超豐|半導體業|13 15 2|97 97 46 100|1.9 1830|10 -7 -0 8 87
2442 新美齊|建材營造|168 3555 2475|63 71 -3 -20|0.9 28|2 -7 0 -9 13
2444 兆勁|通信網路|-14 -29 -8|83 83 -17 18|1.1 9|3 6 0 na na
2449 京元電子|半導體業|35 37 3|90 90 1 56|2.3 12068|30 -4 -6 65 28
2450 神腦|通信網路|25 14 4|99 100 1 6|2.7 6|1 3 0 33 26
2451 創見|半導體業|594 407 203|100 100 64 92|0.8 2742|12 5 -0 -34 -20
2453 凌群|資訊服務|3 6 -1|100 100 21 25|5.0 33|5 2 0 29 1
2454 聯發科|半導體業|-4 -2 -9|98 98 140 304|1.4 32903|56 1 -2 22 2
2455 全新|通信網路|38 23 6|94 94 74 201|0.6 1217|27 3 2 -16 -22
2457 飛宏|電子零組|-9 -9 1|70 70 -13 -3|1.5 78|7 9 0 2 -17
2458 義隆|半導體業|6 5 7|100 100 42 34|0.8 665|24 12 -1 -24 -0
2459 敦吉|其他電子|-4 -2 -1|98 98 0 1|2.4 11|17 -10 0 61 16
2460 建通|電子零組|58 41 22|83 83 14 128|0.5 28|1 -0 0 -12 na
2461 光群雷|其他電子|3 -5 -4|88 88 2 11|1.3 12|6 7 0 71 12
2462 良得電|電子零組|-9 -8 -3|83 83 -9 10|1.5 9|2 -4 0 13 18
2464 盟立|其他電子|23 13 22|100 100 168 247|1.3 2977|13 1 0 -1 10
2465 麗臺|電腦及週|176 129 74|99 99 68 69|1.3 242|6 3 0 -28 162
2466 冠西電|光電業|-27 -35 -7|51 68 -7 -15|0.4 18|10 -0 0 1 na
2467 志聖|電子零組|87 56 9|95 95 80 254|0.9 1676|20 6 -1 -25 -49
2468 華經|資訊服務|-17 -21 -25|51 82 3 -13|0.5 9|2 -5 0 1 13
2471 資通|資訊服務|6 13 3|94 100 8 10|2.3 13|5 -2 0 12 15
2472 立隆電|電子零組|15 8 3|100 100 229 277|2.0 3279|11 -2 1 58 173
2474 可成|其他電子|-36 -27 -21|97 97 17 11|4.0 1004|23 -2 -12 73 -8
2476 鉅祥|電子零組|25 27 10|93 93 46 42|1.5 657|10 -4 0 29 40
2477 美隆電|其他電子|27 9 11|86 88 -2 2|1.4 5|24 -3 0 -5 37
2478 大毅|電子零組|12 2 -5|100 100 100 125|1.7 599|16 1 0 158 19
2480 敦陽科|資訊服務|8 9 -2|89 100 9 9|2.4 57|10 1 -0 18 25
2481 強茂|半導體業|9 9 3|97 97 69 100|1.6 6880|19 0 3 23 43
2483 百容|電子零組|13 7 5|98 98 9 35|2.1 14|3 9 0 34 2
2484 希華|電子零組|0 -8 -10|95 95 76 170|2.4 750|6 -3 0 -10 41
2485 兆赫|通信網路|38 108 3|89 89 47 282|0.6 2483|2 -0 -0 13 4
2486 一詮|光電業|21 15 4|87 87 96 197|1.1 1378|13 -6 -1 -10 -10
2488 漢平|其他電子|30 5 13|99 99 13 21|0.9 9|7 13 0 -0 -26
2489 瑞軒|光電業|14 11 6|86 86 12 240|1.2 1593|6 2 0 -0 -3
2491 吉祥全|光電業|1 -18 -7|100 100 42 92|2.5 28|7 3 0 26 1
2492 華新科|電子零組|16 8 1|100 100 181 250|0.5 2710|25 15 2 38 -47
2493 揚博|電子零組|-3 -3 -3|91 94 35 71|2.6 580|3 -3 1 29 30
2495 普安|電腦及週|37 35 27|99 99 61 91|1.8 317|11 2 0 -4 15
2497 怡利電|汽車工業|26 17 22|100 100 45 62|1.9 34|3 -1 0 40 30
2498 宏達電|通信網路|-3 -9 -0|61 88 2 -5|1.4 568|9 -1 0 0 2
2501 國建|建材營造|13 164 95|86 86 -2 8|1.1 65|11 1 -1 -7 35
2504 國產|建材營造|-10 -10 -10|81 90 -10 1|1.0 73|7 -26 -4 10 40
2505 國揚|建材營造|-167 169 -22450|83 87 -9 -8|0.8 10|4 -29 0 -9 89
2515 中工|建材營造|53 23 22|70 70 -25 -10|0.9 98|7 -18 -0 -1 38
2520 冠德|建材營造|67 28 32|58 87 -4 -6|0.9 44|12 7 -0 -14 -8
2527 宏璟|建材營造|4 1296 1015|93 93 14 44|1.1 15|42 -5 -0 5 -7
2528 皇普|建材營造|-99 -100 -308738|56 68 -26 -28|1.5 13|1 -13 -0 6 21
2530 華建|建材營造|-97 282 42|62 65 -28 -27|1.6 30|3 -31 -1 18 33
2534 宏盛|建材營造|-97 -91 -140|68 83 -14 -16|1.7 16|6 -15 0 -7 32
2535 達欣工|建材營造|-20 8 -44|100 100 19 43|1.0 40|7 -4 -0 -11 39
2536 宏普|建材營造|-97 -71 -2382|65 73 -17 -23|1.4 9|9 -11 0 0 33
2537 聯上發|建材營造|5303 21918 14834|75 81 -4 -4|1.5 10|2 -6 0 1 8
2539 櫻花建|建材營造|559 144 na|54 73 -27 -18|3.1 60|2 -6 -0 -37 17
2540 愛山林|建材營造|-37 -14 -27|64 92 13 15|0.7 44|2 -0 0 3 3
2542 興富發|建材營造|4078 2130 1377|95 96 13 14|1.4 421|11 12 2 2 -14
2543 皇昌|建材營造|62 29 20|52 60 -30 -22|0.8 130|1 -4 -0 2 4
2545 皇翔|建材營造|102 69 88|72 93 -1 -4|1.4 15|3 3 0 3 -0
2546 根基|建材營造|19 -2 -46|94 97 -3 -2|1.0 8|3 6 0 -19 15
2548 華固|建材營造|28466 43187 24396|93 93 7 22|1.8 297|16 -29 3 59 95
2597 潤弘|建材營造|17 5 -15|86 91 -4 1|1.2 124|3 11 -0 47 42
2603 長榮|航運業|5 -11 13|99 100 7 25|1.8 3451|21 3 10 -12 13
2605 新興|航運業|-5 39 22|77 77 -11 40|0.4 196|50 0 -0 -22 -12
2606 裕民|航運業|39 24 19|99 99 6 27|1.6 424|15 28 -16 -20 -24
2607 榮運|航運業|1 -6 15|75 82 -15 -16|1.3 29|9 -21 -1 6 35
2608 嘉里大榮|航運業|-2 -4 -5|83 87 -8 -14|1.8 13|3 -21 0 1 19
2609 陽明|航運業|14 -2 23|71 83 -9 5|0.9 932|15 11 -2 -3 0
2610 華航|航運業|16 17 13|85 85 -2 3|2.7 537|14 3 -2 -5 -22
2611 志信|航運業|119 155 119|73 90 -7 -2|1.3 6|1 -9 0 2 25
2612 中航|航運業|9 4 3|80 80 -9 13|1.1 31|4 -1 0 -0 -18
2613 中櫃|航運業|6 4 0|70 85 -6 -1|0.6 8|1 2 0 -2 1
2614 東森|其他|-13 -4 0|79 79 -8 -14|1.3 20|3 -23 0 -10 44
2615 萬海|航運業|13 1 18|69 97 6 6|0.8 762|43 12 4 -9 -13
2616 山隆|油電燃氣|17 2 6|57 57 -9 1|0.4 5|2 1 0 -1 10
2617 台航|航運業|9 9 9|89 89 -5 2|1.0 20|9 -5 0 9 29
2618 長榮航|航運業|19 17 15|92 96 4 12|2.4 1240|21 -18 16 2 53
2630 亞航|航運業|-23 -6 -8|61 80 -15 -8|0.9 55|4 -5 0 -17 29
2633 台灣高鐵|航運業|6 8 4|87 89 -8 -10|5.7 199|8 -18 1 43 7
2634 漢翔|航運業|12 -3 -3|71 83 -13 -1|1.1 223|3 -0 -0 0 -4
2636 台驊控股|航運業|10 -3 18|86 98 5 7|1.2 24|10 -2 0 -7 6
2637 慧洋-KY|航運業|21 29 29|100 100 7 23|1.6 173|19 11 -2 -15 -22
2641 正德|航運業|7 11 -26|86 88 -4 -8|2.2 32|3 -0 0 12 -4
2645 長榮航太|航運業|12 6 -6|85 97 -2 21|1.3 234|8 9 -1 -13 -6
2646 星宇航空|航運業|30 35 14|78 86 -9 -11|1.7 106|3 18 -0 17 -9
2707 晶華|觀光餐旅|1 10 2|90 95 -2 -3|0.9 33|6 -4 -0 -38 18
2723 美食-KY|觀光餐旅|-16 -16 -5|68 81 -12 -3|1.4 26|46 -18 -0 1 23
2727 王品|觀光餐旅|13 15 8|94 100 8 9|1.0 90|27 15 1 -26 -9
2731 雄獅|觀光餐旅|10 21 14|92 92 -1 -6|1.6 147|12 -26 3 14 77
2743 山富|觀光餐旅|5 10 5|67 83 -1 -17|1.1 7|1 6 0 2 -1
2745 五福|觀光餐旅|12 21 6|72 92 5 -7|0.8 14|1 -6 0 -4 6
2748 雲品|觀光餐旅|5 14 12|78 87 -5 -8|0.8 6|1 -7 0 -16 15
2752 豆府|觀光餐旅|14 15 5|82 82 -12 -15|1.1 5|1 1 0 na na
2753 八方雲集|觀光餐旅|8 3 -4|83 92 -4 -8|1.2 56|3 -26 0 -25 192
2754 亞洲藏壽司|觀光餐旅|4 14 3|68 80 -7 -22|1.4 5|68 -5 0 68 21
2755 揚秦|觀光餐旅|18 19 -1|89 89 -1 9|0.4 5|1 -12 0 -3 15
2762 世界健身-KY|運動休閒|10 8 -4|100 100 15 14|1.5 12|83 9 0 -4 19
2801 彰銀|金融保險|9 12 2|93 93 -2 2|1.6 470|17 -34 4 -28 191
2812 台中銀|金融保險|70 30 16|78 86 -12 -12|1.4 316|8 -15 -0 13 55
2816 旺旺保|金融保險|-7 13 7|100 100 7 11|1.6 6|2 11 0 43 1
2820 華票|金融保險|46 41 -20|96 96 -3 1|1.2 25|9 -23 -1 26 74
2832 台產|金融保險|14 3 3|98 98 7 1|1.0 11|4 8 0 -0 9
2834 臺企銀|金融保險|6 2 -1|96 96 2 3|1.2 495|16 -21 -0 32 36
2836 高雄銀|金融保險|9 0 -11|91 91 -8 -3|1.1 13|7 -16 -0 4 60
2838 聯邦銀|金融保險|63 27 11|96 96 2 6|1.0 32|4 1 -0 1 23
2845 遠東銀|金融保險|32 19 11|89 93 -5 -4|1.6 134|9 -14 -0 -2 79
2850 新產|金融保險|19 10 4|98 98 21 21|2.1 44|10 2 -4 13 13
2851 中再保|金融保險|-41 55 37|99 99 28 33|0.9 83|9 20 -1 -19 2
2852 第一保|金融保險|1 -3 -0|96 96 -1 -3|1.0 12|5 8 -1 39 -9
2855 統一證|金融保險|1002 386 226|100 100 56 100|1.4 404|14 -1 0 1 -1
2880 華南金|金融保險|33 22 13|86 86 -10 11|3.6 857|16 -21 16 16 159
2881 富邦金|金融保險|139 73 -53|100 100 19 20|3.0 3478|18 32 -20 7 -58
2882 國泰金|金融保險|200 63 39|100 100 13 35|1.9 3089|22 32 -28 -2 -50
2883 凱基金|金融保險|275 99 855|99 99 7 46|1.6 1394|31 7 -5 30 54
2884 玉山金|金融保險|48 21 -3|90 90 -10 2|1.8 1276|30 4 -12 20 6
2885 元大金|金融保險|70 78 51|99 99 25 64|1.7 1495|27 9 -15 9 44
2886 兆豐金|金融保險|18 12 6|97 100 3 3|2.0 992|22 1 12 -72 19
2887 台新新光金|金融保險|1119 509 305|96 96 -1 33|1.9 2691|23 10 -9 -1 8
2889 國票金|金融保險|3641 1236 902|84 84 -12 -9|0.8 37|8 -4 -0 5 7
2890 永豐金|金融保險|87 50 20|91 91 -7 12|1.5 1067|28 11 -3 37 8
2891 中信金|金融保險|32 31 -2|100 100 15 41|1.3 3061|34 18 -7 -28 -13
2892 第一金|金融保險|19 17 4|92 92 -6 -3|1.9 1263|25 -22 2 -18 511
2903 遠百|貿易百貨|1 7 8|90 90 -4 -8|1.2 42|8 -25 -4 6 83
2905 三商|貿易百貨|-56 -10 -15|80 80 -15 -8|0.9 7|4 7 0 1 -17
2908 特力|貿易百貨|5 8 10|100 100 4 6|2.2 6|2 12 0 -11 -23
2912 統一超|貿易百貨|5 6 2|88 95 3 -2|3.5 669|16 -28 21 -9 55
2913 農林|貿易百貨|-14 -6 -1|64 79 -15 -17|1.3 19|6 8 0 -0 3
2915 潤泰全|貿易百貨|-21 -28 -7|81 81 -16 -16|1.4 126|5 -9 -1 22 12
2916 滿心|居家生活|20 24 19|94 95 1 -4|2.9 7|21 -4 0 -8 100
3002 歐格|電腦及週|7 15 -14|66 67 -12 -14|1.7 5|3 3 0 -1 18
3003 健和興|電子零組|23 15 9|99 99 21 33|2.2 64|4 -3 0 5 10
3004 豐達科|鋼鐵工業|21 24 4|78 88 14 23|2.2 82|3 -2 2 -4 35
3005 神基|電腦及週|8 0 -8|69 82 -9 -5|0.8 491|12 10 -11 13 -10
3006 晶豪科|半導體業|349 222 142|99 99 47 210|1.2 6650|33 4 0 3 -45
3008 大立光|光電業|24 11 11|100 100 60 83|0.8 4965|34 5 2 39 -24
3010 華立|電子通路|13 19 18|98 98 12 33|0.9 201|18 -1 -3 -19 17
3011 今皓|電子零組|-43 -42 -2|85 95 11 17|2.1 15|5 11 0 -46 7
3013 晟銘電|電腦及週|41 17 7|88 88 11 3|2.5 330|5 2 -0 10 3
3014 聯陽|半導體業|-4 -4 -3|99 99 25 27|1.8 424|23 8 1 30 -34
3015 全漢|電子零組|-13 -11 -18|90 96 -0 9|2.8 24|9 8 2 18 9
3016 嘉晶|半導體業|33 23 17|91 91 108 164|3.6 293|5 -7 0 73 29
3017 奇鋐|電腦及週|72 86 -20|95 95 58 124|1.1 14636|53 -6 0 13 672
3019 亞光|光電業|20 13 0|90 95 2 17|1.5 1196|8 6 -0 -0 -20
3022 威強電|電腦及週|-4 -8 2|93 100 25 22|1.2 81|16 9 -1 12 -18
3023 信邦|電子零組|15 6 10|100 100 32 52|0.8 634|45 12 0 -19 -2
3024 憶聲|光電業|-71 -65 -21|79 79 31 39|1.3 66|3 1 0 -37 49
3025 星通|通信網路|76 92 60|92 92 25 69|2.9 57|8 0 0 -17 55
3026 禾伸堂|電子零組|21 6 2|100 100 484 537|0.3 1138|17 6 8 -46 -39
3027 盛達|通信網路|-79 -56 -24|49 69 -17 -13|1.6 8|2 3 0 1 14
3028 增你強|電子通路|106 92 47|96 96 54 129|0.6 461|12 -2 0 11 3
3029 零壹|資訊服務|14 1 -16|87 91 -7 -1|1.2 104|4 -6 0 35 12
3030 德律|其他電子|63 34 -5|97 97 66 180|0.8 1403|14 -1 -1 -0 -49
3031 佰鴻|光電業|18 7 1|96 96 60 76|0.7 84|3 2 -0 2 8
3032 偉訓|電子零組|-6 -1 -52|78 100 29 9|2.2 195|2 -7 0 31 35
3033 威健|電子通路|15 6 -10|91 91 55 66|1.7 1214|22 7 0 45 -32
3034 聯詠|半導體業|1 -11 -2|96 100 28 27|1.2 3171|37 13 3 7 -8
3035 智原|半導體業|-43 -62 -56|97 97 27 31|1.8 3360|9 -0 -0 -19 -4
3036 文曄|電子通路|79 76 30|95 95 55 118|0.8 3296|22 -9 4 -0 16
3037 欣興|電子零組|28 22 5|97 97 118 540|1.1 26269|39 1 2 -5 86
3038 全台|光電業|-6 -7 6|100 100 9 25|1.6 9|9 10 -0 3 -10
3040 遠見|其他|-1 9 10|56 64 8 -22|0.6 5|1 6 -0 -0 5
3041 揚智|半導體業|18 21 22|81 89 4 6|1.4 37|6 9 0 4 -6
3042 晶技|電子零組|1 4 2|94 94 118 152|3.0 2676|18 -3 2 58 64
3044 健鼎|電子零組|29 21 6|98 98 34 70|1.0 2351|48 2 1 -6 -19
3045 台灣大|通信網路|2 3 2|98 98 5 6|1.6 1555|14 2 12 -46 7
3046 建碁|電腦及週|94 27 2|100 100 30 39|5.2 16|5 4 0 23 -50
3047 訊舟|通信網路|-28 -40 12|66 78 -13 -9|1.4 17|4 14 0 0 -12
3048 益登|電子通路|22 20 17|92 92 75 82|2.3 956|10 4 0 34 -56
3049 精金|光電業|-72 -64 -50|73 73 15 100|0.6 89|3 5 0 -100 na
3050 鈺德|光電業|4 -7 -7|83 83 -6 12|1.3 9|7 5 0 -0 9
3051 力特|光電業|-6 -18 -8|94 94 25 61|2.4 92|3 1 0 -3 16
3052 夆典|建材營造|34 14 -17|78 87 -7 -6|1.2 5|2 -8 0 1 23
3054 立萬利|食品工業|2134 1325 913|76 76 64 201|0.5 14|1 2 0 -14 -1
3055 蔚華科|電子通路|336 113 81|88 88 55 85|1.8 492|2 0 0 40 8
3056 富華新|建材營造|-25 -60 -76|38 69 -21 -26|1.1 18|4 10 0 -1 -5
3057 喬鼎|電腦及週|34 37 17|94 94 31 65|1.4 8|3 6 0 na na
3059 華晶科|光電業|15 8 -11|74 100 16 11|2.8 250|10 -0 0 3 9
3060 銘異|電腦及週|12 1 -4|80 80 -12 10|1.1 59|9 11 0 3 -28
3062 建漢|通信網路|6 6 -14|95 95 16 34|1.1 239|13 4 0 4 -28
3066 李洲|光電業|23 19 4|89 89 37 64|0.7 10|2 11 0 -1 10
3071 協禧|電腦及週|31 33 27|100 100 43 56|1.1 23|4 10 0 -2 19
3078 僑威|電子零組|-46 -49 -39|65 81 1 -18|1.2 69|13 -4 0 -3 19
3081 聯亞|通信網路|115 99 -7|85 85 93 409|0.8 7122|22 -1 0 -1 16
3086 華義*|文化創意|-7 -13 -15|78 78 35 36|1.4 22|40 -13 0 -10 278
3088 艾訊|電腦及週|66 37 25|98 98 86 83|1.4 290|16 11 1 0 -4
3090 日電貿|電子零組|28 24 -1|99 99 141 179|0.5 1878|13 4 3 -10 -11
3092 鴻碩|電子零組|-15 -12 5|85 85 -10 116|0.6 18|2 -1 0 41 28
3093 港建*|其他電子|-26 -52 -65|69 69 89 112|0.5 95|68 -2 0 -13 16
3094 聯傑|半導體業|22 -0 -5|93 93 35 49|1.5 130|3 1 0 30 9
3105 穩懋|半導體業|49 36 20|86 86 81 303|1.1 13080|23 -1 0 1 21
3122 笙泉|半導體業|-0 -8 5|79 79 26 49|0.8 19|3 3 0 -24 -75
3130 一零四|數位雲端|9 2 -4|95 98 -2 -2|1.2 6|21 -13 0 0 2
3131 弘塑|半導體業|-4 16 -34|90 90 89 124|1.0 1457|36 -3 -2 -33 20
3135 凌航|半導體業|608 284 na|na 96 99 417|0.6 1089|5 -1 0 na -8
3138 耀登|通信網路|17 23 12|77 77 -23 100|0.5 261|2 2 0 -7 9
3141 晶宏|半導體業|10 9 -1|95 95 77 87|2.9 249|8 -2 0 -1 73
3147 大綜|資訊服務|90 2 -30|100 100 9 14|1.8 57|4 12 0 15 -9
3149 正達|光電業|-19 9 1|100 100 49 133|2.3 1051|6 -1 0 -18 -4
3152 璟德|通信網路|2 -5 11|92 92 30 66|1.8 232|18 5 0 -27 -29
3162 精確|電機機械|-0 -3 -35|90 90 58 57|1.1 418|47 -2 0 17 57
3163 波若威|通信網路|17 15 -8|82 82 47 283|1.4 1929|15 -3 -5 -4 36
3167 大量|電機機械|114 128 21|89 89 154 299|0.8 1014|10 -5 -2 10 -19
3169 亞信|半導體業|0 -6 -8|98 98 23 34|1.5 114|4 1 0 11 1
3176 基亞|生技醫療|-10 -34 -23|82 82 11 8|1.1 23|5 -4 0 14 54
3178 公準|半導體業|-3 -1 6|94 94 25 46|1.1 10|2 -2 0 6 2
3188 鑫龍騰|建材營造|915 950 443|72 72 -22 -17|0.7 9|2 -16 0 23 46
3189 景碩|半導體業|27 21 -9|100 100 154 486|0.7 13258|23 6 -0 13 -36
3205 佰研|生技醫療|68 56 61|85 85 4 17|0.3 8|1 2 0 3 0
3206 志豐|電子零組|-8 -20 -4|96 96 19 22|2.0 7|3 -4 0 33 46
3207 耀勝|電子零組|-10 -6 -29|81 81 -14 -1|2.1 29|2 -1 0 -4 16
3209 全科|電子通路|84 44 31|93 93 111 130|1.2 459|19 3 0 39 5
3211 順達|電腦及週|19 32 13|93 93 49 65|1.3 4230|26 6 -3 27 -32
3213 茂訊|電腦及週|24 23 19|94 100 24 20|1.4 77|8 14 -0 -24 -48
3217 優群|電子零組|-13 -6 -15|93 93 29 17|1.5 446|10 9 -5 7 -2
3218 大學光|生技醫療|7 4 6|68 97 14 -3|1.6 39|6 2 0 -3 45
3219 倚強科|其他電子|30 31 -22|74 87 38 41|1.0 72|1 -2 0 13 -2
3221 台嘉碩|通信網路|14 2 -0|96 96 86 178|1.4 525|6 -0 0 -2 -26
3224 三顧|電子通路|-4 -7 -11|74 74 -10 -17|0.6 8|1 -1 0 -0 27
3227 原相|半導體業|4 -5 -4|91 99 23 12|1.6 619|22 7 2 -10 -23
3228 金麗科|半導體業|-13 6 16|76 76 47 43|1.1 249|7 -0 0 na -78
3229 晟鈦|電子零組|56 42 18|100 100 154 260|2.1 33|2 2 0 na na
3230 錦明|光電業|18 -0 12|47 68 -25 -24|1.1 19|2 7 0 -24 10
3231 緯創|電腦及週|112 136 2|100 100 29 25|1.6 6400|31 8 0 6 10
3234 光環|通信網路|12 -8 -15|95 95 37 203|0.9 217|3 3 0 na na
3236 千如|電子零組|38 16 -1|98 98 103 123|1.4 393|18 3 0 10 -32
3257 虹冠電|半導體業|-52 -44 -62|90 97 14 18|5.4 29|1 -3 0 18 24
3260 威剛|半導體業|170 155 63|84 84 68 153|0.6 7132|18 -0 -5 -0 1
3264 欣銓|半導體業|28 26 10|90 90 60 152|1.3 2477|30 -3 -3 -12 54
3265 台星科|半導體業|38 27 10|97 97 46 96|0.8 410|8 1 -1 -11 -23
3287 廣寰科|電腦及週|-2 -3 -27|95 100 33 26|6.4 9|1 0 0 6 -7
3289 宜特|其他電子|-4 -7 -15|79 79 31 64|0.4 410|7 -2 -0 -17 19
3290 東浦|電子零組|69 69 39|95 97 10 14|1.3 38|7 -0 0 -3 20
3293 鈊象|文化創意|15 17 2|89 97 15 3|1.5 1257|22 -7 9 -3 24
3294 英濟|電子零組|-10 -8 0|68 92 10 2|1.5 89|7 -3 0 8 42
3303 岱稜|其他電子|18 4 3|92 92 6 7|1.1 21|4 -5 0 -3 -5
3305 昇貿|其他電子|60 65 30|100 100 43 80|1.7 1859|8 3 0 34 -64
3306 鼎天|通信網路|-21 -4 -18|71 90 8 -3|1.5 11|3 2 0 -6 10
3311 閎暉|通信網路|5 -10 -2|88 100 6 15|3.7 10|2 2 0 23 -43
3312 弘憶股|電子通路|21 0 -8|100 100 47 52|2.5 153|4 3 0 3 -25
3317 尼克森|半導體業|11 9 1|95 95 76 69|1.7 610|11 1 0 -17 -22
3321 同泰|電子零組|11 -2 -9|86 86 7 18|2.9 7|2 2 0 na na
3322 建舜電|電子零組|32 9 2|77 77 -6 10|0.9 13|3 -1 0 7 34
3323 加百裕|電腦及週|-4 -10 -0|70 89 15 7|2.9 75|6 2 0 0 2
3324 雙鴻|其他電子|41 67 7|94 94 18 29|0.7 2827|22 -9 -1 4 77
3338 泰碩|電子零組|-7 -13 -5|94 94 39 72|0.8 136|2 -3 0 7 16
3339 泰谷|光電業|11 32 -15|62 62 69 77|0.5 132|4 -1 0 33 30
3346 麗清|汽車工業|-15 -20 -3|88 100 12 30|2.1 10|2 -1 0 4 31
3354 律勝|電子零組|52 19 26|98 98 19 116|1.2 60|3 0 0 47 22
3356 奇偶|光電業|21 14 19|95 95 32 33|1.4 81|8 3 0 -7 -25
3357 臺慶科|電子零組|15 8 -6|99 99 74 84|1.8 2007|15 -2 -0 110 76
3360 尚立|電子通路|-4 24 -7|80 80 -9 14|0.6 8|2 -5 0 -2 24
3362 先進光|光電業|-4 1 1|86 99 21 32|1.1 158|4 1 0 -10 13
3363 上詮|通信網路|-37 -12 -29|82 82 45 120|1.0 2116|17 -5 0 11 67
3372 典範|半導體業|33 27 -5|86 86 1 29|2.0 18|3 17 0 -25 na
3374 精材|半導體業|26 19 11|94 94 51 90|1.6 4286|10 -2 0 35 60
3376 新日興|電子零組|-10 -14 8|81 92 -0 19|1.2 1111|23 9 -2 -13 -10
3379 彬台|電機機械|-79 -53 -119|52 75 10 -22|1.0 29|1 -2 0 -6 43
3380 明泰|通信網路|-31 3 -7|93 93 13 33|1.0 103|7 -2 -0 1 24
3388 崇越電|電子零組|33 17 14|88 88 71 72|2.2 171|7 -2 0 -17 11
3390 旭軟|電子零組|49 3 -0|96 96 21 33|1.5 49|5 1 0 -2 21
3402 漢科|其他電子|20 12 10|95 95 17 26|2.4 136|9 -2 0 -6 9
3406 玉晶光|光電業|25 15 0|100 100 38 31|1.2 971|44 3 -1 -5 -3
3413 京鼎|半導體業|6 12 -5|88 94 6 14|1.9 850|17 3 -1 28 12
3416 融程電|電腦及週|56 36 9|91 97 22 29|2.0 101|3 -1 0 3 -1
3419 譁裕|通信網路|-0 -1 -14|79 79 -17 14|0.8 6|2 -3 0 -11 na
3430 奇鈦科|化學工業|14 30 8|89 89 142 186|0.9 543|2 -3 0 -9 104
3437 榮創|光電業|-22 -25 -2|81 81 56 85|0.5 68|5 1 0 -1 13
3438 類比科|半導體業|-15 -23 -15|100 100 68 54|2.0 66|3 -1 0 -6 9
3441 聯一光電|光電業|45 24 -5|94 94 64 49|2.2 142|3 -0 0 41 22
3443 創意|半導體業|157 83 17|81 81 76 135|1.4 14368|29 -1 2 -8 16
3444 利機|電子通路|-2 1 -3|89 89 74 96|3.2 71|11 -2 0 74 1
3447 展達|通信網路|9 13 -10|47 72 -8 -23|1.3 9|2 5 0 -13 3
3450 聯鈞|半導體業|45 -6 1|100 100 77 151|0.5 3880|23 4 1 23 -53
3455 由田|光電業|-3 -42 -24|79 79 121 174|0.8 330|17 -5 0 -23 47
3466 德晉|通信網路|2243 1032 792|65 69 -9 -32|0.9 26|10 -6 0 7 46
3467 台灣精材|半導體業|40 22 18|92 92 88 91|2.6 28|2 3 0 57 62
3479 安勤|電腦及週|9 7 -1|96 96 50 35|3.2 145|6 1 0 56 -27
3481 群創|光電業|12 17 9|100 100 96 356|1.4 25765|26 4 0 20 -4
3483 力致|電腦及週|4 6 1|89 100 19 13|1.3 94|10 12 1 -10 -30
3484 崧騰|電子零組|-16 -11 -7|82 86 -3 -11|1.0 13|7 -5 0 5 17
3490 單井|光電業|51 32 31|87 87 57 62|1.2 118|5 -1 0 68 22
3491 昇達科|通信網路|84 59 36|98 98 42 341|0.5 3310|35 5 1 3 -3
3498 陽程|其他電子|138 137 37|90 90 129 179|0.2 201|16 4 0 20 -44
3501 維熹|電子零組|-19 -21 -9|71 71 -19 -13|1.6 14|3 -2 0 -31 13
3504 揚明光|光電業|2 2 1|91 91 23 61|1.1 133|3 -1 0 34 28
3508 位速|其他電子|-19 -15 -26|38 38 -43 -6|0.3 8|1 3 0 na na
3511 矽瑪|電子零組|-10 -9 -1|93 93 16 14|0.9 9|3 5 0 3 4
3515 華擎|電腦及週|-47 -7 -58|75 94 11 5|1.6 179|8 7 -0 -23 10
3518 柏騰|其他電子|-38 -38 -24|82 82 42 61|1.7 53|8 3 0 16 9
3526 凡甲|電子零組|40 15 -2|92 92 37 61|1.0 340|23 8 2 20 11
3527 聚積|半導體業|-20 -18 -3|79 87 0 9|0.9 16|8 5 0 9 -13
3528 安馳|電子通路|83 79 -8|100 100 82 95|4.1 80|6 2 0 88 3
3529 力旺|半導體業|13 18 10|70 70 45 66|1.1 3642|69 11 -4 -19 -54
3530 晶相光|半導體業|39 42 17|86 86 9 21|1.2 27|42 -1 0 -1 19
3532 台勝科|半導體業|14 9 5|100 100 159 304|1.1 355|44 -4 1 27 6
3533 嘉澤|電子零組|15 15 2|94 94 57 130|0.6 4204|45 2 3 -35 -7
3535 晶彩科|光電業|-2 1610 -187|91 91 -4 95|0.5 566|2 -2 0 -13 -2
3537 堡達|電子零組|-6 -4 -7|100 100 82 72|5.6 129|5 2 0 295 -19
3540 曜越|電腦及週|-31 -9 -28|70 77 -3 -8|1.3 8|3 3 0 -9 13
3543 州巧|光電業|-9 -13 -6|65 65 -30 -13|0.5 41|7 -4 0 -27 1
3545 敦泰|半導體業|-14 -17 1|85 97 13 22|1.2 164|14 8 -0 3 -28
3546 宇峻|文化創意|32 69 48|83 97 23 1|1.4 36|8 9 0 7 -18
3548 兆利|電子零組|-30 -37 -22|75 83 23 6|0.7 57|4 -1 0 1 -0
3550 聯穎|電子零組|25 9 2|91 91 16 71|0.8 66|7 3 0 -5 -8
3551 世禾|綠能環保|12 14 -4|97 97 25 39|2.0 424|6 -1 -0 10 33
3552 同致|其他電子|3 -8 -5|71 82 16 -16|1.2 15|10 -5 0 -1 14
3555 博士旺|半導體業|2832 3885 2228|76 76 94 203|0.8 55|2 -4 0 4 49
3556 禾瑞亞|半導體業|-2 -4 -13|100 100 74 97|2.5 31|7 2 0 32 16
3558 神準|通信網路|-25 -25 -31|75 96 9 6|3.8 38|1 -3 1 1 9
3563 牧德|光電業|4 7 -63|86 86 32 84|0.6 1725|6 -1 1 -8 -11
3564 其陽|通信網路|6 14 7|73 96 17 9|3.6 9|4 1 0 13 -16
3567 逸昌|半導體業|14 -2 5|91 91 10 15|1.0 5|3 1 0 -3 36
3570 大塚|資訊服務|22 -15 -20|77 96 1 4|1.8 7|45 3 0 190 -20
3576 聯合再生|光電業|2 -32 11|69 69 -24 199|0.9 421|13 6 0 na na
3577 泓格|電腦及週|89 54 35|95 95 163 155|2.7 229|2 -0 2 27 45
3580 友威科|其他電子|71 -2 20|100 100 82 100|1.3 423|13 -0 0 38 30
3581 博磊|半導體業|48 24 4|87 87 270 271|1.7 80|14 -10 0 56 13
3583 辛耘|半導體業|11 10 -4|90 90 136 185|0.8 2052|16 -4 4 -16 54
3587 閎康|其他電子|23 17 4|82 82 62 71|0.4 673|12 -0 0 -4 26
3588 通嘉|半導體業|15 15 19|94 94 22 43|1.0 42|6 12 0 -15 -7
3591 艾笛森|光電業|1 3 13|95 95 39 48|0.5 56|7 7 0 25 -18
3592 瑞鼎|半導體業|14 1 8|79 100 24 38|1.9 331|16 -4 4 -22 23
3594 磐儀|電腦及週|50 44 14|91 91 24 32|0.6 35|3 3 0 -10 26
3596 智易|通信網路|1 -1 -9|82 97 5 12|1.0 340|32 6 -0 19 12
3605 宏致|電子零組|17 9 2|87 87 22 28|0.7 416|11 -4 0 -22 25
3607 谷崧|電子零組|-11 -3 10|100 100 13 26|1.7 7|7 5 0 -12 -1
3609 三一東林|電子零組|2 -13 -103|56 66 -7 -34|2.0 7|2 -11 0 26 45
3611 鼎翰|電腦及週|-1 -5 -22|89 89 1 -10|1.2 9|12 -6 0 0 10
3615 安可|光電業|-30 -34 -22|97 97 55 110|2.0 453|6 -0 0 2 -1
3617 碩天|其他電子|1 3 8|77 99 10 8|1.8 66|9 3 -0 7 -8
3622 洋華|光電業|19 16 -0|80 83 -2 -13|1.7 26|4 -6 0 8 18
3624 光頡|電子零組|21 15 7|100 100 113 136|1.1 579|54 2 2 138 3
3625 西勝|電腦及週|-43 -7 -3|45 70 -7 -21|1.2 8|5 2 0 na na
3628 盈正|其他電子|13 12 -1|70 84 8 -7|0.9 10|4 -3 0 -17 6
3630 新鉅科|光電業|-4 10 -10|64 69 -12 -3|0.8 25|40 0 0 -0 3
3631 晟楠|電子零組|39 41 43|88 88 32 61|0.8 7|8 1 0 6 15
3645 達邁|電子零組|16 11 8|91 91 57 109|0.8 1037|14 -0 -0 -15 45
3653 健策|電子零組|27 10 -18|71 71 26 47|1.1 4157|26 -6 -6 59 -12
3661 世芯-KY|半導體業|-32 -52 1|90 90 41 63|0.9 10802|55 1 -0 0 -17
3663 鑫科|其他電子|1 66 29|98 98 67 106|1.1 441|4 -0 0 -2 -15
3665 貿聯-KY|其他電子|19 23 -6|72 72 41 36|0.5 5915|57 16 -14 55 -3
3669 圓展|通信網路|17 25 17|97 97 23 50|1.3 11|3 4 0 -24 6
3673 TPK-KY|光電業|6 16 15|100 100 115 120|2.5 2271|43 -1 0 25 140
3675 德微|半導體業|19 13 15|90 90 121 176|0.9 564|61 4 1 97 24
3679 新至陞|電子零組|-3 -17 -11|93 100 5 9|1.5 8|9 5 0 -19 -0
3680 家登|半導體業|53 18 -1|88 88 45 58|0.8 1881|24 3 -1 -10 -32
3684 榮昌|通信網路|0 4 -17|85 85 -4 26|0.9 6|2 10 0 -8 -53
3685 元創精密|電機機械|74 53 34|61 62 -14 -16|0.9 8|0 0 0 -3 na
3686 達能|半導體業|-64 10 -6|76 76 -20 2|0.9 6|2 4 0 na na
3687 歐買尬|數位雲端|11 6 -3|90 91 12 -2|2.9 7|5 -0 0 2 5
3689 湧德|電子零組|44 33 11|97 97 33 33|1.4 394|12 -2 0 -8 84
3691 碩禾|光電業|163 171 81|100 100 42 141|2.6 453|9 -1 0 17 98
3693 營邦|電腦及週|11 -21 8|87 87 51 107|0.6 841|14 1 -1 -18 6
3694 海華|通信網路|-3 7 -16|66 96 14 8|1.6 154|4 -4 0 11 113
3701 大眾控|電腦及週|-30 -33 -5|71 71 -14 89|0.2 158|5 -3 0 -12 18
3702 大聯大|電子通路|39 26 12|96 96 75 87|0.6 1288|35 -2 -3 112 42
3703 欣陸|建材營造|-9 -13 -20|84 85 -9 -8|1.6 26|20 -15 -0 -7 58
3704 合勤控|通信網路|43 17 22|100 100 38 39|2.0 160|14 16 0 -6 -47
3705 永信|生技醫療|-2 -14 -9|87 97 2 0|0.9 11|7 13 0 -15 -12
3706 神達|電腦及週|32 33 -19|87 99 18 6|2.4 1586|12 4 3 -4 32
3707 漢磊|半導體業|31 22 11|93 93 58 72|2.2 2059|14 0 0 4 16
3708 上緯投控|綠能環保|37 -10 19|80 90 -3 14|1.7 127|8 6 0 -15 6
3709 鑫聯大投控|電腦及週|9 3 -33|93 93 30 65|0.5 284|8 -0 0 -15 -43
3711 日月光投控|半導體業|19 17 6|94 94 62 186|1.4 14988|77 -7 1 31 38
3712 永崴投控|電腦及週|-8 -21 -32|39 70 -21 -22|1.4 18|2 10 0 -8 -10
3714 富采|光電業|4 -6 3|88 88 85 134|1.3 2494|11 -3 -0 -5 36
3715 定穎投控|電子零組|31 32 16|89 89 19 68|0.5 2519|11 3 -0 -16 -10
3716 中化控股|生技醫療|-6 -4 na|92 98 1 1|1.3 10|9 12 0 -20 10
3717 聯嘉投控|汽車工業|na na na|na 91 28 32|1.1 54|4 1 0 17 14
4104 佳醫|生技醫療|15 9 3|84 90 -5 -10|1.0 27|3 -7 0 14 46
4105 東洋|生技醫療|18 4 -5|90 90 -6 -3|0.9 47|20 -3 6 3 10
4107 邦特|生技醫療|6 2 -2|88 91 -4 -10|2.0 12|8 -2 0 -42 4
4114 健喬|生技醫療|14 8 -5|77 91 -3 -6|1.7 29|6 -11 0 -2 38
4119 旭富|生技醫療|-46 -10 -0|60 76 -20 -12|1.1 9|5 0 0 -1 30
4123 晟德|生技醫療|28 21 16|78 78 -22 5|0.6 83|9 -12 -0 -1 18
4127 天良|生技醫療|67 84 27|99 99 90 122|1.5 24|1 -0 0 91 23
4128 中天|生技醫療|2 8 -1|51 66 -15 -30|1.1 23|4 -4 0 6 15
4129 聯合|生技醫療|12 12 -7|68 72 -14 -25|1.0 26|12 -30 0 -5 86
4137 麗豐-KY|生技醫療|4 -8 -16|91 91 -5 9|1.4 22|56 -9 0 -2 45
4142 國光生|生技醫療|474 852 572|80 82 -4 -11|1.0 20|5 -5 0 3 25
4147 中裕|生技醫療|22 8 4|56 75 2 -20|2.1 57|8 -6 0 4 21
4155 訊映|生技醫療|-9 -3 8|84 95 1 -1|1.6 8|1 1 0 33 28
4162 智擎|生技醫療|-2 -8 -13|64 74 -13 -26|1.4 25|9 14 0 -2 -2
4163 鐿鈦|生技醫療|20 -3 -8|98 98 16 28|3.0 10|3 -2 0 188 50
4164 承業醫|生技醫療|22 16 -3|55 72 -11 -27|0.7 24|19 -18 0 5 25
4166 友霖|生技醫療|28 9 na|na 84 -3 -4|1.4 8|11 -1 0 86 63
4167 松瑞藥|生技醫療|-19 -13 -13|92 92 12 11|0.9 16|11 0 0 0 11
4168 醣聯|生技醫療|186 na na|86 89 7 22|2.4 8|5 -2 0 -7 na
4174 浩鼎|生技醫療|-33 -43 -67|37 48 -26 -55|1.2 15|7 -6 0 -3 148
4303 信立|塑膠工業|23 3 -179|59 73 -11 -25|0.8 34|3 -3 0 -4 6
4306 炎洲|塑膠工業|24 7 13|91 99 4 7|1.4 20|6 23 0 8 5
4417 金洲|紡織纖維|2 -18 -17|80 81 -12 -18|1.1 8|4 -13 0 13 36
4441 振大環球|紡織纖維|37 21 na|na 76 -13 -22|1.2 19|2 2 -5 -1 17
4503 金雨|電機機械|38 40 -61|65 83 11 -16|1.2 11|3 -2 0 -6 38
4506 崇友|電機機械|4 14 6|88 95 2 -4|2.1 8|3 7 0 300 35
4510 高鋒|電機機械|46 36 20|98 100 31 38|2.5 187|8 2 0 -12 -1
4513 福裕|電機機械|15 66 48|63 65 -10 -13|1.1 6|5 10 0 4 -2
4523 永彰|電機機械|-2 18 -8|76 86 -7 4|0.9 6|3 -3 0 -15 37
4526 東台|電機機械|-10 -25 -6|97 97 25 41|2.3 414|8 5 0 -8 -25
4532 瑞智|電機機械|4 -4 12|82 94 0 10|1.1 24|17 17 -2 5 4
4533 協易機|電機機械|7 2 -5|79 79 -13 50|1.0 91|6 5 0 6 -29
4534 慶騰|電機機械|29 10 8|88 88 -1 85|2.0 18|2 5 0 na na
4536 拓凱|運動休閒|-17 -15 -3|83 94 -4 -2|1.1 47|12 5 -2 48 -1
4540 全球傳動|電機機械|33 48 10|100 100 48 124|1.6 919|12 0 0 -22 10
4541 晟田|其他|45 30 5|73 90 9 -2|1.3 49|6 -5 0 9 40
4542 科嶠|電子零組|7 -1 -74|94 94 90 426|0.9 146|7 -3 0 -7 5
4543 萬在|電機機械|9 18 -0|100 100 48 74|0.9 15|10 -1 0 11 1
4545 銘鈺|電子零組|23 -3 -0|99 99 20 31|2.8 6|29 -1 0 40 1
4549 桓達|電機機械|-26 -20 -14|94 100 42 18|4.3 33|2 -2 3 51 13
4551 智伸科|汽車工業|18 17 15|91 97 21 38|1.1 121|53 7 3 -15 7
4555 氣立|電機機械|10 3 -2|98 98 51 42|4.4 18|2 -1 0 52 -31
4556 旭然|其他|-10 7 3|88 88 50 70|0.6 17|11 1 0 -58 116
4557 永新-KY|汽車工業|-29 -31 -14|40 53 -38 -41|1.7 7|30 -15 0 -16 15
4560 強信-KY|電機機械|14 3 2|81 87 -2 3|0.8 9|85 1 0 18 8
4561 健椿|電機機械|23 -2 5|100 100 61 66|2.9 47|4 1 0 17 27
4562 穎漢|電機機械|10 -8 1|73 100 22 29|2.0 102|2 1 0 -8 0
4563 百德|電機機械|18 -15 5|73 73 6 10|1.1 16|2 4 0 -9 7
4564 元翎|電機機械|-34 -37 -14|73 73 -26 -3|0.9 19|3 -3 0 -20 12
4566 時碩工業|電機機械|6 5 4|97 97 25 38|1.9 81|1 -5 0 -23 50
4569 六方科-KY|汽車工業|1 -0 -17|79 83 11 18|0.6 35|67 -2 0 -2 35
4571 鈞興-KY|電機機械|10 -1 -0|94 94 14 36|1.5 324|66 10 -0 -6 -61
4572 駐龍|電機機械|-10 8 22|81 94 0 3|1.3 6|2 12 0 1 -17
4576 大銀微系統|電機機械|40 37 10|92 92 110 164|1.2 1665|6 2 0 -29 46
4577 達航科技|其他電子|63 75 42|61 61 36 91|0.8 171|3 1 0 -5 -11
4580 捷流閥業|電機機械|-0 5 7|87 100 5 3|1.4 6|4 14 0 -24 2
4583 台灣精銳|電機機械|35 10 7|83 89 4 19|0.8 145|1 4 -0 -2 -20
4585 達明|其他電子|16 2 na|na 93 4 28|1.8 272|1 1 -0 94 -3
4588 玖鼎電力|其他電子|-84 -42 -95|74 78 -12 -3|1.8 9|3 -13 0 7 15
4590 富田-創|電機機械|-35 -25 na|na na -9 na|1.4 15|2 2 0 na na
4707 磐亞|化學工業|-49 -35 -19|100 100 78 86|0.9 27|2 -0 0 28 85
4714 永捷|化學工業|96 83 -8|63 73 -11 -16|1.3 13|3 -9 0 -2 1
4716 大立|化學工業|-2 -9 -1|84 89 5 -6|1.0 7|4 1 0 1 1
4720 德淵|化學工業|18 8 10|91 91 53 86|0.9 112|5 -0 -0 19 21
4721 美琪瑪|化學工業|-32 47 17|94 94 47 37|0.8 171|10 -3 0 -3 93
4722 國精化|化學工業|3 -9 -2|100 100 42 93|0.6 1322|6 2 -0 12 -26
4726 永昕|生技醫療|301 173 117|67 75 -18 -18|1.1 8|21 -3 0 -18 na
4729 熒茂|光電業|11 -6 -9|94 98 21 19|1.7 31|2 0 0 29 3
4736 泰博|生技醫療|-6 9 14|92 92 -2 -1|0.9 27|5 -21 0 -8 71
4737 華廣|生技醫療|-8 -11 -0|71 79 5 -3|0.6 7|29 -1 0 11 11
4739 康普|化學工業|96 131 36|100 100 38 70|1.4 538|13 9 -1 35 -24
4741 泓瀚|化學工業|20 17 22|91 91 160 178|0.6 95|3 0 0 -8 36
4743 合一|生技醫療|102 72 35|65 68 -4 -22|1.1 122|7 -11 0 15 30
4744 皇將|生技醫療|-28 -30 -43|94 94 22 26|0.7 10|4 0 0 -5 22
4746 台耀|生技醫療|-26 -17 -14|77 81 -4 -16|1.3 61|8 -15 6 -0 98
4749 新應材|半導體業|-12 20 -3|91 91 21 35|0.7 2977|13 -3 -1 -8 62
4755 三福化|化學工業|-13 -12 -6|90 90 3 53|0.9 81|25 7 2 -36 14
4760 勤凱科技|其他電子|63 52 18|92 92 153 152|2.0 643|16 -5 0 110 90
4763 材料*-KY|化學工業|-42 -42 -11|43 76 -9 -21|1.0 240|46 -1 -0 2 4
4764 雙鍵|化學工業|21 32 25|91 91 143 534|1.0 240|27 -10 3 64 87
4766 南寶|化學工業|15 6 6|85 95 14 16|1.0 504|14 -5 -1 17 2
4768 晶呈科技|化學工業|192 147 52|91 91 8 139|1.4 520|8 -3 0 -1 33
4770 上品|化學工業|44 9 19|82 96 6 27|2.2 122|7 -1 0 69 1
4771 望隼|生技醫療|47 29 4|96 100 11 11|1.3 47|7 6 0 -15 1
4772 台特化|化學工業|210 258 52|81 81 1 1|0.8 520|5 -4 -0 4 7
4807 日成-KY|貿易百貨|47 39 23|100 100 60 60|2.8 10|67 1 0 26 31
4903 聯光通|通信網路|44 58 -98|83 83 10 11|0.3 135|3 0 0 -11 10
4904 遠傳|通信網路|11 7 -0|99 99 4 5|1.8 649|22 -13 9 -4 3
4906 正文|通信網路|-23 -36 4|100 100 96 109|1.4 1025|14 5 -0 27 -23
4908 前鼎|通信網路|5 8 2|78 78 129 203|0.9 209|11 -4 1 42 128
4909 新復興|通信網路|44 -10 58|77 77 -17 27|0.6 61|9 -1 0 -1 16
4912 聯德控股-KY|電子零組|30 21 9|99 99 14 46|2.7 150|25 3 0 27 -49
4915 致伸|電子零組|13 0 -6|85 90 -1 -7|1.7 272|32 -30 -1 46 87
4916 事欣科|電腦及週|50 38 20|100 100 87 165|1.1 577|21 4 -0 4 -19
4919 新唐|半導體業|2 -4 1|95 95 160 318|1.4 4699|9 -1 1 -13 6
4923 力士|半導體業|14 25 5|91 91 50 57|4.7 37|1 -0 0 86 14
4927 泰鼎-KY|電子零組|-8 -11 0|90 90 20 174|1.2 687|11 3 0 -15 -20
4931 新盛力|電腦及週|97 41 3|100 100 86 81|1.4 2463|11 2 0 -21 -37
4933 友輝|光電業|-6 -10 -8|98 99 34 26|1.5 67|7 7 3 -18 5
4934 太極|光電業|108 130 112|83 83 -17 48|0.9 26|3 2 0 na na
4938 和碩|電腦及週|-15 -11 -4|100 100 27 29|1.7 965|31 -9 1 -8 108
4939 亞電|電子零組|9 -10 -3|100 100 74 97|3.6 130|9 4 0 27 -23
4946 辣椒|文化創意|-39 -33 -619|41 66 -27 2|0.7 6|4 1 0 na na
4949 有成精密|光電業|44 41 26|96 96 114 185|0.8 333|3 0 -0 -29 10
4951 精拓科|半導體業|0 5 0|88 88 84 84|1.5 101|4 -3 0 -14 75
4952 凌通|半導體業|10 7 14|93 93 16 51|1.9 58|6 4 0 3 -33
4953 緯致|資訊服務|33 28 8|96 96 22 6|2.2 47|11 -4 0 39 17
4956 光鋐|光電業|16 8 1|83 83 77 155|0.7 156|11 -4 -0 -1 40
4958 臻鼎-KY|電子零組|12 5 2|100 100 177 290|0.8 21974|64 -0 1 -15 -15
4960 誠美材|光電業|-6 -17 -9|75 75 134 158|0.6 424|19 -9 0 -1 29
4961 天鈺|半導體業|-3 -4 9|81 98 17 26|0.9 250|20 7 1 -21 -21
4966 譜瑞-KY|半導體業|-4 -2 1|99 99 75 33|1.9 2247|34 5 7 11 -29
4967 十銓|半導體業|79 59 21|95 95 41 130|0.6 2665|9 -3 0 -14 16
4968 立積|半導體業|-0 -1 -7|70 83 -4 -12|0.7 147|5 -1 -0 2 7
4971 IET-KY|半導體業|25 28 -24|90 90 75 346|0.1 270|13 -8 0 -11 98
4973 廣穎電通|半導體業|106 82 58|98 98 291 380|1.4 897|8 1 0 -7 15
4974 亞泰|電子零組|14 -6 15|81 99 9 9|2.3 20|5 11 0 -6 -24
4976 佳凌|光電業|1 1 9|56 92 5 5|1.7 27|4 8 0 6 -18
4977 眾達-KY|通信網路|-43 -27 -5|80 80 25 120|0.4 1531|16 -0 -0 -2 3
4979 華星光|通信網路|8 6 -9|91 91 55 212|1.1 1566|14 -5 -0 16 22
4989 榮科|電子零組|29 54 23|92 92 52 156|0.8 1246|4 -2 0 3 26
4991 環宇-KY|半導體業|68 39 -5|84 84 120 343|1.5 2430|18 4 -3 -10 -4
5009 榮剛|鋼鐵工業|-0 -8 -1|86 90 3 12|0.9 172|11 1 2 -5 -2
5011 久陽|鋼鐵工業|-21 -18 -21|99 99 21 91|3.2 10|3 4 0 113 10
5203 訊連|資訊服務|-11 -2 -14|62 70 6 -28|1.6 16|12 -4 -0 6 2
5209 新鼎|其他|-28 -26 -15|92 95 4 3|1.2 8|2 13 0 164 4
5210 寶碩|資訊服務|11 1 -13|95 100 38 39|3.4 13|1 5 0 na na
5213 亞昕|建材營造|14 -52 -180|85 97 9 13|1.1 21|1 13 0 -8 -10
5215 科嘉-KY|電腦及週|73 47 37|100 100 27 33|1.8 16|26 -0 0 20 104
5222 全訊|半導體業|46 -16 10|80 85 -8 1|0.5 68|4 -7 0 -11 -2
5225 東科-KY|其他電子|-11 -14 0|67 71 -21 -24|1.1 21|41 9 0 -14 -10
5228 鈺鎧|電子零組|62 41 3|100 100 191 268|1.1 28|2 0 0 -9 -2
5234 達興材料|光電業|2 3 -7|89 89 7 34|0.7 317|11 -2 -2 -2 11
5236 凌陽創新|半導體業|28 19 10|98 98 43 49|1.2 90|6 9 0 41 -52
5243 乙盛-KY|光電業|-9 -6 8|92 92 49 49|1.5 617|56 -3 0 4 20
5244 弘凱|光電業|-10 -15 -10|76 76 -1 4|0.3 19|2 -7 0 -5 18
5258 虹堡|電腦及週|22 7 3|66 71 2 -18|1.7 109|5 -7 0 8 101
5263 智崴|文化創意|62 46 38|81 81 5 12|1.1 29|15 7 0 -3 -14
5269 祥碩|半導體業|-18 13 -51|76 98 18 29|1.1 2949|8 -4 2 -2 28
5272 笙科|半導體業|-22 -18 -14|83 83 2 22|0.6 8|4 2 0 4 29
5274 信驊|半導體業|82 70 31|98 98 114 179|1.0 5115|54 7 -5 1 -15
5278 尚凡*|數位雲端|18 15 -5|50 69 -18 -24|0.7 15|1 -12 0 -10 36
5283 禾聯碩|電器電纜|1 -5 -3|62 83 -11 -10|1.5 7|1 -3 0 7 60
5284 jpp-KY|其他|55 51 -10|99 99 68 65|0.8 722|54 -2 1 -5 21
5285 界霖|半導體業|28 7 2|99 99 79 79|4.5 251|5 1 0 -29 54
5287 數字|數位雲端|-4 -2 -3|83 86 -7 -13|1.7 12|16 -26 0 22 59
5288 豐祥-KY|電機機械|25 8 10|91 91 11 19|0.7 27|59 -4 0 -10 17
5289 宜鼎|電腦及週|583 490 289|100 100 156 294|1.0 7987|23 -3 1 -13 5
5291 邑昇|電子零組|69 37 18|91 91 43 171|0.4 122|4 1 0 -7 9
5292 華懋|綠能環保|-29 -24 -38|87 87 28 59|0.5 43|6 -5 -0 8 33
5299 杰力|半導體業|-0 -2 12|90 90 57 61|4.5 79|2 -3 0 154 88
5302 太欣|半導體業|18 73 -20|81 81 -2 27|1.5 7|1 1 0 na na
5306 桂盟|運動休閒|7 -2 6|84 89 -8 -4|1.0 14|13 11 0 11 -3
5309 系統電|電子零組|8 -1 -10|100 100 30 34|1.7 711|12 8 0 -7 -25
5314 世紀*|其他|139 136 -310|45 57 -23 -36|0.7 279|13 -3 0 -8 16
5315 光聯|光電業|-5 -11 -22|88 88 -0 -6|1.5 10|9 -16 0 3 28
5321 美而快|數位雲端|-22 -21 1|100 100 124 48|2.4 11|2 2 0 62 -19
5328 華容|電子零組|13 5 4|100 100 60 97|2.8 815|4 -0 0 40 18
5340 建榮|電子零組|10 13 -2|78 78 4 85|0.7 325|50 -9 0 16 16
5347 世界|半導體業|10 2 -4|96 96 54 98|1.2 6421|29 13 2 29 12
5351 鈺創|半導體業|417 376 224|98 98 83 135|1.1 2453|21 2 0 1 -42
5371 中光電|光電業|17 12 5|56 70 -7 -26|1.2 300|20 8 -3 -6 -15
5381 光譜|電機機械|11 -13 -15|66 66 -11 -0|0.9 26|1 -4 0 52 187
5386 青雲|電腦及週|405 659 433|98 98 170 701|1.9 749|3 -2 0 -16 43
5388 中磊|通信網路|66 58 35|84 100 12 14|1.1 450|19 9 -0 1 -38
5392 能率|光電業|2 -3 2|84 95 24 11|2.7 174|11 -0 0 16 5
5403 中菲|資訊服務|-8 -19 -18|75 81 -14 -19|0.9 14|6 -2 0 14 22
5410 國眾|資訊服務|122 61 41|100 100 43 36|2.5 35|9 -1 0 28 0
5425 台半|半導體業|3 -3 -12|91 91 95 81|3.5 2775|17 0 0 93 41
5426 振發|電腦及週|24 1 -5|73 96 5 2|1.3 7|3 5 0 -10 -7
5432 新門|綠能環保|-18 -16 -40|73 73 -3 3|0.6 15|1 -2 0 -1 -2
5434 崇越|電子通路|16 20 5|93 93 35 55|1.2 322|31 -5 -1 12 -8
5439 高技|電子零組|26 50 -78|86 86 45 20|0.4 1477|19 -1 2 -16 6
5443 均豪|半導體業|24 35 11|92 92 46 52|0.7 723|9 -3 -0 12 7
5452 佶優|其他電子|7 -13 3|89 89 10 65|1.0 65|10 4 0 1 -16
5457 宣德|電子零組|-6 -6 -5|59 72 -9 -26|1.1 23|28 -11 -2 -3 66
5464 霖宏|電子零組|42 28 24|97 97 193 200|2.9 70|5 5 0 31 80
5469 瀚宇博|電子零組|6 31 -11|77 77 -9 -5|1.3 241|11 -2 -1 1 88
5471 松翰|半導體業|25 16 10|95 95 14 62|1.6 154|10 1 0 106 67
5474 聰泰|電腦及週|-11 -8 -35|94 100 42 19|3.3 99|3 1 0 21 -2
5475 德宏|電子零組|121 97 25|74 74 72 426|1.5 960|8 4 0 na na
5478 智冠|文化創意|11 24 19|93 93 6 9|0.8 15|18 -3 0 -27 16
5483 中美晶|半導體業|-0 0 2|98 98 55 67|1.9 3880|23 -2 3 26 58
5484 慧友|光電業|17 72 -3|99 100 37 60|3.3 29|2 2 -0 na na
5488 松普|電子零組|93 30 24|100 100 37 44|2.8 9|2 3 0 43 326
5490 同亨|電腦及週|33 13 3|80 98 12 7|0.9 14|8 12 0 3 -14
5493 三聯|其他電子|11 12 -6|100 100 16 17|1.0 31|3 5 0 18 6
5498 凱崴|電子零組|55 49 15|79 79 13 148|0.5 412|3 -5 0 -14 127
5508 永信建|建材營造|43 3 41|39 61 -11 -38|1.0 17|3 -7 -0 -4 -1
5511 德昌|建材營造|4 21 -5|95 95 10 9|0.7 11|4 -9 0 6 57
5515 建國|建材營造|8 28 6|95 95 26 29|0.7 27|12 -2 -1 34 8
5519 隆大|建材營造|-23 -23 -130|91 91 -1 3|0.9 12|4 -11 0 22 39
5521 工信|建材營造|-7 4 -10|37 37 -62 -27|0.6 59|8 -7 0 -20 66
5522 遠雄|建材營造|743 660 210|91 91 9 27|1.1 63|5 2 -2 -19 1
5530 龍巖|其他|26 -1 0|74 84 -3 3|2.4 38|54 -3 0 -10 6
5534 長虹|建材營造|14 -21 13|84 86 -2 -3|1.0 57|9 -33 10 7 74
5536 聖暉*|其他電子|15 26 -6|91 91 58 51|1.2 1561|37 4 8 -26 2
5607 遠雄港|航運業|35 33 7|93 93 -7 10|1.5 25|3 18 -0 -15 -18
5608 四維航|航運業|-1 2 11|72 72 -15 -13|1.0 24|5 -2 0 0 18
5609 中菲行|航運業|12 4 5|99 100 4 3|1.5 15|15 6 0 36 5
5706 鳳凰|觀光餐旅|-20 11 15|84 90 5 0|1.0 13|2 -8 0 -1 38
5864 致和證|金融業|2037 1221 -2662|100 100 89 189|2.5 223|6 1 0 6 4
5871 中租-KY|其他|-4 -3 2|87 89 6 3|1.4 998|46 -17 6 22 110
5876 上海商銀|金融保險|-7 -3 -2|85 96 1 -2|1.8 408|53 4 10 -31 33
5880 合庫金|金融保險|5 11 -3|89 92 -5 -6|1.7 367|15 -20 0 39 102
5903 全家|居家生活|9 11 4|93 95 -4 -2|1.5 7|51 -7 0 -12 -23
5904 寶雅|居家生活|17 20 10|95 95 16 30|0.7 196|29 -1 5 22 -11
6005 群益證|金融保險|302 136 78|100 100 29 58|1.3 524|17 17 -10 12 -10
6015 宏遠證|金融業|4229 1767 1241|100 100 60 96|3.2 69|9 9 0 58 12
6016 康和證|金融業|1127 15706 11668|100 100 88 138|2.7 223|11 -1 0 26 4
6021 美好證|金融業|5212 2411 1817|100 100 29 58|2.0 11|8 7 0 7 1
6023 元大期貨|金融業|-16 12 11|98 98 7 5|1.1 17|2 -3 -6 -47 -1
6024 群益期|金融保險|-61 42 46|100 100 10 19|1.2 22|4 1 -3 -26 -9
6026 福邦證|金融業|462 255 123|100 100 30 44|2.5 51|8 3 0 29 39
6104 創惟|半導體業|-7 -5 -15|61 98 15 17|1.1 208|12 9 0 -6 -31
6108 競國|電子零組|42 19 23|82 82 31 55|1.0 35|4 0 0 41 -2
6111 光聚晶電|文化創意|149 154 58|78 89 3 -5|1.0 20|10 2 0 -4 7
6112 邁達特|資訊服務|27 29 2|81 96 -3 -1|1.6 23|2 -9 0 10 33
6113 亞矽|電子通路|24 18 14|94 100 35 44|1.3 14|4 6 0 -38 -1
6115 鎰勝|電子零組|15 -2 -4|95 98 -1 2|1.3 8|5 -7 0 -42 33
6116 彩晶|光電業|3 1 -11|100 100 102 173|3.8 902|7 0 0 41 -5
6117 迎廣|電腦及週|6 14 -5|81 90 14 15|2.5 62|2 -0 0 -25 -11
6118 建達|電子通路|-18 -10 -19|70 85 2 -1|0.7 9|1 -2 0 0 16
6120 達運|光電業|-24 -15 4|98 98 10 48|1.6 49|9 10 1 -11 -3
6121 新普|電腦及週|4 1 -1|98 100 27 20|1.4 320|38 4 -4 18 24
6122 擎邦|電機機械|-15 -16 -17|78 78 -2 7|1.1 14|5 -9 0 -5 31
6125 廣運|電機機械|57 41 -1|84 97 26 16|3.0 149|10 6 0 9 -45
6126 信音|電子零組|48 39 18|93 93 19 27|1.6 60|5 7 0 3 -25
6127 九豪|電子零組|-10 -6 2|100 100 109 183|1.8 831|13 1 0 93 42
6129 普誠|半導體業|29 50 27|92 93 19 23|1.5 12|2 -5 0 -7 na
6133 金橋|電子零組|1 2 -10|81 81 -1 53|0.5 25|2 -3 0 -6 24
6134 萬旭|電子零組|46 43 12|100 100 20 78|2.3 29|28 11 0 35 -14
6136 富爾特|通信網路|27 27 -10|93 93 9 12|0.7 11|4 3 0 -0 9
6138 茂達|半導體業|14 12 -8|96 96 65 50|2.3 654|17 -1 2 70 54
6139 亞翔|其他電子|71 66 -3|94 94 39 77|1.0 4443|29 -4 4 77 10
6141 柏承|電子零組|20 3 8|97 97 226 333|2.1 103|4 1 0 -42 na
6143 振曜|通信網路|14 10 -10|70 80 5 -19|1.3 93|10 -5 -0 -12 35
6146 耕興|其他電子|10 6 5|95 95 19 42|2.0 133|30 -11 2 28 16
6147 頎邦|半導體業|24 14 8|93 93 458 447|1.6 14395|22 -2 3 -10 32
6148 驊宏資|資訊服務|-66 -39 -111|46 75 6 -17|0.6 7|3 -3 0 -0 14
6150 撼訊|電腦及週|-69 -23 -78|74 95 30 4|1.3 62|6 0 0 24 -1
6151 晉倫|其他電子|28 0 -3|92 92 63 74|1.7 57|5 -3 0 78 160
6152 百一|通信網路|117 22 32|68 68 -25 86|0.4 23|2 -3 0 na na
6153 嘉聯益|電子零組|-14 -10 11|90 90 13 31|0.8 92|12 7 0 -22 9
6155 鈞寶|電子零組|15 4 -1|100 100 32 92|2.7 357|13 2 0 49 1
6156 松上|電子零組|15 1 0|65 81 -4 -4|1.4 12|5 -2 0 -3 3
6161 捷波|電腦及週|18 19 -2|90 90 39 28|5.2 37|3 -4 0 46 85
6163 華電網|資訊服務|-19 62 39|72 72 5 64|0.6 190|3 -5 0 -17 34
6164 華興|光電業|7 -11 2|94 94 3 33|0.9 6|5 1 0 12 13
6165 浪凡|數位雲端|5 6 -6|78 91 11 -2|0.8 31|18 11 0 -15 59
6166 凌華|電腦及週|63 36 12|98 98 109 133|1.3 451|20 7 0 -28 -14
6167 久正|光電業|-24 6 -18|73 73 3 4|0.9 8|5 -8 0 19 114
6168 宏齊|光電業|10 8 0|91 91 39 54|0.9 120|4 3 0 9 -13
6170 統振|通信網路|-1 1 -3|97 98 9 2|1.0 13|3 4 0 -22 1
6173 信昌電|電子零組|20 10 0|100 100 282 268|0.3 399|25 12 0 -36 -7
6174 安碁|電子零組|35 20 -9|95 95 105 112|1.9 174|3 -1 0 57 54
6175 立敦|電子零組|16 11 13|93 93 135 119|1.7 854|22 1 0 35 24
6176 瑞儀|光電業|-9 -6 2|72 80 -1 -7|1.2 693|25 -2 -2 -18 27
6177 達麗|建材營造|265 325 -43|78 78 -9 -4|2.3 61|7 -3 -6 11 14
6179 亞通|其他|69 75 45|70 76 -4 -10|0.7 35|5 -2 0 35 3
6180 橘子|文化創意|-16 -22 -4|60 78 -16 -21|1.6 19|23 -6 -0 -0 3
6182 合晶|半導體業|3 3 -7|97 97 203 243|1.8 1506|22 4 1 94 -20
6186 新潤|建材營造|-84 -44 -65|59 68 -4 -31|1.1 38|3 -4 0 -2 29
6187 萬潤|半導體業|26 20 26|77 77 91 207|1.2 3473|27 -7 -2 -17 65
6188 廣明|電腦及週|-23 -19 -29|68 75 -4 -15|1.4 223|10 12 -9 -1 -30
6189 豐藝|電子通路|-6 -5 8|66 93 10 13|1.4 59|8 5 -0 -5 -13
6190 萬泰科|通信網路|40 16 11|100 100 92 125|1.2 724|11 -0 0 -9 -1
6191 精成科|電子零組|2 50 -19|66 73 -12 -13|0.9 580|4 -7 1 -1 39
6192 巨路|其他電子|33 1 4|97 97 2 35|1.2 54|25 18 0 3 -21
6196 帆宣|其他電子|46 23 29|100 100 72 132|1.1 1246|17 2 4 -23 29
6197 佳必琪|電子零組|5 13 1|100 100 100 121|1.5 1193|8 0 -0 -4 19
6199 天品|其他|517 1128 631|72 76 -5 0|1.1 58|6 -1 0 40 76
6202 盛群|半導體業|7 2 -6|93 93 -7 59|1.2 212|12 11 1 -11 -40
6203 海韻電|電子零組|-29 -46 -84|83 84 12 -17|0.8 26|3 -5 2 -5 47
6204 艾華|電子零組|7 -12 -8|100 100 60 39|2.9 58|3 1 0 11 -5
6205 詮欣|電子零組|-20 -24 -12|83 83 59 114|0.7 234|2 -2 0 -33 11
6206 飛捷|電腦及週|44 24 15|98 98 51 52|1.5 450|16 12 -0 -19 -58
6207 雷科|電子零組|4 -3 11|100 100 112 153|2.3 1119|9 1 0 65 13
6208 日揚|半導體業|2 -13 -10|89 89 102 121|1.0 155|2 -1 0 15 264
6209 今國光|光電業|67 51 -9|97 97 37 43|1.8 1121|6 0 0 3 -14
6213 聯茂|電子零組|14 12 1|98 98 123 196|1.0 3062|15 4 -0 35 51
6214 精誠|資訊服務|28 17 -3|100 100 27 20|1.6 146|13 19 -0 30 -23
6215 和椿|其他電子|87 62 6|82 96 9 31|1.6 533|9 2 0 4 -3
6216 居易|通信網路|-42 -42 -10|74 79 -15 -11|1.9 7|3 -4 0 -6 8
6217 中探針|電子零組|22 27 6|89 89 232 500|0.2 431|19 -3 -0 -2 52
6218 豪勉|通信網路|99 40 14|85 85 68 112|1.2 79|2 -0 0 -11 43
6220 岳豐|電子零組|12 -11 4|74 74 -15 37|1.4 10|4 -5 0 1 5
6223 旺矽|半導體業|53 46 11|89 89 114 170|1.6 6466|30 0 2 -24 115
6224 聚鼎|電子零組|-5 -6 1|93 93 109 122|2.5 149|4 -1 0 22 161
6226 光鼎|光電業|17 2 7|85 85 48 106|1.2 18|4 8 0 na na
6227 茂綸|電子通路|18 20 -19|98 98 63 57|2.6 220|5 5 0 -14 -20
6229 研通|半導體業|57 39 16|87 87 21 23|0.8 12|2 1 0 26 31
6230 尼得科超眾|電腦及週|12 7 -3|78 78 -15 31|0.6 20|87 -8 0 -1 32
6231 系微|資訊服務|15 14 7|90 90 74 48|0.6 271|13 -3 -1 10 -3
6233 旺玖|半導體業|-9 -7 5|84 84 1 36|0.6 12|6 4 0 -15 10
6234 高僑|光電業|2 31 28|80 80 97 132|1.6 151|10 -5 0 -27 37
6235 華孚|電腦及週|-13 -7 -28|63 74 -15 -17|3.3 39|4 -9 0 2 29
6237 驊訊|半導體業|116 54 28|91 91 37 24|1.6 100|12 2 0 15 -0
6239 力成|半導體業|32 34 14|97 97 45 142|1.9 5742|36 -1 -1 59 -40
6243 迅杰|半導體業|-59 -56 -29|84 87 -2 24|1.1 13|3 6 0 -12 -9
6244 茂迪|光電業|19 2 2|84 84 -4 96|0.9 231|20 7 0 -0 -11
6245 立端|通信網路|31 8 12|99 99 48 19|1.3 122|10 7 -0 -4 -18
6257 矽格|半導體業|25 17 7|93 93 60 134|0.9 3059|28 -1 -3 -20 5
6259 百徽|電子零組|20 29 5|98 98 54 66|1.5 22|39 2 0 21 82
6261 久元|半導體業|0 -2 -11|89 89 64 98|1.2 568|5 -6 0 15 158
6263 普萊德|通信網路|13 0 0|93 93 43 36|1.2 46|2 -3 0 134 68
6265 方土昶|電子通路|886 569 302|100 100 67 226|1.5 566|10 3 0 -2 -27
6266 泰詠|電子零組|-9 -11 -11|89 92 -1 -2|1.6 8|2 -3 0 -2 -8
6269 台郡|電子零組|0 0 4|99 99 10 39|1.0 254|18 -6 -0 21 73
6270 倍微|電子通路|16 -3 -6|90 90 21 29|0.6 13|4 11 0 -14 -16
6271 同欣電|半導體業|1 -4 0|95 95 45 105|2.0 1104|32 4 -2 4 -46
6272 驊陞|電子零組|-25 -29 na|na na -9 na|1.1 13|3 -6 0 na na
6274 台燿|電子零組|98 66 24|100 100 250 300|0.9 3367|38 -5 7 6 -11
6275 元山|電子零組|-21 -6 -14|88 88 9 22|1.3 32|2 -7 0 38 52
6277 宏正|電腦及週|13 8 7|100 100 35 34|1.8 27|9 7 0 14 67
6278 台表科|光電業|4 -1 -8|89 89 116 124|1.8 4383|17 -8 2 -37 283
6279 胡連|電子零組|12 -6 -9|86 91 9 -7|1.9 124|4 -15 0 14 67
6281 全國電|電子通路|2 4 7|73 83 -11 -14|1.2 8|2 5 0 -35 11
6282 康舒|電子零組|35 22 14|100 100 27 76|2.5 2559|22 9 -0 3 -39
6283 淳安|其他電子|25 3 -7|79 93 13 0|1.2 10|19 -7 0 32 36
6284 佳邦|電子零組|-11 -16 -14|94 94 49 46|3.8 318|15 5 0 149 -28
6285 啟碁|通信網路|16 4 4|98 98 70 224|0.8 8698|25 6 -1 -23 -63
6290 良維|電子零組|4 12 -7|100 100 71 99|1.2 1429|18 -2 -0 16 27
6291 沛亨|半導體業|42 38 3|95 95 148 279|1.4 1105|3 1 3 -23 -24
6292 迅德|電子零組|28 30 23|97 97 66 64|4.6 24|1 -3 0 44 99
6405 悅城|光電業|-100 -80 9|98 98 136 227|2.1 57|5 -2 0 21 20
6409 旭隼|其他電子|-13 -17 -2|48 61 -20 -27|1.2 746|51 -13 1 -8 325
6411 晶焱|半導體業|14 11 16|96 96 35 31|5.4 106|8 -1 0 143 0
6412 群電|電子零組|-12 -13 -1|85 100 12 17|1.5 336|5 2 -1 -39 -3
6414 樺漢|電腦及週|22 15 15|100 100 34 33|1.3 733|35 18 0 10 -16
6415 矽力*-KY|半導體業|28 14 7|91 91 124 240|1.1 4235|80 -1 3 11 -16
6416 瑞祺電通|通信網路|-7 -6 3|97 99 12 20|1.3 36|5 10 0 -4 -14
6417 韋僑|通信網路|23 15 6|96 96 37 38|1.2 35|10 -3 0 47 14
6418 詠昇|電子零組|-5 -8 -6|40 60 -2 -34|0.7 6|3 -10 0 -8 32
6419 京晨科|光電業|329 180 165|73 73 109 155|1.0 107|9 -2 0 -9 44
6423 億而得|半導體業|33 -20 -18|76 76 9 24|0.6 22|4 -3 0 3 28
6425 易發|電機機械|32 51 32|91 91 37 22|1.8 343|4 0 0 -2 -1
6426 統新|通信網路|76 51 -7|93 93 49 308|0.7 869|9 0 0 18 21
6432 今展科|電子零組|5 -4 -8|96 96 86 114|2.7 224|4 -0 0 -4 1
6435 大中|半導體業|13 9 -8|100 100 103 157|1.3 282|13 3 0 -1 42
6438 迅得|其他電子|33 19 -8|85 93 14 46|0.5 234|8 1 -1 1 -2
6441 廣錠|電腦及週|-55 -51 8|66 76 13 6|1.2 9|1 -5 0 5 63
6442 光聖|通信網路|-16 34 -7|80 80 -20 53|1.6 5349|31 -3 -1 29 50
6443 元晶|光電業|-16 -41 15|80 80 -15 252|0.6 610|14 -1 0 -17 12
6446 藥華藥|生技醫療|68 63 10|100 100 40 97|1.6 2830|25 15 -2 19 -51
6449 鈺邦|電子零組|26 19 -8|100 100 117 149|0.5 376|6 7 0 36 -59
6451 訊芯-KY|半導體業|-3 -25 -42|99 99 207 346|1.3 3196|68 2 0 -8 28
6456 GIS-KY|光電業|-34 -14 -9|100 100 60 105|2.0 694|47 4 0 -4 46
6462 神盾|半導體業|12 48 10|79 79 18 -0|1.8 379|22 3 0 2 -8
6465 威潤|通信網路|81 69 -69|86 86 47 112|0.7 20|2 4 0 5 148
6469 大樹|生技醫療|-1 3 -3|49 69 -17 -31|1.0 49|5 -4 0 -10 12
6472 保瑞|生技醫療|-27 -15 -1|42 57 -28 -33|1.2 642|10 1 -0 5 1
6477 安集|光電業|23 56 39|75 84 -16 3|0.5 24|3 5 0 -2 6
6485 點序|半導體業|-19 -24 -22|93 93 48 75|2.2 235|12 2 0 25 12
6486 互動|通信網路|7 18 7|91 91 -5 8|0.6 10|4 -20 0 -47 56
6488 環球晶|半導體業|-10 -9 -1|94 94 112 151|1.8 4224|26 2 5 22 -6
6491 晶碩|生技醫療|20 15 4|92 99 10 5|1.8 130|11 13 1 -7 -5
6492 生華科|生技醫療|-4 -4 -10|69 69 -15 9|0.7 13|7 10 0 -14 na
6494 九齊|半導體業|33 28 22|97 97 30 59|1.3 23|10 8 0 21 -1
6498 久禾光|光電業|37 34 11|81 94 26 14|1.2 30|2 2 0 321 -33
6499 益安|生技醫療|3 10 -22|58 68 6 -11|0.5 41|13 -3 0 -1 14
6505 台塑化|油電燃氣|33 8 12|78 78 -6 -4|0.5 405|6 5 -1 -7 -26
6509 聚和|化學工業|10 2 2|99 99 30 47|0.6 205|12 15 0 -5 -58
6510 精測|半導體業|30 21 -3|78 78 -2 84|0.9 2685|22 -0 -4 8 -21
6515 穎崴|半導體業|51 39 13|81 81 82 252|1.0 3055|21 -1 -4 44 -74
6516 勤崴國際|資訊服務|6 28 4|66 87 -6 -3|1.9 5|1 2 0 11 -43
6517 保勝光學|光電業|-19 -9 -6|72 74 6 2|1.1 16|2 0 0 3 -3
6525 捷敏-KY|半導體業|18 11 -2|90 90 45 63|3.1 185|15 -5 0 49 33
6526 達發|半導體業|14 7 4|89 89 22 55|1.0 1314|7 -1 1 8 -28
6530 創威|通信網路|18 15 -1|80 80 43 75|0.3 197|5 -0 0 -3 7
6531 愛普*|半導體業|93 117 54|95 95 160 190|1.3 7693|29 -4 6 -11 72
6532 瑞耘|半導體業|26 -4 8|89 89 87 97|0.6 155|6 -0 0 8 8
6533 晶心科|半導體業|23 25 3|68 78 4 -19|0.8 250|12 4 0 -4 -12
6534 正瀚-創|生技醫療|4 3 -19|81 91 20 6|1.0 16|41 -24 0 2 71
6535 順藥|生技醫療|-83 -68 -1018|39 57 -22 -36|1.4 22|6 -8 0 na na
6538 倉和|電子零組|-19 -21 12|96 96 92 98|1.8 73|6 2 -0 150 -3
6541 泰福-KY|生技醫療|915 423 -1682|63 65 -15 -20|1.2 16|14 3 0 4 8
6546 正基|通信網路|-8 -18 -8|95 95 5 38|1.8 70|10 8 0 13 -21
6547 高端疫苗|生技醫療|-8 -13 -6|75 75 28 14|0.5 83|10 -5 0 3 25
6548 長科*|半導體業|25 19 6|100 100 77 86|2.6 287|6 9 -1 -1 -21
6550 北極星藥業-KY|生技醫療|-57 69 -45|30 37 -59 -56|2.7 31|69 -1 0 na na
6552 易華電|半導體業|-34 -34 -2|91 91 14 40|3.6 10|2 4 0 -19 14
6558 興能高|其他電子|1 -6 7|60 83 3 -2|2.1 34|2 -5 0 12 15
6561 是方|通信網路|-1 3 1|80 94 0 2|1.1 51|7 20 3 -39 -5
6568 宏觀|半導體業|32 36 20|88 88 55 139|0.6 159|6 -3 -1 -7 6
6569 醫揚|生技醫療|-8 16 6|65 91 10 -7|1.6 11|3 3 0 13 2
6570 維田|電腦及週|10 7 -3|94 94 62 62|5.4 18|2 1 0 18 -55
6574 霈方|生技醫療|27 25 11|85 85 52 59|0.9 11|1 3 0 na na
6576 逸達|生技醫療|-11 -10 -48|88 88 -4 3|1.0 12|22 -4 0 na na
6579 研揚|電腦及週|7 15 -10|95 95 47 56|3.0 141|3 3 -0 23 -15
6584 南俊國際|電子零組|35 45 3|91 91 99 109|1.5 675|14 -8 -1 30 84
6585 鼎基|其他|27 -3 12|79 96 6 12|0.5 13|3 -1 0 -4 -14
6588 東典光電|通信網路|156 104 0|67 67 15 269|0.4 183|4 1 0 -21 7
6589 台康生技|生技醫療|-16 38 18|54 58 -28 -39|2.4 55|5 -17 0 4 26
6591 動力-KY|電腦及週|-53 -44 -60|58 74 -14 -22|1.9 23|20 -10 0 -5 58
6592 和潤企業|其他|-3 -5 6|86 93 2 -5|0.6 35|26 4 2 12 -1
6596 寬宏藝術|文化創意|1705 609 353|62 74 -23 -22|0.4 20|2 -5 0 -12 24
6603 富強鑫|電機機械|12 7 -5|72 72 8 23|1.9 32|1 -10 0 -3 45
6605 帝寶|汽車工業|-1 -3 3|76 84 1 1|3.0 47|15 -7 -5 -1 15
6609 瀧澤科|電機機械|17 -8 17|91 97 33 38|2.1 43|53 2 0 4 -1
6613 朋億*|其他電子|31 34 35|93 93 43 52|0.8 110|8 10 -1 17 -38
6617 共信-KY|生技醫療|8 11 1|60 76 -12 -15|1.6 13|38 -4 0 25 24
6620 漢達|生技醫療|-89 -25 na|na na -9 na|0.8 31|25 -4 0 na 53
6625 必應|其他|16 43 -21|73 87 -3 -12|0.8 11|1 -9 0 -7 25
6629 泰金-KY|居家生活|140 100 57|76 86 15 -9|2.0 8|77 7 0 7 -28
6640 均華|半導體業|142 148 68|75 75 77 144|0.5 526|7 2 -2 -10 2
6642 富致|電子零組|5 -3 -2|92 92 59 64|3.7 77|2 -0 0 -8 117
6643 M31|半導體業|31 3 -16|83 83 28 32|0.7 616|11 -2 -0 -1 3
6651 全宇昕|半導體業|8 -2 0|90 90 49 99|1.7 78|4 2 0 9 4
6654 天正國際|其他電子|158 55 6|100 100 76 103|5.2 6|1 1 0 22 4
6657 華安|生技醫療|90 44 16|50 65 -25 -15|1.0 8|7 6 0 -12 -17
6658 聯策|其他電子|-21 12 -3|89 89 247 345|0.9 194|4 -3 -0 -12 -30
6664 群翊|電子零組|10 15 6|89 89 62 68|0.8 676|7 -3 0 -27 32
6667 信紘科|其他電子|-2 6 -44|93 95 11 19|2.3 143|9 -7 0 -9 61
6668 中揚光|光電業|10 7 -24|82 98 10 10|2.2 25|11 1 0 -3 3
6669 緯穎|電腦及週|30 49 -86|95 95 33 37|1.1 11931|31 -4 7 -8 2
6670 復盛應用|運動休閒|29 19 17|78 96 0 13|1.4 104|25 -10 2 -14 37
6672 騰輝電子-KY|電子零組|37 25 14|97 97 127 165|1.2 1310|17 -3 -0 -13 58
6679 鈺太|半導體業|16 7 11|90 90 44 68|0.8 201|10 11 1 -41 -22
6683 雍智科技|半導體業|21 38 8|67 67 129 339|1.2 1758|15 5 -6 -26 8
6684 安格|半導體業|-15 -15 -0|65 81 0 -16|0.8 12|5 -2 0 12 14
6689 伊雲谷|數位雲端|-11 -10 -1|81 84 -2 17|0.4 16|5 2 0 -1 7
6690 安碁資訊|數位雲端|14 18 3|100 100 15 13|2.6 11|4 0 0 125 -19
6691 洋基工程|其他電子|67 72 15|95 95 -4 42|1.1 274|16 4 -2 -9 -13
6693 廣閎科|半導體業|86 80 38|94 94 86 96|1.0 148|14 -3 -0 6 22
6695 芯鼎|半導體業|-25 -12 -18|89 89 34 37|2.6 130|4 3 0 3 -2
6698 旭暉應材|其他電子|-45 -31 -62|99 100 13 34|4.3 13|2 -1 0 37 61
6703 軒郁|生技醫療|20 12 12|92 92 9 10|0.6 8|14 -3 0 16 83
6706 惠特|光電業|-42 -55 -16|100 100 63 172|1.5 1716|7 -4 2 53 28
6712 長聖|生技醫療|26 15 4|75 81 -2 -18|1.1 33|3 -7 0 11 32
6715 嘉基|電子零組|-12 5 21|86 86 141 430|0.3 439|3 5 6 -14 29
6716 應廣|半導體業|41 28 9|89 89 16 114|2.5 97|5 3 0 44 -44
6719 力智|半導體業|-12 -8 -22|89 89 28 22|4.1 476|5 -6 -0 181 38
6720 久昌|半導體業|-20 -33 -5|84 84 -12 20|1.1 15|1 -9 0 16 61
6725 矽科宏晟|其他電子|-14 4 na|na na 51 na|0.6 122|4 -3 0 na 44
6727 亞泰金屬|電子零組|51 188 97|84 84 175 239|1.5 1551|11 -1 0 36 57
6732 昇佳電子|半導體業|-3 -12 -4|70 90 9 -3|1.9 68|5 3 -0 30 -33
6733 博晟生醫|生技醫療|1 4 -23|53 66 -27 -33|1.5 7|2 1 0 na na
6735 美達科技|其他電子|74 130 75|72 72 82 86|1.3 89|2 1 0 -43 69
6739 竹陞科技|其他電子|100 93 -4|73 73 40 96|0.4 508|2 -1 -5 -24 21
6741 91APP*-KY|數位雲端|32 32 13|73 87 10 -12|1.2 20|42 -19 -0 -11 55
6742 澤米|光電業|-50 -47 -13|97 98 37 47|1.1 48|2 -0 0 28 -5
6743 安普新|其他電子|12 -6 8|86 98 13 5|1.3 13|4 -2 0 -6 24
6752 叡揚|資訊服務|-5 -4 -15|67 85 -2 -7|1.5 6|3 -11 0 0 65
6753 龍德造船|航運業|50 16 5|64 80 -12 11|1.2 145|3 -11 0 -10 10
6756 威鋒電子|半導體業|10 4 9|88 88 25 35|1.5 59|3 -1 0 15 9
6757 台灣虎航|航運業|26 30 21|66 82 -7 -11|1.0 71|2 5 0 0 -5
6761 穩得|電子零組|-0 -17 -8|93 93 48 80|1.1 204|7 5 0 -10 -22
6763 綠界科技*|數位雲端|10 6 -5|67 76 -10 -22|1.7 18|4 2 -0 0 -7
6768 志強-KY|運動休閒|6 -7 -3|70 72 -13 -24|0.6 56|57 -6 5 4 15
6770 力積電|半導體業|32 24 12|98 98 16 171|2.4 14320|17 1 0 33 41
6776 展碁國際|電子通路|46 22 4|82 82 5 20|0.6 25|2 3 0 -9 -6
6781 AES-KY|電子零組|17 22 -30|80 80 2 -4|1.1 2069|68 2 0 -6 -6
6782 視陽|生技醫療|-8 12 -5|83 83 1 10|0.7 75|7 -27 4 8 111
6785 昱展新藥|生技醫療|na na na|39 39 -27 -49|0.7 13|8 -7 0 3 -22
6788 華景電|半導體業|1 4 -6|81 81 37 94|0.3 350|11 -5 0 -18 38
6789 采鈺|半導體業|-1 4 14|90 90 45 137|0.5 3886|4 -0 0 -29 -6
6790 永豐實|造紙工業|8 -1 2|96 96 -2 4|1.1 8|2 -4 0 -5 22
6791 虎門科技|資訊服務|9 10 -5|84 90 29 19|1.1 9|12 0 0 9 52
6792 詠業|通信網路|-0 1 -3|100 100 14 41|1.7 10|2 7 0 9 16
6796 晉弘|生技醫療|24 14 -15|59 59 -26 -29|1.7 8|16 4 0 21 33
6799 來頡|半導體業|9 1 -3|91 97 34 48|4.1 58|8 -6 0 65 27
6803 崑鼎|綠能環保|3 2 -8|93 93 -3 -3|1.6 23|3 -14 -0 5 73
6805 富世達|電子零組|59 68 0|96 96 21 58|1.2 3910|21 6 -9 29 14
6811 宏碁資訊|數位雲端|24 9 -4|90 100 22 11|2.3 34|2 6 0 6 -42
6821 聯寶|電子零組|-22 -18 -8|96 96 92 86|3.1 44|2 1 0 15 45
6823 濾能|半導體業|51 22 -28|70 70 23 11|0.6 27|25 -3 0 -37 34
6829 千附精密|半導體業|28 51 23|88 88 131 114|0.6 121|3 -1 0 8 -16
6830 汎銓|其他電子|20 23 7|70 70 118 362|1.0 2136|5 0 0 -5 16
6831 邁科|電腦及週|-24 19 na|na 93 167 na|0.8 752|15 4 4 na 29
6834 天二科技|電子零組|32 22 11|94 94 148 178|1.0 208|16 2 0 107 1
6835 圓裕|電子零組|-5 -7 -1|77 92 -6 -1|1.5 18|7 4 0 1 10
6840 東研信超|其他電子|10 5 -4|81 81 7 18|0.8 8|4 -9 0 27 3
6841 長佳智能|生技醫療|18 -7 -9|69 81 -4 -13|1.2 15|3 9 0 -5 -14
6854 錼創科技-KY創|半導體業|-7 -35 -1|75 78 3 14|1.1 114|33 -2 0 -6 17
6859 伯特光|光電業|-39 -51 -48|77 100 14 35|2.0 14|14 7 0 5 16
6861 睿生光電|生技醫療|40 45 20|86 86 217 603|1.6 222|1 -1 0 -21 110
6862 三集瑞-KY|電子零組|-49 -38 -24|94 94 -6 34|2.1 196|67 -1 0 58 22
6863 永道-KY|通信網路|46 18 32|62 85 2 -0|1.0 15|69 -2 0 -11 9
6869 雲豹能源|綠能環保|-61 36 -56|50 71 -22 -9|1.2 70|3 3 0 13 2
6870 騰雲|數位雲端|81 51 20|100 100 62 56|2.7 35|1 -1 0 20 40
6873 泓德能源|綠能環保|-36 -7 -8|34 73 -16 -3|1.3 54|8 -4 0 -3 -0
6875 國邑*|生技醫療|na na na|59 62 -8 -25|1.1 5|2 -18 0 na na
6877 鏵友益|其他電子|33 -32 -15|87 87 42 94|0.7 60|4 -5 0 10 20
6885 全福生技|生技醫療|2153 2487 na|55 75 -18 -23|1.6 8|3 3 0 6 -9
6890 來億-KY|運動休閒|-9 -20 -8|53 60 -11 -38|0.7 77|88 5 1 1 -5
6894 衛司特|綠能環保|88 71 17|100 100 43 108|0.9 54|4 9 0 -22 -32
6895 宏碩系統|半導體業|-48 -32 -121|44 65 -6 -36|1.0 14|3 -5 0 2 12
6899 創為精密|光電業|-14 -12 -32|100 100 29 26|3.2 19|5 -1 0 170 293
6901 鑽石投資|其他|331 87 48|56 71 -23 -20|2.0 18|0 -5 0 41 49
6902 GOGOLOOK|數位雲端|21 21 -2|100 100 96 85|1.5 29|4 1 0 -5 24
6903 巨漢|其他電子|297 285 106|92 92 54 147|0.8 517|4 2 0 -0 41
6906 現觀科|數位雲端|2 1 9|74 96 36 21|4.5 14|7 -10 0 28 5
6907 雅特力-KY|半導體業|122 95 na|na na 37 na|0.8 120|52 2 0 na 57
6909 創控|半導體業|55 1 4|na 81 34 52|0.4 50|8 2 0 -9 -7
6913 鴻呈|電子零組|25 17 -1|90 94 25 18|1.6 89|3 3 0 -13 -44
6914 阜爾運通|其他|7 9 -8|91 92 -1 -5|1.5 12|2 -12 0 -0 24
6919 康霈*|生技醫療|-71 na na|38 54 -38 -28|0.7 571|13 3 -0 na -5
6922 宸曜|電腦及週|27 15 1|94 100 39 13|3.5 42|1 1 0 26 1
6923 中台|綠能環保|32 11 24|62 70 -15 -20|0.8 16|1 -10 0 1 22
6924 榮惠-KY創|電子零組|54 24 24|97 97 178 185|1.4 21|77 -7 0 na na
6928 攸泰科技|電腦及週|-20 -21 -16|63 84 -9 1|1.4 6|0 -7 0 1 5
6931 青松健康|生技醫療|13 14 -1|59 59 -27 -34|0.6 6|1 4 0 -37 8
6933 AMAX-KY|電腦及週|51 5 -18|77 97 37 24|0.8 40|28 2 0 17 -3
6934 心誠鎂|生技醫療|547 134 na|na na -38 na|0.4 6|12 2 0 na na
6937 天虹|半導體業|22 27 9|88 88 26 50|1.2 262|3 1 0 -6 -13
6944 兆聯實業|綠能環保|32 52 -11|na 95 28 63|0.6 734|14 1 -1 -21 65
6949 沛爾生醫-創|生技醫療|108 81 37|74 74 -7 82|0.8 116|2 -14 0 1 53
6953 家碩|半導體業|14 7 -10|84 84 19 42|0.8 41|1 -4 0 -22 26
6957 裕慶-KY|其他|53 58 43|77 78 -5 -19|1.5 15|6 -10 0 -1 19
6962 奕力-KY|半導體業|-4 -15 -1|69 90 8 -2|1.2 194|41 -3 -0 -1 -1
6967 汎瑋材料|電子零組|10 19 5|82 82 14 31|0.6 7|2 -1 0 -28 52
6994 富威電力|綠能環保|41 82 -73|50 65 -26 -24|0.8 28|1 -1 0 16 8
6996 力領科技|半導體業|13 9 10|96 96 26 32|1.1 40|3 14 0 56 17
7402 邑錡|光電業|4 -11 -10|63 73 -19 -20|0.8 52|11 -0 -7 -5 16
7547 碩網|數位雲端|3 33 na|na 74 26 -9|0.3 9|24 1 0 -13 28
7556 意德士科技|半導體業|13 8 -4|87 87 66 71|0.8 51|4 -1 0 23 89
7610 聯友金屬-創|綠能環保|345 519 na|na 100 394 1556|0.3 823|14 -3 0 na na
7703 銳澤|其他電子|24 11 -16|72 83 7 7|1.2 35|3 8 0 15 -16
7704 明遠精密|半導體業|0 7 10|89 89 43 48|1.2 14|1 1 0 7 118
7709 榮田|電機機械|63 22 33|100 100 127 230|0.5 45|2 -0 0 -21 -6
7711 永擎|電腦及週|-44 54 na|na 88 76 62|1.1 273|1 -3 0 na 202
7712 博盛半導體|半導體業|3 1 5|88 88 71 77|1.6 229|2 -1 0 36 29
7714 創泓科技|數位雲端|-10 -3 -33|70 70 -5 -18|1.4 11|1 1 0 -24 4
7717 萊德光電-KY|通信網路|-21 4 na|na 72 -7 186|0.7 341|17 -1 -2 na 122
7721 微程式|數位雲端|50 36 na|na 87 45 72|1.3 46|2 3 0 78 51
7722 LINEPAY|數位雲端|11 14 -7|37 48 -31 -47|0.9 41|60 2 0 12 -17
7728 光焱科技|其他電子|-24 3 2|82 82 -8 138|0.4 102|2 1 0 -4 1
7730 暉盛-創|半導體業|-26 74 na|na 93 95 171|1.1 22|3 2 0 na na
7734 印能科技|半導體業|59 60 13|78 78 111 289|0.7 845|4 0 4 -43 -7
7738 東聯互動|數位雲端|14 20 na|na 83 1 -19|1.1 8|0 -8 0 4000 191
7740 熙特爾-創|綠能環保|2905 2161 na|na 84 -4 22|1.8 51|6 -1 0 38 23
7744 崴寶|電子零組|81 67 na|na 83 17 na|1.5 118|28 -1 0 na -27
7749 意騰-KY|半導體業|40 75 5|na 92 12 24|1.5 468|23 -4 1 61 74
7750 新代|電機機械|95 49 na|na 73 78 224|1.1 1719|17 10 1 22 -30
7751 竑騰|半導體業|67 69 na|na 67 68 317|0.9 357|5 2 -14 na 12
7765 中華資安|數位雲端|75 27 na|na 94 4 0|1.6 25|1 -3 -0 530 283
7769 鴻勁|半導體業|112 93 na|na na 72 na|0.7 5723|20 1 6 na 4
7777 能率亞洲|其他|1298 363 na|na na 54 na|3.8 119|1 1 0 na 4
7780 大研生醫*|食品工業|40 33 na|na 61 -27 -12|0.7 36|1 -4 0 na 22
7786 東方風能|綠能環保|52 44 na|na 67 -27 -31|1.1 24|1 -8 0 na na
7788 松川精密|電子零組|16 14 na|na 88 4 80|1.3 161|10 6 0 105 32
7792 安葆|其他電子|-26 -4 na|na na -14 na|1.0 76|18 -6 0 na 314
7795 長廣|電子零組|14 -7 na|na na 2 na|0.8 199|9 18 -0 na na
7799 禾榮科|生技醫療|-100 na na|na 54 -39 -39|0.9 91|4 -7 0 20 25
7805 威聯通|數位雲端|10 8 na|na na 39 na|1.2 85|10 14 0 na -24
7810 捷創科技|半導體業|83 53 na|na na 34 na|0.7 43|1 2 0 na 16
7823 奧義賽博-KY創|數位雲端|16 18 na|na na 8 na|1.0 6|26 2 0 na na
8011 台通|通信網路|-16 -21 -19|75 81 -11 -8|0.7 32|3 -3 0 4 11
8016 矽創|半導體業|37 26 12|100 100 59 78|1.8 790|36 3 4 62 44
8021 尖點|其他電子|63 52 17|95 95 83 265|0.3 1876|21 4 -1 -9 -56
8027 鈦昇|電機機械|25 26 8|100 100 212 206|0.2 858|8 -0 0 -14 -19
8028 昇陽半導體|半導體業|31 25 4|100 100 95 135|0.9 3505|26 3 1 1 -41
8032 光菱|電子通路|44 40 9|89 94 24 19|2.1 10|1 3 0 9 8
8033 雷虎|其他|6 -6 -26|75 87 -11 16|1.1 527|5 -4 0 -5 35
8034 榮群|通信網路|106 5 -143|84 84 -10 -4|0.6 9|7 -2 0 -5 22
8038 長園科|電子零組|15 225 -190|67 71 2 7|0.9 18|1 0 0 na na
8039 台虹|電子零組|-1 1 -5|94 94 44 149|1.3 1766|19 5 -0 17 22
8040 九暘|半導體業|26 24 18|92 92 126 131|1.6 348|4 2 0 132 -3
8042 金山電|電子零組|33 25 11|100 100 226 233|0.4 226|15 10 0 -10 -62
8043 蜜望實|電子零組|27 74 38|100 100 130 106|2.1 2160|7 1 0 47 101
8044 網家|數位雲端|10 5 2|75 91 13 -2|1.9 38|6 -4 0 35 8
8045 達運光電|通信網路|96 45 27|54 80 -14 -1|1.7 25|1 0 0 -0 -25
8046 南電|電子零組|39 30 1|90 90 67 266|1.3 15853|12 3 -2 8 51
8048 德勝|通信網路|33 14 -2|84 84 -5 -5|0.5 24|15 -1 0 -7 -8
8049 晶采|光電業|11 -9 -8|92 98 6 8|2.0 9|3 2 0 35 24
8050 廣積|電腦及週|4 -17 -5|98 98 45 26|5.0 94|3 -4 -0 29 51
8054 安國|半導體業|48 145 20|66 66 -5 -26|0.9 321|4 0 0 -7 11
8059 凱碩|通信網路|229 1244 -2185|47 78 9 -5|0.8 10|1 1 0 na na
8064 東捷|光電業|32 29 3|100 100 257 280|1.3 1209|10 -5 0 -23 56
8068 全達|電子通路|17 58 29|69 69 -5 10|0.9 9|10 -4 0 7 -0
8069 元太|光電業|-13 -4 -7|83 90 47 16|1.1 1623|41 16 5 -32 -10
8070 長華*|電子通路|28 22 7|100 100 24 22|2.3 155|10 4 -2 17 14
8071 能率網通|電子零組|14 5 7|100 100 47 31|2.8 31|6 2 0 14 -1
8072 陞泰|電子通路|3 10 -28|55 86 -9 -6|1.5 6|2 4 0 2 24
8074 鉅橡|電子零組|26 19 10|83 83 24 115|0.4 253|6 -6 0 -8 77
8076 伍豐|電腦及週|46 61 48|92 92 13 8|1.3 30|6 2 0 4 25
8081 致新|半導體業|-4 -6 -7|100 100 20 45|1.8 407|20 -5 1 -2 40
8083 瑞穎|電機機械|-5 9 -6|93 93 -1 9|0.8 10|3 -12 0 -25 26
8085 福華|其他電子|-1 -2 -12|53 65 -28 -31|1.1 6|5 9 0 -29 -50
8086 宏捷科|半導體業|49 47 14|93 93 31 65|1.1 1240|26 2 0 13 -32
8088 品安|半導體業|2 30 -42|82 82 30 52|1.7 253|4 -0 0 -6 -1
8089 康全電訊|通信網路|17 -45 29|46 63 -15 -29|0.8 5|5 7 0 -8 -19
8091 翔名|半導體業|35 37 19|97 97 108 135|0.4 202|11 -0 -0 115 -15
8096 擎亞|電子通路|21 -9 1|100 100 120 195|0.6 1710|32 4 0 6 -23
8099 大世科|資訊服務|14 25 -9|75 81 3 -16|1.0 6|3 -1 0 0 4
8103 瀚荃|電子零組|22 15 5|89 89 13 20|1.2 251|23 -6 -1 -6 54
8104 錸寶|光電業|-24 -38 -68|92 99 9 44|3.4 34|2 -0 0 20 3
8105 凌巨|光電業|-5 -4 -1|100 100 46 88|2.6 115|43 6 0 70 19
8109 博大|電子零組|21 14 -7|99 99 27 27|1.2 35|5 0 3 68 8
8110 華東|半導體業|15 11 11|74 74 3 98|2.7 661|2 -2 0 -1 22
8111 立碁|光電業|-8 -8 -11|82 82 -0 -3|0.5 158|6 -5 0 -3 59
8112 至上|電子通路|56 128 87|97 97 26 36|1.3 2066|20 -5 0 8 97
8114 振樺電|電腦及週|-28 -39 -24|83 97 45 39|1.4 296|12 -2 3 258 -2
8121 越峰|電子零組|38 17 8|91 91 58 56|1.9 114|2 2 0 na na
8131 福懋科|半導體業|41 33 6|89 89 8 96|1.7 435|4 1 -0 -20 -17
8147 正淩|電子零組|20 19 -12|90 90 38 74|0.9 187|20 6 0 -56 34
8150 南茂|半導體業|32 26 11|94 94 57 140|2.0 3143|42 -7 1 89 15
8155 博智|電子零組|29 30 -2|87 87 121 133|0.5 802|11 -4 3 -28 49
8162 微矽電子-創|半導體業|1 -5 -17|100 100 84 140|2.0 42|1 1 0 129 -9
8163 達方|電腦及週|10 14 -1|100 100 37 37|2.8 173|7 2 -0 68 -7
8171 天宇|綠能環保|270 202 179|67 79 -4 7|1.7 5|3 1 0 1 8
8182 加高|電子零組|14 -0 2|93 93 66 73|3.4 91|52 -1 0 60 99
8183 精星|其他電子|13 12 14|79 79 -11 -2|1.1 15|4 -3 0 24 19
8210 勤誠|電腦及週|5 33 -20|90 90 50 59|0.4 2236|10 -9 12 -43 29
8213 志超|電子零組|4 -2 -7|93 93 2 19|1.2 41|23 9 0 32 7
8215 明基材|光電業|7 -3 0|100 100 57 71|1.6 103|3 5 0 60 -3
8222 寶一|電機機械|26 4 -3|59 83 -6 -6|1.9 15|4 5 0 -6 -1
8227 巨有科技|半導體業|207 114 -24|88 88 72 49|1.8 360|3 -1 -0 42 3
8234 新漢|電腦及週|2 -21 -9|66 97 20 3|1.6 85|3 1 -1 6 3
8240 華宏|光電業|-12 -15 -3|85 85 69 91|0.6 128|5 -2 0 1 10
8249 菱光|電子零組|43 4 18|87 88 -6 11|3.4 52|1 -3 0 -13 9
8255 朋程|電機機械|-12 -8 -6|93 93 57 48|4.8 293|9 -1 0 55 -4
8261 富鼎|半導體業|5 4 1|89 89 76 98|2.2 1108|7 -1 0 44 87
8271 宇瞻|半導體業|361 282 154|95 95 108 163|0.9 839|13 -9 -0 43 50
8289 泰藝|電子零組|-6 -6 -16|93 93 92 249|1.9 359|3 -1 0 0 18
8291 尚茂|電子零組|345 320 241|81 81 358 548|3.2 9|73 0 0 na na
8299 群聯|半導體業|237 209 111|96 96 62 174|0.9 21249|36 -5 -1 -8 101
8341 日友|綠能環保|27 16 8|84 84 -4 -4|1.0 16|4 11 0 5 -19
8349 恒耀國際|鋼鐵工業|2 0 9|86 89 7 -10|1.0 7|1 -4 0 3 21
8358 金居|電子零組|36 43 18|100 100 155 205|0.5 3608|34 9 -2 -32 -35
8374 羅昇|電機機械|63 37 10|95 99 28 47|2.4 292|3 -0 0 30 2
8383 千附|半導體業|38 33 17|89 89 61 55|0.8 95|14 -3 0 22 28
8390 金益鼎|綠能環保|32 41 35|99 99 29 40|0.9 163|23 17 0 -2 -43
8404 百和興業-KY|其他|2 -9 -10|60 65 -27 -32|1.1 6|53 -10 0 -3 12
8415 大國鋼|鋼鐵工業|19 15 9|96 96 3 2|1.0 25|7 27 -1 60 -22
8422 可寧衛*|綠能環保|-11 -18 -3|53 53 -17 21|1.0 214|5 3 -3 -5 1
8431 匯鑽科|其他電子|-24 -11 -6|71 71 -15 36|0.3 47|2 -4 0 -8 22
8436 大江|生技醫療|14 4 4|75 75 -2 3|1.1 57|15 -0 -2 -6 13
8438 昶昕|綠能環保|36 29 9|84 84 15 210|0.2 72|3 -3 0 15 11
8440 綠電|綠能環保|5 -19 -5|69 78 -4 -6|3.1 6|1 -3 0 16 -5
8446 華研|文化創意|3 -4 11|88 92 -2 -3|0.8 9|5 3 0 -7 9
8454 富邦媒|數位雲端|1 0 3|81 100 26 6|3.1 145|12 -3 2 27 3
8462 柏文|運動休閒|21 17 -2|83 89 0 -10|1.1 20|4 -8 0 -2 6
8464 億豐|居家生活|-5 1 4|68 79 -13 -9|1.3 377|42 3 -1 20 -44
8473 山林水|綠能環保|20 9 -47|100 100 46 55|3.6 30|4 11 0 7 8
8476 台境*|綠能環保|-37 -2 -13|63 63 -21 -13|1.0 6|1 2 0 2 21
8478 東哥遊艇|運動休閒|-25 74 -262|67 75 -8 -18|1.2 37|39 -16 0 3 14
8499 鼎炫-KY|其他電子|96 79 17|76 76 5 27|1.3 62|72 1 1 34 49
8908 欣雄|油電燃氣|-1 -12 -24|87 87 -4 -2|0.9 11|0 1 0 -38 23
8916 光隆|其他|-27 -24 -24|89 89 -4 -8|1.8 6|3 -18 0 3 13
8924 大田|運動休閒|30 13 -3|84 85 -7 -12|2.5 10|2 -14 0 62 44
8926 台汽電|油電燃氣|533 476 283|93 93 43 63|3.4 615|11 6 1 219 -2
8927 北基|油電燃氣|51 33 21|41 67 -22 -22|0.8 10|1 1 0 -3 -2
8932 智通*|數位雲端|27 17 -24|44 50 -44 -34|1.4 339|29 -1 0 19 3
8935 邦泰|其他|-9 -3 -1|68 90 5 7|1.4 11|2 10 0 na na
8936 國統|其他|9 20 -4|77 92 6 -6|1.8 129|10 0 0 -1 19
8937 合騏*|其他|1247 1241 964|57 62 -31 -32|0.9 19|6 2 0 3 na
8938 明安|運動休閒|-18 -16 -14|74 74 -17 -19|1.3 16|6 -14 0 13 33
8942 森鉅|其他|-46 -49 -5|86 91 17 12|0.8 20|14 1 0 -3 -6
8996 高力|電機機械|86 166 46|84 84 20 120|1.1 3413|33 1 1 4 -7
9802 鈺齊-KY|運動休閒|10 6 -3|69 69 -16 -28|1.5 74|42 -10 4 6 -3
9904 寶成|運動休閒|4 2 9|77 80 -16 -14|1.3 364|32 -27 -7 59 89
9906 欣巴巴|建材營造|995636 1074024 805513|46 67 -17 -22|0.9 8|1 -1 0 -19 1
9907 統一實|其他|-20 -20 -12|80 83 -15 -11|1.0 70|14 -33 1 -14 75
9908 大台北|油電燃氣|-1 -3 -4|85 85 -3 -3|0.2 8|2 11 0 -44 10
9910 豐泰|運動休閒|-6 -9 -2|53 56 -23 -45|1.3 192|8 -22 4 -15 44
9911 櫻花|居家生活|6 4 -1|94 94 -1 4|0.9 22|18 2 -1 1 13
9914 美利達|運動休閒|-14 -18 3|54 71 -8 -24|0.9 128|23 6 -0 10 -6
9917 中保科|其他|3 -0 -4|98 99 7 7|0.8 46|40 -2 0 52 16
9919 康那香|其他|9 2 7|68 72 -15 -15|1.2 7|5 2 0 -2 9
9921 巨大|運動休閒|-3 -20 0|54 67 -16 -26|0.9 156|27 -5 -0 11 29
9924 福興|居家生活|3 -11 -2|75 77 -11 -20|1.7 7|11 -12 -1 3 22
9925 新保|其他|1 4 -1|98 98 -1 -1|1.2 9|17 -20 0 -33 19
9927 泰銘|其他|19 7 9|79 96 -2 2|1.1 8|7 -15 0 -50 43
9930 中聯資源|綠能環保|-11 -13 -10|90 95 -5 -5|1.1 7|2 -14 -0 0 13
9933 中鼎|其他|-24 -28 -2|98 98 25 24|0.8 161|17 14 1 -15 -28
9935 慶豐富|居家生活|9 4 12|80 90 -1 -7|1.6 5|6 3 0 -13 7
9938 百和|其他|-4 -13 -8|73 77 -15 -20|1.9 94|11 -12 2 9 14
9939 宏全|其他|14 -2 -0|80 97 1 1|0.7 162|14 4 1 47 -3
9940 信義|其他|22 15 -5|71 82 -11 -11|1.1 10|4 -9 0 11 17
9941 裕融|其他|-5 -4 -0|66 76 -1 -21|1.0 128|7 -23 4 -11 55
9942 茂順|其他|14 5 -1|99 99 0 16|1.3 11|4 3 0 31 -1
9945 潤泰新|其他|59 27 -7|74 77 -21 -21|1.3 193|8 -12 -0 21 57
9946 三發地產|建材營造|7453 14625 8649|76 85 -2 0|1.0 8|2 -4 0 -9 44
9951 皇田|電機機械|1 13 -1|83 90 -2 -8|2.2 8|5 -5 0 -7 -1
9955 佳龍|綠能環保|7 51 1|71 71 -22 0|0.7 11|5 -4 0 17 10
9958 世紀鋼|鋼鐵工業|32 27 12|44 70 -18 -24|1.5 227|12 -3 1 1 34
