# 2026-03-02 全池(1212 檔)。欄位:代碼 名稱|產業|最新月YoY 3月YoY均 加速度|距52週高% 距120日高% 60日漲% 120日漲%|量能比 日均值M|外持% 外20 投20 資20 券20(外資持股比;外資/投信20日淨買佔成交值%;融資/借券餘額20日變化%)
1101 台泥|水泥工業|0 -11 -12|78 99 24 14|0.9 827|19 -4 -0 -25 31
1102 亞泥|水泥工業|2 -10 -5|80 92 -7 -5|1.1 346|17 -4 -13 -6 38
1104 環泥|水泥工業|4 0 -0|91 91 -4 -1|1.5 18|16 -4 0 -11 -6
1210 大成|食品工業|12 5 4|81 93 -0 -3|1.2 85|10 -8 -6 -7 -22
1215 卜蜂|食品工業|13 9 6|100 100 14 16|0.7 117|42 4 5 -23 13
1216 統一|食品工業|1 0 -1|88 91 -2 -4|1.4 658|33 -2 -9 1 11
1217 愛之味|食品工業|-2 -6 -5|88 95 1 -4|1.9 6|8 3 0 12 -4
1218 泰山|食品工業|6 3 6|85 93 0 -2|1.7 10|3 3 0 2 4
1227 佳格|食品工業|16 -2 -1|82 88 -3 -1|2.2 23|6 -5 0 6 5
1229 聯華|食品工業|15 14 7|86 89 -7 -9|1.7 79|10 -4 1 -5 37
1231 聯華食|食品工業|-1 -3 -7|49 62 -12 -38|2.9 34|3 -5 0 -31 13
1232 大統益|食品工業|21 7 6|97 100 5 3|2.2 11|2 16 0 -56 3
1256 鮮活果汁-KY|食品工業|36 45 34|88 88 19 34|1.0 9|4 -1 0 25 24
1295 生合|食品工業|14 8 -3|na 49 -16 -41|0.9 6|3 -3 0 24 4
1301 台塑|塑膠工業|-1 -13 -3|95 95 25 24|1.8 1891|30 7 1 4 -10
1303 南亞|塑膠工業|12 1 -1|94 94 63 102|1.1 9124|32 10 0 -23 -73
1304 台聚|塑膠工業|-3 -16 -4|96 96 21 12|1.1 69|29 3 0 2 -14
1305 華夏|塑膠工業|4 -15 -2|89 95 16 0|1.4 35|5 -2 0 -5 4
1307 三芳|塑膠工業|20 4 1|68 94 2 7|2.2 28|7 5 -0 32 -11
1308 亞聚|塑膠工業|2 -7 -6|92 94 11 9|1.1 27|6 2 0 4 14
1309 台達化|塑膠工業|-12 -30 -10|81 96 17 3|1.5 19|2 -2 0 28 13
1312 國喬|塑膠工業|84 69 15|91 91 25 27|1.2 103|7 3 0 -21 0
1313 聯成|塑膠工業|21 -7 2|100 100 22 9|1.2 44|8 9 0 -13 -5
1316 上曜|建材營造|233 236 21|69 81 -7 3|0.8 31|4 -5 -1 -7 2
1319 東陽|汽車工業|-4 -6 -5|73 85 3 0|0.8 295|13 -7 -6 -16 26
1325 恆大|塑膠工業|-17 -13 -8|71 81 -11 2|0.7 17|1 -2 0 14 7
1326 台化|塑膠工業|4 -13 3|95 95 51 58|2.6 1974|35 3 1 24 4
1342 八貫|其他|18 17 5|95 99 20 20|2.2 33|30 16 0 41 -46
1402 遠東新|紡織纖維|-0 -4 2|87 100 4 6|3.2 275|20 8 -11 286 54
1409 新纖|紡織纖維|-2 -19 -6|88 94 -2 1|1.0 57|13 9 -0 -1 -22
1414 東和|紡織纖維|3 -2 7|75 99 4 10|0.7 6|1 2 -1 -0 46
1419 新紡|紡織纖維|51 25 9|84 84 -9 27|0.7 22|1 -0 0 -12 -16
1432 大魯閣|運動休閒|-46 -14 -14|81 94 3 8|2.5 6|1 3 0 na na
1434 福懋|紡織纖維|5 -4 -0|95 97 14 12|1.2 66|8 12 -0 -12 3
1436 華友聯|建材營造|-84 -51 -345|40 68 -10 -23|1.8 12|4 -0 -0 5 -7
1440 南紡|紡織纖維|-16 -14 2|91 91 -4 -4|1.4 19|8 -1 0 8 -2
1442 名軒|建材營造|-57 -15 29|36 51 -8 -44|0.3 17|12 -16 0 -4 -29
1449 佳和|紡織纖維|10 64 59|55 84 6 -10|0.6 6|6 -1 0 -17 -3
1466 聚隆|紡織纖維|-13 -15 -5|98 98 35 29|3.7 14|1 -0 0 51 -17
1471 首利|電子零組|-42 -51 -22|98 98 70 42|2.6 19|1 0 0 na na
1476 儒鴻|紡織纖維|8 2 -1|77 92 -5 3|4.2 322|34 -2 -0 -18 -8
1477 聚陽|紡織纖維|-19 -9 -3|87 95 4 20|1.1 337|17 -24 -5 -20 19
1503 士電|電機機械|6 9 3|92 92 39 25|1.5 1362|32 3 -0 -32 -33
1504 東元|電機機械|8 8 0|67 67 -13 15|0.7 1436|12 -0 -1 -21 23
1513 中興電|電機機械|11 7 -1|92 92 13 5|1.0 1429|18 7 -0 -50 -58
1514 亞力|電機機械|69 38 10|87 87 30 17|1.2 942|16 -0 -0 9 12
1515 力山|電機機械|34 83 73|75 82 -0 -13|1.2 9|5 -19 0 -6 30
1519 華城|電機機械|6 11 -9|95 95 46 69|1.1 3946|23 5 -1 -0 -47
1522 堤維西|汽車工業|37 55 29|71 82 -10 7|0.7 59|5 -16 -1 -13 6
1524 耿鼎|汽車工業|1 -17 -7|71 84 2 4|0.4 40|2 1 0 -16 -4
1527 鑽全|電機機械|-18 -17 -9|81 90 1 5|0.7 8|10 -3 0 -12 9
1528 恩德|電機機械|44 -5 12|74 74 62 27|0.8 143|3 -3 0 16 -17
1529 樂事綠能|電機機械|277 128 37|88 96 41 -1|2.1 47|2 1 0 -10 -1
1532 勤美|電機機械|1 1 1|78 86 -11 -3|1.0 14|8 -12 -2 -20 2
1535 中宇|電機機械|-23 -22 -26|86 91 -6 -8|2.1 7|1 3 0 7 44
1536 和大|汽車工業|5 5 17|71 85 11 -8|0.8 186|9 1 0 -5 -8
1537 廣隆|電機機械|-5 -13 5|86 95 1 -4|1.5 7|15 14 0 -18 -31
1540 喬福|電機機械|-32 9 1|61 84 11 -11|0.4 9|1 0 0 -9 23
1560 中砂|電機機械|33 23 4|97 97 65 51|1.3 975|32 9 -2 -27 -28
1563 巧新|汽車工業|7 -9 -4|65 87 6 -12|1.0 23|2 -4 0 8 -0
1565 精華|生技醫療|-6 -18 -11|59 74 -12 -26|1.2 22|9 -2 0 6 -16
1569 濱川|電腦及週|-6 -10 -17|68 84 7 1|1.6 40|4 -2 0 2 -3
1580 新麥|電機機械|13 -5 -10|89 93 -4 -3|1.3 7|5 -10 0 8 -1
1582 信錦|電子零組|5 -6 -0|76 100 14 10|1.9 63|6 -8 -0 15 79
1584 精剛|其他|-4 -2 6|76 84 12 -7|1.2 31|7 4 0 -4 -25
1586 和勤|電機機械|17 -1 6|76 80 -5 -17|0.4 8|1 -3 0 -1 2
1587 吉茂|汽車工業|50 39 12|76 76 -2 36|0.4 34|21 9 0 -20 -17
1589 永冠-KY|電機機械|34 7 -13|27 47 -35 -49|0.4 15|2 -9 0 -16 -9
1590 亞德客-KY|電機機械|67 35 13|100 100 39 56|1.5 1257|80 9 1 44 -38
1591 駿吉-KY|電機機械|1010 339 286|82 84 6 6|1.2 10|4 -0 0 -5 -4
1595 川寶|半導體業|12 -13 -5|85 92 16 12|1.0 8|4 12 0 0 -27
1597 直得|電機機械|40 37 21|72 91 16 -9|1.1 41|4 7 0 -11 -37
1603 華電|電器電纜|17 27 -5|90 90 4 0|0.7 29|5 4 -1 -2 5
1604 聲寶|電器電纜|-5 -11 -7|89 98 -1 -1|1.5 5|8 -7 0 -5 30
1605 華新|電器電纜|-5 -7 -5|83 83 27 59|0.4 2861|13 1 -1 12 -11
1608 華榮|電器電纜|30 12 8|89 89 7 27|0.5 214|5 1 -0 -15 -31
1609 大亞|電器電纜|41 13 4|87 87 9 -2|0.7 293|14 2 -0 -23 -19
1611 中電|電器電纜|1 -13 -8|84 94 8 1|0.5 7|11 1 0 -6 -18
1612 宏泰|電器電纜|41 14 -4|89 89 4 -4|0.9 43|19 13 0 -27 -7
1615 大山|電器電纜|40 22 18|83 96 2 -3|1.0 7|1 4 0 -30 4
1616 億泰|電器電纜|58 12 -7|70 72 -0 -26|0.8 34|4 -3 0 -12 -10
1618 合機|電器電纜|453 139 72|91 92 14 -4|0.7 75|2 -3 0 -22 -1
1702 南僑|食品工業|-3 -4 -1|78 94 2 -3|1.5 11|9 15 2 15 -5
1707 葡萄王|生技醫療|14 -5 -1|86 95 -2 -1|1.6 11|14 12 13 -13 -3
1708 東鹼|化學工業|24 8 8|92 100 19 18|2.0 66|13 18 0 11 -9
1709 和益|化學工業|-6 -9 3|82 99 4 -2|2.1 6|3 11 0 -11 13
1710 東聯|化學工業|-2 -16 -13|73 91 9 1|1.4 32|5 -6 -1 -11 33
1711 永光|化學工業|13 -2 2|98 98 57 48|3.1 307|4 -3 0 36 -1
1712 興農|化學工業|-6 2 3|99 99 9 11|1.6 24|15 1 0 -16 0
1713 國化|化學工業|-12 -12 -2|90 90 11 -9|0.5 14|1 -3 0 -3 26
1717 長興|化學工業|17 -1 4|96 96 74 58|1.6 1822|13 -1 1 -43 6
1720 生達|生技醫療|17 6 -1|100 100 3 16|2.2 14|6 8 -0 171 8
1721 三晃|化學工業|-0 -10 10|81 81 66 36|0.6 37|2 1 0 -3 -45
1722 台肥|化學工業|23 5 0|84 91 -0 -8|0.7 83|9 -2 -0 -14 2
1723 中碳|化學工業|-44 -31 -5|75 80 -5 -13|0.9 30|7 8 0 -8 -6
1727 中華化|化學工業|-10 6 9|94 94 21 22|0.8 160|9 10 0 -26 -41
1732 毛寶|化學工業|10 10 -6|83 83 -5 -2|0.7 11|2 -3 0 12 48
1734 杏輝|生技醫療|17 10 -0|94 94 -0 -5|1.2 7|5 5 0 -16 4
1735 日勝化|化學工業|21 -4 4|100 100 44 34|1.9 5|51 -1 0 16 126
1736 喬山|運動休閒|15 14 0|63 73 -18 -12|0.7 64|4 -4 0 -17 1
1760 寶齡富錦|生技醫療|24 13 7|72 84 -6 -11|1.2 11|12 -2 0 -3 9
1773 勝一|化學工業|29 13 4|92 92 16 14|1.8 128|7 7 -10 -8 -3
1784 訊聯|生技醫療|24 7 3|90 90 13 36|1.5 38|6 9 0 -27 -24
1785 光洋科|其他電子|68 46 5|89 89 10 15|0.6 391|19 5 0 -10 -25
1786 科妍|生技醫療|0 0 -1|59 66 -8 -21|1.0 20|2 -5 0 -2 -3
1789 神隆|生技醫療|-39 -20 -14|77 77 26 22|0.8 45|2 -7 0 -18 27
1795 美時|生技醫療|-5 20 12|77 77 -5 44|1.1 1954|60 -3 1 2 11
1802 台玻|玻璃陶瓷|18 1 -1|100 100 104 101|1.9 2903|8 -1 0 45 -50
1808 潤隆|建材營造|5750 10741 8129|71 71 -14 -0|1.0 41|4 -20 0 5 23
1809 中釉|玻璃陶瓷|26 3 -6|95 95 57 28|1.4 112|2 -2 0 23 -7
1810 和成|玻璃陶瓷|13 -4 -1|79 79 15 -15|0.8 26|3 6 -1 -3 -22
1815 富喬|電子零組|19 20 -20|93 93 35 64|1.2 6306|24 -1 0 13 80
1903 士紙|造紙工業|3 -3 -3|74 86 -7 0|0.9 16|11 1 0 2 -5
1904 正隆|造紙工業|19 1 2|90 97 -0 2|1.5 16|9 9 0 0 -10
1905 華紙|造紙工業|3 -5 2|71 92 3 0|2.9 23|3 -7 0 1 14
1907 永豐餘|造紙工業|12 -3 -0|87 92 -8 3|1.3 24|12 5 -1 0 -2
2002 中鋼|鋼鐵工業|1 -8 2|83 95 12 1|1.4 1231|15 17 0 -12 -27
2006 東和鋼鐵|鋼鐵工業|13 -3 -3|100 100 17 22|1.1 121|15 7 -6 -4 -30
2009 第一銅|鋼鐵工業|57 12 10|85 85 22 37|0.3 270|3 1 0 -13 32
2010 春源|鋼鐵工業|30 4 -1|100 100 14 9|1.0 35|10 16 0 -9 7
2013 中鋼構|鋼鐵工業|-8 -5 -10|83 99 6 3|1.4 6|7 -2 0 -1 31
2014 中鴻|鋼鐵工業|-14 -34 1|71 90 26 12|0.7 178|4 -2 0 -38 16
2015 豐興|鋼鐵工業|12 -14 -4|94 100 9 3|1.4 17|12 14 -13 42 -2
2017 官田鋼|鋼鐵工業|-4 -18 -1|78 100 19 0|2.7 7|2 4 0 25 16
2020 美亞|鋼鐵工業|40 10 8|84 96 7 -3|1.2 11|2 5 0 -29 22
2023 燁輝|鋼鐵工業|-7 -16 -8|85 91 0 -3|1.6 29|5 -7 0 28 14
2027 大成鋼|鋼鐵工業|20 17 3|72 92 2 -9|0.7 618|16 3 -0 -10 -2
2030 彰源|鋼鐵工業|4 -12 2|89 92 17 13|0.7 18|2 -2 0 6 73
2031 新光鋼|鋼鐵工業|23 -6 -27|77 87 6 -10|1.0 33|8 1 -0 -16 19
2032 新鋼|鋼鐵工業|40 6 -3|76 90 15 5|0.7 12|1 -4 0 1 55
2034 允強|鋼鐵工業|-22 -29 -15|78 91 3 -1|0.8 41|4 -1 0 0 8
2038 海光|鋼鐵工業|-2 -15 -9|74 91 14 -3|0.8 13|1 -3 0 3 78
2049 上銀|電機機械|13 8 7|70 97 40 18|1.4 1205|28 6 0 14 -11
2059 川湖|電子零組|44 54 -20|79 79 -2 16|1.3 2680|27 2 -6 11 -13
2062 橋椿|居家生活|23 7 16|70 91 12 -8|1.1 7|7 2 0 -12 -3
2069 運錩|鋼鐵工業|-19 -15 -9|91 91 20 24|0.9 9|1 1 0 5 54
2070 精湛|電機機械|14 28 26|63 88 12 -2|1.3 6|3 0 0 -3 9
2101 南港|橡膠工業|1 -6 6|67 79 -6 -15|1.0 46|5 -8 0 -2 5
2102 泰豐|橡膠工業|-7 1 -8|96 100 6 6|1.7 11|4 11 0 4 -3
2103 台橡|橡膠工業|12 -2 -2|89 91 39 10|5.3 62|21 -1 -0 67 28
2104 國際中橡|橡膠工業|-12 -15 -1|90 90 31 7|3.1 49|7 3 -0 -4 -28
2105 正新|橡膠工業|13 -1 2|61 79 -6 -21|4.9 272|14 7 -18 42 14
2106 建大|橡膠工業|-2 0 1|73 94 -3 -4|1.9 16|9 4 0 8 -4
2108 南帝|橡膠工業|18 -8 4|79 96 17 6|3.5 20|5 3 0 -5 16
2201 裕隆|汽車工業|-3 -8 5|61 70 -16 -7|0.8 112|5 -9 -0 -5 3
2204 中華|汽車工業|47 31 35|79 93 -2 1|1.2 48|20 9 -5 -8 5
2206 三陽工業|汽車工業|16 5 5|88 91 -2 -6|1.6 56|7 -11 -10 -3 14
2207 和泰車|汽車工業|7 -1 -3|92 93 -7 1|1.6 192|22 10 -2 -24 17
2208 台船|航運業|75 40 -21|79 79 19 27|1.5 182|9 12 0 na na
2211 長榮鋼|鋼鐵工業|-22 -8 -24|86 86 -11 14|0.5 86|5 -7 -4 -29 -5
2228 劍麟|汽車工業|-7 -4 -2|77 77 4 -13|0.1 23|3 5 -4 -7 -2
2230 泰茂|居家生活|8 -3 -12|35 35 -61 -61|5.7 20|5 2 0 6 -2
2231 為升|汽車工業|2 -14 5|63 63 -3 5|0.7 38|5 -3 -0 -12 5
2233 宇隆|汽車工業|-3 -11 -3|81 81 25 -12|0.7 478|3 -2 0 9 24
2236 百達-KY|汽車工業|5 208 -204|82 95 27 9|0.7 32|51 -4 0 5 2
2241 艾姆勒|汽車工業|27 57 40|74 74 -15 16|0.7 11|11 -10 0 -3 8
2247 汎德永業|汽車工業|-22 -21 -15|81 87 -6 -10|2.1 28|4 -0 -3 -22 4
2250 IKKA-KY|汽車工業|2 -8 -2|47 70 -3 -31|1.0 7|7 0 0 -2 -25
2254 巨鎧精密-創|汽車工業|-81 -69 -65|93 100 18 10|1.2 5|24 3 0 -25 33
2258 鴻華先進-創|汽車工業|-98 -62 -41|76 89 -5 -1|1.1 20|0 10 0 na na
2301 光寶科|電腦及週|16 14 -7|87 87 9 35|2.2 5313|33 2 -1 -9 435
2302 麗正|半導體業|-1 -1 -10|81 87 4 16|0.8 17|3 1 -0 -8 -1
2303 聯電|半導體業|5 4 2|85 85 39 54|1.0 11381|35 7 -3 -12 -9
2305 全友|電腦及週|42 34 24|85 85 31 12|0.4 12|3 6 0 -22 -1
2308 台達電|電子零組|33 36 3|99 99 60 108|1.4 16503|65 -1 2 -27 7
2312 金寶|其他電子|-13 -8 -5|71 71 19 35|0.6 800|9 1 -2 4 -36
2313 華通|電子零組|40 17 8|100 100 192 194|1.2 16482|29 -2 -0 -11 -20
2316 楠梓電|電子零組|37 34 16|88 88 20 10|1.6 297|30 5 0 38 3
2317 鴻海|其他電子|36 31 9|91 91 9 14|1.9 12391|39 12 0 -1 16
2323 中環|光電業|28 13 13|97 97 24 30|1.1 78|13 16 0 -1 -2
2324 仁寶|電腦及週|7 -4 10|82 86 9 12|1.6 1194|35 -0 -3 -16 17
2327 國巨*|電子零組|27 26 15|97 97 26 111|1.3 8595|49 7 -1 -18 29
2328 廣宇|電子零組|-15 -13 -13|83 84 12 -17|0.8 324|9 2 0 -21 -6
2329 華泰|半導體業|39 28 2|82 82 23 28|0.8 958|11 -1 0 7 14
2330 台積電|半導體業|37 27 -6|98 98 44 69|1.7 64851|72 -11 2 7 5
2331 精英|電腦及週|34 34 17|90 90 37 39|0.8 197|6 -3 -0 -8 62
2332 友訊|通信網路|6 1 7|66 88 8 -10|0.7 33|12 -0 0 3 -18
2337 旺宏|半導體業|51 40 24|100 100 243 476|1.0 20381|26 2 1 43 -44
2338 光罩|半導體業|-2 -18 -0|100 100 61 28|3.1 96|5 8 0 -9 -11
2340 台亞|半導體業|12 0 -2|83 84 17 14|1.0 64|8 1 0 -16 -6
2342 茂矽|半導體業|-9 -18 -26|84 84 17 53|0.5 63|3 -1 0 -24 -6
2344 華邦電|半導體業|94 62 43|96 96 128 564|0.8 21291|20 -2 1 -3 63
2345 智邦|通信網路|72 73 -54|98 98 50 44|0.9 5734|59 5 0 -27 -36
2347 聯強|電子通路|39 23 21|98 98 16 18|0.8 287|30 21 -4 -54 -6
2348 海悅|其他|-63 -0 14|41 70 -8 -14|0.8 26|1 -8 0 -10 18
2349 錸德|光電業|19 14 7|87 87 63 31|1.0 98|12 4 0 na na
2351 順德|半導體業|19 3 5|88 89 8 -0|0.8 136|10 14 1 -35 -45
2352 佳世達|電腦及週|7 1 -3|62 66 -6 -17|0.8 119|9 -11 0 -2 42
2353 宏碁|電腦及週|40 21 14|70 81 -1 -13|0.9 830|10 -3 -2 -0 11
2354 鴻準|其他電子|57 23 -127|76 80 -7 -19|1.2 267|13 5 0 -8 5
2355 敬鵬|電子零組|14 4 4|98 98 45 20|2.0 509|13 3 -0 45 -4
2356 英業達|電腦及週|35 3 -9|87 87 9 8|0.8 983|13 -0 -1 -25 7
2357 華碩|電腦及週|80 48 16|74 74 -9 -17|1.0 1970|37 -5 -3 1 10
2359 所羅門|其他電子|13 7 -15|79 79 8 -21|0.7 247|4 3 0 -9 -5
2360 致茂|其他電子|72 54 20|100 100 87 183|1.5 2578|61 -4 2 126 -13
2362 藍天|電腦及週|38 -4 12|76 91 -4 -8|1.0 23|10 13 -0 -7 -12
2363 矽統|半導體業|172 117 -684|79 85 14 -2|0.9 541|5 1 0 -7 -6
2364 倫飛|電腦及週|-14 -8 -25|53 64 -6 -34|0.7 8|15 -6 0 -5 6
2365 昆盈|電腦及週|9 12 12|73 73 12 -25|0.7 157|1 -1 0 -11 -1
2367 燿華|電子零組|6 -13 -2|100 100 208 144|2.0 7313|10 2 0 -6 -10
2368 金像電|電子零組|69 62 3|93 93 46 72|0.8 7000|29 10 -0 -22 -25
2369 菱生|半導體業|62 38 27|89 89 50 66|0.9 342|15 -1 0 2 12
2371 大同|電機機械|19 17 10|85 87 14 -10|0.5 821|10 5 -0 -9 -33
2374 佳能|光電業|110 98 30|74 74 4 -5|0.6 810|5 -1 -0 0 -6
2375 凱美|電子零組|26 15 7|87 87 -1 56|0.5 242|14 1 -0 -31 -20
2376 技嘉|電腦及週|57 56 22|76 76 -3 -16|1.3 882|14 -9 -2 2 32
2377 微星|電腦及週|34 25 5|51 72 -4 -27|1.3 729|15 -10 0 -1 99
2379 瑞昱|半導體業|14 4 -3|83 83 -6 -8|1.1 1577|45 -11 -2 -7 37
2382 廣達|電腦及週|62 64 12|97 97 11 14|1.6 4573|25 29 -1 -10 -2
2383 台光電|電子零組|55 40 -8|98 98 80 93|1.0 8555|45 2 3 -10 23
2385 群光|電子零組|2 -4 0|77 88 7 -6|1.3 410|20 9 -11 -12 55
2387 精元|電腦及週|0 -15 1|64 99 12 5|5.0 19|11 -3 0 -20 8
2388 威盛|半導體業|-47 -50 -17|51 74 2 -19|0.6 169|13 0 0 -5 -3
2392 正崴|電子零組|-19 -25 -22|57 76 3 -19|1.2 57|6 4 0 -7 -7
2393 億光|光電業|12 3 8|73 86 16 -12|0.8 196|28 -2 -5 8 -18
2395 研華|電腦及週|23 15 -5|83 95 17 5|2.4 965|32 -3 3 24 145
2397 友通|電腦及週|18 3 -16|73 73 0 -24|1.0 11|15 7 0 -4 -12
2399 映泰|電腦及週|-18 -7 4|85 85 13 21|0.3 50|4 4 0 -11 -9
2401 凌陽|半導體業|23 9 6|75 91 18 -8|1.9 67|10 11 0 -6 -20
2402 毅嘉|電子零組|23 13 -2|91 91 34 -1|1.0 263|13 -1 -0 -4 -3
2404 漢唐|其他電子|59 67 19|87 87 40 -8|1.2 2690|33 -0 -4 1 14
2405 輔信|電腦及週|14 18 9|71 80 -3 -18|0.8 26|5 -24 0 -12 5
2406 國碩|光電業|189 180 148|100 100 82 60|1.7 637|13 1 0 18 36
2408 南亞科|半導體業|608 473 302|87 87 99 501|0.9 27459|13 -1 0 6 89
2409 友達|光電業|4 3 3|98 98 55 30|1.7 3007|13 4 -0 0 17
2412 中華電|通信網路|12 4 0|100 100 5 3|2.5 1622|17 9 4 -7 20
2413 環科|電子零組|12 -1 -11|99 99 115 186|1.3 278|5 1 0 4 -13
2414 精技|電子通路|54 23 -1|92 92 3 -1|2.2 5|5 -7 0 -10 -21
2417 圓剛|電腦及週|4 18 14|69 77 4 -25|1.0 34|2 -1 0 -1 -5
2419 仲琦|通信網路|-20 4 7|91 91 48 33|0.8 129|1 1 0 -16 5
2420 新巨|電子零組|10 3 3|83 92 7 -5|1.2 13|6 -2 -0 -10 39
2421 建準|電子零組|36 28 -4|82 82 -9 14|1.8 324|39 -6 -0 6 -19
2423 固緯|其他電子|47 25 13|82 82 -6 -15|1.2 9|6 -5 -0 -18 1
2425 承啟|電腦及週|44 41 -10|71 82 3 -18|0.5 6|9 9 0 -9 -18
2426 鼎元|光電業|-0 -4 -3|86 98 30 11|1.2 28|7 -2 0 -16 23
2427 三商電|資訊服務|363 138 46|81 91 -0 -6|1.1 21|4 2 0 -7 -8
2428 興勤|電子零組|22 7 -1|92 92 0 27|1.7 88|16 20 1 -3 -33
2429 銘旺科|光電業|-4 44 -20|38 38 -22 -27|1.0 33|2 6 0 -11 -100
2431 聯昌|電子零組|21 -12 -15|94 94 50 35|1.5 46|2 0 0 11 5
2436 偉詮電|半導體業|61 31 9|96 96 37 23|2.1 282|9 6 0 24 -3
2439 美律|通信網路|31 18 8|77 81 -10 -18|1.4 113|19 -19 -8 19 12
2440 太空梭|電子零組|70 11 7|97 97 29 24|0.8 6|1 2 0 na na
2441 超豐|半導體業|32 16 3|87 87 36 63|0.5 774|12 3 -1 -14 -15
2442 新美齊|建材營造|-58 674 440|65 65 -17 -30|2.1 34|2 0 0 -14 5
2444 兆勁|通信網路|-20 -17 -1|79 100 42 34|1.9 9|1 1 0 na na
2449 京元電子|半導體業|41 36 5|97 97 55 127|0.8 6280|33 2 2 -11 1
2451 創見|半導體業|441 276 167|82 82 17 122|0.5 2801|11 2 -2 -32 -37
2453 凌群|資訊服務|9 7 -1|73 83 3 -15|0.6 32|4 -3 0 1 20
2454 聯發科|半導體業|-8 6 -5|98 98 68 38|1.1 20532|57 7 2 -1 -72
2455 全新|通信網路|30 26 18|100 100 73 54|2.1 2924|26 4 -1 6 12
2457 飛宏|電子零組|-3 -21 -13|80 80 11 32|0.5 214|6 -0 0 -20 -0
2458 義隆|半導體業|2 -2 1|80 90 -5 5|1.4 181|12 1 -14 -1 -9
2460 建通|電子零組|139 52 36|99 99 100 44|2.0 9|1 7 0 -39 -100
2461 光群雷|其他電子|25 10 11|83 94 10 -4|0.9 5|5 9 0 -5 -12
2462 良得電|電子零組|18 -4 -8|91 91 20 5|0.6 13|2 -2 0 -21 51
2464 盟立|其他電子|8 -10 -2|90 97 29 6|1.7 491|3 1 0 -5 -0
2465 麗臺|電腦及週|73 1 -22|65 66 1 -21|0.8 16|1 6 0 -100 na
2466 冠西電|光電業|55 -6 -10|46 65 -9 -30|0.4 49|11 2 1 5 -93
2467 志聖|電子零組|124 58 20|100 100 96 92|1.3 957|18 7 0 18 -37
2468 華經|資訊服務|-14 -4 -23|44 59 -16 -41|0.8 11|4 2 0 -7 -27
2471 資通|資訊服務|11 13 -2|77 94 1 -2|2.3 11|4 4 0 -4 -49
2472 立隆電|電子零組|17 12 1|94 94 14 40|1.2 318|12 5 -3 -4 -16
2474 可成|其他電子|8 -3 -8|89 90 -6 1|1.1 506|23 -9 -12 -7 21
2476 鉅祥|電子零組|38 27 11|71 71 -3 -11|0.7 89|8 7 0 -12 -14
2477 美隆電|其他電子|3 3 0|85 88 5 -11|0.8 7|24 -8 0 -15 9
2478 大毅|電子零組|38 11 -4|97 97 12 67|1.4 131|14 2 0 -13 -19
2480 敦陽科|資訊服務|31 10 -3|81 83 -0 -19|2.1 40|12 -3 -0 56 37
2481 強茂|半導體業|15 13 8|95 95 18 45|0.6 1681|19 3 -1 -30 -45
2483 百容|電子零組|33 8 6|100 100 24 20|2.8 6|1 1 0 -28 2
2484 希華|電子零組|1 4 -7|98 98 53 38|2.2 91|4 -3 0 1 66
2485 兆赫|通信網路|163 115 46|100 100 161 279|1.1 1723|5 0 0 70 17
2486 一詮|光電業|35 14 -0|87 87 52 70|1.1 1238|16 7 1 -9 -73
2488 漢平|其他電子|32 -9 -9|84 98 7 3|1.9 8|6 7 0 -17 -24
2489 瑞軒|光電業|9 4 -4|100 100 205 220|1.8 390|12 -1 0 85 68
2491 吉祥全|光電業|3 3 7|71 71 35 23|0.3 6|7 6 0 -22 -2
2492 華新科|電子零組|20 11 4|94 94 24 82|1.6 1595|16 6 0 -19 -45
2493 揚博|電子零組|9 7 4|68 68 27 -25|0.9 93|3 -7 1 13 -14
2495 普安|電腦及週|38 10 15|88 88 18 48|0.3 143|5 2 0 -19 -15
2497 怡利電|汽車工業|-7 -10 -7|76 83 12 -11|0.5 16|2 -7 2 -23 6
2498 宏達電|通信網路|0 -12 -12|60 60 -6 -24|0.6 260|10 10 -0 -5 -1
2501 國建|建材營造|14 -5 -21|96 96 10 11|1.2 32|10 4 -3 -9 1
2504 國產|建材營造|2 2 -4|91 100 12 7|1.2 49|10 1 -4 7 12
2505 國揚|建材營造|-162 4241 -18375|85 96 1 1|0.9 6|4 -7 0 -1 14
2515 中工|建材營造|85 14 19|94 94 20 51|3.9 330|12 -2 0 31 -2
2520 冠德|建材營造|-5 14 28|58 80 -2 -11|0.6 54|12 -8 -0 -31 8
2527 宏璟|建材營造|2 -18 41|92 99 26 29|1.5 10|42 9 -0 31 4
2528 皇普|建材營造|-97 269225 -782825|61 90 -2 -0|1.8 24|3 -9 -0 45 18
2530 華建|建材營造|-67 -83 -230|70 88 2 -5|1.4 22|4 -10 -2 2 32
2534 宏盛|建材營造|-90 -57 -301|78 89 -2 -6|0.9 9|7 -5 0 7 12
2535 達欣工|建材營造|189 103 33|99 99 20 25|1.5 25|8 7 0 -29 3
2536 宏普|建材營造|175 4788 1476|74 82 -7 -13|1.4 6|9 8 0 -1 -1
2537 聯上發|建材營造|178 34 -2574|69 84 0 -3|0.5 9|3 -7 0 -17 -2
2539 櫻花建|建材營造|398 173 na|73 83 12 -17|1.6 42|2 -4 -1 -10 6
2540 愛山林|建材營造|-32 -27 -41|51 57 1 -39|0.9 24|2 -2 -3 -3 5
2542 興富發|建材營造|2481 919 720|84 84 0 -6|1.2 145|9 4 -3 -8 -5
2543 皇昌|建材營造|35 19 17|61 79 12 -16|1.4 92|2 1 0 8 4
2545 皇翔|建材營造|-56 -67 -78|53 83 -3 -8|0.9 13|3 2 0 -2 7
2546 根基|建材營造|55 39 -16|96 96 1 14|1.4 8|4 2 0 26 20
2547 日勝生|建材營造|18 1 10|79 96 5 -1|1.7 15|15 -7 -0 -5 2
2548 華固|建材營造|34610 27881 19873|95 95 14 18|1.7 73|14 5 1 6 14
2597 潤弘|建材營造|63 39 14|90 95 5 14|1.3 49|4 -23 -0 14 7
2603 長榮|航運業|-24 -23 -3|93 100 17 11|2.4 1693|19 22 -10 -5 -9
2605 新興|航運業|24 34 28|100 100 57 58|1.3 360|46 14 0 4 -27
2606 裕民|航運業|7 11 12|95 97 20 20|1.0 408|11 13 -9 3 -28
2607 榮運|航運業|-21 -19 2|88 92 -1 -8|0.9 35|10 -19 -0 -23 -3
2608 嘉里大榮|航運業|14 1 -3|86 91 -6 -7|5.5 8|4 -15 0 -5 46
2609 陽明|航運業|-22 -24 3|77 100 15 2|2.1 563|16 12 -0 -8 -7
2610 華航|航運業|-8 -2 -2|82 86 4 -7|2.0 886|18 16 -5 -6 3
2611 志信|航運業|-3 -5 -3|70 94 6 -4|1.4 5|2 -2 0 -2 3
2612 中航|航運業|-1 0 -4|88 88 25 24|0.9 89|5 7 0 -13 -27
2613 中櫃|航運業|15 5 1|74 91 5 -8|1.3 9|2 -3 0 3 -14
2614 東森|其他|-11 -7 -2|86 86 -7 17|0.6 18|5 -12 -2 -2 20
2615 萬海|航運業|-15 -16 -4|66 91 1 -4|1.6 451|41 -1 -3 -5 21
2617 台航|航運業|-1 6 8|93 93 7 11|1.0 20|8 2 -0 -13 -5
2618 長榮航|航運業|-1 1 2|85 91 8 -7|1.7 1126|25 14 -8 -7 -43
2630 亞航|航運業|-36 -14 -16|72 72 9 -13|0.7 88|4 1 0 -4 3
2633 台灣高鐵|航運業|-5 0 -2|95 95 -2 -1|1.7 147|10 -20 -0 -1 80
2634 漢翔|航運業|28 6 9|81 81 13 10|1.2 461|3 -1 -1 -11 -21
2636 台驊控股|航運業|-19 -21 -2|82 92 1 -6|1.6 21|9 -10 0 2 15
2637 慧洋-KY|航運業|7 12 25|92 100 15 22|0.8 218|16 17 -6 -7 18
2640 大車隊|數位雲端|1 2 -2|86 86 -4 -5|2.7 10|5 -49 -0 54 61
2641 正德|航運業|33 37 -7|85 89 4 -2|0.7 52|5 -11 0 2 0
2645 長榮航太|航運業|35 14 -2|87 87 23 -5|1.0 478|6 -3 1 -24 46
2646 星宇航空|航運業|-1 11 -8|79 90 -2 -11|1.7 109|2 -15 0 -12 9
2707 晶華|觀光餐旅|-10 0 -6|92 92 -1 -2|1.3 24|7 -20 0 -16 15
2723 美食-KY|觀光餐旅|-16 -14 -8|70 87 11 -11|1.2 33|46 1 1 -14 12
2727 王品|觀光餐旅|-2 6 2|88 94 1 1|1.9 59|22 -18 -1 3 11
2731 雄獅|觀光餐旅|-10 2 -2|93 93 -5 12|1.5 127|27 -2 5 -6 -10
2743 山富|觀光餐旅|-3 -0 1|73 78 -10 -7|1.3 12|2 -8 0 12 9
2745 五福|觀光餐旅|-2 10 -3|73 89 -7 -1|1.2 19|4 -6 0 -18 -2
2748 雲品|觀光餐旅|-8 -6 -3|67 87 -4 -11|1.1 5|1 1 0 -6 0
2753 八方雲集|觀光餐旅|10 8 -2|87 87 -4 -2|0.9 40|8 -24 -1 -3 7
2755 揚秦|觀光餐旅|23 22 1|96 96 13 -2|4.4 5|2 2 0 41 6
2801 彰銀|金融保險|18 11 -1|95 95 4 9|2.1 330|19 -1 -1 7 -1
2812 台中銀|金融保險|9 12 5|89 90 -1 -3|1.6 266|10 -15 0 17 35
2820 華票|金融保險|221 111 42|99 99 4 4|2.0 21|9 14 1 54 4
2832 台產|金融保險|4 5 5|91 91 -6 15|0.8 8|4 -11 -6 1 7
2834 臺企銀|金融保險|7 1 -4|97 97 1 6|2.3 303|19 -12 -0 -5 139
2836 高雄銀|金融保險|31 19 3|98 98 5 9|2.5 15|8 19 0 -20 -6
2838 聯邦銀|金融保險|21 16 7|98 98 3 18|2.1 43|4 14 -9 108 -27
2845 遠東銀|金融保險|8 15 13|94 96 1 -4|1.8 89|10 -11 -1 0 42
2850 新產|金融保險|5 5 1|97 97 0 12|1.6 30|10 -7 -8 19 -15
2851 中再保|金融保險|104 46 35|99 99 4 19|1.3 26|6 16 0 -1 -37
2852 第一保|金融保險|-2 0 3|96 97 -2 8|1.2 10|5 -18 -1 7 8
2855 統一證|金融保險|373 145 96|96 96 29 51|2.3 259|12 5 -0 -49 -14
2880 華南金|金融保險|26 18 11|96 96 24 33|1.9 393|17 13 9 5 64
2881 富邦金|金融保險|10 24 -90|95 95 1 7|1.4 1652|17 9 -9 -7 4
2882 國泰金|金融保險|1 7 1|98 98 19 23|1.4 1805|21 18 -7 -3 -11
2883 凱基金|金融保險|-4 2 746|96 96 36 34|2.5 956|30 28 3 3 -3
2884 玉山金|金融保險|41 34 8|99 99 13 4|1.2 1135|31 13 -1 -58 -1
2885 元大金|金融保險|111 54 37|96 96 31 46|1.5 997|27 -18 2 50 31
2886 兆豐金|金融保險|20 14 12|94 95 -0 0|1.4 836|21 2 -1 -9 10
2887 台新新光金|金融保險|219 212 113|97 97 34 54|1.0 1638|23 5 1 -17 -33
2889 國票金|金融保險|102 47 32|95 95 3 8|1.4 72|10 10 -0 -15 -10
2890 永豐金|金融保險|55 37 17|99 99 21 41|1.7 713|27 9 3 -1 -23
2891 中信金|金融保險|48 46 10|96 96 22 28|1.8 1454|34 5 -6 -13 120
2892 第一金|金融保險|28 20 9|98 98 3 5|1.2 532|27 -1 0 0 -29
2903 遠百|貿易百貨|-15 -9 -4|94 94 -4 8|0.8 59|9 11 -8 -36 -21
2905 三商|貿易百貨|21 -32 -39|95 95 8 29|1.3 14|4 5 0 -5 -22
2912 統一超|貿易百貨|1 3 -0|85 87 -4 -12|1.2 653|18 2 -10 -30 -21
2913 農林|貿易百貨|-16 -15 -22|66 87 -2 -11|1.4 20|5 2 0 -14 3
2915 潤泰全|貿易百貨|-41 -45 -28|82 96 0 2|1.2 90|6 -7 -6 -6 3
3002 歐格|電腦及週|52 35 8|76 76 -2 33|0.2 11|2 12 0 -15 -3
3003 健和興|電子零組|59 20 17|73 94 10 -2|1.9 14|4 1 0 -16 -8
3004 豐達科|鋼鐵工業|35 26 7|69 74 8 -13|0.7 49|4 1 1 -6 -16
3005 神基|電腦及週|1 9 -2|75 75 4 -15|1.7 380|16 -20 -6 32 16
3006 晶豪科|半導體業|129 94 72|87 87 111 196|1.0 3876|28 -1 0 149 15
3008 大立光|光電業|11 -0 -7|92 95 15 3|1.4 1762|29 3 -2 -36 7
3010 華立|電子通路|8 3 4|96 96 19 26|1.3 216|15 14 1 12 -15
3011 今皓|電子零組|-27 -35 -2|67 81 6 -20|0.5 10|2 -10 0 7 13
3013 晟銘電|電腦及週|50 28 6|73 79 -7 -16|0.6 236|4 -0 -2 -7 -4
3014 聯陽|半導體業|7 -1 -7|81 89 1 -8|1.0 123|22 -4 -2 9 10
3015 全漢|電子零組|23 5 -10|82 90 9 -2|0.9 25|9 2 -1 -17 -5
3016 嘉晶|半導體業|19 16 17|83 83 27 61|0.6 219|2 0 0 -20 -27
3017 奇鋐|電腦及週|150 134 32|100 100 42 72|1.2 9858|55 16 1 -32 -57
3019 亞光|光電業|24 14 -3|75 89 16 -7|0.8 1689|7 1 0 18 9
3022 威強電|電腦及週|-13 -8 -5|55 86 -3 -12|0.9 31|15 -18 -2 -1 20
3023 信邦|電子零組|2 -4 2|79 99 15 7|1.0 516|37 21 -2 -34 24
3024 憶聲|光電業|-49 -74 -66|59 78 6 -16|1.1 8|3 -4 0 -9 -6
3025 星通|通信網路|-10 69 63|76 76 35 21|0.4 76|7 3 0 -3 -17
3026 禾伸堂|電子零組|22 12 3|96 96 9 37|2.4 140|19 11 1 -21 -43
3027 盛達|通信網路|-49 -51 -55|60 84 6 -17|0.3 9|2 4 0 -6 3
3028 增你強|電子通路|109 53 29|95 95 48 71|2.5 496|11 5 0 35 -27
3029 零壹|資訊服務|32 10 -26|81 94 7 -4|2.4 115|4 -1 -0 -5 18
3030 德律|其他電子|39 53 17|100 100 69 16|1.5 742|17 1 0 15 -12
3031 佰鴻|光電業|31 15 10|87 94 10 5|0.9 8|3 10 0 -21 -9
3032 偉訓|電子零組|42 46 -12|60 62 -16 -34|1.4 49|5 -15 0 -3 40
3033 威健|電子通路|59 29 1|92 96 7 13|1.0 88|9 10 -0 -24 -4
3034 聯詠|半導體業|-10 -11 -9|73 86 -1 -10|1.2 1366|31 5 -4 -3 21
3035 智原|半導體業|-30 -11 -75|66 90 4 8|1.1 635|7 -0 0 -5 -3
3036 文曄|電子通路|152 76 39|100 100 40 51|1.1 1258|21 9 3 17 23
3037 欣興|電子零組|34 27 10|100 100 193 239|1.5 25282|39 -5 3 25 -26
3038 全台|光電業|-6 -17 -1|83 95 15 7|0.7 8|9 -1 -0 -15 12
3040 遠見|其他|1 -2 1|52 52 -28 -35|0.8 21|1 1 0 -14 5
3041 揚智|半導體業|-10 27 37|67 77 2 -14|0.9 28|7 -11 1 12 7
3042 晶技|電子零組|7 3 -2|94 94 16 5|1.4 138|14 18 -3 -18 -34
3044 健鼎|電子零組|31 18 3|93 93 27 23|0.8 1853|48 9 -1 -5 -8
3045 台灣大|通信網路|4 3 3|95 96 0 2|1.1 673|12 5 -7 -19 -6
3046 建碁|電腦及週|15 61 44|89 89 7 8|0.6 14|4 -7 0 -17 -15
3047 訊舟|通信網路|-21 -41 -2|60 76 5 -8|0.7 26|3 -1 0 -12 -9
3048 益登|電子通路|14 2 -3|83 83 4 35|0.3 99|3 6 0 -20 -8
3049 精金|光電業|51 21 15|100 100 74 70|1.4 90|6 1 0 -14 na
3050 鈺德|光電業|4 5 4|80 89 20 7|0.6 13|7 1 0 -12 14
3051 力特|光電業|-1 -10 -12|74 83 29 -1|0.5 28|3 1 0 6 -15
3052 夆典|建材營造|38 30 -4|84 94 2 -2|0.5 5|3 -27 0 -7 15
3055 蔚華科|電子通路|44 64 64|85 85 20 20|0.6 35|1 -2 0 -1 23
3056 富華新|建材營造|50 -49 -3275|44 76 -6 -18|1.2 24|4 12 -0 -14 -8
3058 立德|電子零組|14 3 0|64 81 3 -14|1.2 11|6 6 0 -8 na
3059 華晶科|光電業|23 9 -16|63 63 -4 -22|0.7 99|10 -15 -0 -12 85
3060 銘異|電腦及週|35 22 11|90 90 24 58|0.4 178|10 4 0 -19 -16
3062 建漢|通信網路|68 13 -11|80 91 16 2|1.5 126|10 8 0 -11 -25
3071 協禧|電腦及週|26 14 17|91 91 23 -4|2.0 7|2 4 0 11 -0
3073 天方能源|綠能環保|1048 450 257|58 71 4 -24|0.9 5|1 3 0 4 8
3078 僑威|電子零組|-17 -24 -40|69 70 -10 -30|3.0 72|22 -17 -0 9 20
3081 聯亞|通信網路|123 143 46|100 100 210 199|0.3 893|32 4 3 -29 -66
3086 華義*|文化創意|-39 3 -0|95 95 -0 65|1.4 33|41 3 0 -8 4
3088 艾訊|電腦及週|50 22 15|57 91 12 -7|1.3 27|10 -2 0 -1 -12
3090 日電貿|電子零組|13 20 -11|90 90 16 39|0.8 318|7 5 -1 -6 3
3092 鴻碩|電子零組|-7 -9 2|100 100 139 99|2.0 23|2 -1 0 77 18
3093 港建*|其他電子|91 -1 -134|92 100 22 10|3.9 5|68 3 0 2 -10
3094 聯傑|半導體業|-3 -6 -22|82 89 11 -0|1.0 7|3 -0 0 6 17
3105 穩懋|半導體業|25 29 27|98 98 172 255|1.3 7021|30 0 1 27 -25
3122 笙泉|半導體業|7 -9 -1|87 94 30 7|1.8 7|3 -3 0 -37 -35
3128 昇銳|光電業|-11 -16 -17|59 70 2 -30|0.4 6|2 -5 0 -9 13
3130 一零四|數位雲端|16 11 2|97 98 -0 1|2.2 5|22 -7 0 -43 8
3131 弘塑|半導體業|42 69 9|94 94 24 20|0.9 955|30 10 -5 -59 14
3135 凌航|半導體業|344 165 na|na 94 160 303|1.0 387|1 -3 0 na 31
3138 耀登|通信網路|11 13 10|100 100 161 129|2.3 779|4 2 0 55 46
3141 晶宏|半導體業|7 -3 -10|63 94 27 -2|0.9 32|10 3 0 -4 -5
3147 大綜|資訊服務|207 59 -43|75 99 12 0|3.4 59|1 -0 0 11 0
3149 正達|光電業|53 28 17|88 88 57 47|0.7 469|7 1 0 -7 -51
3152 璟德|通信網路|-9 -18 -3|85 85 44 18|0.6 130|14 -1 0 3 11
3162 精確|電機機械|31 19 -66|89 89 12 4|0.6 118|48 -0 0 -8 4
3163 波若威|通信網路|48 41 17|100 100 235 275|0.1 1022|37 10 3 -29 -21
3167 大量|電機機械|120 78 -34|100 100 57 55|0.4 859|19 12 1 4 -26
3169 亞信|半導體業|4 -2 -14|89 96 18 5|1.5 12|4 7 0 6 -0
3176 基亞|生技醫療|-4 -11 -28|82 89 0 1|1.1 8|4 -7 0 30 80
3178 公準|半導體業|-21 -18 -14|86 92 29 2|0.6 7|1 -2 0 -4 19
3188 鑫龍騰|建材營造|885 473 218|100 100 9 15|2.0 9|2 5 0 -5 -6
3189 景碩|半導體業|55 40 7|94 94 131 167|1.2 11134|10 0 2 -38 84
3205 佰研|生技醫療|34 -38 -18|84 84 16 2|1.4 6|7 1 0 -7 -13
3207 耀勝|電子零組|46 47 16|66 100 27 22|2.5 33|6 -0 0 -7 15
3209 全科|電子通路|17 26 14|95 96 9 12|1.6 38|9 20 -0 15 -1
3211 順達|電腦及週|52 42 37|77 77 21 -11|1.0 1769|23 1 -1 8 19
3213 茂訊|電腦及週|-29 -14 -13|75 78 5 -4|1.0 26|7 0 -0 8 -3
3217 優群|電子零組|11 11 -10|76 76 -4 -11|1.0 92|8 -17 1 -5 21
3218 大學光|生技醫療|-12 -4 -1|59 75 -7 -24|1.3 24|7 -11 0 16 4
3219 倚強科|其他電子|149 118 43|60 60 26 -23|0.4 23|1 1 0 -18 -7
3221 台嘉碩|通信網路|7 9 5|100 100 70 73|2.5 139|6 1 0 40 44
3227 原相|半導體業|1 1 -8|74 79 3 4|1.2 356|21 -7 -4 -1 27
3228 金麗科|半導體業|-20 -4 11|63 83 8 -2|0.9 43|6 0 0 na 0
3230 錦明|光電業|-25 -17 -11|69 69 17 -2|1.1 49|4 -1 0 -43 -8
3231 緯創|電腦及週|152 163 47|85 85 -3 19|1.2 4199|25 -11 -0 8 48
3234 光環|通信網路|3 11 -7|100 100 198 185|1.3 415|4 1 0 na na
3236 千如|電子零組|46 35 16|86 86 21 88|0.6 91|16 -0 0 -18 -35
3257 虹冠電|半導體業|-21 39 8|78 78 3 0|0.4 33|1 -3 0 -0 -5
3260 威剛|半導體業|199 120 67|79 79 63 195|1.2 6018|26 -6 -1 82 9
3264 欣銓|半導體業|22 22 13|90 90 74 111|0.8 1945|32 -3 4 -36 -32
3265 台星科|半導體業|18 14 2|95 95 60 46|0.8 318|7 3 2 -11 -39
3289 宜特|其他電子|6 10 -2|96 96 34 11|1.5 336|10 1 0 39 -39
3290 東浦|電子零組|20 20 -0|98 98 21 35|1.6 47|6 1 0 11 -2
3293 鈊象|文化創意|14 13 -5|73 82 -10 -11|1.3 1041|22 -7 -5 -1 3
3294 英濟|電子零組|12 -13 -2|68 68 7 -24|0.9 65|11 0 0 -1 -4
3297 杭特|光電業|-30 14 -5|53 56 -20 -45|0.3 5|4 2 0 -14 -12
3303 岱稜|其他電子|19 1 -2|86 93 5 -0|2.0 9|5 1 0 -16 13
3305 昇貿|其他電子|45 37 4|76 76 26 6|0.6 632|2 0 0 -17 -4
3306 鼎天|通信網路|69 28 8|71 71 3 -14|0.6 10|3 -4 0 -16 2
3308 聯德|電子零組|-3 102 na|100 100 82 61|2.5 11|1 2 0 -5 46
3311 閎暉|通信網路|-2 -13 -12|83 89 9 -0|1.9 9|2 3 0 -20 -20
3312 弘憶股|電子通路|19 15 -6|61 83 3 -12|0.4 28|1 0 0 -8 -2
3317 尼克森|半導體業|19 6 -8|87 87 9 18|0.7 41|8 3 0 -13 -29
3321 同泰|電子零組|4 -0 -11|63 80 10 35|0.7 8|3 1 0 na na
3322 建舜電|電子零組|15 0 -13|88 91 35 9|1.1 7|4 14 0 -1 -10
3323 加百裕|電腦及週|3 -15 -8|68 68 8 -4|0.4 135|8 3 0 -23 -9
3324 雙鴻|其他電子|122 102 43|98 98 27 61|1.6 4439|28 4 1 35 24
3338 泰碩|電子零組|10 -6 -6|84 89 24 -10|2.1 38|2 -4 0 -3 49
3339 泰谷|光電業|74 58 19|67 77 18 -12|0.9 15|5 6 0 -11 -17
3346 麗清|汽車工業|-12 -15 -7|62 88 17 -9|0.7 8|3 -4 0 6 40
3349 寶德|電腦及週|-14 -42 -57|100 100 28 71|1.0 12|3 8 0 na na
3354 律勝|電子零組|26 7 23|91 91 89 58|0.7 20|2 5 0 -5 28
3356 奇偶|光電業|1 -6 6|77 91 0 -3|0.8 14|6 -9 0 2 -8
3357 臺慶科|電子零組|26 23 -0|100 100 28 61|2.0 313|19 6 1 54 4
3360 尚立|電子通路|153 99 64|95 95 37 29|2.3 10|3 2 0 -4 122
3362 先進光|光電業|17 7 3|48 85 19 -14|0.7 71|7 -3 0 -12 8
3363 上詮|通信網路|-11 -2 -36|100 100 86 79|1.3 1957|16 4 0 10 -17
3372 典範|半導體業|60 50 21|95 95 43 86|1.6 40|1 0 0 -41 na
3374 精材|半導體業|46 28 18|96 98 47 39|1.7 1102|20 10 -2 -8 -50
3376 新日興|電子零組|-17 -23 -3|75 82 19 -9|1.0 1024|19 -3 2 -3 7
3379 彬台|電機機械|-14 18 -105|51 61 -17 -38|0.6 14|2 -5 0 -2 -14
3380 明泰|通信網路|6 20 13|98 98 18 19|1.5 110|7 0 0 -1 -7
3390 旭軟|電子零組|96 33 27|91 97 20 24|2.0 8|3 6 0 -1 20
3402 漢科|其他電子|17 7 8|91 91 23 -0|0.6 75|7 14 0 -12 -17
3406 玉晶光|光電業|23 39 28|92 92 -5 -2|0.8 318|34 5 -8 -12 30
3413 京鼎|半導體業|12 8 -18|83 83 8 9|1.9 441|14 -1 1 -3 9
3416 融程電|電腦及週|8 25 6|74 74 6 -12|1.2 36|3 -10 0 -4 25
3419 譁裕|通信網路|18 2 -20|91 100 37 34|2.4 6|2 3 0 -12 na
3430 奇鈦科|化學工業|22 29 13|94 94 41 67|2.4 46|5 -2 0 -13 -13
3434 哲固|光電業|-52 -31 -25|45 73 -3 -28|0.3 6|3 -2 0 -10 -13
3437 榮創|光電業|-17 -21 -1|70 91 19 1|0.8 17|5 -4 0 19 41
3438 類比科|半導體業|-14 -3 -7|75 81 7 8|0.3 5|3 3 0 -8 -2
3441 聯一光電|光電業|36 26 -13|88 88 6 5|0.6 5|3 -4 0 -5 8
3443 創意|半導體業|108 99 49|95 95 34 90|1.0 8792|28 -2 1 -29 -3
3444 利機|電子通路|11 13 2|84 84 35 18|0.9 15|12 -0 0 -25 -29
3447 展達|通信網路|-5 2 -42|51 51 -17 -43|0.6 11|1 8 0 -8 -12
3450 聯鈞|半導體業|-9 -11 -27|98 98 41 47|2.3 3020|15 2 1 -4 -21
3454 晶睿|光電業|-7 -15 -18|65 100 19 3|0.8 13|2 -2 0 -43 -49
3455 由田|光電業|-8 -33 -31|92 92 36 21|0.8 166|11 4 -2 -23 -10
3466 德晉|通信網路|-24 -65 -35|58 72 -15 -7|1.2 26|15 -9 0 1 4
3479 安勤|電腦及週|21 11 -2|78 78 -5 -19|0.8 22|6 -16 -1 -8 30
3481 群創|光電業|19 10 4|99 99 132 114|2.3 11977|26 3 0 23 6
3483 力致|電腦及週|22 3 -1|72 81 6 -13|1.8 41|10 9 -0 -4 -24
3484 崧騰|電子零組|3 -8 -14|73 90 2 -4|1.1 11|8 3 0 -5 -5
3490 單井|光電業|-9 -16 -7|83 95 11 2|1.0 9|6 -0 0 -12 -2
3491 昇達科|通信網路|113 66 48|100 100 265 381|0.3 740|37 18 -5 -36 -33
3498 陽程|其他電子|28 21 -68|95 99 12 4|1.5 44|10 3 0 18 25
3501 維熹|電子零組|1 -2 1|83 88 8 0|0.5 13|3 -1 0 -12 -11
3504 揚明光|光電業|13 6 -4|85 99 31 5|5.0 18|3 -4 0 -11 -1
3508 位速|其他電子|31 13 -18|100 100 91 50|2.8 48|1 -0 0 na na
3515 華擎|電腦及週|41 54 -31|67 67 -5 -18|1.0 115|9 -17 -0 11 35
3518 柏騰|其他電子|39 9 11|90 90 14 -0|1.3 6|6 -8 0 -12 3
3526 凡甲|電子零組|51 29 -1|96 96 23 17|2.2 176|16 5 1 51 4
3527 聚積|半導體業|10 -9 5|79 85 17 -1|1.3 14|6 4 0 -5 -6
3528 安馳|電子通路|152 128 46|76 90 7 3|1.4 14|4 12 0 1 -28
3529 力旺|半導體業|22 -2 -8|83 100 33 23|1.5 2602|59 10 5 -14 35
3530 晶相光|半導體業|80 69 48|70 79 11 4|0.4 17|42 6 1 -9 -10
3532 台勝科|半導體業|22 9 7|87 87 56 61|1.0 721|47 -1 1 -39 27
3533 嘉澤|電子零組|31 22 5|95 95 46 16|1.5 2928|41 12 3 30 -2
3535 晶彩科|光電業|9477 3507 2119|100 100 103 88|0.6 665|14 -1 0 16 -10
3537 堡達|電子零組|26 22 13|86 86 -4 21|0.3 13|4 -3 0 -27 -10
3540 曜越|電腦及週|-10 10 -17|73 77 3 -9|0.9 7|3 -6 0 -20 31
3543 州巧|光電業|10 2 -1|93 93 23 59|1.9 134|17 5 0 -21 5
3545 敦泰|半導體業|-16 -27 -12|66 75 7 -22|1.7 71|14 -0 0 1 12
3546 宇峻|文化創意|-1 17 15|60 78 -16 -20|0.8 18|8 -5 0 -19 21
3548 兆利|電子零組|-24 -31 -30|45 70 0 -22|1.0 28|6 -7 0 -5 2
3550 聯穎|電子零組|61 19 2|90 90 47 22|1.1 72|3 -0 0 -2 27
3551 世禾|綠能環保|30 26 8|85 85 22 10|0.5 90|9 -4 0 1 -13
3552 同致|其他電子|-15 -7 -5|59 67 -19 -22|1.0 11|12 1 0 -1 -11
3555 博士旺|半導體業|3727 1524 844|90 90 105 111|0.9 32|3 3 0 13 -11
3556 禾瑞亞|半導體業|114 44 22|99 99 22 22|1.2 11|5 3 0 -39 72
3558 神準|通信網路|-19 -11 -39|57 81 8 -19|2.4 30|3 -2 0 -0 -12
3563 牧德|光電業|11 9 -113|98 98 40 17|1.8 378|10 10 -2 11 -9
3564 其陽|通信網路|5 4 -4|62 84 13 -14|1.1 10|2 -9 0 3 6
3576 聯合再生|光電業|-45 -58 -14|100 100 293 271|2.5 606|14 7 0 na na
3577 泓格|電腦及週|6 13 2|58 69 5 -31|0.9 6|3 2 0 -4 -11
3580 友威科|其他電子|-10 -16 10|79 95 26 -3|0.6 32|9 9 0 -8 -16
3581 博磊|半導體業|18 40 26|91 91 17 86|1.6 71|13 -4 0 2 -14
3583 辛耘|半導體業|14 15 -2|86 86 21 -2|3.3 157|11 3 0 3 -30
3587 閎康|其他電子|17 14 4|98 100 19 16|3.0 327|18 2 1 7 -2
3588 通嘉|半導體業|14 9 14|78 89 17 9|0.7 35|2 -6 0 -3 22
3591 艾笛森|光電業|-2 -16 -7|73 87 7 1|0.9 9|2 -6 0 6 21
3592 瑞鼎|半導體業|-8 -5 3|61 76 11 -22|0.6 128|19 3 -0 -22 21
3594 磐儀|電腦及週|10 1 -29|66 95 13 -2|1.3 11|2 -6 0 3 64
3596 智易|通信網路|7 6 -4|78 79 7 -22|2.8 210|39 -15 -1 10 16
3605 宏致|電子零組|18 6 -6|79 79 5 -12|0.8 152|12 -2 0 -2 4
3609 三一東林|電子零組|-36 280 189|61 67 -24 -21|1.2 7|2 1 0 5 32
3611 鼎翰|電腦及週|6 5 -27|91 91 -7 3|1.2 7|12 -25 0 -12 9
3615 安可|光電業|30 -6 -4|100 100 41 29|2.3 34|5 1 0 51 25
3617 碩天|其他電子|-3 -5 -1|62 75 -2 -14|0.6 48|9 -3 -0 2 -3
3622 洋華|光電業|-22 26 17|82 82 -11 10|0.4 36|4 -12 -0 -23 36
3624 光頡|電子零組|28 19 11|91 91 17 59|0.9 174|46 3 0 -11 -28
3625 西勝|電腦及週|23 6 7|54 54 -2 -18|0.5 9|5 -0 0 na na
3628 盈正|其他電子|26 -0 -16|70 70 -9 40|0.5 13|6 10 0 -15 -22
3630 新鉅科|光電業|44 33 10|84 84 29 8|0.7 84|42 -0 0 -25 8
3631 晟楠|電子零組|169 44 31|70 98 32 27|0.8 5|8 2 0 -11 6
3645 達邁|電子零組|-10 -4 -8|85 85 33 -9|1.8 252|9 0 -0 -9 -2
3653 健策|電子零組|29 20 -24|91 91 17 55|0.9 5784|29 7 1 -19 -12
3661 世芯-KY|半導體業|-56 -62 -20|82 85 16 -13|0.9 6900|46 -2 1 0 19
3663 鑫科|其他電子|158 72 17|86 90 51 14|1.0 160|4 -0 0 -19 -5
3665 貿聯-KY|其他電子|34 37 5|90 90 -4 61|1.4 5116|51 10 -6 3 -24
3673 TPK-KY|光電業|49 14 17|94 94 3 5|1.1 74|43 -4 0 -9 18
3675 德微|半導體業|9 -0 7|86 98 39 41|4.0 84|57 6 0 2 -16
3679 新至陞|電子零組|0 -12 -22|78 94 4 3|2.7 7|9 10 0 -20 -9
3680 家登|半導體業|63 53 30|83 91 24 32|0.6 519|24 6 -2 -27 10
3685 元創精密|電機機械|50 24 20|78 78 5 99|0.6 18|0 -2 0 -6 na
3686 達能|半導體業|2 25 14|94 94 27 35|1.7 13|3 -1 0 na na
3687 歐買尬|數位雲端|33 19 8|80 86 -6 -4|1.2 10|7 -17 0 -1 -11
3689 湧德|電子零組|31 30 7|91 91 16 6|0.9 291|16 -2 0 -9 34
3691 碩禾|光電業|196 201 166|100 100 102 66|2.2 116|7 -5 0 -2 9
3693 營邦|電腦及週|-39 -31 -20|100 100 56 73|1.6 458|10 2 0 47 14
3694 海華|通信網路|59 27 -2|58 60 -5 -37|0.7 78|6 -14 -0 7 99
3701 大眾控|電腦及週|-20 -19 2|100 100 120 44|1.7 283|5 1 0 3 -24
3702 大聯大|電子通路|45 21 2|95 97 7 2|1.0 356|25 11 -9 -34 -7
3703 欣陸|建材營造|-13 70 56|73 92 1 -3|1.6 19|21 -9 0 2 -8
3704 合勤控|通信網路|-34 -31 -23|81 86 1 17|0.7 124|8 -2 -0 -4 10
3705 永信|生技醫療|-6 -1 -6|84 93 -1 -1|1.3 18|7 -22 -0 -11 6
3706 神達|電腦及週|34 20 -55|74 74 -10 -18|0.7 950|8 0 1 -2 8
3707 漢磊|半導體業|25 17 14|85 85 29 27|0.6 494|15 -1 0 13 -32
3708 上緯投控|綠能環保|-62 -81 -58|82 85 17 -11|1.6 153|6 5 -0 -8 -9
3709 鑫聯大投控|電腦及週|133 54 -6|100 100 42 89|1.8 161|10 -0 0 27 23
3711 日月光投控|半導體業|21 15 5|95 95 76 149|1.5 7724|79 13 -1 -10 -9
3712 永崴投控|電腦及週|-62 -55 -86|39 62 -3 -32|0.9 18|2 -1 0 -13 4
3714 富采|光電業|2 -1 6|78 95 27 1|1.4 146|14 4 0 -9 -7
3715 定穎投控|電子零組|9 16 6|97 97 41 46|0.9 5044|12 2 0 2 5
3717 聯嘉投控|汽車工業|na na na|na 83 3 -7|0.6 9|2 -2 0 -5 12
4104 佳醫|生技醫療|16 6 1|88 88 -5 -10|1.3 19|4 -5 0 14 38
4105 東洋|生技醫療|16 9 -6|99 99 8 11|1.0 53|25 7 -0 -15 6
4107 邦特|生技醫療|19 14 8|96 96 -1 6|2.5 7|7 -14 0 73 4
4114 健喬|生技醫療|25 10 -7|82 88 2 -9|1.2 29|7 -8 0 -0 -8
4119 旭富|生技醫療|21 27 32|61 86 11 -10|1.1 7|6 6 0 5 -14
4121 優盛|生技醫療|-2 -4 -2|99 99 30 33|1.7 16|2 -2 0 69 67
4123 晟德|生技醫療|56 22 18|100 100 23 28|2.4 90|12 6 -0 18 -10
4126 太醫|生技醫療|16 -7 -13|87 89 -8 -10|1.6 5|10 -25 0 -1 7
4127 天良|生技醫療|37 49 3|89 89 21 5|0.6 6|1 -3 0 -26 3
4128 中天|生技醫療|9 8 -2|54 71 -7 -27|0.8 25|7 -10 0 -3 4
4129 聯合|生技醫療|20 18 -5|82 82 -8 -3|0.7 21|15 -1 0 4 -12
4130 健亞|生技醫療|2 4 5|90 90 41 77|0.7 35|2 0 0 69 4
4133 亞諾法|生技醫療|12 1 -0|77 87 11 -2|0.8 5|12 -3 0 28 14
4137 麗豐-KY|生技醫療|117 45 34|96 99 15 -1|2.2 16|58 12 0 6 -4
4142 國光生|生技醫療|-82 224 167|73 84 -6 4|0.9 42|4 -24 0 35 111
4147 中裕|生技醫療|-24 -0 1|52 64 -21 -34|1.3 53|10 -1 -1 -5 31
4157 太景*-KY|生技醫療|43 2186 1646|77 77 32 23|0.3 29|2 -5 0 13 23
4162 智擎|生技醫療|208 49 39|60 87 -12 -5|0.8 31|10 -2 0 1 16
4164 承業醫|生技醫療|38 23 -9|56 62 -18 -32|0.8 25|25 -11 0 1 12
4167 松瑞藥|生技醫療|-14 23 17|88 88 9 2|0.6 36|11 -1 0 8 -4
4168 醣聯|生技醫療|na na na|84 86 22 8|0.7 11|5 2 0 -13 na
4174 浩鼎|生技醫療|140 147 98|32 60 -26 -35|0.3 23|6 -6 0 -63 na
4303 信立|塑膠工業|30 22 -286|68 68 -13 -19|0.8 55|3 3 0 1 -2
4306 炎洲|塑膠工業|29 22 29|79 92 3 -7|1.2 11|5 10 0 -2 -7
4416 三圓|建材營造|793 306 -444|31 39 -33 -60|2.5 6|1 -0 0 64 180
4441 振大環球|紡織纖維|53 25 na|na na -11 na|0.7 15|3 -8 0 na na
4503 金雨|電機機械|19 -8 -137|61 66 -15 -32|0.8 6|4 3 0 -5 -2
4506 崇友|電機機械|10 -17 -28|89 89 -4 -7|1.5 11|3 13 0 33 58
4510 高鋒|電機機械|39 34 31|75 87 27 -11|0.4 182|6 0 0 -3 -8
4513 福裕|電機機械|26 7 13|49 77 11 -7|0.6 7|4 2 0 -9 1
4523 永彰|電機機械|343 83 52|88 88 23 3|3.7 5|3 1 0 10 5
4526 東台|電機機械|-22 -30 -25|85 86 13 -9|1.4 145|5 1 0 9 -1
4532 瑞智|電機機械|-13 -14 -6|82 98 9 9|0.8 25|18 7 -3 -1 -14
4533 協易機|電機機械|-28 -3 -19|78 78 63 35|0.8 280|6 -0 0 -13 11
4534 慶騰|電機機械|19 8 6|100 100 122 60|3.3 28|1 1 0 na na
4536 拓凱|運動休閒|17 -12 -15|81 87 2 -9|2.9 40|15 -10 -4 -10 14
4540 全球傳動|電機機械|85 33 9|85 97 51 11|2.0 236|5 0 0 17 -30
4541 晟田|其他|84 40 12|71 71 9 -5|0.8 47|6 2 0 -13 -27
4542 科嶠|電子零組|97 89 11|100 100 222 166|1.6 137|6 -1 0 22 50
4543 萬在|電機機械|80 41 27|79 89 37 18|0.3 7|7 6 0 -12 -6
4545 銘鈺|電子零組|-2 6 6|77 83 10 12|0.3 7|32 -2 0 -7 7
4549 桓達|電機機械|12 -13 -14|65 73 -7 -23|1.3 16|3 11 0 -4 -5
4551 智伸科|汽車工業|8 10 6|75 75 14 -20|1.0 56|51 8 -0 -6 -13
4555 氣立|電機機械|25 8 -2|74 74 -6 -21|1.5 6|3 -8 0 -11 -24
4557 永新-KY|汽車工業|-22 -19 -21|55 81 -4 -18|0.9 8|32 -15 0 -7 4
4560 強信-KY|電機機械|14 6 -3|82 95 5 -1|1.8 9|85 -2 0 -33 1
4561 健椿|電機機械|75 10 21|51 80 20 -17|0.7 15|2 2 0 -27 -21
4562 穎漢|電機機械|3 -28 -26|59 71 5 -30|0.4 15|2 -1 0 -13 1
4563 百德|電機機械|-34 -17 -7|53 76 15 -8|0.6 19|3 -4 0 -16 26
4564 元翎|電機機械|-35 -30 -26|88 100 31 7|3.2 20|3 1 0 33 -7
4566 時碩工業|電機機械|14 5 -1|72 88 11 -7|0.8 29|3 4 0 -9 -17
4571 鈞興-KY|電機機械|-10 -12 -11|83 95 19 -3|1.4 98|60 -1 0 -11 1
4572 駐龍|電機機械|-11 -12 10|80 84 3 -9|0.6 6|2 -22 0 -4 -6
4576 大銀微系統|電機機械|70 35 9|75 99 26 -3|1.4 117|2 4 -0 -1 -4
4577 達航科技|其他電子|17 -0 -19|100 100 100 203|1.2 113|6 5 0 55 -30
4583 台灣精銳|電機機械|24 12 10|79 86 14 0|0.7 271|2 1 -0 -12 -13
4585 達明|其他電子|1 18 na|na na 23 na|0.8 199|0 -1 0 na 103
4588 玖鼎電力|其他電子|881 301 221|78 89 11 3|0.7 6|4 -0 0 -31 -3
4714 永捷|化學工業|141 118 14|77 77 6 -7|0.8 24|8 -5 0 -5 9
4720 德淵|化學工業|-0 -1 1|84 88 21 10|0.6 11|5 2 -0 -12 -5
4721 美琪瑪|化學工業|31 16 -5|75 78 3 -16|0.8 23|5 3 0 -5 -4
4722 國精化|化學工業|25 -0 3|93 93 35 43|1.8 214|8 12 -1 -10 -33
4726 永昕|生技醫療|1 46 35|71 82 3 -14|1.0 9|21 -4 0 -29 na
4729 熒茂|光電業|2 4 -4|84 84 12 -13|0.5 5|2 -2 0 -1 -3
4736 泰博|生技醫療|0 -2 5|90 94 2 -4|2.6 38|7 3 -5 10 -20
4737 華廣|生技醫療|-23 -13 -7|68 69 -7 -26|1.8 12|26 39 0 16 -16
4739 康普|化學工業|109 118 55|100 100 24 40|1.4 101|11 6 0 -13 -11
4743 合一|生技醫療|66 74 53|69 74 -4 -20|0.6 165|12 -10 0 6 13
4744 皇將|生技醫療|113 46 19|92 92 18 8|1.7 8|7 -2 0 24 1
4746 台耀|生技醫療|3 -4 -9|76 80 -12 -16|1.2 58|12 6 0 3 -3
4749 新應材|半導體業|16 14 -15|95 95 18 22|1.5 954|16 -1 0 6 52
4755 三福化|化學工業|21 -12 -12|98 98 48 20|2.4 58|22 12 0 19 -48
4760 勤凱科技|其他電子|66 57 23|95 95 12 18|1.0 177|14 5 0 -15 -46
4763 材料*-KY|化學工業|-18 -30 -18|41 64 -14 -31|0.9 325|46 -4 -2 1 6
4764 雙鍵|化學工業|1 11 2|98 98 161 233|1.4 182|25 4 0 -3 9
4766 南寶|化學工業|10 2 -2|74 74 1 -12|1.2 101|16 1 -3 -18 -6
4768 晶呈科技|化學工業|229 202 150|100 100 156 245|1.4 518|14 1 0 9 -4
4770 上品|化學工業|51 -1 16|68 77 20 -12|0.9 119|8 1 0 -13 -9
4771 望隼|生技醫療|43 36 13|86 96 1 -2|1.2 13|5 5 0 -6 -13
4772 台特化|化學工業|309 264 116|90 90 17 31|1.2 586|12 -12 -2 14 48
4903 聯光通|通信網路|167 235 67|91 91 33 28|0.8 147|3 0 0 11 -5
4904 遠傳|通信網路|12 12 5|98 98 1 11|2.4 624|21 17 -8 -39 127
4906 正文|通信網路|-34 -37 -1|85 93 7 3|0.8 107|15 -1 -0 1 7
4908 前鼎|通信網路|67 -8 -16|100 100 34 7|5.0 74|5 -0 0 -4 7
4909 新復興|通信網路|-60 -80 7|69 100 73 13|1.6 123|8 2 0 5 -1
4912 聯德控股-KY|電子零組|12 14 5|72 93 28 23|1.9 87|24 -5 0 1 60
4915 致伸|電子零組|43 22 11|87 87 -6 -6|1.6 165|45 -8 -6 14 -2
4916 事欣科|電腦及週|10 33 29|91 91 41 -2|0.6 560|2 -1 0 9 -12
4919 新唐|半導體業|1 -3 1|82 100 60 33|3.7 371|8 -3 -0 8 -1
4927 泰鼎-KY|電子零組|-10 -13 -5|98 98 128 62|1.8 245|13 5 0 6 -27
4931 新盛力|電腦及週|42 89 53|78 78 22 -9|0.5 478|13 -3 -2 -18 16
4933 友輝|光電業|21 -3 -11|75 92 2 -4|1.0 6|7 9 0 -6 -34
4934 太極|光電業|118 48 82|100 100 77 94|2.2 64|3 1 0 na na
4938 和碩|電腦及週|-12 -6 -6|77 93 2 2|1.4 529|30 12 -10 -7 -11
4939 亞電|電子零組|19 2 4|69 69 26 73|0.3 147|6 0 0 -10 -36
4946 辣椒|文化創意|-39 185 -673|61 98 55 12|5.3 14|13 -2 0 na na
4949 有成精密|光電業|28 8 6|81 96 33 7|1.6 89|2 -5 0 6 20
4951 精拓科|半導體業|-0 4 -1|85 86 11 -12|2.8 9|4 0 0 39 -1
4952 凌通|半導體業|29 12 19|86 98 30 8|4.5 20|5 -7 0 28 93
4953 緯致|資訊服務|35 27 11|83 83 -7 3|1.2 61|13 -22 0 -3 4
4956 光鋐|光電業|44 11 1|81 95 44 15|1.1 105|9 -2 0 -2 3
4958 臻鼎-KY|電子零組|1 6 -4|93 93 41 3|1.8 5988|63 -1 1 6 39
4960 誠美材|光電業|6 4 5|95 95 10 2|2.3 34|18 -0 0 -10 36
4961 天鈺|半導體業|-3 -16 -11|67 83 8 -16|0.9 99|18 -2 -0 -4 17
4966 譜瑞-KY|半導體業|-10 -4 -5|62 62 -16 -33|1.1 482|32 -14 -3 4 19
4967 十銓|半導體業|113 134 103|80 80 63 188|0.6 1775|14 -2 -0 -11 34
4968 立積|半導體業|38 15 8|57 73 -8 -14|0.9 126|9 -8 0 -5 22
4971 IET-KY|半導體業|13 23 -31|100 100 238 220|0.2 1036|29 1 0 -4 -59
4973 廣穎電通|半導體業|80 25 19|80 80 40 91|0.4 133|8 0 0 -17 -11
4974 亞泰|電子零組|-7 -26 -12|65 84 10 -16|1.5 30|6 -11 0 -13 31
4976 佳凌|光電業|1 -6 3|54 54 1 -22|0.9 27|3 -15 0 10 37
4977 眾達-KY|通信網路|-43 -38 -51|100 100 71 58|2.0 1015|18 1 0 7 -8
4979 華星光|通信網路|27 20 -10|100 100 132 131|0.9 9064|20 0 2 -33 -10
4987 科誠|電腦及週|32 13 3|99 99 18 6|0.6 7|3 2 0 -82 3
4989 榮科|電子零組|170 84 71|100 100 69 128|1.3 636|13 4 0 22 34
4991 環宇-KY|半導體業|156 69 27|100 100 139 125|0.3 522|16 7 -2 -22 -35
5007 三星|鋼鐵工業|-10 -1 6|97 97 11 14|0.9 7|3 2 -5 1600 -18
5009 榮剛|鋼鐵工業|9 -2 5|75 89 11 -6|1.3 93|12 2 0 5 6
5203 訊連|資訊服務|1 13 -4|49 62 -32 -31|3.2 30|14 -27 0 -14 92
5209 新鼎|其他|-20 7 20|91 91 2 9|1.1 6|2 -4 0 -30 2
5213 亞昕|建材營造|-54 -45 -398|75 96 7 3|1.1 10|2 3 0 1 4
5222 全訊|半導體業|-12 -18 8|87 87 10 -2|1.4 151|4 -1 0 0 -0
5225 東科-KY|其他電子|-13 -15 -4|73 84 -4 -9|2.2 56|41 -21 0 11 61
5227 立凱-KY|電子零組|-85 -58 -31|64 75 -5 -14|1.2 5|13 9 0 77 12
5228 鈺鎧|電子零組|94 69 30|84 84 37 53|0.8 9|2 4 0 -39 -7
5234 達興材料|光電業|20 13 -1|87 87 25 15|2.3 433|9 9 0 7 -65
5236 凌陽創新|半導體業|19 -0 -17|88 93 9 -1|1.5 15|4 11 1 -26 -10
5243 乙盛-KY|光電業|-13 -17 -6|93 93 -0 17|0.9 227|59 -0 -0 -1 11
5244 弘凱|光電業|6 2 1|77 77 5 -20|0.7 6|3 4 0 -5 -0
5245 智晶|光電業|1 -12 -1|87 87 45 2|1.3 9|4 -1 0 -25 4
5258 虹堡|電腦及週|1 8 7|55 65 -20 -32|0.9 20|5 10 0 -17 -2
5263 智崴|文化創意|1 -10 -11|85 85 16 21|0.7 35|13 -5 0 9 16
5269 祥碩|半導體業|58 74 2|59 76 9 -26|1.1 1379|11 3 -0 -2 127
5274 信驊|半導體業|28 23 -22|97 97 48 86|1.1 2535|55 -1 -0 22 -48
5278 尚凡*|數位雲端|26 16 -8|64 73 -0 -24|1.3 9|2 -6 0 24 8
5283 禾聯碩|電器電纜|3 -0 -3|57 81 1 -18|1.3 5|2 7 0 -5 -4
5284 jpp-KY|其他|38 55 -4|82 82 -2 1|0.4 184|53 1 0 -8 -3
5285 界霖|半導體業|12 8 0|89 89 0 4|0.7 14|3 4 0 14 5
5287 數字|數位雲端|6 2 -1|90 90 -5 -7|2.0 10|18 -19 0 7 72
5288 豐祥-KY|電機機械|24 -1 2|79 91 7 15|0.6 22|59 -14 0 2 28
5289 宜鼎|電腦及週|307 190 104|100 100 83 233|1.1 2905|33 -1 -1 -4 -16
5291 邑昇|電子零組|34 20 6|100 100 120 141|3.0 90|3 2 0 15 95
5292 華懋|綠能環保|2 13 -20|81 81 25 13|0.5 35|4 2 1 3 -10
5299 杰力|半導體業|-8 -20 -10|84 95 10 8|1.9 7|2 2 0 -24 -5
5302 太欣|半導體業|308 186 106|94 94 49 30|1.3 13|1 3 0 na na
5306 桂盟|運動休閒|17 -2 -1|75 96 4 2|1.2 10|13 -1 0 10 6
5309 系統電|電子零組|7 15 4|90 90 26 14|0.7 830|17 2 0 -10 -12
5314 世紀*|其他|265 292 -180|62 62 -6 14|0.9 510|12 2 -0 -2 -11
5315 光聯|光電業|11 6 -24|94 94 3 16|0.8 19|14 7 0 11 -4
5328 華容|電子零組|35 10 2|85 85 34 119|1.4 148|7 -5 0 -9 -15
5340 建榮|電子零組|40 22 3|100 100 89 120|0.2 350|54 -6 0 -11 -12
5347 世界|半導體業|18 14 3|79 79 47 41|1.1 5088|24 6 -4 -35 3
5351 鈺創|半導體業|292 194 141|83 83 49 78|0.6 787|25 1 0 -9 -5
5371 中光電|光電業|12 10 8|67 67 3 -27|0.7 690|15 -3 1 -16 7
5381 光譜|電機機械|-36 -5 -8|80 80 15 2|0.9 55|3 -1 0 na -90
5386 青雲|電腦及週|407 181 83|95 95 193 197|0.4 241|17 5 0 6 -42
5388 中磊|通信網路|33 20 18|63 78 2 -22|1.0 347|17 -10 -0 0 76
5392 能率|光電業|21 1 5|77 77 7 7|0.3 108|8 1 0 -15 -15
5403 中菲|資訊服務|27 10 -1|86 88 -4 -10|2.1 14|6 -12 0 41 61
5410 國眾|資訊服務|49 10 -29|76 76 1 -2|1.2 7|10 -8 0 -6 -6
5425 台半|半導體業|2 3 -18|84 84 2 22|0.4 190|18 5 -0 -27 -41
5426 振發|電腦及週|29 -1 -21|66 86 6 -13|1.1 9|4 -0 0 3 -8
5432 新門|綠能環保|151 91 60|83 83 24 16|0.4 19|4 -1 0 -11 -11
5434 崇越|電子通路|8 12 -5|96 96 14 15|1.3 219|29 22 -5 -25 -20
5438 東友|電腦及週|-32 -28 -31|73 73 10 6|0.5 6|2 0 0 4 -9
5439 高技|電子零組|130 125 -12|77 77 -6 -0|0.6 847|25 4 0 -5 -20
5443 均豪|半導體業|-5 -9 -25|80 80 15 -1|1.0 130|6 8 0 -12 -17
5452 佶優|其他電子|-11 -16 -4|94 94 68 37|1.0 68|12 -1 0 13 11
5457 宣德|電子零組|-3 -3 -12|70 70 -10 -16|1.1 19|31 1 -1 -1 -9
5469 瀚宇博|電子零組|59 54 12|84 84 4 25|1.0 682|13 1 -0 -12 6
5471 松翰|半導體業|56 15 10|100 100 42 33|4.1 53|13 0 0 38 37
5474 聰泰|電腦及週|13 10 -17|68 71 -5 -20|0.5 20|2 -5 0 3 6
5475 德宏|電子零組|102 83 11|98 98 276 411|1.0 302|9 2 0 na na
5478 智冠|文化創意|1 10 14|82 94 6 -0|1.1 17|19 -2 0 -23 -2
5483 中美晶|半導體業|-1 2 3|89 89 16 11|0.6 914|21 0 1 -22 -25
5484 慧友|光電業|138 206 144|67 72 16 -13|0.6 12|1 -2 1 na na
5490 同亨|電腦及週|11 14 -3|71 71 -5 1|0.9 7|7 -11 0 -10 -31
5493 三聯|其他電子|27 20 -3|93 93 12 -3|2.0 18|3 -8 0 3 -0
5498 凱崴|電子零組|55 48 21|90 90 149 180|0.5 816|4 -2 0 -23 90
5508 永信建|建材營造|7 6 63|40 52 -27 -23|1.0 34|8 -6 -0 -11 -2
5511 德昌|建材營造|27 29 6|95 95 2 10|1.1 10|4 5 0 24 19
5515 建國|建材營造|43 9 -13|83 83 3 38|0.5 14|10 6 -1 -6 -9
5519 隆大|建材營造|6 -39 -142|91 95 3 14|1.1 9|5 10 0 -13 -0
5521 工信|建材營造|-7 6 -24|99 99 94 93|1.5 118|11 -6 0 -5 39
5522 遠雄|建材營造|2495 1135 873|84 84 17 12|0.4 47|5 3 -6 -5 -14
5530 龍巖|其他|8 -2 -6|60 91 11 -7|1.2 27|55 -10 0 -4 36
5534 長虹|建材營造|-4 -9 -3|75 88 -1 2|1.4 54|11 -25 0 5 14
5536 聖暉*|其他電子|39 23 -19|72 72 9 -6|0.8 1177|28 3 -7 -0 -12
5607 遠雄港|航運業|41 31 8|100 100 18 12|4.1 18|3 18 0 -3 -28
5608 四維航|航運業|-11 -10 1|80 85 3 -2|1.1 37|5 0 0 7 22
5609 中菲行|航運業|2 -3 -9|96 96 1 1|1.4 13|16 -9 0 38 2
5706 鳳凰|觀光餐旅|-40 -23 -18|75 88 -4 -11|1.8 13|1 -4 0 11 27
5864 致和證|金融業|8549 4887 1351|97 97 78 95|2.5 150|5 0 0 -14 101
5871 中租-KY|其他|-2 -3 1|83 86 -2 -12|1.0 577|43 -1 -4 -7 -17
5876 上海商銀|金融保險|1 -1 -3|84 93 -3 -5|1.4 300|55 10 -10 -13 -27
5880 合庫金|金融保險|9 22 8|93 96 -1 1|1.9 430|16 1 2 6 7
5903 全家|居家生活|6 8 3|98 100 3 1|1.2 12|51 20 -3 -17 -24
5904 寶雅|居家生活|-2 5 -0|99 99 14 9|4.2 160|27 17 -0 -28 19
6005 群益證|金融保險|130 60 37|96 96 23 42|1.4 268|20 7 -0 -55 -23
6015 宏遠證|金融業|227 242 182|95 95 39 31|2.4 47|4 5 0 38 13
6016 康和證|金融業|152 95 31|96 96 36 47|2.3 164|7 3 0 23 19
6021 美好證|金融業|237 -452 -408|98 98 37 72|1.3 11|7 7 0 -1 29
6023 元大期貨|金融業|49 25 25|97 97 0 8|1.4 7|2 -8 0 25 -3
6024 群益期|金融保險|-207 -76 -71|97 99 8 7|1.3 17|3 18 -0 46 -17
6026 福邦證|金融業|-86 60 18|94 94 20 27|1.2 39|5 1 0 33 3
6104 創惟|半導體業|8 11 -19|55 77 12 -22|1.1 147|15 -5 0 -5 15
6111 光聚晶電|文化創意|103 110 52|69 83 -4 -12|0.8 20|11 -11 0 9 25
6112 邁達特|資訊服務|22 15 -7|69 86 3 -14|3.2 20|1 -6 0 -2 0
6113 亞矽|電子通路|100 35 32|73 90 18 -13|0.4 6|2 -3 0 3 21
6115 鎰勝|電子零組|36 18 10|95 100 4 3|2.3 6|5 9 0 84 4
6117 迎廣|電腦及週|23 15 -1|65 78 1 -20|0.6 27|1 -6 0 -5 3
6120 達運|光電業|7 -8 7|96 96 34 22|0.8 43|7 -0 0 -0 -4
6121 新普|電腦及週|3 13 8|82 86 1 -12|0.9 199|37 4 -28 8 33
6122 擎邦|電機機械|6 20 15|83 83 17 14|0.6 34|5 -4 0 -3 54
6125 廣運|電機機械|25 43 13|71 78 3 -21|0.8 113|12 2 0 -25 -7
6126 信音|電子零組|75 36 21|91 91 32 39|1.3 231|3 -3 0 -5 37
6127 九豪|電子零組|-3 -0 -0|94 94 49 93|0.9 193|5 1 0 -23 -9
6129 普誠|半導體業|60 26 18|86 86 17 7|0.8 7|2 0 0 -29 na
6130 上亞科技|生技醫療|121 30 15|81 81 -2 -9|0.2 8|0 -1 0 17 -4
6133 金橋|電子零組|17 36 16|83 83 55 29|0.5 81|7 -0 0 47 35
6134 萬旭|電子零組|68 46 19|95 95 53 24|0.9 50|22 3 0 -11 -7
6138 茂達|半導體業|12 22 -1|88 88 1 30|0.9 194|29 4 -0 -21 10
6139 亞翔|其他電子|88 141 95|91 91 27 63|0.9 1802|28 -6 2 14 -13
6143 振曜|通信網路|65 25 1|70 70 -14 -9|1.4 73|14 11 0 -23 -12
6146 耕興|其他電子|10 4 4|94 97 21 7|2.6 57|30 -1 0 14 -9
6147 頎邦|半導體業|19 8 1|87 91 6 3|1.1 154|23 -2 -2 -13 8
6148 驊宏資|資訊服務|-17 161 11|47 59 -10 -42|0.9 8|6 5 0 -10 -16
6150 撼訊|電腦及週|2 21 -57|64 64 -8 -22|0.9 16|5 -6 0 7 3
6151 晉倫|其他電子|35 16 8|81 93 13 -4|0.8 5|5 2 0 -6 50
6152 百一|通信網路|39 15 31|100 100 147 117|2.2 63|4 4 0 na na
6153 嘉聯益|電子零組|-2 -19 2|88 88 16 9|1.2 75|9 -10 -0 -6 -8
6155 鈞寶|電子零組|15 12 1|83 83 45 132|0.5 124|9 -0 0 -33 -23
6156 松上|電子零組|13 1 -19|73 90 14 -8|0.7 12|6 4 0 6 -14
6161 捷波|電腦及週|10 21 5|73 73 -3 6|1.1 5|5 5 0 -20 5
6163 華電網|資訊服務|-3 7 1|76 76 66 153|0.6 280|9 -1 0 4 5
6164 華興|光電業|12 -5 -2|92 92 29 21|0.4 7|3 1 0 -3 39
6165 浪凡|數位雲端|6 11 -2|70 73 -12 -23|0.6 14|5 -3 0 1 4
6166 凌華|電腦及週|43 16 -6|70 95 12 2|0.8 24|15 6 0 -19 -5
6168 宏齊|光電業|9 8 -0|82 82 11 9|0.7 20|3 -4 0 -19 -13
6170 統振|通信網路|-3 -1 -9|87 92 -3 -7|1.5 14|2 -22 0 -8 44
6173 信昌電|電子零組|14 8 -3|92 92 4 77|0.6 368|12 3 0 6 -3
6175 立敦|電子零組|-3 4 5|84 84 1 12|0.3 56|20 1 0 -4 -15
6176 瑞儀|光電業|8 -10 -7|60 76 -6 -22|1.7 293|31 4 -11 -11 -11
6177 達麗|建材營造|1654 990 684|86 86 6 14|0.8 54|7 -18 2 -10 14
6179 亞通|其他|-10 -13 -43|81 81 8 -3|1.1 25|8 -3 0 -12 1
6180 橘子|文化創意|21 6 23|70 83 2 -14|1.3 26|26 10 -1 -1 -15
6182 合晶|半導體業|19 19 5|88 88 27 44|0.5 366|16 2 0 -19 -2
6186 新潤|建材營造|-100 -100 -172|65 65 -23 -26|1.1 19|4 -0 0 -3 5
6187 萬潤|半導體業|6 -29 -31|100 100 69 49|3.8 625|43 23 0 -19 -46
6188 廣明|電腦及週|1 3 -16|76 76 3 -14|0.6 267|11 -4 -3 7 17
6189 豐藝|電子通路|-9 -9 10|59 85 3 -12|1.1 67|7 -7 -0 32 65
6190 萬泰科|通信網路|21 8 0|92 92 34 6|1.0 358|12 -0 0 -10 -17
6191 精成科|電子零組|93 89 25|74 74 -2 0|0.6 721|7 -1 -1 8 -9
6192 巨路|其他電子|37 18 15|100 100 31 18|1.7 37|24 7 0 -15 1
6196 帆宣|其他電子|1 0 12|97 97 35 21|1.1 505|15 -1 -1 -21 10
6197 佳必琪|電子零組|31 15 -1|86 86 10 -14|1.2 159|5 3 0 -7 3
6199 天品|其他|564 464 247|71 79 16 -1|0.3 22|6 1 0 4 -16
6202 盛群|半導體業|28 7 -20|100 100 72 58|4.0 366|9 -1 0 35 -8
6203 海韻電|電子零組|45 16 -45|78 78 -18 6|0.6 14|5 -7 -0 -2 11
6204 艾華|電子零組|24 9 -1|75 75 -11 16|0.5 12|3 -15 0 -3 -23
6205 詮欣|電子零組|-12 -14 -11|69 77 34 19|0.4 22|2 3 1 -32 -0
6206 飛捷|電腦及週|5 -12 -22|57 81 1 -15|0.9 39|9 -11 -1 -0 11
6207 雷科|電子零組|-9 -28 -18|83 83 23 -8|1.2 74|4 -0 0 -4 6
6209 今國光|光電業|55 67 12|78 78 4 61|0.5 577|7 -1 0 -19 5
6213 聯茂|電子零組|42 28 10|90 90 33 7|2.5 1560|15 5 0 23 -40
6214 精誠|資訊服務|39 17 -2|82 84 -6 -3|1.9 110|10 3 -0 -63 -3
6215 和椿|其他電子|81 35 -27|76 79 20 -17|0.7 227|7 2 0 -7 -10
6217 中探針|電子零組|56 30 8|100 100 111 142|1.2 842|26 3 0 20 -14
6219 富旺|建材營造|10808 3575 2745|39 74 -14 -20|3.0 9|2 3 0 1 -14
6220 岳豐|電子零組|23 12 24|100 100 56 104|2.2 33|4 8 0 172 -2
6221 晉泰|資訊服務|-49 -43 -39|46 72 -7 -24|0.9 5|1 -7 0 1 13
6223 旺矽|半導體業|33 32 0|95 95 45 118|1.6 4099|36 2 -6 19 -34
6224 聚鼎|電子零組|10 -1 -2|75 85 6 5|1.3 7|10 10 0 -4 3
6227 茂綸|電子通路|98 38 -18|64 84 4 -5|0.9 19|2 5 0 -7 -6
6230 尼得科超眾|電腦及週|13 14 1|82 100 55 16|5.1 13|87 1 0 16 -7
6231 系微|資訊服務|-7 7 1|49 69 -4 -14|0.8 83|10 8 0 -10 -2
6233 旺玖|半導體業|-11 -13 -6|98 99 48 31|2.2 11|5 2 0 -9 13
6234 高僑|光電業|31 24 40|84 90 36 3|0.3 17|11 12 0 -5 -18
6235 華孚|電腦及週|58 46 23|74 74 -2 -9|0.9 49|5 4 -1 -5 -18
6237 驊訊|半導體業|35 20 7|70 78 5 -11|0.8 11|7 7 0 -1 -24
6239 力成|半導體業|43 33 25|96 96 67 114|0.8 3323|42 1 -1 -28 -34
6243 迅杰|半導體業|-26 -31 -18|76 89 27 -5|0.4 6|2 3 0 -2 -21
6244 茂迪|光電業|2 -9 -9|100 100 140 102|2.8 598|20 4 0 37 1
6245 立端|通信網路|-25 -17 -13|54 72 -12 -26|1.1 42|7 -6 -0 -9 23
6257 矽格|半導體業|13 11 3|91 91 46 76|1.3 962|25 -9 -1 34 10
6261 久元|半導體業|26 32 23|98 98 27 28|1.8 40|10 25 0 8 8
6263 普萊德|通信網路|9 3 -1|82 84 -0 -12|1.8 12|2 3 0 -14 -7
6265 方土昶|電子通路|436 289 160|72 72 125 250|0.4 494|6 1 0 -13 69
6266 泰詠|電子零組|11 8 2|92 92 3 -3|0.9 6|2 -11 0 20 7
6269 台郡|電子零組|14 3 13|87 92 26 -5|1.5 134|19 8 0 7 -13
6270 倍微|電子通路|24 5 -3|89 89 16 10|0.9 19|2 1 0 -6 197
6271 同欣電|半導體業|5 -3 -0|90 90 41 56|2.8 1617|26 -0 1 46 155
6274 台燿|電子零組|75 57 20|94 94 36 79|0.9 4663|32 9 -3 -6 -48
6275 元山|電子零組|40 24 8|86 86 23 15|0.6 41|4 -1 0 -4 10
6277 宏正|電腦及週|13 6 6|82 94 -0 4|1.1 7|7 7 2 8 43
6278 台表科|光電業|11 4 -7|89 92 4 -1|1.5 163|23 17 -14 -11 -4
6279 胡連|電子零組|3 5 -7|71 85 -6 -13|2.6 68|10 -11 -1 1 16
6282 康舒|電子零組|29 19 14|81 81 39 82|0.5 1737|14 -4 0 -25 -21
6284 佳邦|電子零組|6 1 -3|92 92 6 33|0.6 110|9 4 0 -15 -21
6285 啟碁|通信網路|11 -1 -2|89 89 90 42|2.0 6956|16 1 1 102 -5
6290 良維|電子零組|4 8 -19|94 94 17 97|2.3 935|26 11 0 28 -41
6291 沛亨|半導體業|78 47 20|100 100 72 100|1.7 369|7 4 1 -10 -33
6405 悅城|光電業|-40 -76 18|95 95 39 39|1.6 17|4 6 0 39 -20
6409 旭隼|其他電子|-10 -8 1|51 71 -9 -13|1.0 855|56 -1 -1 -6 1
6411 晶焱|半導體業|20 4 12|87 87 12 26|1.6 45|10 11 0 -13 -35
6412 群電|電子零組|3 -11 -5|75 89 4 -10|1.2 125|6 -5 -1 29 34
6414 樺漢|電腦及週|2 2 4|86 86 -1 -10|1.1 210|23 -0 -8 6 -20
6415 矽力*-KY|半導體業|46 19 11|58 84 52 -14|0.6 2885|76 -2 -1 -16 59
6416 瑞祺電通|通信網路|-7 1 1|61 89 7 -6|1.1 18|3 -1 0 3 16
6417 韋僑|通信網路|25 18 7|94 94 6 8|1.3 14|11 3 0 -6 3
6418 詠昇|電子零組|26 14 9|44 44 -22 3|0.5 8|7 7 0 -13 0
6419 京晨科|光電業|-9 -20 17|67 79 44 51|0.8 6|9 0 0 -11 40
6423 億而得|半導體業|3 7 8|84 84 25 13|1.6 21|2 -2 0 109 327
6425 易發|電機機械|48 15 19|81 81 2 46|0.4 33|12 1 0 -7 -19
6426 統新|通信網路|101 56 -7|93 93 174 124|0.5 321|10 2 0 74 -35
6431 光麗-KY|生技醫療|-17 13 3|80 80 33 39|0.6 10|57 -0 0 na na
6432 今展科|電子零組|24 15 -0|95 95 12 40|0.9 11|4 -6 0 -13 -1
6435 大中|半導體業|0 21 -1|92 92 35 59|1.6 112|9 -4 0 53 -8
6438 迅得|其他電子|11 26 -2|70 74 28 -20|1.1 177|6 -6 0 -1 21
6442 光聖|通信網路|-6 9 -55|100 100 91 170|0.5 2756|34 6 2 -11 -54
6443 元晶|光電業|-37 -43 14|100 100 315 211|1.3 3698|16 2 0 27 11
6446 藥華藥|生技醫療|50 58 -2|88 88 41 36|1.0 1814|22 8 2 16 -73
6449 鈺邦|電子零組|44 30 -3|86 86 15 6|1.6 120|3 7 -0 -2 2
6451 訊芯-KY|半導體業|14 21 -33|89 97 46 22|2.0 803|65 0 0 27 -21
6456 GIS-KY|光電業|28 -2 -2|77 77 28 -8|3.7 84|48 -8 -0 73 10
6461 益得|生技醫療|394 84 -2573|97 100 72 30|1.5 8|1 3 0 na na
6462 神盾|半導體業|200 77 46|74 74 -4 -11|1.1 142|16 2 0 1 -2
6469 大樹|生技醫療|-0 4 -4|55 65 -9 -36|2.5 75|8 -15 0 18 75
6470 宇智|通信網路|-46 -39 -37|99 100 28 27|0.8 25|5 -1 0 -64 -32
6472 保瑞|生技醫療|-30 -19 -27|56 66 -8 -33|0.9 703|10 -3 0 -9 16
6477 安集|光電業|9 2 1|89 90 22 -11|1.6 64|3 1 0 -7 -18
6485 點序|半導體業|11 18 2|71 71 34 67|0.2 154|16 1 0 -6 -11
6486 互動|通信網路|17 44 36|99 99 16 17|1.3 12|5 8 0 10 0
6488 環球晶|半導體業|-14 -7 -3|82 82 17 17|0.9 2327|22 -1 -0 2 2
6491 晶碩|生技醫療|31 12 5|77 84 -5 -8|1.2 78|8 1 0 7 -4
6492 生華科|生技醫療|-4 -4 -11|77 77 24 40|0.8 66|7 -0 0 -60 -39
6494 九齊|半導體業|54 24 25|100 100 39 43|4.5 10|5 -1 0 7 42
6499 益安|生技醫療|12 44 -14|63 71 -4 -10|1.2 62|16 -4 0 1 2
6505 台塑化|油電燃氣|-11 -6 1|100 100 2 33|2.2 505|6 7 1 2 -26
6509 聚和|化學工業|16 -1 -6|100 100 22 20|5.6 19|5 -3 -0 64 9
6510 精測|半導體業|19 -2 -41|91 91 123 224|0.9 2663|29 1 0 47 -21
6515 穎崴|半導體業|33 60 18|93 93 93 319|0.8 2713|20 -3 3 -18 -40
6517 保勝光學|光電業|-42 9 3|61 75 10 -15|0.3 26|4 4 0 -10 -25
6525 捷敏-KY|半導體業|20 12 -3|97 97 12 15|1.8 16|15 16 0 -6 -4
6526 達發|半導體業|5 -2 -9|80 96 27 1|3.3 236|7 4 1 79 29
6530 創威|通信網路|26 14 -4|100 100 39 14|2.9 160|8 1 0 20 -4
6531 愛普*|半導體業|94 80 40|84 84 12 47|0.7 1454|31 -0 -5 -19 1
6533 晶心科|半導體業|8 3 -16|46 65 -22 -23|1.7 92|15 -7 -0 2 3
6534 正瀚-創|生技醫療|1 16 -7|68 68 -12 -32|1.1 9|47 1 0 -27 2
6535 順藥|生技醫療|9778 3221 2073|53 53 -11 -12|0.8 33|5 -5 0 na na
6538 倉和|電子零組|-38 -24 9|61 79 14 -20|0.8 7|5 2 -0 -5 11
6541 泰福-KY|生技醫療|429 4238 1616|59 74 -6 -13|0.4 32|14 -9 -0 5 65
6546 正基|通信網路|-3 1 3|56 97 36 1|5.1 20|7 -8 0 55 39
6547 高端疫苗|生技醫療|3 5 -9|65 85 -9 -7|0.7 45|7 -14 0 13 93
6548 長科*|半導體業|14 12 -1|78 78 10 48|0.5 319|8 2 0 -27 -41
6550 北極星藥業-KY|生技醫療|1275 384 302|63 79 6 -23|2.4 44|68 -0 0 na na
6552 易華電|半導體業|-32 -31 -3|77 87 23 1|0.9 9|1 0 0 17 165
6558 興能高|其他電子|-33 -18 -8|52 59 -5 -38|0.4 39|1 -2 0 -2 -6
6561 是方|通信網路|-0 -0 -5|81 84 3 -15|2.6 63|7 -18 -2 15 12
6568 宏觀|半導體業|8 14 7|100 100 81 51|1.3 172|4 -0 0 69 17
6576 逸達|生技醫療|15 14 -38|96 96 13 3|1.2 17|23 5 0 na na
6579 研揚|電腦及週|35 31 5|80 80 6 -3|1.3 17|3 -4 0 -4 24
6584 南俊國際|電子零組|143 73 33|96 96 22 84|0.5 342|20 15 -2 1 -77
6588 東典光電|通信網路|634 218 121|100 100 315 289|0.5 115|8 3 0 36 -42
6589 台康生技|生技醫療|117 58 39|74 75 -15 -2|0.8 33|6 -6 0 -0 5
6591 動力-KY|電腦及週|9 27 -17|67 67 -10 -19|0.8 17|23 -5 0 -1 7
6592 和潤企業|其他|-1 -6 10|75 85 -7 -14|1.6 98|26 1 -0 1 16
6596 寬宏藝術|文化創意|-9 15 -75|82 82 4 -8|1.5 56|8 8 0 25 -9
6603 富強鑫|電機機械|1 10 -7|74 74 23 58|0.3 41|6 -3 0 -15 -16
6605 帝寶|汽車工業|-4 -3 2|66 83 -1 -3|0.7 68|17 -10 -0 -4 5
6609 瀧澤科|電機機械|-6 -21 -5|47 81 18 -3|0.6 10|53 1 0 -6 -10
6613 朋億*|其他電子|-30 -15 -1|87 89 17 1|1.4 51|6 1 -1 17 -5
6617 共信-KY|生技醫療|36 18 -0|68 78 -1 -21|1.6 14|39 6 0 2 10
6625 必應|其他|46 61 -18|76 89 -10 -8|1.1 20|4 -9 0 -3 15
6640 均華|半導體業|57 21 -19|96 96 54 29|1.0 340|7 3 -0 -3 -4
6642 富致|電子零組|26 6 -2|89 99 11 7|1.4 9|2 3 0 -5 10
6643 M31|半導體業|-2 37 12|56 88 11 -11|1.2 605|12 -1 1 2 2
6651 全宇昕|半導體業|25 1 -11|96 100 39 41|1.1 19|7 0 0 -79 -22
6657 華安|生技醫療|-9 9 -5|62 84 13 -16|1.0 25|8 -5 0 13 141
6658 聯策|其他電子|44 11 -24|66 89 28 -10|1.0 12|3 5 0 -9 -7
6664 群翊|電子零組|15 18 13|93 93 20 27|1.2 128|11 9 -0 -17 -17
6667 信紘科|其他電子|28 58 -23|89 89 19 -2|1.3 76|8 7 0 3 15
6668 中揚光|光電業|41 57 21|67 75 -0 -22|0.7 11|11 3 0 -3 -4
6669 緯穎|電腦及週|122 141 -23|88 88 3 36|1.6 6293|34 6 -4 -10 10
6670 復盛應用|運動休閒|-14 -3 -5|78 96 12 3|0.6 77|26 -10 -4 -14 34
6672 騰輝電子-KY|電子零組|29 15 11|84 84 17 2|0.9 150|26 7 0 -14 -20
6679 鈺太|半導體業|5 -3 4|73 100 29 10|3.1 77|6 -4 0 84 24
6683 雍智科技|半導體業|47 22 -4|95 95 133 102|0.3 636|20 9 1 57 -54
6684 安格|半導體業|4 -4 8|70 70 -4 -11|0.8 8|4 13 0 -18 -16
6689 伊雲谷|數位雲端|0 -10 -8|63 91 19 -4|3.7 17|5 -4 0 0 18
6690 安碁資訊|數位雲端|24 17 2|83 91 4 -7|3.7 6|4 -6 0 47 -13
6691 洋基工程|其他電子|80 47 -8|99 99 48 41|1.2 453|17 9 -0 -18 -5
6693 廣閎科|半導體業|46 35 4|93 93 26 68|1.1 31|14 4 0 -25 -17
6695 芯鼎|半導體業|29 7 -11|69 77 2 -19|1.1 15|2 4 0 -3 -9
6698 旭暉應材|其他電子|27 14 -27|88 88 19 -6|1.9 9|2 2 0 -2 -18
6706 惠特|光電業|-64 -66 -71|94 94 66 115|1.0 539|7 2 0 7 -0
6712 長聖|生技醫療|2 1 -9|80 80 -13 -2|1.6 42|4 -15 0 5 67
6715 嘉基|電子零組|26 4 22|100 100 120 71|3.9 63|2 3 0 70 -8
6716 應廣|半導體業|230 65 53|100 100 106 134|4.9 53|2 2 0 183 32
6719 力智|半導體業|13 22 -4|80 88 -5 2|1.0 106|8 1 -0 -4 -1
6720 久昌|半導體業|-23 -24 -8|99 99 41 61|2.5 33|2 1 0 105 -10
6727 亞泰金屬|電子零組|266 149 114|93 93 45 24|2.8 209|7 0 0 389 55
6732 昇佳電子|半導體業|2 -2 1|69 69 6 -2|1.1 36|5 -5 0 36 28
6733 博晟生醫|生技醫療|33 31 -4|74 74 -5 -15|1.2 8|1 -4 0 na na
6735 美達科技|其他電子|-21 35 26|70 70 14 36|0.6 5|4 6 0 -5 -25
6739 竹陞科技|其他電子|99 101 6|94 94 65 67|1.3 274|4 3 2 1518 -49
6741 91APP*-KY|數位雲端|30 21 8|61 76 -14 -21|2.0 23|47 -0 0 1 37
6742 澤米|光電業|-32 -33 -10|55 71 7 -24|1.0 14|1 -7 0 0 7
6751 智聯服務|資訊服務|-2 -25 -26|82 82 2 21|0.7 6|1 1 0 -68 55
6752 叡揚|資訊服務|32 22 3|65 84 6 -15|1.9 6|3 -7 0 -7 8
6753 龍德造船|航運業|17 1 -3|73 73 26 7|1.0 394|4 -3 0 -15 -1
6756 威鋒電子|半導體業|16 15 18|59 82 8 -12|1.1 14|3 -1 0 0 -5
6757 台灣虎航|航運業|-2 6 5|63 77 -5 -18|0.8 69|2 -14 0 1 -5
6761 穩得|電子零組|6 -9 -10|97 97 40 28|1.9 141|5 1 0 45 -1
6763 綠界科技*|數位雲端|31 18 5|71 78 -6 -13|1.0 20|3 4 -0 -11 -1
6768 志強-KY|運動休閒|-7 -5 -14|64 81 -12 -3|1.1 37|58 -17 -3 -8 5
6770 力積電|半導體業|26 19 13|97 97 133 373|1.3 19405|18 1 -0 22 -10
6776 展碁國際|電子通路|40 20 1|91 91 15 3|0.3 35|1 -1 0 -22 24
6781 AES-KY|電子零組|46 39 -24|79 79 -6 -9|0.9 1564|68 -0 -7 4 -12
6782 視陽|生技醫療|50 44 23|92 92 9 -8|2.6 35|8 2 -1 -3 -26
6785 昱展新藥|生技醫療|na na na|64 64 -13 -7|2.8 30|10 -12 -1 -20 34
6788 華景電|半導體業|36 28 -0|85 85 57 23|1.1 287|18 -8 -1 9 126
6789 采鈺|半導體業|11 -5 4|100 100 63 50|3.2 821|5 9 0 44 -9
6790 永豐實|造紙工業|2 -2 -2|96 100 6 2|2.8 6|2 12 0 -4 -26
6794 向榮生技|生技醫療|-47 -41 -156|92 92 22 15|2.6 5|0 6 0 10 14
6796 晉弘|生技醫療|15 10 -29|79 79 -5 14|0.9 7|15 5 0 4 -21
6799 來頡|半導體業|-0 8 2|64 85 11 -9|0.9 19|9 -1 0 -3 -8
6803 崑鼎|綠能環保|7 7 -5|96 96 2 4|0.6 16|4 -5 -2 -32 -7
6805 富世達|電子零組|116 67 6|100 100 30 52|1.2 3240|17 -1 9 -28 12
6806 森崴能源|綠能環保|-85 -72 -132|36 70 12 -29|1.4 92|3 -4 -0 -10 -1
6811 宏碁資訊|數位雲端|33 25 8|71 77 -4 -17|1.8 32|2 -11 -5 7 123
6823 濾能|半導體業|28 32 -22|68 68 -7 -4|0.3 9|27 -0 0 14 7
6829 千附精密|半導體業|6 4 -18|70 79 5 -15|1.2 20|2 -4 0 -8 -8
6830 汎銓|其他電子|25 24 11|100 100 112 105|3.2 791|8 2 2 90 28
6834 天二科技|電子零組|23 5 -10|81 86 12 5|0.4 11|11 3 0 -48 -14
6838 台新藥|生技醫療|na na na|69 85 6 -13|1.0 8|2 -3 0 -9 9
6840 東研信超|其他電子|16 25 16|80 80 18 9|0.7 22|2 1 0 -9 -5
6841 長佳智能|生技醫療|35 42 33|70 78 0 -22|0.8 31|3 -8 0 -7 18
6854 錼創科技-KY創|半導體業|-60 -36 -14|53 78 10 -17|2.5 70|33 -1 0 3 -7
6859 伯特光|光電業|2 -4 -42|62 90 18 -9|1.7 7|16 -1 0 -4 -15
6861 睿生光電|生技醫療|45 23 4|100 100 122 118|2.6 43|4 2 -0 295 -1
6862 三集瑞-KY|電子零組|-1 -6 -14|100 100 43 71|2.6 157|67 5 0 14 -27
6863 永道-KY|通信網路|-5 -17 -2|42 69 -2 -27|2.1 15|70 -10 0 -3 -17
6869 雲豹能源|綠能環保|23 63 -66|62 84 17 -15|1.4 117|2 0 0 -7 1
6870 騰雲|數位雲端|41 35 12|70 70 2 -4|0.6 11|2 -10 0 -1 -7
6873 泓德能源|綠能環保|-28 -26 -65|41 65 15 -34|1.0 78|8 -11 0 7 -1
6875 國邑*|生技醫療|na na na|65 66 -13 -19|1.1 8|2 8 0 na na
6877 鏵友益|其他電子|-84 -42 -36|100 100 31 17|3.5 17|6 2 0 15 -19
6885 全福生技|生技醫療|2891 2083 na|67 73 -6 -19|1.2 12|3 -3 0 0 5
6890 來億-KY|運動休閒|-31 -14 -17|43 68 -31 -16|0.7 161|87 -9 -4 -28 8
6894 衛司特|綠能環保|52 25 -23|100 100 51 39|3.9 25|3 7 0 223 24
6895 宏碩系統|半導體業|41 42 -73|53 53 -19 -38|0.8 22|5 -5 0 5 -1
6901 鑽石投資|其他|95 69 41|51 81 4 -17|1.0 9|1 -5 0 -30 19
6903 巨漢|其他電子|586 324 228|94 94 77 114|1.0 243|4 3 0 10 -27
6909 創控|半導體業|-24 -4 -19|na 73 13 -15|0.4 15|9 3 0 -13 -17
6913 鴻呈|電子零組|43 21 -8|71 75 -6 -5|1.0 19|2 5 0 11 -28
6914 阜爾運通|其他|7 10 -10|92 92 -4 -2|0.9 9|2 -8 0 -12 51
6919 康霈*|生技醫療|na na na|61 61 15 -21|0.6 1045|14 5 0 na na
6922 宸曜|電腦及週|49 -2 -22|70 73 -7 -16|1.3 8|1 8 0 165 -9
6923 中台|綠能環保|10 -2 22|73 73 -7 -11|0.4 23|2 -15 0 -4 23
6925 意藍|數位雲端|6 21 7|na 51 -22 -48|1.0 7|5 -9 0 -2 2
6928 攸泰科技|電腦及週|10 -17 -21|69 69 10 -18|0.7 10|0 3 0 -6 7
6931 青松健康|生技醫療|25 18 2|74 80 -10 10|0.2 6|0 1 0 17 51
6933 AMAX-KY|電腦及週|20 12 -17|56 60 -9 -26|1.2 13|31 1 0 -12 -6
6937 天虹|半導體業|21 3 -8|79 85 19 20|1.6 65|1 5 0 9 -1
6944 兆聯實業|綠能環保|52 67 2|na 93 28 19|1.0 476|13 -1 -2 -29 -6
6949 沛爾生醫-創|生技醫療|-78 -15 -31|99 99 95 75|1.2 108|3 7 0 8 -38
6951 青新-創|綠能環保|21 28 4|95 95 3 0|1.9 8|1 4 0 2425 23
6953 家碩|半導體業|62 54 42|85 85 34 20|0.7 13|1 5 0 13 4
6957 裕慶-KY|其他|-17 -5 2|80 80 -14 18|0.9 18|6 -4 0 -5 4
6962 奕力-KY|半導體業|-4 -5 8|55 76 -9 -20|1.1 102|42 1 0 -4 -12
6965 中傑-KY|運動休閒|-20 -25 -5|na 80 8 -14|0.8 6|77 1 0 -56 15
6994 富威電力|綠能環保|114 348 205|58 89 3 -3|0.8 29|2 2 0 5 69
6996 力領科技|半導體業|32 15 20|80 100 13 18|0.5 13|2 0 0 -18 -2
7402 邑錡|光電業|-25 -22 -23|83 83 22 19|1.1 132|8 -0 1 -15 -24
7556 意德士科技|半導體業|21 16 -4|93 93 14 -2|2.3 7|4 3 0 73 -13
7610 聯友金屬-創|綠能環保|423 407 na|na na 235 na|0.8 241|18 3 0 na na
7703 銳澤|其他電子|15 18 -19|73 73 13 -4|0.6 19|4 -4 0 -18 6
7709 榮田|電機機械|20 3 21|na 87 64 66|1.9 20|0 0 0 na na
7711 永擎|電腦及週|63 94 na|na na -8 na|1.1 53|1 7 0 na na
7712 博盛半導體|半導體業|13 -3 0|47 67 26 -26|1.9 27|4 -6 0 44 26
7714 創泓科技|數位雲端|22 19 -36|82 82 5 24|0.4 17|1 -6 0 -18 147
7717 萊德光電-KY|通信網路|52 28 na|na na 315 na|1.7 238|18 -0 0 na 13
7722 LINEPAY|數位雲端|15 20 -5|49 65 -23 -35|1.6 101|59 -0 0 -28 9
7728 光焱科技|其他電子|46 46 46|na 97 173 184|0.2 115|3 1 0 13 -27
7730 暉盛-創|半導體業|14 13 na|na na 39 na|1.8 5|1 -1 0 na na
7734 印能科技|半導體業|142 50 4|na 97 119 61|2.7 886|2 0 4 711 14
7738 東聯互動|數位雲端|9 16 na|na na -20 na|0.8 7|0 2 0 na 60
7740 熙特爾-創|綠能環保|604 1475 na|na 68 28 -26|2.9 17|5 -8 0 17 273
7749 意騰-KY|半導體業|43 40 na|na 69 10 -34|1.2 85|24 3 0 4 26
7750 新代|電機機械|103 66 na|na na 82 na|2.9 624|15 17 1 na na
7751 竑騰|半導體業|81 80 na|na 100 201 150|1.6 272|4 1 12 na -5
7765 中華資安|數位雲端|43 16 na|na na -4 na|1.4 11|1 4 -2 na na
7780 大研生醫*|食品工業|61 36 na|na na 20 na|0.9 153|0 -6 0 na 196
7786 東方風能|綠能環保|63 26 na|na na -5 na|1.7 41|1 4 -2 na na
7788 松川精密|電子零組|17 10 na|na na 73 na|1.5 145|4 -1 0 na na
7799 禾榮科|生技醫療|na na na|na na 0 na|2.0 278|4 5 0 na 414
8011 台通|通信網路|41 21 25|85 85 4 -9|1.1 27|4 -15 0 4 18
8016 矽創|半導體業|27 22 11|85 85 12 -6|1.2 119|30 5 -7 -14 6
8021 尖點|其他電子|59 48 20|96 96 99 203|0.7 1693|14 2 -0 1 -24
8027 鈦昇|電機機械|43 70 52|88 88 22 23|0.7 346|12 -3 0 7 21
8028 昇陽半導體|半導體業|17 16 -10|89 89 21 21|1.2 653|14 6 -5 -6 3
8033 雷虎|其他|84 32 4|84 84 30 -2|1.4 536|3 -6 0 -9 -16
8034 榮群|通信網路|655 188 28|97 97 12 17|1.2 19|9 3 0 -11 0
8038 長園科|電子零組|644 297 -242|71 71 11 -20|0.4 32|1 -4 0 na na
8039 台虹|電子零組|18 20 10|100 100 73 108|0.6 703|18 8 -0 7 -44
8040 九暘|半導體業|20 -1 -8|68 84 9 -12|1.7 11|2 8 0 -11 16
8042 金山電|電子零組|50 27 12|84 84 8 88|0.3 150|7 2 0 -25 -21
8043 蜜望實|電子零組|36 36 14|75 75 -11 191|0.4 243|4 -2 0 -28 40
8044 網家|數位雲端|18 6 5|57 79 -3 -17|0.9 17|7 -2 0 -4 -1
8045 達運光電|通信網路|135 26 19|57 65 15 -34|1.0 25|1 -7 0 -2 38
8046 南電|電子零組|45 43 14|97 97 119 189|1.3 1734|13 -2 5 38 -36
8047 星雲|其他電子|-15 -4 -3|75 75 10 219|0.2 5|0 -3 0 -47 na
8048 德勝|通信網路|14 7 -4|98 98 -2 56|1.5 19|7 -3 0 11 10
8050 廣積|電腦及週|-5 -24 -32|58 76 -6 -19|1.2 13|3 -3 -1 2 11
8054 安國|半導體業|699 264 174|76 76 -4 12|0.5 399|10 -2 0 -4 -6
8059 凱碩|通信網路|477 1294 -1934|47 58 1 -21|0.7 8|1 -0 0 na na
8064 東捷|光電業|35 75 58|86 86 24 15|0.6 185|17 1 0 -26 -13
8068 全達|電子通路|98 58 35|80 81 32 6|0.5 11|8 3 0 0 3
8069 元太|光電業|23 -8 -30|60 68 -4 -31|1.6 1048|42 12 -0 -3 21
8070 長華*|電子通路|22 18 3|86 86 -1 10|0.6 129|8 5 -4 -10 4
8071 能率網通|電子零組|19 -2 -1|71 82 1 -9|0.8 5|4 -6 0 -5 -8
8072 陞泰|電子通路|97 70 21|60 78 3 -21|0.8 7|3 -1 0 -16 -28
8074 鉅橡|電子零組|28 13 6|96 96 104 114|0.5 412|5 -1 0 5 -13
8076 伍豐|電腦及週|30 5 9|68 87 1 -12|1.0 12|6 4 0 -7 15
8081 致新|半導體業|8 6 0|97 97 21 5|1.6 164|24 7 -1 -27 -17
8083 瑞穎|電機機械|41 27 20|98 98 15 19|1.5 22|4 14 0 27 -13
8084 巨虹|電子通路|-37 -35 -26|81 81 10 32|1.0 8|1 -2 0 na na
8085 福華|其他電子|36 25 8|58 80 10 -2|1.1 11|4 13 0 -7 53
8086 宏捷科|半導體業|90 74 62|100 100 31 11|1.5 474|24 -2 0 -4 29
8088 品安|半導體業|136 111 43|72 72 33 66|0.3 278|15 -1 0 -27 -16
8089 康全電訊|通信網路|-53 -69 -9|41 62 -5 -36|0.5 7|6 6 0 -8 -22
8091 翔名|半導體業|39 23 12|95 95 28 36|2.1 46|12 9 -1 -15 -3
8096 擎亞|電子通路|-42 -9 -19|91 93 56 68|0.9 397|36 3 0 42 -33
8097 常珵|通信網路|-31 -6 -131683|64 77 -10 -17|1.2 6|1 -8 0 8 -4
8099 大世科|資訊服務|19 39 10|76 76 -14 0|1.1 19|3 4 0 2 3
8103 瀚荃|電子零組|44 17 4|92 92 6 53|1.8 395|24 7 -0 -28 14
8104 錸寶|光電業|-27 -8 -63|85 85 32 -8|1.0 97|1 -1 0 -7 3
8105 凌巨|光電業|19 1 -1|88 88 29 -1|0.6 41|38 5 0 -38 -22
8109 博大|電子零組|41 41 20|95 95 11 15|0.7 19|5 14 0 -32 -14
8110 華東|半導體業|11 8 13|72 72 92 379|0.5 2733|3 0 0 -20 5
8111 立碁|光電業|13 0 -8|92 92 15 38|0.7 260|9 3 0 1 -12
8112 至上|電子通路|73 62 57|86 86 8 68|0.4 1157|19 4 -1 -15 -29
8114 振樺電|電腦及週|-24 -39 -83|55 65 -4 -32|1.0 108|16 -3 -2 -16 10
8121 越峰|電子零組|44 33 28|81 81 8 42|0.5 12|2 3 0 na na
8131 福懋科|半導體業|38 41 25|82 82 81 168|0.4 808|4 2 0 11 6
8147 正淩|電子零組|44 46 7|96 96 38 16|3.1 75|14 0 0 63 -29
8150 南茂|半導體業|31 24 16|95 95 53 185|1.5 1847|43 6 -0 -39 -29
8155 博智|電子零組|48 44 3|85 85 30 31|0.8 536|17 5 -0 9 -4
8163 達方|電腦及週|-3 -2 -17|70 77 0 -15|0.9 21|7 1 -1 -2 -8
8183 精星|其他電子|17 -4 -9|94 95 20 43|4.8 9|4 -4 0 12 -20
8210 勤誠|電腦及週|137 91 24|86 86 6 55|1.9 2669|16 2 -6 39 1
8213 志超|電子零組|34 25 16|99 99 17 9|2.6 42|22 22 0 -19 1
8215 明基材|光電業|18 -3 -2|70 82 9 -14|0.9 17|2 5 -0 9 12
8222 寶一|電機機械|-6 15 0|62 69 -0 -24|0.7 17|1 -5 0 -5 -21
8227 巨有科技|半導體業|173 161 38|69 69 -2 -24|0.9 63|6 -1 0 2 2
8234 新漢|電腦及週|-27 -25 -29|61 63 3 -38|0.6 66|6 -3 0 -3 3
8240 華宏|光電業|-10 -13 -8|87 87 28 -2|0.4 19|7 3 0 -7 -7
8249 菱光|電子零組|8 -3 2|92 92 18 -6|0.8 149|2 -0 0 -11 9
8255 朋程|電機機械|2 -5 -12|81 84 6 5|1.2 40|9 6 0 -6 -7
8261 富鼎|半導體業|19 2 -8|93 93 12 14|1.6 129|5 5 -0 -12 -43
8271 宇瞻|半導體業|233 101 38|91 91 27 87|0.6 927|9 4 0 3 -28
8279 生展|生技醫療|7 -1 -10|87 87 -11 -4|1.5 8|6 -0 0 46 25
8289 泰藝|電子零組|18 11 -7|100 100 95 94|5.2 29|2 -0 0 45 228
8299 群聯|半導體業|189 115 69|81 81 83 301|0.9 15251|44 -2 -1 0 75
8341 日友|綠能環保|26 7 -2|88 88 1 8|0.6 23|4 -10 0 4 61
8358 金居|電子零組|46 31 13|95 95 22 36|2.2 2048|23 4 -1 15 -19
8374 羅昇|電機機械|26 9 -26|69 76 15 -26|0.5 51|2 1 0 -7 -5
8383 千附|半導體業|9 6 -12|72 94 6 -4|1.1 10|10 7 0 -3 -30
8390 金益鼎|綠能環保|60 24 21|96 96 24 53|0.8 267|15 3 0 -21 -4
8404 百和興業-KY|其他|23 12 -4|76 82 -7 11|0.9 11|53 -0 -2 -2 -10
8415 大國鋼|鋼鐵工業|11 5 2|90 98 -1 -2|1.6 11|10 -5 -1 -4 -10
8422 可寧衛*|綠能環保|-30 -31 -23|64 64 46 73|0.6 1799|6 0 -1 -18 12
8431 匯鑽科|其他電子|32 -3 -14|89 89 80 49|1.0 140|10 -0 0 -0 -6
8436 大江|生技醫療|12 2 3|82 82 12 4|0.8 145|16 18 -1 -32 4
8438 昶昕|綠能環保|59 33 16|100 100 170 147|4.1 73|1 -1 0 22 109
8446 華研|文化創意|3 -7 11|84 94 -0 -5|1.1 6|6 -6 0 8 33
8454 富邦媒|數位雲端|2 -3 -1|51 74 -16 -26|1.0 78|12 5 -1 13 3
8462 柏文|運動休閒|31 23 3|83 83 -10 -8|1.3 23|4 6 -0 5 0
8464 億豐|居家生活|-6 -5 -6|78 83 5 -13|4.0 503|42 8 1 20 -15
8467 波力-KY|運動休閒|34 -17 -20|59 89 18 -1|0.3 9|44 -5 0 -24 6
8473 山林水|綠能環保|24 22 -48|89 89 6 6|0.7 20|2 -1 0 -14 7
8476 台境*|綠能環保|126 92 80|73 79 9 -6|0.6 21|1 1 0 -3 4
8478 東哥遊艇|運動休閒|-90 935 618|73 73 -11 -13|0.7 25|40 -7 0 -18 2
8499 鼎炫-KY|其他電子|84 103 56|72 72 21 5|0.4 36|72 -6 0 -10 11
8905 裕國|其他|-8 -13 -16|97 97 24 28|2.5 8|1 5 0 66 7
8916 光隆|其他|-7 35 18|85 93 -4 -6|1.3 6|4 3 0 -20 -13
8924 大田|運動休閒|33 41 30|93 93 -4 18|1.8 5|4 -11 0 -15 3
8926 台汽電|油電燃氣|1067 333 259|94 94 14 -1|1.6 55|10 8 2 -21 -11
8927 北基|油電燃氣|34 42 37|53 62 8 -41|0.9 18|3 2 0 -18 5
8935 邦泰|其他|3 -9 -7|68 68 22 -11|0.9 17|0 -1 0 na na
8936 國統|其他|30 24 -2|76 76 -7 2|1.4 64|13 -12 0 -4 9
8937 合騏*|其他|-76 -35 8|80 85 0 4|0.8 17|2 2 0 -1 -1
8938 明安|運動休閒|-1 3 -7|88 91 2 15|0.8 12|8 -0 0 1 -2
8942 森鉅|其他|-68 -70 -45|62 89 -1 -9|0.9 9|14 2 0 5 7
8996 高力|電機機械|317 204 112|94 94 84 126|0.6 2510|36 -1 3 -3 10
9802 鈺齊-KY|運動休閒|-5 -0 -21|65 82 -14 -11|0.7 103|41 -14 -12 -3 4
9904 寶成|運動休閒|-16 -10 -3|83 96 3 9|1.0 220|44 6 -9 -15 11
9906 欣巴巴|建材營造|648 192 -26827|40 58 -6 -33|1.3 13|1 2 0 -7 2
9907 統一實|其他|13 -5 -8|95 95 5 3|1.2 43|18 7 -7 -12 -23
9910 豐泰|運動休閒|-2 -5 -1|69 69 -29 -22|5.2 222|12 -3 -1 -2 9
9911 櫻花|居家生活|11 10 2|99 100 5 2|2.5 25|19 17 -0 -1 -23
9914 美利達|運動休閒|-44 -24 -10|42 65 -17 -33|1.7 161|24 -10 0 17 4
9917 中保科|其他|6 4 -3|88 94 -0 -5|1.1 64|39 -18 -7 -8 54
9919 康那香|其他|3 -8 -3|79 84 -1 -3|0.8 10|5 -4 0 1 45
9921 巨大|運動休閒|-22 -15 -0|51 76 -12 -19|1.5 164|26 -3 -0 10 6
9925 新保|其他|9 10 6|99 99 0 0|1.8 9|18 -8 0 -97 50
9927 泰銘|其他|12 10 11|75 88 5 -12|0.9 5|7 -3 0 33 15
9930 中聯資源|綠能環保|10 2 -4|94 100 -0 1|1.6 6|2 3 0 0 -6
9933 中鼎|其他|-5 -16 7|76 90 -1 3|1.5 99|11 0 -0 6 -1
9938 百和|其他|22 7 1|74 86 -6 -2|1.0 63|18 -19 -5 17 34
9939 宏全|其他|2 -6 -9|77 89 0 -11|1.4 133|14 11 -2 3 -3
9940 信義|其他|81 113 105|75 82 0 -11|1.5 9|4 -17 0 4 -13
9941 裕融|其他|1 -1 2|64 72 -21 -29|1.5 105|5 -10 -8 -7 40
9942 茂順|其他|40 16 7|99 99 15 10|1.5 13|4 9 0 -47 12
9945 潤泰新|其他|58 63 33|72 93 -1 2|1.3 161|10 -7 -0 -15 -8
9955 佳龍|綠能環保|57 66 27|91 91 28 33|0.3 41|5 -1 0 8 -13
9958 世紀鋼|鋼鐵工業|3 3 -15|54 67 -7 -31|1.2 188|12 -10 -0 -12 12
