# 2026-04-01 全池(1192 檔)。欄位:代碼 名稱|產業|最新月YoY 3月YoY均 加速度|距52週高% 距120日高% 60日漲% 120日漲%|量能比 日均值M|外持% 外20 投20 資20 券20(外資持股比;外資/投信20日淨買佔成交值%;融資/借券餘額20日變化%)
1101 台泥|水泥工業|-6 -7 1|73 89 5 -1|0.7 626|18 -10 -0 -5 47
1102 亞泥|水泥工業|-17 -9 -2|79 91 -3 -5|1.1 317|16 -23 -2 -23 49
1104 環泥|水泥工業|-15 -2 -1|90 90 -2 -4|0.8 18|16 -8 1 -28 -1
1210 大成|食品工業|-6 4 4|86 98 7 5|1.2 116|11 23 -8 -12 -6
1215 卜蜂|食品工業|-0 9 5|85 85 3 -0|1.1 138|41 -31 6 31 87
1216 統一|食品工業|8 4 1|86 89 -8 -8|1.0 758|32 -19 -3 -7 21
1217 愛之味|食品工業|2 -2 -1|88 95 -2 -3|1.0 5|8 2 0 54 0
1218 泰山|食品工業|6 9 11|92 100 7 2|1.1 18|4 32 0 17 -45
1225 福懋油|食品工業|-17 -0 5|62 92 8 6|0.8 10|1 -2 0 3 na
1227 佳格|食品工業|17 5 6|85 91 2 2|1.1 24|6 20 0 -15 4
1229 聯華|食品工業|-13 5 -1|89 89 -6 -8|1.1 103|9 -6 0 15 25
1231 聯華食|食品工業|32 8 0|61 72 -5 -28|0.7 33|3 4 -0 -2 -4
1232 大統益|食品工業|2 8 8|95 98 4 2|0.8 11|3 1 1 0 11
1256 鮮活果汁-KY|食品工業|88 66 47|81 83 6 -15|0.7 9|4 -8 0 -4 16
1264 德麥|食品工業|9 2 2|90 93 -1 -7|1.0 6|2 8 0 na 0
1294 漢田生技|食品工業|3 56 36|88 88 4 -2|0.3 5|1 2 0 99 8
1301 台塑|塑膠工業|-33 -16 -1|87 87 17 20|0.9 1815|29 -5 0 23 18
1303 南亞|塑膠工業|-16 -3 -1|83 83 35 92|0.8 6640|31 -4 2 26 27
1304 台聚|塑膠工業|-32 -18 -2|95 95 53 67|3.7 383|28 -3 0 115 156
1305 華夏|塑膠工業|-8 -5 8|92 92 52 44|3.6 387|4 -2 0 111 111
1307 三芳|塑膠工業|-17 1 2|74 90 -1 6|1.3 55|6 -5 -0 23 4
1308 亞聚|塑膠工業|-29 -13 -9|92 92 34 50|4.2 267|4 -2 0 157 145
1309 台達化|塑膠工業|-43 -29 -3|97 97 108 117|3.8 257|4 1 0 55 58
1310 台苯|塑膠工業|-13 -26 -2|89 89 29 24|2.1 238|4 -3 0 155 137
1312 國喬|塑膠工業|16 55 5|92 92 16 38|1.5 258|5 -4 0 2 39
1313 聯成|塑膠工業|-40 -13 2|93 93 22 18|1.5 218|5 -6 0 18 219
1316 上曜|建材營造|109 183 -11|63 74 -25 -19|0.5 18|4 8 0 -3 -8
1319 東陽|汽車工業|-43 -18 -9|61 71 -14 -13|0.5 213|10 -25 -3 28 66
1321 大洋|塑膠工業|-36 -20 5|89 92 -4 -8|1.3 5|7 -6 0 10 3
1325 恆大|塑膠工業|-36 -22 -15|68 78 -8 -8|0.5 6|1 0 0 0 -2
1326 台化|塑膠工業|-15 -10 7|89 89 41 53|1.6 1863|35 1 1 1 33
1342 八貫|其他|1 16 4|88 88 3 5|0.4 29|28 -25 0 -18 116
1402 遠東新|紡織纖維|-9 -5 2|81 93 -2 -2|1.3 463|19 -23 0 58 227
1409 新纖|紡織纖維|-18 -18 -2|91 92 2 9|0.7 79|13 10 0 -0 -10
1414 東和|紡織纖維|-20 -6 5|74 83 -3 -9|0.6 6|1 -7 0 -6 -34
1419 新紡|紡織纖維|15 23 8|78 78 -9 11|0.4 6|1 1 3 -5 -17
1432 大魯閣|運動休閒|-33 -27 -25|89 90 -4 0|0.5 14|0 -3 0 na na
1434 福懋|紡織纖維|-27 -9 -2|88 90 5 9|0.5 33|8 -15 0 11 27
1436 華友聯|建材營造|-83 -51 -305|43 74 -17 -26|0.6 12|5 14 -0 -4 -5
1440 南紡|紡織纖維|-39 -20 -0|88 88 -5 -6|0.8 17|8 3 1 12 1
1442 名軒|建材營造|-83 -30 27|34 61 -14 -40|0.4 13|11 -29 -0 3 -38
1449 佳和|紡織纖維|22 58 52|63 84 3 -4|0.7 12|6 -1 0 2 -3
1471 首利|電子零組|-61 -53 -13|84 84 40 27|0.6 18|1 -3 0 na na
1476 儒鴻|紡織纖維|-7 -1 -2|69 73 -14 -26|1.3 407|32 -8 -0 111 -18
1477 聚陽|紡織纖維|-1 -10 -3|70 70 -21 -20|1.8 481|15 -11 5 175 43
1503 士電|電機機械|-3 7 2|74 74 6 -0|0.3 409|31 -7 -1 -4 39
1504 東元|電機機械|-0 8 -0|52 52 -28 -37|0.4 505|12 5 -4 -16 1
1513 中興電|電機機械|-13 2 -4|78 78 -3 -8|0.5 588|17 -5 -1 -7 31
1514 亞力|電機機械|15 31 4|72 72 1 -0|0.2 284|17 7 0 -13 -34
1515 力山|電機機械|20 51 34|70 81 -13 -17|0.5 5|5 -1 0 -5 -7
1519 華城|電機機械|16 11 -7|75 75 4 39|0.8 2635|22 -4 -3 -2 26
1522 堤維西|汽車工業|24 44 15|58 61 -31 -24|0.4 31|4 -15 -0 -16 38
1524 耿鼎|汽車工業|-41 -21 -6|73 86 8 7|0.7 22|1 -3 0 1 -5
1527 鑽全|電機機械|-46 -24 -11|81 88 -0 -1|0.3 7|10 -6 0 -12 22
1528 恩德|電機機械|19 12 27|82 82 43 65|3.1 98|3 0 -0 31 31
1529 樂事綠能|電機機械|-51 124 69|80 81 24 1|0.3 67|2 0 0 20 11
1532 勤美|電機機械|16 3 -1|75 77 -19 -21|0.9 15|8 -12 -1 0 25
1536 和大|汽車工業|-34 -7 8|68 76 -14 -23|0.4 75|7 -17 -12 -2 17
1537 廣隆|電機機械|9 -4 13|85 95 -1 -4|0.6 6|15 1 -0 -9 -14
1540 喬福|電機機械|-24 -1 -5|62 80 -3 -14|0.3 5|2 12 0 -14 -12
1560 中砂|電機機械|24 25 6|86 86 22 33|0.5 898|33 -1 -7 19 5
1563 巧新|汽車工業|-12 -7 -1|64 86 -9 -15|2.3 16|1 -2 0 89 17
1565 精華|生技醫療|-30 -20 -8|56 74 -11 -26|0.7 12|9 -9 0 19 -4
1569 濱川|電腦及週|-16 -13 -13|61 73 -8 -18|0.7 29|4 8 0 -9 -8
1582 信錦|電子零組|-23 -13 -3|100 100 64 56|3.8 899|5 -2 1 90 10
1584 精剛|其他|-33 -14 -3|72 83 -2 -13|0.4 14|9 16 0 -8 -13
1586 和勤|電機機械|-8 -0 6|75 75 -11 -17|0.4 8|1 -0 0 5 0
1587 吉茂|汽車工業|43 39 10|64 64 -31 -12|0.3 19|21 5 0 1 -15
1590 亞德客-KY|電機機械|-8 26 10|82 82 8 36|0.8 747|80 -2 -2 20 56
1591 駿吉-KY|電機機械|417 467 379|70 70 -18 -27|0.6 8|4 -0 0 -4 -0
1595 川寶|半導體業|-43 -14 1|90 92 12 11|0.6 9|4 1 0 19 0
1597 直得|電機機械|19 35 21|93 98 19 7|1.8 44|5 6 0 31 -15
1598 岱宇|運動休閒|-16 -24 -5|73 82 -5 -12|1.0 6|2 -3 0 0 16
1603 華電|電器電纜|-37 10 -12|75 75 -13 -20|0.5 17|3 -38 0 9 80
1604 聲寶|電器電纜|-6 -10 -5|93 100 4 2|1.0 9|8 23 0 0 -14
1605 華新|電器電纜|-23 -5 2|70 70 -3 18|0.2 950|14 10 -2 -37 -13
1608 華榮|電器電纜|25 18 12|78 78 -14 -3|0.2 84|4 -8 0 8 -2
1609 大亞|電器電纜|-6 12 6|69 69 -14 -20|0.3 119|12 -21 0 -6 40
1611 中電|電器電纜|-28 -14 -6|83 93 3 -1|0.8 11|10 -4 0 11 -12
1612 宏泰|電器電纜|-21 12 -1|86 86 1 -8|0.4 18|18 -1 0 -10 5
1616 億泰|電器電纜|-22 8 -7|56 62 -18 -33|0.3 21|3 -15 0 -9 16
1618 合機|電器電纜|-74 106 55|77 78 -6 -17|0.3 23|2 -4 0 -2 -3
1702 南僑|食品工業|1 -5 -1|76 92 -6 -8|0.7 13|9 -11 -1 0 -2
1707 葡萄王|生技醫療|-1 -6 -1|88 96 -1 -4|1.1 12|14 2 -0 3 -4
1708 東鹼|化學工業|-19 0 5|91 91 27 37|2.2 455|14 1 -0 280 68
1709 和益|化學工業|-21 -12 2|92 97 9 10|1.0 16|3 5 0 -12 12
1710 東聯|化學工業|-39 -21 -13|90 93 21 16|2.7 180|4 -4 0 136 152
1711 永光|化學工業|-25 -7 2|90 90 103 97|0.2 516|10 5 0 23 -23
1712 興農|化學工業|-9 -4 -1|98 98 6 6|0.7 39|16 12 -0 4 10
1713 國化|化學工業|-8 -8 1|87 89 7 -4|0.2 11|1 10 0 -10 -11
1717 長興|化學工業|-19 -3 5|85 85 48 47|0.3 1308|11 -0 0 -3 25
1720 生達|生技醫療|-16 2 -2|98 98 7 14|0.7 20|6 -10 -0 -29 31
1721 三晃|化學工業|-40 -9 15|79 79 36 30|0.3 27|2 1 0 -23 -100
1722 台肥|化學工業|-6 3 -1|82 93 -3 -7|1.1 195|8 -5 -0 32 38
1723 中碳|化學工業|-34 -32 -3|93 97 27 6|4.4 71|7 1 2 671 6
1725 元禎|化學工業|-24 -10 -3|79 84 9 10|0.9 7|0 -2 0 12 42
1727 中華化|化學工業|-0 5 11|81 81 11 37|0.6 376|6 -2 -0 21 -24
1734 杏輝|生技醫療|-17 4 -5|97 98 3 2|1.3 8|5 12 0 -1 13
1735 日勝化|化學工業|-44 -10 5|80 80 36 73|0.4 18|51 -1 0 90 20
1736 喬山|運動休閒|5 12 1|62 71 -9 -24|0.6 64|4 -7 0 12 19
1760 寶齡富錦|生技醫療|-4 12 6|78 90 0 -11|0.8 8|12 4 0 9 -16
1773 勝一|化學工業|-10 7 1|84 84 3 4|0.4 119|7 -2 -2 -0 4
1784 訊聯|生技醫療|-14 8 5|68 68 -30 -2|0.4 20|7 -3 0 -4 -9
1785 光洋科|其他電子|63 58 18|91 91 31 47|2.3 3309|27 4 -0 17 36
1786 科妍|生技醫療|0 1 1|48 54 -21 -38|1.3 14|2 3 0 -5 -19
1789 神隆|生技醫療|26 -10 -10|77 77 26 13|0.3 24|2 -6 -1 3 15
1795 美時|生技醫療|132 64 44|59 59 -23 -8|0.5 692|55 -15 -2 15 175
1802 台玻|玻璃陶瓷|-18 -2 -1|80 80 54 88|0.6 2407|4 -11 -1 4 142
1808 潤隆|建材營造|117766 43167 30734|72 72 -9 -3|0.4 26|4 15 -1 -5 -15
1809 中釉|玻璃陶瓷|1 7 -1|80 80 49 33|0.4 95|3 2 0 10 -22
1810 和成|玻璃陶瓷|-23 -7 -1|72 84 0 -11|0.3 13|3 5 -1 -4 -11
1815 富喬|電子零組|61 29 -9|85 85 8 53|0.6 2045|19 -5 -1 -15 18
1903 士紙|造紙工業|-16 -5 -2|69 81 -8 -6|1.1 9|11 -8 0 -1 11
1904 正隆|造紙工業|-25 -6 -2|93 93 8 6|4.8 37|9 -5 0 101 28
1905 華紙|造紙工業|-36 -14 -3|90 90 43 35|5.9 27|2 -3 -0 123 25
1907 永豐餘|造紙工業|-21 -6 1|92 95 4 4|3.1 30|12 -5 0 1 32
1909 榮成|造紙工業|-23 1 5|89 89 2 -0|5.2 19|9 -7 0 51 46
2002 中鋼|鋼鐵工業|-13 -9 3|81 92 5 -1|0.9 758|14 -9 -0 13 1
2006 東和鋼鐵|鋼鐵工業|-31 -9 -4|87 87 14 20|1.0 352|19 24 -5 35 14
2009 第一銅|鋼鐵工業|42 34 30|74 74 -9 7|0.1 63|3 4 -0 -8 -44
2010 春源|鋼鐵工業|1 7 5|98 98 21 22|0.8 42|10 5 0 -0 28
2013 中鋼構|鋼鐵工業|-10 -9 -10|90 98 6 4|0.5 9|7 17 0 -2 -9
2014 中鴻|鋼鐵工業|-24 -27 7|75 92 18 12|0.5 125|4 8 -0 -10 -9
2015 豐興|鋼鐵工業|-42 -18 -3|90 93 6 -1|1.9 37|12 -9 -8 -10 27
2020 美亞|鋼鐵工業|-35 3 4|92 100 7 1|1.7 9|3 9 0 27 -4
2023 燁輝|鋼鐵工業|-22 -15 -6|87 91 -2 -11|0.8 32|4 -16 0 5 15
2027 大成鋼|鋼鐵工業|14 19 4|72 92 6 -5|1.9 585|14 -12 4 29 51
2030 彰源|鋼鐵工業|-5 -3 13|90 91 15 14|0.6 9|2 2 0 23 7
2031 新光鋼|鋼鐵工業|-39 -15 -23|81 94 6 -7|0.7 33|8 7 -0 -12 9
2032 新鋼|鋼鐵工業|-29 3 1|83 92 14 7|1.1 8|1 2 0 -1 -8
2034 允強|鋼鐵工業|-41 -30 -9|79 90 -2 1|0.5 19|3 1 0 3 3
2038 海光|鋼鐵工業|-56 -26 -11|79 93 10 -1|0.6 9|1 4 0 8 -6
2049 上銀|電機機械|-3 6 7|83 90 19 6|1.2 952|30 10 -0 5 -3
2059 川湖|電子零組|31 43 -19|80 80 -7 9|0.8 2175|26 2 4 -34 -20
2070 精湛|電機機械|-15 25 25|65 83 1 3|0.4 5|3 6 0 5 -48
2101 南港|橡膠工業|-24 -6 9|76 93 -2 -8|0.7 69|5 -4 -0 -13 16
2102 泰豐|橡膠工業|-64 -17 -10|91 95 3 5|0.8 10|4 -14 0 -8 19
2103 台橡|橡膠工業|-17 -6 -2|88 88 25 19|0.8 172|20 -5 -0 17 16
2104 國際中橡|橡膠工業|-23 -17 -1|89 89 7 10|0.9 56|6 -5 0 15 71
2105 正新|橡膠工業|-17 -4 2|64 84 7 -17|0.8 389|13 -1 -4 7 -8
2106 建大|橡膠工業|-12 -5 -2|70 88 -7 -10|1.3 16|8 -18 -0 -13 33
2107 厚生|橡膠工業|-47 -16 -10|98 98 4 6|1.2 6|6 6 0 -5 -9
2108 南帝|橡膠工業|0 0 14|84 97 19 14|2.4 26|5 -0 0 19 4
2201 裕隆|汽車工業|-4 -8 5|62 64 -21 -22|0.6 77|5 -3 -0 -2 9
2204 中華|汽車工業|4 24 26|76 89 -7 -11|1.1 70|20 -10 -1 0 -12
2206 三陽工業|汽車工業|-11 1 2|86 94 -2 -6|0.9 53|6 -20 -9 -2 18
2207 和泰車|汽車工業|-15 -5 -4|78 79 -13 -17|1.2 271|22 -19 1 -16 25
2208 台船|航運業|39 62 -5|69 84 1 -14|0.7 78|9 1 -0 na na
2211 長榮鋼|鋼鐵工業|-31 -19 -26|83 83 -2 3|0.7 71|4 -7 5 -34 11
2228 劍麟|汽車工業|-5 -4 -1|71 79 -17 -19|0.2 18|4 6 -0 -15 -11
2230 泰茂|居家生活|89 29 18|30 30 -66 -69|0.6 10|7 8 0 -9 -41
2231 為升|汽車工業|-17 -5 12|82 88 27 4|4.4 51|6 2 0 11 2
2233 宇隆|汽車工業|-22 -11 2|78 78 12 6|0.3 151|2 5 -1 -4 -21
2236 百達-KY|汽車工業|-1 69 -297|93 93 -3 4|1.0 30|51 -9 0 3 13
2241 艾姆勒|汽車工業|45 47 26|71 71 -22 0|0.8 10|10 -7 0 3 9
2243 宏旭-KY|汽車工業|739 270 180|96 96 90 83|1.8 17|25 1 0 -57 na
2247 汎德永業|汽車工業|-47 -26 -11|72 80 -15 -18|0.3 15|4 -12 1 -28 8
2258 鴻華先進-創|汽車工業|-30 -56 7|55 63 -33 -30|1.4 28|0 -8 -0 na na
2301 光寶科|電腦及週|17 15 -5|77 77 -9 -13|0.6 2415|33 -1 -1 -14 80
2302 麗正|半導體業|39 18 8|77 83 2 1|0.4 12|2 1 0 -4 -11
2303 聯電|半導體業|6 4 2|75 75 16 30|0.4 3702|34 -6 1 -11 20
2305 全友|電腦及週|34 31 19|92 92 45 35|2.7 34|3 -4 0 -14 6
2308 台達電|電子零組|31 34 2|95 95 54 67|1.1 18387|64 5 1 -8 38
2312 金寶|其他電子|-19 -10 -2|63 63 -3 10|0.3 315|7 -7 -2 2 18
2313 華通|電子零組|0 18 10|99 99 169 258|1.5 17570|28 -1 1 4 -1
2314 台揚|通信網路|3 21 1|25 74 -17 -25|1.3 7|2 -2 0 na na
2316 楠梓電|電子零組|-4 19 3|82 82 -3 0|0.7 431|29 2 -0 -3 -27
2317 鴻海|其他電子|8 25 7|75 75 -12 -14|0.8 11467|36 -19 0 0 145
2323 中環|光電業|13 13 13|84 84 5 21|0.7 124|12 2 -0 -4 7
2324 仁寶|電腦及週|-22 -4 13|78 79 -5 -22|1.4 993|35 2 -7 -10 -1
2327 國巨*|電子零組|18 25 13|84 84 13 48|0.4 5141|47 -3 -1 1 42
2328 廣宇|電子零組|-34 -21 -14|73 77 -7 -21|0.3 119|8 -1 -0 -5 -10
2329 華泰|半導體業|12 25 -2|72 72 -2 10|0.4 668|9 0 -0 6 -4
2330 台積電|半導體業|22 26 -5|92 92 24 41|1.1 75406|71 -21 0 15 159
2331 精英|電腦及週|67 37 14|72 72 -7 1|0.2 54|7 13 -0 -21 -18
2332 友訊|通信網路|-1 3 9|72 86 -2 -13|1.1 45|11 -4 0 1 14
2337 旺宏|半導體業|60 52 32|79 79 226 398|0.2 7398|28 5 -1 -18 -41
2338 光罩|半導體業|-14 -14 5|77 77 20 7|0.7 181|4 -2 -0 13 4
2340 台亞|半導體業|-3 -1 -3|79 86 -5 -9|0.8 83|9 8 -0 12 -24
2342 茂矽|半導體業|-15 -15 -15|74 74 -0 -8|0.3 39|3 3 0 -2 -7
2344 華邦電|半導體業|88 79 53|72 72 22 180|1.0 19190|16 -6 1 -6 187
2345 智邦|通信網路|83 74 -48|99 99 39 70|1.0 7512|58 -3 3 16 -47
2347 聯強|電子通路|6 20 17|96 96 33 23|0.9 424|33 34 -2 -20 10
2348 海悅|其他|240 86 75|53 90 -5 -10|0.5 29|1 2 -0 19 -9
2349 錸德|光電業|-22 -3 -10|80 80 -10 22|0.4 59|11 -4 0 na na
2351 順德|半導體業|2 5 8|99 99 37 28|1.6 262|15 10 -0 64 -8
2352 佳世達|電腦及週|-7 0 -2|61 66 -3 -34|0.7 114|9 -4 -0 1 10
2353 宏碁|電腦及週|26 27 18|74 87 8 -14|0.5 508|10 -0 1 3 1
2354 鴻準|其他電子|-24 8 -113|69 72 -14 -27|0.7 215|12 6 0 -5 -3
2355 敬鵬|電子零組|-5 6 7|100 100 65 49|3.5 685|16 1 -0 104 -9
2356 英業達|電腦及週|-1 7 -1|80 80 -5 -13|0.7 560|13 10 -0 -11 0
2357 華碩|電腦及週|19 48 16|79 79 4 -18|0.7 2402|36 -1 5 -3 9
2359 所羅門|其他電子|-38 -3 -17|67 78 -13 -25|0.4 99|3 1 -0 -8 2
2360 致茂|其他電子|86 72 37|98 98 109 170|1.4 5149|60 -3 4 -29 -14
2362 藍天|電腦及週|19 11 25|75 88 -6 -10|0.7 17|10 14 -0 -6 -6
2363 矽統|半導體業|211 181 -526|75 77 1 -17|0.3 137|5 11 -0 -3 -10
2364 倫飛|電腦及週|-1 -11 -25|51 78 -11 -22|0.5 5|15 8 0 1 -7
2365 昆盈|電腦及週|1 10 11|62 74 -11 -27|0.3 59|1 5 0 -6 -15
2367 燿華|電子零組|-19 -10 5|95 95 172 174|1.7 4909|8 -0 -0 18 0
2368 金像電|電子零組|54 56 -4|94 94 42 116|0.7 8340|27 -5 8 -11 19
2369 菱生|半導體業|26 42 28|85 85 35 60|0.7 520|14 2 -0 6 -5
2371 大同|電機機械|-2 10 1|71 72 -2 -22|0.4 420|9 -6 0 3 35
2374 佳能|光電業|32 83 19|64 72 -10 -24|0.3 235|5 1 0 -3 -1
2375 凱美|電子零組|5 14 7|71 71 -15 -3|0.3 74|12 -8 -0 4 12
2376 技嘉|電腦及週|47 59 27|74 74 -1 -21|0.7 1403|16 21 0 -2 -17
2377 微星|電腦及週|-3 22 3|53 76 -10 -25|0.6 530|13 -9 1 10 22
2379 瑞昱|半導體業|-7 1 -2|84 84 -1 -10|0.7 1410|47 20 -17 -12 -18
2382 廣達|電腦及週|43 67 17|94 94 10 2|0.9 4287|25 2 0 -13 2
2383 台光電|電子零組|45 45 1|97 97 69 128|0.9 10112|44 -6 3 0 -26
2385 群光|電子零組|-13 -5 1|74 87 2 -14|0.8 515|20 -4 9 -19 61
2387 精元|電腦及週|-33 -17 4|72 95 11 5|1.5 83|8 -12 -0 -32 162
2388 威盛|半導體業|-4 -29 5|56 79 -4 -9|1.3 229|13 1 -0 7 -21
2392 正崴|電子零組|-21 -23 -15|59 70 -5 -26|0.7 41|6 4 0 -10 1
2393 億光|光電業|-5 2 8|86 98 24 7|0.6 257|31 16 -3 -37 6
2395 研華|電腦及週|6 14 -4|85 88 16 3|0.8 909|33 13 0 -33 -6
2397 友通|電腦及週|3 8 -7|65 77 -12 -24|0.6 7|15 2 -0 -4 2
2399 映泰|電腦及週|3 -9 0|86 86 23 66|0.4 158|9 7 -0 33 -51
2401 凌陽|半導體業|-7 7 10|70 84 -0 -15|0.6 43|10 3 -0 -1 -5
2402 毅嘉|電子零組|11 16 2|77 77 -21 -1|0.7 238|10 -5 -0 -4 16
2404 漢唐|其他電子|69 56 5|68 73 -10 -12|0.9 3647|27 -18 -2 57 192
2405 輔信|電腦及週|-21 1 -4|70 77 -16 -19|0.9 27|4 -6 -0 7 38
2406 國碩|光電業|160 179 131|85 85 23 54|0.7 1044|11 1 0 -5 13
2408 南亞科|半導體業|587 547 325|65 65 12 175|1.5 26813|10 -5 -1 -2 20
2409 友達|光電業|-17 -3 -0|92 92 39 13|0.4 2132|11 0 -0 6 3
2412 中華電|通信網路|3 3 -2|97 97 3 0|0.8 1387|18 20 -3 -16 -18
2413 環科|電子零組|-24 -2 -7|85 85 29 127|0.9 215|5 -2 -0 0 -8
2414 精技|電子通路|-12 17 -2|94 97 5 -1|0.8 7|5 5 0 -21 1
2415 錩新|電子零組|29 21 11|99 99 17 17|1.2 7|21 4 0 -6 17
2417 圓剛|電腦及週|10 19 14|71 82 -3 -18|0.3 11|2 19 0 -9 -16
2419 仲琦|通信網路|-7 -5 -2|99 99 41 51|3.1 98|2 1 -0 68 11
2420 新巨|電子零組|-11 1 4|83 94 2 -0|0.5 10|6 14 -0 -14 6
2421 建準|電子零組|2 23 -3|68 68 -19 2|1.0 709|29 -20 -0 62 182
2425 承啟|電腦及週|114 61 7|68 80 -13 -15|0.6 10|9 6 0 -7 -13
2426 鼎元|光電業|-15 -6 -2|91 91 105 91|0.4 160|10 5 -0 36 -47
2427 三商電|資訊服務|-32 110 24|71 79 -14 -16|0.5 15|3 -9 0 7 11
2428 興勤|電子零組|-13 2 -4|76 76 -10 -9|0.4 72|15 -7 -1 -12 -4
2429 銘旺科|光電業|-54 3 -40|27 32 -49 -69|0.7 16|3 4 0 -2 na
2431 聯昌|電子零組|-66 -18 -13|67 67 3 -15|0.2 11|2 7 0 -20 -39
2436 偉詮電|半導體業|9 27 8|88 88 28 13|0.8 280|11 6 -0 -2 -16
2439 美律|通信網路|16 19 10|72 75 -13 -16|0.4 131|14 -21 -2 -16 36
2441 超豐|半導體業|19 18 5|82 82 2 39|0.7 411|12 -2 -3 89 -15
2442 新美齊|建材營造|9886 3953 2889|70 79 -21 -19|0.8 42|2 4 0 -10 -15
2444 兆勁|通信網路|-45 -11 8|78 82 7 3|0.4 8|1 -0 0 na na
2449 京元電子|半導體業|41 38 5|86 86 28 69|0.8 5174|30 -11 8 2 229
2451 創見|半導體業|246 310 181|73 73 26 106|0.2 1385|11 2 2 -4 -16
2453 凌群|資訊服務|5 7 -1|73 84 -0 -13|0.4 28|4 2 0 -18 -10
2454 聯發科|半導體業|-16 -0 -8|75 75 8 11|1.0 11858|56 -16 -2 9 116
2455 全新|通信網路|16 25 15|96 96 71 65|1.9 4943|24 -1 0 2 -4
2457 飛宏|電子零組|-5 -13 -5|64 64 -15 -1|0.2 71|6 7 -0 -16 -14
2458 義隆|半導體業|-11 -5 -0|87 92 5 3|1.7 490|14 6 5 38 -11
2460 建通|電子零組|14 56 44|88 88 26 36|0.3 9|1 -1 0 -8 na
2461 光群雷|其他電子|-6 9 11|95 100 22 9|1.5 13|6 3 0 44 -2
2462 良得電|電子零組|-5 -1 0|78 78 -3 -14|0.4 6|2 -10 0 10 14
2464 盟立|其他電子|8 -2 8|86 86 10 -4|0.5 194|4 10 -0 -15 -38
2465 麗臺|電腦及週|127 46 12|66 66 -13 -7|0.6 21|1 3 0 na na
2466 冠西電|光電業|-31 -8 -4|43 68 -31 -31|0.4 21|10 -2 -1 -6 0
2467 志聖|電子零組|3 56 20|96 96 71 105|1.9 842|19 -6 2 6 40
2468 華經|資訊服務|-31 -19 -32|43 65 -18 -33|0.5 24|2 -7 0 -4 -10
2471 資通|資訊服務|29 23 7|80 96 4 4|0.7 11|6 18 0 -4 -16
2472 立隆電|電子零組|0 9 3|100 100 25 52|1.0 479|12 3 0 8 -41
2474 可成|其他電子|-21 -13 -14|89 89 -10 3|0.8 421|22 -28 -1 -13 16
2476 鉅祥|電子零組|14 26 11|72 79 -3 -18|0.6 98|7 1 -0 -6 -7
2478 大毅|電子零組|-20 7 -0|80 80 7 13|0.3 153|11 -7 -0 -19 70
2480 敦陽科|資訊服務|11 13 0|77 78 -8 -21|0.6 24|11 -10 -0 -9 17
2481 強茂|半導體業|-1 8 4|85 85 9 24|0.9 2241|19 1 -2 10 2
2484 希華|電子零組|-18 -6 -13|100 100 51 38|2.5 33|4 -1 0 63 -0
2485 兆赫|通信網路|85 126 46|100 100 184 501|0.2 4302|5 -1 0 -11 -56
2486 一詮|光電業|6 17 5|89 89 58 80|0.1 785|18 4 1 -20 -26
2488 漢平|其他電子|0 -2 2|95 100 7 10|0.8 5|6 9 0 -7 8
2489 瑞軒|光電業|7 4 -2|77 77 129 149|2.3 886|7 -6 1 36 496
2492 華新科|電子零組|-4 8 3|75 75 2 17|0.4 695|12 -14 0 23 76
2493 揚博|電子零組|1 7 5|65 84 5 -1|0.5 93|4 4 -0 -2 -19
2495 普安|電腦及週|7 13 15|87 87 9 48|0.4 147|8 4 -0 5 -43
2497 怡利電|汽車工業|15 -4 -1|88 91 8 4|1.6 11|2 -4 -0 7 16
2498 宏達電|通信網路|-14 -13 -11|54 64 -20 -34|0.6 222|9 -1 -0 -0 -3
2501 國建|建材營造|194 62 26|93 93 -6 -1|1.4 55|11 25 -0 0 -22
2504 國產|建材營造|-11 -3 -6|82 91 -7 -3|1.3 99|9 -23 -1 19 92
2515 中工|建材營造|-13 25 33|73 73 0 24|0.3 196|10 -13 0 -30 -1
2520 冠德|建材營造|9 16 27|57 89 -10 -12|0.6 53|13 13 0 -22 18
2527 宏璟|建材營造|-4 -11 40|91 93 4 19|0.6 8|42 -5 -0 20 4
2528 皇普|建材營造|-100 -99 -946366|60 82 -17 -10|0.6 20|2 -37 -0 49 50
2530 華建|建材營造|-98 -87 -233|65 81 -13 -15|0.6 13|4 -10 0 18 5
2534 宏盛|建材營造|-88 -89 -270|77 89 -5 -9|1.1 12|7 6 0 8 -5
2535 達欣工|建材營造|18 98 28|95 95 13 18|1.2 26|7 -20 2 39 44
2536 宏普|建材營造|-62 27 -3241|69 81 -16 -19|0.7 7|9 6 0 6 -12
2537 聯上發|建材營造|273 158 -1453|68 84 -15 -6|0.5 8|2 8 0 -15 -17
2539 櫻花建|建材營造|-34 181 na|70 96 -1 -1|0.7 30|2 -12 1 2 11
2540 愛山林|建材營造|-33 -35 -43|55 62 -6 -38|0.7 35|2 -4 0 6 3
2542 興富發|建材營造|775 1163 893|79 86 -11 -14|0.9 115|9 -2 -1 0 6
2543 皇昌|建材營造|6 21 19|61 74 -7 -20|0.7 296|1 1 0 -22 -8
2545 皇翔|建材營造|8 -35 12|55 79 -10 -17|0.8 10|3 3 0 7 -4
2546 根基|建材營造|-21 22 -27|86 87 -9 -7|2.9 8|3 -16 0 -20 83
2547 日勝生|建材營造|-9 5 17|76 92 -5 -5|1.0 28|14 -14 -0 3 56
2548 華固|建材營造|19257 21818 12219|100 100 2 28|2.0 196|19 34 2 -9 -2
2597 潤弘|建材營造|-5 33 12|79 84 -10 -2|1.0 75|3 -26 0 117 443
2603 長榮|航運業|-21 -22 1|90 94 8 14|0.6 2992|20 11 1 -11 -7
2605 新興|航運業|87 47 31|95 95 57 74|1.2 1519|50 4 0 -14 96
2606 裕民|航運業|16 13 13|85 85 -2 3|0.6 296|11 -6 -7 -6 95
2607 榮運|航運業|-15 -17 5|80 86 -10 -13|0.6 29|9 -12 -1 -2 27
2608 嘉里大榮|航運業|-15 -1 -3|84 90 -7 -10|0.5 9|4 -13 -2 57 12
2609 陽明|航運業|-15 -20 9|68 80 -5 -4|0.5 1753|15 -6 0 0 40
2610 華航|航運業|15 3 1|78 80 -8 -12|0.6 602|15 -20 -2 3 109
2612 中航|航運業|-4 1 -1|73 73 -8 0|0.3 52|4 -14 0 2 -1
2613 中櫃|航運業|2 7 3|72 88 4 -6|0.3 19|1 -5 0 -11 -9
2614 東森|其他|3 -4 -1|88 88 -10 -2|0.6 17|5 -1 0 1 -13
2615 萬海|航運業|-0 -10 4|65 91 1 5|0.7 1058|42 10 -9 -8 -14
2616 山隆|油電燃氣|-23 -5 9|70 70 23 14|2.5 42|1 -1 0 12 232
2617 台航|航運業|6 6 7|91 91 -0 12|0.5 28|9 16 3 -0 -6
2618 長榮航|航運業|14 5 5|85 89 -4 -9|0.6 1067|25 3 0 -8 135
2630 亞航|航運業|21 -7 -11|67 80 -10 -10|0.5 52|4 2 0 -6 -11
2633 台灣高鐵|航運業|13 3 -0|93 93 -4 -4|1.2 142|9 -29 0 -4 58
2634 漢翔|航運業|-13 8 11|70 81 -8 -20|0.5 244|3 -9 0 2 28
2636 台驊控股|航運業|-14 -17 5|85 97 4 -1|0.7 29|10 16 0 -18 -10
2637 慧洋-KY|航運業|30 18 27|91 91 2 13|0.5 122|17 13 -0 -9 12
2640 大車隊|數位雲端|15 5 0|96 96 42 46|3.2 26|5 6 0 347 -14
2641 正德|航運業|16 30 -13|80 82 -10 -16|0.4 40|4 -13 0 -5 -1
2645 長榮航太|航運業|-6 8 -5|73 84 1 -9|0.3 196|6 3 -2 -17 6
2646 星宇航空|航運業|41 19 -2|78 85 -11 -15|0.7 84|2 -2 0 11 2
2707 晶華|觀光餐旅|24 6 -3|92 94 -1 -6|0.9 22|7 -15 -1 -14 15
2723 美食-KY|觀光餐旅|-13 -14 -7|75 91 0 -6|0.5 24|46 6 -1 11 -13
2727 王品|觀光餐旅|24 10 4|92 98 6 1|0.8 78|26 33 2 -1 -41
2731 雄獅|觀光餐旅|41 13 7|88 88 -2 2|1.0 105|24 -10 -1 -16 5
2743 山富|觀光餐旅|49 23 19|71 77 -6 -17|0.6 7|3 12 0 -4 -11
2745 五福|觀光餐旅|32 16 1|73 90 0 -5|0.7 14|4 8 0 4 -19
2753 八方雲集|觀光餐旅|-6 3 -5|85 85 -5 -8|0.6 43|6 -16 0 37 19
2755 揚秦|觀光餐旅|22 23 2|96 96 18 12|0.7 13|2 9 0 -28 -71
2801 彰銀|金融保險|4 11 1|95 95 -1 5|0.7 306|18 -12 1 -9 -20
2812 台中銀|金融保險|12 10 3|88 91 -1 -10|0.9 191|10 2 1 -3 -9
2820 華票|金融保險|31 94 23|96 96 -0 4|0.6 13|9 -2 0 1 13
2832 台產|金融保險|-5 2 2|87 87 -7 4|0.6 8|4 -31 0 -15 33
2834 臺企銀|金融保險|-5 2 -1|93 93 -6 -3|1.0 378|17 -44 1 15 302
2836 高雄銀|金融保險|5 15 -0|94 94 -3 2|0.7 16|8 -28 0 17 20
2838 聯邦銀|金融保險|11 15 7|99 99 7 16|0.9 34|4 12 1 -10 -19
2845 遠東銀|金融保險|12 10 7|93 97 -3 1|0.7 74|9 -2 1 -21 4
2850 新產|金融保險|7 6 1|97 97 0 -1|0.6 36|10 3 -6 -34 0
2851 中再保|金融保險|103 75 55|98 98 18 27|1.4 63|7 27 -0 38 -8
2852 第一保|金融保險|-7 -1 3|91 92 -7 -3|0.7 11|5 -26 -0 -5 65
2855 統一證|金融保險|221 217 146|96 96 36 42|0.6 166|13 20 3 -7 25
2880 華南金|金融保險|8 15 8|88 88 5 15|1.2 515|17 2 3 41 -1
2881 富邦金|金融保險|69 29 -87|89 89 -10 2|0.9 1765|16 -25 11 -7 43
2882 國泰金|金融保險|-11 -5 -10|90 90 -5 9|1.0 1631|20 -16 14 -4 54
2883 凱基金|金融保險|25 -7 738|90 90 13 33|0.8 820|29 -8 1 10 16
2884 玉山金|金融保險|4 20 -2|92 92 -5 -3|0.7 1015|30 -9 -4 63 -1
2885 元大金|金融保險|52 66 47|96 96 17 36|1.1 995|26 -8 1 3 -15
2886 兆豐金|金融保險|-1 8 6|91 92 -4 -7|1.5 802|21 4 -0 -5 15
2887 台新新光金|金融保險|187 212 100|94 94 16 36|0.9 1661|22 -15 18 -8 76
2889 國票金|金融保險|16 47 30|85 85 -7 1|1.0 77|9 -26 -2 40 22
2890 永豐金|金融保險|13 28 10|95 95 10 29|1.0 662|27 -2 4 -11 67
2891 中信金|金融保險|14 35 2|96 96 7 26|1.1 1959|33 -17 12 -17 271
2892 第一金|金融保險|3 15 5|95 95 -3 -4|0.9 590|27 12 -0 5 -15
2897 王道銀行|金融保險|7 23 13|100 100 9 11|1.0 42|6 11 -0 -2 -3
2903 遠百|貿易百貨|25 1 2|94 94 4 2|0.4 46|9 7 -8 -9 -10
2905 三商|貿易百貨|5 1 -9|85 85 -9 19|0.6 10|4 -25 0 0 -3
2912 統一超|貿易百貨|9 5 1|87 90 2 -9|0.9 568|19 25 -20 3 -31
2913 農林|貿易百貨|2 -9 -13|64 85 -9 -13|1.2 16|5 0 0 -7 12
2915 潤泰全|貿易百貨|-27 -45 -29|78 86 -13 -8|0.6 94|6 -13 1 2 20
3002 歐格|電腦及週|23 23 -4|64 64 -30 10|0.3 6|2 10 0 6 -12
3003 健和興|電子零組|-3 21 20|74 95 3 -6|0.7 17|4 -1 -0 -1 -1
3004 豐達科|鋼鐵工業|20 25 6|67 77 5 -20|0.4 20|3 -2 0 8 -8
3005 神基|電腦及週|-0 4 -7|63 66 -13 -34|1.6 945|10 -20 -3 22 319
3006 晶豪科|半導體業|128 122 90|72 72 62 118|0.2 2271|30 4 0 -19 63
3008 大立光|光電業|-3 3 -0|87 87 -1 -5|0.5 1868|29 3 -3 -2 10
3010 華立|電子通路|22 11 12|86 86 5 23|0.5 153|17 17 -3 -15 24
3011 今皓|電子零組|-46 -37 0|69 81 -14 -17|0.9 8|2 2 0 15 -3
3013 晟銘電|電腦及週|-31 10 3|71 71 -23 -15|1.7 217|4 1 -0 1 -9
3014 聯陽|半導體業|-14 -3 -5|81 86 0 -13|0.5 85|19 -30 0 -4 78
3015 全漢|電子零組|-12 1 -12|81 82 -5 -9|0.4 11|9 -5 -0 -5 12
3016 嘉晶|半導體業|15 17 17|73 73 4 -11|0.3 92|2 8 -0 -6 -46
3017 奇鋐|電腦及週|75 112 9|93 93 41 120|0.9 10945|56 2 3 -20 -25
3019 亞光|光電業|7 10 -4|72 75 -11 -24|0.2 312|5 -7 -0 -10 -8
3022 威強電|電腦及週|-31 -9 -2|62 88 -4 -9|0.8 39|14 -3 -0 -7 16
3023 信邦|電子零組|-5 -2 5|95 95 30 10|1.6 427|39 9 -0 -1 20
3024 憶聲|光電業|-65 -69 -47|60 75 -12 -27|0.9 7|3 2 0 1 6
3025 星通|通信網路|113 93 79|76 76 -14 33|0.2 33|7 4 -0 -5 -9
3026 禾伸堂|電子零組|-2 10 5|94 94 42 51|3.7 416|20 1 -0 176 22
3027 盛達|通信網路|-48 -51 -48|49 69 -15 -25|0.3 8|1 1 0 0 3
3028 增你強|電子通路|45 59 34|86 86 32 58|0.4 242|12 -0 0 -22 -17
3029 零壹|資訊服務|-37 -3 -26|70 81 -10 -19|1.2 163|4 -4 -0 -1 5
3030 德律|其他電子|25 34 0|92 92 33 40|1.1 1569|17 -2 0 -0 29
3031 佰鴻|光電業|-18 6 5|93 93 14 10|1.9 40|3 -2 0 127 10
3032 偉訓|電子零組|1 31 -26|54 63 -18 -35|0.5 33|4 -6 0 -4 18
3033 威健|電子通路|-10 15 -6|91 91 7 15|0.6 122|9 3 -0 31 -15
3034 聯詠|半導體業|-24 -16 -10|74 90 4 -11|1.5 1334|35 29 -16 -5 -10
3035 智原|半導體業|-74 -39 -76|59 78 -12 -12|0.7 334|6 0 -0 -2 3
3036 文曄|電子通路|29 61 27|88 88 58 62|0.8 2457|23 7 7 64 37
3037 欣興|電子零組|16 26 9|84 84 125 211|0.2 5898|40 9 -0 -22 -29
3038 全台|光電業|-13 -13 2|77 88 -9 -3|0.5 5|8 -11 -0 9 2
3040 遠見|其他|22 7 9|69 78 -9 -22|0.5 11|0 6 0 0 -52
3041 揚智|半導體業|31 51 59|68 72 -9 -25|0.4 14|5 -1 0 1 -35
3042 晶技|電子零組|7 4 -1|95 100 14 4|1.2 148|16 16 -2 -6 -10
3044 健鼎|電子零組|11 18 5|85 85 10 18|0.6 1193|47 -8 -2 9 22
3045 台灣大|通信網路|-0 3 3|96 97 1 3|0.8 787|13 24 -5 -40 -20
3046 建碁|電腦及週|-16 23 8|84 84 -10 4|0.3 7|4 -3 0 3 -1
3047 訊舟|通信網路|-40 -36 7|63 75 -14 -16|0.7 17|3 5 0 -11 -3
3048 益登|電子通路|11 7 4|74 76 -15 -15|0.4 91|2 3 -0 8 -19
3049 精金|光電業|-74 -3 -2|65 65 60 67|1.4 247|3 -5 -0 -82 na
3050 鈺德|光電業|-13 6 5|84 87 -2 3|0.8 10|7 1 0 2 7
3051 力特|光電業|-34 -18 -12|66 72 9 -13|0.2 14|3 4 0 -1 -4
3054 立萬利|食品工業|751 288 149|82 82 168 198|0.9 32|1 1 0 59 25
3055 蔚華科|電子通路|-18 38 37|71 71 -26 4|0.3 14|1 2 0 -2 -7
3056 富華新|建材營造|-97 -48 -177|39 71 -18 -25|0.7 24|5 -7 -0 1 5
3059 華晶科|光電業|11 9 -15|57 69 -11 -32|0.4 47|10 13 -0 -2 -11
3060 銘異|電腦及週|-4 11 4|78 78 -14 15|0.3 88|9 1 0 -4 -27
3062 建漢|通信網路|-20 12 -9|100 100 36 35|5.6 77|13 4 -0 28 -5
3066 李洲|光電業|43 39 23|80 80 37 24|0.4 15|1 2 0 31 -3
3071 協禧|電腦及週|39 26 26|93 93 23 20|1.8 32|2 -1 0 145 1
3078 僑威|電子零組|-47 -36 -42|62 71 -19 -29|0.6 60|19 -26 -0 -4 -11
3081 聯亞|通信網路|91 124 24|100 100 186 277|1.4 2661|31 -4 5 -19 10
3086 華義*|文化創意|-18 -13 -15|98 98 31 99|0.5 36|42 9 0 13 -100
3088 艾訊|電腦及週|15 28 22|65 94 6 1|0.6 27|11 18 0 3 -6
3090 日電貿|電子零組|9 18 -8|86 86 -1 25|0.3 200|7 8 -5 3 -29
3092 鴻碩|電子零組|-27 -14 2|76 76 58 79|0.3 32|2 -4 0 -7 -19
3093 港建*|其他電子|-45 -5 -77|90 90 88 88|0.5 83|68 -0 0 246 28
3094 聯傑|半導體業|-10 -13 -23|78 80 -5 -15|0.5 5|2 4 0 4 18
3105 穩懋|半導體業|26 27 22|96 96 100 286|1.9 7399|26 -4 4 1 40
3130 一零四|數位雲端|-12 4 -2|95 97 -1 -2|1.1 5|21 -50 0 -50 -1
3131 弘塑|半導體業|52 66 5|100 100 95 81|1.4 2795|36 6 4 46 -1
3135 凌航|半導體業|104 189 na|na 68 53 198|1.0 595|2 -1 0 na -10
3138 耀登|通信網路|19 20 14|78 78 56 70|0.9 693|2 -2 0 -1 -16
3141 晶宏|半導體業|5 -1 -9|55 78 -22 -15|0.4 11|10 -1 0 -1 -8
3147 大綜|資訊服務|-43 43 -21|61 81 -5 -15|0.3 44|2 1 0 -8 -4
3149 正達|光電業|73 51 35|75 75 34 6|0.7 226|2 -4 0 -1 -0
3152 璟德|通信網路|-16 -15 2|78 78 -6 11|0.4 42|14 14 0 -18 -32
3162 精確|電機機械|-29 3 -50|86 86 1 10|0.6 81|45 1 0 0 8
3163 波若威|通信網路|5 29 6|90 90 123 296|0.3 850|34 -7 4 3 -5
3167 大量|電機機械|123 101 -6|99 99 81 113|0.8 400|12 -6 4 24 -5
3169 亞信|半導體業|-4 -4 -9|80 86 -5 -8|0.8 13|4 -6 0 -3 11
3171 炎洲流通|居家生活|54 62 19|100 100 42 21|2.0 11|1 0 0 -32 0
3176 基亞|生技醫療|-24 -13 -26|90 91 0 10|0.9 8|5 5 0 -14 14
3188 鑫龍騰|建材營造|508 592 289|89 89 0 8|1.2 28|2 -7 0 -5 102
3189 景碩|半導體業|10 30 -1|87 87 131 199|0.2 5248|17 0 0 51 -21
3205 佰研|生技醫療|27 -1 16|96 96 17 11|7.5 6|7 -1 0 43 -29
3206 志豐|電子零組|-38 -14 1|98 99 24 17|1.9 15|2 -2 0 51 280
3207 耀勝|電子零組|-28 30 4|62 80 -5 -7|0.2 32|4 -9 0 8 -3
3209 全科|電子通路|35 39 25|93 93 32 32|1.8 118|14 18 -0 97 -24
3211 順達|電腦及週|0 29 23|87 94 9 -3|2.0 3224|25 1 4 -3 10
3213 茂訊|電腦及週|-13 -7 -1|77 87 -2 -13|0.7 28|7 -5 -0 -10 -1
3217 優群|電子零組|-8 8 -8|75 75 -4 -12|0.6 87|6 -16 1 -1 34
3218 大學光|生技醫療|3 -2 1|65 90 -1 -11|0.9 30|5 4 0 -8 -30
3219 倚強科|其他電子|57 104 40|59 79 8 -23|0.3 23|2 6 0 -13 -13
3221 台嘉碩|通信網路|-4 7 4|100 100 85 77|2.7 143|5 1 0 57 -2
3227 原相|半導體業|-14 -4 -8|71 71 -10 -25|0.6 132|22 -1 0 -7 -3
3228 金麗科|半導體業|21 4 16|70 83 5 -17|1.2 35|6 -1 -0 na -10
3230 錦明|光電業|-26 -26 -11|61 72 -0 -28|0.6 30|3 -3 0 7 -0
3231 緯創|電腦及週|177 157 29|80 80 -13 1|0.6 4474|25 5 -1 -3 -15
3234 光環|通信網路|-27 -2 -11|82 82 75 152|0.8 307|2 -4 0 na na
3236 千如|電子零組|-3 29 14|82 82 7 48|0.4 46|14 -5 0 -2 50
3257 虹冠電|半導體業|-44 -8 -37|68 68 -24 -24|0.3 13|1 9 -0 -7 -16
3260 威剛|半導體業|114 138 75|73 73 70 152|0.5 4768|24 -0 1 0 10
3264 欣銓|半導體業|22 23 11|100 100 78 95|0.9 948|33 2 5 3 13
3265 台星科|半導體業|18 18 5|98 98 24 50|1.2 231|9 5 -4 13 5
3289 宜特|其他電子|-7 5 -5|89 89 24 12|0.9 326|8 -1 -0 17 72
3290 東浦|電子零組|69 32 11|85 85 1 8|0.5 17|6 -2 0 -13 39
3293 鈊象|文化創意|19 16 -2|89 95 8 -4|2.0 1233|26 24 1 -11 -19
3294 英濟|電子零組|-15 -8 5|54 69 -21 -34|0.3 21|12 12 0 -12 -27
3303 岱稜|其他電子|-10 2 2|88 90 0 -8|0.7 9|5 -3 0 -3 -5
3305 昇貿|其他電子|62 52 20|68 84 -5 -5|0.5 239|1 -2 -0 -5 -18
3306 鼎天|通信網路|28 44 22|68 68 -9 -18|0.4 7|3 -9 0 -2 9
3308 聯德|電子零組|-4 100 na|79 79 32 27|0.2 5|1 -1 0 5 10
3311 閎暉|通信網路|-24 -13 -8|78 87 3 -8|0.6 7|2 3 0 -5 -8
3312 弘憶股|電子通路|-24 6 -7|60 81 -2 -20|0.2 19|1 -0 0 -7 -3
3317 尼克森|半導體業|4 8 -1|88 88 12 2|1.6 26|8 -7 0 23 26
3322 建舜電|電子零組|-22 1 -1|72 72 -18 -9|0.7 7|2 -8 0 0 40
3323 加百裕|電腦及週|-13 -14 -4|59 62 -21 -39|0.6 33|10 2 0 3 -11
3324 雙鴻|其他電子|67 99 40|80 80 -10 7|1.2 4553|22 -5 -1 5 232
3338 泰碩|電子零組|-38 -15 -7|87 91 23 3|0.6 56|3 2 0 6 -13
3339 泰谷|光電業|32 59 17|89 95 45 15|4.6 159|6 0 0 -3 -37
3349 寶德|電腦及週|-83 -51 -49|87 87 -11 45|0.7 7|1 -18 0 na na
3354 律勝|電子零組|-10 12 30|75 75 -5 39|0.3 19|1 -0 0 11 -7
3356 奇偶|光電業|12 5 14|80 95 4 -2|0.6 19|7 14 0 -6 -28
3357 臺慶科|電子零組|-3 16 -1|72 72 1 14|0.4 370|16 -8 -1 -39 87
3360 尚立|電子通路|44 101 67|82 82 13 10|0.5 12|4 3 0 -10 35
3362 先進光|光電業|-9 4 3|52 78 3 -15|0.3 31|7 5 0 -11 -3
3363 上詮|通信網路|28 13 -20|82 82 46 75|0.2 964|17 -2 0 -15 -8
3372 典範|半導體業|15 39 11|74 74 -6 25|0.2 18|1 -5 0 -42 na
3374 精材|半導體業|16 29 18|82 82 18 9|0.3 461|19 -10 -0 -6 -12
3376 新日興|電子零組|-22 -19 4|74 75 -3 -18|0.7 1122|17 0 -1 -0 -4
3379 彬台|電機機械|-15 -1 -100|46 60 -26 -38|0.4 5|4 18 0 -2 -11
3380 明泰|通信網路|-9 6 0|99 99 14 18|1.3 256|7 3 -0 3 9
3388 崇越電|電子零組|-7 7 9|100 100 7 5|1.0 5|7 11 0 27 0
3390 旭軟|電子零組|-62 14 19|82 83 -8 9|0.2 6|2 -14 0 -15 4
3402 漢科|其他電子|9 9 10|77 79 -6 -15|0.5 71|7 -9 0 -17 26
3406 玉晶光|光電業|5 37 26|95 95 6 5|0.6 334|36 10 14 -14 6
3413 京鼎|半導體業|4 6 -16|80 80 3 -4|1.2 521|14 5 0 -0 -5
3416 融程電|電腦及週|38 25 3|71 80 -5 -21|0.7 33|3 5 0 -23 -10
3419 譁裕|通信網路|-4 -1 -17|92 92 22 9|0.8 6|2 3 0 -7 na
3430 奇鈦科|化學工業|3 16 2|83 83 18 9|0.4 44|8 1 0 10 -5
3437 榮創|光電業|-32 -28 -5|91 91 58 43|0.5 31|6 2 0 -3 -2
3443 創意|半導體業|60 81 28|85 85 16 80|0.8 4678|29 2 2 -10 -29
3444 利機|電子通路|-5 11 4|78 78 1 6|0.5 8|12 -1 0 6 2
3447 展達|通信網路|21 8 -31|47 55 -28 -43|0.5 7|1 10 0 -11 -27
3450 聯鈞|半導體業|-37 -16 -17|74 74 -7 -9|0.7 4601|11 -1 -0 -8 -2
3455 由田|光電業|-40 -35 -31|97 97 38 31|0.7 302|14 0 -0 -4 10
3466 德晉|通信網路|141 8 18|64 69 -22 -33|0.8 13|16 -1 0 5 -19
3479 安勤|電腦及週|-9 6 -4|73 73 -8 -24|0.8 22|4 -25 0 -5 53
3481 群創|光電業|6 14 11|76 76 89 69|0.4 13430|22 -1 0 -4 6
3483 力致|電腦及週|-20 -0 -2|63 68 -17 -30|0.8 33|11 -5 -0 -5 30
3484 崧騰|電子零組|-12 -5 -7|73 87 -6 -11|0.7 9|8 -3 0 2 -3
3490 單井|光電業|59 6 7|92 95 0 7|2.5 12|6 0 0 9 -0
3491 昇達科|通信網路|57 69 55|87 87 118 230|2.1 694|30 -5 -0 8 -9
3498 陽程|其他電子|116 64 -30|92 92 51 48|1.4 374|11 0 0 15 -37
3501 維熹|電子零組|-32 -13 -3|79 83 -2 -7|0.2 8|3 -7 0 19 -2
3504 揚明光|光電業|-19 -2 -3|82 82 3 -13|0.5 25|3 2 -0 -6 1
3508 位速|其他電子|-56 -2 -21|77 77 75 62|1.1 100|0 -1 0 na na
3515 華擎|電腦及週|-30 19 -57|61 61 -16 -23|0.7 119|7 -18 -0 5 35
3526 凡甲|電子零組|-15 17 -1|92 92 14 13|0.8 160|19 11 -4 -48 -46
3527 聚積|半導體業|-16 -10 6|71 81 -10 -21|0.3 6|6 -5 0 -5 7
3528 安馳|電子通路|22 101 24|69 82 -4 -10|0.6 9|3 -14 0 -11 4
3529 力旺|半導體業|12 -1 -7|93 93 58 24|1.0 2830|62 6 1 -26 30
3530 晶相光|半導體業|33 60 40|73 73 -18 -11|0.2 8|42 11 -1 -2 -7
3532 台勝科|半導體業|-4 7 6|87 87 47 28|0.5 319|50 15 2 16 -9
3533 嘉澤|電子零組|5 22 10|94 94 63 36|1.4 4893|44 3 10 -52 10
3535 晶彩科|光電業|4842 5093 3296|71 71 16 30|0.3 691|9 -2 0 -42 -8
3537 堡達|電子零組|-5 18 10|79 79 -20 9|0.1 5|4 10 0 -13 -11
3540 曜越|電腦及週|15 5 -22|68 75 -12 -24|0.5 5|3 -5 0 6 20
3543 州巧|光電業|-20 -2 -0|86 86 8 32|0.3 104|11 -11 0 20 1
3545 敦泰|半導體業|-22 -23 -7|65 72 -4 -27|2.1 59|13 -7 -0 -2 24
3546 宇峻|文化創意|127 65 49|62 83 -10 -15|0.4 10|9 22 0 -3 -31
3548 兆利|電子零組|-45 -34 -28|49 78 -10 -23|0.7 22|8 12 0 -8 -14
3550 聯穎|電子零組|-28 11 6|90 90 30 22|0.7 36|3 -0 0 -5 -14
3551 世禾|綠能環保|16 22 4|78 78 -12 8|0.5 82|9 -1 -3 1 -21
3552 同致|其他電子|-1 -8 -7|76 78 -6 -12|4.9 8|12 -2 0 32 3
3555 博士旺|半導體業|4102 2693 1672|70 70 83 214|0.3 29|3 12 0 2 -24
3556 禾瑞亞|半導體業|-36 28 18|93 93 15 10|0.6 5|5 10 0 17 44
3558 神準|通信網路|-23 -14 -35|47 70 -16 -31|0.6 17|4 -7 -0 -1 14
3563 牧德|光電業|5 8 -98|92 92 56 46|2.3 2358|9 -2 0 21 -16
3576 聯合再生|光電業|-56 -59 -13|80 80 128 207|1.0 858|9 -9 -0 na na
3577 泓格|電腦及週|-17 8 3|68 98 15 -3|2.8 8|2 -5 0 19 -32
3580 友威科|其他電子|-57 -25 8|91 91 15 7|0.8 50|14 9 0 -1 -25
3581 博磊|半導體業|-14 29 17|84 84 -5 68|0.5 78|13 1 0 -9 -33
3583 辛耘|半導體業|13 17 1|93 93 42 15|2.3 1497|19 8 0 1 -58
3587 閎康|其他電子|6 11 1|90 90 24 8|0.7 307|18 -2 -0 35 10
3588 通嘉|半導體業|2 10 16|77 80 -2 -13|0.3 11|3 18 0 -8 -12
3591 艾笛森|光電業|-4 -10 0|81 93 11 11|1.9 39|2 -2 0 -21 60
3592 瑞鼎|半導體業|-13 -9 1|62 80 -2 -22|0.8 88|18 -10 0 6 18
3594 磐儀|電腦及週|22 6 -22|72 88 5 -9|0.4 11|2 -1 0 15 -2
3596 智易|通信網路|-7 2 -7|71 80 -2 -19|2.0 548|31 -28 -1 58 291
3605 宏致|電子零組|7 8 -1|68 78 -6 -21|0.4 70|11 -3 -0 -1 -5
3611 鼎翰|電腦及週|-16 -2 -28|86 86 -10 -2|0.8 8|12 0 0 -4 11
3615 安可|光電業|-43 -13 -6|86 86 32 30|0.7 95|4 -3 0 -2 -30
3617 碩天|其他電子|1 -3 1|56 67 -18 -19|0.6 34|9 -10 -1 1 13
3622 洋華|光電業|31 24 9|78 78 -10 5|0.3 18|4 16 -0 -3 1
3624 光頡|電子零組|-5 14 9|70 70 -11 19|0.1 54|47 1 0 -20 -35
3628 盈正|其他電子|18 12 -4|66 66 -4 7|0.9 9|6 -7 0 -2 -11
3630 新鉅科|光電業|18 32 7|68 73 0 -17|0.2 20|42 4 0 -10 -5
3645 達邁|電子零組|-9 -7 -8|86 86 36 4|0.5 875|14 4 0 29 -37
3653 健策|電子零組|-15 9 -26|98 98 44 80|0.8 6359|29 -0 5 -11 -29
3661 世芯-KY|半導體業|-77 -67 -18|65 73 -14 -19|1.4 5468|44 -2 -3 -1 20
3663 鑫科|其他電子|134 111 54|90 90 38 35|0.6 303|8 4 0 12 -24
3665 貿聯-KY|其他電子|28 35 3|100 100 23 91|0.7 6628|51 -2 1 -12 -26
3673 TPK-KY|光電業|19 23 23|93 93 4 10|1.6 135|44 2 0 31 10
3675 德微|半導體業|7 5 12|87 87 41 19|0.6 153|59 5 2 -35 -28
3679 新至陞|電子零組|-39 -19 -17|84 93 4 2|0.6 7|9 -10 0 -14 -2
3680 家登|半導體業|25 46 22|83 83 20 6|0.6 348|25 1 -2 -1 -20
3684 榮昌|通信網路|13 13 -9|84 84 -4 23|0.6 8|1 -7 0 11 152
3685 元創精密|電機機械|-6 30 27|65 65 -30 1|0.6 8|0 2 0 0 na
3686 達能|半導體業|9 24 12|77 77 -5 -6|0.3 5|2 -3 0 na na
3687 歐買尬|數位雲端|-5 14 5|75 78 -18 -16|0.4 6|6 -13 0 -14 5
3689 湧德|電子零組|12 32 12|89 89 1 14|0.6 253|16 0 0 -5 14
3691 碩禾|光電業|180 202 148|78 78 35 31|0.5 86|8 -2 0 -2 -6
3693 營邦|電腦及週|-49 -34 -12|87 87 77 105|0.3 715|11 -0 0 30 -12
3694 海華|通信網路|-4 25 -1|53 69 -10 -30|0.5 42|5 -1 -0 -9 -27
3701 大眾控|電腦及週|-38 -23 2|79 79 16 36|0.4 453|4 -2 -0 -28 -4
3702 大聯大|電子通路|9 22 6|94 94 55 34|1.4 1564|30 23 5 17 169
3703 欣陸|建材營造|-31 57 49|81 93 -3 -3|0.8 27|21 7 0 -12 5
3704 合勤控|通信網路|-18 -30 -19|83 83 0 -4|0.8 67|8 6 -0 -6 -15
3705 永信|生技醫療|-17 -8 -10|83 92 -4 -4|1.0 13|7 0 -0 -14 -8
3706 神達|電腦及週|25 28 -38|71 71 -8 -14|0.5 971|8 7 -0 -7 -18
3707 漢磊|半導體業|13 18 13|71 74 -1 -17|0.4 224|17 9 0 -20 -50
3708 上緯投控|綠能環保|-73 -75 -44|82 92 4 -7|1.0 180|6 6 2 -19 -31
3709 鑫聯大投控|電腦及週|-23 38 -14|84 84 30 54|0.4 205|7 -6 0 -16 12
3711 日月光投控|半導體業|16 16 6|93 93 54 110|0.9 5936|79 -6 3 7 32
3712 永崴投控|電腦及週|-46 -50 -64|41 55 -15 -37|0.5 12|1 -0 0 -14 -6
3714 富采|光電業|-17 -5 5|98 98 49 22|1.6 579|15 3 0 17 -9
3715 定穎投控|電子零組|23 20 9|88 88 51 104|1.4 8068|14 1 0 -13 -29
3717 聯嘉投控|汽車工業|na na na|na 100 36 15|1.9 32|3 8 0 6 18
4104 佳醫|生技醫療|-3 4 1|87 90 -5 -9|0.7 17|4 -9 0 -3 15
4105 東洋|生技醫療|-12 2 -8|91 91 -6 1|1.7 72|22 -44 -0 12 59
4107 邦特|生技醫療|-13 9 6|91 91 -3 0|0.7 5|7 -11 0 -22 15
4114 健喬|生技醫療|-8 7 -4|80 90 -2 -10|0.6 18|7 -16 0 11 14
4119 旭富|生技醫療|40 52 55|64 86 6 -14|0.6 8|6 8 0 14 -4
4121 優盛|生技醫療|5 -3 -2|79 79 5 10|0.2 10|3 7 0 -43 2
4123 晟德|生技醫療|-21 20 24|85 85 13 15|0.4 148|13 -2 0 10 5
4126 太醫|生技醫療|-18 -4 -7|86 89 -7 -10|1.0 6|9 -32 0 -7 96
4128 中天|生技醫療|14 10 -0|57 75 -9 -25|0.5 16|7 -1 0 -1 -9
4129 聯合|生技醫療|7 16 -5|77 77 -9 -17|1.1 26|14 -16 0 17 6
4130 健亞|生技醫療|-27 -10 -5|94 94 25 51|0.4 45|2 -2 0 -33 42
4137 麗豐-KY|生技醫療|-33 32 25|91 91 6 0|0.6 25|56 -14 0 -16 9
4142 國光生|生技醫療|-20 38 -17|85 87 -3 1|0.7 24|5 21 -0 -26 -19
4147 中裕|生技醫療|3 12 11|57 73 -10 -28|1.5 51|10 -11 0 -3 17
4148 全宇生技-KY|生技醫療|11 12 -15|90 100 14 11|1.8 5|71 0 0 25 11
4157 太景*-KY|生技醫療|-15 2170 1635|72 72 -7 27|0.3 14|3 20 0 1 -24
4162 智擎|生技醫療|-28 30 22|60 80 -18 -13|0.5 19|10 14 0 -10 -9
4164 承業醫|生技醫療|23 20 -11|60 64 -19 -35|0.7 24|23 -18 0 18 -9
4167 松瑞藥|生技醫療|-11 27 25|98 98 23 19|0.7 35|13 10 0 -1 -13
4174 浩鼎|生技醫療|-85 16 -13|30 60 -32 -28|0.5 12|6 3 0 -18 na
4207 環泰|食品工業|-5 3 10|97 97 3 5|1.3 7|2 0 0 -14 3
4303 信立|塑膠工業|-41 1 -225|68 73 -10 -24|0.8 56|6 3 0 -4 -14
4306 炎洲|塑膠工業|-18 8 19|80 95 -4 -3|2.1 18|5 -4 0 -3 1
4414 如興|紡織纖維|-7 -9 -4|78 99 2 3|1.7 11|27 3 0 26 25
4438 廣越|紡織纖維|-7 2 -15|55 68 -27 -20|0.6 5|1 -15 0 0 14
4441 振大環球|紡織纖維|16 32 na|na 65 -19 -28|0.6 17|2 -26 -0 na na
4503 金雨|電機機械|-23 -8 -122|65 73 -3 -30|0.9 7|4 -9 0 -2 2
4506 崇友|電機機械|29 5 -7|88 88 -3 -9|0.5 6|3 11 0 -20 18
4510 高鋒|電機機械|27 39 32|80 87 8 -7|0.6 34|8 6 0 -8 -17
4513 福裕|電機機械|184 67 57|53 74 -8 -18|0.4 6|4 -4 0 -11 -1
4523 永彰|電機機械|29 108 81|75 75 2 -13|0.3 8|3 -5 0 -4 14
4526 東台|電機機械|-29 -22 -11|86 92 14 -5|0.7 97|5 3 0 -12 -10
4532 瑞智|電機機械|-11 -11 2|83 95 5 6|1.3 38|18 2 -0 -26 -25
4533 協易機|電機機械|-31 -10 -8|76 76 42 37|0.4 136|5 -2 0 -3 5
4534 慶騰|電機機械|-28 4 8|75 75 56 31|0.6 34|1 -1 0 na na
4536 拓凱|運動休閒|-20 -10 -6|74 77 -6 -21|0.6 37|13 -31 -0 12 23
4540 全球傳動|電機機械|34 38 8|80 80 20 -2|0.3 65|5 3 0 -10 -23
4541 晟田|其他|-39 28 14|65 83 0 -15|0.3 24|7 0 0 -9 -15
4542 科嶠|電子零組|-42 56 -16|83 83 83 174|0.7 218|7 -0 0 15 -64
4543 萬在|電機機械|-3 36 26|88 94 7 36|2.3 11|8 3 0 -5 2
4549 桓達|電機機械|-42 -19 -14|59 64 -18 -26|0.9 10|4 16 0 -19 -19
4551 智伸科|汽車工業|12 13 12|78 85 15 -4|0.9 48|51 -0 3 -1 4
4557 永新-KY|汽車工業|-33 -24 -17|51 72 -27 -27|0.7 6|32 -15 0 -2 7
4560 強信-KY|電機機械|-7 3 -3|82 95 0 -3|0.9 10|85 0 0 6 -25
4562 穎漢|電機機械|-40 -24 -14|49 69 -17 -33|0.2 7|2 13 0 -8 -11
4563 百德|電機機械|-36 -22 -4|50 60 -4 -28|0.3 6|3 5 0 -13 -30
4564 元翎|電機機械|-27 -29 -17|80 89 9 -2|0.7 23|2 -1 0 14 -8
4566 時碩工業|電機機械|-3 6 3|76 93 -1 4|0.6 23|2 -1 0 -1 -18
4569 六方科-KY|汽車工業|-11 12 -10|60 75 -15 -19|1.0 16|67 -7 0 -12 4
4571 鈞興-KY|電機機械|-7 -9 -7|74 74 -7 -17|0.4 42|60 0 0 -16 -9
4576 大銀微系統|電機機械|22 37 14|93 95 22 7|2.8 142|3 3 0 25 -31
4577 達航科技|其他電子|80 39 18|89 89 85 170|1.5 131|6 0 0 -26 15
4583 台灣精銳|電機機械|-9 7 6|75 80 2 -7|0.7 95|2 -9 0 14 -9
4585 達明|其他電子|-12 15 na|na 59 -13 na|0.4 61|0 -6 1 na 21
4707 磐亞|化學工業|-39 -8 -11|97 98 12 13|4.0 8|1 -1 0 -1 77
4714 永捷|化學工業|55 102 14|66 68 -17 -33|0.5 17|9 8 0 -7 -6
4720 德淵|化學工業|-21 -9 -4|91 94 18 12|2.4 24|5 -4 -0 3 62
4721 美琪瑪|化學工業|51 24 -3|80 91 7 -0|1.0 38|8 14 0 3 -42
4722 國精化|化學工業|-21 -7 -0|76 76 -11 -4|0.5 332|4 -6 -1 -8 -21
4726 永昕|生技醫療|140 99 76|76 83 3 -15|0.7 7|21 12 0 -8 na
4736 泰博|生技醫療|-16 -3 7|87 90 2 2|0.4 22|6 -8 -0 7 6
4737 華廣|生技醫療|-29 -13 -3|90 100 21 13|1.0 15|28 23 0 30 -1
4739 康普|化學工業|192 133 51|90 90 14 10|1.3 244|9 -4 0 27 15
4741 泓瀚|化學工業|21 7 17|99 99 77 67|6.9 12|2 -0 0 463 2
4743 合一|生技醫療|-16 73 61|68 71 -8 -20|0.4 91|13 -6 0 -0 15
4744 皇將|生技醫療|-33 32 10|99 99 27 22|2.1 20|8 2 0 -6 -1
4746 台耀|生技醫療|-20 -7 -8|79 82 -9 -14|1.0 43|12 2 0 -10 5
4749 新應材|半導體業|41 23 -5|82 82 1 -8|0.8 2272|17 0 -1 -12 -10
4755 三福化|化學工業|-16 1 4|83 83 29 11|0.8 185|23 1 0 34 16
4760 勤凱科技|其他電子|19 51 23|100 100 16 21|1.3 77|19 12 0 30 -26
4763 材料*-KY|化學工業|-48 -30 -10|38 68 -21 -32|0.6 208|47 2 -2 -5 -4
4764 雙鍵|化學工業|26 6 2|77 77 8 208|0.7 573|26 -1 -0 60 -9
4766 南寶|化學工業|-15 -1 -0|72 79 -1 -22|1.2 150|16 -5 -2 14 61
4768 晶呈科技|化學工業|94 182 118|83 83 26 121|1.1 515|14 -5 0 7 23
4770 上品|化學工業|-31 4 22|68 74 -4 -26|0.3 126|7 1 0 3 18
4771 望隼|生技醫療|21 31 8|87 93 5 3|1.2 26|5 6 0 -7 4
4772 台特化|化學工業|273 282 112|77 77 -5 -9|0.5 651|12 -5 0 -1 33
4903 聯光通|通信網路|104 73 -98|90 90 -7 45|2.0 219|3 -0 0 28 30
4904 遠傳|通信網路|5 10 3|98 98 7 8|1.2 545|22 26 -8 15 -41
4906 正文|通信網路|-46 -38 2|100 100 42 59|5.9 606|12 -4 -0 156 98
4908 前鼎|通信網路|13 13 7|89 89 25 16|1.3 659|7 0 0 -7 -21
4909 新復興|通信網路|-77 -76 12|55 79 -8 3|0.2 114|8 -1 0 -8 -1
4912 聯德控股-KY|電子零組|22 12 5|74 85 10 15|0.6 32|24 2 -0 -3 14
4915 致伸|電子零組|-17 16 11|81 81 -6 -8|0.6 203|39 -33 -2 21 11
4916 事欣科|電腦及週|41 29 20|82 82 -5 -2|0.4 227|4 5 -0 -18 -34
4919 新唐|半導體業|-7 -4 1|87 87 84 48|1.5 1762|8 0 0 53 16
4927 泰鼎-KY|電子零組|-16 -12 -1|84 84 21 58|0.4 227|9 -13 0 3 35
4931 新盛力|電腦及週|-11 41 14|72 72 -24 -14|1.4 582|10 -2 0 11 60
4933 友輝|光電業|-28 -7 -8|73 89 -2 -6|0.6 13|7 -10 0 7 40
4934 太極|光電業|130 94 111|80 80 18 13|0.4 33|2 0 0 na na
4938 和碩|電腦及週|-18 -11 -7|90 97 13 9|1.2 827|32 16 -0 -20 -11
4939 亞電|電子零組|-37 -7 1|55 55 -27 6|0.2 45|11 8 0 -7 -17
4946 辣椒|文化創意|-5 69 -720|43 70 9 -20|0.5 17|13 -2 0 na na
4949 有成精密|光電業|38 24 18|96 96 80 74|2.6 400|7 2 0 39 7
4951 精拓科|半導體業|5 2 -2|81 90 2 -10|0.5 8|5 6 0 -2 1
4952 凌通|半導體業|1 11 19|79 79 13 -5|0.3 25|5 -2 0 -36 49
4953 緯致|資訊服務|20 28 12|80 80 -9 0|0.5 31|12 -19 -1 -20 15
4956 光鋐|光電業|-6 10 3|87 87 48 50|1.1 308|10 1 0 17 -25
4958 臻鼎-KY|電子零組|-4 6 1|95 95 51 27|1.5 5410|66 4 -0 -1 20
4960 誠美材|光電業|-21 -4 2|81 81 62 48|1.8 421|19 5 0 49 -15
4961 天鈺|半導體業|-10 -11 -1|71 89 6 -12|1.4 90|20 7 0 9 46
4966 譜瑞-KY|半導體業|-5 -2 -1|56 62 -15 -37|0.6 276|32 -7 -1 -5 8
4967 十銓|半導體業|-22 101 77|79 79 31 153|0.9 2620|15 -0 -0 16 33
4968 立積|半導體業|-7 12 6|55 63 -18 -30|0.7 106|5 -12 -0 -1 3
4971 IET-KY|半導體業|43 27 -29|91 91 97 272|1.9 456|30 0 0 -10 9
4973 廣穎電通|半導體業|43 38 29|69 69 79 129|0.2 123|17 5 0 -46 -58
4974 亞泰|電子零組|-11 -15 3|70 88 -1 -13|0.4 10|7 10 0 -6 -15
4976 佳凌|光電業|1 -5 4|48 72 -8 -29|0.4 12|3 -2 0 -3 -2
4977 眾達-KY|通信網路|-17 -34 -33|91 91 25 51|1.1 2603|20 0 0 -14 -36
4979 華星光|通信網路|-10 12 -8|81 81 28 73|0.4 1649|19 -1 -2 -6 -1
4989 榮科|電子零組|79 111 89|88 88 44 161|0.6 1817|2 -2 0 -11 0
4991 環宇-KY|半導體業|8 59 21|94 94 81 193|0.9 495|16 -1 2 16 -12
5009 榮剛|鋼鐵工業|-19 -6 3|71 90 2 -10|0.5 78|13 -4 -0 -2 -1
5011 久陽|鋼鐵工業|-14 -14 -28|67 79 31 22|0.4 6|1 -1 0 -3 24
5203 訊連|資訊服務|6 8 -8|55 61 -29 -36|0.6 16|13 -12 0 -5 31
5209 新鼎|其他|-32 -10 3|89 89 -2 5|0.5 6|2 -7 0 -51 -33
5213 亞昕|建材營造|-82 -41 -365|80 97 10 5|0.6 23|2 6 0 15 -9
5222 全訊|半導體業|-16 -19 8|80 82 -4 -7|0.6 84|4 -1 -1 5 -5
5225 東科-KY|其他電子|-28 -21 -7|67 75 -16 -25|1.0 29|40 -9 -0 -5 14
5234 達興材料|光電業|1 10 -1|82 82 8 -9|0.5 408|10 -4 0 -15 139
5236 凌陽創新|半導體業|-10 3 -3|88 89 12 0|0.5 13|4 4 -0 -3 -12
5243 乙盛-KY|光電業|-4 -12 1|100 100 9 14|3.5 97|58 -1 -0 23 58
5244 弘凱|光電業|-16 -5 -3|77 89 -3 -10|4.7 28|2 -1 0 17 -1
5258 虹堡|電腦及週|-21 -5 -4|57 62 -33 -38|1.0 17|6 5 0 -5 4
5263 智崴|文化創意|1 -6 -5|73 73 -2 2|0.4 18|14 14 0 -9 -4
5269 祥碩|半導體業|18 52 -17|53 73 -5 -27|0.5 990|8 -7 -0 -3 33
5272 笙科|半導體業|-1 -13 -18|88 93 9 3|2.1 6|3 2 0 36 -1
5274 信驊|半導體業|66 38 -4|92 92 65 125|1.0 3100|55 -3 10 -7 -43
5278 尚凡*|數位雲端|6 15 -8|54 72 -17 -25|2.3 14|2 -1 0 -28 -19
5284 jpp-KY|其他|50 52 -9|85 85 -5 -1|1.2 374|53 1 0 10 -12
5285 界霖|半導體業|-3 5 0|87 87 1 -2|0.4 6|3 -3 -0 16 3
5287 數字|數位雲端|1 2 -0|92 92 -2 -7|0.5 10|17 -22 0 22 19
5288 豐祥-KY|電機機械|-25 -1 6|81 88 9 26|0.7 18|59 -14 2 10 22
5289 宜鼎|電腦及週|403 287 171|70 70 82 177|0.3 1762|31 -2 -2 -0 -25
5291 邑昇|電子零組|-0 13 3|100 100 189 212|2.9 250|2 -1 0 8 -41
5292 華懋|綠能環保|-43 -4 -30|90 90 56 47|2.9 44|6 9 -0 34 0
5299 杰力|半導體業|-9 -14 -1|87 92 5 -2|0.8 9|2 9 0 -12 8
5302 太欣|半導體業|69 168 89|80 80 20 17|0.3 6|1 -2 0 na na
5306 桂盟|運動休閒|-15 -3 4|74 92 1 1|0.6 9|12 -9 -2 5 26
5309 系統電|電子零組|-3 8 -2|77 79 -17 -13|0.4 236|15 -4 -1 3 18
5314 世紀*|其他|137 210 -262|54 54 -23 -44|1.2 344|12 -3 -0 -4 14
5315 光聯|光電業|-24 -6 -24|88 88 -7 2|0.4 8|11 -21 0 14 17
5328 華容|電子零組|-6 11 7|71 71 10 41|0.3 115|4 -4 0 11 3
5340 建榮|電子零組|10 21 4|84 84 55 119|0.4 162|55 1 0 -6 30
5347 世界|半導體業|-10 8 0|72 72 19 16|0.6 1938|23 -9 -1 34 32
5351 鈺創|半導體業|311 258 178|83 83 69 97|0.2 994|32 4 -0 -3 -4
5371 中光電|光電業|12 11 8|58 64 -16 -34|0.3 253|17 6 2 -20 -16
5386 青雲|電腦及週|1025 500 315|65 65 276 342|0.2 213|15 -6 0 -43 -50
5388 中磊|通信網路|21 24 18|59 75 -6 -25|0.7 148|14 -17 4 -7 28
5392 能率|光電業|-13 1 7|63 65 -22 -37|0.3 34|9 10 0 -5 -14
5403 中菲|資訊服務|-29 -1 -6|83 84 -9 -15|0.9 13|6 -13 0 -14 42
5410 國眾|資訊服務|-41 10 8|75 75 -1 -12|0.8 6|10 10 0 -9 -9
5425 台半|半導體業|-11 -1 -17|73 73 3 -3|0.6 208|19 2 -6 9 18
5426 振發|電腦及週|-6 1 -12|68 87 -2 -14|0.5 6|4 4 0 -1 -2
5432 新門|綠能環保|-50 44 24|73 73 -23 4|0.7 14|3 -6 0 2 -8
5434 崇越|電子通路|14 14 -2|93 93 9 -2|0.7 179|30 11 -11 3 -29
5439 高技|電子零組|63 101 -36|76 76 -13 -10|1.6 899|31 5 -2 -7 -10
5443 均豪|半導體業|18 5 -10|87 89 17 -10|1.2 454|10 3 0 -0 -31
5452 佶優|其他電子|-31 -20 -5|85 85 39 34|0.6 132|13 2 0 3 -18
5457 宣德|電子零組|-9 -4 -8|69 73 -12 -26|0.6 16|28 -0 0 14 -13
5469 瀚宇博|電子零組|39 51 7|73 73 -15 -12|0.3 203|12 8 -1 -12 -13
5471 松翰|半導體業|-3 16 14|82 82 17 0|0.4 31|12 -3 -0 1 11
5474 聰泰|電腦及週|-12 10 -16|62 73 -17 -27|0.5 16|3 5 0 0 -10
5475 德宏|電子零組|65 77 15|100 100 154 290|1.1 783|6 -5 4 na na
5478 智冠|文化創意|43 19 18|89 94 11 1|0.8 39|19 2 0 4 -18
5483 中美晶|半導體業|-8 -1 2|82 82 6 -8|0.9 871|22 4 -1 16 -21
5484 慧友|光電業|184 264 190|83 97 17 7|1.6 19|2 10 -0 na na
5490 同亨|電腦及週|18 14 -1|77 82 1 -12|1.0 12|6 -7 0 1 9
5493 三聯|其他電子|-0 16 -5|82 82 -17 -3|0.5 11|2 -10 0 11 15
5498 凱崴|電子零組|44 49 22|77 77 31 195|0.4 381|3 0 0 -3 9
5508 永信建|建材營造|-1 17 67|39 59 -24 -41|0.4 23|7 -13 -0 15 -23
5511 德昌|建材營造|43 33 5|100 100 13 24|0.6 18|5 18 0 10 6
5515 建國|建材營造|-9 2 -16|92 92 4 51|0.5 19|11 12 -0 8 -24
5519 隆大|建材營造|-39 -30 -138|95 95 -1 13|0.8 19|5 -2 0 15 -7
5521 工信|建材營造|-1 2 -20|46 46 -50 4|0.4 64|9 -8 0 -31 82
5522 遠雄|建材營造|1220 1374 1003|89 89 -11 14|0.9 71|5 4 -1 -10 22
5530 龍巖|其他|-10 2 0|53 81 -1 -17|0.5 15|55 -21 0 1 22
5534 長虹|建材營造|-69 -32 -1|77 90 -10 3|1.2 53|12 8 -1 7 29
5536 聖暉*|其他電子|3 17 -17|73 82 -4 -6|0.8 948|32 12 4 -20 -18
5607 遠雄港|航運業|26 32 9|82 82 -7 -9|0.6 25|3 -28 0 6 45
5608 四維航|航運業|1 -6 3|78 79 -7 -5|0.4 33|5 0 0 -15 -15
5609 中菲行|航運業|-4 -2 -5|97 97 -1 -1|0.6 10|16 -8 0 -25 10
5706 鳳凰|觀光餐旅|75 11 7|86 98 4 -2|0.8 13|2 25 0 -19 -46
5864 致和證|金融業|1675 5470 1784|87 87 64 67|0.4 78|4 -7 0 -13 57
5871 中租-KY|其他|-4 -3 2|88 95 -3 -7|1.4 615|45 20 -1 -20 -4
5876 上海商銀|金融保險|1 -5 -6|84 93 -4 -7|0.9 239|54 -15 -1 -37 63
5880 合庫金|金融保險|18 20 5|93 96 -3 -2|1.1 374|16 -13 1 -8 69
5903 全家|居家生活|14 10 4|94 96 -1 -1|0.5 7|51 -32 0 -14 25
5904 寶雅|居家生活|23 8 0|97 97 15 9|0.7 173|28 15 4 2 -29
6005 群益證|金融保險|54 74 48|88 88 16 15|0.5 203|18 -30 6 20 102
6015 宏遠證|金融業|282 199 109|88 88 24 21|0.3 23|6 7 0 -6 -3
6016 康和證|金融業|45935 15379 11478|93 93 29 28|0.4 96|8 -1 0 14 87
6021 美好證|金融業|2107 823 681|84 84 20 34|0.5 6|7 2 0 -57 -10
6023 元大期貨|金融業|10 23 26|100 100 4 14|2.3 28|2 26 1 -28 -0
6024 群益期|金融保險|153 -26 -31|100 100 9 16|1.2 22|4 13 -0 -1 -9
6026 福邦證|金融業|192 52 -12|97 97 16 30|0.4 23|6 10 0 -28 8
6104 創惟|半導體業|-4 7 -16|51 78 -6 -22|0.5 68|15 1 -0 -7 -11
6108 競國|電子零組|-7 -6 8|95 95 12 11|0.6 6|2 10 0 -21 6
6111 光聚晶電|文化創意|198 136 60|69 82 -12 -20|0.7 10|12 3 0 -3 -11
6112 邁達特|資訊服務|20 18 -6|74 79 -8 -15|0.5 30|1 7 0 -2 -6
6117 迎廣|電腦及週|4 12 -7|64 82 -15 -17|0.6 22|1 11 0 -11 -15
6120 達運|光電業|-28 -9 8|90 90 1 14|0.6 34|7 4 -0 6 2
6121 新普|電腦及週|-6 7 5|86 94 -5 -3|0.4 169|38 13 -2 -24 20
6122 擎邦|電機機械|-26 -0 -4|80 80 2 1|0.4 18|5 -4 0 -21 13
6124 業強|電子零組|6 20 9|77 77 17 10|0.3 5|51 1 0 -14 9
6125 廣運|電機機械|15 24 -5|63 72 -25 -29|0.3 67|13 -0 0 -5 7
6126 信音|電子零組|28 41 25|75 75 -3 14|0.2 29|5 6 0 -17 -14
6127 九豪|電子零組|-19 -3 2|91 91 21 63|1.4 328|5 -0 0 66 -25
6129 普誠|半導體業|50 37 24|81 82 6 -5|0.7 7|2 1 0 -15 na
6133 金橋|電子零組|7 22 6|78 78 6 34|0.2 58|3 -4 0 -24 4
6134 萬旭|電子零組|48 50 23|84 84 -2 20|0.2 23|24 0 0 -12 -29
6138 茂達|半導體業|6 14 -7|80 80 -2 -4|0.4 60|28 -13 -0 -0 -0
6139 亞翔|其他電子|81 111 55|80 80 -7 46|1.0 1742|29 4 0 0 -9
6141 柏承|電子零組|-19 -8 4|74 74 90 71|0.7 35|3 0 0 -72 na
6143 振曜|通信網路|-2 18 -5|63 66 -21 -34|0.8 82|13 -6 0 -25 -10
6146 耕興|其他電子|3 5 5|96 96 22 8|0.7 88|30 -1 1 -25 -6
6147 頎邦|半導體業|5 9 4|98 98 46 36|3.6 1591|25 0 0 572 217
6148 驊宏資|資訊服務|-65 -40 -139|47 73 -16 -25|0.4 15|5 -3 0 -1 -6
6150 撼訊|電腦及週|42 10 -71|60 60 -14 -33|0.5 13|6 1 0 -4 -5
6151 晉倫|其他電子|-27 5 3|100 100 22 18|1.5 6|6 11 0 14 -27
6152 百一|通信網路|-30 1 20|73 73 41 62|0.9 108|1 -4 0 na na
6153 嘉聯益|電子零組|-17 -13 9|87 87 6 6|0.7 84|10 14 -0 -4 -4
6155 鈞寶|電子零組|-9 9 2|71 71 -1 79|0.3 43|7 -6 0 1 8
6156 松上|電子零組|-15 -2 -10|65 82 -12 -15|0.5 6|7 -1 0 -0 -10
6163 華電網|資訊服務|136 59 41|86 86 11 182|0.9 398|10 0 0 2 -9
6164 華興|光電業|-14 -10 -1|89 89 -5 15|0.4 7|3 4 0 -6 13
6165 浪凡|數位雲端|11 10 -2|73 80 -9 -14|0.8 18|4 1 0 -3 -10
6166 凌華|電腦及週|16 13 -8|64 86 -10 -7|0.6 22|14 0 -0 11 -2
6167 久正|光電業|-9 24 -1|84 84 18 8|0.4 6|5 -0 0 39 -24
6168 宏齊|光電業|16 12 3|88 88 16 12|1.7 118|3 -1 -0 89 56
6170 統振|通信網路|1 -0 -7|94 97 3 -1|0.7 16|3 14 0 -5 -24
6173 信昌電|電子零組|-2 6 -3|76 76 -11 20|0.2 89|11 -7 0 -0 9
6175 立敦|電子零組|-3 2 7|86 86 -9 20|1.9 43|19 -4 0 25 27
6176 瑞儀|光電業|-5 -3 2|54 65 -28 -35|0.7 307|30 -1 -3 -4 245
6177 達麗|建材營造|555 1202 852|85 85 -10 -6|0.4 30|7 8 1 -5 -1
6179 亞通|其他|91 5 -34|70 76 -15 -22|0.8 59|5 2 0 32 7
6180 橘子|文化創意|-20 5 20|60 68 -16 -29|0.5 28|26 -12 -0 13 -4
6182 合晶|半導體業|-2 13 1|82 82 6 3|0.4 195|16 -3 0 5 -1
6186 新潤|建材營造|-100 -100 -172|58 61 -32 -38|1.1 13|4 -8 0 -4 16
6187 萬潤|半導體業|16 -10 -7|92 92 161 127|1.2 1174|46 -1 8 -21 -9
6188 廣明|電腦及週|-20 -8 -24|69 76 -10 -31|0.3 103|11 2 -0 -4 -0
6189 豐藝|電子通路|-16 -12 7|60 84 -1 -10|0.3 28|8 18 -0 -8 -10
6190 萬泰科|通信網路|-3 10 6|97 97 21 35|1.2 352|12 -2 0 23 21
6191 精成科|電子零組|71 85 16|62 69 -22 -25|0.5 392|8 13 -9 -16 -19
6192 巨路|其他電子|-29 16 19|89 89 10 13|0.4 30|24 -4 0 -1 14
6196 帆宣|其他電子|5 0 12|91 91 3 12|0.6 451|16 7 -0 -6 -10
6197 佳必琪|電子零組|20 22 7|83 83 19 2|0.9 735|8 6 0 13 -59
6199 天品|其他|588 527 261|78 92 4 5|0.8 17|6 -0 0 11 -30
6202 盛群|半導體業|-21 0 -13|76 76 26 13|0.4 162|9 -6 -0 -13 10
6203 海韻電|電子零組|-56 1 -46|77 77 -2 4|0.6 7|4 -6 0 -6 1
6205 詮欣|電子零組|-36 -18 -10|81 81 22 25|0.9 73|2 -1 -0 20 25
6206 飛捷|電腦及週|9 -1 -6|73 89 7 -6|0.4 81|10 7 1 -5 -12
6207 雷科|電子零組|-27 -33 -22|74 82 7 -18|0.4 56|5 1 0 -10 -7
6209 今國光|光電業|11 47 -2|64 64 -24 37|0.3 101|6 -3 -0 8 -16
6213 聯茂|電子零組|9 27 12|100 100 44 52|1.7 2417|19 7 0 -27 -8
6214 精誠|資訊服務|-7 19 2|79 79 -16 -12|0.5 59|11 15 -1 -6 1
6215 和椿|其他電子|51 58 -2|63 79 -5 -25|0.4 103|6 5 0 -2 -18
6217 中探針|電子零組|43 39 15|94 94 256 318|0.3 377|24 -4 0 -10 -31
6218 豪勉|通信網路|38 11 -7|89 89 -3 26|0.8 7|1 -1 0 13 25
6219 富旺|建材營造|22485 11098 8387|41 69 -31 -28|0.5 5|2 -10 0 2 19
6220 岳豐|電子零組|-26 3 17|72 72 26 73|0.4 33|4 -1 0 -17 10
6223 旺矽|半導體業|46 37 5|100 100 71 133|0.8 4014|36 -2 6 -7 -3
6224 聚鼎|電子零組|-15 -10 -8|78 79 -6 -13|0.7 6|9 -6 0 -10 -8
6226 光鼎|光電業|-11 -15 -9|87 87 68 77|0.9 19|1 1 0 na na
6227 茂綸|電子通路|-25 30 -16|71 97 14 3|1.6 19|3 9 0 8 -6
6230 尼得科超眾|電腦及週|-2 11 1|70 79 22 -5|0.5 28|87 1 -0 4 -9
6231 系微|資訊服務|13 3 -2|86 93 22 3|2.0 397|17 7 1 14 -25
6233 旺玖|半導體業|-21 -15 -4|83 83 16 20|0.4 12|5 -3 0 18 9
6234 高僑|光電業|26 27 35|85 91 10 12|0.6 19|12 6 0 17 -1
6235 華孚|電腦及週|-1 36 12|63 63 -23 -26|1.0 26|4 0 0 -3 -15
6237 驊訊|半導體業|5 18 5|70 80 -15 -16|0.6 6|8 11 0 -2 -8
6239 力成|半導體業|35 36 24|74 74 19 30|0.5 1847|40 -12 -2 28 197
6244 茂迪|光電業|-18 -9 -6|73 73 17 49|0.3 567|18 -1 0 -5 -4
6245 立端|通信網路|-26 -21 -14|67 85 1 -15|1.3 41|8 3 -0 0 4
6257 矽格|半導體業|8 11 4|100 100 54 70|1.9 998|27 2 1 20 14
6261 久元|半導體業|-7 12 5|99 99 11 24|1.3 40|11 8 0 -9 12
6263 普萊德|通信網路|-11 -0 -0|81 86 -7 -13|0.8 6|2 14 0 -12 -20
6265 方土昶|電子通路|310 361 205|70 70 70 214|0.4 228|7 -1 0 -1 -8
6266 泰詠|電子零組|-9 5 0|90 92 -1 -5|1.5 6|3 -2 0 -9 10
6269 台郡|電子零組|-9 0 10|86 88 -3 -10|1.1 141|18 -2 -2 6 34
6270 倍微|電子通路|-6 5 -1|87 87 15 9|0.8 10|2 -0 0 6 26
6271 同欣電|半導體業|-9 -3 1|79 79 12 25|0.5 610|29 1 -0 -12 -45
6272 驊陞|電子零組|-31 -19 na|na na -37 na|0.5 12|4 -0 0 na na
6274 台燿|電子零組|27 54 22|100 100 25 106|1.3 7699|36 4 -5 7 -57
6275 元山|電子零組|0 17 3|77 77 -13 4|0.3 16|5 4 0 -12 -7
6278 台表科|光電業|-5 2 -6|86 86 1 -10|0.7 118|22 -15 1 0 58
6279 胡連|電子零組|-16 -3 -11|69 78 -14 -15|0.6 46|11 -1 -1 -6 -31
6281 全國電|電子通路|13 -2 2|77 86 -5 -14|1.2 5|2 2 -0 250 -3
6282 康舒|電子零組|15 16 13|71 71 11 46|0.4 683|11 -5 -0 -2 16
6284 佳邦|電子零組|-23 -3 -5|88 88 6 10|0.4 71|8 -8 -1 16 17
6285 啟碁|通信網路|-7 0 1|86 86 75 50|1.3 2912|18 2 -1 -15 -4
6290 良維|電子零組|14 8 -14|83 83 9 65|0.6 1849|25 -2 -0 -23 21
6291 沛亨|半導體業|28 53 24|100 100 98 131|1.4 589|7 -0 0 30 -24
6405 悅城|光電業|-64 -64 27|95 95 17 26|1.5 11|3 -3 0 7 0
6409 旭隼|其他電子|-16 -9 4|51 62 -19 -17|0.8 499|55 -4 -0 18 30
6411 晶焱|半導體業|19 13 19|72 72 -4 -2|0.4 24|10 -7 0 -24 16
6412 群電|電子零組|-22 -11 -3|58 71 -23 -27|0.4 93|4 -25 1 1 63
6414 樺漢|電腦及週|3 3 7|84 90 -8 -8|1.8 134|24 -2 2 -3 43
6415 矽力*-KY|半導體業|2 17 13|62 95 48 6|0.6 1677|77 2 0 -18 -11
6416 瑞祺電通|通信網路|-18 -4 3|73 87 -6 -5|0.6 12|3 15 -0 7 -2
6417 韋僑|通信網路|0 16 8|90 90 3 -5|0.4 6|11 -4 0 0 6
6419 京晨科|光電業|38 2 35|100 100 13 85|1.9 20|12 3 0 0 -3
6423 億而得|半導體業|-26 -25 -23|74 74 2 2|0.3 12|2 1 0 -12 -19
6425 易發|電機機械|115 54 46|67 67 -33 6|0.7 20|11 -2 0 -4 -1
6426 統新|通信網路|7 45 -11|78 78 42 109|0.1 102|8 -4 0 -6 -8
6432 今展科|電子零組|-10 14 4|85 85 -2 19|0.2 7|4 0 0 2 -26
6435 大中|半導體業|1 12 -8|88 88 36 47|0.6 169|11 3 0 -9 7
6438 迅得|其他電子|9 19 -7|84 96 26 2|1.4 364|6 -0 1 -5 -11
6442 光聖|通信網路|44 8 -51|86 86 57 160|1.1 3525|33 -2 2 -15 16
6443 元晶|光電業|-43 -42 18|79 79 54 170|0.4 3916|8 -1 0 6 9
6446 藥華藥|生技醫療|57 59 1|82 82 30 22|0.5 1099|22 -1 -2 -17 -1
6449 鈺邦|電子零組|16 29 -1|68 68 -6 -19|0.5 67|2 -11 -0 -3 5
6451 訊芯-KY|半導體業|-45 -13 -49|84 84 81 92|0.8 842|68 6 0 47 -19
6456 GIS-KY|光電業|8 7 9|80 84 25 -14|1.0 639|47 -4 -0 -17 11
6462 神盾|半導體業|33 91 59|69 69 -14 -10|0.9 90|17 5 -0 -8 -2
6465 威潤|通信網路|45 142 17|95 95 17 174|0.6 10|1 1 0 na na
6469 大樹|生技醫療|4 3 -5|52 64 -15 -36|0.4 33|8 -13 0 -11 -11
6470 宇智|通信網路|-51 -48 -35|88 89 13 17|0.3 6|5 -10 0 -32 32
6472 保瑞|生技醫療|-23 -23 -21|54 66 -7 -32|0.4 300|8 7 -2 -2 -4
6477 安集|光電業|79 24 14|74 80 -8 -22|0.3 43|3 6 0 4 -7
6485 點序|半導體業|-40 -3 -9|65 65 12 27|0.1 38|18 -1 0 9 -18
6486 互動|通信網路|-30 12 14|99 99 3 17|1.3 13|5 1 0 -5 -3
6488 環球晶|半導體業|-17 -10 -4|77 77 9 -15|0.5 1346|23 2 -2 13 -7
6491 晶碩|生技醫療|6 13 4|75 81 1 -12|0.8 63|8 5 -0 3 -21
6492 生華科|生技醫療|-5 -4 -11|77 77 20 26|0.5 22|6 0 0 -33 -83
6494 九齊|半導體業|10 25 25|90 90 21 22|0.6 6|6 6 0 -2 -6
6499 益安|生技醫療|32 31 -16|64 72 -4 -4|0.6 69|18 6 0 -4 -32
6505 台塑化|油電燃氣|-17 -9 -1|82 82 14 39|1.0 1672|6 -5 0 58 67
6508 惠光|農業科技|-21 19 19|95 95 17 14|0.9 6|1 -1 0 297 36
6509 聚和|化學工業|-10 3 1|99 99 38 35|2.3 252|4 -4 0 23 269
6510 精測|半導體業|8 5 -27|84 84 48 86|1.1 2367|34 6 -3 27 -43
6515 穎崴|半導體業|-4 44 18|86 86 177 261|0.3 3072|20 -0 2 -7 64
6517 保勝光學|光電業|-28 -24 -25|56 69 -16 -17|0.1 8|5 3 0 -2 8
6525 捷敏-KY|半導體業|4 10 -3|93 93 8 -2|0.6 21|15 0 -0 -14 2
6526 達發|半導體業|2 1 -3|79 88 12 -9|0.5 249|6 -7 3 -14 4
6530 創威|通信網路|15 19 2|89 89 33 41|1.1 314|15 1 0 1 -58
6531 愛普*|半導體業|147 106 54|79 79 10 42|0.7 2279|33 2 0 17 -14
6532 瑞耘|半導體業|-35 -22 -10|97 97 33 26|1.6 63|4 2 0 33 -8
6533 晶心科|半導體業|12 16 1|48 58 -26 -42|0.9 86|12 -3 -0 10 -3
6534 正瀚-創|生技醫療|2 5 -17|80 84 7 -14|1.0 29|47 10 0 103 3
6535 順藥|生技醫療|-25 3244 2099|47 47 -20 -49|0.8 21|6 9 0 na na
6538 倉和|電子零組|-18 -25 8|64 90 6 -10|2.7 6|5 -2 -0 -2 11
6541 泰福-KY|生技醫療|219 1527 -1031|57 63 -29 -21|0.6 15|14 1 0 -11 14
6546 正基|通信網路|-43 -11 -3|53 75 7 -12|0.7 104|8 -2 0 -26 0
6547 高端疫苗|生技醫療|-25 -2 -3|100 100 58 50|1.1 77|10 8 0 14 -38
6548 長科*|半導體業|12 13 1|79 79 22 39|0.8 245|7 -11 -0 3 77
6550 北極星藥業-KY|生技醫療|323 519 404|46 55 -33 -45|0.7 30|68 -7 0 na na
6558 興能高|其他電子|-37 -29 -15|46 58 -27 -42|0.5 12|1 11 0 -8 -18
6561 是方|通信網路|7 3 -1|79 88 2 -14|0.5 35|7 -7 -0 -31 0
6568 宏觀|半導體業|11 13 8|98 98 84 88|1.1 344|8 2 0 50 -7
6574 霈方|生技醫療|40 39 26|81 81 60 49|1.3 9|0 0 0 na na
6576 逸達|生技醫療|-62 -18 -52|89 89 -2 -7|0.5 10|22 -9 0 na na
6579 研揚|電腦及週|21 29 4|80 81 7 -8|0.6 16|3 5 2 19 -9
6584 南俊國際|電子零組|48 79 41|100 100 79 138|0.2 419|20 3 5 -47 66
6585 鼎基|其他|-22 -12 5|63 91 7 -7|2.1 11|7 -38 0 60 1
6588 東典光電|通信網路|9 221 144|100 100 157 347|3.4 150|6 -1 0 17 29
6589 台康生技|生技醫療|101 77 50|70 70 -9 -9|0.7 28|6 -5 0 -1 -9
6591 動力-KY|電腦及週|-34 -0 -33|60 71 -24 -25|0.8 15|21 -9 0 -2 6
6592 和潤企業|其他|-8 -6 9|85 91 2 -10|0.6 120|26 4 0 -11 -1
6596 寬宏藝術|文化創意|71 10 -90|64 66 -18 -24|1.6 127|6 -6 0 -52 -2
6603 富強鑫|電機機械|9 11 1|62 62 -24 27|0.2 17|7 9 0 -6 -16
6605 帝寶|汽車工業|8 0 4|68 81 -6 2|0.4 36|17 -6 -0 1 9
6609 瀧澤科|電機機械|-28 -18 9|57 83 8 0|2.7 6|53 -4 0 5 5
6613 朋億*|其他電子|7 -11 4|95 96 6 18|0.9 44|8 18 -0 12 -12
6617 共信-KY|生技醫療|13 27 13|58 67 -22 -33|1.3 18|38 -9 0 37 50
6620 漢達|生技醫療|4 48 na|na na -21 na|0.5 22|25 -8 0 na na
6625 必應|其他|-21 61 4|72 85 -5 -9|0.7 17|2 -22 0 -14 37
6640 均華|半導體業|52 48 7|98 98 130 82|1.6 1081|9 3 1 70 -62
6643 M31|半導體業|2 30 8|70 96 28 7|1.3 550|15 1 -0 2 -2
6651 全宇昕|半導體業|-28 -7 -8|87 88 10 25|0.5 12|6 -0 0 37 -6
6657 華安|生技醫療|-8 23 11|55 71 -1 -23|0.4 12|7 -8 0 6 6
6658 聯策|其他電子|-5 16 -1|82 100 48 24|2.3 62|3 -1 0 21 20
6664 群翊|電子零組|13 17 12|100 100 12 27|2.1 128|14 11 0 39 -19
6667 信紘科|其他電子|-21 29 -32|80 86 -10 -14|0.6 80|9 1 0 -16 12
6668 中揚光|光電業|2 29 -1|63 79 -9 -20|0.6 8|11 13 0 -13 -6
6669 緯穎|電腦及週|103 123 -43|72 72 -19 11|1.2 5954|33 -3 -6 23 19
6670 復盛應用|運動休閒|29 6 3|76 94 4 0|1.1 74|26 0 5 3 0
6672 騰輝電子-KY|電子零組|5 15 10|99 99 40 31|2.1 361|21 -1 0 11 5
6679 鈺太|半導體業|-2 -1 7|90 96 38 14|1.2 139|7 2 1 33 -31
6683 雍智科技|半導體業|47 32 4|99 99 262 284|2.1 399|19 -3 4 40 19
6684 安格|半導體業|-40 -10 5|63 63 -17 -25|0.8 6|5 14 0 -12 -37
6689 伊雲谷|數位雲端|-11 -9 -4|76 90 24 2|1.0 61|4 0 0 -13 -2
6690 安碁資訊|數位雲端|13 17 3|85 89 -4 -6|0.8 8|4 11 0 -18 -10
6691 洋基工程|其他電子|37 62 10|84 84 2 29|0.8 323|14 -26 -0 2 68
6693 廣閎科|半導體業|43 40 9|100 100 33 72|1.5 148|16 6 0 68 -38
6695 芯鼎|半導體業|-6 0 -14|71 71 -13 -23|0.7 12|2 12 0 -1 -5
6698 旭暉應材|其他電子|-18 7 -33|75 80 5 -16|0.3 6|1 -23 0 -11 86
6703 軒郁|生技醫療|6 15 19|87 96 8 -0|0.7 14|13 5 0 38 -46
6706 惠特|光電業|-62 -65 -47|82 82 -18 44|1.0 699|8 2 -0 -26 -25
6712 長聖|生技醫療|3 2 -8|76 76 -14 -19|0.5 26|4 1 0 -7 14
6715 嘉基|電子零組|18 16 31|92 92 233 246|0.6 152|5 8 -0 -1 -31
6716 應廣|半導體業|-5 71 61|67 67 40 29|0.3 14|3 2 0 -36 2
6719 力智|半導體業|-1 8 -16|76 76 -16 -23|0.6 40|7 -13 0 -7 41
6720 久昌|半導體業|-44 -31 -8|98 98 43 34|1.1 25|3 8 0 -16 -9
6727 亞泰金屬|電子零組|482 287 206|99 99 82 90|0.7 222|12 4 0 42 -9
6732 昇佳電子|半導體業|-25 -5 0|58 66 -15 -36|0.6 25|5 -1 -0 -7 -4
6733 博晟生醫|生技醫療|1 17 -12|67 72 -13 -18|0.8 6|1 5 0 na na
6739 竹陞科技|其他電子|91 97 5|96 96 66 41|1.3 896|7 2 1 9 -55
6741 91APP*-KY|數位雲端|28 28 14|67 76 -15 -22|0.9 17|44 -62 0 -1 -4
6742 澤米|光電業|-39 -34 -8|60 75 -15 -26|0.4 8|2 16 0 -0 -9
6752 叡揚|資訊服務|4 14 -3|58 81 -11 -19|1.3 6|3 4 0 -6 -34
6753 龍德造船|航運業|-18 -6 -9|63 80 -10 -14|0.4 94|5 7 -4 -6 -8
6756 威鋒電子|半導體業|-14 3 11|56 76 -14 -22|0.7 12|3 7 -0 -5 -6
6757 台灣虎航|航運業|37 16 12|50 65 -23 -36|0.6 66|2 -11 -0 -12 11
6761 穩得|電子零組|-35 -13 -7|87 87 17 8|0.9 296|3 1 0 0 -20
6763 綠界科技*|數位雲端|-3 14 2|71 71 -17 -17|0.5 15|3 10 0 -13 -21
6768 志強-KY|運動休閒|-25 -13 -13|71 71 -20 -15|0.6 46|59 10 -3 -28 -19
6770 力積電|半導體業|12 20 13|71 71 36 138|0.8 13496|12 -4 0 6 111
6776 展碁國際|電子通路|-3 18 3|79 79 19 10|0.3 36|2 2 0 74 -32
6781 AES-KY|電子零組|25 34 -27|67 67 -22 -14|0.9 986|67 -0 0 3 -8
6782 視陽|生技醫療|12 33 10|93 93 14 2|0.9 64|10 10 2 -38 -10
6785 昱展新藥|生技醫療|na na na|56 56 -43 -21|0.4 14|10 -14 0 3 17
6788 華景電|半導體業|9 21 3|91 91 4 41|1.2 772|19 -0 0 6 -25
6789 采鈺|半導體業|7 0 8|85 85 16 7|0.8 1422|4 -4 0 -14 9
6790 永豐實|造紙工業|-8 -4 -1|97 99 5 6|1.4 9|2 10 0 -1 40
6792 詠業|通信網路|2 4 -4|80 87 10 -6|0.7 6|1 3 0 -36 20
6796 晉弘|生技醫療|8 -3 -32|70 70 -27 1|0.6 6|15 14 0 28 -12
6799 來頡|半導體業|-5 4 -1|59 83 -11 -13|0.5 9|9 2 0 -4 -2
6803 崑鼎|綠能環保|-0 4 -7|93 93 -1 1|0.9 19|4 -9 0 -14 16
6805 富世達|電子零組|51 69 7|96 96 21 95|0.6 3099|15 -5 1 -34 1
6806 森崴能源|綠能環保|-50 -63 -103|40 63 -3 -33|0.4 47|2 -1 -0 -8 1
6811 宏碁資訊|數位雲端|-26 9 0|71 76 -9 -24|0.5 15|2 6 0 -14 -23
6823 濾能|半導體業|-40 -2 -40|69 69 -27 -4|0.4 13|25 -6 0 146 19
6829 千附精密|半導體業|17 7 -13|74 94 9 -5|3.7 29|2 1 0 22 -2
6830 汎銓|其他電子|26 24 10|100 100 198 201|1.8 669|5 -3 -0 12 -2
6831 邁科|電腦及週|44 57 na|na na 58 na|1.3 484|12 4 3 na na
6834 天二科技|電子零組|2 9 -1|84 88 11 9|0.3 7|11 -5 0 62 -1
6835 圓裕|電子零組|-13 -8 -4|76 90 -3 -6|1.9 9|6 4 0 2 -42
6840 東研信超|其他電子|-10 16 7|74 74 -0 -7|0.3 8|3 0 0 -39 49
6841 長佳智能|生技醫療|-53 6 3|67 82 -9 -26|0.6 17|4 -4 0 2 25
6854 錼創科技-KY創|半導體業|-68 -44 -9|68 89 8 -10|1.8 156|33 2 0 -16 -10
6859 伯特光|光電業|-59 -20 -39|63 90 -1 4|0.4 10|15 -9 0 -2 -3
6861 睿生光電|生技醫療|44 32 11|74 74 128 107|1.0 100|5 2 0 -12 -12
6862 三集瑞-KY|電子零組|-48 -17 -15|71 71 3 4|0.6 124|66 -0 0 -14 -3
6863 永道-KY|通信網路|2 -7 10|42 63 -21 -35|0.5 8|70 1 0 -13 -5
6869 雲豹能源|綠能環保|69 68 -65|50 71 -7 -25|0.4 81|2 -5 0 -1 5
6870 騰雲|數位雲端|49 42 16|71 71 -29 -11|0.7 11|2 -8 0 19 -12
6873 泓德能源|綠能環保|3 -13 -47|32 61 -17 -32|1.1 63|8 2 0 -10 -19
6874 倍力|資訊服務|89 65 63|96 96 28 19|0.9 6|0 1 0 1150 0
6877 鏵友益|其他電子|-62 -62 -47|93 93 34 20|1.8 67|8 -0 0 -5 -11
6885 全福生技|生技醫療|1759 2590 na|60 74 -16 -24|0.5 6|3 3 0 -1 12
6890 來億-KY|運動休閒|-29 -22 -22|44 58 -34 -21|0.6 134|87 -1 -0 -11 -26
6894 衛司特|綠能環保|55 41 -4|85 85 61 60|1.0 98|4 0 0 45 -3
6895 宏碩系統|半導體業|-18 23 -89|55 65 -3 -29|1.2 11|5 -2 0 -0 2
6901 鑽石投資|其他|-157 -24 -9|45 72 -15 -29|0.5 6|0 -15 0 2 13
6903 巨漢|其他電子|236 334 214|89 89 26 111|0.6 481|3 -4 -0 -3 27
6909 創控|半導體業|-41 -20 -21|na 81 12 -2|1.0 52|9 -3 0 17 90
6913 鴻呈|電子零組|13 25 5|68 72 -8 -21|0.5 21|1 -1 0 -6 20
6914 阜爾運通|其他|10 9 -9|96 96 3 4|1.3 12|2 12 0 -5 0
6919 康霈*|生技醫療|na na na|37 50 -40 -50|2.5 1253|14 -3 -0 na na
6922 宸曜|電腦及週|-4 2 -13|69 77 -11 -24|0.5 6|1 1 0 58 4
6923 中台|綠能環保|-3 -0 25|60 60 -21 -30|0.4 14|2 9 0 -14 -45
6925 意藍|數位雲端|3 11 -2|na 56 -22 -45|0.8 6|5 2 0 35 6
6931 青松健康|生技醫療|6 16 1|72 75 -18 -1|0.3 7|0 0 0 110 -6
6933 AMAX-KY|電腦及週|-23 1 -22|52 55 -15 -32|0.9 12|31 3 0 -10 -0
6937 天虹|半導體業|31 1 -11|84 84 13 -2|0.9 216|2 3 5 -2 -34
6944 兆聯實業|綠能環保|101 75 6|na 97 18 52|0.8 838|15 5 0 28 44
6949 沛爾生醫-創|生技醫療|61 3 -21|82 82 59 40|0.5 103|2 -6 0 12 -14
6951 青新-創|綠能環保|18 26 4|98 98 10 5|0.5 5|2 18 0 -94 43
6953 家碩|半導體業|41 65 46|80 80 -1 2|0.4 10|1 10 0 -9 -28
6957 裕慶-KY|其他|43 9 11|72 72 -20 -9|0.4 10|6 9 0 -21 -11
6962 奕力-KY|半導體業|-27 -11 4|57 72 -16 -23|2.0 72|43 -2 -0 17 7
6994 富威電力|綠能環保|19 202 61|52 72 -22 -23|0.3 60|1 -16 0 26 62
6996 力領科技|半導體業|-2 15 19|85 92 15 9|0.4 11|2 6 0 -19 -4
7402 邑錡|光電業|-22 -29 -29|73 81 -10 -20|0.4 42|10 3 0 -5 -22
7547 碩網|數位雲端|50 20 na|na 95 39 -8|7.1 34|24 0 0 464 na
7556 意德士科技|半導體業|-1 13 -2|89 94 6 1|1.2 10|4 7 0 34 -3
7610 聯友金屬-創|綠能環保|253 301 na|na 96 194 246|0.9 344|16 -6 0 na na
7703 銳澤|其他電子|20 11 -20|74 86 -6 -7|1.9 18|5 2 0 30 10
7709 榮田|電機機械|-6 9 31|94 94 93 89|6.6 10|1 1 0 353 750
7711 永擎|電腦及週|-0 49 na|na na 1 na|0.8 83|1 -0 0 na na
7712 博盛半導體|半導體業|-2 1 4|65 77 26 -23|0.8 109|3 -1 0 31 13
7714 創泓科技|數位雲端|9 8 -41|72 72 -11 -13|0.3 10|1 0 0 -24 17
7717 萊德光電-KY|通信網路|36 40 na|na na 95 na|2.2 114|17 -2 0 na -50
7721 微程式|數位雲端|30 5 na|na 100 52 23|7.7 6|1 3 0 594 71
7722 LINEPAY|數位雲端|16 16 -8|40 51 -45 -49|0.7 72|59 9 -1 19 -19
7728 光焱科技|其他電子|52 51 48|79 79 67 129|1.2 251|4 0 0 8 -16
7730 暉盛-創|半導體業|274 110 na|na na 68 na|1.7 21|2 4 0 na na
7734 印能科技|半導體業|56 67 25|100 100 168 115|2.2 733|3 2 3 -1 -24
7738 東聯互動|數位雲端|31 19 na|na na -0 na|0.4 7|0 -3 0 na 122
7740 熙特爾-創|綠能環保|515 1508 na|na 75 18 -16|0.7 64|5 -5 0 21 198
7744 崴寶|電子零組|27 47 na|na na 49 na|0.4 39|28 -1 0 na -7
7749 意騰-KY|半導體業|75 45 na|na 67 -18 -31|0.8 66|24 -5 -0 8 30
7750 新代|電機機械|3 52 na|na 95 60 52|0.8 423|16 8 -2 na na
7751 竑騰|半導體業|74 72 na|na 93 124 157|0.2 173|4 -3 17 na -62
7765 中華資安|數位雲端|-15 -0 na|na 74 -17 -27|1.9 17|0 -2 -0 na na
7769 鴻勁|半導體業|57 68 na|na na 18 na|0.8 4507|17 -2 4 na 462
7777 能率亞洲|其他|-58 199 na|na na 3 na|0.3 18|0 -3 0 na 23
7780 大研生醫*|食品工業|19 37 na|na 70 14 -16|0.7 52|0 -5 0 na 41
7786 東方風能|綠能環保|0 22 na|na na -16 na|0.4 30|1 -8 0 na na
7788 松川精密|電子零組|14 12 na|na na 5 na|0.7 50|4 3 0 na na
7799 禾榮科|生技醫療|na na na|na 47 -28 -49|0.9 186|4 -7 0 na 146
7805 威聯通|數位雲端|12 15 na|na na 2 na|0.9 63|9 1 0 na na
7810 捷創科技|半導體業|30 43 na|na na -13 na|1.3 60|0 -4 0 na 33
8011 台通|通信網路|-21 5 10|82 82 -10 -9|1.4 34|4 -0 0 -4 19
8016 矽創|半導體業|10 19 8|85 90 7 -11|0.8 106|30 14 -1 -5 1
8021 尖點|其他電子|42 49 20|93 93 46 152|0.9 2836|13 2 -0 5 19
8027 鈦昇|電機機械|63 84 62|100 100 40 76|2.9 401|21 7 0 10 -37
8028 昇陽半導體|半導體業|19 16 -7|87 87 1 -2|1.5 1904|16 4 -1 61 -21
8033 雷虎|其他|-28 17 -5|74 86 -4 -3|0.4 189|4 4 0 -20 52
8034 榮群|通信網路|-36 190 29|81 81 -13 -5|0.3 13|10 -2 0 -4 -15
8038 長園科|電子零組|183 347 -129|63 67 -13 -21|0.2 19|1 -0 0 na na
8039 台虹|電子零組|-5 11 4|87 87 23 78|0.5 1853|17 -1 0 -28 17
8040 九暘|半導體業|-0 3 -0|69 89 1 -13|0.5 7|2 1 0 7 -0
8042 金山電|電子零組|23 32 18|76 76 -6 36|0.5 44|8 2 0 -2 -22
8043 蜜望實|電子零組|26 38 17|68 68 -23 92|0.2 77|5 1 0 -11 -16
8044 網家|數位雲端|-4 5 4|52 64 -22 -28|0.6 12|8 -3 0 -3 12
8045 達運光電|通信網路|11 48 37|55 81 -5 -19|0.7 14|1 4 0 -1 -15
8046 南電|電子零組|13 35 9|99 99 140 151|1.6 10221|12 -2 5 -17 39
8047 星雲|其他電子|-5 -6 -5|90 90 -10 204|1.3 14|1 4 0 0 na
8048 德勝|通信網路|-11 -3 -14|76 76 -6 17|0.5 43|11 2 0 -8 -23
8050 廣積|電腦及週|-41 -18 -16|60 79 -6 -20|0.9 12|3 1 -0 5 10
8054 安國|半導體業|155 304 200|61 61 -33 -2|0.6 145|12 5 -0 -11 -20
8059 凱碩|通信網路|604 729 -2534|44 63 -7 -36|0.5 6|1 -1 0 na na
8064 東捷|光電業|29 76 56|86 86 54 50|1.3 582|26 7 0 39 -33
8068 全達|電子通路|76 71 44|71 72 3 -3|0.2 6|9 5 0 -2 -6
8069 元太|光電業|1 0 -15|49 60 -23 -39|0.8 1037|39 -16 -0 6 35
8070 長華*|電子通路|7 16 3|88 88 4 8|0.6 106|8 10 -6 6 3
8074 鉅橡|電子零組|-0 14 9|77 77 21 92|0.1 135|3 1 0 -27 -0
8076 伍豐|電腦及週|112 44 36|81 89 1 -5|0.7 25|7 11 0 -3 -27
8081 致新|半導體業|-14 1 -2|93 93 10 -1|0.6 85|23 -14 -0 -25 28
8083 瑞穎|電機機械|1 23 15|91 91 5 9|0.6 11|3 -9 0 -32 -7
8085 福華|其他電子|-1 21 7|50 71 -8 -28|0.8 7|3 -13 0 -19 -7
8086 宏捷科|半導體業|43 66 47|90 90 7 5|0.9 751|27 4 0 -5 -11
8088 品安|半導體業|32 109 39|70 70 18 39|0.3 171|13 -2 0 8 -15
8091 翔名|半導體業|14 25 14|100 100 41 39|1.3 39|14 13 -0 52 2
8096 擎亞|電子通路|-43 -25 -24|99 99 84 113|1.4 2248|37 0 0 28 -24
8097 常珵|通信網路|-44 -1 -232|69 82 -10 -16|0.3 7|2 8 0 -3 -21
8103 瀚荃|電子零組|-3 16 9|74 74 -4 37|0.3 97|22 -3 -1 -22 2
8104 錸寶|光電業|-54 -33 -82|73 78 3 -13|0.4 25|1 2 0 12 -7
8105 凌巨|光電業|-11 -1 -1|86 86 14 -7|0.2 21|39 13 0 -3 -38
8109 博大|電子零組|-6 33 13|96 96 10 10|1.3 15|5 -6 0 -27 -15
8110 華東|半導體業|7 10 14|58 58 -9 201|0.3 750|3 -0 -0 11 1
8111 立碁|光電業|-9 2 -3|78 78 -22 15|0.3 115|8 1 0 -7 -26
8112 至上|電子通路|137 81 62|81 81 3 73|0.3 1376|27 10 1 -24 -51
8114 振樺電|電腦及週|-37 -35 -60|54 74 -3 -26|0.4 83|13 -7 -0 -11 -6
8121 越峰|電子零組|-5 24 21|69 69 -16 -16|0.4 7|2 2 0 na na
8131 福懋科|半導體業|24 34 15|72 72 8 99|0.5 289|3 -3 -0 -14 7
8147 正淩|電子零組|22 49 12|90 90 24 14|0.6 46|16 6 0 9 9
8150 南茂|半導體業|22 26 16|77 77 21 85|0.2 592|44 1 0 -10 -22
8155 博智|電子零組|28 41 5|89 89 38 62|0.4 312|22 7 -1 -9 -25
8162 微矽電子-創|半導體業|-20 -6 -23|82 88 13 -11|0.5 5|1 5 0 -13 6
8163 達方|電腦及週|12 4 -12|67 69 -11 -27|0.8 18|6 -11 -0 -1 -3
8183 精星|其他電子|6 5 2|80 80 -2 7|0.5 13|4 5 0 6 -6
8210 勤誠|電腦及週|50 85 24|83 83 -7 52|0.9 2398|13 -3 -5 26 37
8213 志超|電子零組|-8 19 14|87 87 3 -7|0.8 30|20 -19 -0 12 31
8215 明基材|光電業|-14 -1 1|87 90 27 -4|0.9 54|1 -1 0 98 24
8222 寶一|電機機械|-5 16 2|53 70 -14 -28|0.4 11|2 11 0 -5 -14
8227 巨有科技|半導體業|82 107 -20|58 63 -20 -26|0.6 33|7 6 0 -2 4
8234 新漢|電腦及週|-33 -25 -23|53 71 -17 -33|0.5 33|6 8 0 -5 -4
8240 華宏|光電業|-27 -16 -6|94 94 65 46|0.4 53|9 3 0 -1 -16
8249 菱光|電子零組|-39 -2 15|75 75 -6 -20|0.3 34|1 3 0 -6 -7
8255 朋程|電機機械|-11 -2 -5|77 79 1 -15|1.5 47|10 5 0 0 -10
8261 富鼎|半導體業|-3 5 -1|87 87 9 7|0.5 302|5 3 -0 32 -7
8271 宇瞻|半導體業|194 154 76|69 69 43 110|0.1 511|21 14 -0 -36 -66
8289 泰藝|電子零組|-13 2 -12|91 91 83 65|2.9 45|2 -0 0 26 25
8299 群聯|半導體業|169 150 91|69 69 28 148|1.0 11051|48 2 -3 -18 -30
8341 日友|綠能環保|13 12 3|83 83 -2 -2|0.3 12|4 -1 0 -23 5
8349 恒耀國際|鋼鐵工業|-6 -9 2|77 87 -7 -13|1.1 8|1 -6 0 8 14
8358 金居|電子零組|51 39 17|81 81 -7 3|1.8 2056|24 2 -8 -2 6
8374 羅昇|電機機械|4 12 -15|57 69 -15 -33|0.2 15|2 6 0 -18 -7
8383 千附|半導體業|4 17 2|77 96 9 5|2.4 27|12 16 0 -22 -21
8390 金益鼎|綠能環保|55 37 34|85 85 3 33|0.3 78|16 3 0 -21 -10
8404 百和興業-KY|其他|-24 7 2|66 66 -23 -29|0.8 11|53 2 0 -4 -17
8415 大國鋼|鋼鐵工業|12 10 6|92 98 1 1|3.2 10|10 -17 -0 20 37
8422 可寧衛*|綠能環保|-43 -33 -17|56 56 19 50|0.1 327|6 -4 -1 -9 -3
8431 匯鑽科|其他電子|2 4 1|75 75 -15 44|0.3 114|10 -0 0 -11 -16
8436 大江|生技醫療|-3 9 11|80 80 15 11|0.6 58|15 -11 -0 12 12
8438 昶昕|綠能環保|29 37 20|91 91 132 120|1.0 128|1 -1 -0 23 23
8446 華研|文化創意|-17 -14 5|90 98 2 -0|1.5 14|6 7 0 -18 -5
8454 富邦媒|數位雲端|-2 -2 1|51 70 -15 -28|0.6 80|13 16 0 -15 -1
8462 柏文|運動休閒|8 20 2|83 83 -3 -13|0.8 27|4 2 -0 5 17
8464 億豐|居家生活|-2 -4 -3|72 83 -4 -17|1.0 411|41 -12 -6 40 -16
8473 山林水|綠能環保|-3 24 -41|89 89 6 5|0.6 26|2 9 0 6 -8
8476 台境*|綠能環保|43 112 98|74 77 4 -1|0.2 11|1 -2 0 26 19
8478 東哥遊艇|運動休閒|151 334 5|68 71 -23 -30|0.7 22|40 3 -2 6 -2
8489 三貝德|其他|41 55 39|50 54 -37 -35|0.7 10|4 -3 0 -1 9
8499 鼎炫-KY|其他電子|80 82 30|65 65 -35 6|0.5 37|72 8 -0 -4 -1
8908 欣雄|油電燃氣|-25 -15 -39|86 86 -6 2|0.4 11|0 -1 0 216 92
8917 欣泰|油電燃氣|-13 1 -10|76 76 -10 -16|0.9 6|1 -1 0 700 364
8924 大田|運動休閒|-21 24 16|89 89 -7 -4|0.5 5|3 -15 0 11 4
8926 台汽電|油電燃氣|300 441 343|87 87 6 -7|1.2 76|9 -8 -0 -1 15
8927 北基|油電燃氣|6 17 12|51 61 1 -39|0.5 15|3 -6 0 -4 11
8932 智通*|數位雲端|15 19 -29|35 37 -52 -62|0.7 183|28 -19 0 127 na
8935 邦泰|其他|-55 -19 -11|63 78 -2 -27|0.9 7|1 -0 0 na na
8936 國統|其他|25 19 -7|73 73 -9 3|1.4 138|10 -18 0 11 100
8938 明安|運動休閒|-16 -5 -9|87 90 -2 11|1.6 22|8 -11 0 2 13
8942 森鉅|其他|-68 -71 -36|65 91 -0 -6|0.7 9|14 -3 0 15 14
8996 高力|電機機械|206 232 126|96 96 65 181|1.1 3259|33 -3 1 5 40
9802 鈺齊-KY|運動休閒|8 0 -17|62 70 -23 -20|0.9 84|42 6 -5 -27 0
9904 寶成|運動休閒|15 -3 3|83 90 -5 -1|0.7 210|43 -15 -2 -9 79
9906 欣巴巴|建材營造|351 331 313|41 71 -22 -31|1.0 11|1 -2 0 -10 -18
9907 統一實|其他|-24 -8 -6|93 93 1 6|0.9 53|18 -22 -3 7 35
9908 大台北|油電燃氣|-7 -3 -4|87 87 -0 -1|0.4 50|1 -0 0 64 194
9910 豐泰|運動休閒|-12 -5 1|61 61 -28 -30|0.4 177|10 -26 -0 34 33
9911 櫻花|居家生活|1 9 3|97 97 8 4|2.5 41|18 -4 -0 4 29
9914 美利達|運動休閒|-22 -26 -7|39 60 -21 -38|0.9 107|23 -13 0 21 65
9917 中保科|其他|-2 1 -4|95 100 8 3|1.0 89|40 24 -8 -51 -29
9918 欣天然|油電燃氣|-16 -10 -11|76 76 17 18|1.5 70|2 -1 0 -16 359
9919 康那香|其他|-1 -8 -1|75 80 -6 -10|0.5 6|4 4 0 -5 4
9921 巨大|運動休閒|-40 -25 -4|46 66 -23 -28|0.6 141|27 6 -0 4 22
9925 新保|其他|4 10 5|99 99 0 0|0.8 8|18 4 0 300 2
9926 新海|油電燃氣|-7 -1 -6|87 87 0 -1|0.5 14|0 -2 0 116 311
9927 泰銘|其他|-21 3 9|73 91 -0 -7|1.1 7|7 -14 0 34 24
9931 欣高|油電燃氣|8 12 14|72 72 8 8|1.6 42|1 -1 0 130 573
9933 中鼎|其他|-35 -18 6|87 90 14 10|1.8 255|15 24 -0 62 -66
9937 全國|油電燃氣|-13 -10 -2|86 90 -0 -8|0.6 8|2 -10 0 46 99
9938 百和|其他|-27 0 2|72 77 -9 -14|0.7 59|16 -24 -10 -13 56
9939 宏全|其他|-16 -7 -6|75 88 -3 -9|0.6 151|13 -15 -2 14 13
9940 信義|其他|7 103 92|72 83 -12 -17|0.9 10|4 -13 -1 -3 -6
9941 裕融|其他|0 -1 2|69 75 -15 -25|1.1 131|7 30 -27 -14 -61
9942 茂順|其他|-8 14 8|95 95 7 6|0.5 8|4 -2 0 -37 2
9945 潤泰新|其他|-0 47 22|69 84 -16 -14|0.6 165|9 -16 -0 -0 100
9946 三發地產|建材營造|34245 20852 15695|76 90 -8 -5|1.1 7|3 24 0 -10 -13
9955 佳龍|綠能環保|96 84 36|77 77 1 3|0.1 23|6 6 0 -17 -7
9958 世紀鋼|鋼鐵工業|24 7 -8|47 64 -19 -35|0.9 132|13 8 -0 -9 -22
