# 2023-08-01 全池(1185 檔)。欄位:代碼 名稱|產業|最新月YoY 3月YoY均 加速度|距52週高% 距120日高% 60日漲% 120日漲%|量能比 日均值M
1101 台泥|水泥工業|-4 10 -4|95 95 -3 3|0.7 653
1102 亞泥|水泥工業|-14 -14 -9|94 94 -5 -1|1.3 289
1103 嘉泥|水泥工業|51 41 18|93 93 8 19|0.5 14
1104 環泥|水泥工業|5 10 -9|98 98 7 33|0.7 63
1108 幸福|水泥工業|33 32 -1|100 100 7 57|1.7 17
1110 東泥|水泥工業|58 96 57|99 99 8 12|0.9 8
1201 味全|食品工業|3 7 4|95 95 -1 4|1.1 10
1210 大成|食品工業|-6 2 -7|100 100 21 39|2.1 288
1215 卜蜂|食品工業|4 8 -1|95 95 -5 19|0.5 63
1216 統一|食品工業|6 5 -4|97 97 4 13|1.0 539
1217 愛之味|食品工業|4 7 2|100 100 28 37|2.6 64
1218 泰山|食品工業|8 -2 -6|58 83 -9 -12|0.4 48
1219 福壽|食品工業|-1 -5 -10|94 94 -1 8|0.5 18
1225 福懋油|食品工業|-14 -8 -18|90 90 -6 -1|0.3 7
1227 佳格|食品工業|13 6 13|96 96 0 -2|0.5 32
1229 聯華|食品工業|-19 -5 -5|98 98 13 31|1.5 123
1231 聯華食|食品工業|-0 -1 -12|99 99 7 24|0.8 31
1232 大統益|食品工業|-8 -5 -18|94 99 0 4|0.6 5
1234 黑松|食品工業|10 15 -3|99 99 14 26|0.5 11
1268 漢來美食|觀光餐旅|92 113 16|93 93 18 32|0.8 36
1301 台塑|塑膠工業|-34 -34 -7|93 93 -6 -1|0.7 737
1303 南亞|塑膠工業|-38 -33 -2|91 91 -5 -2|0.7 410
1304 台聚|塑膠工業|-35 -29 -8|90 90 -0 0|1.6 48
1305 華夏|塑膠工業|-32 -31 -2|85 87 3 -12|3.4 65
1307 三芳|塑膠工業|-15 -15 -36|92 92 9 17|0.4 11
1308 亞聚|塑膠工業|-39 -27 -14|90 90 3 -8|1.6 24
1309 台達化|塑膠工業|-41 -29 -6|83 89 4 -11|1.5 12
1310 台苯|塑膠工業|-44 -39 -15|95 95 -0 18|0.8 17
1312 國喬|塑膠工業|-40 -29 -6|90 90 -3 -4|1.2 35
1313 聯成|塑膠工業|-18 -13 7|100 100 20 16|3.2 53
1316 上曜|建材營造|-88 -79 -110|67 84 -14 -4|1.1 13
1319 東陽|汽車工業|-1 3 -9|100 100 26 40|2.6 249
1326 台化|塑膠工業|-31 -30 -17|89 94 -2 -6|0.8 192
1336 台翰|電子零組|-11 -8 -25|78 78 -11 -18|0.5 5
1338 廣華-KY|汽車工業|-33 -14 -1|68 84 -10 -12|1.2 7
1342 八貫|其他|5 -2 -11|71 71 -16 -4|1.7 75
1402 遠東新|紡織纖維|-9 -9 -9|92 92 -4 -4|0.9 214
1409 新纖|紡織纖維|-12 -20 -5|92 92 -2 -5|0.6 22
1417 嘉裕|紡織纖維|-10 20 1|85 93 -3 -5|0.7 7
1432 大魯閣|運動休閒|42 44 -14|78 78 15 27|0.2 8
1434 福懋|紡織纖維|-21 -22 -15|97 97 -3 1|1.4 55
1440 南紡|紡織纖維|-11 -10 -12|84 88 -6 -9|1.0 16
1442 名軒|建材營造|-17 23 -406|98 99 17 18|3.1 27
1444 力麗|紡織纖維|-41 -39 -21|92 97 3 5|0.4 23
1446 宏和|紡織纖維|-14 -0 -14|98 98 25 17|0.7 6
1449 佳和|紡織纖維|-3 -11 -3|77 77 21 18|0.3 5
1467 南緯|紡織纖維|-35 -31 -5|96 99 6 8|1.4 46
1471 首利|電子零組|-26 -5 5|79 79 55 84|1.2 114
1476 儒鴻|紡織纖維|-34 -30 -18|97 97 14 14|1.0 323
1477 聚陽|紡織纖維|7 -2 -4|98 98 36 52|0.9 1204
1503 士電|電機機械|-16 2 -10|88 88 29 122|0.4 1227
1504 東元|電機機械|1 4 -4|90 90 20 90|1.5 1217
1513 中興電|電機機械|9 13 1|81 81 8 46|0.8 2713
1514 亞力|電機機械|9 17 -12|89 89 25 85|0.4 736
1515 力山|電機機械|29 8 60|92 92 19 15|0.4 37
1517 利奇|電機機械|-76 -66 -36|67 81 -11 -18|0.9 6
1519 華城|電機機械|50 57 49|90 90 120 289|0.3 330
1522 堤維西|汽車工業|-9 -4 -10|92 92 18 23|0.9 118
1524 耿鼎|汽車工業|-3 -2 -14|78 84 -6 -11|0.4 30
1525 江申|汽車工業|-2 19 -21|78 78 38 62|0.2 43
1527 鑽全|電機機械|-40 -45 -13|91 91 -1 -2|0.9 9
1528 恩德|電機機械|-18 -8 -11|78 78 12 37|0.4 73
1529 樂事綠能|電機機械|15 214 72|83 83 0 72|0.4 200
1532 勤美|電機機械|148 47 65|99 99 17 30|1.8 34
1533 車王電|汽車工業|-3 48 19|89 89 8 19|0.3 68
1535 中宇|電機機械|14 21 13|99 99 17 44|1.0 21
1536 和大|汽車工業|-25 -7 -14|72 90 -3 -7|0.6 48
1537 廣隆|電機機械|-24 -21 -66|100 100 2 3|1.1 13
1539 巨庭|電機機械|-47 -39 11|58 83 -3 -5|0.5 6
1540 喬福|電機機械|63 31 -54|87 87 7 14|0.4 10
1558 伸興|電機機械|-18 2 -9|85 89 -1 -7|0.9 9
1560 中砂|電機機械|-22 -15 -15|83 90 27 16|1.7 878
1565 精華|生技醫療|-31 -11 1|80 80 -12 -16|0.6 46
1568 倉佑|汽車工業|-10 -3 11|84 92 12 6|0.4 9
1569 濱川|電腦及週|-38 -31 -4|89 97 4 7|1.7 5
1580 新麥|電機機械|7 14 15|97 97 31 49|0.7 27
1582 信錦|電子零組|-32 -22 2|88 96 1 -1|1.2 9
1584 精剛|其他|34 56 -6|81 81 -12 46|0.3 153
1589 永冠-KY|電機機械|-32 3 -12|68 68 -30 -18|0.6 74
1590 亞德客-KY|電機機械|10 11 6|78 78 -10 -9|1.7 544
1591 駿吉-KY|電機機械|-96 -96 na|96 96 48 107|1.5 83
1597 直得|電機機械|-54 -34 -12|80 80 -11 -8|0.6 6
1598 岱宇|運動休閒|-2 10 23|73 73 -10 -14|0.4 14
1603 華電|電器電纜|13 26 -18|93 93 34 35|1.1 82
1604 聲寶|電器電纜|4 1 5|84 84 5 10|0.4 25
1605 華新|電器電纜|-0 -2 -6|72 72 -16 -22|0.5 896
1608 華榮|電器電纜|-24 -18 -8|88 88 29 36|0.4 75
1609 大亞|電器電纜|-6 -10 -2|95 95 23 60|0.4 1279
1611 中電|電器電纜|-18 -21 -6|85 85 1 26|0.3 52
1612 宏泰|電器電纜|20 3 3|95 95 34 41|1.5 84
1616 億泰|電器電纜|19 17 6|93 93 11 38|0.7 7
1618 合機|電器電纜|253 134 68|93 93 49 85|2.3 325
1701 中化|生技醫療|3 2 -7|68 89 -8 -8|0.5 29
1702 南僑|食品工業|6 11 4|97 97 1 10|1.8 17
1707 葡萄王|生技醫療|7 -2 -7|97 97 1 9|2.1 50
1708 東鹼|化學工業|-38 -27 -43|71 82 -10 -12|0.7 49
1709 和益|化學工業|-4 -5 -7|93 93 -5 9|0.8 17
1710 東聯|化學工業|3 -3 15|95 95 4 19|1.2 60
1711 永光|化學工業|-15 -18 -5|94 94 -1 11|0.5 68
1712 興農|化學工業|-31 -25 -25|86 91 -1 1|0.8 20
1717 長興|化學工業|-17 -18 -3|90 90 -4 -2|0.8 34
1720 生達|生技醫療|-9 3 -21|83 83 -14 13|0.5 60
1721 三晃|化學工業|-39 -41 -24|80 80 -13 -7|0.3 12
1722 台肥|化學工業|198 64 53|99 99 9 14|0.9 104
1723 中碳|化學工業|-31 -30 -28|97 97 1 6|0.8 41
1727 中華化|化學工業|-26 -24 -14|79 79 -17 29|0.6 52
1731 美吾華|生技醫療|-11 11 11|87 87 0 14|0.4 9
1733 五鼎|生技醫療|-31 -31 -22|93 93 -1 10|0.4 8
1734 杏輝|生技醫療|-7 2 -13|88 88 1 8|0.5 44
1736 喬山|運動休閒|44 31 17|94 99 21 10|1.2 133
1737 臺鹽|食品工業|2 -1 8|97 97 3 6|0.9 12
1752 南光|生技醫療|2 11 -15|78 78 -19 9|0.6 60
1760 寶齡富錦|生技醫療|-48 -42 -33|60 60 -32 -34|1.0 156
1762 中化生|生技醫療|-45 1 -21|73 73 -24 20|0.4 103
1773 勝一|化學工業|-24 -23 -6|92 98 11 4|1.1 28
1783 和康生|生技醫療|0 13 -4|90 90 -10 22|2.0 77
1784 訊聯|生技醫療|33 22 7|93 93 -1 54|0.7 61
1785 光洋科|其他電子|-25 -15 13|96 96 8 10|1.1 105
1786 科妍|生技醫療|26 41 8|91 91 18 46|1.1 88
1789 神隆|生技醫療|28 0 -14|97 97 18 24|1.0 95
1795 美時|生技醫療|6 53 6|86 86 5 20|0.6 2565
1796 金穎生技|食品工業|43 51 21|64 64 -27 36|0.2 10
1802 台玻|玻璃陶瓷|1 2 15|85 91 11 -8|3.6 102
1806 冠軍|玻璃陶瓷|-9 -1 12|87 87 10 10|0.2 13
1808 潤隆|建材營造|1479 1910 1360|96 96 10 14|0.8 27
1809 中釉|玻璃陶瓷|-13 -10 -15|93 93 1 9|1.1 25
1810 和成|玻璃陶瓷|-10 -2 8|76 76 -20 13|0.3 45
1815 富喬|電子零組|-38 -39 -18|98 98 30 24|4.8 33
1903 士紙|造紙工業|-5 14 20|89 89 51 37|4.7 38
1904 正隆|造紙工業|-4 -10 -1|97 97 6 21|2.1 120
1905 華紙|造紙工業|-26 -18 -20|97 97 25 84|2.5 510
1907 永豐餘|造紙工業|-15 -9 -3|94 94 20 45|1.5 222
1909 榮成|造紙工業|-19 -9 6|90 90 -1 -8|1.8 33
2002 中鋼|鋼鐵工業|-32 -29 -6|91 91 0 -9|1.5 598
2006 東和鋼鐵|鋼鐵工業|-1 -2 4|96 96 2 8|1.4 69
2007 燁興|鋼鐵工業|-41 -40 -13|80 80 -4 -18|1.5 5
2009 第一銅|鋼鐵工業|1 -19 2|94 94 4 -4|3.7 28
2010 春源|鋼鐵工業|-22 -18 1|97 97 14 11|1.0 18
2014 中鴻|鋼鐵工業|-40 -39 -1|84 84 2 -12|1.2 139
2015 豐興|鋼鐵工業|-18 -17 -3|96 96 3 5|0.8 10
2017 官田鋼|鋼鐵工業|-1 -20 -0|86 86 -1 10|0.5 13
2020 美亞|鋼鐵工業|91 26 21|100 100 21 17|2.2 22
2023 燁輝|鋼鐵工業|-14 -19 3|89 89 2 -11|1.0 36
2027 大成鋼|鋼鐵工業|-13 -18 -14|99 99 10 10|3.0 396
2028 威致|鋼鐵工業|-4 -16 -1|80 84 -4 -19|0.9 6
2029 盛餘|鋼鐵工業|-18 -20 10|97 97 2 -0|0.8 8
2030 彰源|鋼鐵工業|-27 -23 -4|85 91 -1 -10|0.7 19
2031 新光鋼|鋼鐵工業|-6 -6 -10|95 95 9 8|1.4 81
2034 允強|鋼鐵工業|-26 -23 -5|93 93 -1 -5|0.9 20
2038 海光|鋼鐵工業|-35 -17 -12|83 85 -2 -16|1.5 8
2049 上銀|電機機械|-19 -20 -6|84 84 -5 -4|1.1 307
2059 川湖|電子零組|-38 -32 -24|87 87 119 115|1.8 1882
2066 世德|電機機械|1 -3 -21|89 89 2 19|0.8 54
2101 南港|橡膠工業|1 -8 3|92 92 -3 13|0.5 24
2102 泰豐|橡膠工業|-87 -70 -62|80 80 -15 -15|0.6 6
2103 台橡|橡膠工業|-16 -14 -11|87 87 -4 -8|0.5 19
2104 國際中橡|橡膠工業|-37 -30 -25|92 92 4 3|1.0 41
2105 正新|橡膠工業|-8 3 2|92 92 2 13|0.6 194
2106 建大|橡膠工業|-23 -16 -13|84 97 -1 1|0.7 22
2107 厚生|橡膠工業|76 -7 20|98 98 3 1|0.9 8
2108 南帝|橡膠工業|-29 -34 7|82 82 -7 -7|0.6 14
2201 裕隆|汽車工業|-1 11 7|90 90 6 4|0.7 978
2204 中華|汽車工業|50 32 14|94 94 23 58|0.5 376
2206 三陽工業|汽車工業|27 40 6|82 82 36 127|0.4 834
2207 和泰車|汽車工業|12 27 11|89 89 16 18|0.5 146
2208 台船|航運業|56 45 16|84 84 -4 17|0.5 72
2211 長榮鋼|鋼鐵工業|10 4 27|97 97 10 25|0.8 128
2228 劍麟|汽車工業|23 21 0|92 92 22 28|0.8 91
2230 泰茂|居家生活|7 16 10|74 74 18 94|0.6 51
2231 為升|汽車工業|11 27 9|79 79 -13 -2|0.6 66
2233 宇隆|汽車工業|-4 -7 -3|91 91 -3 7|1.3 17
2236 百達-KY|汽車工業|15 21 4|90 90 57 90|0.7 36
2239 英利-KY|汽車工業|-2 68 28|84 84 -4 8|0.4 10
2241 艾姆勒|汽車工業|43 21 50|100 100 24 32|2.6 20
2247 汎德永業|汽車工業|24 21 0|92 92 15 53|0.3 69
2301 光寶科|電腦及週|-12 -13 -8|97 97 102 140|2.8 11793
2302 麗正|半導體業|-14 1 -8|82 82 -5 11|0.4 14
2303 聯電|半導體業|-23 -22 -25|92 92 2 0|0.9 2329
2305 全友|電腦及週|-16 34 21|60 77 -4 -20|0.3 8
2308 台達電|電子零組|8 12 -9|100 100 26 29|1.2 2888
2312 金寶|其他電子|-12 -6 -22|95 95 30 25|2.0 497
2313 華通|電子零組|-25 -15 -13|89 93 4 2|0.8 471
2314 台揚|通信網路|2 1 -24|86 87 -7 3|0.6 40
2316 楠梓電|電子零組|-33 -30 -2|97 97 66 68|1.9 140
2317 鴻海|其他電子|-20 -14 -18|99 99 10 16|0.7 3482
2323 中環|光電業|-4 -5 9|86 86 62 61|0.5 410
2324 仁寶|電腦及週|-33 2 18|88 88 25 38|0.7 1168
2327 國巨*|電子零組|-18 -15 -12|82 82 -7 -13|1.0 1129
2328 廣宇|電子零組|10 0 -0|91 91 10 5|0.6 280
2329 華泰|半導體業|2 -7 2|95 95 142 136|4.2 1567
2330 台積電|半導體業|-11 -10 -32|96 96 14 6|0.7 11029
2331 精英|電腦及週|-40 -40 -8|87 87 12 37|0.4 181
2332 友訊|通信網路|-6 0 -6|88 88 13 29|0.4 120
2337 旺宏|半導體業|-45 -34 -1|90 90 3 -10|0.9 206
2338 光罩|半導體業|-10 -9 -16|79 79 -4 -16|1.4 211
2340 台亞|半導體業|-21 -24 10|94 94 53 41|1.2 1018
2342 茂矽|半導體業|-32 -35 -20|84 84 -1 -4|0.6 34
2344 華邦電|半導體業|-22 -29 -3|100 100 19 24|1.4 705
2345 智邦|通信網路|6 8 -18|97 97 37 54|1.1 1176
2347 聯強|電子通路|-9 -8 -3|95 95 0 2|0.8 199
2348 海悅|其他|68 17 32|88 96 4 2|0.6 6
2351 順德|半導體業|-5 -8 -5|77 77 -12 -14|0.8 194
2352 佳世達|電腦及週|-20 -17 -7|84 84 47 75|1.1 1138
2353 宏碁|電腦及週|-15 -20 6|86 86 28 45|0.8 1164
2354 鴻準|其他電子|8 -13 -2|94 94 7 2|1.7 202
2355 敬鵬|電子零組|-18 -7 0|95 95 9 14|2.2 94
2356 英業達|電腦及週|-8 -3 2|89 89 106 160|0.5 3579
2357 華碩|電腦及週|-13 -8 2|96 96 35 40|3.4 845
2359 所羅門|其他電子|-17 -23 -19|90 90 18 50|2.4 440
2360 致茂|其他電子|-15 -10 -32|98 98 53 52|1.3 976
2362 藍天|電腦及週|-25 82 78|93 93 15 12|0.7 37
2363 矽統|半導體業|-46 -37 -10|100 100 24 17|5.6 57
2364 倫飛|電腦及週|-10 17 -3|57 75 -17 -22|0.5 13
2365 昆盈|電腦及週|-36 -26 2|94 94 9 12|0.7 9
2367 燿華|電子零組|-10 -7 -22|74 91 -2 -5|0.8 49
2368 金像電|電子零組|-21 -17 -19|88 88 68 83|0.8 2647
2369 菱生|半導體業|-4 -12 16|94 94 32 24|3.5 64
2371 大同|電機機械|105 94 43|88 88 49 45|0.6 1911
2373 震旦行|其他電子|-32 21 16|94 99 0 3|0.5 6
2374 佳能|光電業|-31 -25 -29|77 90 -3 -6|0.8 24
2375 凱美|電子零組|-27 -20 5|79 79 -9 -1|0.7 19
2376 技嘉|電腦及週|18 17 22|90 90 133 170|1.1 9181
2377 微星|電腦及週|-13 -14 6|90 90 34 43|1.3 1048
2379 瑞昱|半導體業|-7 -14 3|100 100 18 25|1.4 966
2380 虹光|電腦及週|-19 -18 -13|73 92 3 -7|0.7 10
2382 廣達|電腦及週|-27 -5 -12|90 90 165 232|1.8 22566
2383 台光電|電子零組|-6 -8 5|97 97 137 116|1.7 3245
2385 群光|電子零組|-16 -11 -4|97 97 15 28|1.9 232
2387 精元|電腦及週|-12 24 21|97 97 1 17|0.6 47
2388 威盛|半導體業|75 39 16|80 80 63 58|0.7 1133
2390 云辰|其他電子|25 18 7|79 96 4 -1|1.0 8
2392 正崴|電子零組|-22 -21 -24|93 93 -2 3|1.6 111
2393 億光|光電業|-19 -13 8|94 94 28 35|1.0 112
2395 研華|電腦及週|-12 3 -7|97 97 17 26|0.9 456
2397 友通|電腦及週|-0 -2 -4|91 91 19 33|0.6 16
2399 映泰|電腦及週|1 10 20|89 89 63 70|0.6 220
2401 凌陽|半導體業|-23 -28 9|98 98 28 24|2.0 178
2402 毅嘉|電子零組|22 23 -1|98 98 33 98|1.1 444
2404 漢唐|其他電子|27 88 -44|100 100 7 13|1.1 322
2405 輔信|電腦及週|-25 -20 -7|91 91 23 27|3.3 140
2406 國碩|光電業|-69 -57 -22|73 80 -12 -16|0.7 21
2408 南亞科|半導體業|-53 -61 1|93 93 10 22|1.2 655
2409 友達|光電業|11 1 33|98 98 21 25|2.7 843
2412 中華電|通信網路|7 2 -1|95 95 -4 8|0.6 742
2413 環科|電子零組|4 -4 -35|79 79 -12 14|0.7 56
2414 精技|電子通路|-14 -0 -4|100 100 7 17|1.0 7
2415 錩新|電子零組|16 -11 -5|87 87 14 15|1.0 19
2417 圓剛|電腦及週|-25 -22 -4|83 83 -7 -10|0.4 5
2419 仲琦|通信網路|-43 0 -31|84 84 71 70|1.2 1228
2420 新巨|電子零組|-22 -27 -14|98 98 15 25|3.4 38
2421 建準|電子零組|-29 -1 -4|90 90 116 206|0.9 2629
2423 固緯|其他電子|-19 9 2|90 90 3 28|0.5 13
2425 承啟|電腦及週|-16 -9 5|91 91 85 80|1.8 511
2426 鼎元|光電業|-3 -11 14|93 93 9 12|5.0 14
2427 三商電|資訊服務|-43 -23 -20|84 84 81 124|0.6 178
2428 興勤|電子零組|-6 -4 -2|100 100 12 17|1.9 79
2430 燦坤|電子通路|-8 -14 -4|91 91 2 1|1.1 5
2436 偉詮電|半導體業|22 7 33|96 96 27 25|0.9 308
2438 翔耀|光電業|-41 -43 10|84 84 -10 59|1.8 6
2439 美律|通信網路|-13 6 -6|92 92 6 10|0.7 65
2441 超豐|半導體業|-24 -25 9|98 98 14 14|1.5 79
2442 新美齊|建材營造|214 241 194|91 91 13 38|0.3 15
2444 兆勁|通信網路|32 3 -3|65 74 -16 -28|1.0 10
2449 京元電子|半導體業|-13 -18 -8|94 94 40 65|1.0 1232
2450 神腦|通信網路|5 1 2|99 99 6 19|0.6 5
2451 創見|半導體業|-13 -18 2|96 96 8 13|0.5 39
2453 凌群|資訊服務|2 15 10|82 82 -3 151|1.5 211
2454 聯發科|半導體業|-25 -37 -17|100 100 17 6|1.4 3634
2455 全新|通信網路|-15 -19 21|95 95 30 47|1.7 742
2457 飛宏|電子零組|-18 -4 -8|78 78 -7 64|0.4 1021
2458 義隆|半導體業|-31 -26 14|97 97 20 10|1.5 337
2459 敦吉|其他電子|-9 -5 -14|99 99 8 15|1.1 6
2460 建通|電子零組|-26 -30 6|91 91 2 29|0.4 20
2461 光群雷|其他電子|-6 -17 -9|99 99 23 47|1.5 86
2462 良得電|電子零組|-40 -32 -15|91 91 1 12|2.1 38
2464 盟立|其他電子|-27 -25 -20|99 99 7 5|2.9 17
2465 麗臺|電腦及週|-24 -25 11|82 85 0 -16|1.0 21
2467 志聖|電子零組|-48 -45 -29|95 95 11 17|1.7 11
2468 華經|資訊服務|-12 47 29|70 70 17 2|0.8 74
2471 資通|資訊服務|6 3 6|85 85 -12 103|1.6 51
2472 立隆電|電子零組|-17 -20 -7|84 84 -7 3|0.8 18
2474 可成|其他電子|-4 41 51|95 95 1 -0|0.8 274
2476 鉅祥|電子零組|-14 -9 -7|84 86 -6 3|1.0 33
2478 大毅|電子零組|-9 -12 10|92 92 -3 2|0.6 8
2480 敦陽科|資訊服務|8 16 10|94 94 16 49|2.4 82
2481 強茂|半導體業|3 2 14|95 95 15 12|0.8 531
2482 連宇|其他電子|43 28 -109|79 79 -8 59|0.2 214
2484 希華|電子零組|-30 -37 -16|83 87 -3 -5|0.6 25
2485 兆赫|通信網路|-5 12 -1|94 94 10 16|1.9 47
2486 一詮|光電業|-10 -16 4|89 89 63 91|0.7 385
2488 漢平|其他電子|-10 -27 -29|100 100 12 18|1.2 7
2489 瑞軒|光電業|-31 -11 18|91 91 12 36|0.5 47
2492 華新科|電子零組|-9 -16 3|88 88 -5 -4|0.8 207
2493 揚博|電子零組|-28 -9 -11|96 96 26 40|0.5 22
2495 普安|電腦及週|-4 -8 -38|88 88 -5 36|0.7 75
2497 怡利電|汽車工業|4 22 -4|76 85 -3 -12|0.4 62
2498 宏達電|通信網路|-2 20 26|81 81 -3 -17|0.9 482
2501 國建|建材營造|177 63 -59|93 93 -2 -0|1.0 15
2504 國產|建材營造|-7 -1 -4|95 95 -2 10|0.4 42
2505 國揚|建材營造|-92 -97 -64|96 98 7 5|1.9 6
2511 太子|建材營造|-39 -41 -5|97 97 -2 6|1.2 5
2515 中工|建材營造|63 72 55|91 91 1 25|0.3 102
2520 冠德|建材營造|-13 -8 -20|100 100 11 13|3.5 41
2528 皇普|建材營造|383975 127995 95936|95 95 13 65|0.4 5
2530 華建|建材營造|67 -44 -16845|98 98 13 43|0.9 15
2534 宏盛|建材營造|-74 -60 -102|85 90 -3 -3|0.7 46
2535 達欣工|建材營造|-31 -18 -18|95 95 -1 13|1.1 17
2536 宏普|建材營造|77 95 54|99 99 9 18|1.1 8
2538 基泰|建材營造|-69 -60 -68|88 95 0 -2|0.6 6
2539 櫻花建|建材營造|na na na|100 100 31 48|1.3 21
2540 愛山林|建材營造|175 111 83|96 100 23 18|1.0 39
2542 興富發|建材營造|508 465 333|95 98 -1 3|0.6 90
2545 皇翔|建材營造|-65 -67 -32|94 94 -5 7|0.4 11
2546 根基|建材營造|10 35 -21|99 99 10 41|2.0 10
2548 華固|建材營造|-100 -80 -53|98 98 1 10|0.4 30
2597 潤弘|建材營造|-21 -8 -16|87 87 -6 -10|0.8 13
2603 長榮|航運業|-63 -61 -28|79 98 27 23|0.8 3637
2605 新興|航運業|-2 11 8|73 73 -9 -3|1.5 50
2606 裕民|航運業|-9 -3 5|75 75 -11 -9|1.3 168
2607 榮運|航運業|-19 -15 -56|85 99 10 9|1.3 63
2608 嘉里大榮|航運業|-7 -9 -2|87 95 -2 -4|1.0 9
2609 陽明|航運業|-68 -68 -25|71 86 7 4|0.7 2018
2610 華航|航運業|42 28 19|93 93 37 30|0.5 1950
2611 志信|航運業|-18 -22 7|69 83 -2 -6|0.3 6
2612 中航|航運業|-22 -19 -18|100 100 20 18|5.5 14
2614 東森|其他|-1 -1 -2|58 69 -14 -30|0.7 23
2615 萬海|航運業|-68 -67 -21|52 69 -6 -29|0.6 369
2616 山隆|油電燃氣|-16 -17 -5|95 99 -0 5|1.6 6
2617 台航|航運業|-7 3 -10|87 87 -1 9|1.0 43
2618 長榮航|航運業|59 46 10|92 92 41 30|0.4 3434
2630 亞航|航運業|-1 33 11|72 72 46 196|0.3 191
2633 台灣高鐵|航運業|89 89 17|93 93 -0 6|0.5 98
2634 漢翔|航運業|0 33 -11|86 86 -1 62|0.4 804
2636 台驊控股|航運業|-54 -57 1|94 94 1 16|0.5 39
2637 慧洋-KY|航運業|-41 -38 -21|75 75 -14 -15|1.3 169
2640 大車隊|數位雲端|19 21 -1|83 83 -11 33|0.4 8
2641 正德|航運業|-29 -15 -1|81 81 -11 -1|1.0 16
2645 長榮航太|航運業|44 23 -1|na na 5 na|1.4 286
2701 萬企|觀光餐旅|23 34 16|86 86 2 7|0.2 13
2702 華園|觀光餐旅|-12 5 -34|79 79 -1 3|0.3 15
2704 國賓|觀光餐旅|7 15 0|94 94 25 60|0.1 12
2705 六福|觀光餐旅|123 160 43|75 75 7 16|0.2 70
2706 第一店|觀光餐旅|47 49 13|82 82 5 12|0.1 17
2707 晶華|觀光餐旅|58 55 18|80 80 -12 2|0.4 233
2712 遠雄來|觀光餐旅|107 173 -9|84 84 5 8|0.1 6
2719 燦星旅|觀光餐旅|1758 1390 212|69 69 76 163|2.1 29
2722 夏都|觀光餐旅|21 30 -87|64 64 46 120|0.4 62
2723 美食-KY|觀光餐旅|3 17 10|74 74 -22 -17|0.5 86
2727 王品|觀光餐旅|40 53 26|81 81 -8 56|0.5 311
2729 瓦城|觀光餐旅|46 63 28|94 94 27 34|0.4 28
2731 雄獅|觀光餐旅|1744 1270 731|87 87 -7 61|0.7 489
2732 六角|觀光餐旅|-9 -1 -3|73 73 -23 2|0.4 64
2734 易飛網|觀光餐旅|422 400 -57|69 69 60 94|0.7 84
2736 富野|觀光餐旅|53 91 3|72 72 74 68|0.4 96
2739 寒舍|觀光餐旅|95 122 15|64 64 -21 71|0.3 37
2743 山富|觀光餐旅|1960 1646 299|76 76 127 133|0.7 133
2745 五福|觀光餐旅|5657 4679 2662|75 75 107 119|0.7 85
2748 雲品|觀光餐旅|29 50 -18|79 79 15 45|1.1 293
2753 八方雲集|觀光餐旅|5 5 -7|67 67 -3 -20|0.5 57
2754 亞洲藏壽司|觀光餐旅|44 54 -64|77 77 1 16|0.3 38
2755 揚秦|觀光餐旅|14 15 -4|80 80 20 107|0.3 9
2801 彰銀|金融保險|23 17 -7|100 100 5 8|1.0 296
2809 京城銀|金融保險|1093 520 379|99 99 6 6|0.9 46
2812 台中銀|金融保險|28 20 3|99 99 9 21|0.7 91
2820 華票|金融保險|-10 58 60|92 98 2 1|1.1 14
2832 台產|金融保險|8 18 22|100 100 12 17|0.9 7
2834 臺企銀|金融保險|17 18 -6|98 98 4 10|1.4 239
2838 聯邦銀|金融保險|71 38 20|98 98 2 2|1.7 25
2845 遠東銀|金融保險|31 14 -7|100 100 10 5|1.2 73
2850 新產|金融保險|8 11 7|98 99 12 12|0.7 9
2851 中再保|金融保險|3 -9 -6|99 99 30 31|1.2 54
2855 統一證|金融保險|144 68 -188|100 100 27 25|1.8 37
2880 華南金|金融保險|33 12 1|96 98 2 -1|0.8 152
2881 富邦金|金融保險|-7 -26 43|100 100 15 13|1.3 1271
2882 國泰金|金融保險|-1 -10 35|100 100 13 9|1.4 792
2883 凱基金|金融保險|-22 -53 16|90 95 -5 -4|1.4 591
2884 玉山金|金融保險|64 33 22|96 100 9 11|1.4 493
2885 元大金|金融保險|23 7 17|100 100 13 13|1.0 437
2886 兆豐金|金融保險|109 60 41|100 100 19 24|0.8 745
2887 台新新光金|金融保險|19 22 13|100 100 12 21|1.3 388
2889 國票金|金融保險|116 32 43|89 89 -1 -7|1.1 57
2890 永豐金|金融保險|29 18 12|100 100 10 9|1.0 377
2891 中信金|金融保險|8 -11 37|99 99 14 17|1.1 883
2892 第一金|金融保險|15 3 -8|100 100 8 12|1.2 343
2897 王道銀行|金融保險|23 20 -21|100 100 4 9|1.5 41
2903 遠百|貿易百貨|10 16 7|95 95 1 7|0.6 35
2905 三商|貿易百貨|-14 71 46|85 87 -3 -6|0.7 6
2906 高林|貿易百貨|-5 -20 -11|91 94 10 -0|0.7 23
2912 統一超|貿易百貨|9 9 -2|96 96 -1 5|0.9 305
2913 農林|貿易百貨|35 14 10|100 100 27 40|4.9 101
2915 潤泰全|貿易百貨|-33 -19 -18|87 92 8 -8|0.7 127
2916 滿心|居家生活|57 56 16|94 94 39 78|0.3 10
2929 淘帝-KY|貿易百貨|-24 -23 -7|52 64 -17 -38|0.6 6
3003 健和興|電子零組|-13 -13 -4|89 89 1 10|0.7 100
3004 豐達科|鋼鐵工業|37 49 -11|84 84 4 32|1.5 37
3005 神基|電腦及週|-8 33 15|90 90 5 53|0.6 272
3006 晶豪科|半導體業|-40 -40 8|84 84 7 -3|0.7 227
3008 大立光|光電業|-21 -15 -15|91 91 11 1|0.7 1698
3010 華立|電子通路|-12 -12 -1|92 97 -1 -1|0.4 16
3011 今皓|電子零組|-19 -19 6|92 92 8 80|1.3 63
3013 晟銘電|電腦及週|-13 5 -20|78 78 92 127|1.1 679
3014 聯陽|半導體業|47 26 45|96 96 65 91|3.1 458
3015 全漢|電子零組|-4 -4 3|93 93 9 36|0.5 25
3016 嘉晶|半導體業|-29 -30 -20|73 86 7 -14|0.8 105
3017 奇鋐|電腦及週|7 8 -4|93 93 81 197|1.1 5317
3019 亞光|光電業|-11 -9 2|92 92 5 -1|0.5 71
3022 威強電|電腦及週|-11 20 -22|83 83 5 13|0.4 191
3023 信邦|電子零組|15 17 -6|86 86 -6 13|2.6 416
3024 憶聲|光電業|19 9 6|100 100 23 41|1.5 66
3025 星通|通信網路|119 16 14|88 88 53 130|0.6 667
3026 禾伸堂|電子零組|-16 -13 -0|98 98 4 13|0.7 27
3027 盛達|通信網路|75 154 98|87 87 12 23|0.3 157
3028 增你強|電子通路|-28 -26 -1|96 96 4 12|0.7 28
3029 零壹|資訊服務|-1 7 3|98 98 11 68|3.3 142
3030 德律|其他電子|-51 -49 -32|100 100 6 6|0.8 18
3031 佰鴻|光電業|-35 -39 -28|82 82 -1 18|0.3 6
3032 偉訓|電子零組|44 39 31|92 92 37 112|1.2 888
3033 威健|電子通路|2 0 3|91 91 9 21|1.7 238
3034 聯詠|半導體業|24 -1 30|100 100 12 32|0.9 1982
3035 智原|半導體業|-12 -13 -28|82 82 89 74|0.5 7793
3036 文曄|電子通路|-6 -10 -20|96 96 4 3|1.4 85
3037 欣興|電子零組|-33 -29 -32|92 92 28 36|1.1 7409
3038 全台|光電業|-9 1 -9|91 91 28 86|0.7 210
3041 揚智|半導體業|-59 -56 -19|75 84 -1 -17|1.0 12
3042 晶技|電子零組|-31 -31 -9|98 98 13 7|1.1 189
3043 科風|其他電子|42 33 -16|71 71 -28 32|0.4 10
3044 健鼎|電子零組|-23 -19 -8|94 94 45 63|3.0 903
3045 台灣大|通信網路|5 5 -3|94 94 -5 4|0.7 292
3046 建碁|電腦及週|-4 134 76|72 72 -0 52|0.1 137
3047 訊舟|通信網路|-21 -30 -24|87 95 6 3|1.1 47
3048 益登|電子通路|-21 -17 -11|90 93 -1 -2|0.6 13
3049 精金|光電業|-29 -25 13|96 96 8 12|2.2 25
3051 力特|光電業|-39 -38 -13|100 100 47 38|1.9 91
3052 夆典|建材營造|21 49 29|100 100 16 28|0.7 11
3055 蔚華科|電子通路|-70 -23 16|98 98 59 65|2.5 135
3056 富華新|建材營造|-68 299 -6260|99 99 15 77|3.7 92
3057 喬鼎|電腦及週|-41 -50 -12|93 93 20 30|2.0 7
3058 立德|電子零組|-33 -14 -5|72 72 -12 126|0.2 62
3059 華晶科|光電業|-46 -20 -35|93 97 8 1|3.4 44
3060 銘異|電腦及週|-32 -38 4|90 90 13 17|0.7 37
3062 建漢|通信網路|-62 -24 -70|69 86 -4 -13|1.0 36
3071 協禧|電腦及週|-17 -6 -10|84 84 28 71|0.9 407
3078 僑威|電子零組|71 81 64|90 90 41 168|0.6 1017
3081 聯亞|通信網路|-53 -58 -79|61 79 7 -14|3.3 138
3083 網龍|文化創意|-45 -25 -15|84 84 -3 -8|0.5 22
3088 艾訊|電腦及週|29 16 -1|98 98 43 80|2.6 259
3090 日電貿|電子零組|2 -11 -0|98 98 2 7|0.5 28
3092 鴻碩|電子零組|-34 -45 -14|90 99 13 19|4.2 31
3093 港建*|其他電子|-51 -36 -23|83 83 -3 25|0.6 11
3094 聯傑|半導體業|-31 -14 -11|83 83 -7 17|0.3 16
3105 穩懋|半導體業|-8 -25 17|79 81 -8 -20|1.5 991
3114 好德|電子零組|3 -19 2|95 95 10 14|1.7 18
3122 笙泉|半導體業|-23 -33 17|67 87 -1 -8|0.4 5
3128 昇銳|光電業|-31 -14 -21|73 80 -4 -9|0.2 16
3131 弘塑|半導體業|0 -3 5|93 93 87 155|2.4 1093
3138 耀登|通信網路|-18 -1 -20|82 82 -5 2|2.9 45
3141 晶宏|半導體業|-28 -42 -8|74 86 -2 7|0.8 163
3147 大綜|資訊服務|-13 -0 19|96 96 5 44|0.5 30
3149 正達|光電業|-31 -26 -13|60 69 -26 -29|0.5 9
3152 璟德|通信網路|10 -4 23|85 85 -0 -5|1.3 37
3162 精確|電機機械|-2 75 -57|76 76 -8 -9|0.4 59
3163 波若威|通信網路|-26 -32 -36|94 94 83 82|3.8 981
3169 亞信|半導體業|-34 -37 -6|84 84 -3 7|1.3 62
3178 公準|半導體業|-6 13 -0|88 88 14 29|0.2 38
3189 景碩|半導體業|-48 -44 -28|79 89 4 -5|1.1 566
3191 雲嘉南|電子零組|20 5 14|92 92 116 91|2.0 7
3202 樺晟|電子零組|19 9 13|80 80 -13 12|0.2 19
3205 佰研|生技醫療|-15 -15 -3|67 91 8 19|0.8 55
3206 志豐|電子零組|-14 -15 -3|97 97 9 32|0.7 8
3207 耀勝|電子零組|-1 6 -18|85 85 15 49|0.4 217
3209 全科|電子通路|-50 -13 -28|85 85 -7 1|1.9 43
3211 順達|電腦及週|4 8 8|99 99 4 13|1.4 24
3213 茂訊|電腦及週|17 -2 -13|98 98 28 50|1.3 34
3217 優群|電子零組|6 12 27|92 92 29 53|2.1 500
3218 大學光|生技醫療|31 27 -2|89 89 -4 18|0.4 156
3221 台嘉碩|通信網路|-65 -54 -27|77 94 5 12|1.1 24
3224 三顧|電子通路|-26 -19 12|74 74 -20 -3|0.3 10
3227 原相|半導體業|-1 -12 18|89 89 18 11|2.5 200
3228 金麗科|半導體業|-47 -17 9|32 59 -28 -36|1.2 135
3231 緯創|電腦及週|-20 -15 -13|85 85 182 335|1.2 10085
3232 昱捷|電子通路|22 18 -11|64 77 -20 -22|0.2 12
3234 光環|通信網路|-37 -43 -2|90 90 45 49|1.7 69
3236 千如|電子零組|-50 -35 -34|88 88 -8 12|1.0 10
3252 海灣|觀光餐旅|5 4 -12|76 76 16 11|0.2 13
3257 虹冠電|半導體業|136 91 107|90 90 30 83|4.7 53
3260 威剛|半導體業|-24 -21 -1|89 89 13 30|0.7 463
3264 欣銓|半導體業|-7 -5 -17|95 95 20 19|1.8 452
3265 台星科|半導體業|-20 -19 -16|96 96 64 86|1.6 473
3272 東碩|電腦及週|-57 -22 -66|80 88 7 11|2.2 8
3284 太普高|其他|-39 -4 -43|83 83 11 23|1.4 14
3287 廣寰科|電腦及週|127 52 50|93 93 98 106|1.0 35
3289 宜特|其他電子|6 7 -6|91 91 37 34|1.7 830
3290 東浦|電子零組|2 21 6|88 88 -2 9|0.7 26
3293 鈊象|文化創意|31 21 8|92 92 20 24|0.6 818
3296 勝德|電子零組|-56 -59 -28|84 88 -9 -8|0.6 7
3305 昇貿|其他電子|-26 -33 -3|91 91 39 42|1.2 408
3306 鼎天|通信網路|-16 23 24|90 90 96 122|2.8 174
3308 聯德|電子零組|230 209 94|79 79 3 163|0.3 38
3310 佳穎|電子零組|-14 -4 -9|91 91 35 85|0.6 7
3312 弘憶股|電子通路|-19 -21 -4|95 95 5 23|0.7 9
3317 尼克森|半導體業|-18 -20 1|81 86 -4 -9|0.9 13
3322 建舜電|電子零組|7 5 26|95 95 3 15|1.7 35
3323 加百裕|電腦及週|-37 -0 14|89 91 -3 -4|0.5 7
3324 雙鴻|其他電子|-32 -20 -6|83 83 22 81|1.6 2169
3325 旭品|電腦及週|87 79 69|100 100 76 162|1.8 165
3338 泰碩|電子零組|-29 -28 -6|87 87 40 102|1.9 472
3346 麗清|汽車工業|100 98 53|93 93 33 31|1.2 284
3356 奇偶|光電業|-20 -3 -6|85 85 28 28|0.3 183
3357 臺慶科|電子零組|-18 -21 1|94 94 24 32|1.1 67
3362 先進光|光電業|9 -1 8|93 93 59 102|0.3 1643
3363 上詮|通信網路|-24 -33 -0|96 96 111 216|0.3 758
3372 典範|半導體業|-26 -39 12|94 94 14 24|1.6 17
3374 精材|半導體業|-24 -34 -19|85 85 26 18|0.4 543
3376 新日興|電子零組|-27 -22 -7|95 96 4 5|1.3 35
3380 明泰|通信網路|-29 -1 -25|92 92 27 42|0.9 346
3402 漢科|其他電子|-17 -11 -25|95 95 -3 11|0.7 17
3406 玉晶光|光電業|0 -8 -11|92 97 9 9|0.6 740
3413 京鼎|半導體業|-17 6 -8|90 94 5 -0|0.9 62
3416 融程電|電腦及週|16 14 1|97 97 20 70|1.3 60
3419 譁裕|通信網路|-37 -28 -46|87 87 -8 10|0.7 15
3438 類比科|半導體業|-6 -17 24|92 92 14 22|0.7 18
3441 聯一光電|光電業|-53 -44 -11|83 83 -2 4|0.5 22
3443 創意|半導體業|29 22 -29|77 77 31 72|0.7 6399
3444 利機|電子通路|9 -9 11|91 91 30 37|1.1 110
3447 展達|通信網路|-67 -40 -80|na 70 -6 -1|0.4 32
3450 聯鈞|半導體業|-31 -28 -11|88 88 28 16|3.8 126
3454 晶睿|光電業|6 22 -56|66 66 -3 -11|0.4 181
3455 由田|光電業|-58 -50 -42|85 85 -8 -9|0.8 29
3466 德晉|通信網路|103 65 -115|74 74 -17 -14|0.3 6
3479 安勤|電腦及週|-14 9 -33|79 79 -6 25|0.5 127
3481 群創|光電業|0 -4 27|100 100 26 40|1.9 1279
3483 力致|電腦及週|-2 11 21|89 89 115 152|0.5 491
3484 崧騰|電子零組|-48 -45 -9|72 84 -9 -8|0.4 8
3491 昇達科|通信網路|-51 -6 -1|85 85 -4 13|1.0 113
3498 陽程|其他電子|82 144 38|82 82 19 4|0.3 16
3499 環天科|通信網路|35 -10 6|87 87 -4 11|0.8 9
3501 維熹|電子零組|-26 -9 -7|92 92 -7 5|0.8 19
3504 揚明光|光電業|-48 -22 -4|60 74 -12 -24|0.5 73
3508 位速|其他電子|-51 -33 -1|65 76 -3 -16|0.6 11
3511 矽瑪|電子零組|-61 -50 -39|81 89 1 -0|0.4 8
3515 華擎|電腦及週|49 16 20|87 87 94 69|0.8 1659
3518 柏騰|其他電子|-5 -14 29|95 95 30 98|1.1 66
3521 台鋼建設|建材營造|-16 82 67|83 86 -0 12|0.6 17
3526 凡甲|電子零組|1 19 29|100 100 30 31|1.1 44
3527 聚積|半導體業|-33 -41 -1|78 79 -10 -10|0.7 16
3529 力旺|半導體業|-4 -6 -23|78 78 -0 14|0.7 739
3530 晶相光|半導體業|-25 -30 17|84 86 2 -7|3.7 7
3532 台勝科|半導體業|1 -10 -26|90 94 11 3|1.1 272
3533 嘉澤|電子零組|-12 -14 -21|75 75 -22 -11|0.9 907
3535 晶彩科|光電業|-90 -88 -76|71 82 -5 -14|1.1 7
3537 堡達|電子零組|6 17 31|99 99 5 5|1.3 8
3540 曜越|電腦及週|32 57 28|82 82 23 78|0.7 147
3545 敦泰|半導體業|-20 -7 25|80 80 -9 5|1.1 127
3546 宇峻|文化創意|-23 -26 -12|89 89 5 14|0.7 29
3548 兆利|電子零組|13 40 47|90 90 5 11|0.5 30
3551 世禾|綠能環保|-3 -3 -8|100 100 26 28|0.8 20
3552 同致|其他電子|3 14 3|72 85 -2 -7|0.5 58
3556 禾瑞亞|半導體業|-32 -24 5|97 97 3 14|0.8 9
3557 嘉威|居家生活|-1 -13 1|84 84 -8 19|0.6 8
3558 神準|通信網路|14 23 -49|88 88 13 36|3.2 675
3563 牧德|光電業|4 5 22|89 89 15 47|0.5 58
3564 其陽|通信網路|-37 -32 -35|73 73 53 84|1.0 69
3570 大塚|資訊服務|-4 2 -19|81 81 -16 46|0.7 7
3576 聯合再生|光電業|-40 -20 -34|76 80 -14 -16|0.6 100
3577 泓格|電腦及週|-51 -28 -35|90 92 3 4|0.8 6
3580 友威科|其他電子|-9 -1 -27|79 90 8 -2|3.8 16
3581 博磊|半導體業|22 -5 -12|94 94 33 43|5.2 5
3583 辛耘|半導體業|14 17 -1|90 90 153 200|2.5 2406
3587 閎康|其他電子|28 37 10|100 100 62 76|2.5 408
3588 通嘉|半導體業|-32 -44 7|86 95 17 5|2.4 32
3591 艾笛森|光電業|-8 2 7|100 100 13 48|1.1 35
3592 瑞鼎|半導體業|-10 -30 10|85 85 1 5|0.9 121
3594 磐儀|電腦及週|2 3 -16|81 81 2 66|0.4 51
3596 智易|通信網路|6 15 -8|90 90 27 30|2.2 550
3605 宏致|電子零組|-25 -24 -6|79 85 -0 -12|0.9 7
3607 谷崧|電子零組|-6 3 19|98 98 27 46|2.3 25
3611 鼎翰|電腦及週|14 7 -6|97 97 23 47|1.2 47
3617 碩天|其他電子|-5 3 -17|93 93 86 121|0.6 322
3622 洋華|光電業|-27 -24 -8|94 94 12 24|0.5 11
3624 光頡|電子零組|-25 -24 -4|71 71 -23 3|0.4 67
3628 盈正|其他電子|4 31 12|80 80 -7 16|0.2 6
3630 新鉅科|光電業|32 -5 27|82 82 9 10|0.3 27
3645 達邁|電子零組|-13 -27 18|93 93 41 42|1.0 92
3652 精聯|電腦及週|-11 12 11|74 74 3 35|0.2 26
3653 健策|電子零組|-8 0 -23|79 79 15 33|2.0 908
3661 世芯-KY|半導體業|147 168 64|88 88 56 112|0.7 6153
3663 鑫科|其他電子|-8 -24 1|97 97 16 42|5.8 9
3664 安瑞-KY|通信網路|27 9 -6|73 73 -23 140|0.2 6
3665 貿聯-KY|其他電子|-16 -7 -49|94 97 23 16|0.8 609
3666 光耀|光電業|-15 -35 20|95 95 27 46|2.2 32
3673 TPK-KY|光電業|-35 -27 -14|87 87 4 28|0.3 110
3675 德微|半導體業|-30 -24 -13|74 74 -14 25|0.7 195
3680 家登|半導體業|-13 -8 -33|83 83 5 32|0.6 640
3685 元創精密|電機機械|-37 17 15|64 88 11 12|1.3 7
3687 歐買尬|數位雲端|-21 -9 -7|76 76 6 -3|0.2 106
3689 湧德|電子零組|1 -8 0|95 95 64 83|3.4 262
3691 碩禾|光電業|-72 -66 -22|54 72 -19 -19|0.6 21
3693 營邦|電腦及週|35 46 -36|92 92 106 202|1.4 2036
3694 海華|通信網路|6 13 17|81 81 32 51|1.5 97
3701 大眾控|電腦及週|15 5 -6|84 84 5 34|0.3 112
3702 大聯大|電子通路|-19 -21 -4|92 92 7 10|1.3 317
3703 欣陸|建材營造|3 -1 7|89 91 -9 -0|0.7 49
3704 合勤控|通信網路|-14 27 -5|81 81 31 38|0.9 874
3705 永信|生技醫療|-12 -13 1|92 98 1 8|0.3 11
3706 神達|電腦及週|-22 -8 -18|93 93 73 65|0.5 1296
3707 漢磊|半導體業|-17 -15 -15|69 81 3 -17|0.4 240
3708 上緯投控|綠能環保|-39 -34 -13|83 83 -9 -15|0.5 33
3710 連展投控|電子零組|-2 -5 11|60 80 -9 -8|0.6 11
3711 日月光投控|半導體業|-19 -15 -16|96 96 19 19|0.9 1899
3712 永崴投控|電腦及週|3 5 4|85 85 -12 16|0.6 37
3714 富采|光電業|-13 -24 12|93 93 5 1|1.2 100
3715 定穎投控|電子零組|na na na|na 90 25 82|0.7 335
4102 永日|生技醫療|-30 -10 -33|74 88 -1 5|0.7 10
4104 佳醫|生技醫療|26 20 4|92 92 1 33|0.5 63
4105 東洋|生技醫療|17 8 -5|94 97 -1 3|0.9 58
4106 雃博|生技醫療|-16 5 -8|79 79 -5 -3|0.6 23
4107 邦特|生技醫療|-10 -3 -9|91 95 -3 2|1.0 13
4108 懷特|生技醫療|40 20 26|91 91 -1 16|0.7 18
4111 濟生|生技醫療|-3 -6 -7|78 78 -11 2|0.5 7
4113 聯上|建材營造|14 23007 17275|100 100 16 46|1.4 7
4114 健喬|生技醫療|35 24 -10|83 90 -10 3|0.4 81
4116 明基醫|生技醫療|-7 -8 -56|82 95 -3 -1|1.8 26
4119 旭富|生技醫療|-8 78 -2|88 88 -10 18|1.0 42
4120 友華|生技醫療|-9 -6 -4|90 90 11 15|0.6 10
4121 優盛|生技醫療|-31 -24 -23|79 79 -21 19|0.3 38
4123 晟德|生技醫療|70 53 -48|92 92 13 27|1.0 528
4126 太醫|生技醫療|35 21 -5|95 95 3 28|1.1 37
4128 中天|生技醫療|-15 -23 -13|73 84 -9 -12|0.8 87
4129 聯合|生技醫療|12 24 -0|90 90 13 57|0.8 162
4130 健亞|生技醫療|23 30 13|71 86 -9 -3|0.4 22
4137 麗豐-KY|生技醫療|-22 106 91|83 83 -14 -7|0.3 35
4138 曜亞|生技醫療|42 48 11|82 82 43 93|0.6 68
4142 國光生|生技醫療|-92 -1 -181|78 78 -14 -12|0.7 28
4147 中裕|生技醫療|18 6 -110|72 72 -28 38|0.4 234
4148 全宇生技-KY|生技醫療|-28 -9 -51|75 77 -13 -10|0.8 11
4153 鈺緯|生技醫療|0 4 -25|77 77 -9 10|2.3 23
4155 訊映|生技醫療|-7 -28 -16|74 74 -4 4|0.3 46
4157 太景*-KY|生技醫療|528 3684 1871|74 86 -2 0|0.5 35
4160 訊聯基因|生技醫療|27 10 6|89 89 10 76|0.9 8
4161 聿新科|生技醫療|19 29 8|87 87 4 35|0.2 13
4162 智擎|生技醫療|-4 5 1|58 69 -16 -26|0.8 108
4163 鐿鈦|生技醫療|9 9 -18|88 88 -3 10|0.3 33
4164 承業醫|生技醫療|118 36 0|86 86 -12 19|0.7 105
4167 松瑞藥|生技醫療|-16 -37 -13|62 79 -6 -20|0.8 18
4168 醣聯|生技醫療|-89 -44 na|69 87 -8 -6|2.1 19
4171 瑞基|農業科技|-40 -71 -6|63 79 -14 -19|2.3 12
4173 久裕|生技醫療|33 22 10|94 94 1 26|0.4 19
4174 浩鼎|生技醫療|1479 517 na|89 89 -1 19|0.8 50
4175 杏一|生技醫療|4 -10 -13|74 74 -3 53|0.2 53
4188 安克|生技醫療|-24 -7 24|79 79 30 36|4.5 6
4190 佐登-KY|生技醫療|13 26 8|75 75 -20 3|0.3 18
4207 環泰|食品工業|-0 9 -3|97 97 24 45|1.8 21
4306 炎洲|塑膠工業|-26 -25 -2|91 91 -7 7|0.7 15
4438 廣越|紡織纖維|-10 -0 -25|84 96 7 -3|0.6 14
4439 冠星-KY|紡織纖維|-18 -35 -4|100 100 46 83|2.5 32
4503 金雨|電機機械|54 45 -13|86 86 29 82|1.0 145
4506 崇友|電機機械|52 31 20|97 97 11 19|1.3 10
4510 高鋒|電機機械|28 12 17|77 77 15 68|0.3 36
4523 永彰|電機機械|13 11 15|89 89 64 52|2.5 50
4526 東台|電機機械|-3 -11 -6|89 89 19 44|0.9 56
4527 方方土霖|電機機械|-34 20 -6|78 78 8 21|0.3 7
4532 瑞智|電機機械|-7 -18 9|90 90 33 47|0.9 453
4533 協易機|電機機械|-29 104 70|78 78 156 186|2.3 486
4536 拓凱|運動休閒|-29 -3 -22|72 72 -12 0|0.4 66
4538 大詠城|電機機械|-24 -23 -36|77 77 9 23|0.3 8
4541 晟田|其他|-3 -12 -23|81 81 -13 30|0.2 48
4543 萬在|電機機械|-18 -1 -1|67 67 69 92|0.5 203
4549 桓達|電機機械|-27 11 -3|88 88 7 23|0.3 12
4551 智伸科|汽車工業|-24 -19 -13|81 89 3 -8|0.3 56
4552 力達-KY|電機機械|-0 4 6|87 87 -7 3|0.4 8
4563 百德|電機機械|27 -1 -6|90 90 53 40|0.9 98
4564 元翎|電機機械|-11 -15 15|80 80 7 7|0.2 49
4566 時碩工業|電機機械|-15 -8 -13|80 80 -10 13|0.3 107
4572 駐龍|電機機械|17 26 -22|100 100 15 56|1.4 100
4580 捷流閥業|電機機械|5 3 2|100 100 7 25|2.3 8
4581 光隆精密-KY|汽車工業|2 15 1|91 91 19 89|0.3 12
4583 台灣精銳|電機機械|-28 -20 -11|89 89 15 24|0.7 88
4714 永捷|化學工業|-56 -57 -30|96 96 9 25|1.3 15
4721 美琪瑪|化學工業|-57 -59 -28|70 84 -5 -9|1.2 36
4722 國精化|化學工業|-29 -27 7|98 98 2 10|0.8 5
4726 永昕|生技醫療|60 48 39|86 90 11 16|2.4 104
4728 雙美|生技醫療|63 35 -39|68 68 -27 49|0.4 58
4736 泰博|生技醫療|-67 -67 -60|83 92 1 2|0.8 48
4739 康普|化學工業|-54 -48 -27|64 81 -8 -15|1.0 32
4741 泓瀚|化學工業|-16 -1 -8|91 91 11 63|1.3 13
4743 合一|生技醫療|-99 -35 -14|74 76 -10 -15|0.7 441
4744 皇將|生技醫療|27 100 95|75 75 -10 24|0.4 64
4746 台耀|生技醫療|43 30 1|100 100 21 63|1.4 1228
4747 強生製藥|生技醫療|52 32 1|84 84 78 151|0.6 133
4754 國碳科|化學工業|43 96 66|90 90 24 44|0.9 7
4755 三福化|化學工業|-6 -18 -1|97 97 20 21|2.2 173
4763 材料*-KY|化學工業|138 127 34|89 89 59 222|0.8 3303
4766 南寶|化學工業|-5 -9 -19|100 100 33 44|0.7 30
4768 晶呈科技|化學工業|0 -10 -59|76 76 17 9|1.6 307
4770 上品|化學工業|-39 -2 -37|83 92 11 -3|0.9 110
4904 遠傳|通信網路|5 5 1|90 90 -6 10|0.4 291
4906 正文|通信網路|-27 16 -21|93 93 14 20|0.9 321
4908 前鼎|通信網路|-5 -8 3|89 89 53 74|2.0 229
4909 新復興|通信網路|-9 5 1|93 93 -5 17|0.6 5
4911 德英|生技醫療|351 525 68|86 86 -9 39|0.3 8
4912 聯德控股-KY|電子零組|-49 -43 -15|76 95 20 2|0.9 16
4915 致伸|電子零組|-22 -21 -16|99 100 12 19|1.2 231
4916 事欣科|電腦及週|18 44 -13|89 89 19 46|0.6 150
4919 新唐|半導體業|-10 -20 -9|88 88 5 -5|1.6 991
4927 泰鼎-KY|電子零組|-22 -21 -4|87 87 13 2|0.5 72
4931 新盛力|電腦及週|-20 -13 -62|73 79 -7 -10|0.6 47
4934 太極|光電業|47 28 -58|89 89 9 21|0.7 248
4935 茂林-KY|光電業|-29 1 14|85 91 -1 -6|0.7 7
4938 和碩|電腦及週|-28 4 5|90 90 15 23|0.8 938
4942 嘉彰|光電業|-28 -27 0|98 98 7 13|1.7 7
4951 精拓科|半導體業|-33 -33 -2|na 86 2 41|0.3 15
4952 凌通|半導體業|-33 -38 4|83 93 -2 6|0.7 10
4953 緯致|資訊服務|7 9 -9|90 90 27 76|2.9 707
4958 臻鼎-KY|電子零組|-36 -32 -27|88 96 -1 -1|0.7 255
4960 誠美材|光電業|-0 -13 15|94 94 8 22|1.3 42
4961 天鈺|半導體業|-11 -19 12|82 82 0 3|2.2 208
4966 譜瑞-KY|半導體業|-46 -50 -12|77 77 -4 3|1.1 891
4967 十銓|半導體業|208 273 210|76 76 -19 82|0.5 340
4968 立積|半導體業|-8 -16 -2|83 83 -7 17|0.5 613
4971 IET-KY|半導體業|-35 -45 -27|80 81 -8 4|0.8 5
4973 廣穎電通|半導體業|10 18 7|97 97 24 52|2.4 27
4974 亞泰|電子零組|-15 -3 -5|100 100 7 12|1.4 11
4976 佳凌|光電業|-31 -27 -11|83 83 -4 5|0.5 39
4977 眾達-KY|通信網路|-48 -21 -58|71 71 -13 -18|1.0 218
4979 華星光|通信網路|134 93 -19|87 87 227 256|1.4 897
4989 榮科|電子零組|-14 -13 4|91 91 16 11|5.6 7
4994 傳奇|資訊服務|-17 -15 19|84 84 -4 6|0.3 14
5009 榮剛|鋼鐵工業|12 16 -11|88 88 -8 38|0.6 702
5011 久陽|鋼鐵工業|-29 -20 -24|82 86 -11 -5|0.3 10
5014 建錩|鋼鐵工業|-32 -27 -12|80 81 -6 -20|1.7 6
5015 華祺|鋼鐵工業|-48 -43 -23|65 78 -10 -17|0.8 5
5203 訊連|資訊服務|3 1 -9|96 96 16 28|5.8 64
5209 新鼎|其他|70 133 48|84 84 12 120|0.3 25
5213 亞昕|建材營造|-85 -89 -154|92 92 -5 18|0.8 8
5222 全訊|半導體業|5 27 0|80 80 -18 23|0.8 148
5225 東科-KY|其他電子|-32 -24 -31|93 93 15 41|0.5 28
5227 立凱-KY|電子零組|158 135 -13|75 75 -17 -17|0.2 16
5234 達興材料|光電業|43 11 28|85 85 52 80|1.7 329
5236 凌陽創新|半導體業|10 -10 26|92 92 48 74|3.2 55
5243 乙盛-KY|光電業|-25 4 -8|80 80 8 17|0.2 169
5258 虹堡|電腦及週|11 26 -19|93 93 57 60|0.8 1539
5263 智崴|文化創意|-31 -6 -12|86 88 4 -11|0.4 30
5269 祥碩|半導體業|1 9 17|73 73 -14 2|1.0 891
5274 信驊|半導體業|-55 -52 -46|73 73 -19 6|1.0 1381
5283 禾聯碩|電器電纜|8 2 11|95 95 6 8|0.5 13
5284 jpp-KY|其他|29 41 -6|79 79 7 63|0.6 197
5285 界霖|半導體業|-23 -25 -10|93 93 10 14|1.5 70
5287 數字|數位雲端|15 11 -2|96 96 0 10|1.0 8
5288 豐祥-KY|電機機械|-5 -5 -30|90 90 2 2|1.2 21
5289 宜鼎|電腦及週|-32 -33 -17|83 83 2 53|1.1 529
5299 杰力|半導體業|-46 -38 5|91 91 2 0|1.6 20
5301 寶得利|觀光餐旅|249 457 312|69 69 31 48|0.5 6
5306 桂盟|運動休閒|-40 -35 -11|97 97 8 3|0.7 34
5309 系統電|電子零組|-19 -12 -30|81 81 -13 -8|0.6 55
5312 寶島科|生技醫療|39 32 9|95 95 34 52|0.7 17
5315 光聯|光電業|-9 -8 -6|87 87 -10 11|0.6 8
5321 美而快|數位雲端|20 21 4|71 71 -23 -11|0.1 22
5328 華容|電子零組|51 22 12|99 99 23 56|0.7 15
5340 建榮|電子零組|-25 -33 -17|88 88 48 32|3.3 134
5347 世界|半導體業|-43 -35 -14|82 83 -7 -15|1.1 446
5351 鈺創|半導體業|-47 -47 9|83 85 3 -6|2.0 157
5353 台林|通信網路|-2 10 -16|75 75 -18 35|0.8 29
5356 協益|電腦及週|-32 -22 -8|95 95 17 50|0.4 12
5371 中光電|光電業|-34 -20 -2|96 96 7 36|1.5 156
5381 光譜|電機機械|492 556 387|82 82 -8 246|0.3 17
5386 青雲|電腦及週|-16 -37 1|91 91 74 80|2.6 115
5388 中磊|通信網路|-10 4 -30|95 95 37 47|1.8 830
5392 能率|光電業|-13 -11 6|96 96 17 15|2.5 35
5403 中菲|資訊服務|-11 9 -5|95 95 0 43|0.6 20
5410 國眾|資訊服務|50 15 -85|94 94 -0 13|3.5 18
5425 台半|半導體業|-0 -5 -11|80 80 -1 2|0.7 738
5426 振發|電腦及週|-45 -37 -39|84 84 22 12|0.5 37
5432 新門|綠能環保|38 36 -11|89 89 53 66|3.5 13
5434 崇越|電子通路|-11 -8 -16|93 93 2 12|0.9 87
5439 高技|電子零組|58 52 34|95 95 58 100|1.0 902
5443 均豪|半導體業|-58 -41 -30|100 100 33 30|3.0 58
5452 佶優|其他電子|-2 -16 8|91 91 11 62|3.0 30
5457 宣德|電子零組|1 -9 1|83 86 3 4|0.6 137
5465 富驊|電腦及週|25 26 22|78 78 31 149|0.4 177
5469 瀚宇博|電子零組|-16 -6 11|94 94 34 53|0.9 176
5471 松翰|半導體業|-31 -35 13|79 88 -3 -10|1.3 19
5474 聰泰|電腦及週|-32 -32 -3|81 81 72 94|1.4 358
5475 德宏|電子零組|31 15 49|81 81 -13 18|2.1 12
5478 智冠|文化創意|15 10 3|92 92 6 33|0.5 55
5483 中美晶|半導體業|-1 0 -13|94 94 20 6|1.3 1443
5484 慧友|光電業|8 51 20|77 77 57 92|1.0 16
5488 松普|電子零組|-16 -7 -20|94 94 -4 31|2.1 5
5498 凱崴|電子零組|-36 -29 -8|90 90 7 13|0.4 8
5508 永信建|建材營造|599 332 260|100 100 30 58|1.6 20
5511 德昌|建材營造|15 33 4|100 100 121 190|0.6 57
5519 隆大|建材營造|-46 -35 -134|95 95 -3 7|0.6 12
5522 遠雄|建材營造|-62 -80 -38|93 93 -2 5|0.7 29
5530 龍巖|其他|-10 -5 -6|88 93 -0 -3|1.9 7
5531 鄉林|建材營造|-21 -15 -158|77 77 3 11|0.2 13
5534 長虹|建材營造|-78 -54 -78|97 97 -1 8|0.6 19
5536 聖暉*|其他電子|-22 1 -26|77 100 18 46|0.6 41
5607 遠雄港|航運業|-15 -15 -14|88 88 -1 30|0.8 149
5608 四維航|航運業|-55 -53 -25|67 69 -13 -15|1.6 48
5609 中菲行|航運業|-55 -56 -18|95 95 2 20|0.6 20
5703 亞都麗緻|觀光餐旅|209 172 61|66 66 21 33|0.5 7
5704 老爺知|觀光餐旅|20 19 -54|80 80 16 23|0.6 30
5706 鳳凰|觀光餐旅|3142 2270 1233|66 66 30 32|0.4 356
5864 致和證|金融業|361 512 401|93 93 83 178|0.9 87
5871 中租-KY|其他|12 14 -4|89 90 -3 -8|1.3 948
5876 上海商銀|金融保險|57 31 5|89 97 0 -1|0.5 149
5880 合庫金|金融保險|34 30 12|100 100 8 11|1.3 219
5904 寶雅|居家生活|20 21 4|85 85 -9 0|0.9 127
5905 南仁湖|觀光餐旅|72 68 17|86 86 6 5|0.2 15
6005 群益證|金融保險|305 141 110|100 100 18 39|1.3 112
6015 宏遠證|金融業|55 92 36|99 99 37 48|4.5 22
6016 康和證|金融業|1049 391 229|96 96 41 57|1.8 98
6024 群益期|金融保險|-41 -41 -37|100 100 5 21|0.6 10
6026 福邦證|金融業|149 85 93|99 99 11 32|1.4 30
6101 寬魚國際|文化創意|24958 32174 20056|79 79 -11 54|0.6 18
6104 創惟|半導體業|-15 -26 14|80 89 7 10|2.7 265
6109 亞元|通信網路|-26 -13 -12|83 83 -5 -5|1.0 5
6111 光聚晶電|文化創意|15 55 -149|73 73 -4 28|0.4 564
6112 邁達特|資訊服務|7 19 9|91 91 30 116|1.3 285
6113 亞矽|電子通路|-57 -59 -27|56 76 -15 -17|1.3 9
6114 久威|電子零組|-10 -20 12|97 100 21 22|0.9 7
6115 鎰勝|電子零組|-16 -15 -1|100 100 7 14|0.6 7
6116 彩晶|光電業|-19 -23 10|99 99 16 10|1.7 299
6117 迎廣|電腦及週|-14 -13 -4|88 88 79 88|3.5 60
6118 建達|電子通路|-35 -18 -10|63 70 -9 -23|0.6 23
6120 達運|光電業|55 33 56|87 87 64 83|0.9 254
6121 新普|電腦及週|-18 -17 -9|95 95 1 8|1.2 291
6122 擎邦|電機機械|90 147 72|86 86 31 122|0.2 180
6123 上奇|資訊服務|6 -3 -21|96 96 2 28|0.6 9
6124 業強|電子零組|-12 -4 11|74 74 37 46|0.8 53
6125 廣運|電機機械|18 24 -7|74 74 146 196|2.0 567
6126 信音|電子零組|-21 -8 2|95 95 42 56|2.4 83
6127 九豪|電子零組|3 4 27|79 79 -10 19|0.4 9
6128 上福|電腦及週|-9 -15 -13|93 93 7 18|0.5 8
6129 普誠|半導體業|-21 -23 -29|73 81 -13 -9|0.7 32
6133 金橋|電子零組|-40 -34 -37|55 65 -19 -32|1.5 17
6138 茂達|半導體業|-28 -35 1|88 88 -7 12|0.8 275
6139 亞翔|其他電子|43 29 -13|95 95 68 84|0.5 243
6140 訊達電腦|資訊服務|14 -7 -12|89 89 -7 29|0.8 8
6142 友勁|通信網路|-9 30 -45|79 79 -13 15|0.5 19
6143 振曜|通信網路|18 37 3|72 72 -17 0|0.6 93
6146 耕興|其他電子|-10 -7 -12|94 94 -2 14|0.7 62
6147 頎邦|半導體業|-11 -17 6|98 98 13 22|1.8 177
6148 驊宏資|資訊服務|11 432 318|76 76 -5 215|1.5 112
6150 撼訊|電腦及週|31 15 55|78 78 24 10|0.4 122
6152 百一|通信網路|-17 -36 -31|82 82 -16 1|0.6 5
6153 嘉聯益|電子零組|-19 10 7|82 91 7 -3|0.6 61
6155 鈞寶|電子零組|-38 -27 -10|98 98 4 9|1.8 6
6156 松上|電子零組|-32 -34 -11|98 98 4 13|2.5 20
6158 禾昌|電子零組|-15 -15 6|95 95 34 34|3.2 17
6160 欣技|電腦及週|-6 6 -7|71 71 -21 60|0.1 29
6161 捷波|電腦及週|-23 -28 -0|91 91 34 80|2.1 102
6163 華電網|資訊服務|-31 -17 -30|68 68 -24 22|0.3 18
6165 浪凡|數位雲端|-10 -4 -4|94 94 6 10|0.8 10
6166 凌華|電腦及週|-14 9 -7|87 87 23 24|1.3 123
6167 久正|光電業|-11 -13 -6|81 81 -14 33|0.3 21
6168 宏齊|光電業|-26 -34 -6|88 88 -9 20|0.5 27
6170 統振|通信網路|-5 -24 8|97 97 27 39|2.6 30
6173 信昌電|電子零組|-8 -17 16|93 93 9 8|0.4 24
6175 立敦|電子零組|5 -0 17|92 92 -2 5|0.6 10
6176 瑞儀|光電業|-27 15 11|98 98 12 24|1.9 265
6177 達麗|建材營造|-92 -80 -126|97 97 -0 5|0.8 9
6179 亞通|其他|-22 -6 -16|85 85 -5 25|0.5 101
6180 橘子|文化創意|-20 -14 -6|83 83 3 -6|0.7 126
6182 合晶|半導體業|-28 -18 -20|85 92 3 -0|0.8 241
6185 幃翔|電子零組|-11 33 9|68 68 -5 45|0.3 27
6186 新潤|建材營造|na na na|100 100 9 41|1.6 9
6187 萬潤|半導體業|-62 -64 -17|90 90 116 96|2.7 1261
6188 廣明|電腦及週|-29 -7 -7|84 84 89 129|2.1 2835
6189 豐藝|電子通路|-8 -13 9|98 98 6 14|1.9 18
6190 萬泰科|通信網路|-42 -36 -21|96 97 22 33|2.3 141
6191 精成科|電子零組|-11 4 14|98 98 46 79|1.0 324
6192 巨路|其他電子|0 11 8|99 99 14 19|0.8 8
6194 育富|電子零組|38 4 10|96 96 24 44|1.4 19
6196 帆宣|其他電子|5 16 -25|94 94 13 13|2.7 148
6197 佳必琪|電子零組|2 -0 -11|83 83 32 60|0.7 121
6202 盛群|半導體業|-52 -57 -8|86 89 1 -11|0.9 55
6203 海韻電|電子零組|27 34 43|92 92 55 106|2.2 257
6205 詮欣|電子零組|-42 -38 -38|65 65 -14 -25|0.3 36
6206 飛捷|電腦及週|-44 -44 -11|75 97 3 5|1.0 26
6207 雷科|電子零組|-52 -34 -4|100 100 35 41|4.4 19
6209 今國光|光電業|-22 -25 -10|85 85 -8 8|0.4 13
6213 聯茂|電子零組|-29 -29 -5|90 90 15 -2|4.5 328
6214 精誠|資訊服務|-10 12 -1|95 95 36 56|2.3 200
6215 和椿|其他電子|-60 -51 -15|84 84 -3 18|0.4 9
6216 居易|通信網路|-19 -24 12|92 99 11 11|1.4 14
6217 中探針|電子零組|-26 -26 -13|79 94 14 12|1.3 153
6218 豪勉|通信網路|56 44 1|90 90 25 89|1.7 107
6219 富旺|建材營造|1064 293 238|86 86 8 10|0.4 8
6220 岳豐|電子零組|-17 -14 5|79 98 1 6|0.5 21
6222 立軒|光電業|-48 -69 9|96 96 151 162|1.0 12
6223 旺矽|半導體業|4 7 -1|96 96 62 70|1.4 902
6224 聚鼎|電子零組|3 -2 10|85 86 -7 -7|0.7 8
6227 茂綸|電子通路|-5 -6 -8|89 89 -8 2|0.8 8
6230 尼得科超眾|電腦及週|-16 -3 -13|92 92 2 44|1.8 23
6231 系微|資訊服務|-5 -9 -1|92 92 36 80|4.7 105
6233 旺玖|半導體業|-15 -9 -0|85 85 0 14|0.4 12
6234 高僑|光電業|192 175 132|85 85 -15 53|0.7 33
6235 華孚|電腦及週|39 58 6|68 68 23 205|0.9 2147
6237 驊訊|半導體業|-62 -53 -2|65 77 -9 -19|1.0 16
6239 力成|半導體業|-27 -26 -8|93 93 10 18|2.6 578
6243 迅杰|半導體業|39 54 52|82 82 26 53|0.2 35
6244 茂迪|光電業|-33 -29 -29|73 73 -24 4|0.3 111
6245 立端|通信網路|-12 -2 -25|81 81 7 23|0.6 322
6248 沛波|鋼鐵工業|40 33 -16|80 80 -14 24|0.4 12
6257 矽格|半導體業|-26 -28 -15|95 95 6 8|2.2 154
6261 久元|半導體業|-36 -34 -5|99 99 4 11|1.0 12
6263 普萊德|通信網路|6 16 -4|98 98 14 59|1.2 26
6266 泰詠|電子零組|-15 45 3|83 83 -1 65|0.4 53
6269 台郡|電子零組|-15 17 10|88 95 6 -5|3.5 159
6271 同欣電|半導體業|-25 -21 -10|70 71 -2 -30|2.2 313
6274 台燿|電子零組|-19 -22 1|89 89 88 103|3.4 2923
6275 元山|電子零組|3 -7 5|87 87 24 67|2.9 90
6276 安鈦克|電腦及週|-3 -6 11|81 81 99 174|0.3 109
6277 宏正|電腦及週|-17 -3 -9|98 98 3 13|1.0 15
6278 台表科|光電業|-29 -20 1|92 94 0 5|0.8 148
6279 胡連|電子零組|2 12 -20|87 90 14 1|0.8 222
6282 康舒|電子零組|-27 -25 -17|97 97 38 52|1.7 3132
6283 淳安|其他電子|-34 -33 6|82 95 4 -0|2.8 9
6284 佳邦|電子零組|-6 -1 4|83 83 -8 -7|1.2 25
6285 啟碁|通信網路|18 35 -9|100 100 31 46|1.3 2512
6288 聯嘉|汽車工業|-13 1 -6|84 84 -4 28|0.2 152
6290 良維|電子零組|-12 -12 -2|83 83 4 9|1.5 231
6291 沛亨|半導體業|41 41 13|78 78 41 131|0.4 13
6405 悅城|光電業|-25 -41 9|97 97 18 22|2.9 6
6409 旭隼|其他電子|-34 -18 -30|85 85 -2 9|0.9 202
6411 晶焱|半導體業|-14 -23 20|94 94 16 33|2.1 155
6412 群電|電子零組|-8 -10 -1|92 92 30 43|4.4 65
6414 樺漢|電腦及週|10 21 -10|95 95 18 31|1.2 660
6415 矽力*-KY|半導體業|-42 -47 -19|52 52 -28 -43|0.9 914
6416 瑞祺電通|通信網路|-28 -18 -19|80 80 -10 -2|0.6 28
6417 韋僑|通信網路|49 33 6|69 69 -23 51|1.9 282
6426 統新|通信網路|-58 -61 -36|80 92 17 10|2.7 49
6435 大中|半導體業|-26 -32 3|81 91 -4 -5|0.6 7
6438 迅得|其他電子|-6 14 -5|92 92 2 22|0.9 106
6441 廣錠|電腦及週|8 92 72|79 79 3 5|0.3 27
6442 光聖|通信網路|-16 -9 -7|96 96 37 56|1.1 50
6443 元晶|光電業|7 27 -4|75 80 -13 -16|0.6 162
6446 藥華藥|生技醫療|84 33 -302|57 67 -11 -30|0.9 832
6449 鈺邦|電子零組|44 20 30|97 97 31 51|2.3 11
6451 訊芯-KY|半導體業|-6 -6 -52|79 79 27 19|0.6 167
6456 GIS-KY|光電業|-46 -26 -8|74 81 -8 -17|0.5 67
6461 益得|生技醫療|189 122 146|66 78 -16 -4|0.4 7
6462 神盾|半導體業|99 34 17|87 87 24 50|0.5 80
6469 大樹|生技醫療|10 3 -15|98 98 2 39|0.4 163
6470 宇智|通信網路|-17 -16 -46|85 85 17 46|0.4 246
6472 保瑞|生技醫療|185 135 -104|88 88 8 123|1.0 2105
6477 安集|光電業|42 -2 -52|80 82 -15 -1|0.4 48
6485 點序|半導體業|-3 -10 11|85 85 -1 29|0.7 79
6486 互動|通信網路|-15 22 12|98 98 8 18|1.6 16
6488 環球晶|半導體業|1 2 -10|95 95 10 -1|1.1 786
6491 晶碩|生技醫療|10 15 6|78 78 -9 -22|1.1 246
6492 生華科|生技醫療|1 0 na|63 72 -14 -26|1.1 6
6494 九齊|半導體業|-23 -31 11|72 79 -8 -21|0.5 7
6505 台塑化|油電燃氣|-39 -33 -37|91 91 -4 -1|0.8 183
6508 惠光|農業科技|-39 -49 -37|79 94 -2 2|0.9 8
6509 聚和|化學工業|-35 -14 -14|85 85 -8 -3|0.7 28
6510 精測|半導體業|-35 -37 -23|83 83 9 -5|1.0 231
6515 穎崴|半導體業|-32 7 -48|84 84 18 69|0.8 981
6516 勤崴國際|資訊服務|63 12 -37|92 92 -1 22|0.6 6
6517 保勝光學|光電業|-17 -24 -36|na 49 -41 54|0.3 73
6523 達爾膚|生技醫療|78 39 35|89 89 -9 29|0.6 73
6525 捷敏-KY|半導體業|-29 -20 -12|95 96 5 6|0.7 7
6527 明達醫|生技醫療|1 -3 -25|80 80 4 75|1.1 61
6530 創威|通信網路|-6 -5 2|84 84 20 43|0.8 16
6531 愛普*|半導體業|-35 -29 15|100 100 40 69|2.4 1521
6532 瑞耘|半導體業|-20 10 -13|92 92 9 16|1.8 26
6533 晶心科|半導體業|33 29 -12|75 75 1 -18|1.0 677
6535 順藥|生技醫療|-59 5704 3029|95 95 37 46|2.3 98
6538 倉和|電子零組|42 30 9|100 100 43 118|3.1 275
6541 泰福-KY|生技醫療|253 1101 na|33 48 -13 -37|0.7 6
6546 正基|通信網路|-43 -46 -6|73 96 29 43|1.1 163
6547 高端疫苗|生技醫療|-100 -100 -10|39 74 -10 -23|0.9 74
6548 長科*|半導體業|-27 -21 -11|41 79 -11 13|1.2 154
6550 北極星藥業-KY|生技醫療|26 -9 53|40 83 -11 -14|0.8 359
6556 勝品|光電業|-19 -13 -14|56 56 -19 -1|0.3 6
6561 是方|通信網路|5 3 -4|95 95 3 40|2.5 41
6568 宏觀|半導體業|1 -24 -49|73 76 -19 -17|0.9 32
6569 醫揚|生技醫療|15 0 -10|90 90 109 128|0.5 43
6570 維田|電腦及週|1 10 -10|94 94 11 46|0.4 30
6576 逸達|生技醫療|1782 528 -5279|65 65 -8 -17|0.5 37
6577 勁豐|電腦及週|41 92 74|79 79 62 83|1.0 55
6579 研揚|電腦及週|-1 -1 -11|90 90 139 141|0.9 216
6585 鼎基|其他|-20 -8 -8|100 100 33 50|1.2 26
6589 台康生技|生技醫療|-52 -59 -37|67 81 -14 -10|0.5 160
6590 普鴻|資訊服務|25 26 4|84 84 -11 59|0.8 8
6591 動力-KY|電腦及週|4 -9 20|87 87 8 24|1.3 23
6592 和潤企業|其他|24 27 -0|96 96 25 53|0.6 187
6593 台灣銘板|資訊服務|31 23 26|95 95 47 103|0.6 20
6596 寬宏藝術|文化創意|-86 141 -12567|74 74 3 19|0.2 15
6603 富強鑫|電機機械|-35 -25 -16|82 86 -6 -9|0.6 7
6605 帝寶|汽車工業|3 9 -3|95 95 17 52|0.4 81
6609 瀧澤科|電機機械|-21 -22 -26|83 83 -3 -11|0.8 16
6612 奈米醫材|生技醫療|15 28 2|74 74 -25 8|0.2 32
6613 朋億*|其他電子|13 37 10|72 100 20 32|1.9 19
6625 必應|其他|379 411 173|63 63 6 121|0.3 143
6643 M31|半導體業|7 16 -15|86 86 59 80|0.7 880
6664 群翊|電子零組|-10 -6 -17|99 99 31 51|1.1 67
6667 信紘科|其他電子|-2 6 -17|89 89 10 21|0.5 11
6668 中揚光|光電業|-41 -40 -28|80 81 -9 -8|1.5 10
6669 緯穎|電腦及週|-35 -22 -61|82 82 59 119|1.6 8916
6670 復盛應用|運動休閒|-44 -39 -54|88 88 3 -0|0.7 118
6672 騰輝電子-KY|電子零組|-9 -15 16|92 92 6 4|1.0 45
6679 鈺太|半導體業|-26 -33 9|99 99 38 34|1.4 324
6683 雍智科技|半導體業|-15 -11 -10|94 95 20 15|1.3 76
6684 安格|半導體業|-26 -36 19|76 89 16 11|1.6 16
6689 伊雲谷|數位雲端|14 11 10|na 87 5 7|0.9 141
6690 安碁資訊|數位雲端|17 14 -37|82 82 -6 56|2.0 105
6691 洋基工程|其他電子|9 29 -8|95 95 29 74|0.5 247
6695 芯鼎|半導體業|-32 -19 2|na 83 -1 -9|0.3 9
6697 東捷資訊|資訊服務|-13 -1 -5|76 76 35 68|1.4 17
6698 旭暉應材|其他電子|-33 -18 -33|83 83 -5 16|0.5 8
6703 軒郁|生技醫療|84 61 14|85 85 55 182|0.7 110
6706 惠特|光電業|-72 -72 -3|60 69 -14 -24|1.1 24
6712 長聖|生技醫療|4 5 -5|84 92 -3 -0|0.5 103
6715 嘉基|電子零組|-45 -36 -42|71 71 -15 -7|0.6 34
6719 力智|半導體業|-62 -57 -16|70 70 -17 -20|1.0 329
6728 上洋|居家生活|-1 -6 -10|86 86 -5 21|0.8 6
6732 昇佳電子|半導體業|24 2 33|71 71 -7 7|0.7 146
6733 博晟生醫|生技醫療|109 554 241|84 84 -3 82|0.4 33
6741 91APP*-KY|數位雲端|8 10 -3|73 73 -25 4|0.4 149
6743 安普新|其他電子|-40 -21 1|71 71 -7 37|0.3 30
6747 亨泰光|生技醫療|-17 -6 -8|74 74 -19 10|0.9 48
6751 智聯服務|資訊服務|8 19 -1|74 74 -19 124|1.8 16
6752 叡揚|資訊服務|1 16 -4|82 82 -16 121|2.3 27
6753 龍德造船|航運業|25 23 -74|na na -7 na|1.7 136
6756 威鋒電子|半導體業|-19 -31 12|89 94 10 7|1.9 171
6763 綠界科技*|數位雲端|5 5 -1|79 79 -9 -0|0.2 20
6768 志強-KY|運動休閒|-36 -18 -104|72 93 -1 -7|0.8 9
6770 力積電|半導體業|-52 -50 -22|74 86 -2 -14|1.0 415
6776 展碁國際|電子通路|-12 -0 7|87 87 11 49|1.4 22
6781 AES-KY|電子零組|-44 -41 -37|61 82 10 -11|0.7 374
6782 視陽|生技醫療|-29 -26 -30|na 49 -36 -43|0.8 83
6788 華景電|半導體業|-1 -24 -36|90 90 10 15|2.6 113
6789 采鈺|半導體業|-27 -27 -2|68 83 4 -3|0.7 248
6790 永豐實|造紙工業|-9 3 -3|94 94 2 6|0.6 17
6791 虎門科技|資訊服務|16 14 3|na 71 -14 112|1.1 8
6792 詠業|通信網路|1 -7 14|94 98 11 23|2.5 10
6796 晉弘|生技醫療|9 27 20|83 83 20 31|2.2 121
6799 來頡|半導體業|-17 -20 -4|72 72 -12 8|0.7 103
6803 崑鼎|綠能環保|22 14 -3|98 98 8 28|0.8 12
6804 明係|運動休閒|56 32 -52|90 90 16 39|0.3 10
6806 森崴能源|綠能環保|28 48 23|80 80 -12 20|0.4 392
6811 宏碁資訊|數位雲端|9 6 -6|na 91 33 163|0.6 285
6829 千附精密|半導體業|-17 -29 -6|84 84 -11 69|0.8 90
6830 汎銓|其他電子|6 21 6|na 99 28 58|2.8 173
6841 長佳智能|生技醫療|-28 40 -153|na na 13 na|2.4 410
6843 進典|電機機械|6 36 -10|na 88 4 50|0.3 6
6854 錼創科技-KY創|半導體業|162 140 76|na 89 10 11|0.8 18
6859 伯特光|光電業|-5 3 -11|na 82 0 -8|0.4 6
6861 睿生光電|生技醫療|4 -3 -4|na na -2 na|2.7 55
6863 永道-KY|通信網路|15 10 na|na na -14 na|0.7 43
6869 雲豹能源|綠能環保|370 88 -443|na na -3 na|0.5 13
6873 泓德能源|綠能環保|206 166 72|na na -15 na|0.7 13
6874 倍力|資訊服務|-24 20 -2|na 70 -14 151|2.1 60
7402 邑錡|光電業|-28 -13 -5|87 87 14 130|0.3 49
8011 台通|通信網路|10 13 14|87 87 14 20|0.3 23
8016 矽創|半導體業|12 -1 27|100 100 13 18|1.4 331
8021 尖點|其他電子|-23 -31 -7|98 98 16 16|1.6 57
8027 鈦昇|電機機械|-61 -72 -42|91 94 28 27|3.6 94
8028 昇陽半導體|半導體業|23 29 10|86 94 8 4|1.8 199
8033 雷虎|其他|-1 -6 -8|79 79 -19 50|0.6 154
8034 榮群|通信網路|-5 390 231|76 76 18 27|0.4 15
8038 長園科|電子零組|858 1245 472|79 79 -10 10|0.3 35
8039 台虹|電子零組|1 -9 8|98 98 6 6|1.3 11
8040 九暘|半導體業|-45 -42 -33|74 84 -0 -14|0.5 9
8044 網家|數位雲端|-20 -19 -7|63 65 -16 -31|1.1 32
8046 南電|電子零組|-44 -32 -31|86 86 -4 0|0.6 1336
8048 德勝|通信網路|90 103 49|81 81 112 153|1.9 284
8049 晶采|光電業|-22 -6 -25|93 93 5 23|1.2 31
8050 廣積|電腦及週|-26 11 -15|97 97 30 33|1.3 1112
8054 安國|半導體業|-10 8 -8|86 92 8 5|0.6 29
8059 凱碩|通信網路|-67 -60 -15|86 86 16 57|0.3 7
8064 東捷|光電業|-12 -16 -18|92 92 -1 10|0.6 11
8069 元太|光電業|-7 -3 -43|91 94 16 27|0.8 1379
8070 長華*|電子通路|-33 -28 -11|84 84 -7 -0|0.6 39
8071 能率網通|電子零組|-23 -23 -5|85 93 9 12|0.7 16
8072 陞泰|電子通路|-8 -16 -1|83 90 -1 2|0.3 6
8076 伍豐|電腦及週|-12 -15 -10|88 88 21 21|0.2 90
8081 致新|半導體業|3 -11 13|100 100 27 34|1.2 97
8083 瑞穎|電機機械|-44 -46 -2|88 96 8 -5|1.0 8
8084 巨虹|電子通路|-59 -32 -58|72 81 -7 -7|1.6 16
8085 福華|其他電子|-12 2 -4|85 85 42 99|0.4 44
8086 宏捷科|半導體業|4 -11 33|90 90 14 19|0.8 395
8087 麗升能源|綠能環保|178 169 -32|76 76 72 99|1.1 46
8088 品安|半導體業|-20 -16 -10|92 92 7 41|0.5 63
8091 翔名|半導體業|-4 -1 -4|86 86 -7 4|0.4 34
8092 建暐|其他電子|19 13 -5|94 94 14 14|0.9 9
8093 保銳|電子零組|212 90 63|76 76 16 100|1.8 41
8097 常珵|通信網路|-76 -86 -288|61 78 3 -21|0.1 19
8099 大世科|資訊服務|-13 1 3|85 85 7 44|0.3 18
8103 瀚荃|電子零組|-28 -28 -0|100 100 9 21|1.5 14
8104 錸寶|光電業|-28 -15 -49|85 85 -3 1|0.6 9
8105 凌巨|光電業|-16 -9 -3|98 98 24 13|1.1 67
8109 博大|電子零組|14 16 -10|96 96 22 26|5.1 39
8110 華東|半導體業|-36 -28 -19|97 97 10 15|1.6 19
8111 立碁|光電業|-8 -4 11|76 76 -14 20|0.6 5
8112 至上|電子通路|-6 -16 15|96 96 18 38|1.5 247
8114 振樺電|電腦及週|-21 -12 -20|70 94 13 1|0.4 50
8121 越峰|電子零組|-23 -23 -11|83 83 -15 3|0.5 14
8131 福懋科|半導體業|-26 -30 -21|97 97 3 9|0.5 21
8147 正淩|電子零組|-20 -27 -26|84 84 15 16|0.5 25
8150 南茂|半導體業|-15 -20 7|93 93 -0 6|0.6 78
8155 博智|電子零組|-19 -25 -14|87 87 5 33|1.0 561
8163 達方|電腦及週|-14 -11 -4|95 95 6 17|0.8 40
8171 天宇|綠能環保|-58 -31 -68|67 67 -22 -25|0.4 27
8176 智捷|通信網路|-10 73 -45|86 86 8 26|0.7 6
8183 精星|其他電子|-7 5 -25|78 90 -3 -7|1.1 28
8201 無敵|其他電子|-6 -10 5|88 88 65 118|2.8 41
8210 勤誠|電腦及週|-37 3 3|79 79 142 131|0.3 2942
8213 志超|電子零組|8 -14 18|97 97 15 21|1.0 49
8215 明基材|光電業|18 13 15|100 100 28 24|0.7 199
8222 寶一|電機機械|43 42 0|76 76 -20 80|0.3 196
8227 巨有科技|半導體業|-3 8 -40|na 76 -4 109|0.7 280
8234 新漢|電腦及週|-35 -26 -24|91 91 62 93|2.6 196
8249 菱光|電子零組|-24 -15 -27|94 94 16 20|1.7 17
8255 朋程|電機機械|51 32 9|94 94 7 6|0.9 227
8261 富鼎|半導體業|-40 -38 -6|83 86 -5 -15|0.6 65
8271 宇瞻|半導體業|-27 -21 -13|87 87 15 29|0.7 67
8277 商丞|半導體業|37 4 3|97 97 32 61|1.3 6
8289 泰藝|電子零組|-43 -37 -19|74 74 -12 -1|0.7 14
8299 群聯|半導體業|-35 -38 -8|96 96 8 12|1.3 706
8341 日友|綠能環保|-20 -15 -11|74 81 -10 -13|1.0 49
8349 恒耀國際|鋼鐵工業|4 20 8|79 90 -4 6|0.4 11
8358 金居|電子零組|-38 -34 -7|91 91 23 -2|3.8 565
8383 千附|半導體業|-41 -35 -29|88 88 -7 6|0.6 12
8390 金益鼎|綠能環保|-22 -10 -13|100 100 29 49|5.5 36
8403 盛弘|生技醫療|-12 -16 -11|85 85 -14 14|0.5 55
8409 商之器|生技醫療|8 -2 11|80 80 17 49|3.7 22
8410 森田|電腦及週|11 6 14|100 100 75 84|0.9 13
8415 大國鋼|鋼鐵工業|-4 -7 -12|90 91 -1 -9|0.7 9
8420 明揚|運動休閒|14 17 -16|91 91 0 18|0.7 33
8422 可寧衛*|綠能環保|-14 -1 -44|93 93 4 10|1.0 48
8426 紅木-KY|其他|99 125 55|69 69 11 93|0.2 31
8431 匯鑽科|其他電子|-29 -27 1|89 89 2 21|0.6 14
8433 弘帆|居家生活|1 4 8|97 97 36 45|1.8 35
8436 大江|生技醫療|7 6 5|77 77 -13 -5|0.9 140
8440 綠電|綠能環保|22 2 2|66 76 -15 -16|0.5 7
8442 威宏-KY|其他|-5 -7 -38|93 93 11 20|0.7 8
8446 華研|文化創意|18 57 31|67 67 11 30|0.2 59
8454 富邦媒|數位雲端|5 4 -7|67 67 -16 -23|0.9 373
8462 柏文|運動休閒|32 28 -41|95 95 -1 19|0.4 10
8464 億豐|居家生活|-17 -19 -8|95 95 -0 10|1.9 153
8467 波力-KY|運動休閒|-13 -25 -37|86 86 6 9|0.7 5
8476 台境*|綠能環保|107 0 -194|99 99 9 11|1.2 12
8478 東哥遊艇|運動休閒|-22 -1 -19|87 87 15 71|1.2 893
8905 裕國|其他|18 52 1|83 83 17 28|0.2 6
8916 光隆|其他|-18 -13 -28|87 97 3 6|0.8 25
8924 大田|運動休閒|-48 -59 -44|74 74 -12 -15|0.4 18
8926 台汽電|油電燃氣|21 81 58|95 95 11 65|0.7 186
8927 北基|油電燃氣|14 13 -1|99 99 12 40|1.0 38
8930 青鋼|鋼鐵工業|17 10 5|93 93 36 44|0.3 11
8931 大汽電|油電燃氣|2 16 -43|71 71 -21 24|0.4 10
8932 智通*|數位雲端|-2 10 28|100 100 21 60|0.8 36
8933 愛地雅|運動休閒|-52 -21 -26|41 61 -15 -38|0.5 9
8936 國統|其他|-7 -3 13|91 91 31 58|0.6 251
8938 明安|運動休閒|-47 -44 -50|73 73 -13 -14|0.6 54
8940 新天地|觀光餐旅|261 202 41|75 75 9 60|0.1 13
8942 森鉅|其他|1 5 6|99 99 18 29|1.2 17
8996 高力|電機機械|93 102 32|81 81 71 60|0.2 313
9802 鈺齊-KY|運動休閒|-52 -20 -46|62 88 3 -9|0.5 157
9904 寶成|運動休閒|-16 -7 -20|95 95 3 -2|0.6 172
9906 欣巴巴|建材營造|152 152 -251006|84 84 9 13|0.8 8
9907 統一實|其他|-17 -18 -6|91 91 -8 6|0.5 45
9910 豐泰|運動休閒|-14 -16 -46|100 100 10 9|1.4 357
9911 櫻花|居家生活|-8 -5 -6|98 98 3 6|0.6 8
9914 美利達|運動休閒|-28 -15 -35|94 97 28 19|1.2 213
9917 中保科|其他|13 13 2|94 94 4 13|0.7 43
9919 康那香|其他|-2 7 14|98 98 8 11|0.7 87
9921 巨大|運動休閒|-14 1 -6|91 95 26 13|0.4 258
9925 新保|其他|20 6 4|100 100 2 6|1.6 11
9927 泰銘|其他|1 -8 1|100 100 31 53|8.0 13
9930 中聯資源|綠能環保|4 7 1|98 98 7 16|0.4 8
9933 中鼎|其他|6 7 -10|85 92 -1 -3|0.7 54
9938 百和|其他|-30 -44 -25|85 90 3 0|1.8 73
9939 宏全|其他|9 10 -5|98 98 9 22|0.8 125
9940 信義|其他|13 8 21|95 99 4 9|1.3 6
9941 裕融|其他|16 16 -1|98 98 14 26|1.2 243
9942 茂順|其他|26 38 17|89 89 -4 27|0.9 73
9943 好樂迪|觀光餐旅|45 79 -1054|88 88 37 45|0.2 39
9944 新麗|其他|-24 -20 -12|93 93 8 8|0.5 6
9945 潤泰新|其他|-42 3 -10|76 79 0 -21|0.8 168
9951 皇田|電機機械|16 20 2|100 100 13 17|1.9 20
9955 佳龍|綠能環保|-21 21 35|84 84 -16 13|1.6 8
9958 世紀鋼|鋼鐵工業|151 85 61|94 94 37 48|1.0 1539
9962 有益|鋼鐵工業|-35 -2 -18|83 83 -6 3|0.4 5