# 2023-01-03 全池(921 檔)。欄位:代碼 名稱|產業|最新月YoY 3月YoY均 加速度|距52週高% 距120日高% 60日漲% 120日漲%|量能比 日均值M
1101 台泥|水泥工業|-1 9 3|75 84 -2 -9|0.4 671
1102 亞泥|水泥工業|-8 -13 -16|90 91 2 -0|0.5 231
1104 環泥|水泥工業|7 11 -3|98 98 9 4|0.8 8
1210 大成|食品工業|14 13 1|86 92 2 1|1.2 26
1215 卜蜂|食品工業|15 16 -2|96 96 -0 14|1.0 37
1216 統一|食品工業|3 8 -2|98 98 1 0|0.6 451
1217 愛之味|食品工業|-1 1 -2|86 98 15 4|0.7 17
1218 泰山|食品工業|4 9 -4|70 70 -6 -7|0.7 154
1219 福壽|食品工業|3 16 -1|70 86 -3 -4|0.6 11
1227 佳格|食品工業|-25 -19 -4|78 93 4 -6|0.7 12
1229 聯華|食品工業|-17 -5 -15|75 87 0 -4|0.9 31
1231 聯華食|食品工業|16 16 3|91 94 6 2|0.6 8
1232 大統益|食品工業|7 14 -3|87 87 -8 -8|1.5 22
1234 黑松|食品工業|17 12 9|94 96 -2 -0|1.4 8
1268 漢來美食|觀光餐旅|12 36 -44|95 95 15 28|2.0 27
1301 台塑|塑膠工業|-29 -25 -24|86 92 2 0|0.5 689
1303 南亞|塑膠工業|-30 -28 -20|85 93 7 15|0.4 606
1304 台聚|塑膠工業|-31 -24 -18|76 92 8 -0|0.7 90
1305 華夏|塑膠工業|-38 -41 -29|81 99 29 8|1.4 172
1308 亞聚|塑膠工業|-25 -14 -22|78 96 1 14|0.5 41
1309 台達化|塑膠工業|-38 -28 -16|73 89 8 -7|0.7 29
1310 台苯|塑膠工業|-32 -20 -34|76 91 2 -0|0.7 5
1312 國喬|塑膠工業|-34 -30 -12|73 92 7 0|0.5 77
1313 聯成|塑膠工業|-20 -26 -20|64 88 7 -7|0.7 21
1316 上曜|建材營造|19 60 -115|41 67 -10 -29|0.5 10
1319 東陽|汽車工業|7 16 -0|77 77 -11 -10|1.1 264
1325 恆大|塑膠工業|-10 -19 28|49 91 15 3|1.2 20
1326 台化|塑膠工業|-16 -6 -12|91 93 4 7|0.5 139
1336 台翰|電子零組|23 37 7|84 84 1 32|0.3 6
1338 廣華-KY|汽車工業|-18 -7 -15|72 72 -22 -23|0.8 5
1339 昭輝|汽車工業|7 7 5|92 92 5 8|0.7 5
1342 八貫|其他|36 24 -10|91 91 68 99|2.0 165
1402 遠東新|紡織纖維|-6 5 -7|95 95 -1 4|0.4 407
1409 新纖|紡織纖維|-31 -13 -19|88 95 4 7|0.5 24
1410 南染|紡織纖維|-30 -18 2|86 86 -3 24|0.1 6
1417 嘉裕|紡織纖維|-20 26 -2|91 91 41 46|2.5 106
1434 福懋|紡織纖維|-9 -0 -9|94 97 -1 6|1.1 17
1437 勤益控|其他|24 7 -11|90 97 4 10|2.8 5
1440 南紡|紡織纖維|3 22 11|68 88 0 -2|0.7 14
1442 名軒|建材營造|-97 -93 -25|94 94 26 67|1.1 36
1444 力麗|紡織纖維|-6 -0 -25|84 84 -4 4|1.0 14
1449 佳和|紡織纖維|-33 -13 -11|71 71 3 19|0.2 6
1451 年興|紡織纖維|2 2 -13|77 77 -10 3|0.6 6
1455 集盛|紡織纖維|-40 -37 -28|65 94 6 -1|0.6 5
1467 南緯|紡織纖維|-30 -23 -19|74 84 -4 -17|0.7 13
1475 業旺|紡織纖維|26 46 -318|84 94 17 11|0.6 7
1476 儒鴻|紡織纖維|-13 6 -12|77 97 20 12|1.0 401
1477 聚陽|紡織纖維|9 5 -15|92 92 14 63|0.8 294
1503 士電|電機機械|23 21 11|95 95 9 3|0.9 9
1504 東元|電機機械|10 10 -1|85 91 -2 -3|0.5 56
1513 中興電|電機機械|23 9 3|100 100 26 35|1.3 1151
1514 亞力|電機機械|17 45 16|86 86 11 -0|1.1 47
1515 力山|電機機械|-81 -82 -13|56 82 1 -14|0.5 20
1517 利奇|電機機械|-39 -12 -24|77 81 -13 -7|0.3 11
1519 華城|電機機械|-3 6 15|100 100 27 45|2.0 265
1522 堤維西|汽車工業|8 15 -1|87 87 2 -2|1.8 80
1524 耿鼎|汽車工業|5 14 -8|84 84 -2 15|1.4 96
1526 日馳|電機機械|-4 9 -22|72 72 -14 4|0.3 10
1527 鑽全|電機機械|-20 -25 -13|92 95 1 6|0.5 6
1528 恩德|電機機械|38 17 7|85 91 3 9|1.0 5
1529 樂事綠能|電機機械|42 33 -80|66 97 8 30|2.2 61
1533 車王電|汽車工業|53 41 18|67 77 -8 -18|0.4 9
1536 和大|汽車工業|1 5 -4|71 71 -23 -4|0.9 91
1537 廣隆|電機機械|-12 102 49|96 96 -3 4|0.3 7
1539 巨庭|電機機械|-68 -55 -49|59 59 -3 7|0.2 13
1558 伸興|電機機械|43 69 65|86 90 5 -6|0.8 9
1560 中砂|電機機械|2 9 -7|64 64 -8 -18|0.4 379
1565 精華|生技醫療|-25 -11 -3|79 93 12 3|0.3 25
1568 倉佑|汽車工業|-7 -8 -8|73 73 -6 -17|0.6 9
1580 新麥|電機機械|-21 -18 -13|89 91 0 -1|1.6 8
1584 精剛|其他|40 28 -37|87 87 27 23|0.8 319
1589 永冠-KY|電機機械|17 19 16|80 91 -7 3|0.3 8
1590 亞德客-KY|電機機械|15 12 7|88 95 25 5|0.5 342
1598 岱宇|運動休閒|3 -29 12|79 92 5 7|0.7 19
1603 華電|電器電纜|84 25 -18|82 90 -6 -4|0.5 11
1604 聲寶|電器電纜|-12 -13 -18|89 92 2 5|1.0 8
1605 華新|電器電纜|-1 -0 -25|96 96 20 41|1.0 3408
1608 華榮|電器電纜|-8 -11 -21|64 87 6 -4|0.3 7
1609 大亞|電器電纜|-12 -9 -11|73 94 15 -3|0.8 84
1611 中電|電器電纜|-23 -16 -4|62 68 -13 -30|0.7 9
1612 宏泰|電器電纜|-2 2 2|58 93 11 0|0.3 8
1618 合機|電器電纜|147 68 42|90 90 5 24|0.5 7
1701 中化|生技醫療|7 9 6|85 85 48 52|1.8 378
1702 南僑|食品工業|11 5 0|94 97 5 1|0.5 5
1707 葡萄王|生技醫療|10 8 3|100 100 24 28|2.1 205
1708 東鹼|化學工業|9 44 -37|59 78 -5 -6|0.4 67
1709 和益|化學工業|-3 14 -2|74 89 -1 7|0.5 13
1710 東聯|化學工業|-16 -19 -4|83 98 4 9|1.9 25
1711 永光|化學工業|-19 -12 -10|66 86 1 -3|0.6 22
1712 興農|化學工業|3 23 -2|81 81 1 17|0.4 35
1717 長興|化學工業|-8 -8 -8|78 87 -1 -4|0.6 45
1720 生達|生技醫療|37 44 16|91 91 29 36|3.2 591
1721 三晃|化學工業|-20 -20 -30|51 82 1 -5|0.4 15
1722 台肥|化學工業|-34 -14 -56|67 83 -2 -10|0.9 66
1723 中碳|化學工業|-26 7 -30|85 89 -0 -8|0.6 20
1727 中華化|化學工業|8 6 -19|49 69 -11 -21|0.3 8
1731 美吾華|生技醫療|-18 -10 -9|94 100 9 16|0.9 7
1732 毛寶|化學工業|-11 -10 -5|63 83 11 14|1.2 25
1733 五鼎|生技醫療|-6 5 -6|89 89 0 -1|1.0 10
1734 杏輝|生技醫療|18 26 7|89 89 13 17|2.5 208
1736 喬山|運動休閒|38 23 14|81 81 -10 31|0.3 104
1752 南光|生技醫療|34 27 22|90 90 75 73|3.6 1291
1760 寶齡富錦|生技醫療|7 5 -19|92 92 18 51|1.1 3039
1762 中化生|生技醫療|35 43 12|92 92 15 20|2.8 158
1773 勝一|化學工業|-20 -16 -25|64 75 2 -18|0.4 17
1777 生泰|生技醫療|108 98 63|92 92 1 30|1.0 27
1783 和康生|生技醫療|20 5 -8|88 88 23 10|2.8 103
1784 訊聯|生技醫療|22 16 10|97 97 12 14|2.0 18
1785 光洋科|其他電子|-35 -35 -22|63 82 3 -12|0.3 33
1786 科妍|生技醫療|17 44 27|91 91 17 39|6.9 32
1789 神隆|生技醫療|-2 0 -3|86 86 2 4|1.1 52
1795 美時|生技醫療|9 78 64|93 93 49 86|0.9 2448
1802 台玻|玻璃陶瓷|-14 -18 -4|85 85 13 24|0.6 342
1808 潤隆|建材營造|-99 -97 -13|99 99 21 29|2.1 19
1809 中釉|玻璃陶瓷|-10 30 9|76 87 3 11|0.7 6
1810 和成|玻璃陶瓷|-28 -13 -12|84 84 86 67|1.1 182
1815 富喬|電子零組|-23 -19 -11|71 77 -5 3|0.2 6
1904 正隆|造紙工業|-14 -12 -12|80 95 2 6|0.4 11
1905 華紙|造紙工業|4 12 3|63 86 -4 -2|0.7 9
1907 永豐餘|造紙工業|-10 -6 -1|73 88 -1 8|0.3 33
1909 榮成|造紙工業|-18 -13 -13|72 98 6 8|1.9 49
2002 中鋼|鋼鐵工業|-29 -28 -30|84 99 10 15|0.7 940
2006 東和鋼鐵|鋼鐵工業|-20 -11 -17|69 94 -4 4|0.6 68
2007 燁興|鋼鐵工業|-21 -16 -17|58 98 24 9|2.2 48
2009 第一銅|鋼鐵工業|-23 -28 -28|59 88 32 18|0.3 94
2010 春源|鋼鐵工業|-23 -17 -16|64 94 5 3|0.6 7
2013 中鋼構|鋼鐵工業|10 27 -1|97 98 11 15|0.5 11
2014 中鴻|鋼鐵工業|-38 -44 -35|62 98 20 12|0.7 597
2015 豐興|鋼鐵工業|-16 -21 -27|69 93 5 -3|0.4 14
2017 官田鋼|鋼鐵工業|-37 -19 -12|75 97 7 16|1.1 9
2023 燁輝|鋼鐵工業|-34 -21 -24|66 95 13 11|0.9 79
2027 大成鋼|鋼鐵工業|-10 0 -20|82 95 9 32|0.4 801
2028 威致|鋼鐵工業|-15 -23 -21|69 98 17 37|1.3 49
2029 盛餘|鋼鐵工業|-42 -44 -39|66 94 4 9|0.9 9
2030 彰源|鋼鐵工業|-26 -18 -35|63 90 -2 11|0.6 45
2031 新光鋼|鋼鐵工業|33 24 2|64 98 24 26|0.9 115
2032 新鋼|鋼鐵工業|-17 -19 -14|58 96 11 11|1.1 30
2033 佳大|鋼鐵工業|-24 -13 -13|62 94 19 6|2.9 21
2034 允強|鋼鐵工業|-30 -31 -31|83 95 6 18|0.5 33
2038 海光|鋼鐵工業|-11 -7 -22|66 93 12 17|1.1 55
2049 上銀|電機機械|-20 -11 -20|60 78 3 -19|0.5 148
2059 川湖|電子零組|8 20 -7|76 79 -19 -2|0.4 79
2063 世鎧精密|鋼鐵工業|2 -18 -21|100 100 28 42|2.0 10
2066 世德|電機機械|22 33 9|80 80 -11 19|0.4 12
2069 運錩|鋼鐵工業|-26 -32 -45|62 89 -1 9|2.0 14
2101 南港|橡膠工業|-26 -20 -10|69 83 -11 -14|0.7 14
2102 泰豐|橡膠工業|15 37 28|67 90 -3 7|0.6 8
2103 台橡|橡膠工業|-12 3 -3|71 93 2 10|0.5 21
2104 國際中橡|橡膠工業|-63 1 2|69 88 -1 -2|0.4 27
2105 正新|橡膠工業|-5 3 5|86 86 -3 -2|0.5 65
2106 建大|橡膠工業|2 10 -2|81 81 -5 -12|0.6 13
2108 南帝|橡膠工業|-39 -44 6|47 86 -0 -7|0.5 23
2201 裕隆|汽車工業|-1 -3 0|93 93 47 34|0.5 1298
2204 中華|汽車工業|26 17 21|87 88 23 -9|0.4 138
2206 三陽工業|汽車工業|6 30 8|81 81 -14 1|0.4 82
2207 和泰車|汽車工業|13 21 20|91 91 2 -2|0.7 99
2208 台船|航運業|8 71 54|86 95 19 6|0.6 56
2211 長榮鋼|鋼鐵工業|-54 -44 -45|83 83 -0 -12|4.3 13
2227 裕日車|汽車工業|35 11 18|78 88 -2 -14|0.7 7
2228 劍麟|汽車工業|22 36 18|88 88 -1 22|0.5 10
2230 泰茂|居家生活|-2 -2 8|82 82 4 55|1.0 19
2231 為升|汽車工業|15 15 16|80 87 -6 10|0.5 112
2233 宇隆|汽車工業|12 8 4|83 84 1 -3|1.0 13
2236 百達-KY|汽車工業|-6 5 4|100 100 25 26|3.6 13
2247 汎德永業|汽車工業|12 8 7|97 97 2 6|0.3 6
2301 光寶科|電腦及週|-0 4 -4|93 93 -2 14|0.4 440
2302 麗正|半導體業|46 35 17|87 87 5 9|0.3 6
2303 聯電|半導體業|15 25 -9|68 89 9 7|0.5 2156
2305 全友|電腦及週|3 4 10|74 74 -5 80|0.1 25
2308 台達電|電子零組|31 33 11|94 94 4 19|0.5 1277
2312 金寶|其他電子|48 50 19|79 90 -3 9|0.2 48
2313 華通|電子零組|4 18 -9|85 85 -2 -3|0.4 393
2314 台揚|通信網路|17 21 13|49 74 -4 -14|0.4 22
2317 鴻海|其他電子|-11 23 11|88 88 -8 -6|0.7 2903
2324 仁寶|電腦及週|-34 -23 -17|93 100 7 5|0.6 229
2327 國巨*|電子零組|13 10 -4|72 93 31 31|0.4 1094
2328 廣宇|電子零組|16 3 -12|93 93 11 17|0.4 115
2329 華泰|半導體業|-8 -10 -10|71 92 4 17|0.5 26
2330 台積電|半導體業|50 48 3|68 87 4 -4|0.5 12906
2331 精英|電腦及週|-50 -35 -43|80 80 -16 5|0.5 27
2332 友訊|通信網路|7 9 -3|79 83 -4 -3|1.0 21
2337 旺宏|半導體業|-42 -34 -29|81 96 7 17|0.4 351
2338 光罩|半導體業|13 20 -9|83 90 42 25|0.7 597
2340 台亞|半導體業|-33 -38 -18|46 78 0 -12|0.3 42
2342 茂矽|半導體業|-9 -3 -18|75 88 7 11|0.3 24
2344 華邦電|半導體業|-24 -24 -25|57 85 -2 -6|0.6 210
2345 智邦|通信網路|27 33 6|83 83 -15 -0|0.5 501
2347 聯強|電子通路|-12 3 -8|80 96 9 10|0.6 254
2351 順德|半導體業|-2 -0 -10|57 78 -14 2|0.4 91
2352 佳世達|電腦及週|-8 -5 -14|89 94 2 2|0.8 125
2353 宏碁|電腦及週|-34 -24 -14|84 94 8 6|0.6 195
2354 鴻準|其他電子|25 -16 -3|80 95 8 10|0.9 132
2355 敬鵬|電子零組|-6 -2 -2|72 88 -1 10|0.3 12
2356 英業達|電腦及週|-8 -1 -10|99 99 13 15|0.5 209
2357 華碩|電腦及週|-17 -7 -11|82 95 17 -0|0.3 603
2358 廷鑫|其他|-58 -60 -49|51 80 -3 -12|0.3 19
2359 所羅門|其他電子|45 32 -6|83 83 11 -3|0.8 67
2360 致茂|其他電子|52 66 35|82 89 -2 21|0.3 127
2363 矽統|半導體業|-43 -62 -34|70 77 -5 -2|1.6 26
2364 倫飛|電腦及週|85 31 19|67 67 0 147|0.2 79
2367 燿華|電子零組|-3 33 -1|74 74 -10 5|0.2 63
2368 金像電|電子零組|13 23 -3|87 87 -3 22|0.4 329
2369 菱生|半導體業|-41 -40 -23|51 79 -3 -11|0.4 6
2371 大同|電機機械|56 46 33|94 97 5 1|0.9 358
2374 佳能|光電業|6 32 -35|64 78 -4 -13|0.6 10
2375 凱美|電子零組|-27 -26 -11|44 72 5 -9|0.5 14
2376 技嘉|電腦及週|-8 -21 -12|82 97 31 46|0.5 988
2377 微星|電腦及週|-25 -30 -24|81 94 15 22|0.5 397
2379 瑞昱|半導體業|-21 -11 -24|54 84 11 -2|0.4 1077
2380 虹光|電腦及週|6 43 36|67 80 -8 26|0.4 8
2382 廣達|電腦及週|-1 18 1|82 88 -4 -3|0.7 455
2383 台光電|電子零組|-11 -9 -15|65 89 14 19|0.3 604
2385 群光|電子零組|-7 -2 -13|98 98 2 15|0.5 136
2387 精元|電腦及週|1 8 2|84 92 3 8|0.5 16
2388 威盛|半導體業|69 37 1|75 75 -13 34|0.4 787
2390 云辰|其他電子|-7 1 3|53 74 -1 -21|0.8 8
2392 正崴|電子零組|-6 13 1|91 93 -0 21|0.2 34
2393 億光|光電業|-22 -25 -6|70 92 4 1|0.3 15
2395 研華|電腦及週|12 15 -4|85 94 11 2|0.3 185
2399 映泰|電腦及週|-54 -28 -22|55 89 10 0|0.7 13
2401 凌陽|半導體業|-45 -39 -30|59 75 -5 -12|0.4 23
2402 毅嘉|電子零組|40 46 29|90 90 -0 30|0.3 49
2404 漢唐|其他電子|104 129 58|97 97 19 32|0.8 147
2405 輔信|電腦及週|-32 -27 -21|58 73 -9 -7|0.3 10
2406 國碩|光電業|-24 -18 -3|52 81 2 -12|0.4 32
2408 南亞科|半導體業|-62 -60 -38|68 87 6 6|0.4 394
2409 友達|光電業|-43 -46 -18|66 79 -3 -4|0.5 532
2412 中華電|通信網路|6 6 2|88 90 2 -8|0.5 782
2413 環科|電子零組|58 55 35|86 86 7 44|0.2 37
2417 圓剛|電腦及週|-10 -11 7|59 89 6 8|0.3 11
2419 仲琦|通信網路|84 72 45|80 80 -10 -1|0.3 31
2421 建準|電子零組|-1 15 9|89 89 10 28|0.3 59
2425 承啟|電腦及週|-7 -11 -15|98 99 32 12|2.5 31
2428 興勤|電子零組|-0 2 1|82 85 4 -4|1.0 23
2436 偉詮電|半導體業|-28 -30 -18|45 75 -2 -18|0.2 28
2439 美律|通信網路|-30 1 1|87 87 -10 17|0.3 45
2441 超豐|半導體業|-39 -41 -29|66 78 -3 -15|0.5 79
2442 新美齊|建材營造|-96 -18 -353|95 95 6 23|0.4 5
2444 兆勁|通信網路|35 17 16|79 79 41 46|1.1 93
2449 京元電子|半導體業|-10 -4 -20|84 92 16 6|0.5 141
2451 創見|半導體業|-24 -16 -5|96 97 -1 12|0.5 17
2454 聯發科|半導體業|-20 -4 -21|60 87 14 -0|0.6 3626
2455 全新|通信網路|-51 -49 -24|49 86 19 -2|1.0 136
2457 飛宏|電子零組|8 13 -7|77 94 5 10|0.4 173
2458 義隆|半導體業|-51 -49 -24|55 76 3 -17|0.5 103
2462 良得電|電子零組|-18 -10 -11|74 94 10 6|1.8 16
2464 盟立|其他電子|1 2 -8|90 93 1 3|0.4 8
2465 麗臺|電腦及週|-51 -29 3|55 95 48 41|0.6 88
2468 華經|資訊服務|-1 28 21|79 79 48 109|0.1 43
2472 立隆電|電子零組|-6 -6 -15|81 93 9 5|0.5 10
2474 可成|其他電子|-18 -8 24|91 91 -1 7|0.3 579
2476 鉅祥|電子零組|5 4 -4|59 76 -3 6|0.3 25
2480 敦陽科|資訊服務|9 5 -6|92 95 4 7|1.8 11
2481 強茂|半導體業|-18 -14 -13|57 83 3 1|0.4 129
2482 連宇|其他電子|206 122 65|81 82 10 -4|0.3 52
2484 希華|電子零組|-10 -11 -14|83 83 3 -0|0.3 53
2485 兆赫|通信網路|42 18 16|78 87 -7 6|0.6 16
2486 一詮|光電業|-17 -24 -15|43 77 15 -17|0.4 66
2492 華新科|電子零組|-16 -17 -1|47 81 1 -13|0.4 127
2495 普安|電腦及週|34 44 21|79 79 15 35|1.0 84
2497 怡利電|汽車工業|42 47 -3|62 79 -8 5|0.2 150
2498 宏達電|通信網路|-16 -17 -4|67 87 4 -4|0.6 944
2501 國建|建材營造|212 124 50|83 89 -2 -5|0.6 10
2504 國產|建材營造|-4 -2 -0|83 97 4 8|0.6 31
2520 冠德|建材營造|134 63 47|83 100 19 9|0.9 20
2530 華建|建材營造|33 67222 45522|89 89 -5 19|0.2 9
2534 宏盛|建材營造|369 174 111|87 87 -7 -0|1.2 33
2535 達欣工|建材營造|-17 6 -10|90 94 -4 2|0.8 7
2540 愛山林|建材營造|-52 -38 -31|73 73 -26 -0|0.6 26
2542 興富發|建材營造|-1 -16 25|90 90 4 11|0.6 283
2545 皇翔|建材營造|-63 -12 -60|74 85 -1 -5|0.5 6
2548 華固|建材營造|-97 -76 -1973|94 94 -1 3|0.7 19
2597 潤弘|建材營造|16 30 11|93 100 55 38|1.2 14
2603 長榮|航運業|-29 -12 -65|50 66 3 -21|0.6 3662
2605 新興|航運業|-5 -12 -11|62 79 -1 -2|0.9 71
2606 裕民|航運業|-34 -29 -39|73 92 20 19|0.5 405
2607 榮運|航運業|27 76 -70|67 79 -16 -4|0.6 80
2608 嘉里大榮|航運業|-10 -9 -7|70 87 -0 -1|0.5 8
2609 陽明|航運業|-43 -29 -64|61 69 -1 -26|0.6 2190
2610 華航|航運業|-20 -15 -35|62 80 -7 -18|0.9 989
2611 志信|航運業|-50 -36 -41|58 72 -6 -16|0.5 12
2612 中航|航運業|-0 4 -24|71 87 12 5|2.0 81
2613 中櫃|航運業|-7 -5 -10|52 73 -16 -20|0.9 11
2614 東森|其他|-3 0 -8|53 78 11 -2|1.2 136
2615 萬海|航運業|-43 -37 -78|49 74 8 -16|1.2 1777
2617 台航|航運業|22 17 -5|74 90 2 0|0.7 32
2618 長榮航|航運業|12 20 -20|77 80 -3 -13|0.8 968
2633 台灣高鐵|航運業|22 37 -33|98 98 1 -2|0.6 99
2634 漢翔|航運業|45 45 13|93 93 6 -1|1.1 359
2636 台驊控股|航運業|-62 -61 -66|55 86 14 -8|0.8 119
2637 慧洋-KY|航運業|-16 -4 -50|61 90 6 -6|0.5 524
2641 正德|航運業|-25 -15 -55|68 86 5 -5|0.8 47
2642 宅配通|航運業|-3 -3 -4|53 86 8 -6|0.7 16
2702 華園|觀光餐旅|37 63 -4|78 78 -3 17|1.1 12
2707 晶華|觀光餐旅|15 30 13|89 89 27 48|2.4 378
2723 美食-KY|觀光餐旅|2 3 4|95 95 38 38|2.9 325
2727 王品|觀光餐旅|-1 9 -2|97 97 21 39|1.9 139
2729 瓦城|觀光餐旅|5 8 -5|96 96 2 29|3.0 14
2731 雄獅|觀光餐旅|159 198 55|93 93 9 17|1.6 243
2732 六角|觀光餐旅|-5 -6 -7|93 93 -7 32|1.5 91
2736 富野|觀光餐旅|-13 22 -85|74 77 -6 -5|2.0 17
2743 山富|觀光餐旅|270 266 -300|82 82 -4 28|1.8 91
2748 雲品|觀光餐旅|31 53 -28|88 88 12 28|5.2 93
2753 八方雲集|觀光餐旅|12 14 -0|100 100 25 56|1.9 202
2754 亞洲藏壽司|觀光餐旅|16 28 -181|94 94 19 84|0.9 118
2756 聯發國際|觀光餐旅|18 6 3|na 96 32 57|1.3 6
2801 彰銀|金融保險|33 19 2|91 97 1 4|0.5 66
2809 京城銀|金融保險|30 -88 -41|85 92 5 2|0.5 113
2812 台中銀|金融保險|4 4 -6|86 93 -2 1|0.7 40
2820 華票|金融保險|-108 -70 -30|86 87 -2 -7|0.5 6
2834 臺企銀|金融保險|20 29 11|95 99 2 17|0.4 202
2838 聯邦銀|金融保險|3 -0 4|95 95 10 30|0.4 10
2845 遠東銀|金融保險|25 7 7|92 96 2 9|0.4 36
2850 新產|金融保險|-1 3 -1|85 85 7 -5|0.5 7
2851 中再保|金融保險|-4 -5 -10|59 70 -12 -30|7.1 16
2855 統一證|金融保險|-35 27 50|74 88 6 8|0.4 8
2880 華南金|金融保險|-5 7 1|96 96 3 10|0.6 188
2881 富邦金|金融保險|-196 -111 -67|77 93 11 8|0.5 661
2882 國泰金|金融保險|-96 -68 -29|65 86 1 -10|1.2 995
2883 凱基金|金融保險|-135 -89 -47|69 90 2 -1|0.4 249
2884 玉山金|金融保險|-2 -6 -2|74 84 -5 -4|0.4 341
2885 元大金|金融保險|-56 -29 -3|88 96 11 14|0.5 372
2886 兆豐金|金融保險|1 -21 -16|72 85 -2 -6|0.5 351
2887 台新新光金|金融保險|6 17 1|78 94 10 7|0.6 196
2889 國票金|金融保險|-39 -53 -17|73 83 -1 -6|1.2 83
2890 永豐金|金融保險|-16 -1 -4|90 90 -2 12|0.5 404
2891 中信金|金融保險|-115 -80 -75|76 89 8 -0|0.4 896
2892 第一金|金融保險|-1 5 -3|94 98 3 11|0.8 304
2903 遠百|貿易百貨|-3 0 -5|96 96 11 13|2.2 36
2906 高林|貿易百貨|-7 -9 -23|65 87 4 1|1.0 23
2912 統一超|貿易百貨|10 11 1|94 94 -2 -2|0.6 230
2913 農林|貿易百貨|-9 -9 -19|88 88 2 13|0.3 21
2915 潤泰全|貿易百貨|-2 7 -1|59 90 28 -7|0.4 430
2929 淘帝-KY|貿易百貨|-18 -15 -5|93 93 58 43|1.8 144
3003 健和興|電子零組|-5 -2 -10|78 82 -3 -4|0.4 15
3004 豐達科|鋼鐵工業|88 65 14|90 90 2 14|0.5 12
3005 神基|電腦及週|12 20 10|78 90 2 4|0.5 41
3006 晶豪科|半導體業|-54 -54 -32|42 76 -2 -16|0.3 142
3008 大立光|光電業|20 22 21|81 89 12 11|0.5 1035
3010 華立|電子通路|-12 -6 -14|79 88 -3 2|0.6 11
3011 今皓|電子零組|-42 -27 -33|71 74 17 -9|1.7 12
3013 晟銘電|電腦及週|49 30 6|79 79 23 32|1.6 103
3014 聯陽|半導體業|-28 -41 -19|71 98 23 11|1.3 45
3016 嘉晶|半導體業|-2 2 -18|53 76 -8 -10|0.3 45
3017 奇鋐|電腦及週|24 25 5|89 89 2 16|0.2 555
3019 亞光|光電業|-20 -9 -5|67 90 3 2|0.3 30
3022 威強電|電腦及週|63 58 28|90 90 24 58|0.4 193
3023 信邦|電子零組|24 27 8|94 94 -4 11|0.3 80
3024 憶聲|光電業|-0 -20 -28|94 94 2 12|0.3 7
3025 星通|通信網路|-60 -32 -26|77 77 -18 17|0.1 14
3026 禾伸堂|電子零組|-10 -5 4|82 98 3 -0|1.1 9
3027 盛達|通信網路|8 18 -1|90 90 39 95|0.8 401
3029 零壹|資訊服務|6 -12 -16|87 94 3 4|0.6 5
3030 德律|其他電子|13 23 -3|93 96 1 5|0.4 21
3033 威健|電子通路|-4 3 1|86 96 3 8|0.5 14
3034 聯詠|半導體業|-36 -44 -39|75 100 40 39|1.4 1842
3035 智原|半導體業|20 27 -50|47 75 8 -2|0.6 1729
3036 文曄|電子通路|-8 33 4|68 87 -1 -4|0.4 82
3037 欣興|電子零組|23 33 -5|49 68 2 -19|0.4 3681
3038 全台|光電業|9 16 2|88 88 -1 5|0.4 18
3041 揚智|半導體業|-10 -25 -30|48 80 1 -11|0.5 13
3042 晶技|電子零組|-12 -16 -5|83 91 14 -1|0.6 66
3044 健鼎|電子零組|-9 -5 -12|75 92 2 -1|0.7 96
3045 台灣大|通信網路|13 12 2|90 91 2 -10|0.4 184
3046 建碁|電腦及週|4 4 -30|77 77 -12 65|0.2 85
3047 訊舟|通信網路|-0 13 1|82 82 -9 20|0.3 51
3048 益登|電子通路|-8 5 -7|78 88 -6 -3|0.6 8
3050 鈺德|光電業|13 6 -5|90 95 7 9|0.9 33
3051 力特|光電業|-19 -5 2|46 78 -2 13|0.5 13
3056 富華新|建材營造|1202 20937 12494|82 92 -2 15|0.4 14
3059 華晶科|光電業|60 87 24|65 87 -6 -6|0.2 44
3062 建漢|通信網路|103 87 48|71 74 -8 -19|0.2 61
3078 僑威|電子零組|-29 -30 6|78 87 2 2|0.6 7
3081 聯亞|通信網路|115 111 81|52 60 -23 0|0.3 249
3083 網龍|文化創意|-9 -9 -16|76 100 22 16|5.4 35
3088 艾訊|電腦及週|19 19 -18|88 94 12 2|1.3 10
3089 億杰|電子零組|-89 -50 -24|95 95 58 81|0.8 9
3090 日電貿|電子零組|9 -4 -6|98 98 6 21|0.6 14
3092 鴻碩|電子零組|-40 -28 -52|47 70 -9 -22|0.3 9
3093 港建*|其他電子|-28 -16 -49|68 68 20 -6|1.0 8
3105 穩懋|半導體業|-49 -49 -25|39 76 13 -18|0.6 377
3128 昇銳|光電業|-15 16 -14|79 79 42 131|0.3 187
3131 弘塑|半導體業|3 -3 -12|65 79 5 11|0.2 11
3138 耀登|通信網路|33 31 8|58 80 -8 7|0.4 51
3141 晶宏|半導體業|-62 -54 -63|31 57 -9 -31|0.3 92
3147 大綜|資訊服務|-34 -40 -19|85 85 0 25|0.4 6
3149 正達|光電業|-2 -0 3|55 81 -14 12|0.2 9
3152 璟德|通信網路|-29 -38 10|54 85 10 4|0.5 9
3162 精確|電機機械|83 145 78|92 92 7 15|1.0 161
3163 波若威|通信網路|38 36 -9|81 81 0 -1|0.3 67
3164 景岳|生技醫療|-14 -19 -9|81 81 -5 -6|0.6 10
3169 亞信|半導體業|-29 -25 -42|37 78 8 -14|0.3 40
3176 基亞|生技醫療|-94 -91 -139|55 68 -6 -20|1.3 8
3178 公準|半導體業|5 4 -5|83 85 6 14|0.2 6
3189 景碩|半導體業|-14 4 -20|46 73 5 -18|0.3 1051
3205 佰研|生技醫療|-11 -12 -2|53 53 -7 -18|0.2 20
3207 耀勝|電子零組|28 27 -2|90 90 7 46|0.2 92
3209 全科|電子通路|41 26 2|91 91 6 10|0.6 14
3211 順達|電腦及週|-8 9 14|69 91 0 7|0.6 6
3217 優群|電子零組|-30 -22 -14|62 88 18 10|0.4 18
3218 大學光|生技醫療|33 30 -3|86 86 10 -0|1.1 149
3221 台嘉碩|通信網路|-20 -25 -45|65 65 -1 -26|0.8 12
3224 三顧|電子通路|-58 -43 -50|63 74 -5 -4|0.3 7
3227 原相|半導體業|-36 -43 -2|70 96 12 16|0.8 32
3228 金麗科|半導體業|-5 -4 7|38 49 -23 -41|0.5 150
3231 緯創|電腦及週|3 5 -13|96 96 9 20|0.5 349
3232 昱捷|電子通路|9 85 19|80 80 -3 23|0.3 7
3234 光環|通信網路|-38 -34 -12|74 74 -5 -11|0.4 7
3236 千如|電子零組|20 17 -8|86 86 -3 18|0.3 16
3252 海灣|觀光餐旅|-33 -0 -55|77 81 -6 2|2.4 7
3260 威剛|半導體業|-27 -15 -8|64 90 2 5|0.3 52
3264 欣銓|半導體業|22 23 3|94 95 12 37|0.4 91
3265 台星科|半導體業|3 8 -24|85 90 13 4|0.6 57
3272 東碩|電腦及週|188 161 99|79 79 32 63|0.3 39
3289 宜特|其他電子|10 14 -3|83 83 -2 59|0.3 319
3290 東浦|電子零組|12 2 -5|84 94 12 18|1.0 14
3293 鈊象|文化創意|12 7 2|100 100 22 29|1.6 785
3297 杭特|光電業|-57 -42 -43|76 76 7 15|0.3 7
3305 昇貿|其他電子|-34 -29 -47|51 72 -4 -20|0.3 13
3317 尼克森|半導體業|-21 -21 -15|65 83 8 -8|0.4 17
3322 建舜電|電子零組|-51 -38 -11|66 83 3 22|0.3 6
3324 雙鴻|其他電子|-16 -16 -18|62 86 14 -10|0.3 204
3346 麗清|汽車工業|26 42 19|78 81 -4 18|0.5 66
3356 奇偶|光電業|7 10 3|81 81 19 43|0.3 147
3362 先進光|光電業|-18 -12 -19|81 81 10 12|0.3 125
3373 熱映|其他電子|-27 -23 15|69 88 11 39|1.0 12
3374 精材|半導體業|9 -0 -4|67 74 3 -14|0.4 100
3376 新日興|電子零組|-30 -13 -14|87 87 -7 11|0.5 14
3380 明泰|通信網路|70 45 27|82 82 -3 1|0.3 26
3402 漢科|其他電子|21 37 -9|91 94 3 9|0.5 6
3406 玉晶光|光電業|3 14 -7|61 77 -4 -15|0.6 772
3413 京鼎|半導體業|30 30 7|72 83 -4 -2|0.5 75
3419 譁裕|通信網路|78 49 28|71 85 11 14|0.2 24
3430 奇鈦科|化學工業|-12 -15 na|na na -19 na|0.5 7
3432 台端|電子零組|-53 -9 21|67 67 -6 40|0.2 7
3438 類比科|半導體業|-49 -53 -22|63 97 9 18|1.2 16
3441 聯一光電|光電業|-32 -27 -29|85 85 14 2|0.2 28
3443 創意|半導體業|52 51 2|84 84 12 43|0.8 4798
3444 利機|電子通路|-9 -20 -9|76 76 12 19|0.7 90
3454 晶睿|光電業|158 149 70|92 92 61 165|0.9 1963
3455 由田|光電業|8 6 -9|75 89 -5 9|0.5 33
3466 德晉|通信網路|101 71 69|94 94 41 19|3.6 48
3479 安勤|電腦及週|75 88 27|99 99 55 36|6.6 129
3481 群創|光電業|-39 -41 -9|62 83 7 4|0.5 460
3483 力致|電腦及週|-30 -22 -29|61 83 6 -6|0.4 10
3491 昇達科|通信網路|-32 -16 -24|65 76 1 -15|0.3 178
3494 誠研|電腦及週|-13 6 -13|69 69 9 24|0.6 22
3498 陽程|其他電子|99 137 112|100 100 42 64|0.9 7
3499 環天科|通信網路|-48 -22 -2|71 87 17 10|0.3 13
3501 維熹|電子零組|1 5 -9|95 95 5 18|0.3 14
3504 揚明光|光電業|-40 -20 -31|64 69 -9 -17|0.2 86
3508 位速|其他電子|-56 -43 -42|54 81 21 -12|1.6 32
3511 矽瑪|電子零組|11 18 -86|79 79 -12 12|0.2 9
3515 華擎|電腦及週|3 3 6|60 99 68 55|1.2 357
3520 華盈|電子零組|8 36 -14|70 70 -8 18|0.3 16
3521 台鋼建設|建材營造|-11 5 -13|77 77 -20 40|0.5 14
3526 凡甲|電子零組|-30 -20 -14|60 74 -17 -9|0.3 11
3527 聚積|半導體業|-24 -37 -26|57 79 4 -4|0.5 15
3529 力旺|半導體業|46 29 -8|64 91 12 44|0.8 1046
3532 台勝科|半導體業|41 41 8|38 75 -2 -13|0.5 154
3533 嘉澤|電子零組|18 28 -2|90 90 2 23|0.7 410
3535 晶彩科|光電業|-86 57 14|60 77 -20 -19|0.2 21
3540 曜越|電腦及週|27 1 26|67 93 20 20|0.7 6
3545 敦泰|半導體業|-42 -47 -11|42 73 -8 -18|0.7 117
3546 宇峻|文化創意|-20 -7 -2|83 99 4 17|2.7 12
3548 兆利|電子零組|-39 -14 -22|79 89 1 8|1.5 8
3552 同致|其他電子|16 19 3|71 71 -13 -7|0.3 162
3558 神準|通信網路|150 123 55|83 83 4 7|0.3 578
3563 牧德|光電業|-32 -33 -11|50 83 4 -3|0.5 7
3576 聯合再生|光電業|51 55 10|85 88 -5 1|0.7 126
3577 泓格|電腦及週|18 30 6|96 96 27 30|3.7 33
3580 友威科|其他電子|15 43 7|78 78 -4 6|0.4 31
3583 辛耘|半導體業|9 16 -9|66 86 4 2|0.4 18
3587 閎康|其他電子|26 29 11|93 93 9 40|0.6 355
3588 通嘉|半導體業|-51 -52 -40|40 72 7 -23|0.1 18
3592 瑞鼎|半導體業|-34 -39 -42|na 100 47 24|1.0 197
3594 磐儀|電腦及週|30 40 24|93 93 2 1|0.5 28
3596 智易|通信網路|41 37 15|72 72 -4 -19|0.3 69
3617 碩天|其他電子|25 40 16|81 81 -1 38|0.3 35
3624 光頡|電子零組|-20 -14 -26|42 67 -6 -28|0.4 23
3628 盈正|其他電子|124 52 32|74 91 13 11|0.4 5
3630 新鉅科|光電業|-34 -40 -5|71 81 0 1|0.2 7
3645 達邁|電子零組|-39 -38 -23|54 79 -3 -15|0.4 9
3653 健策|電子零組|47 49 12|90 90 -10 33|1.1 452
3661 世芯-KY|半導體業|108 72 45|71 90 -7 48|0.7 3450
3665 貿聯-KY|其他電子|77 84 -5|70 70 -17 -23|0.4 493
3669 圓展|通信網路|-9 -12 7|71 90 13 15|0.9 16
3673 TPK-KY|光電業|-13 3 6|70 79 -10 -10|0.5 12
3675 德微|半導體業|-7 -3 -12|48 68 -16 -8|0.3 143
3680 家登|半導體業|5 6 -44|84 94 1 46|1.3 258
3686 達能|半導體業|-96 -91 -26|56 73 4 -23|0.5 13
3687 歐買尬|數位雲端|-2 4 -4|45 92 30 -4|3.7 72
3689 湧德|電子零組|6 -1 -8|65 81 2 -9|0.4 7
3691 碩禾|光電業|-27 -19 -0|50 62 -12 -28|0.4 37
3693 營邦|電腦及週|132 85 40|94 94 58 122|0.4 85
3701 大眾控|電腦及週|11 19 -8|46 70 -2 -12|0.3 13
3702 大聯大|電子通路|-17 -6 -11|88 91 1 -2|0.6 166
3703 欣陸|建材營造|-42 -13 -41|84 84 -8 1|0.4 23
3704 合勤控|通信網路|57 43 27|89 99 34 40|1.2 125
3705 永信|生技醫療|-2 -10 -7|90 90 14 11|5.2 228
3706 神達|電腦及週|12 40 27|90 99 8 9|1.0 57
3707 漢磊|半導體業|3 12 -12|59 74 -12 -2|0.5 235
3708 上緯投控|綠能環保|-7 -12 -8|70 88 1 -14|1.1 107
3710 連展投控|電子零組|-16 -14 -3|64 64 -14 -1|0.7 16
3711 日月光投控|半導體業|-1 15 -6|92 93 15 21|0.4 1195
3712 永崴投控|電腦及週|-21 -6 -45|87 99 13 6|4.0 9
3713 新晶投控|綠能環保|145 384 214|78 86 3 -5|1.0 9
3714 富采|光電業|-33 -35 na|45 86 5 -7|0.5 113
3715 定穎投控|電子零組|na na na|na na -9 na|0.7 10
4102 永日|生技醫療|80 37 14|80 80 21 91|1.1 392
4104 佳醫|生技醫療|9 12 2|98 98 5 14|2.4 16
4105 東洋|生技醫療|40 22 6|99 99 13 20|0.7 226
4106 雃博|生技醫療|28 4 -8|70 84 14 21|1.2 134
4107 邦特|生技醫療|6 14 6|90 90 -4 10|0.6 24
4111 濟生|生技醫療|6 7 -5|91 91 13 20|1.5 38
4114 健喬|生技醫療|32 37 4|87 87 28 44|1.9 2456
4116 明基醫|生技醫療|86 101 -0|75 82 7 -8|0.4 77
4119 旭富|生技醫療|25 57 51|98 98 6 20|0.5 41
4121 優盛|生技醫療|-2 3 -7|83 95 20 33|1.7 92
4123 晟德|生技醫療|86 117 64|84 88 -1 -3|1.3 68
4126 太醫|生技醫療|32 33 26|93 93 10 15|1.4 30
4127 天良|生技醫療|-8 -22 -23|79 96 8 9|2.2 7
4128 中天|生技醫療|-0 -3 -2|78 78 -4 25|0.8 361
4129 聯合|生技醫療|33 32 10|92 92 56 65|1.3 117
4130 健亞|生技醫療|14 13 2|77 77 25 17|1.6 373
4133 亞諾法|生技醫療|10 19 23|50 86 15 6|2.8 68
4137 麗豐-KY|生技醫療|-30 -28 -9|89 93 24 11|1.3 228
4142 國光生|生技醫療|-49 -16 -402|78 85 0 -10|0.5 37
4147 中裕|生技醫療|526 247 208|96 96 14 23|1.1 95
4148 全宇生技-KY|生技醫療|34 62 -7|58 73 -11 3|0.3 9
4153 鈺緯|生技醫療|117 55 17|89 89 32 38|4.7 29
4155 訊映|生技醫療|56 13 -17|96 96 9 23|0.9 72
4157 太景*-KY|生技醫療|99 459 347|75 75 2 -8|0.6 48
4161 聿新科|生技醫療|27 12 10|87 87 10 14|0.5 26
4162 智擎|生技醫療|-4 -2 -9|88 88 15 39|0.8 1101
4163 鐿鈦|生技醫療|23 30 11|90 90 8 26|2.0 64
4164 承業醫|生技醫療|9 40 -4|93 94 0 22|0.3 20
4167 松瑞藥|生技醫療|-52 -26 2|85 85 34 47|2.0 784
4168 醣聯|生技醫療|-100 -38 na|69 69 -3 2|0.3 61
4171 瑞基|農業科技|-57 -51 -34|47 89 38 1|6.8 56
4173 久裕|生技醫療|7 9 -2|85 92 7 13|3.2 20
4174 浩鼎|生技醫療|-100 -62 -465|51 78 -7 -17|2.3 26
4175 杏一|生技醫療|4 5 -5|80 92 9 13|1.7 18
4190 佐登-KY|生技醫療|23 16 13|91 91 5 11|2.0 32
4306 炎洲|塑膠工業|-30 -23 -11|95 95 3 4|0.7 7
4426 利勤|紡織纖維|272 336 190|79 79 10 0|0.8 17
4432 銘旺實|紡織纖維|36 8 -24|81 81 11 31|0.4 19
4438 廣越|紡織纖維|3 69 -11|83 83 -13 15|0.3 15
4503 金雨|電機機械|11 49 12|86 91 7 0|3.3 8
4523 永彰|電機機械|33 4 4|98 98 33 45|1.1 7
4532 瑞智|電機機械|-37 -39 -21|80 80 -7 4|0.7 5
4536 拓凱|運動休閒|15 26 -3|88 88 16 37|0.4 146
4541 晟田|其他|35 27 -9|83 83 1 -0|0.8 17
4543 萬在|電機機械|-2 -4 -11|72 72 -7 -8|0.3 5
4551 智伸科|汽車工業|3 3 -2|85 85 -9 -6|0.4 56
4557 永新-KY|汽車工業|-12 107 30|74 74 -14 33|0.4 5
4566 時碩工業|電機機械|29 31 13|86 86 -6 11|0.4 28
4572 駐龍|電機機械|57 58 -1|87 87 -6 -9|0.3 43
4721 美琪瑪|化學工業|-35 -22 -85|65 72 -15 -14|0.4 50
4726 永昕|生技醫療|62 -1 -24|72 72 -3 -1|0.6 43
4728 雙美|生技醫療|588 218 135|80 80 -8 9|1.2 9
4736 泰博|生技醫療|-21 34 -25|65 82 8 -2|1.4 194
4739 康普|化學工業|-16 -5 -35|57 69 -4 -18|0.3 85
4743 合一|生技醫療|-26 -35 -1046|82 82 -5 44|0.8 2413
4746 台耀|生技醫療|10 31 11|90 90 42 56|1.5 657
4747 強生製藥|生技醫療|26 26 9|81 81 55 56|1.4 71
4755 三福化|化學工業|-30 -20 -53|53 73 1 -16|0.3 60
4763 材料*-KY|化學工業|56 75 20|100 100 54 85|2.0 484
4768 晶呈科技|化學工業|86 115 na|na 68 -25 36|0.4 104
4770 上品|化學工業|19 78 7|83 83 -3 26|1.2 434
4904 遠傳|通信網路|-1 5 -0|79 84 -3 -15|0.4 227
4906 正文|通信網路|69 65 42|85 85 -4 -9|0.5 31
4908 前鼎|通信網路|-0 -8 -30|73 73 -16 1|0.4 6
4915 致伸|電子零組|-3 2 -12|79 79 -12 -8|0.2 183
4916 事欣科|電腦及週|98 70 43|83 91 17 17|0.3 23
4919 新唐|半導體業|-1 -4 -7|63 93 4 8|0.3 523
4927 泰鼎-KY|電子零組|-9 -3 -15|42 83 2 -14|0.2 37
4931 新盛力|電腦及週|26 120 12|80 80 1 44|0.2 199
4934 太極|光電業|107 136 86|69 91 5 -2|0.9 23
4935 茂林-KY|光電業|-24 -2 7|70 85 3 2|0.4 5
4938 和碩|電腦及週|-28 -15 -31|94 97 9 8|0.4 283
4946 辣椒|文化創意|-31 -8 -237|60 88 11 1|1.5 5
4950 金耘國際|鋼鐵工業|-98 -96 -85|72 82 -5 -17|1.9 25
4952 凌通|半導體業|-43 -43 -38|60 71 -2 -18|0.4 8
4953 緯致|資訊服務|20 24 -6|91 92 3 19|0.3 17
4958 臻鼎-KY|電子零組|-22 13 -4|84 84 -2 11|0.6 561
4960 誠美材|光電業|-31 -41 -29|76 92 -2 10|0.8 9
4961 天鈺|半導體業|-32 -40 -38|50 95 22 6|1.0 255
4966 譜瑞-KY|半導體業|-37 -32 -44|38 68 14 -22|0.3 645
4968 立積|半導體業|16 9 39|42 75 11 -14|1.6 213
4974 亞泰|電子零組|20 29 26|100 100 7 16|0.6 10
4976 佳凌|光電業|-26 -29 0|54 77 -3 -11|0.2 6
4977 眾達-KY|通信網路|99 72 59|87 87 -5 39|1.0 329
4979 華星光|通信網路|79 104 65|76 76 16 48|0.6 214
5009 榮剛|鋼鐵工業|25 30 -14|96 96 15 45|0.7 435
5011 久陽|鋼鐵工業|23 17 -17|60 81 15 -12|0.5 12
5014 建錩|鋼鐵工業|-14 -16 -26|81 97 28 15|1.5 67
5015 華祺|鋼鐵工業|-23 0 -15|76 76 -3 37|0.3 30
5203 訊連|資訊服務|28 14 6|75 81 -8 1|0.3 6
5222 全訊|半導體業|32 11 1|66 86 6 6|0.3 38
5225 東科-KY|其他電子|36 43 4|84 84 -1 72|0.3 39
5227 立凱-KY|電子零組|30 165 11|74 89 2 39|0.3 22
5234 達興材料|光電業|-22 -29 -19|45 88 2 -8|0.5 7
5243 乙盛-KY|光電業|14 25 8|82 82 -12 -12|0.3 49
5245 智晶|光電業|-23 -11 -11|55 75 -14 -4|0.6 8
5251 天鉞電|光電業|16 63 20|77 77 -10 51|0.2 16
5258 虹堡|電腦及週|70 72 2|82 82 6 1|0.2 196
5263 智崴|文化創意|16 5 8|97 97 12 16|2.2 52
5269 祥碩|半導體業|-19 -21 -5|37 66 0 -28|0.5 493
5272 笙科|半導體業|-60 -59 -57|56 68 -3 -21|0.6 9
5274 信驊|半導體業|38 46 -1|54 76 -3 -6|0.5 709
5284 jpp-KY|其他|60 51 21|99 99 36 60|1.5 186
5285 界霖|半導體業|-18 -12 -14|59 69 -11 -20|0.4 8
5288 豐祥-KY|電機機械|31 58 18|88 88 -11 11|0.6 22
5289 宜鼎|電腦及週|-13 -5 -14|91 92 17 17|0.5 22
5299 杰力|半導體業|-47 -49 -42|55 82 18 -9|0.3 15
5306 桂盟|運動休閒|-30 -19 -14|61 87 3 -8|0.4 19
5309 系統電|電子零組|17 30 -14|83 87 -0 9|0.4 73
5321 美而快|數位雲端|5 16 1|49 77 -1 -14|0.4 9
5347 世界|半導體業|-27 -15 -44|53 88 20 13|0.6 455
5351 鈺創|半導體業|-70 -62 -66|47 80 18 -12|0.6 164
5353 台林|通信網路|19 33 -5|66 66 -30 -8|0.2 19
5371 中光電|光電業|-26 -15 -24|66 85 2 21|1.2 77
5386 青雲|電腦及週|-33 -32 -54|74 91 21 19|0.7 11
5388 中磊|通信網路|28 56 8|73 73 -11 -15|0.3 142
5410 國眾|資訊服務|108 371 277|89 89 29 45|0.1 24
5425 台半|半導體業|13 14 -7|79 79 -0 3|0.2 399
5426 振發|電腦及週|39 32 6|79 79 -10 14|0.7 7
5434 崇越|電子通路|17 21 -7|95 95 4 18|0.8 44
5443 均豪|半導體業|57 38 32|86 89 5 20|0.6 12
5457 宣德|電子零組|-38 -15 -30|61 74 -4 -0|0.6 30
5469 瀚宇博|電子零組|-20 -20 -8|75 90 5 8|0.3 22
5471 松翰|半導體業|-55 -58 -17|59 81 4 -11|0.6 28
5478 智冠|文化創意|24 14 23|85 100 12 10|2.9 13
5483 中美晶|半導體業|14 18 -1|62 86 11 9|0.6 478
5522 遠雄|建材營造|-49 -35 -48|91 92 -0 -3|0.4 54
5530 龍巖|其他|-8 8 -7|79 91 0 -5|1.5 12
5534 長虹|建材營造|192 109 -503|97 97 2 8|1.1 10
5536 聖暉*|其他電子|33 35 -7|46 47 0 -41|0.9 29
5603 陸海|航運業|-19 -24 -29|54 66 -11 -18|0.6 8
5607 遠雄港|航運業|-3 10 -25|72 87 -13 10|0.6 24
5608 四維航|航運業|-36 -20 -70|55 78 -10 -16|0.5 251
5609 中菲行|航運業|-43 -31 -60|70 84 9 0|0.3 11
5704 老爺知|觀光餐旅|-6 15 -141|91 91 3 64|1.0 32
5706 鳳凰|觀光餐旅|421 170 140|89 91 6 13|1.5 113
5871 中租-KY|其他|21 21 1|86 96 16 13|0.6 1143
5876 上海商銀|金融保險|27 25 10|85 85 -8 -7|0.5 194
5880 合庫金|金融保險|19 3 7|90 93 0 7|0.5 189
5903 全家|居家生活|11 10 2|84 98 7 7|1.4 14
5904 寶雅|居家生活|4 7 -4|98 98 21 41|1.1 247
5905 南仁湖|觀光餐旅|-19 0 -52|79 91 -5 3|2.3 10
5907 大洋-KY|貿易百貨|-42 -19 -3|93 93 23 13|1.4 18
6005 群益證|金融保險|-18 -36 -2|72 87 3 -4|0.8 21
6026 福邦證|金融業|-56 -114 -42|55 81 -0 -8|0.9 6
6104 創惟|半導體業|-46 -44 -69|30 64 2 -31|0.3 335
6109 亞元|通信網路|-4 12 -1|83 83 5 29|0.3 35
6111 光聚晶電|文化創意|248 255 -32|84 100 38 12|3.5 230
6113 亞矽|電子通路|-54 -23 -36|59 63 -3 -20|0.1 5
6116 彩晶|光電業|-31 -26 9|67 91 -9 10|0.6 64
6118 建達|電子通路|-23 -10 -13|77 78 11 -5|1.2 186
6121 新普|電腦及週|4 3 4|97 98 10 27|0.5 129
6122 擎邦|電機機械|29 37 -13|93 93 19 5|1.3 12
6125 廣運|電機機械|21 41 10|76 76 -9 -8|0.4 45
6129 普誠|半導體業|19 14 -6|72 72 -5 -2|0.3 51
6133 金橋|電子零組|-6 34 -6|76 76 -5 88|0.4 77
6138 茂達|半導體業|-43 -39 -43|44 80 4 -10|0.4 128
6139 亞翔|其他電子|22 63 -4|96 96 23 32|1.4 61
6142 友勁|通信網路|66 133 92|88 93 5 20|0.7 10
6143 振曜|通信網路|36 39 25|92 92 10 50|0.9 103
6146 耕興|其他電子|14 14 -6|80 80 -6 17|0.6 84
6147 頎邦|半導體業|-11 -19 -10|90 99 13 17|0.9 73
6150 撼訊|電腦及週|-74 -74 -68|46 90 42 20|0.7 127
6153 嘉聯益|電子零組|0 32 30|81 81 -11 14|0.2 65
6155 鈞寶|電子零組|-22 -11 -11|95 96 18 17|1.1 7
6156 松上|電子零組|-23 -18 -12|79 88 13 20|0.2 7
6160 欣技|電腦及週|-6 -14 -3|81 81 11 -5|0.5 5
6170 統振|通信網路|-35 -36 -23|79 96 14 40|0.5 5
6173 信昌電|電子零組|-37 -41 -13|56 83 -4 -8|0.5 8
6175 立敦|電子零組|-19 -26 -20|71 98 18 8|0.5 6
6176 瑞儀|光電業|3 22 17|97 97 7 26|0.6 153
6177 達麗|建材營造|-96 -70 -7632|100 100 11 12|2.0 10
6180 橘子|文化創意|-17 -11 -8|100 100 20 22|4.4 75
6182 合晶|半導體業|3 16 -13|50 77 2 -8|0.4 96
6186 新潤|建材營造|na na na|97 97 29 54|1.5 32
6187 萬潤|半導體業|-11 -31 -22|45 72 -1 -13|0.4 46
6188 廣明|電腦及週|6 13 -1|87 90 3 4|0.7 23
6190 萬泰科|通信網路|-23 -7 -31|70 70 -18 -11|0.6 23
6191 精成科|電子零組|-18 -12 -2|75 91 5 7|0.3 13
6192 巨路|其他電子|-8 -2 -9|89 92 1 -7|1.1 7
6196 帆宣|其他電子|20 45 -8|68 93 6 13|0.5 80
6197 佳必琪|電子零組|9 16 2|90 98 4 21|0.6 9
6202 盛群|半導體業|-49 -47 -40|63 87 4 -4|0.6 81
6205 詮欣|電子零組|10 29 5|74 79 -13 12|0.2 60
6206 飛捷|電腦及週|-53 -29 -55|69 69 -2 -21|0.5 16
6209 今國光|光電業|-35 -12 -16|67 80 -4 -16|0.4 6
6213 聯茂|電子零組|-7 -18 -13|55 94 24 -1|0.3 118
6214 精誠|資訊服務|25 20 8|88 95 5 -3|0.6 59
6217 中探針|電子零組|-21 -12 -29|67 67 -2 -20|0.3 35
6220 岳豐|電子零組|-30 -28 -29|74 74 -13 16|0.4 16
6223 旺矽|半導體業|2 5 -12|90 90 38 50|0.8 329
6224 聚鼎|電子零組|-10 -13 -17|48 83 6 -13|0.5 6
6230 尼得科超眾|電腦及週|6 18 4|68 86 12 8|0.2 5
6231 系微|資訊服務|-16 -4 -19|80 87 29 27|0.6 48
6233 旺玖|半導體業|4 -3 -3|60 83 9 -1|0.9 6
6234 高僑|光電業|103 39 -25|96 96 30 33|2.9 42
6235 華孚|電腦及週|38 50 2|81 88 6 -2|0.5 125
6237 驊訊|半導體業|-27 -43 4|45 74 -1 4|0.5 30
6239 力成|半導體業|-20 -14 -18|87 92 5 1|0.5 201
6242 立康|生技醫療|9 147 42|77 92 13 12|3.3 8
6243 迅杰|半導體業|13 -11 -2|45 82 -1 -12|0.3 6
6244 茂迪|光電業|20 -3 -0|80 93 6 4|1.2 173
6245 立端|通信網路|22 21 -5|87 87 54 45|0.4 493
6248 沛波|鋼鐵工業|12 77 -0|97 97 10 14|0.6 6
6257 矽格|半導體業|5 2 -15|85 94 8 3|0.4 45
6261 久元|半導體業|-30 -28 -21|69 85 -1 -5|0.5 6
6266 泰詠|電子零組|35 44 13|70 86 2 10|0.9 19
6269 台郡|電子零組|-19 18 -2|88 88 7 21|0.2 89
6271 同欣電|半導體業|-14 -6 -9|63 83 13 -1|0.5 357
6274 台燿|電子零組|-18 -19 -12|55 91 24 -1|0.2 59
6278 台表科|光電業|-9 -9 -26|69 84 7 11|0.6 96
6279 胡連|電子零組|40 46 16|80 80 -18 -5|0.6 323
6282 康舒|電子零組|-7 5 -14|79 96 3 -1|0.6 73
6284 佳邦|電子零組|-2 -3 -1|70 96 20 14|0.9 22
6285 啟碁|通信網路|49 65 26|86 86 -10 12|0.5 319
6288 聯嘉|汽車工業|15 14 8|74 88 -0 0|0.7 23
6290 良維|電子零組|-18 -6 -9|89 89 -7 4|0.3 42
6409 旭隼|其他電子|12 24 -11|83 83 8 5|0.4 206
6411 晶焱|半導體業|-70 -66 -44|38 74 -5 -19|0.5 30
6412 群電|電子零組|-11 -7 -11|92 98 8 4|0.4 10
6414 樺漢|電腦及週|10 32 8|79 87 8 -2|0.9 131
6415 矽力*-KY|半導體業|-18 -15 -37|40 69 -1 -18|0.5 1070
6416 瑞祺電通|通信網路|5 11 4|81 85 -7 2|0.2 13
6426 統新|通信網路|-12 2 -29|68 68 -18 8|0.3 8
6435 大中|半導體業|-38 -38 -43|62 78 0 -8|0.5 12
6438 迅得|其他電子|13 15 -4|70 86 -6 -2|0.3 14
6441 廣錠|電腦及週|-13 -29 22|96 100 33 42|1.6 41
6442 光聖|通信網路|-10 -11 -15|66 66 -5 11|0.2 16
6443 元晶|光電業|14 32 -28|73 83 -10 13|1.1 417
6446 藥華藥|生技醫療|40 470 -85|79 79 -2 2|0.5 464
6451 訊芯-KY|半導體業|61 64 39|87 87 -8 20|1.1 74
6456 GIS-KY|光電業|8 16 15|88 92 4 16|0.5 106
6457 紘康|半導體業|-61 -57 -23|35 77 0 -14|0.3 9
6461 益得|生技醫療|-68 -70 -100|73 73 -14 20|0.3 70
6462 神盾|半導體業|14 -3 -11|58 72 -11 -23|0.8 5
6464 台數科|其他|-0 3 2|97 97 7 18|2.4 5
6469 大樹|生技醫療|20 24 -5|96 96 5 17|1.3 85
6470 宇智|通信網路|25 34 -21|68 68 1 -25|0.3 18
6472 保瑞|生技醫療|342 344 255|93 93 30 117|1.0 1701
6477 安集|光電業|41 104 -103|70 78 1 -8|0.3 86
6485 點序|半導體業|-27 -25 -39|46 78 2 -13|0.4 20
6488 環球晶|半導體業|10 17 2|50 85 17 4|0.4 631
6491 晶碩|生技醫療|5 14 1|82 91 11 4|1.0 360
6492 生華科|生技醫療|66 67 14|51 82 16 -8|0.4 29
6494 九齊|半導體業|-37 -44 -40|47 80 18 -11|0.5 11
6499 益安|生技醫療|416 354 -230|72 83 3 9|0.4 7
6505 台塑化|油電燃氣|5 14 -28|82 92 0 -5|0.5 125
6508 惠光|農業科技|-44 -33 -63|61 74 -14 -2|0.2 9
6509 聚和|化學工業|-7 13 -7|61 95 7 8|1.2 52
6510 精測|半導體業|-7 1 -8|66 86 13 21|0.4 99
6515 穎崴|半導體業|97 108 35|84 84 5 28|0.8 246
6523 達爾膚|生技醫療|13 -24 -11|90 90 13 35|2.0 85
6531 愛普*|半導體業|-56 -45 -36|36 79 11 -14|0.4 430
6532 瑞耘|半導體業|7 36 8|79 79 -13 19|0.1 16
6533 晶心科|半導體業|112 106 72|90 90 27 118|0.7 2122
6535 順藥|生技醫療|-66 493 -640|86 86 5 9|3.4 22
6541 泰福-KY|生技醫療|310 na na|49 50 -27 -43|0.4 23
6546 正基|通信網路|-51 -38 na|na 49 -29 -44|0.3 22
6547 高端疫苗|生技醫療|-99 -99 na|34 46 -10 -43|1.0 226
6548 長科*|半導體業|-12 -2 -21|28 33 -6 -58|0.3 11
6550 北極星藥業-KY|生技醫療|-90 -68 na|na 40 -29 -23|0.4 482
6556 勝品|光電業|11 11 -6|71 71 63 90|0.4 10
6558 興能高|其他電子|-17 -21 6|62 82 17 8|0.2 7
6561 是方|通信網路|12 10 1|94 94 -1 4|0.8 6
6568 宏觀|半導體業|79 61 42|43 81 17 30|0.7 124
6570 維田|電腦及週|8 40 -0|82 82 -8 21|0.2 11
6576 逸達|生技醫療|2 10910 -8075|70 81 8 -17|0.4 42
6579 研揚|電腦及週|5 26 -19|93 93 17 10|1.0 9
6581 鋼聯|綠能環保|7 46 -3|80 88 -0 20|0.7 5
6582 申豐|橡膠工業|-26 -66 9|42 75 11 -11|0.9 9
6585 鼎基|其他|-6 -1 na|na 84 15 -14|3.1 12
6589 台康生技|生技醫療|26 39 17|75 75 4 46|0.5 820
6592 和潤企業|其他|20 23 -4|83 93 -1 2|0.7 25
6598 ABC-KY|生技醫療|32 44 6|53 90 8 3|2.7 19
6603 富強鑫|電機機械|44 18 8|87 87 -5 10|0.6 20
6605 帝寶|汽車工業|-3 8 1|86 86 1 -2|0.6 24
6609 瀧澤科|電機機械|41 26 0|87 100 20 21|1.2 7
6613 朋億*|其他電子|61 39 -19|52 52 2 -38|0.7 8
6625 必應|其他|167 150 -123|99 99 37 49|1.1 13
6643 M31|半導體業|36 53 18|84 84 25 95|1.1 1962
6664 群翊|電子零組|27 21 -3|96 96 15 34|0.8 23
6666 羅麗芬-KY|生技醫療|-36 10 7|88 88 15 45|1.9 50
6667 信紘科|其他電子|26 30 -18|68 74 -11 -5|0.3 9
6668 中揚光|光電業|43 12 16|66 82 0 -13|0.4 7
6669 緯穎|電腦及週|63 70 20|74 86 -0 15|0.3 740
6670 復盛應用|運動休閒|35 70 25|92 92 12 10|0.9 92
6672 騰輝電子-KY|電子零組|-31 -36 -17|59 94 20 11|0.8 31
6679 鈺太|半導體業|-48 -44 -28|50 89 17 16|0.9 191
6683 雍智科技|半導體業|0 6 -0|59 74 -1 11|0.3 34
6689 伊雲谷|數位雲端|-1 -11 na|na na -30 na|0.8 23
6691 洋基工程|其他電子|50 42 -2|na 100 18 32|0.8 15
6703 軒郁|生技醫療|63 30 10|84 84 10 19|0.6 10
6706 惠特|光電業|-77 -69 -66|38 72 6 -20|0.3 33
6712 長聖|生技醫療|17 16 -75|87 87 15 40|1.4 369
6715 嘉基|電子零組|57 30 -14|76 76 -10 -18|1.2 57
6719 力智|半導體業|-45 -34 -50|na 68 -4 -26|0.3 327
6727 亞泰金屬|電子零組|63 63 21|86 86 0 6|0.4 6
6732 昇佳電子|半導體業|-25 -38 -12|46 72 -4 -14|0.6 21
6741 91APP*-KY|數位雲端|14 13 -2|40 91 29 3|2.5 328
6747 亨泰光|生技醫療|9 5 -15|62 85 -3 -13|0.4 6
6756 威鋒電子|半導體業|-57 -44 -44|37 71 2 -23|0.4 61
6763 綠界科技*|數位雲端|6 12 na|na 77 3 -4|1.5 11
6768 志強-KY|運動休閒|45 223 124|75 75 -7 1|0.8 79
6770 力積電|半導體業|-32 -13 -44|47 79 8 -15|0.7 483
6781 AES-KY|電子零組|1 16 -26|34 56 -2 -39|0.4 740
6788 華景電|半導體業|-19 3 -29|47 68 -27 -3|0.2 48
6789 采鈺|半導體業|-14 -19 na|na 57 -12 -30|0.2 135
6792 詠業|通信網路|-23 -23 -14|35 67 -6 -17|1.2 5
6799 來頡|半導體業|-22 -10 na|na 61 -6 -27|0.3 9
6806 森崴能源|綠能環保|-54 -27 -251|82 100 36 28|3.3 867
6811 宏碁資訊|數位雲端|-8 -1 na|na na 7 na|0.8 6
6829 千附精密|半導體業|-3 -15 na|na 83 -11 6|0.3 11
6830 汎銓|其他電子|12 14 na|na na -1 na|0.4 10
6854 錼創科技-KY創|半導體業|77 32 na|na na 3 na|0.7 7
8016 矽創|半導體業|-37 -36 -29|71 94 6 30|0.7 154
8021 尖點|其他電子|-16 -16 -14|78 100 20 15|0.6 8
8027 鈦昇|電機機械|-6 14 -18|60 68 -12 -19|0.5 12
8028 昇陽半導體|半導體業|15 17 6|79 79 7 -8|0.3 211
8033 雷虎|其他|14 -10 0|90 90 117 152|0.5 249
8038 長園科|電子零組|1740 904 616|75 92 25 -1|0.3 11
8040 九暘|半導體業|3 22 -6|70 86 -13 36|0.1 33
8044 網家|數位雲端|-6 -7 -2|43 74 12 -17|0.6 46
8046 南電|電子零組|25 25 -1|41 75 14 -6|0.4 3141
8049 晶采|光電業|36 28 10|94 94 7 28|1.6 24
8050 廣積|電腦及週|50 34 17|90 90 13 28|0.5 763
8054 安國|半導體業|12 11 -1|51 78 -8 -14|0.5 7
8064 東捷|光電業|27 37 41|82 97 20 15|0.7 6
8069 元太|光電業|19 31 -34|69 69 -23 -1|0.6 3268
8070 長華*|電子通路|-16 -8 -20|83 88 -3 -5|0.5 10
8072 陞泰|電子通路|-20 -3 3|77 77 10 14|0.2 10
8076 伍豐|電腦及週|-43 -13 -22|79 79 -4 2|0.5 26
8081 致新|半導體業|-22 -27 -20|62 96 22 6|0.7 62
8084 巨虹|電子通路|78 65 30|81 81 -8 28|0.4 79
8086 宏捷科|半導體業|-71 -67 -19|50 84 11 -5|0.4 71
8088 品安|半導體業|-6 -5 -3|96 96 11 28|0.3 5
8091 翔名|半導體業|15 14 -18|90 90 11 29|0.6 89
8097 常珵|通信網路|70 364 -188|69 72 -3 -14|0.6 33
8104 錸寶|光電業|32 35 15|39 81 -0 -11|0.3 8
8105 凌巨|光電業|4 1 -6|87 89 5 22|0.3 8
8109 博大|電子零組|34 35 15|93 93 0 21|0.5 6
8110 華東|半導體業|-9 0 -29|57 83 -5 -5|0.5 6
8112 至上|電子通路|-52 -25 -16|73 93 4 4|0.5 18
8114 振樺電|電腦及週|-2 23 -11|66 66 -15 -18|0.3 53
8121 越峰|電子零組|-5 -8 -11|46 76 -11 -22|0.4 10
8131 福懋科|半導體業|-3 2 -3|96 96 4 10|0.6 8
8147 正淩|電子零組|21 29 8|88 88 10 27|0.2 5
8150 南茂|半導體業|-30 -31 -20|71 91 9 2|0.6 46
8155 博智|電子零組|-6 -1 -27|50 79 7 -9|0.4 74
8163 達方|電腦及週|-22 -2 -11|81 89 -4 -1|0.5 13
8171 天宇|綠能環保|-18 88 -130|100 100 37 53|2.5 137
8183 精星|其他電子|47 56 -2|72 78 -11 -13|0.3 35
8210 勤誠|電腦及週|-5 -3 -17|83 89 -3 10|0.5 12
8213 志超|電子零組|-30 -37 -23|75 93 6 3|0.6 9
8215 明基材|光電業|-6 -11 -7|87 96 10 14|0.3 24
8222 寶一|電機機械|39 27 -20|80 80 10 9|0.7 114
8234 新漢|電腦及週|3 11 -11|91 91 22 13|0.8 40
8249 菱光|電子零組|63 42 37|94 94 27 32|0.1 9
8255 朋程|電機機械|43 29 18|69 85 1 11|0.9 214
8261 富鼎|半導體業|-40 -29 -27|74 88 -2 1|0.5 227
8279 生展|生技醫療|27 33 -1|92 92 3 33|0.8 12
8289 泰藝|電子零組|-11 -12 -25|90 90 7 18|0.4 14
8299 群聯|半導體業|-30 -25 -28|65 99 17 20|0.6 355
8341 日友|綠能環保|17 8 -8|77 89 18 -6|1.6 405
8349 恒耀國際|鋼鐵工業|12 20 6|69 69 -26 15|0.4 21
8358 金居|電子零組|-14 -28 -18|73 88 35 27|0.1 134
8390 金益鼎|綠能環保|23 14 5|81 95 12 17|0.3 12
8401 白紗科|其他|22 28 13|90 90 -4 27|0.2 7
8403 盛弘|生技醫療|-17 -5 -15|83 83 4 11|0.6 27
8415 大國鋼|鋼鐵工業|6 20 -7|96 98 12 16|0.4 22
8420 明揚|運動休閒|41 35 -2|90 90 9 38|0.7 20
8422 可寧衛*|綠能環保|82 79 4|81 99 3 7|0.9 47
8429 金麗-KY|貿易百貨|-74 -59 -30|83 91 8 13|1.3 14
8433 弘帆|居家生活|-18 -18 -41|88 88 12 15|0.3 5
8436 大江|生技醫療|1 -1 12|87 98 37 21|1.3 894
8440 綠電|綠能環保|-4 1 -1|47 76 15 -23|0.5 34
8442 威宏-KY|其他|27 70 2|97 97 8 37|1.4 7
8454 富邦媒|數位雲端|19 17 -1|47 78 20 -12|0.8 368
8462 柏文|運動休閒|-1 34 -3559|88 90 2 -6|0.5 6
8464 億豐|居家生活|-15 -8 -11|73 97 17 6|0.7 123
8476 台境*|綠能環保|466 350 -63|96 100 23 13|3.8 7
8478 東哥遊艇|運動休閒|27 54 11|91 91 10 74|0.5 1065
8916 光隆|其他|-11 39 -2|81 81 -7 30|0.2 63
8924 大田|運動休閒|20 -9 -12|85 93 17 10|0.3 29
8926 台汽電|油電燃氣|99 5 24|83 83 -2 -12|0.3 18
8927 北基|油電燃氣|5 9 -16|92 92 1 14|0.8 10
8928 鉅明|運動休閒|21 -5 -11|77 86 12 -3|0.6 5
8931 大汽電|油電燃氣|99 87 52|100 100 44 52|0.7 6
8932 智通*|數位雲端|-52 -32 -33|87 87 31 76|1.0 40
8933 愛地雅|運動休閒|4 12 -10|67 67 -18 49|0.4 62
8936 國統|其他|-29 -13 -1|93 93 10 25|1.1 14
8938 明安|運動休閒|20 30 4|87 87 5 26|0.6 37
8942 森鉅|其他|-36 -14 -28|90 92 2 -1|0.7 5
8996 高力|電機機械|61 49 29|100 100 48 237|1.1 2233
9802 鈺齊-KY|運動休閒|49 50 -5|68 68 -16 -19|1.1 336
9904 寶成|運動休閒|6 32 15|98 98 21 22|0.6 324
9907 統一實|其他|-32 -17 -32|81 81 -6 19|0.6 41
9910 豐泰|運動休閒|4 84 34|88 97 27 17|1.2 248
9911 櫻花|居家生活|-4 3 -9|95 95 -0 1|0.3 5
9914 美利達|運動休閒|77 66 42|54 74 -4 -23|0.4 95
9917 中保科|其他|14 10 1|91 94 -0 -5|0.6 21
9919 康那香|其他|-16 -13 1|53 94 10 4|0.4 62
9921 巨大|運動休閒|9 18 3|60 79 -1 -9|0.6 143
9933 中鼎|其他|41 31 -13|85 85 -10 -0|0.3 72
9938 百和|其他|-34 -8 -8|72 84 -1 5|1.1 81
9939 宏全|其他|13 22 4|98 98 3 21|0.7 81
9940 信義|其他|-56 -51 -32|79 84 -8 -16|1.0 7
9941 裕融|其他|19 18 4|75 86 7 -10|0.6 78
9942 茂順|其他|18 19 9|90 90 5 32|0.4 35
9945 潤泰新|其他|41 31 12|84 92 22 -5|0.6 241
9955 佳龍|綠能環保|-28 -24 -5|62 88 12 5|0.5 11
9958 世紀鋼|鋼鐵工業|-6 -7 -6|70 93 38 -2|1.4 346
9962 有益|鋼鐵工業|-8 2 -44|82 100 17 36|1.1 7