# 2023-10-02 全池(1022 檔)。欄位:代碼 名稱|產業|最新月YoY 3月YoY均 加速度|距52週高% 距120日高% 60日漲% 120日漲%|量能比 日均值M
1101 台泥|水泥工業|-12 -9 -17|84 84 -10 -8|1.1 729
1102 亞泥|水泥工業|-8 -12 -4|93 93 -6 -5|0.6 135
1103 嘉泥|水泥工業|31 44 15|83 83 -10 2|0.4 6
1104 環泥|水泥工業|2 6 -10|87 87 -8 7|0.3 20
1108 幸福|水泥工業|10 26 -5|80 80 -7 2|0.3 6
1210 大成|食品工業|-3 -4 -9|86 86 6 7|0.3 80
1215 卜蜂|食品工業|5 2 -5|95 95 6 13|0.6 53
1216 統一|食品工業|18 13 3|93 93 -1 1|0.7 305
1217 愛之味|食品工業|4 1 -2|84 84 0 10|0.4 32
1218 泰山|食品工業|10 7 4|49 70 -15 -25|0.6 17
1219 福壽|食品工業|1 2 -2|93 96 -2 -3|0.5 5
1227 佳格|食品工業|-1 4 10|90 92 -6 -3|0.6 14
1229 聯華|食品工業|7 1 -2|94 94 -1 15|0.5 50
1231 聯華食|食品工業|7 1 -7|96 96 5 10|0.4 11
1234 黑松|食品工業|4 6 -9|95 95 -2 10|0.5 5
1268 漢來美食|觀光餐旅|15 45 -3|87 87 2 18|0.9 21
1301 台塑|塑膠工業|0 -17 9|88 88 -4 -9|0.7 418
1303 南亞|塑膠工業|-14 -25 4|85 85 -4 -11|0.7 203
1304 台聚|塑膠工業|-4 -23 -1|79 79 -10 -21|0.3 21
1305 華夏|塑膠工業|16 -17 9|85 92 8 -8|0.6 60
1307 三芳|塑膠工業|-7 -8 -15|98 98 13 31|0.8 46
1308 亞聚|塑膠工業|-37 -40 -15|84 85 -5 -16|0.5 19
1309 台達化|塑膠工業|-9 -27 -3|78 85 -8 -14|0.4 5
1310 台苯|塑膠工業|-4 -32 -4|91 91 -0 13|0.6 12
1312 國喬|塑膠工業|-9 -20 0|80 80 -9 -16|0.5 18
1313 聯成|塑膠工業|29 4 17|86 86 3 0|0.3 18
1316 上曜|建材營造|-73 -82 -68|66 80 -7 -20|0.8 23
1319 東陽|汽車工業|18 7 -3|98 98 52 75|0.9 913
1324 地球|塑膠工業|1 3 12|94 94 19 23|2.2 20
1326 台化|塑膠工業|1 -15 -1|82 89 -5 -10|0.8 206
1339 昭輝|汽車工業|16 2 -1|96 96 41 42|4.6 78
1342 八貫|其他|7 -0 -6|64 67 -13 -33|0.4 26
1402 遠東新|紡織纖維|-2 -6 -3|91 91 -6 -3|0.5 131
1409 新纖|紡織纖維|-11 -14 5|88 90 -4 -9|0.7 22
1434 福懋|紡織纖維|-16 -20 -7|95 95 -3 -4|0.7 19
1440 南紡|紡織纖維|-2 -9 -9|81 88 -7 -11|0.6 7
1442 名軒|建材營造|-23 -15 -454|99 99 13 11|1.4 12
1444 力麗|紡織纖維|-33 -39 -13|94 95 -3 5|0.7 17
1446 宏和|紡織纖維|-9 -26 -34|96 96 6 23|1.0 5
1449 佳和|紡織纖維|43 22 23|68 68 -24 4|3.1 8
1471 首利|電子零組|87 32 29|90 90 19 166|0.7 133
1473 台南|紡織纖維|-6 -12 -1|97 97 12 17|1.2 8
1476 儒鴻|紡織纖維|-31 -30 -8|90 90 0 7|0.8 283
1477 聚陽|紡織纖維|7 -2 0|98 98 12 55|0.5 759
1503 士電|電機機械|10 -0 -12|71 71 -22 38|0.9 273
1504 東元|電機機械|7 0 -5|88 88 1 22|0.8 505
1513 中興電|電機機械|24 22 7|77 77 -15 10|0.5 767
1514 亞力|電機機械|8 11 -18|83 83 -6 42|0.5 138
1515 力山|電機機械|128 76 99|99 99 23 54|0.8 92
1519 華城|電機機械|89 130 87|87 87 77 230|1.4 2396
1522 堤維西|汽車工業|19 3 -3|99 99 28 57|1.7 559
1524 耿鼎|汽車工業|34 13 0|97 99 12 3|2.7 150
1525 江申|汽車工業|-13 -10 -42|65 65 -30 20|0.2 7
1528 恩德|電機機械|19 3 -5|68 68 -30 8|0.2 13
1529 樂事綠能|電機機械|65 107 -58|69 69 -14 18|0.4 34
1532 勤美|電機機械|44 104 104|92 92 2 5|0.5 33
1533 車王電|汽車工業|59 14 -16|83 83 -15 14|0.2 13
1536 和大|汽車工業|-24 -23 -23|74 93 -4 -5|0.9 26
1537 廣隆|電機機械|-19 -23 -36|97 97 -1 -1|0.7 13
1540 喬福|電機機械|-40 13 -48|86 86 -1 6|0.3 7
1558 伸興|電機機械|81 37 11|88 98 1 1|0.6 9
1560 中砂|電機機械|-10 -16 -11|100 100 35 40|2.5 457
1565 精華|生技醫療|-18 -22 -9|76 78 -11 -21|0.3 12
1568 倉佑|汽車工業|-25 -25 -7|97 97 14 24|1.1 51
1580 新麥|電機機械|20 11 8|92 92 3 32|0.3 9
1582 信錦|電子零組|17 -13 11|98 98 13 12|0.5 15
1584 精剛|其他|98 55 -11|89 89 0 27|2.0 309
1589 永冠-KY|電機機械|-21 -25 -35|62 62 -21 -35|0.5 21
1590 亞德客-KY|電機機械|30 21 9|82 82 1 -14|0.8 387
1591 駿吉-KY|電機機械|-80 -88 -45|93 93 14 52|0.7 43
1598 岱宇|運動休閒|27 13 17|70 80 -12 -17|0.4 6
1603 華電|電器電纜|-43 3 -22|98 98 0 38|1.7 49
1604 聲寶|電器電纜|-4 -1 5|88 88 6 10|0.5 10
1605 華新|電器電纜|1 0 -3|66 74 -11 -21|0.4 399
1608 華榮|電器電纜|-17 -19 -5|86 86 -8 42|1.1 23
1609 大亞|電器電纜|3 -1 6|97 97 4 47|1.4 268
1611 中電|電器電纜|-15 -14 2|81 81 -16 7|0.7 9
1612 宏泰|電器電纜|44 21 16|100 100 11 46|2.1 37
1616 億泰|電器電纜|-10 7 1|85 85 5 25|0.4 10
1618 合機|電器電纜|72 149 80|97 97 39 77|2.3 170
1701 中化|生技醫療|5 4 -4|65 86 -7 -9|0.3 7
1702 南僑|食品工業|17 11 2|99 99 6 11|1.1 12
1707 葡萄王|生技醫療|18 8 2|85 85 -5 -7|0.4 37
1708 東鹼|化學工業|-44 -39 -32|64 77 -15 -22|0.3 17
1709 和益|化學工業|-2 -11 -7|84 84 -7 -10|0.4 8
1710 東聯|化學工業|-4 18 26|81 81 -15 -6|0.9 39
1711 永光|化學工業|-10 -13 3|86 86 -11 4|0.6 13
1712 興農|化學工業|-17 -25 -17|90 98 3 -1|0.6 22
1717 長興|化學工業|2 -10 4|82 82 -10 -12|1.2 40
1720 生達|生技醫療|15 9 -12|88 88 -0 23|0.5 34
1722 台肥|化學工業|-23 51 49|95 95 2 8|0.7 81
1723 中碳|化學工業|-23 -29 -19|100 100 4 4|0.4 18
1727 中華化|化學工業|-28 -26 -9|69 69 -13 15|0.6 9
1734 杏輝|生技醫療|-5 1 -12|86 86 -4 7|0.3 9
1736 喬山|運動休閒|19 33 16|93 98 1 17|0.8 57
1737 臺鹽|食品工業|-5 -5 5|89 89 0 3|0.2 13
1752 南光|生技醫療|28 9 -19|73 73 -8 -3|0.3 19
1760 寶齡富錦|生技醫療|-29 -35 -18|55 56 -24 -40|0.2 43
1762 中化生|生技醫療|1 -21 -44|59 59 -35 -27|0.3 21
1773 勝一|化學工業|-10 -16 2|93 93 2 5|0.3 9
1783 和康生|生技醫療|8 8 -7|86 86 -5 9|0.2 10
1784 訊聯|生技醫療|23 21 5|91 91 -0 40|0.8 19
1785 光洋科|其他電子|-4 -16 10|89 89 -3 3|0.2 30
1786 科妍|生技醫療|108 50 12|91 91 -3 26|0.3 26
1789 神隆|生技醫療|-4 -3 -12|81 81 -5 5|0.1 11
1795 美時|生技醫療|19 48 -11|70 70 -18 -9|0.3 565
1802 台玻|玻璃陶瓷|24 12 17|78 87 6 -3|0.4 210
1808 潤隆|建材營造|42448 20057 14600|97 97 17 28|0.5 91
1809 中釉|玻璃陶瓷|-14 -11 -12|93 93 -3 10|0.5 20
1810 和成|玻璃陶瓷|8 -0 8|70 70 -17 6|0.4 26
1815 富喬|電子零組|-36 -41 -13|100 100 37 56|4.9 93
1903 士紙|造紙工業|0 11 12|74 74 8 30|0.2 24
1904 正隆|造紙工業|1 -5 5|81 81 -16 3|0.5 43
1905 華紙|造紙工業|-21 -23 -18|69 69 -21 38|0.2 62
1907 永豐餘|造紙工業|-9 -13 -3|83 83 -10 22|0.6 52
1909 榮成|造紙工業|-9 -11 2|79 82 -12 -13|0.6 16
2002 中鋼|鋼鐵工業|-16 -25 -1|81 83 -10 -15|1.4 419
2006 東和鋼鐵|鋼鐵工業|7 2 7|95 95 5 6|0.9 99
2009 第一銅|鋼鐵工業|-10 -11 11|78 78 -4 -13|0.2 12
2010 春源|鋼鐵工業|-11 -11 7|92 92 -6 11|0.6 10
2014 中鴻|鋼鐵工業|39 2 28|77 85 -4 -15|0.7 102
2015 豐興|鋼鐵工業|-7 -13 2|93 93 -4 -1|1.2 12
2017 官田鋼|鋼鐵工業|4 -5 18|76 83 -13 -15|2.4 14
2020 美亞|鋼鐵工業|13 44 32|96 96 24 28|0.6 24
2022 聚亨|鋼鐵工業|-6 -4 3|82 82 -9 10|0.4 10
2023 燁輝|鋼鐵工業|-9 -12 9|89 95 -2 -1|0.7 17
2027 大成鋼|鋼鐵工業|-8 -13 -5|90 90 -3 3|0.4 176
2030 彰源|鋼鐵工業|-19 -24 -1|78 83 -17 -17|0.5 6
2031 新光鋼|鋼鐵工業|-16 3 1|89 89 4 4|0.5 46
2034 允強|鋼鐵工業|15 -9 6|92 97 -1 -2|0.5 9
2049 上銀|電機機械|-18 -19 -1|81 82 -5 -16|0.7 166
2059 川湖|電子零組|-36 -37 -20|91 91 38 128|0.8 960
2066 世德|電機機械|-8 -5 -16|82 82 -8 -1|0.3 13
2101 南港|橡膠工業|25 11 16|92 92 -1 -7|0.4 15
2102 泰豐|橡膠工業|-92 -90 -58|82 83 -4 -17|1.5 5
2103 台橡|橡膠工業|-5 -14 -7|82 87 -7 -13|0.6 13
2104 國際中橡|橡膠工業|-29 -33 -20|88 88 -3 1|0.6 22
2105 正新|橡膠工業|-5 -6 -5|97 97 8 19|0.8 296
2106 建大|橡膠工業|-10 -15 -8|87 97 1 0|0.5 9
2107 厚生|橡膠工業|-29 8 36|97 97 4 2|0.7 9
2108 南帝|橡膠工業|-4 -12 20|82 92 -2 -7|0.7 8
2201 裕隆|汽車工業|3 0 -3|93 93 -1 13|1.1 704
2204 中華|汽車工業|23 30 6|85 85 2 56|0.9 563
2206 三陽工業|汽車工業|16 21 -10|80 80 -8 73|1.1 428
2207 和泰車|汽車工業|31 19 -1|77 77 -16 4|0.7 148
2208 台船|航運業|36 45 7|79 79 -9 -7|1.2 75
2211 長榮鋼|鋼鐵工業|49 24 39|98 98 18 37|0.3 67
2228 劍麟|汽車工業|12 14 -4|91 91 -0 18|0.5 36
2230 泰茂|居家生活|11 19 12|80 80 -5 29|0.5 46
2231 為升|汽車工業|9 15 -5|79 80 -8 -20|0.6 39
2233 宇隆|汽車工業|4 -2 2|97 97 12 3|0.9 31
2236 百達-KY|汽車工業|14 28 7|93 93 16 105|1.2 61
2241 艾姆勒|汽車工業|60 52 62|95 95 8 15|0.7 28
2247 汎德永業|汽車工業|12 25 2|89 89 -8 22|0.2 14
2301 光寶科|電腦及週|-14 -14 -4|80 80 11 73|0.4 3084
2303 聯電|半導體業|-25 -24 -17|90 90 -5 -6|0.9 1486
2305 全友|電腦及週|-20 -13 -17|70 90 -3 -8|1.4 11
2308 台達電|電子零組|4 6 -11|90 90 -5 17|1.0 1803
2312 金寶|其他電子|-29 -19 -26|88 88 -2 20|0.1 117
2313 華通|電子零組|-10 -16 -8|94 94 19 23|1.0 2322
2314 台揚|通信網路|-47 -27 -39|78 78 -9 -3|0.7 26
2316 楠梓電|電子零組|-39 -31 1|82 82 43 39|1.2 187
2317 鴻海|其他電子|-8 -10 -12|93 93 -1 6|0.7 1887
2323 中環|光電業|-8 -2 11|79 79 -17 49|0.3 100
2324 仁寶|電腦及週|-8 -18 -2|84 84 4 26|0.3 668
2327 國巨*|電子零組|-11 -15 -9|95 98 9 3|0.8 827
2328 廣宇|電子零組|12 11 8|86 86 -1 1|0.2 59
2329 華泰|半導體業|16 12 18|86 86 59 121|0.4 500
2330 台積電|半導體業|-13 -10 -21|91 91 -5 2|1.1 11095
2331 精英|電腦及週|-47 -43 -3|73 73 -7 31|0.3 226
2332 友訊|通信網路|-17 -10 -11|80 80 -7 12|0.3 165
2337 旺宏|半導體業|-30 -38 -2|90 91 -2 -4|0.8 373
2338 光罩|半導體業|-17 -11 -11|73 76 -13 -23|0.5 66
2340 台亞|半導體業|12 -7 20|86 86 -2 26|0.2 219
2342 茂矽|半導體業|-27 -29 -8|76 77 -11 -21|0.3 10
2344 華邦電|半導體業|-13 -16 10|90 90 -3 1|0.6 386
2345 智邦|通信網路|16 11 -12|97 97 41 65|1.0 1853
2347 聯強|電子通路|-5 -6 1|99 99 11 11|0.7 173
2351 順德|半導體業|-6 -7 -1|81 81 -14 -18|0.8 94
2352 佳世達|電腦及週|-17 -20 -5|79 79 1 46|0.3 355
2353 宏碁|電腦及週|7 -2 19|92 92 16 38|0.3 489
2354 鴻準|其他電子|42 29 26|95 95 9 7|0.9 260
2355 敬鵬|電子零組|1 -4 1|100 100 28 35|1.8 349
2356 英業達|電腦及週|5 -5 -0|72 72 21 66|0.4 1408
2357 華碩|電腦及週|1 -3 7|87 87 24 44|0.4 1299
2358 廷鑫|其他|-53 -65 -22|71 85 18 6|1.6 41
2359 所羅門|其他電子|-15 -8 -2|86 86 4 26|0.2 67
2360 致茂|其他電子|-19 -23 -32|95 95 10 64|0.8 513
2362 藍天|電腦及週|10 -9 -17|89 89 -6 10|0.3 13
2363 矽統|半導體業|71 -7 13|94 94 108 106|0.9 3173
2364 倫飛|電腦及週|0 -1 -21|89 100 22 10|0.8 125
2365 昆盈|電腦及週|-40 -38 -1|95 95 -3 11|1.0 5
2367 燿華|電子零組|-30 -23 -21|86 94 14 6|1.6 146
2368 金像電|電子零組|-7 -10 -8|98 98 45 126|1.1 1871
2369 菱生|半導體業|15 3 25|88 88 0 24|0.3 40
2371 大同|電機機械|59 77 15|78 78 -20 33|0.3 606
2374 佳能|光電業|17 -3 -2|100 100 27 28|0.9 58
2375 凱美|電子零組|-17 -22 1|85 89 1 -8|0.5 23
2376 技嘉|電腦及週|51 29 25|82 82 12 117|0.9 8653
2377 微星|電腦及週|34 9 23|83 83 -1 19|0.8 715
2379 瑞昱|半導體業|-15 -10 9|94 94 10 12|0.8 1232
2382 廣達|電腦及週|-23 -28 -22|93 93 54 203|0.7 10887
2383 台光電|電子零組|20 8 18|99 99 72 151|0.5 2546
2385 群光|電子零組|-16 -18 -5|98 98 16 32|0.6 353
2387 精元|電腦及週|-20 -19 -15|92 92 14 17|0.5 88
2388 威盛|半導體業|10 62 35|81 81 47 41|0.9 2081
2390 云辰|其他電子|4 18 4|90 92 3 5|0.3 9
2392 正崴|電子零組|-5 -8 -6|89 89 0 5|0.9 114
2393 億光|光電業|2 -10 7|91 91 -9 22|0.4 33
2395 研華|電腦及週|-18 -16 -20|85 85 -10 8|0.8 303
2399 映泰|電腦及週|10 1 8|87 87 -4 51|0.3 51
2401 凌陽|半導體業|9 -2 28|84 84 0 22|0.3 236
2402 毅嘉|電子零組|13 22 -3|87 87 18 53|0.4 622
2404 漢唐|其他電子|-29 5 -107|98 98 10 17|0.4 374
2405 輔信|電腦及週|32 2 11|97 97 14 38|0.7 119
2406 國碩|光電業|-57 -60 -19|72 73 -16 -24|0.5 7
2408 南亞科|半導體業|-25 -41 18|89 89 -4 4|1.2 521
2409 友達|光電業|52 28 46|78 78 -12 -10|0.4 318
2412 中華電|通信網路|2 4 1|95 95 1 -1|0.9 538
2413 環科|電子零組|4 -0 -28|69 69 -16 -19|0.2 7
2415 錩新|電子零組|17 16 28|82 82 11 20|0.1 6
2417 圓剛|電腦及週|4 -16 2|100 100 36 25|2.8 76
2419 仲琦|通信網路|-54 -47 -64|67 67 -5 27|0.2 102
2420 新巨|電子零組|-24 -23 -7|94 94 4 12|0.3 7
2421 建準|電子零組|-0 -12 -14|81 81 26 141|0.8 1118
2423 固緯|其他電子|16 -4 -12|94 94 -6 11|1.1 12
2425 承啟|電腦及週|29 24 29|77 77 6 43|0.2 108
2426 鼎元|光電業|-4 -2 18|83 83 -6 -7|0.3 7
2427 三商電|資訊服務|25 -5 -3|82 82 -13 64|0.8 83
2428 興勤|電子零組|-6 -5 -2|85 85 -8 2|0.3 49
2436 偉詮電|半導體業|51 33 45|88 88 25 32|0.2 743
2439 美律|通信網路|-30 -24 -24|91 91 -5 1|0.5 31
2440 太空梭|電子零組|23 7 24|85 85 16 22|0.3 8
2441 超豐|半導體業|-3 -12 18|94 94 3 10|0.5 47
2442 新美齊|建材營造|28 93 33|100 100 12 19|1.7 12
2449 京元電子|半導體業|-0 -8 2|97 97 40 73|0.5 1248
2451 創見|半導體業|-13 -16 4|98 98 3 8|0.6 22
2453 凌群|資訊服務|7 4 -1|67 67 -23 -22|0.1 25
2454 聯發科|半導體業|-5 -18 5|95 95 8 11|0.7 3676
2455 全新|通信網路|49 17 44|97 97 25 53|0.3 561
2457 飛宏|電子零組|-18 -7 -7|76 76 -17 -3|0.4 227
2458 義隆|半導體業|41 4 34|93 93 28 36|0.4 477
2460 建通|電子零組|38 7 31|88 88 3 33|0.3 26
2461 光群雷|其他電子|-7 -4 5|85 85 7 10|0.2 13
2462 良得電|電子零組|-6 -22 -4|93 93 30 33|0.6 91
2464 盟立|其他電子|-20 -22 -11|90 90 5 7|0.2 35
2465 麗臺|電腦及週|2 -19 11|87 94 6 -1|0.3 6
2468 華經|資訊服務|7 -7 -25|71 71 -21 20|2.5 20
2471 資通|資訊服務|-2 -3 0|84 84 0 15|0.3 16
2472 立隆電|電子零組|-5 -13 1|87 93 1 -5|0.3 21
2474 可成|其他電子|-51 -31 -16|100 100 6 4|0.7 403
2476 鉅祥|電子零組|-22 -20 -12|92 92 8 -8|0.5 39
2480 敦陽科|資訊服務|2 5 -2|90 90 -4 26|0.2 12
2481 強茂|半導體業|15 3 13|84 84 -3 -6|0.1 68
2482 連宇|其他電子|-27 1 -127|61 61 -34 -29|0.3 41
2484 希華|電子零組|-30 -32 -7|86 90 -3 -8|0.4 11
2485 兆赫|通信網路|-22 -13 -21|83 83 11 23|0.4 255
2486 一詮|光電業|5 -3 13|91 91 4 71|0.7 495
2488 漢平|其他電子|-19 -19 -2|90 90 15 23|0.3 16
2492 華新科|電子零組|9 0 14|93 93 12 6|0.3 362
2493 揚博|電子零組|10 -8 -8|98 98 20 51|1.1 44
2495 普安|電腦及週|-6 -13 -31|73 73 -17 -13|0.2 15
2497 怡利電|汽車工業|6 21 1|77 86 -2 -15|0.3 57
2498 宏達電|通信網路|-18 -14 -7|71 76 -14 -25|0.4 164
2501 國建|建材營造|-8 39 -43|89 90 -4 -9|0.9 8
2504 國產|建材營造|-3 -6 -7|91 91 -6 -2|0.5 40
2515 中工|建材營造|24 39 17|97 97 -1 21|1.6 43
2520 冠德|建材營造|22 -3 -14|98 98 16 16|0.4 31
2528 皇普|建材營造|-52 128011 95931|98 98 11 23|0.6 6
2530 華建|建材營造|-28 3 -16785|100 100 11 37|1.3 9
2534 宏盛|建材營造|-34 -58 -90|80 89 -5 -10|0.4 5
2535 達欣工|建材營造|-16 -21 -13|97 97 -1 6|0.6 9
2536 宏普|建材營造|-79 3 1|100 100 5 14|1.5 7
2538 基泰|建材營造|359 84 55|93 93 17 15|2.4 67
2539 櫻花建|建材營造|-32 na na|95 95 14 29|0.7 14
2540 愛山林|建材營造|76 102 67|91 91 27 53|1.0 65
2542 興富發|建材營造|2050 1621 1112|97 98 2 6|2.4 200
2543 皇昌|建材營造|36 41 20|100 100 59 69|5.0 14
2546 根基|建材營造|-22 -11 -48|94 94 14 16|0.3 7
2548 華固|建材營造|414 76 81|97 97 0 5|0.6 24
2603 長榮|航運業|-57 -61 -14|96 96 7 27|0.6 1387
2605 新興|航運業|7 7 -1|86 91 12 -10|1.4 218
2606 裕民|航運業|-24 -7 4|81 85 3 -13|0.8 328
2607 榮運|航運業|-22 -22 -26|84 98 2 6|0.6 34
2608 嘉里大榮|航運業|-4 -5 2|96 97 -1 0|0.6 5
2609 陽明|航運業|-65 -67 -11|82 82 -13 -5|0.4 619
2610 華航|航運業|28 32 22|78 78 -17 12|0.4 488
2612 中航|航運業|-13 -14 -7|95 95 10 14|1.0 56
2614 東森|其他|6 -1 -1|57 72 -22 -26|0.7 26
2615 萬海|航運業|-60 -64 -7|59 73 -18 -25|0.6 265
2617 台航|航運業|-9 -8 -16|91 94 -1 -4|0.5 25
2618 長榮航|航運業|51 56 17|73 73 -24 13|0.5 1348
2630 亞航|航運業|-2 -5 -22|61 61 -31 116|0.3 221
2633 台灣高鐵|航運業|25 50 3|93 93 -2 3|0.5 74
2634 漢翔|航運業|32 17 -24|86 86 -7 26|0.5 744
2636 台驊控股|航運業|-32 -44 14|94 94 1 1|1.9 36
2637 慧洋-KY|航運業|-40 -43 -13|75 80 -3 -20|0.8 276
2640 大車隊|數位雲端|9 11 -3|79 79 -6 -1|0.6 7
2641 正德|航運業|-5 -18 0|85 86 -3 -15|1.4 68
2645 長榮航太|航運業|34 40 12|na 79 -2 12|0.4 301
2704 國賓|觀光餐旅|-15 -6 -2|87 87 1 47|0.2 9
2705 六福|觀光餐旅|-16 39 -22|65 65 -27 1|0.3 8
2707 晶華|觀光餐旅|5 26 -4|68 68 -19 -21|0.3 67
2722 夏都|觀光餐旅|-24 -7 -15|47 47 -45 8|0.2 6
2723 美食-KY|觀光餐旅|-1 1 -6|66 67 -21 -21|0.6 46
2727 王品|觀光餐旅|13 24 1|82 82 -0 2|0.7 218
2729 瓦城|觀光餐旅|15 29 2|83 83 -3 24|0.8 23
2731 雄獅|觀光餐旅|740 1181 523|66 66 -21 -14|0.3 81
2732 六角|觀光餐旅|-16 -9 -6|61 61 -28 -31|0.3 13
2734 易飛網|觀光餐旅|344 372 -59|53 53 -29 24|0.2 8
2736 富野|觀光餐旅|-39 -3 -27|53 53 -37 19|0.2 10
2739 寒舍|觀光餐旅|27 52 -20|47 47 -37 -33|0.5 8
2743 山富|觀光餐旅|807 1436 393|58 58 -32 81|0.5 62
2745 五福|觀光餐旅|3119 4732 2093|59 59 -26 73|0.3 18
2748 雲品|觀光餐旅|2 14 -18|61 61 -18 -17|0.4 66
2753 八方雲集|觀光餐旅|13 9 -1|71 91 3 -1|1.7 36
2754 亞洲藏壽司|觀光餐旅|25 31 -2|60 64 -28 -13|0.4 14
2801 彰銀|金融保險|-5 5 -14|97 97 -0 4|0.4 94
2809 京城銀|金融保險|-53 354 222|99 99 3 11|0.7 31
2812 台中銀|金融保險|7 14 1|97 97 3 12|0.6 41
2816 旺旺保|金融保險|11 35 16|72 72 44 75|1.7 70
2820 華票|金融保險|-43 47 31|96 96 -3 0|0.9 7
2832 台產|金融保險|13 8 7|95 95 5 17|0.7 7
2834 臺企銀|金融保險|-5 7 -14|93 94 -3 2|0.5 113
2838 聯邦銀|金融保險|-13 22 5|83 83 -14 -11|0.7 41
2845 遠東銀|金融保險|2 16 -5|97 97 2 7|0.6 29
2850 新產|金融保險|3 9 4|98 98 17 25|0.5 8
2851 中再保|金融保險|9 17 16|93 93 11 31|0.4 24
2852 第一保|金融保險|-2 6 3|97 97 8 13|0.6 6
2855 統一證|金融保險|37 117 -163|91 91 8 19|0.3 12
2880 華南金|金融保險|1 9 1|90 92 -2 -6|0.8 138
2881 富邦金|金融保險|-28 -9 54|96 96 8 14|0.8 576
2882 國泰金|金融保險|-9 17 51|94 94 5 7|0.7 566
2883 凱基金|金融保險|-78 -40 30|87 88 -2 -9|0.6 235
2884 玉山金|金融保險|21 26 14|93 93 -2 1|0.6 294
2885 元大金|金融保險|-0 17 23|97 97 12 17|0.6 360
2886 兆豐金|金融保險|29 46 27|96 96 4 19|0.6 481
2887 台新新光金|金融保險|2 22 5|97 97 3 14|0.6 187
2889 國票金|金融保險|9 44 49|85 92 -2 -5|0.6 24
2890 永豐金|金融保險|12 18 11|96 96 5 10|0.4 159
2891 中信金|金融保險|21 15 56|96 96 4 17|0.7 716
2892 第一金|金融保險|-22 -7 -10|96 96 3 6|0.7 237
2903 遠百|貿易百貨|3 4 -1|99 99 4 8|0.5 22
2905 三商|貿易百貨|-7 10 -15|74 82 -16 -19|1.3 11
2906 高林|貿易百貨|-10 -7 5|87 89 -4 2|0.5 14
2912 統一超|貿易百貨|7 9 -1|93 93 -3 1|0.7 235
2913 農林|貿易百貨|-20 3 4|69 69 -5 -2|0.1 81
2915 潤泰全|貿易百貨|7 -10 -10|85 94 -0 6|0.6 89
3003 健和興|電子零組|-12 -17 -4|83 83 -13 4|0.4 38
3004 豐達科|鋼鐵工業|34 39 -16|80 80 5 9|0.4 62
3005 神基|電腦及週|4 -2 -17|99 99 17 43|0.7 276
3006 晶豪科|半導體業|-19 -26 17|88 88 2 0|1.2 398
3008 大立光|光電業|2 -10 -8|90 90 -6 1|1.1 1381
3010 華立|電子通路|1 -7 6|100 100 17 16|0.6 40
3011 今皓|電子零組|-26 -28 3|89 89 21 49|0.4 56
3013 晟銘電|電腦及週|2 -5 -25|86 86 11 121|0.8 383
3014 聯陽|半導體業|59 53 54|88 88 33 84|0.7 1220
3015 全漢|電子零組|-16 -10 -1|94 94 -6 10|0.3 10
3016 嘉晶|半導體業|-33 -31 -13|67 81 -9 -15|0.3 23
3017 奇鋐|電腦及週|5 6 -3|90 90 27 134|1.1 3615
3019 亞光|光電業|-6 -7 3|90 93 -7 -3|0.6 32
3021 鴻名|電子零組|-29 -31 -18|84 84 7 7|0.1 6
3022 威強電|電腦及週|-27 -21 -47|82 82 -12 -2|0.4 52
3023 信邦|電子零組|1 6 -13|88 88 -11 -2|0.7 138
3024 憶聲|光電業|-37 -14 -7|84 84 5 7|0.2 14
3025 星通|通信網路|-24 26 25|80 80 -4 28|0.6 135
3026 禾伸堂|電子零組|-4 -8 2|98 98 1 4|0.5 11
3027 盛達|通信網路|34 60 -4|75 75 -22 -11|0.4 37
3028 增你強|電子通路|20 -7 13|98 98 0 7|0.4 9
3029 零壹|資訊服務|-13 -1 -5|89 89 1 5|0.2 47
3030 德律|其他電子|-28 -40 -16|97 97 3 3|0.7 18
3032 偉訓|電子零組|34 38 20|100 100 32 81|1.3 384
3033 威健|電子通路|-4 4 4|82 82 -12 0|0.2 38
3034 聯詠|半導體業|49 38 53|92 92 8 5|0.9 1554
3035 智原|半導體業|-9 -10 -14|82 82 23 61|0.7 7300
3036 文曄|電子通路|12 7 -2|99 99 69 73|4.7 384
3037 欣興|電子零組|-24 -28 -22|88 88 11 30|0.5 2565
3038 全台|光電業|-11 -8 -14|77 77 -18 26|0.3 25
3041 揚智|半導體業|-39 -53 -11|77 82 -8 -15|0.5 9
3042 晶技|電子零組|-6 -19 3|95 95 9 19|1.0 468
3043 科風|其他電子|-16 38 -11|68 68 14 16|0.6 85
3044 健鼎|電子零組|-1 -11 1|100 100 80 99|0.5 2004
3045 台灣大|通信網路|7 7 -2|94 94 1 -4|0.7 199
3046 建碁|電腦及週|112 58 -8|75 75 -16 2|0.3 92
3047 訊舟|通信網路|-32 -27 -14|83 86 -8 -12|0.4 16
3051 力特|光電業|-19 -29 -4|82 82 51 64|0.9 191
3055 蔚華科|電子通路|-31 -49 -13|83 83 -3 30|0.3 12
3056 富華新|建材營造|-45 7 -5579|76 76 -3 -8|0.4 45
3058 立德|電子零組|-16 -29 -16|64 64 -26 30|0.4 14
3059 華晶科|光電業|-44 -43 -43|91 96 1 -2|0.3 37
3060 銘異|電腦及週|-0 -9 28|87 87 -1 11|0.2 8
3062 建漢|通信網路|-36 -46 -66|81 91 2 -3|0.5 31
3071 協禧|電腦及週|-23 -25 -22|78 78 -4 47|0.1 30
3078 僑威|電子零組|135 120 72|92 92 2 90|0.3 500
3081 聯亞|通信網路|-72 -66 -67|80 93 23 -6|1.3 454
3088 艾訊|電腦及週|-16 12 -1|90 90 26 34|0.2 70
3090 日電貿|電子零組|31 11 17|98 98 12 12|0.9 75
3092 鴻碩|電子零組|-26 -30 9|91 91 2 12|0.4 17
3094 聯傑|半導體業|-40 -37 -27|87 87 0 2|0.3 38
3105 穩懋|半導體業|2 -1 34|70 74 -22 -25|0.6 469
3122 笙泉|半導體業|4 -10 31|99 99 32 33|6.3 70
3128 昇銳|光電業|-9 -13 -11|57 68 -28 -26|0.7 7
3131 弘塑|半導體業|-15 -7 1|79 79 -6 75|0.3 126
3138 耀登|通信網路|-6 -4 -17|84 90 0 -6|1.1 52
3141 晶宏|半導體業|-28 -29 7|77 82 -10 -12|0.2 31
3147 大綜|資訊服務|42 14 22|93 93 -4 19|0.2 5
3149 正達|光電業|-29 -29 -11|60 69 3 -25|0.9 12
3152 璟德|通信網路|23 18 31|89 89 -5 -8|0.5 29
3162 精確|電機機械|21 17 -103|83 90 1 -13|0.6 35
3163 波若威|通信網路|5 -13 -8|93 93 38 89|0.6 1446
3167 大量|電機機械|-35 -54 6|98 98 31 27|0.8 10
3169 亞信|半導體業|-29 -34 0|84 84 -5 -1|0.4 79
3178 公準|半導體業|18 5 -8|90 90 -8 17|0.5 42
3189 景碩|半導體業|-45 -47 -21|83 90 -2 0|0.5 284
3202 樺晟|電子零組|65 44 35|72 72 -21 -10|0.5 9
3206 志豐|電子零組|-4 -8 3|97 97 28 59|0.4 18
3207 耀勝|電子零組|-22 -16 -34|78 78 -12 3|0.2 40
3209 全科|電子通路|-15 -20 -30|82 89 -7 -7|0.3 46
3211 順達|電腦及週|5 0 -0|97 97 1 5|0.5 13
3213 茂訊|電腦及週|14 18 2|96 96 36 55|0.4 98
3217 優群|電子零組|64 35 36|95 95 6 28|0.6 280
3218 大學光|生技醫療|19 22 -4|83 83 -13 -6|0.7 43
3227 原相|半導體業|30 14 33|93 93 17 18|0.2 142
3228 金麗科|半導體業|15 -16 7|31 58 -23 -43|0.4 74
3231 緯創|電腦及週|-5 -13 -7|70 70 5 162|0.7 8609
3234 光環|通信網路|-28 -33 8|87 87 34 31|1.2 17
3236 千如|電子零組|-41 -46 -32|88 88 -5 -9|0.8 5
3257 虹冠電|半導體業|184 172 144|82 82 4 30|0.3 95
3260 威剛|半導體業|-1 -13 6|95 95 4 17|0.8 711
3264 欣銓|半導體業|-2 -6 -13|91 91 4 15|0.6 571
3265 台星科|半導體業|7 -8 -2|91 91 23 67|0.9 265
3276 宇環|電子零組|130 38 68|96 96 36 39|1.9 48
3287 廣寰科|電腦及週|50 74 63|83 83 6 79|0.5 9
3289 宜特|其他電子|-3 -0 -9|75 75 -18 11|0.2 117
3290 東浦|電子零組|-11 -6 -18|87 88 -2 -10|0.3 12
3293 鈊象|文化創意|21 23 7|99 99 13 26|1.6 480
3296 勝德|電子零組|-43 -49 -14|85 89 -4 -5|1.0 7
3305 昇貿|其他電子|-16 -21 11|84 84 18 37|0.2 54
3306 鼎天|通信網路|-10 -18 -15|76 76 40 106|0.3 72
3308 聯德|電子零組|143 209 55|87 87 27 168|0.4 138
3311 閎暉|通信網路|3 2 3|89 89 16 13|0.7 55
3317 尼克森|半導體業|40 11 25|98 98 26 18|1.3 34
3322 建舜電|電子零組|24 8 25|100 100 26 11|4.2 75
3323 加百裕|電腦及週|-39 -40 -12|86 88 -9 -7|0.5 9
3324 雙鴻|其他電子|10 -11 3|96 96 11 47|0.9 2873
3325 旭品|電腦及週|110 118 77|100 100 25 174|1.3 137
3338 泰碩|電子零組|-11 -22 3|84 84 32 43|0.5 227
3339 泰谷|光電業|7 -1 26|94 94 21 32|1.4 8
3346 麗清|汽車工業|28 59 15|91 91 -5 16|0.4 78
3356 奇偶|光電業|-8 -12 -14|80 80 -17 14|0.2 36
3357 臺慶科|電子零組|-5 -12 7|90 90 -7 7|0.2 16
3362 先進光|光電業|28 22 28|91 91 33 45|0.4 379
3363 上詮|通信網路|-8 -18 12|98 98 47 182|1.7 1312
3374 精材|半導體業|-15 -18 -1|80 80 -14 11|1.3 80
3376 新日興|電子零組|-15 -22 2|91 92 -4 -3|0.9 39
3380 明泰|通信網路|-39 -36 -47|85 85 -2 14|0.3 80
3402 漢科|其他電子|-25 -21 -21|97 97 0 1|0.2 6
3406 玉晶光|光電業|28 13 10|91 91 -5 1|0.6 582
3413 京鼎|半導體業|-25 -24 -29|95 96 1 1|0.4 46
3416 融程電|電腦及週|-18 1 -8|82 82 -5 14|0.4 18
3419 譁裕|通信網路|-48 -43 -48|84 84 -6 1|0.6 8
3438 類比科|半導體業|17 6 37|95 95 1 15|1.4 20
3441 聯一光電|光電業|-26 -39 -4|81 81 -8 -13|0.3 6
3443 創意|半導體業|13 19 -22|74 74 -15 29|0.7 3666
3444 利機|電子通路|11 12 26|100 100 29 50|1.8 44
3450 聯鈞|半導體業|-22 -28 -6|100 100 52 59|3.3 806
3454 晶睿|光電業|-22 2 -57|55 63 -19 -36|0.3 64
3455 由田|光電業|-54 -57 -36|81 83 -8 -16|0.4 9
3479 安勤|電腦及週|14 8 -30|80 80 -6 3|0.2 56
3481 群創|光電業|26 15 34|75 75 -17 -11|0.4 486
3483 力致|電腦及週|35 19 24|85 85 59 103|0.4 565
3491 昇達科|通信網路|-36 -36 -24|88 88 2 -9|2.9 126
3501 維熹|電子零組|-21 -22 -15|95 95 -4 2|0.4 7
3504 揚明光|光電業|-32 -45 -14|59 70 -20 -29|0.4 23
3515 華擎|電腦及週|37 39 34|77 77 -3 60|0.4 232
3518 柏騰|其他電子|43 15 45|83 83 4 25|0.2 9
3521 台鋼建設|建材營造|-10 19 -4|74 77 -16 -13|0.4 5
3526 凡甲|電子零組|-7 -3 8|94 94 13 35|0.4 51
3529 力旺|半導體業|10 -2 -12|90 90 -3 15|1.4 1537
3531 先益|光電業|29 3 10|95 95 28 27|1.7 14
3532 台勝科|半導體業|-14 -9 -17|87 87 -4 -5|0.3 64
3533 嘉澤|電子零組|-7 -9 -11|90 90 3 -6|0.5 719
3540 曜越|電腦及週|46 39 0|70 70 -22 11|0.2 11
3545 敦泰|半導體業|72 39 48|84 84 -1 -6|1.1 344
3546 宇峻|文化創意|-19 -22 -9|94 94 1 12|0.9 13
3548 兆利|電子零組|44 40 37|100 100 104 130|2.9 792
3551 世禾|綠能環保|-11 -9 -10|98 98 12 25|0.4 5
3552 同致|其他電子|-4 -1 -4|75 89 -6 -8|0.6 32
3558 神準|通信網路|-2 2 -57|79 81 11 -17|0.2 152
3563 牧德|光電業|6 4 14|83 83 -13 11|0.4 20
3564 其陽|通信網路|-39 -40 -34|61 61 -31 12|0.2 6
3567 逸昌|半導體業|54 34 47|88 88 42 58|0.4 77
3570 大塚|資訊服務|21 9 -15|82 82 2 16|0.5 5
3576 聯合再生|光電業|-42 -37 -41|64 67 -21 -29|0.5 36
3580 友威科|其他電子|-39 -29 -36|78 92 7 0|0.6 8
3581 博磊|半導體業|4 11 5|82 82 21 32|0.1 5
3583 辛耘|半導體業|19 16 -3|82 82 31 158|0.4 470
3587 閎康|其他電子|17 24 -5|87 87 14 52|0.3 272
3588 通嘉|半導體業|9 -10 33|88 88 30 9|0.2 207
3591 艾笛森|光電業|15 8 10|80 80 -13 -1|0.2 14
3592 瑞鼎|半導體業|26 12 42|92 92 12 -4|0.5 344
3594 磐儀|電腦及週|-7 -2 -19|80 80 -12 1|0.2 10
3596 智易|通信網路|12 8 -11|91 91 33 64|0.7 770
3611 鼎翰|電腦及週|12 8 -2|93 93 9 15|0.3 14
3615 安可|光電業|23 2 13|92 92 13 40|5.3 12
3617 碩天|其他電子|28 10 -9|100 100 39 155|1.2 1146
3622 洋華|光電業|110 45 44|87 87 15 32|0.5 74
3624 光頡|電子零組|-12 -16 4|74 74 -4 -19|0.3 65
3630 新鉅科|光電業|64 48 63|98 98 10 27|3.4 14
3645 達邁|電子零組|68 48 70|82 82 7 22|0.2 17
3653 健策|電子零組|4 4 -16|97 97 2 37|0.9 609
3661 世芯-KY|半導體業|111 132 13|100 100 46 109|0.9 5083
3663 鑫科|其他電子|38 10 26|87 87 21 13|0.3 11
3665 貿聯-KY|其他電子|-5 -10 -34|85 85 -13 2|0.5 224
3666 光耀|光電業|38 21 59|98 98 21 24|0.7 5
3669 圓展|通信網路|6 -17 -1|98 100 21 12|3.8 15
3673 TPK-KY|光電業|-33 -35 -14|76 76 -24 0|0.3 31
3675 德微|半導體業|-22 -25 -10|91 91 6 3|0.9 91
3680 家登|半導體業|11 5 -12|83 83 -12 -1|0.8 417
3685 元創精密|電機機械|27 5 1|88 94 -4 22|0.6 9
3687 歐買尬|數位雲端|-5 -8 -6|70 70 -27 -1|0.2 6
3689 湧德|電子零組|30 20 20|82 82 27 60|0.2 82
3691 碩禾|光電業|-56 -62 -12|54 65 -16 -31|0.4 12
3693 營邦|電腦及週|96 74 -13|92 92 73 323|1.1 3774
3694 海華|通信網路|-9 -6 0|93 93 16 58|0.6 58
3701 大眾控|電腦及週|44 30 14|85 85 -15 16|0.6 70
3702 大聯大|電子通路|-3 -8 9|99 99 14 28|0.7 285
3703 欣陸|建材營造|24 11 21|91 91 -1 -6|0.4 16
3704 合勤控|通信網路|-12 -18 -40|79 79 -7 38|0.4 323
3705 永信|生技醫療|9 1 12|92 98 2 5|0.6 6
3706 神達|電腦及週|-22 -22 -24|81 81 20 55|0.6 474
3707 漢磊|半導體業|-26 -21 -13|66 83 -15 -19|0.6 97
3708 上緯投控|綠能環保|-23 -24 -0|85 89 0 -5|0.6 27
3709 鑫聯大投控|電腦及週|-1 15 6|95 95 54 65|3.9 58
3711 日月光投控|半導體業|-18 -18 -12|92 92 2 10|0.7 1209
3712 永崴投控|電腦及週|56 51 39|87 87 -3 -6|0.7 9
3714 富采|光電業|-10 -13 20|79 81 -12 -15|0.5 47
3715 定穎投控|電子零組|13 na na|100 100 168 262|2.5 3855
4102 永日|生技醫療|5 -13 -27|96 100 30 39|2.0 44
4104 佳醫|生技醫療|10 15 -0|95 95 -3 19|0.4 10
4105 東洋|生技醫療|3 10 -1|95 98 -0 0|1.0 36
4107 邦特|生技醫療|-1 -6 -9|91 95 -3 -2|0.6 8
4113 聯上|建材營造|-20 10135 1853|97 97 46 56|1.2 13
4114 健喬|生技醫療|13 22 -7|80 86 -2 -10|0.5 32
4119 旭富|生技醫療|-21 1 -77|82 82 -8 -11|0.4 15
4120 友華|生技醫療|4 -0 -1|90 90 -1 16|0.7 12
4123 晟德|生技醫療|120 104 -4|79 79 -10 9|0.1 46
4126 太醫|生技醫療|-3 11 -12|90 90 -1 1|0.4 12
4128 中天|生技醫療|6 -4 3|70 78 -14 -21|0.5 41
4129 聯合|生技醫療|36 33 3|84 84 -2 25|0.3 30
4130 健亞|生技醫療|21 20 1|68 85 -11 -2|0.3 5
4137 麗豐-KY|生技醫療|-9 -15 -28|82 82 -4 -13|0.5 15
4138 曜亞|生技醫療|28 32 -2|82 82 -3 70|1.5 23
4142 國光生|生技醫療|473 107 -77|75 83 -8 -15|0.7 26
4147 中裕|生技醫療|66 49 -79|67 67 -12 -4|0.3 222
4155 訊映|生技醫療|-19 -5 10|68 68 -19 -19|0.6 14
4157 太景*-KY|生技醫療|133 311 -1512|80 80 -14 -5|0.7 10
4162 智擎|生技醫療|11 83 62|62 84 -5 -19|0.4 44
4163 鐿鈦|生技醫療|17 1 -20|85 86 -8 -4|0.3 9
4164 承業醫|生技醫療|4 42 17|85 85 -10 -11|0.5 40
4167 松瑞藥|生技醫療|-36 -22 5|64 90 0 -8|0.3 10
4171 瑞基|農業科技|-47 -47 15|61 71 -17 -29|0.6 7
4173 久裕|生技醫療|9 16 5|93 93 -2 19|0.5 8
4174 浩鼎|生技醫療|5961 2646 na|84 84 -14 1|0.5 16
4175 杏一|生技醫療|12 9 5|63 63 -19 6|0.2 5
4207 環泰|食品工業|6 2 -8|92 92 -3 28|0.3 10
4306 炎洲|塑膠工業|-6 -18 4|100 100 9 5|1.6 12
4438 廣越|紡織纖維|-14 -13 -25|82 94 -4 6|0.3 6
4439 冠星-KY|紡織纖維|-51 -34 2|70 70 -10 8|0.3 6
4503 金雨|電機機械|28 53 4|63 63 -31 4|0.1 12
4510 高鋒|電機機械|2 13 17|72 72 -16 42|0.1 6
4523 永彰|電機機械|-11 8 13|66 66 -19 15|0.1 7
4526 東台|電機機械|7 -6 -4|76 76 -12 0|0.1 5
4532 瑞智|電機機械|6 0 23|75 75 -15 11|0.2 28
4533 協易機|電機機械|-36 -36 -65|67 67 -19 131|0.2 51
4536 拓凱|運動休閒|-34 -32 -39|73 82 -6 -14|0.3 20
4541 晟田|其他|-26 -12 -14|72 72 -18 -1|0.2 14
4542 科嶠|電子零組|17 35 4|98 98 185 185|5.2 62
4543 萬在|電機機械|-45 -34 -24|64 64 -33 64|0.7 33
4551 智伸科|汽車工業|-20 -24 -11|82 90 -10 2|0.3 20
4552 力達-KY|電機機械|-7 -1 1|93 93 5 6|0.6 10
4557 永新-KY|汽車工業|6 -4 -30|100 100 9 8|1.4 6
4561 健椿|電機機械|74 35 41|87 87 7 26|0.5 10
4563 百德|電機機械|9 3 5|82 82 -11 41|0.2 15
4564 元翎|電機機械|-22 -18 11|80 80 -13 12|0.8 23
4566 時碩工業|電機機械|-20 -19 -18|78 78 -15 6|1.1 18
4572 駐龍|電機機械|40 22 -25|82 82 -4 19|0.4 87
4581 光隆精密-KY|汽車工業|1 9 -7|91 91 15 54|0.6 15
4583 台灣精銳|電機機械|-10 -20 -8|77 77 -22 -6|0.2 9
4706 大恭|化學工業|-11 -17 7|98 98 56 78|1.6 11
4721 美琪瑪|化學工業|-58 -61 -17|66 78 -14 -19|0.3 13
4726 永昕|生技醫療|-29 31 19|78 78 -11 -4|0.2 10
4728 雙美|生技醫療|41 49 -25|69 69 -11 43|0.2 5
4736 泰博|生技醫療|-46 -62 -41|84 90 -8 -9|0.7 31
4739 康普|化學工業|-41 -50 -18|69 82 -12 -17|1.4 44
4743 合一|生技醫療|36 -13 -4|68 71 -14 -26|0.6 234
4744 皇將|生技醫療|62 61 37|69 69 -24 -13|0.2 7
4746 台耀|生技醫療|44 29 6|80 80 -1 4|0.1 197
4747 強生製藥|生技醫療|33 30 0|81 81 -13 110|0.3 25
4755 三福化|化學工業|2 -5 14|87 87 -0 9|0.2 16
4760 勤凱科技|其他電子|111 50 64|93 93 2 24|0.5 9
4763 材料*-KY|化學工業|169 151 46|98 98 80 173|0.7 4361
4766 南寶|化學工業|-6 -6 -8|89 89 24 44|0.5 79
4768 晶呈科技|化學工業|-51 -30 -59|79 79 5 18|1.7 123
4770 上品|化學工業|-5 -24 -51|81 91 -6 -1|0.5 27
4904 遠傳|通信網路|8 6 2|92 92 4 -1|0.7 165
4906 正文|通信網路|-24 -20 -48|99 99 12 30|0.6 377
4908 前鼎|通信網路|-6 -1 11|93 93 62 125|1.5 705
4909 新復興|通信網路|94 61 34|88 88 18 38|0.3 60
4912 聯德控股-KY|電子零組|43 -11 13|93 93 6 16|0.4 12
4915 致伸|電子零組|-30 -28 -13|95 95 12 21|0.7 353
4916 事欣科|電腦及週|22 30 -29|80 80 -10 14|0.2 64
4919 新唐|半導體業|-15 -13 1|83 88 -1 -11|0.4 385
4927 泰鼎-KY|電子零組|-3 4 15|85 85 -9 1|0.5 37
4931 新盛力|電腦及週|-76 -51 -67|62 68 -22 -24|0.6 15
4933 友輝|光電業|78 38 51|99 99 49 57|1.3 55
4934 太極|光電業|32 39 -37|84 84 -13 4|0.2 52
4935 茂林-KY|光電業|-53 -46 -19|86 92 -6 -7|0.6 5
4938 和碩|電腦及週|-23 -21 -13|91 91 8 16|0.3 341
4942 嘉彰|光電業|-11 -17 10|100 100 11 23|0.7 12
4944 兆遠|光電業|-87 -90 -22|52 53 24 -4|1.9 12
4945 陞達科技|半導體業|-3 -7 38|80 80 14 53|0.4 63
4952 凌通|半導體業|-12 -21 19|94 94 2 -4|0.5 8
4953 緯致|資訊服務|6 6 -8|74 74 11 12|0.3 111
4958 臻鼎-KY|電子零組|-17 -25 -14|83 91 -5 -6|0.5 228
4960 誠美材|光電業|58 20 39|93 93 -1 -4|0.7 29
4961 天鈺|半導體業|1 -6 20|100 100 32 16|1.7 809
4966 譜瑞-KY|半導體業|-23 -36 6|81 81 -5 -7|0.6 1223
4967 十銓|半導體業|152 148 65|86 86 5 -2|0.5 266
4968 立積|半導體業|-25 -15 -1|76 76 -22 -3|0.3 144
4973 廣穎電通|半導體業|11 10 -0|90 90 -3 12|0.2 11
4974 亞泰|電子零組|-27 -10 -14|97 97 4 4|0.6 6
4976 佳凌|光電業|-32 -33 -12|79 80 -12 -20|0.4 11
4977 眾達-KY|通信網路|-73 -62 -81|67 68 -4 -32|0.7 298
4979 華星光|通信網路|169 159 27|70 70 9 172|1.7 2381
5009 榮剛|鋼鐵工業|1 5 -16|75 75 -20 -9|0.5 337
5203 訊連|資訊服務|9 6 -2|79 82 -4 -11|0.2 17
5209 新鼎|其他|33 54 -30|86 86 -10 56|0.2 14
5210 寶碩|資訊服務|12 -13 1|99 99 43 37|1.0 16
5213 亞昕|建材營造|1050 664 442|100 100 12 10|1.4 9
5215 科嘉-KY|電腦及週|38 16 36|93 93 32 27|0.8 58
5222 全訊|半導體業|6 21 -5|81 81 -4 -7|0.4 123
5225 東科-KY|其他電子|-5 -26 -21|100 100 49 63|1.6 125
5227 立凱-KY|電子零組|29 91 -57|71 71 -15 -19|1.0 13
5234 達興材料|光電業|57 52 54|71 71 -18 30|0.7 82
5236 凌陽創新|半導體業|218 131 123|90 90 25 49|0.3 60
5243 乙盛-KY|光電業|-33 -30 -33|74 74 -19 0|0.3 54
5258 虹堡|電腦及週|2 6 -28|87 87 14 39|0.7 734
5263 智崴|文化創意|16 -6 -15|79 86 -12 -8|0.5 13
5269 祥碩|半導體業|21 15 15|87 87 8 -4|1.0 1061
5274 信驊|半導體業|-40 -47 -28|89 89 -1 2|1.0 1201
5284 jpp-KY|其他|35 33 -10|84 84 0 14|0.3 110
5285 界霖|半導體業|-17 -19 -1|94 96 2 -3|0.3 35
5287 數字|數位雲端|9 12 2|99 99 12 14|0.5 5
5289 宜鼎|電腦及週|-20 -27 -10|92 92 -4 7|0.6 276
5299 杰力|半導體業|6 -24 16|94 94 2 1|0.4 14
5306 桂盟|運動休閒|-36 -38 -7|83 84 -14 -5|1.3 15
5309 系統電|電子零組|-15 -18 -28|73 73 -14 -25|0.5 20
5321 美而快|數位雲端|32 17 -1|88 88 56 65|1.0 80
5328 華容|電子零組|1 16 6|88 88 -3 14|0.4 13
5340 建榮|電子零組|18 -6 5|91 91 44 46|0.5 99
5347 世界|半導體業|-29 -32 -2|72 77 -17 -24|0.9 310
5351 鈺創|半導體業|-27 -38 17|85 85 1 -11|0.7 99
5353 台林|通信網路|3 -3 -23|77 77 -3 -8|0.7 17
5371 中光電|光電業|-15 -22 -1|93 93 12 23|0.4 424
5381 光譜|電機機械|-3 277 78|87 87 21 72|0.6 183
5386 青雲|電腦及週|-24 -16 25|75 75 0 37|0.1 14
5388 中磊|通信網路|-4 -13 -35|94 94 3 39|0.6 467
5392 能率|光電業|-2 -6 9|96 96 12 17|0.4 17
5403 中菲|資訊服務|13 8 -7|94 94 3 24|0.3 8
5410 國眾|資訊服務|29 18 -82|95 97 10 6|0.4 6
5425 台半|半導體業|-3 -5 -6|77 81 -8 -15|0.4 192
5426 振發|電腦及週|-39 -39 -29|90 90 -10 25|1.6 8
5432 新門|綠能環保|-32 2 -19|99 99 120 187|3.0 32
5434 崇越|電子通路|-10 -11 -12|90 90 -4 -5|0.6 43
5439 高技|電子零組|34 48 19|83 83 12 42|0.5 137
5443 均豪|半導體業|-59 -48 -31|87 87 -3 14|0.1 12
5452 佶優|其他電子|3 -1 19|97 97 13 21|1.5 24
5457 宣德|電子零組|-8 -7 7|85 87 -2 -2|0.2 57
5465 富驊|電腦及週|29 29 16|86 86 -5 89|3.2 63
5469 瀚宇博|電子零組|-4 -9 5|99 99 31 68|0.5 307
5471 松翰|半導體業|-10 -18 22|87 88 -4 -10|1.2 10
5474 聰泰|電腦及週|41 7 26|71 71 7 47|0.3 61
5478 智冠|文化創意|9 11 -0|88 88 -3 11|0.4 10
5483 中美晶|半導體業|-17 -10 -16|90 90 4 8|0.4 418
5488 松普|電子零組|-33 -33 -38|86 86 5 14|0.5 10
5508 永信建|建材營造|49 422 295|100 100 12 37|0.7 10
5511 德昌|建材營造|38 21 -3|83 83 -0 116|0.3 12
5515 建國|建材營造|-35 -27 -12|95 95 4 15|0.4 5
5522 遠雄|建材營造|-15 -30 9|95 95 -3 5|1.0 19
5533 皇鼎|建材營造|1114 479 216|100 100 11 16|0.9 6
5534 長虹|建材營造|176 17 11|97 97 1 1|0.6 22
5536 聖暉*|其他電子|-29 -28 -36|88 100 15 28|1.5 32
5607 遠雄港|航運業|-4 -9 -2|72 72 -14 -15|0.3 32
5608 四維航|航運業|-54 -55 -13|67 76 -11 -24|0.5 38
5609 中菲行|航運業|-50 -53 -5|96 96 2 9|0.7 16
5706 鳳凰|觀光餐旅|2212 2771 1292|54 54 -34 5|0.2 38
5864 致和證|金融業|-275 -118 -146|60 60 -40 36|0.2 12
5871 中租-KY|其他|13 13 -3|79 82 -7 -15|0.7 537
5876 上海商銀|金融保險|-1 18 -2|88 94 -1 -5|0.7 104
5880 合庫金|金融保險|4 10 -6|92 92 -1 4|0.9 179
5903 全家|居家生活|8 10 -0|90 92 -5 -7|1.1 5
5904 寶雅|居家生活|10 14 0|83 83 -12 -11|0.6 52
5905 南仁湖|觀光餐旅|-2 24 7|86 86 -5 8|0.4 6
6005 群益證|金融保險|40 124 83|92 92 6 23|0.3 24
6016 康和證|金融業|-73 346 188|83 83 -9 17|0.2 16
6024 群益期|金融保險|85 6 6|99 99 8 12|0.6 8
6026 福邦證|金融業|-19 1855 1398|84 84 -14 9|0.3 9
6101 寬魚國際|文化創意|106 325162 234341|78 78 2 -18|1.1 14
6104 創惟|半導體業|16 0 34|82 82 -7 -15|0.3 270
6108 競國|電子零組|-7 -18 1|100 100 18 22|3.1 10
6111 光聚晶電|文化創意|-5 29 -104|70 70 -25 30|0.3 57
6112 邁達特|資訊服務|8 8 -3|80 80 -8 46|0.2 57
6114 久威|電子零組|14 12 36|88 88 13 31|0.2 6
6116 彩晶|光電業|-21 -20 11|82 82 -13 -9|0.3 56
6117 迎廣|電腦及週|20 -3 8|100 100 68 174|1.9 78
6118 建達|電子通路|-3 -19 -8|66 73 -14 -26|0.3 9
6120 達運|光電業|200 92 90|85 85 6 54|0.5 79
6121 新普|電腦及週|-11 -15 -6|96 96 7 14|0.5 292
6122 擎邦|電機機械|243 153 47|81 81 3 73|1.2 127
6125 廣運|電機機械|-1 11 -10|63 63 -26 121|0.4 451
6126 信音|電子零組|-2 -10 1|91 91 -4 35|0.3 29
6127 九豪|電子零組|52 32 39|89 89 -0 24|0.3 10
6129 普誠|半導體業|-25 -21 -21|78 79 -8 -16|0.2 15
6138 茂達|半導體業|11 -10 24|89 89 -9 -0|0.3 152
6139 亞翔|其他電子|24 32 0|97 97 87 149|2.7 463
6143 振曜|通信網路|18 23 -8|74 77 -9 -24|0.9 60
6146 耕興|其他電子|-10 -9 -10|98 98 5 4|1.6 77
6147 頎邦|半導體業|3 -5 15|95 95 8 8|0.6 294
6148 驊宏資|資訊服務|-21 -2 -123|62 62 -30 61|0.1 10
6150 撼訊|電腦及週|90 44 64|72 72 3 4|0.4 66
6153 嘉聯益|電子零組|-47 -33 -25|75 84 -11 -5|0.8 26
6155 鈞寶|電子零組|-30 -35 -13|100 100 16 7|2.4 8
6156 松上|電子零組|-18 -22 0|100 100 14 7|0.9 15
6158 禾昌|電子零組|10 -1 16|99 99 42 55|0.8 30
6160 欣技|電腦及週|10 -6 -20|64 64 -22 -16|0.2 6
6161 捷波|電腦及週|-8 -18 13|81 81 7 26|0.1 9
6163 華電網|資訊服務|-23 -20 -32|62 62 -14 -17|0.2 6
6165 浪凡|數位雲端|-18 -13 -10|88 88 4 16|0.4 15
6166 凌華|電腦及週|-12 -12 -21|77 77 -15 5|0.2 9
6167 久正|光電業|-26 -20 -6|84 84 -7 23|0.3 16
6168 宏齊|光電業|-10 -14 11|87 87 0 0|0.5 42
6170 統振|通信網路|27 16 37|92 92 45 51|0.3 56
6173 信昌電|電子零組|12 3 27|89 89 8 21|0.3 35
6175 立敦|電子零組|18 9 21|94 94 -1 3|0.4 7
6176 瑞儀|光電業|-39 -34 -26|95 95 11 21|0.6 394
6177 達麗|建材營造|132 1568 1108|100 100 8 4|0.6 8
6179 亞通|其他|116 26 5|82 82 -11 11|0.1 11
6180 橘子|文化創意|-21 -19 -9|78 85 -11 -2|0.3 15
6182 合晶|半導體業|-24 -25 -18|96 96 -1 -1|0.6 196
6186 新潤|建材營造|na na na|100 100 23 26|1.2 14
6187 萬潤|半導體業|-46 -52 -1|87 87 15 87|1.0 163
6188 廣明|電腦及週|0 -15 -11|73 73 9 53|0.3 366
6189 豐藝|電子通路|52 25 34|97 97 13 21|0.6 26
6190 萬泰科|通信網路|-25 -35 -10|86 86 -2 13|0.2 24
6191 精成科|電子零組|-1 -4 4|100 100 41 102|0.7 374
6192 巨路|其他電子|6 3 1|97 97 9 19|0.4 8
6194 育富|電子零組|8 43 35|87 87 6 24|0.1 10
6196 帆宣|其他電子|-8 -6 -32|93 93 2 10|0.5 60
6197 佳必琪|電子零組|7 5 -4|93 93 10 49|1.3 92
6202 盛群|半導體業|-54 -54 -1|85 87 -5 -11|0.6 41
6203 海韻電|電子零組|52 80 60|86 86 -6 57|0.2 49
6204 艾華|電子零組|7 5 26|99 99 50 67|2.8 17
6205 詮欣|電子零組|-42 -38 -32|75 93 5 -5|1.0 46
6206 飛捷|電腦及週|-40 -43 -1|94 96 -2 -3|0.6 13
6209 今國光|光電業|-20 -22 -3|86 86 -3 -10|0.3 12
6213 聯茂|電子零組|11 -8 10|96 96 41 26|1.2 496
6214 精誠|資訊服務|-10 -6 -17|91 91 1 39|0.2 50
6216 居易|通信網路|52 18 43|97 97 5 13|0.5 11
6217 中探針|電子零組|-16 -18 -1|85 85 -5 2|0.1 25
6218 豪勉|通信網路|74 47 -3|75 75 6 54|0.1 12
6219 富旺|建材營造|1808 1923 1461|97 97 11 35|1.3 23
6220 岳豐|電子零組|-19 -19 4|90 100 12 12|0.9 17
6223 旺矽|半導體業|11 9 3|97 97 26 65|0.6 803
6230 尼得科超眾|電腦及週|-5 -8 -16|81 81 -3 -2|0.3 5
6231 系微|資訊服務|-4 -5 3|88 88 39 25|0.4 148
6234 高僑|光電業|24 81 31|78 78 1 28|0.2 23
6235 華孚|電腦及週|39 34 -13|89 89 -5 92|0.7 1300
6237 驊訊|半導體業|-1 -29 11|75 75 -7 -24|0.5 6
6239 力成|半導體業|-12 -19 1|99 99 5 20|0.6 283
6243 迅杰|半導體業|80 56 37|83 83 -10 26|0.3 26
6244 茂迪|光電業|-37 -27 -24|67 67 -21 -24|0.5 38
6245 立端|通信網路|-29 -21 -32|74 74 -6 -15|0.4 90
6257 矽格|半導體業|-13 -18 -3|95 95 8 13|0.5 119
6261 久元|半導體業|-28 -30 0|90 90 -10 -9|0.4 6
6263 普萊德|通信網路|10 5 -13|91 91 -4 17|0.4 6
6266 泰詠|電子零組|6 -6 -42|78 78 -21 4|0.2 14
6269 台郡|電子零組|-36 -25 -23|83 90 -5 -5|0.3 70
6271 同欣電|半導體業|-29 -24 -9|81 97 6 -1|2.4 533
6274 台燿|電子零組|-7 -14 7|100 100 92 123|1.2 2945
6275 元山|電子零組|26 11 18|91 91 26 48|0.5 63
6276 安鈦克|電腦及週|21 24 29|75 75 -21 99|0.4 9
6277 宏正|電腦及週|-6 -8 -13|94 94 -4 0|0.5 9
6278 台表科|光電業|-28 -30 -4|95 95 -2 1|0.4 103
6279 胡連|電子零組|5 5 -19|88 91 -5 11|0.6 99
6282 康舒|電子零組|57 20 23|81 81 -13 24|0.3 488
6284 佳邦|電子零組|15 4 6|95 95 15 14|0.6 133
6285 啟碁|通信網路|23 19 -20|89 89 33 44|0.4 1775
6288 聯嘉|汽車工業|14 10 -0|84 84 -11 -2|0.8 51
6290 良維|電子零組|2 -4 6|86 91 3 -4|1.1 51
6291 沛亨|半導體業|79 58 25|76 76 -16 56|0.4 46
6405 悅城|光電業|-13 -21 22|97 97 23 33|4.6 12
6409 旭隼|其他電子|-34 -32 -32|80 80 -16 -4|1.0 264
6411 晶焱|半導體業|11 6 39|85 89 -1 -8|0.5 94
6412 群電|電子零組|-6 -9 2|91 91 28 47|0.2 68
6414 樺漢|電腦及週|5 7 -20|88 88 -4 10|0.4 383
6415 矽力*-KY|半導體業|-26 -38 -3|48 60 -18 -37|0.6 809
6416 瑞祺電通|通信網路|-33 -30 -22|75 77 -12 -24|0.4 18
6417 韋僑|通信網路|1 25 -0|64 64 -16 -20|0.2 18
6418 詠昇|電子零組|2 10 15|96 96 45 57|2.5 29
6426 統新|通信網路|-35 -41 -3|89 89 12 15|0.3 37
6432 今展科|電子零組|44 32 43|100 100 16 12|1.3 9
6438 迅得|其他電子|-23 -17 -30|86 86 -10 3|0.5 47
6441 廣錠|電腦及週|17 13 -16|73 73 -15 -12|0.2 5
6442 光聖|通信網路|-15 -23 -12|92 92 43 39|4.4 114
6443 元晶|光電業|-16 -9 -27|69 73 -17 -26|0.4 70
6446 藥華藥|生技醫療|121 78 -144|58 76 -6 -22|0.4 620
6449 鈺邦|電子零組|84 68 59|100 100 53 48|1.1 41
6451 訊芯-KY|半導體業|-11 -9 -40|100 100 18 77|3.3 1087
6456 GIS-KY|光電業|-54 -49 -24|64 73 -19 -26|1.1 44
6462 神盾|半導體業|13 41 31|71 71 -22 -2|0.3 11
6469 大樹|生技醫療|13 12 -4|95 95 9 19|0.4 48
6470 宇智|通信網路|-0 -10 -22|77 77 -18 9|0.1 42
6472 保瑞|生技醫療|111 147 -109|84 84 5 5|0.5 875
6477 安集|光電業|-78 -33 -33|74 74 -15 -18|0.5 15
6485 點序|半導體業|-2 -3 16|97 97 -2 5|2.1 301
6488 環球晶|半導體業|-13 -5 -13|86 87 -5 -8|0.6 397
6491 晶碩|生技醫療|17 12 2|87 94 5 -0|1.9 285
6494 九齊|半導體業|13 -5 30|84 87 1 -11|0.5 6
6505 台塑化|油電燃氣|-17 -29 -21|91 91 -1 -7|0.8 124
6509 聚和|化學工業|-17 -25 -17|80 82 -11 -14|0.5 9
6510 精測|半導體業|-53 -36 -15|94 97 -1 5|2.7 81
6515 穎崴|半導體業|-32 -34 -69|75 75 -19 -5|0.5 578
6517 保勝光學|光電業|-17 -4 -13|na 44 -22 -46|0.2 19
6523 達爾膚|生技醫療|65 49 36|94 94 14 30|0.6 49
6525 捷敏-KY|半導體業|-20 -25 -11|91 91 -6 -5|0.7 5
6527 明達醫|生技醫療|5 4 -15|76 76 15 30|0.1 6
6530 創威|通信網路|2 -3 3|91 91 35 33|2.6 38
6531 愛普*|半導體業|2 -8 27|100 100 26 24|1.4 3212
6532 瑞耘|半導體業|1 3 -20|91 91 6 20|0.5 10
6533 晶心科|半導體業|31 35 -10|68 76 -15 -22|0.7 397
6535 順藥|生技醫療|227 153 -1698|94 94 -3 50|0.4 11
6538 倉和|電子零組|73 56 28|89 89 21 72|0.3 105
6541 泰福-KY|生技醫療|-85 271 na|43 75 -13 -19|2.1 14
6546 正基|通信網路|-28 -37 8|75 83 -4 5|0.3 36
6547 高端疫苗|生技醫療|24154 7985 6063|64 95 22 24|0.5 178
6548 長科*|半導體業|-18 -23 -7|74 75 -23 -25|0.2 36
6550 北極星藥業-KY|生技醫療|-100 -58 8|37 80 7 -18|0.6 117
6561 是方|通信網路|7 7 -1|94 94 1 4|0.2 9
6568 宏觀|半導體業|-6 -2 -23|68 71 -14 -22|0.6 13
6569 醫揚|生技醫療|8 2 3|76 76 36 69|1.6 14
6570 維田|電腦及週|-44 -21 -29|77 77 -20 -3|0.2 6
6576 逸達|生技醫療|-100 527 -3696|64 79 -4 -24|0.5 7
6577 勁豐|電腦及週|66 56 27|69 69 -15 49|0.2 8
6579 研揚|電腦及週|-1 0 -5|66 66 24 72|0.8 59
6584 南俊國際|電子零組|-41 -39 na|na na -3 na|0.2 6
6585 鼎基|其他|33 -2 -1|94 94 52 96|1.1 143
6589 台康生技|生技醫療|-34 -46 -27|63 78 -9 -18|0.5 55
6591 動力-KY|電腦及週|80 40 53|89 89 7 11|0.3 8
6592 和潤企業|其他|29 25 -0|88 88 -1 22|0.4 59
6593 台灣銘板|資訊服務|58 48 40|75 75 -15 1|0.5 12
6605 帝寶|汽車工業|4 -1 -9|100 100 23 49|1.3 196
6613 朋億*|其他電子|4 5 -13|100 100 32 38|1.4 22
6625 必應|其他|210 367 143|66 66 -15 87|0.4 68
6643 M31|半導體業|18 25 -6|80 80 -6 44|0.6 725
6657 華安|生技醫療|-3 -36 na|na na -23 na|0.1 7
6664 群翊|電子零組|4 1 -9|92 92 18 46|0.2 67
6667 信紘科|其他電子|-10 -5 -13|88 88 -10 7|0.6 11
6669 緯穎|電腦及週|-26 -27 -50|78 78 14 38|0.6 3520
6670 復盛應用|運動休閒|-34 -39 -41|91 96 1 -0|1.2 34
6672 騰輝電子-KY|電子零組|9 3 25|97 97 9 23|0.4 70
6679 鈺太|半導體業|21 -5 29|88 88 9 18|0.5 169
6683 雍智科技|半導體業|-14 -14 -10|84 84 -16 0|0.7 20
6684 安格|半導體業|49 7 50|92 96 15 5|1.4 21
6689 伊雲谷|數位雲端|11 12 8|70 76 -10 -7|0.4 43
6690 安碁資訊|數位雲端|17 17 -19|76 76 -7 -5|0.1 7
6691 洋基工程|其他電子|-0 6 -21|90 90 -5 29|0.3 68
6695 芯鼎|半導體業|26 -4 11|na 81 -8 -7|1.2 7
6703 軒郁|生技醫療|87 89 32|91 91 38 110|0.9 71
6706 惠特|光電業|-63 -67 5|63 69 -16 -30|0.3 10
6712 長聖|生技醫療|38 16 6|96 99 6 4|1.2 88
6715 嘉基|電子零組|-37 -38 -33|93 96 16 -3|0.9 93
6719 力智|半導體業|-52 -58 -8|69 69 -13 -18|0.9 284
6732 昇佳電子|半導體業|75 48 59|90 90 17 6|1.5 399
6741 91APP*-KY|數位雲端|5 8 -4|65 65 -28 -8|0.4 45
6743 安普新|其他電子|-17 -27 5|67 67 -15 -6|0.4 8
6747 亨泰光|生技醫療|7 -0 -1|71 71 -18 -26|0.3 6
6752 叡揚|資訊服務|-7 1 -15|63 63 -21 -11|0.1 9
6753 龍德造船|航運業|85 35 -60|na 71 -5 -24|0.2 40
6756 威鋒電子|半導體業|-16 -14 27|86 89 -9 -8|0.3 59
6763 綠界科技*|數位雲端|1 6 -2|71 71 -19 -7|0.7 5
6770 力積電|半導體業|-46 -49 -11|76 80 -13 -18|0.6 197
6776 展碁國際|電子通路|-4 -5 1|84 84 -9 8|0.3 6
6781 AES-KY|電子零組|-44 -45 -27|77 80 -18 -7|0.5 206
6782 視陽|生技醫療|-14 -16 -11|na 62 -8 -27|3.1 62
6788 華景電|半導體業|37 12 3|87 87 -2 2|0.3 52
6789 采鈺|半導體業|-15 -19 5|74 77 -18 -8|0.6 102
6792 詠業|通信網路|29 16 28|88 88 12 21|0.8 35
6796 晉弘|生技醫療|1 4 -2|78 78 13 9|0.2 12
6799 來頡|半導體業|11 -6 12|84 84 7 5|0.4 173
6806 森崴能源|綠能環保|319 322 213|85 85 -9 20|3.1 129
6811 宏碁資訊|數位雲端|-13 -3 -9|67 67 15 25|0.3 134
6829 千附精密|半導體業|-17 -19 7|76 76 -10 11|0.4 167
6830 汎銓|其他電子|4 5 -7|80 80 -14 11|0.3 64
6841 長佳智能|生技醫療|43 79 -85|na 70 -7 -11|0.3 40
6854 錼創科技-KY創|半導體業|311 229 137|82 82 -6 -2|0.6 6
6861 睿生光電|生技醫療|-25 -9 -8|na 57 -15 -44|0.5 5
6863 永道-KY|通信網路|9 6 na|na 62 -13 -24|0.6 23
6869 雲豹能源|綠能環保|164 171 -90|na 74 -8 -6|0.5 11
6873 泓德能源|綠能環保|136 120 4|na 77 -3 -17|0.8 5
6874 倍力|資訊服務|34 21 -8|na 55 -21 -21|0.1 9
7402 邑錡|光電業|-25 -15 6|89 89 4 7|0.2 58
8011 台通|通信網路|17 19 16|93 93 -1 24|0.7 22
8016 矽創|半導體業|2 6 27|92 92 22 27|0.8 965
8021 尖點|其他電子|-18 -20 5|84 84 -5 -1|0.1 5
8027 鈦昇|電機機械|-33 -35 -2|93 93 26 31|0.3 51
8028 昇陽半導體|半導體業|-10 7 -9|83 83 -11 -12|0.4 46
8033 雷虎|其他|-29 -19 -14|75 75 -14 0|0.3 98
8034 榮群|通信網路|303 162 -43|93 93 7 56|1.0 51
8038 長園科|電子零組|-71 239 -524|59 59 -28 -14|0.2 11
8039 台虹|電子零組|4 6 19|96 96 3 7|0.6 17
8040 九暘|半導體業|-59 -52 -29|71 85 -5 -15|0.6 7
8044 網家|數位雲端|-1 -10 0|60 66 -16 -32|0.5 16
8046 南電|電子零組|-41 -42 -31|92 93 5 3|1.0 1296
8048 德勝|通信網路|123 102 33|79 79 -2 117|0.4 148
8049 晶采|光電業|-32 -26 -38|91 91 -5 -0|0.3 13
8050 廣積|電腦及週|-23 -15 -35|88 88 -1 18|0.3 402
8054 安國|半導體業|19 0 -8|94 94 -1 8|1.1 31
8064 東捷|光電業|-14 -0 -8|93 93 -1 2|0.8 18
8068 全達|電子通路|-5 -0 -67|85 85 37 49|1.7 136
8069 元太|光電業|-27 -12 -28|77 77 -14 8|0.5 878
8070 長華*|電子通路|-26 -29 -7|86 86 -7 -9|0.3 17
8076 伍豐|電腦及週|12 -1 7|83 83 -15 17|0.2 22
8081 致新|半導體業|44 20 35|95 95 45 60|0.9 359
8083 瑞穎|電機機械|-23 -33 13|91 100 1 9|1.1 10
8085 福華|其他電子|-18 -22 -22|81 81 -18 107|0.6 39
8086 宏捷科|半導體業|34 17 48|91 91 8 21|0.3 516
8088 品安|半導體業|-26 -10 -1|100 100 14 38|2.1 126
8091 翔名|半導體業|-17 -11 -9|84 84 -5 1|0.3 9
8097 常珵|通信網路|-99 -92 -218|65 76 -14 7|3.6 19
8103 瀚荃|電子零組|0 -16 10|98 98 16 17|0.4 9
8105 凌巨|光電業|-14 -16 -8|81 81 -15 -6|0.3 10
8109 博大|電子零組|0 10 -14|89 89 10 17|0.3 28
8110 華東|半導體業|-35 -36 -16|90 90 -5 2|0.8 16
8112 至上|電子通路|13 1 27|100 100 29 41|0.9 698
8114 振樺電|電腦及週|-32 -26 -21|70 88 -7 -0|0.5 13
8131 福懋科|半導體業|-44 -36 -19|92 92 -5 -6|1.0 8
8147 正淩|電子零組|47 7 5|93 93 14 19|0.8 24
8150 南茂|半導體業|7 -5 19|93 93 4 4|0.4 64
8155 博智|電子零組|-15 -17 -0|88 88 14 29|0.5 318
8163 達方|電腦及週|-15 -12 -2|95 95 -2 4|0.3 14
8171 天宇|綠能環保|-62 -62 -88|62 65 -18 -34|0.5 8
8183 精星|其他電子|-9 -9 -22|84 89 -1 -5|0.3 22
8210 勤誠|電腦及週|-28 -32 -23|91 91 23 178|0.7 1284
8213 志超|電子零組|33 21 41|99 99 15 17|0.9 36
8215 明基材|光電業|18 19 17|82 82 -9 1|0.2 26
8222 寶一|電機機械|43 38 -0|72 72 -19 18|0.2 193
8227 巨有科技|半導體業|129 61 4|na 84 -11 -10|1.5 217
8234 新漢|電腦及週|-34 -34 -24|75 75 -8 15|0.2 26
8240 華宏|光電業|-1 -9 16|99 99 14 35|1.1 10
8255 朋程|電機機械|48 49 21|89 89 1 -8|0.4 102
8261 富鼎|半導體業|-2 -22 11|75 77 -16 -18|0.4 58
8271 宇瞻|半導體業|-6 -18 -8|89 89 -5 12|0.7 29
8289 泰藝|電子零組|-36 -45 -19|72 76 -12 -22|0.7 5
8299 群聯|半導體業|-10 -27 5|99 99 14 16|0.9 919
8341 日友|綠能環保|-8 -13 -5|63 73 -22 -26|0.4 17
8349 恒耀國際|鋼鐵工業|2 4 -5|89 99 8 7|0.6 9
8358 金居|電子零組|2 -20 3|95 95 12 15|0.4 571
8390 金益鼎|綠能環保|7 3 -1|85 85 17 30|0.2 45
8403 盛弘|生技醫療|-7 -10 0|80 80 -7 4|0.3 7
8410 森田|電腦及週|64 34 34|95 95 17 90|0.6 8
8415 大國鋼|鋼鐵工業|-11 -8 -13|91 97 -0 -1|1.1 5
8420 明揚|運動休閒|-25 -9 -33|60 60 -36 -35|6.9 14
8422 可寧衛*|綠能環保|-57 -44 -62|86 86 -11 -1|1.3 32
8426 紅木-KY|其他|44 70 3|68 68 -20 34|0.2 7
8431 匯鑽科|其他電子|-1 -18 11|86 86 -11 -5|0.6 10
8433 弘帆|居家生活|4 1 8|83 83 1 24|0.3 8
8436 大江|生技醫療|9 8 3|81 82 7 -8|1.6 70
8442 威宏-KY|其他|-2 -5 -22|98 98 14 8|0.5 9
8446 華研|文化創意|31 24 -4|67 67 -6 16|0.2 16
8454 富邦媒|數位雲端|6 6 -5|63 65 -16 -34|0.9 180
8462 柏文|運動休閒|20 27 5|79 79 -20 -13|1.4 10
8464 億豐|居家生活|6 -7 4|88 88 -2 -3|0.9 73
8467 波力-KY|運動休閒|-16 -2 -12|87 87 27 31|1.3 35
8476 台境*|綠能環保|-60 -2 -69|92 92 -7 12|0.9 7
8478 東哥遊艇|運動休閒|-32 -6 -26|60 60 -33 -25|0.6 401
8916 光隆|其他|-43 -27 -21|90 96 1 4|0.5 11
8924 大田|運動休閒|-43 -42 -22|72 75 -6 -25|3.6 13
8926 台汽電|油電燃氣|19 44 6|78 78 -15 9|0.3 41
8927 北基|油電燃氣|18 14 3|94 94 37 65|1.2 77
8930 青鋼|鋼鐵工業|44 33 20|99 99 57 97|1.0 56
8931 大汽電|油電燃氣|-27 -16 -64|54 54 -25 -40|0.4 5
8932 智通*|數位雲端|47 17 27|97 97 28 80|0.8 63
8936 國統|其他|-7 8 18|88 88 3 25|0.8 54
8938 明安|運動休閒|-52 -50 -43|64 71 -13 -30|4.9 22
8942 森鉅|其他|11 7 8|96 96 10 27|0.9 26
8996 高力|電機機械|71 75 1|70 70 -17 24|1.5 1116
9802 鈺齊-KY|運動休閒|-63 -44 -51|69 90 -9 -4|0.5 127
9904 寶成|運動休閒|-13 -15 -17|87 92 -2 -3|1.6 117
9907 統一實|其他|-28 -26 -7|86 86 -9 -7|0.4 15
9910 豐泰|運動休閒|-3 -8 -21|96 96 18 18|1.4 432
9911 櫻花|居家生活|9 1 3|99 99 2 7|1.2 8
9914 美利達|運動休閒|-32 -25 -40|83 83 -12 12|0.9 94
9917 中保科|其他|11 13 3|94 94 -2 8|1.1 57
9919 康那香|其他|-15 -13 -3|94 94 8 13|1.6 178
9921 巨大|運動休閒|-23 -22 -19|77 79 -18 8|1.1 240
9925 新保|其他|-2 6 5|99 99 2 3|1.0 10
9927 泰銘|其他|1 -0 10|93 93 31 40|0.9 79
9928 中視|其他|12 13 7|89 92 45 45|2.0 19
9929 秋雨|其他|16 31 15|95 95 82 81|0.8 7
9930 中聯資源|綠能環保|7 6 0|95 95 10 24|1.1 20
9933 中鼎|其他|17 10 -1|83 95 -2 -3|0.7 35
9934 成霖|居家生活|0 -2 2|97 97 13 11|0.4 14
9938 百和|其他|-14 -22 3|89 100 8 2|0.9 126
9939 宏全|其他|4 6 -6|99 99 2 13|0.5 81
9941 裕融|其他|12 14 -2|93 93 1 16|0.6 99
9942 茂順|其他|19 21 -2|86 86 -8 5|0.3 37
9943 好樂迪|觀光餐旅|7 23 -402|88 88 1 34|0.4 13
9945 潤泰新|其他|-19 -34 -46|69 88 -9 -8|1.2 216
9950 萬國通|塑膠工業|23 33 -24|93 93 -1 70|1.0 10
9951 皇田|電機機械|-1 10 -7|97 97 9 14|0.6 13
9958 世紀鋼|鋼鐵工業|59 98 56|97 97 34 74|0.6 942