# 2024-06-03 全池(1268 檔)。欄位:代碼 名稱|產業|最新月YoY 3月YoY均 加速度|距52週高% 距120日高% 60日漲% 120日漲%|量能比 日均值M
1101 台泥|水泥工業|28 3 8|86 95 3 -6|0.9 663
1102 亞泥|水泥工業|-21 -28 -15|90 90 4 -0|1.5 373
1103 嘉泥|水泥工業|8 2 -21|83 97 6 -4|1.1 8
1104 環泥|水泥工業|7 -4 -12|96 96 8 19|0.4 41
1108 幸福|水泥工業|8 -3 -23|95 98 4 12|0.4 15
1109 信大|水泥工業|-20 -33 -27|93 93 9 8|0.5 9
1110 東泥|水泥工業|-6 -1 -25|100 100 27 20|2.7 7
1201 味全|食品工業|12 11 1|93 98 2 -1|3.1 12
1210 大成|食品工業|-4 -9 -5|91 94 -6 1|0.8 90
1215 卜蜂|食品工業|-11 -10 -8|93 93 7 11|0.8 56
1216 統一|食品工業|19 18 2|99 99 5 10|1.5 872
1217 愛之味|食品工業|3 -1 -1|84 99 5 4|0.9 13
1218 泰山|食品工業|8 2 -1|74 99 6 6|2.3 27
1219 福壽|食品工業|-6 -17 -10|92 97 0 -3|0.8 7
1220 台榮|食品工業|-5 0 -2|90 90 12 11|0.4 8
1225 福懋油|食品工業|-3 -16 -7|100 100 67 68|1.3 7
1227 佳格|食品工業|1 -1 -4|99 99 13 8|1.3 55
1229 聯華|食品工業|34 9 -6|97 97 -0 -2|1.0 58
1231 聯華食|食品工業|6 6 5|99 99 13 11|0.5 13
1232 大統益|食品工業|0 -10 -3|98 98 -0 1|0.9 8
1234 黑松|食品工業|-4 1 -4|99 99 7 9|0.6 5
1256 鮮活果汁-KY|食品工業|-8 -23 -39|65 78 -15 -17|0.7 5
1268 漢來美食|觀光餐旅|6 40 1|92 97 10 12|0.6 28
1301 台塑|塑膠工業|3 -12 -1|72 80 -8 -20|1.4 501
1303 南亞|塑膠工業|2 -10 7|67 76 -7 -23|3.0 637
1304 台聚|塑膠工業|2 -11 4|64 76 -12 -20|0.8 41
1305 華夏|塑膠工業|-20 -24 -7|67 75 -8 -24|2.2 30
1307 三芳|塑膠工業|21 -0 1|95 95 20 19|0.4 30
1308 亞聚|塑膠工業|1 -8 15|68 75 -15 -23|0.8 19
1309 台達化|塑膠工業|28 5 8|77 89 -4 -9|1.1 13
1310 台苯|塑膠工業|7 -5 3|77 79 -6 -21|1.5 11
1312 國喬|塑膠工業|19 -14 -2|77 89 2 -11|1.4 58
1313 聯成|塑膠工業|10 -6 -21|76 81 -9 -17|1.0 27
1314 中石化|塑膠工業|13 28 -14|89 89 9 3|0.5 233
1316 上曜|建材營造|36 4 39|74 74 -26 57|0.7 144
1319 東陽|汽車工業|20 3 -12|88 88 12 55|0.8 524
1321 大洋|塑膠工業|0 -17 -0|90 90 9 -1|0.8 19
1325 恆大|塑膠工業|-17 -26 -7|59 59 -13 -20|0.7 8
1326 台化|塑膠工業|26 7 10|76 82 -4 -18|1.4 253
1339 昭輝|汽車工業|-11 -10 -16|87 87 -2 8|0.4 31
1342 八貫|其他|-16 7 9|80 80 -12 -0|0.3 24
1402 遠東新|紡織纖維|9 3 1|97 97 7 12|1.7 189
1409 新纖|紡織纖維|24 17 14|98 98 -0 7|1.0 51
1414 東和|紡織纖維|32 3 6|97 97 9 17|0.8 8
1416 廣豐|其他|23 -0 -21|93 93 2 15|0.4 9
1423 利華|紡織纖維|-39 2 10|100 100 22 23|2.1 12
1434 福懋|紡織纖維|7 -3 10|86 89 -1 -9|1.2 26
1436 華友聯|建材營造|1534 625 485|92 92 61 97|0.9 75
1437 勤益控|其他|14 6 -4|99 99 15 21|0.7 9
1438 三地開發|建材營造|na na na|100 100 28 99|1.2 11
1440 南紡|紡織纖維|-14 -26 -11|91 91 20 12|0.7 69
1442 名軒|建材營造|3494 1242 -18930|99 99 57 56|1.5 217
1445 大宇|紡織纖維|-37 -46 -22|85 85 -15 11|0.8 10
1446 宏和|紡織纖維|2179 2720 1754|100 100 57 43|1.1 148
1449 佳和|紡織纖維|29 6 -24|74 82 -14 -20|1.2 12
1453 大將|建材營造|98 101 -29606|97 97 97 99|1.5 100
1455 集盛|紡織纖維|37 17 6|91 91 3 26|0.4 25
1457 宜進|紡織纖維|1 6 14|87 87 26 22|0.5 27
1464 得力|紡織纖維|32 3 15|98 98 7 7|1.0 6
1467 南緯|紡織纖維|-3 11 19|89 93 5 2|0.3 7
1471 首利|電子零組|-3 -16 -36|68 86 -12 -12|3.2 10
1473 台南|紡織纖維|-6 40 35|99 99 64 54|3.7 46
1474 弘裕|紡織纖維|48 16 8|96 96 10 21|0.7 7
1475 業旺|紡織纖維|61 30 18|91 91 15 15|0.7 17
1476 儒鴻|紡織纖維|13 13 16|85 85 -7 -14|1.1 285
1477 聚陽|紡織纖維|6 7 1|97 97 11 13|0.6 377
1503 士電|電機機械|9 6 3|67 67 28 123|0.2 1932
1504 東元|電機機械|4 -7 -7|94 94 14 23|0.9 607
1513 中興電|電機機械|34 13 -5|79 79 -4 37|0.2 1807
1514 亞力|電機機械|-18 -1 -17|59 59 -9 58|0.3 1065
1515 力山|電機機械|69 208 46|76 79 -3 -21|0.4 55
1516 川飛|其他|na na na|84 84 38 26|4.0 16
1517 利奇|電機機械|-4 -34 20|94 96 6 8|0.5 7
1519 華城|電機機械|35 82 -29|73 73 25 149|0.9 6359
1522 堤維西|汽車工業|18 8 3|98 98 31 60|0.9 515
1524 耿鼎|汽車工業|7 9 -10|100 100 15 32|1.6 211
1527 鑽全|電機機械|13 2 15|99 99 7 8|0.7 22
1528 恩德|電機機械|5 -11 -8|73 81 -8 13|1.2 10
1529 樂事綠能|電機機械|154 42 -111|68 84 -7 1|0.2 34
1531 高林股|電機機械|4 0 19|95 95 9 8|1.4 6
1532 勤美|電機機械|155 97 33|94 94 29 31|0.8 297
1533 車王電|汽車工業|7 -14 -25|70 83 -6 -17|0.8 6
1535 中宇|電機機械|24 32 13|78 78 7 27|0.2 19
1536 和大|汽車工業|-26 -22 -5|79 90 8 -10|3.3 70
1537 廣隆|電機機械|49 32 26|100 100 10 10|1.1 33
1540 喬福|電機機械|-28 10 -18|98 98 16 21|1.2 16
1558 伸興|電機機械|14 2 -15|89 91 -1 -5|0.5 6
1560 中砂|電機機械|7 -0 3|98 98 14 58|2.1 614
1565 精華|生技醫療|-13 -13 -4|83 92 -5 -1|2.8 26
1568 倉佑|汽車工業|-39 -29 -8|79 84 -9 -9|0.6 16
1570 力肯|電機機械|68 -7 25|71 71 20 59|1.6 20
1580 新麥|電機機械|1 -11 -23|97 97 1 3|0.3 9
1582 信錦|電子零組|24 10 -1|100 100 38 28|2.1 455
1584 精剛|其他|27 -4 -41|87 88 -1 -4|0.4 49
1587 吉茂|汽車工業|-8 -12 2|82 82 160 192|0.6 617
1589 永冠-KY|電機機械|-34 -47 -24|53 71 -29 -12|0.4 21
1590 亞德客-KY|電機機械|16 -10 -27|86 86 -7 -4|1.8 647
1591 駿吉-KY|電機機械|1126 440 372|89 89 17 64|0.5 122
1597 直得|電機機械|-29 -20 14|89 89 11 6|1.0 16
1598 岱宇|運動休閒|-10 -17 -21|77 85 1 -13|0.7 8
1603 華電|電器電纜|2 -6 -30|84 84 19 20|0.2 103
1604 聲寶|電器電纜|5 7 5|92 97 5 6|0.4 14
1605 華新|電器電纜|-6 -18 -15|78 91 2 -6|0.5 504
1608 華榮|電器電纜|40 12 12|83 83 62 85|0.2 512
1609 大亞|電器電纜|16 2 -2|76 76 30 44|0.1 987
1611 中電|電器電纜|8 -15 -5|86 96 8 7|0.6 25
1612 宏泰|電器電纜|57 27 18|85 85 41 49|0.1 240
1614 三洋電|電器電纜|6 -7 -2|88 88 16 16|0.4 51
1615 大山|電器電纜|87 46 17|97 97 40 82|0.4 64
1616 億泰|電器電纜|18 14 -1|81 81 58 68|0.3 68
1617 榮星|電器電纜|39 -1 3|74 74 28 38|0.2 31
1618 合機|電器電纜|-25 -4 -66|74 74 33 63|0.2 397
1701 中化|生技醫療|10 4 2|85 85 -7 -11|0.7 11
1702 南僑|食品工業|5 -0 -9|92 92 9 21|1.6 94
1707 葡萄王|生技醫療|17 6 2|86 98 3 4|0.8 34
1708 東鹼|化學工業|25 -3 15|92 98 12 7|1.8 77
1709 和益|化學工業|8 5 10|87 97 0 -1|1.2 12
1710 東聯|化學工業|13 -7 -13|74 84 -8 -13|1.1 18
1711 永光|化學工業|21 -3 -0|88 88 -10 -6|2.7 26
1712 興農|化學工業|5 2 12|98 98 4 16|0.5 28
1713 國化|化學工業|63 5 -0|95 95 16 18|1.0 22
1717 長興|化學工業|7 -7 -4|94 97 -1 9|1.0 48
1720 生達|生技醫療|21 5 -0|93 97 5 5|0.4 61
1721 三晃|化學工業|24 -2 12|79 87 -5 -11|0.5 17
1722 台肥|化學工業|-23 -16 -18|93 93 -5 1|1.2 187
1723 中碳|化學工業|-23 -24 0|90 90 0 -4|0.5 67
1725 元禎|化學工業|7 -6 1|86 86 14 120|2.5 69
1727 中華化|化學工業|10 6 21|68 85 -6 -3|0.6 10
1731 美吾華|生技醫療|6 4 -5|90 90 -1 11|0.4 9
1732 毛寶|化學工業|11 5 5|77 77 -5 -4|0.5 5
1733 五鼎|生技醫療|-7 -10 8|80 80 5 15|0.4 15
1734 杏輝|生技醫療|1 -7 -8|96 96 9 9|0.4 17
1736 喬山|運動休閒|27 19 -1|94 94 30 31|0.6 131
1737 臺鹽|食品工業|-9 -12 -6|91 97 -2 -0|0.4 6
1752 南光|生技醫療|0 -16 -16|82 90 9 -1|1.1 26
1760 寶齡富錦|生技醫療|4 7 11|63 81 -6 -17|0.5 21
1762 中化生|生技醫療|-43 -57 -26|52 80 -3 -17|0.8 8
1773 勝一|化學工業|15 5 7|83 83 -12 15|0.5 73
1784 訊聯|生技醫療|12 7 -10|100 100 35 44|4.6 39
1785 光洋科|其他電子|47 20 7|97 97 6 21|1.6 358
1786 科妍|生技醫療|23 49 6|92 92 18 36|0.4 30
1789 神隆|生技醫療|18 38 27|83 96 11 6|0.5 23
1795 美時|生技醫療|3 -7 -18|85 85 0 12|0.5 1150
1799 易威|生技醫療|22 105 32|89 89 41 129|1.7 36
1802 台玻|玻璃陶瓷|-9 -15 -21|85 99 5 1|4.0 52
1805 寶徠|建材營造|15 7 -150|89 89 7 61|0.3 6
1806 冠軍|玻璃陶瓷|16 8 -15|87 87 -8 14|0.6 10
1808 潤隆|建材營造|6833 2232 -8541|83 83 4 10|0.4 251
1809 中釉|玻璃陶瓷|-17 -12 -11|72 72 -28 68|0.8 80
1810 和成|玻璃陶瓷|11 -4 -8|76 89 9 6|0.4 22
1815 富喬|電子零組|41 0 23|97 97 24 58|3.0 1012
1817 凱撒衛|玻璃陶瓷|16 -4 -9|99 99 6 11|0.8 14
1903 士紙|造紙工業|-19 -12 -12|86 94 22 16|0.5 46
1904 正隆|造紙工業|9 -5 -6|83 96 0 -3|0.9 19
1905 華紙|造紙工業|3 -10 -0|70 88 -5 -0|0.6 66
1907 永豐餘|造紙工業|6 -7 -4|77 85 -0 -6|0.7 33
1909 榮成|造紙工業|-0 -11 -5|83 89 1 -5|0.9 38
2002 中鋼|鋼鐵工業|1 -3 6|82 88 -1 -9|1.3 593
2006 東和鋼鐵|鋼鐵工業|5 -4 -14|94 94 -6 6|0.6 108
2007 燁興|鋼鐵工業|20 8 20|88 88 17 12|0.6 12
2009 第一銅|鋼鐵工業|35 2 -4|87 87 58 70|0.4 448
2010 春源|鋼鐵工業|18 1 2|90 90 17 21|0.4 21
2013 中鋼構|鋼鐵工業|-2 2 6|88 88 -5 9|0.3 8
2014 中鴻|鋼鐵工業|-26 -17 -16|80 80 1 -3|0.6 99
2015 豐興|鋼鐵工業|2 -15 -12|98 98 7 14|0.8 13
2017 官田鋼|鋼鐵工業|4 10 7|91 92 2 0|0.7 23
2020 美亞|鋼鐵工業|-14 -27 -32|97 97 12 34|0.7 86
2022 聚亨|鋼鐵工業|5 -6 -4|77 89 10 3|0.4 10
2023 燁輝|鋼鐵工業|0 3 3|84 84 2 -6|0.8 24
2025 千興|鋼鐵工業|na na na|93 93 3 58|0.7 21
2027 大成鋼|鋼鐵工業|-0 -13 0|94 95 6 -1|0.7 243
2028 威致|鋼鐵工業|12 -14 -1|92 92 7 15|0.3 8
2029 盛餘|鋼鐵工業|13 8 -15|90 90 1 -1|0.6 10
2030 彰源|鋼鐵工業|-5 -20 -7|84 90 -2 -1|0.6 7
2031 新光鋼|鋼鐵工業|-6 -18 -21|91 91 -7 22|0.5 85
2034 允強|鋼鐵工業|-30 -28 -16|90 92 1 -6|0.6 13
2038 海光|鋼鐵工業|-1 -15 -5|89 89 7 15|0.4 17
2049 上銀|電機機械|-6 -11 -4|79 79 -3 -2|0.6 412
2059 川湖|電子零組|80 72 64|79 79 -21 33|1.0 1233
2061 風青|電器電纜|45 4 -1|91 91 33 45|0.4 19
2062 橋椿|居家生活|30 8 -14|95 95 -1 21|0.4 23
2065 世豐|鋼鐵工業|9 -12 1|100 100 5 15|1.1 6
2066 世德|電機機械|9 4 7|92 92 37 41|0.2 62
2101 南港|橡膠工業|27 14 -4|100 100 55 58|1.2 767
2102 泰豐|橡膠工業|-69 -77 6|100 100 15 17|1.3 20
2103 台橡|橡膠工業|8 4 5|92 96 5 -1|0.5 31
2104 國際中橡|橡膠工業|15 -1 16|78 89 1 -10|0.8 21
2105 正新|橡膠工業|-2 -10 -9|100 100 34 31|4.0 757
2106 建大|橡膠工業|7 -2 3|98 98 16 10|1.2 42
2107 厚生|橡膠工業|11 -13 0|97 97 12 13|0.7 14
2108 南帝|橡膠工業|12 -2 5|90 91 0 -7|1.1 14
2109 華豐|橡膠工業|14 -1 4|97 97 42 43|1.2 24
2114 鑫永銓|橡膠工業|-7 -12 -4|99 100 3 5|2.3 10
2115 六暉-KY|汽車工業|22 11 7|98 99 12 11|0.7 6
2201 裕隆|汽車工業|23 11 1|79 90 0 -8|0.9 383
2204 中華|汽車工業|55 32 -6|87 87 -3 27|1.3 496
2206 三陽工業|汽車工業|-1 -3 -21|80 88 -1 5|0.4 573
2207 和泰車|汽車工業|-4 -10 -21|73 86 -7 -13|1.8 167
2208 台船|航運業|-15 -27 -20|74 84 1 -13|0.7 51
2211 長榮鋼|鋼鐵工業|-23 -12 -20|90 90 18 74|0.8 285
2227 裕日車|汽車工業|-18 -11 -32|70 73 -17 -27|0.4 6
2228 劍麟|汽車工業|30 14 -2|98 98 25 23|0.8 74
2230 泰茂|居家生活|222 140 47|83 83 -16 3|1.0 124
2231 為升|汽車工業|-17 -20 -20|77 94 7 -6|2.8 38
2233 宇隆|汽車工業|25 6 -4|87 88 -8 -11|0.5 15
2236 百達-KY|汽車工業|13 -2 -23|93 93 13 2|0.9 41
2241 艾姆勒|汽車工業|-19 -4 -42|92 92 53 51|1.1 586
2243 宏旭-KY|汽車工業|-57 43 20|93 93 16 5|3.9 13
2247 汎德永業|汽車工業|-4 -9 -21|93 96 5 4|0.5 19
2250 IKKA-KY|汽車工業|14 6 -5|85 85 11 37|3.0 184
2254 巨鎧精密-創|汽車工業|147 21 na|na 86 -2 -12|1.3 35
2258 鴻華先進-創|汽車工業|2142 1816 na|na 92 -2 -1|1.6 13
2301 光寶科|電腦及週|-12 -17 -3|72 91 -1 3|1.5 2610
2302 麗正|半導體業|0 -12 5|90 92 -2 2|1.2 8
2303 聯電|半導體業|7 4 18|97 97 12 12|1.2 3611
2305 全友|電腦及週|37 28 -1|80 80 -13 2|2.7 11
2308 台達電|電子零組|6 -3 -4|90 94 14 6|1.0 2417
2312 金寶|其他電子|5 -10 4|97 100 13 10|1.9 176
2313 華通|電子零組|27 18 18|88 88 -5 0|0.6 1380
2314 台揚|通信網路|-50 -57 -9|67 77 -6 -14|1.2 35
2316 楠梓電|電子零組|-26 -15 4|96 96 14 28|0.7 141
2317 鴻海|其他電子|19 6 12|95 95 66 74|0.7 14538
2323 中環|光電業|11 5 2|86 95 19 19|0.9 178
2324 仁寶|電腦及週|-2 -6 2|93 93 3 25|1.3 1060
2327 國巨*|電子零組|19 10 12|100 100 22 13|1.0 1453
2328 廣宇|電子零組|-5 -18 -11|92 100 22 12|4.3 112
2329 華泰|半導體業|13 18 -4|74 74 -13 3|0.5 415
2330 台積電|半導體業|60 35 30|97 97 16 48|1.2 28560
2331 精英|電腦及週|-17 -19 10|94 100 20 30|1.8 266
2332 友訊|通信網路|-13 -14 -0|71 90 -6 -10|1.6 41
2337 旺宏|半導體業|-30 -24 8|76 83 -4 -8|0.9 193
2338 光罩|半導體業|12 8 6|88 94 1 -7|1.4 143
2340 台亞|半導體業|22 15 6|73 83 -2 -17|2.3 55
2342 茂矽|半導體業|21 -1 22|79 91 5 -9|0.7 10
2344 華邦電|半導體業|23 13 15|82 82 -7 -11|0.9 427
2345 智邦|通信網路|11 1 -2|92 92 2 -2|1.0 1626
2347 聯強|電子通路|11 6 4|94 94 10 21|3.9 837
2348 海悅|其他|41 125 -8|97 97 110 166|2.0 441
2351 順德|半導體業|-2 -14 -6|100 100 36 22|4.1 294
2352 佳世達|電腦及週|-0 -8 3|70 84 -11 -8|0.8 498
2353 宏碁|電腦及週|29 18 13|90 90 16 49|1.6 3460
2354 鴻準|其他電子|-34 -53 -25|97 97 45 35|3.5 1379
2355 敬鵬|電子零組|3 -1 1|82 82 -7 -8|0.9 133
2356 英業達|電腦及週|38 15 11|76 90 -3 29|0.8 2322
2357 華碩|電腦及週|33 12 10|94 94 8 29|2.0 5227
2359 所羅門|其他電子|-20 -13 -1|100 100 364 338|0.3 3165
2360 致茂|其他電子|31 9 18|96 96 3 32|1.2 619
2362 藍天|電腦及週|9 -2 -10|92 92 51 81|0.6 371
2363 矽統|半導體業|42 3 -38|79 79 34 19|0.9 3303
2364 倫飛|電腦及週|0 -9 -15|59 70 -7 -27|0.9 10
2365 昆盈|電腦及週|32 20 12|94 94 46 206|1.3 404
2367 燿華|電子零組|43 25 27|95 95 39 79|0.7 3628
2368 金像電|電子零組|24 29 21|73 73 -26 -11|0.7 1184
2369 菱生|半導體業|-2 0 -8|85 85 -11 1|2.5 46
2371 大同|電機機械|1 -0 -35|79 79 4 36|0.2 1936
2374 佳能|光電業|24 27 18|98 98 132 125|0.2 1346
2375 凱美|電子零組|15 -3 3|91 93 9 -6|3.3 34
2376 技嘉|電腦及週|291 159 77|85 85 -11 29|0.8 3440
2377 微星|電腦及週|25 10 -4|97 97 2 7|3.0 1156
2379 瑞昱|半導體業|22 21 14|91 91 -8 22|1.7 1824
2382 廣達|電腦及週|25 12 22|96 96 18 44|0.7 8443
2383 台光電|電子零組|80 69 28|80 80 -15 14|0.7 1902
2385 群光|電子零組|-1 -3 7|76 76 -10 24|1.1 797
2387 精元|電腦及週|8 2 4|92 92 -6 10|0.4 51
2388 威盛|半導體業|21 2 -42|67 67 -8 -31|0.5 466
2390 云辰|其他電子|-5 -2 -9|76 78 -6 -24|1.0 6
2392 正崴|電子零組|20 5 7|96 96 57 64|0.9 511
2393 億光|光電業|42 19 18|99 99 39 54|0.9 294
2395 研華|電腦及週|-14 -21 -6|89 89 -7 2|1.2 349
2399 映泰|電腦及週|-22 -21 -22|83 87 -6 -3|4.3 24
2401 凌陽|半導體業|23 8 -0|98 98 13 0|5.1 194
2402 毅嘉|電子零組|11 4 -7|75 96 3 -0|1.0 98
2404 漢唐|其他電子|-37 -32 -39|84 84 12 49|0.5 883
2405 輔信|電腦及週|4 4 1|92 92 8 23|2.9 269
2406 國碩|光電業|146 80 80|93 93 25 31|0.5 132
2408 南亞科|半導體業|42 50 49|81 81 -1 -14|0.7 705
2409 友達|光電業|28 21 -2|87 93 4 9|0.9 697
2412 中華電|通信網路|5 3 0|99 99 5 6|2.5 1493
2417 圓剛|電腦及週|12 5 11|93 93 -6 27|2.3 244
2419 仲琦|通信網路|-17 -20 13|62 84 -3 2|2.8 29
2420 新巨|電子零組|-2 -3 10|90 90 16 29|1.5 42
2421 建準|電子零組|11 -9 -2|79 87 -10 22|0.7 477
2423 固緯|其他電子|-18 -13 -12|90 90 -1 16|0.7 22
2425 承啟|電腦及週|-8 -14 -28|74 84 -7 -4|3.0 27
2426 鼎元|光電業|8 -1 -6|86 92 -2 -2|1.9 8
2427 三商電|資訊服務|25 87 57|95 99 20 11|1.7 62
2428 興勤|電子零組|9 -8 -3|96 96 -4 10|0.6 51
2436 偉詮電|半導體業|9 3 -19|84 85 2 -16|3.5 34
2439 美律|通信網路|36 18 12|99 99 11 11|0.8 203
2440 太空梭|電子零組|55 9 -19|86 86 16 37|0.7 24
2441 超豐|半導體業|12 8 2|98 98 3 4|0.7 45
2442 新美齊|建材營造|-65 391 -915|100 100 24 44|1.1 143
2444 兆勁|通信網路|-17 -32 -28|84 91 -0 -8|2.2 8
2449 京元電子|半導體業|11 6 9|78 78 -7 11|0.9 1386
2450 神腦|通信網路|13 6 4|99 99 3 2|0.8 7
2451 創見|半導體業|21 2 3|96 96 35 36|2.8 224
2453 凌群|資訊服務|12 16 5|92 95 22 20|1.8 134
2454 聯發科|半導體業|48 31 21|97 97 7 38|1.3 7950
2455 全新|通信網路|82 104 33|75 75 -21 -17|0.6 286
2457 飛宏|電子零組|-4 -18 -6|61 81 -15 -18|0.6 98
2458 義隆|半導體業|0 22 -1|94 94 0 10|1.2 279
2459 敦吉|其他電子|-24 -20 -10|99 99 9 25|0.6 6
2460 建通|電子零組|45 2 -11|81 81 -9 21|0.7 46
2461 光群雷|其他電子|7 5 10|92 96 9 1|0.5 19
2462 良得電|電子零組|16 -13 -3|81 89 -10 -11|1.1 12
2464 盟立|其他電子|-27 -38 -11|100 100 81 98|2.6 1326
2465 麗臺|電腦及週|-11 0 -10|86 86 -12 116|1.0 396
2467 志聖|電子零組|125 48 56|87 87 -1 146|0.5 394
2468 華經|資訊服務|12 5 -4|64 83 -6 -10|1.0 7
2471 資通|資訊服務|-37 -20 -15|91 92 -1 2|0.3 12
2472 立隆電|電子零組|24 0 3|97 97 8 12|0.7 110
2474 可成|其他電子|-33 -11 13|96 96 12 19|1.0 713
2476 鉅祥|電子零組|12 -2 8|99 99 13 52|1.8 647
2478 大毅|電子零組|12 -8 -9|99 99 13 6|3.0 18
2480 敦陽科|資訊服務|1 2 -4|97 97 -2 1|0.8 19
2481 強茂|半導體業|-4 -5 -8|75 83 -5 -18|2.6 50
2482 連宇|其他電子|-68 -73 -37|45 77 -1 -21|0.5 38
2484 希華|電子零組|-15 -17 6|88 88 -10 -6|1.2 11
2485 兆赫|通信網路|-29 -41 -19|72 89 -10 -10|1.3 23
2486 一詮|光電業|14 -1 -9|100 100 98 131|0.8 2944
2488 漢平|其他電子|18 48 45|98 98 11 18|0.5 15
2489 瑞軒|光電業|62 38 15|88 88 40 74|4.3 622
2492 華新科|電子零組|9 1 -2|82 82 7 -16|0.7 239
2493 揚博|電子零組|12 6 6|90 90 4 25|0.7 24
2495 普安|電腦及週|11 1 11|91 91 13 31|4.7 128
2497 怡利電|汽車工業|27 19 5|80 86 3 -10|1.3 28
2498 宏達電|通信網路|-42 -46 -34|69 80 -7 -12|1.4 135
2501 國建|建材營造|166 169 120|87 87 96 124|0.7 740
2504 國產|建材營造|4 -9 -10|91 91 31 70|1.1 749
2505 國揚|建材營造|4192 1372 1068|89 89 26 48|0.3 40
2506 太設|建材營造|112 113 2|94 94 27 40|1.0 30
2509 全坤建|建材營造|13 9 -0|91 91 32 44|0.4 25
2511 太子|建材營造|-6 -11 1|89 89 18 11|0.4 52
2514 龍邦|其他|140 152 -37|98 98 47 48|1.7 96
2515 中工|建材營造|22 16 -17|90 90 32 52|0.6 487
2516 新建|建材營造|17 3 -20|80 80 -13 -4|0.7 15
2520 冠德|建材營造|14 13 7|94 94 53 58|0.7 747
2524 京城|建材營造|578 275 162|92 92 50 88|1.7 60
2527 宏璟|建材營造|22 339 81|81 81 51 96|1.2 175
2528 皇普|建材營造|111 50 -31945|91 91 31 67|1.2 34
2530 華建|建材營造|10547 22980 1056|90 90 30 61|0.7 61
2534 宏盛|建材營造|-28 -47 15|93 93 32 35|0.5 65
2535 達欣工|建材營造|-8 -1 6|87 87 11 33|0.5 40
2536 宏普|建材營造|-67 77 -2147|88 88 20 22|0.3 30
2537 聯上發|建材營造|420 398 -5689|100 100 108 143|1.6 172
2538 基泰|建材營造|1040 317 223|100 100 23 17|3.0 50
2539 櫻花建|建材營造|-9 -26 na|95 95 16 51|0.7 59
2540 愛山林|建材營造|65 46 -56|99 99 90 100|1.0 371
2542 興富發|建材營造|304 81 -423|96 96 17 13|0.8 312
2543 皇昌|建材營造|4 -2 -37|100 100 31 79|1.0 356
2545 皇翔|建材營造|628 792 584|91 91 40 54|0.6 171
2546 根基|建材營造|-2 -14 -8|75 75 8 29|0.3 63
2547 日勝生|建材營造|3 11 -19|90 90 24 18|0.6 49
2548 華固|建材營造|-100 -100 -608|92 92 56 68|1.2 863
2596 綠意|建材營造|336 107 -639|90 90 22 67|0.6 7
2597 潤弘|建材營造|15 -0 1|98 98 47 66|0.7 103
2603 長榮|航運業|42 47 68|97 97 26 92|0.9 12792
2605 新興|航運業|15 12 11|96 96 21 41|3.1 772
2606 裕民|航運業|1 15 1|97 97 9 23|1.1 1084
2607 榮運|航運業|26 30 18|93 93 -0 13|0.7 139
2608 嘉里大榮|航運業|16 -2 -2|100 100 20 21|2.1 26
2609 陽明|航運業|35 27 58|95 95 58 81|1.7 4405
2610 華航|航運業|9 16 -6|81 93 13 5|1.2 1682
2611 志信|航運業|7 9 -2|100 100 83 128|1.0 265
2612 中航|航運業|15 13 14|82 82 4 5|1.3 72
2613 中櫃|航運業|5 1 -4|95 95 79 97|5.4 240
2614 東森|其他|-1 2 2|66 84 1 -13|3.6 13
2615 萬海|航運業|24 18 49|94 94 69 76|1.8 2151
2617 台航|航運業|1 7 5|99 99 8 21|1.2 126
2618 長榮航|航運業|17 18 -18|87 94 14 13|1.1 4743
2630 亞航|航運業|2 13 -1|65 89 22 12|0.2 131
2633 台灣高鐵|航運業|3 12 -18|92 97 1 -0|1.4 136
2634 漢翔|航運業|-11 -6 -19|83 90 9 3|0.4 611
2636 台驊控股|航運業|80 53 55|95 95 21 45|1.3 263
2637 慧洋-KY|航運業|16 30 38|99 99 28 58|1.0 850
2640 大車隊|數位雲端|5 5 -6|86 94 11 9|0.9 7
2641 正德|航運業|20 40 23|100 100 13 29|3.9 296
2643 捷迅|航運業|76 54 50|94 94 17 24|0.4 15
2645 長榮航太|航運業|18 9 -14|81 91 4 0|0.4 151
2701 萬企|觀光餐旅|11 6 -17|91 98 8 4|1.4 7
2704 國賓|觀光餐旅|-0 12 16|89 89 46 41|0.3 59
2705 六福|觀光餐旅|-3 12 -28|76 91 21 13|1.6 27
2706 第一店|觀光餐旅|-5 0 -20|85 96 8 3|1.8 8
2707 晶華|觀光餐旅|-15 0 -15|70 86 6 0|2.4 215
2718 全心投控|建材營造|-97 327 -726|66 66 11 86|1.2 10
2719 燦星旅|觀光餐旅|188 311 -953|55 88 19 -6|1.3 8
2722 夏都|觀光餐旅|-23 -3 8|55 85 18 -3|3.9 23
2723 美食-KY|觀光餐旅|-9 -10 -7|56 89 4 -9|0.7 28
2727 王品|觀光餐旅|-8 5 -10|70 89 1 -4|0.8 215
2729 瓦城|觀光餐旅|-2 22 1|78 95 0 0|0.4 14
2731 雄獅|觀光餐旅|53 83 -465|80 91 25 11|0.9 659
2732 六角|觀光餐旅|9 1 3|63 81 -15 -2|0.5 14
2734 易飛網|觀光餐旅|11 69 -229|52 87 5 -14|1.0 12
2736 富野|觀光餐旅|-52 -43 -28|56 94 16 -2|1.3 12
2739 寒舍|觀光餐旅|1 13 -26|78 83 30 10|1.4 199
2743 山富|觀光餐旅|71 156 -599|85 87 38 16|1.3 591
2745 五福|觀光餐旅|78 150 -2038|86 86 57 46|1.7 248
2748 雲品|觀光餐旅|-3 18 -1|60 83 -2 -12|1.0 51
2753 八方雲集|觀光餐旅|7 8 -1|87 95 0 -2|0.7 49
2754 亞洲藏壽司|觀光餐旅|-10 19 -7|51 83 -8 -13|0.3 7
2762 世界健身-KY|運動休閒|3 3 na|na na -6 na|0.8 21
2801 彰銀|金融保險|8 -0 -9|98 98 1 2|1.1 270
2809 京城銀|金融保險|-18 162 14|88 88 23 49|1.6 582
2812 台中銀|金融保險|22 14 -1|99 99 8 17|0.8 80
2816 旺旺保|金融保險|5 12 -6|82 82 -8 -14|0.3 18
2820 華票|金融保險|-31 -31 -121|99 99 2 5|0.6 15
2832 台產|金融保險|-5 6 -5|95 95 4 13|0.5 13
2834 臺企銀|金融保險|3 2 -5|98 98 18 25|0.6 340
2836 高雄銀|金融保險|-3 5 2|97 97 -1 1|0.5 26
2838 聯邦銀|金融保險|5 17 6|98 98 6 13|0.5 20
2845 遠東銀|金融保險|-7 1 -7|99 99 13 31|0.7 88
2850 新產|金融保險|3 9 2|97 97 35 39|0.7 62
2851 中再保|金融保險|17 18 5|94 94 24 20|0.6 82
2852 第一保|金融保險|20 14 4|98 98 34 37|0.5 36
2855 統一證|金融保險|60 101 32|94 94 26 41|0.5 82
2880 華南金|金融保險|16 11 -3|94 94 13 11|2.0 684
2881 富邦金|金融保險|45 164 68|99 99 10 15|1.1 1237
2882 國泰金|金融保險|30 93 12|100 100 27 22|1.1 1862
2883 凱基金|金融保險|225 136 3|97 97 12 11|0.9 628
2884 玉山金|金融保險|5 12 -9|97 97 13 12|1.6 878
2885 元大金|金融保險|11 22 1|95 95 15 22|1.0 579
2886 兆豐金|金融保險|1 14 -25|96 96 -0 -0|1.8 657
2887 台新新光金|金融保險|29 12 4|97 97 5 1|1.3 342
2889 國票金|金融保險|14 5 -27|94 94 21 29|2.2 203
2890 永豐金|金融保險|17 22 -0|97 97 16 23|1.5 648
2891 中信金|金融保險|18 65 -68|94 94 23 33|1.6 2796
2892 第一金|金融保險|-0 3 5|95 95 2 -1|1.5 639
2897 王道銀行|金融保險|21 5 2|98 98 5 9|0.8 94
2903 遠百|貿易百貨|-9 1 1|89 89 26 31|0.6 139
2905 三商|貿易百貨|281 721 519|100 100 52 38|2.0 52
2906 高林|貿易百貨|33 17 16|92 92 6 18|0.5 43
2912 統一超|貿易百貨|8 9 0|96 97 -0 0|1.9 257
2913 農林|貿易百貨|-2 -3 -4|70 91 4 1|0.5 60
2915 潤泰全|貿易百貨|-10 -4 2|94 94 15 9|0.8 386
2916 滿心|居家生活|-1 25 10|97 97 24 41|2.2 16
3003 健和興|電子零組|7 -1 9|94 98 16 13|0.9 75
3004 豐達科|鋼鐵工業|27 17 -11|89 89 5 19|0.4 44
3005 神基|電腦及週|11 1 -3|77 77 -7 17|0.7 1031
3006 晶豪科|半導體業|22 18 15|89 89 0 -0|1.3 435
3008 大立光|光電業|20 19 8|81 81 -9 -2|1.2 892
3010 華立|電子通路|29 16 9|94 94 10 25|0.5 199
3011 今皓|電子零組|-4 -12 -3|71 76 -7 -19|0.6 14
3013 晟銘電|電腦及週|80 15 11|100 100 48 107|1.3 3606
3014 聯陽|半導體業|-10 -2 -34|93 93 4 9|1.5 350
3015 全漢|電子零組|-14 -24 -13|92 92 7 20|0.3 47
3016 嘉晶|半導體業|-3 -5 16|85 96 18 -6|0.7 33
3017 奇鋐|電腦及週|8 7 -9|91 91 17 139|1.2 10564
3019 亞光|光電業|10 4 2|92 92 2 -0|1.2 44
3021 鴻名|電子零組|33 8 20|91 96 2 19|0.8 9
3022 威強電|電腦及週|-14 -26 -8|89 100 3 1|1.7 77
3023 信邦|電子零組|-3 -6 -5|81 99 12 4|0.8 175
3024 憶聲|光電業|44 3 -6|99 99 20 24|0.9 127
3025 星通|通信網路|19 -26 -99|88 88 -2 24|1.0 72
3026 禾伸堂|電子零組|0 -18 -9|99 99 2 -1|1.4 15
3027 盛達|通信網路|3 22 -58|75 84 -10 0|0.2 42
3028 增你強|電子通路|36 13 8|98 98 -2 8|0.8 15
3029 零壹|資訊服務|1 7 1|95 95 2 19|0.7 56
3030 德律|其他電子|139 62 55|100 100 145 203|1.9 1050
3031 佰鴻|光電業|29 -17 -0|99 99 14 23|2.5 25
3032 偉訓|電子零組|2 -2 -25|90 90 -5 7|0.5 118
3033 威健|電子通路|32 6 -3|98 98 19 36|1.8 534
3034 聯詠|半導體業|-16 -10 -28|93 93 1 17|1.5 4159
3035 智原|半導體業|-10 -19 -6|66 66 -24 -23|2.1 1465
3036 文曄|電子通路|119 84 53|67 67 -32 -1|0.6 930
3037 欣興|電子零組|12 6 25|93 94 8 6|1.1 1757
3038 全台|光電業|-20 -21 -6|80 90 -6 7|0.8 16
3041 揚智|半導體業|1 -16 8|66 66 -27 -30|0.6 22
3042 晶技|電子零組|26 17 17|94 94 8 11|0.6 295
3044 健鼎|電子零組|23 4 5|92 92 1 13|1.5 1521
3045 台灣大|通信網路|10 11 3|100 100 8 8|2.2 547
3046 建碁|電腦及週|23 17 -43|65 90 -6 -2|0.9 14
3047 訊舟|通信網路|73 14 32|100 100 43 60|3.8 723
3048 益登|電子通路|14 -2 1|100 100 38 42|8.0 12
3050 鈺德|光電業|12 14 7|87 87 7 32|0.4 24
3051 力特|光電業|-15 -22 2|77 77 -16 -4|0.5 51
3052 夆典|建材營造|-1 -7 -23|96 96 5 18|0.6 20
3055 蔚華科|電子通路|-83 -63 -26|98 98 21 117|2.5 353
3056 富華新|建材營造|-24 3 36|93 95 23 17|0.7 91
3057 喬鼎|電腦及週|56 12 22|91 98 -1 15|1.6 6
3058 立德|電子零組|-20 -23 -4|69 86 -1 5|1.0 24
3059 華晶科|光電業|-32 -33 1|100 100 27 12|1.6 424
3060 銘異|電腦及週|49 51 31|91 91 55 51|1.2 383
3062 建漢|通信網路|-22 -22 15|95 95 12 7|1.1 94
3071 協禧|電腦及週|7 -9 6|82 99 4 14|3.2 39
3078 僑威|電子零組|-20 -28 -86|87 87 -9 -9|0.6 65
3081 聯亞|通信網路|11 1 42|91 91 -7 36|1.0 136
3083 網龍|文化創意|39 72 61|91 91 19 6|0.6 23
3086 華義*|文化創意|-2 20 -1|80 80 30 74|1.7 21
3088 艾訊|電腦及週|-7 -14 -12|100 100 19 22|4.6 41
3090 日電貿|電子零組|21 5 -6|98 98 12 15|1.0 126
3092 鴻碩|電子零組|-4 -19 -1|78 91 0 -8|0.4 6
3094 聯傑|半導體業|-49 -51 -19|77 79 -6 -21|0.9 7
3105 穩懋|半導體業|53 50 23|79 82 -8 -18|0.7 221
3122 笙泉|半導體業|3 -8 -8|77 78 -7 -23|3.9 9
3131 弘塑|半導體業|30 12 8|93 93 12 108|0.4 494
3138 耀登|通信網路|21 5 7|79 79 -2 -13|0.6 27
3141 晶宏|半導體業|16 -23 -2|92 96 13 -2|1.1 140
3147 大綜|資訊服務|-6 3 -22|78 78 -22 15|0.3 45
3149 正達|光電業|0 -9 5|83 83 5 11|1.3 11
3152 璟德|通信網路|18 18 -0|75 80 -11 -20|0.8 19
3162 精確|電機機械|-7 -20 -39|54 62 -28 -35|0.6 13
3163 波若威|通信網路|-27 -23 -14|90 90 3 17|0.4 577
3167 大量|電機機械|81 74 68|82 82 -7 19|0.8 15
3169 亞信|半導體業|33 -1 14|86 86 -8 -5|1.0 24
3176 基亞|生技醫療|89 73 -6|71 83 5 -17|1.4 19
3178 公準|半導體業|-7 -23 -24|79 79 -13 6|0.5 71
3188 鑫龍騰|建材營造|53 1127 na|92 92 72 115|0.6 48
3189 景碩|半導體業|10 3 26|78 90 -1 -5|1.2 172
3202 樺晟|電子零組|35 19 -11|96 100 41 28|7.1 19
3206 志豐|電子零組|7 -5 4|93 93 -6 8|0.6 16
3207 耀勝|電子零組|-10 -14 7|85 85 43 79|0.3 153
3209 全科|電子通路|-27 -26 -7|94 96 -2 -3|0.8 20
3211 順達|電腦及週|2 -10 -0|97 97 18 24|0.4 57
3213 茂訊|電腦及週|19 16 -0|100 100 24 37|1.3 75
3217 優群|電子零組|28 14 -13|85 85 -10 -2|1.0 219
3218 大學光|生技醫療|4 3 -8|63 84 -13 -12|0.7 78
3221 台嘉碩|通信網路|7 1 19|88 88 0 5|1.5 20
3224 三顧|電子通路|-3 -10 1|98 100 34 10|5.4 6
3227 原相|半導體業|31 41 -2|92 92 -1 2|2.4 440
3228 金麗科|半導體業|21 13 -4|84 84 -6 80|1.0 299
3230 錦明|光電業|-61 -52 -35|99 99 41 66|1.9 23
3231 緯創|電腦及週|17 14 18|72 86 -5 25|1.0 5622
3234 光環|通信網路|-1 4 19|88 88 28 65|1.1 163
3257 虹冠電|半導體業|-13 1 -145|73 85 -8 -18|0.9 12
3260 威剛|半導體業|81 57 31|98 98 20 17|0.9 1186
3264 欣銓|半導體業|0 0 5|85 85 -5 4|0.5 235
3265 台星科|半導體業|19 15 11|92 92 -5 40|1.0 167
3266 昇陽|建材營造|365 78 -277|100 100 32 60|1.6 33
3268 海德威|半導體業|1 21 10|80 80 -8 17|4.6 7
3284 太普高|其他|16 30 21|100 100 64 110|0.5 23
3287 廣寰科|電腦及週|39 68 -5|89 89 26 116|0.6 150
3289 宜特|其他電子|14 10 8|88 88 -4 37|0.3 110
3290 東浦|電子零組|-6 -11 -10|95 95 15 5|1.8 16
3293 鈊象|文化創意|26 30 7|88 88 7 55|1.0 1100
3294 英濟|電子零組|36 7 3|67 67 -33 100|0.5 77
3296 勝德|電子零組|13 9 35|86 86 -4 43|0.5 16
3303 岱稜|其他電子|54 20 13|96 96 33 58|2.2 70
3305 昇貿|其他電子|24 4 13|97 97 8 8|2.1 187
3306 鼎天|通信網路|1 -16 -22|97 97 35 27|2.6 192
3308 聯德|電子零組|-77 -81 -108|42 66 -25 -23|3.5 6
3312 弘憶股|電子通路|35 16 16|100 100 58 240|2.0 594
3313 斐成|建材營造|338367 na na|81 81 -19 105|3.4 30
3317 尼克森|半導體業|6 -14 -17|83 83 -5 -17|1.8 10
3321 同泰|電子零組|36 20 -6|97 97 12 41|3.7 21
3322 建舜電|電子零組|46 -0 -13|85 85 -7 1|0.7 16
3323 加百裕|電腦及週|-7 -29 -3|81 93 2 -5|1.5 7
3324 雙鴻|其他電子|41 -0 -0|91 91 38 136|0.7 4905
3325 旭品|電腦及週|-16 -1 -50|83 83 -17 0|0.9 33
3338 泰碩|電子零組|43 8 8|99 99 24 48|1.8 888
3339 泰谷|光電業|59 24 16|88 88 75 129|1.0 127
3346 麗清|汽車工業|44 19 -25|75 75 -21 -11|0.5 29
3354 律勝|電子零組|43 40 33|80 80 -13 74|1.3 5
3356 奇偶|光電業|1 11 12|100 100 44 60|1.8 384
3357 臺慶科|電子零組|26 3 10|100 100 8 19|1.4 72
3360 尚立|電子通路|-38 -51 -18|79 79 -12 36|1.1 40
3362 先進光|光電業|4 -6 -26|83 83 -17 28|2.9 297
3363 上詮|通信網路|69 14 21|96 96 20 92|0.2 2410
3372 典範|半導體業|39 24 17|100 100 4 64|3.4 17
3374 精材|半導體業|-2 2 7|90 93 -2 -6|3.4 76
3376 新日興|電子零組|71 58 41|96 96 -1 75|1.1 2035
3380 明泰|通信網路|-28 -35 -6|76 90 -3 -1|3.7 41
3388 崇越電|電子零組|18 -4 3|98 98 5 13|0.8 5
3390 旭軟|電子零組|58 8 7|90 90 -7 68|1.7 89
3402 漢科|其他電子|33 29 18|82 82 3 40|0.5 78
3406 玉晶光|光電業|143 91 55|99 99 30 33|1.0 1412
3413 京鼎|半導體業|9 1 13|94 94 18 53|0.5 401
3416 融程電|電腦及週|8 9 10|97 97 15 25|0.9 56
3419 譁裕|通信網路|-14 -12 19|81 94 2 -4|1.5 5
3430 奇鈦科|化學工業|52 32 32|100 100 21 32|1.5 24
3437 榮創|光電業|22 14 -2|76 76 -14 -5|2.0 26
3438 類比科|半導體業|-11 0 -9|80 80 -11 2|0.3 19
3441 聯一光電|光電業|15 -16 -0|88 93 1 -3|0.6 6
3443 創意|半導體業|-16 -13 -10|83 84 4 -4|1.1 3688
3444 利機|電子通路|18 12 2|84 84 6 -3|0.4 34
3450 聯鈞|半導體業|38 13 21|90 90 13 48|2.3 1034
3454 晶睿|光電業|-37 -34 -12|69 84 -6 -14|1.1 23
3455 由田|光電業|-2 -10 22|94 94 42 50|2.1 189
3466 德晉|通信網路|-79 -82 -34|95 95 207 252|1.6 76
3479 安勤|電腦及週|-17 -23 -13|89 89 -2 9|0.2 52
3481 群創|光電業|13 6 -7|80 81 -7 10|0.8 727
3483 力致|電腦及週|2 -0 -17|100 100 26 32|2.7 1727
3484 崧騰|電子零組|12 8 31|97 97 22 14|0.7 16
3489 森寶|建材營造|59 58 58|97 97 43 129|0.3 10
3490 單井|光電業|-13 -37 -5|100 100 38 64|2.3 49
3491 昇達科|通信網路|47 9 18|100 100 78 76|0.4 536
3498 陽程|其他電子|13 -51 -44|86 96 25 29|1.3 41
3501 維熹|電子零組|17 1 9|98 98 23 33|0.8 39
3504 揚明光|光電業|-31 -34 -2|68 80 -9 -11|1.6 16
3512 皇龍|建材營造|-33 -39 -368|94 94 31 29|0.4 31
3515 華擎|電腦及週|32 11 -11|79 79 -20 14|1.9 140
3520 華盈|電子零組|71 2 4|96 96 -0 22|2.4 21
3526 凡甲|電子零組|54 29 4|100 100 17 37|0.8 65
3529 力旺|半導體業|37 35 19|68 68 -24 -13|0.8 1106
3530 晶相光|半導體業|-8 -26 -26|75 75 -11 -3|0.7 26
3532 台勝科|半導體業|-9 -19 -6|89 89 7 3|0.6 100
3533 嘉澤|電子零組|35 5 6|93 93 32 72|0.5 1468
3535 晶彩科|光電業|107 -6 50|91 91 33 54|2.5 150
3537 堡達|電子零組|-7 -2 -14|97 97 61 65|4.4 73
3540 曜越|電腦及週|-15 -8 -28|82 86 -6 14|0.8 25
3545 敦泰|半導體業|-2 -7 -26|68 71 -7 -30|1.3 117
3546 宇峻|文化創意|-10 2 13|99 99 14 9|1.3 25
3548 兆利|電子零組|49 56 0|69 69 -24 -18|0.3 470
3551 世禾|綠能環保|8 7 9|81 81 -14 30|0.6 55
3552 同致|其他電子|-4 -11 -22|76 76 -10 -23|3.0 27
3557 嘉威|居家生活|2 27 22|99 99 21 30|1.0 49
3558 神準|通信網路|-39 -44 -23|57 70 -22 -27|1.1 33
3563 牧德|光電業|-46 -49 -19|78 78 16 85|0.5 328
3564 其陽|通信網路|-1 -5 18|100 100 91 131|1.7 466
3570 大塚|資訊服務|53 11 4|99 99 3 1|0.6 12
3576 聯合再生|光電業|-63 -65 -10|60 80 0 -18|0.5 52
3580 友威科|其他電子|12 -33 -14|94 94 4 13|5.6 21
3583 辛耘|半導體業|43 35 7|89 89 18 53|0.3 829
3587 閎康|其他電子|2 3 -11|86 86 -6 15|0.5 194
3588 通嘉|半導體業|39 34 21|75 75 -22 11|1.0 41
3591 艾笛森|光電業|21 16 1|92 93 -5 5|2.1 10
3592 瑞鼎|半導體業|48 56 28|84 84 -11 4|2.0 246
3594 磐儀|電腦及週|-26 -32 -15|81 93 19 -5|6.1 7
3596 智易|通信網路|6 9 1|83 83 -8 2|0.8 481
3605 宏致|電子零組|34 4 11|96 96 20 65|1.3 169
3607 谷崧|電子零組|-2 -22 -18|87 87 -6 23|1.4 9
3609 三一東林|電子零組|-44 -33 -8|100 100 76 37|1.5 29
3611 鼎翰|電腦及週|9 -1 -5|85 91 -7 -5|0.3 12
3615 安可|光電業|14 4 -3|84 84 -3 8|0.5 10
3617 碩天|其他電子|3 4 -1|95 95 36 26|0.5 401
3622 洋華|光電業|-3 2 -30|85 85 2 52|0.2 56
3624 光頡|電子零組|10 -11 2|78 87 -4 -8|0.7 26
3630 新鉅科|光電業|36 27 -13|79 82 -9 -11|1.0 7
3631 晟楠|電子零組|-84 -69 -20|81 81 4 43|2.3 14
3645 達邁|電子零組|49 52 13|83 88 -12 3|0.3 28
3652 精聯|電腦及週|-8 -6 -4|81 99 10 25|3.0 9
3653 健策|電子零組|22 6 6|94 94 2 57|0.7 908
3661 世芯-KY|半導體業|54 72 -36|65 65 -29 -7|0.9 6667
3663 鑫科|其他電子|26 -1 -10|92 92 -7 27|0.6 21
3665 貿聯-KY|其他電子|4 -2 5|88 100 12 5|3.0 545
3666 光耀|光電業|2 -16 -25|87 87 50 30|0.2 16
3669 圓展|通信網路|12 6 12|100 100 1 14|1.5 21
3673 TPK-KY|光電業|3 -9 12|85 95 10 7|1.2 48
3675 德微|半導體業|34 23 28|100 100 27 35|1.2 83
3679 新至陞|電子零組|9 6 1|97 97 28 40|0.6 28
3680 家登|半導體業|76 16 -3|87 87 -8 11|0.5 295
3686 達能|半導體業|173 196 -154|89 89 45 47|1.0 25
3687 歐買尬|數位雲端|16 4 3|94 96 8 11|4.4 46
3689 湧德|電子零組|-19 -33 -27|84 84 -16 19|1.3 461
3691 碩禾|光電業|258 164 128|74 74 15 51|0.6 171
3693 營邦|電腦及週|33 5 -36|62 75 -10 -22|2.1 282
3694 海華|通信網路|-13 -8 -3|93 93 -5 21|1.3 167
3701 大眾控|電腦及週|31 -1 -14|71 78 -18 -16|0.6 29
3702 大聯大|電子通路|44 26 18|89 89 -7 11|1.0 639
3703 欣陸|建材營造|5 -6 -12|92 92 30 31|0.4 187
3704 合勤控|通信網路|-14 -25 -6|65 76 -9 -26|0.4 80
3705 永信|生技醫療|30 12 5|99 99 16 19|1.5 43
3706 神達|電腦及週|34 24 35|85 85 14 23|0.5 1105
3707 漢磊|半導體業|-18 -18 2|69 82 10 -19|0.3 96
3708 上緯投控|綠能環保|21 -1 11|86 86 15 41|0.4 412
3710 連展投控|電子零組|23 16 2|86 93 1 5|0.6 7
3711 日月光投控|半導體業|6 2 10|97 97 8 26|1.0 1622
3712 永崴投控|電腦及週|46 36 -17|92 92 2 31|2.7 112
3714 富采|光電業|21 8 6|83 93 7 -2|2.2 138
3715 定穎投控|電子零組|19 11 na|56 56 -18 -40|0.3 289
4104 佳醫|生技醫療|3 -2 -12|95 95 3 7|0.6 13
4105 東洋|生技醫療|35 3 -9|94 97 -1 -2|0.6 39
4107 邦特|生技醫療|2 3 4|99 99 10 18|0.4 15
4109 加捷生醫|生技醫療|20 92 58|76 76 -18 38|0.3 12
4111 濟生|生技醫療|7 1 5|92 92 14 10|1.4 20
4113 聯上|建材營造|1947 44499 6954|100 100 46 101|2.4 48
4114 健喬|生技醫療|17 -4 -15|95 95 4 -0|0.7 39
4119 旭富|生技醫療|29 -1 -14|88 92 2 1|0.6 18
4123 晟德|生技醫療|46 12 -47|81 98 2 4|1.9 80
4126 太醫|生技醫療|7 -8 -6|99 99 3 6|1.1 9
4127 天良|生技醫療|-9 -17 -8|94 94 184 193|0.3 92
4128 中天|生技醫療|7 9 10|68 77 -10 -23|0.7 53
4129 聯合|生技醫療|27 12 -12|91 91 -8 9|0.7 67
4130 健亞|生技醫療|-6 -6 -19|78 86 -6 -12|0.9 5
4137 麗豐-KY|生技醫療|-22 -21 -35|79 82 -14 -14|0.7 21
4138 曜亞|生技醫療|-13 -3 -17|78 78 -4 6|0.3 8
4142 國光生|生技醫療|-84 -76 -71|71 77 -4 -23|0.6 18
4147 中裕|生技醫療|38 139 94|77 79 -13 8|0.6 49
4155 訊映|生技醫療|119 81 70|69 95 6 -1|0.5 12
4157 太景*-KY|生技醫療|157 106 -885|84 90 3 -4|0.6 21
4160 訊聯基因|生技醫療|32 19 -2|100 100 132 138|3.0 38
4162 智擎|生技醫療|4 -2 -28|77 82 -8 -10|0.5 35
4164 承業醫|生技醫療|-1 -20 -45|76 83 -14 -15|0.6 20
4167 松瑞藥|生技醫療|68 22 12|90 90 11 8|0.8 61
4174 浩鼎|生技醫療|3828 3347 na|60 69 -11 -30|0.7 13
4207 環泰|食品工業|15 9 1|93 93 7 10|0.4 5
4303 信立|塑膠工業|32 -1 33|74 74 -22 144|0.6 117
4306 炎洲|塑膠工業|12 -4 -8|95 95 10 20|1.0 65
4401 東隆興|紡織纖維|53 35 28|92 94 12 -5|1.5 6
4402 郡都開發|紡織纖維|-35 -48 3|82 82 78 201|0.4 23
4420 光明|紡織纖維|4 -5 10|97 97 43 75|1.6 17
4438 廣越|紡織纖維|-23 -15 4|95 97 4 -1|1.4 5
4503 金雨|電機機械|4 14 -43|78 91 1 9|1.6 41
4506 崇友|電機機械|14 12 -2|89 89 31 42|1.5 27
4513 福裕|電機機械|20 23 28|100 100 88 128|1.2 86
4526 東台|電機機械|-3 -25 -13|94 94 14 22|1.1 54
4532 瑞智|電機機械|53 30 12|97 97 28 51|0.6 150
4533 協易機|電機機械|18 3 7|100 100 81 92|2.4 1242
4536 拓凱|運動休閒|-4 -25 1|97 97 9 14|0.4 44
4540 全球傳動|電機機械|-24 -29 -2|89 91 5 8|0.6 6
4541 晟田|其他|18 -3 3|66 86 -3 -8|0.6 6
4542 科嶠|電子零組|134 34 26|87 87 3 20|0.4 81
4543 萬在|電機機械|4 -17 -6|99 99 24 59|3.0 607
4545 銘鈺|電子零組|6 -12 -0|98 98 26 46|2.1 69
4549 桓達|電機機械|1 -9 0|96 96 97 109|4.6 292
4551 智伸科|汽車工業|7 -15 2|75 84 5 -15|0.8 16
4557 永新-KY|汽車工業|7 1 -11|94 94 -3 13|0.8 11
4561 健椿|電機機械|54 18 -11|96 96 53 69|1.4 208
4562 穎漢|電機機械|-17 -16 -5|100 100 176 199|4.2 108
4563 百德|電機機械|74 27 1|81 99 5 16|1.1 25
4564 元翎|電機機械|4 -26 0|76 99 1 1|1.3 19
4566 時碩工業|電機機械|19 -5 6|100 100 41 44|9.0 30
4571 鈞興-KY|電機機械|52 25 14|100 100 52 99|6.0 33
4572 駐龍|電機機械|-8 9 -12|76 84 -5 -9|0.3 32
4576 大銀微系統|電機機械|12 -10 12|88 88 18 19|1.6 32
4580 捷流閥業|電機機械|-16 -18 -14|99 99 14 15|1.7 22
4583 台灣精銳|電機機械|20 8 16|93 93 22 27|0.6 62
4588 玖鼎電力|其他電子|-81 -27 na|na na -18 na|0.2 27
4707 磐亞|化學工業|-17 -32 -22|99 99 3 16|1.3 9
4714 永捷|化學工業|45 4 28|82 82 -18 55|1.3 96
4716 大立|化學工業|21 9 10|88 88 38 46|0.7 33
4720 德淵|化學工業|12 -1 -3|99 99 10 23|1.1 20
4721 美琪瑪|化學工業|-7 -10 31|79 84 -2 -16|0.7 15
4722 國精化|化學工業|35 12 -2|98 98 7 22|1.0 6
4726 永昕|生技醫療|-32 -35 -32|94 99 15 25|1.1 41
4728 雙美|生技醫療|12 1 -21|92 92 45 50|2.0 20
4736 泰博|生技醫療|18 -9 29|87 87 4 -8|0.7 29
4739 康普|化學工業|-29 -30 9|74 82 2 -19|0.9 25
4743 合一|生技醫療|99 33 -4|66 74 -10 -26|0.5 233
4744 皇將|生技醫療|-27 63 2|56 80 -10 -20|0.6 5
4746 台耀|生技醫療|3 13 -5|81 81 -9 -6|0.3 95
4747 強生製藥|生技醫療|15 1 -17|59 77 -16 -20|0.3 7
4754 國碳科|化學工業|17 -6 -39|93 96 5 9|0.6 6
4755 三福化|化學工業|12 -5 -6|88 88 -7 9|0.3 24
4760 勤凱科技|其他電子|15 17 -24|94 94 106 111|1.8 198
4763 材料*-KY|化學工業|50 87 -68|68 79 -15 -6|0.8 1388
4766 南寶|化學工業|19 2 -1|85 85 9 34|0.8 291
4768 晶呈科技|化學工業|32 19 40|77 77 9 17|0.3 159
4770 上品|化學工業|-14 -17 -3|84 84 -3 15|0.4 112
4903 聯光通|通信網路|73 1 10|100 100 50 59|3.1 48
4904 遠傳|通信網路|14 15 6|100 100 9 3|1.8 472
4905 台聯電|生技醫療|708 784 501|83 83 18 29|0.2 12
4906 正文|通信網路|-7 -19 -1|95 95 -2 11|2.9 151
4907 富宇|建材營造|3521 105916 -399163|88 88 52 98|0.5 14
4908 前鼎|通信網路|44 7 -23|88 88 -8 15|0.6 241
4909 新復興|通信網路|411 330 200|88 88 29 227|1.2 459
4912 聯德控股-KY|電子零組|70 36 27|94 94 7 53|0.3 59
4915 致伸|電子零組|-0 -16 3|100 100 35 61|1.0 453
4916 事欣科|電腦及週|29 17 -3|65 82 -14 -18|0.6 13
4919 新唐|半導體業|-1 -9 1|84 84 -1 -15|1.4 212
4927 泰鼎-KY|電子零組|-1 -8 1|61 81 -6 -18|1.9 27
4931 新盛力|電腦及週|-14 -29 14|61 89 -5 -7|0.5 8
4933 友輝|光電業|19 14 -29|93 93 -2 15|0.5 29
4934 太極|光電業|-74 -85 -44|57 80 -13 -20|0.8 17
4935 茂林-KY|光電業|14 13 26|91 91 22 18|0.6 17
4938 和碩|電腦及週|-17 -24 -10|100 100 29 37|1.0 1164
4939 亞電|電子零組|20 -5 -16|87 87 -13 30|0.7 6
4942 嘉彰|光電業|0 -12 -2|98 98 -1 9|0.7 10
4945 陞達科技|半導體業|0 12 -29|78 78 -19 13|1.6 29
4951 精拓科|半導體業|33 21 21|100 100 7 8|2.4 19
4952 凌通|半導體業|20 15 17|91 91 33 22|4.7 209
4953 緯致|資訊服務|20 15 2|80 88 -8 6|0.3 50
4956 光鋐|光電業|9 -9 -6|84 84 7 22|1.0 40
4958 臻鼎-KY|電子零組|55 21 24|92 92 21 17|0.8 701
4960 誠美材|光電業|5 -1 -17|97 97 11 12|0.8 130
4961 天鈺|半導體業|10 -5 0|87 87 7 -10|0.5 542
4966 譜瑞-KY|半導體業|20 25 24|61 61 -26 -25|2.2 862
4967 十銓|半導體業|-23 50 -84|100 100 59 51|1.8 1692
4968 立積|半導體業|32 34 27|75 75 -21 14|1.0 350
4971 IET-KY|半導體業|94 50 46|93 93 1 -2|0.5 8
4973 廣穎電通|半導體業|4 1 -4|96 96 26 46|2.5 125
4974 亞泰|電子零組|-0 -13 0|100 100 7 9|0.6 9
4976 佳凌|光電業|23 5 19|95 95 19 15|1.0 86
4977 眾達-KY|通信網路|-78 -80 -9|66 90 -5 -8|0.7 47
4979 華星光|通信網路|106 61 -46|71 78 -12 -20|1.5 760
4991 環宇-KY|半導體業|172 68 38|98 98 38 25|1.7 5
4994 傳奇|資訊服務|-7 7 4|92 92 50 102|0.7 98
4995 晶達|光電業|56 9 3|100 100 25 31|1.2 10
5009 榮剛|鋼鐵工業|-3 -3 -5|87 91 7 10|0.5 503
5011 久陽|鋼鐵工業|17 -7 -3|91 91 4 11|0.5 7
5014 建錩|鋼鐵工業|5 -21 -10|97 97 23 19|1.1 25
5202 力新|資訊服務|-1 21 13|78 78 -22 45|0.4 6
5203 訊連|資訊服務|16 18 5|94 97 16 7|3.3 37
5206 坤悅|建材營造|-100 -100 na|92 92 17 56|0.5 6
5209 新鼎|其他|0 24 -38|92 92 6 17|0.3 7
5210 寶碩|資訊服務|-16 23 25|56 56 -3 -0|1.3 28
5213 亞昕|建材營造|182 1206 56|81 81 17 31|0.7 68
5222 全訊|半導體業|3 20 -1|88 88 1 -2|0.3 55
5225 東科-KY|其他電子|22 24 21|94 94 17 93|0.6 176
5227 立凱-KY|電子零組|-31 -50 -59|58 78 -9 -18|2.6 9
5230 雷笛克光學|光電業|36 23 8|99 99 77 55|3.2 272
5234 達興材料|光電業|3 -2 -23|97 97 9 67|0.7 311
5236 凌陽創新|半導體業|11 0 -48|89 89 21 6|5.4 79
5243 乙盛-KY|光電業|1 -4 15|70 99 12 1|0.9 40
5251 天鉞電|光電業|127 140 129|99 99 56 127|1.7 161
5258 虹堡|電腦及週|1 -0 -3|85 86 -6 -13|0.4 120
5263 智崴|文化創意|26 22 10|100 100 10 8|2.7 22
5269 祥碩|半導體業|27 23 -15|81 81 -13 43|1.5 1590
5272 笙科|半導體業|59 12 -4|78 78 -18 -14|1.5 10
5274 信驊|半導體業|82 57 63|98 98 30 30|0.8 1281
5283 禾聯碩|電器電纜|20 -5 -4|95 95 -0 5|0.5 8
5284 jpp-KY|其他|-9 1 -14|53 53 -47 -4|0.6 96
5285 界霖|半導體業|-6 -10 3|82 94 8 -7|2.7 9
5287 數字|數位雲端|6 5 -4|98 98 -1 3|0.5 7
5288 豐祥-KY|電機機械|12 -8 0|96 96 19 23|1.9 18
5289 宜鼎|電腦及週|19 -0 11|100 100 11 10|3.0 249
5292 華懋|綠能環保|18 -3 na|na 96 17 12|0.6 32
5299 杰力|半導體業|-23 -12 -10|83 84 -11 -17|1.9 21
5302 太欣|半導體業|99 56 17|95 95 -2 0|3.0 6
5306 桂盟|運動休閒|12 -17 8|93 94 -4 15|0.4 14
5309 系統電|電子零組|-1 0 7|82 90 -3 -0|0.8 31
5312 寶島科|生技醫療|5 4 -10|95 95 14 26|0.3 10
5314 世紀*|其他|na na na|51 51 -16 297|1.2 107
5321 美而快|數位雲端|-10 -8 -3|53 76 -20 -23|0.7 6
5324 士開|建材營造|17 21 -13|89 89 36 31|0.6 21
5328 華容|電子零組|-23 -35 -24|80 80 -6 -15|1.3 7
5340 建榮|電子零組|91 86 62|72 84 -6 -11|1.0 61
5347 世界|半導體業|-5 21 28|96 96 42 30|1.9 1077
5351 鈺創|半導體業|24 35 35|90 90 2 -3|0.9 196
5356 協益|電腦及週|14 -11 -12|98 98 13 38|2.4 21
5371 中光電|光電業|7 -6 7|89 89 55 55|1.9 1762
5381 光譜|電機機械|21 289 -108|86 86 -10 13|0.3 49
5386 青雲|電腦及週|22 75 54|82 82 30 37|0.8 52
5388 中磊|通信網路|-10 -2 5|83 83 -11 -1|0.6 473
5392 能率|光電業|15 2 1|93 93 62 60|0.4 174
5403 中菲|資訊服務|-9 -1 -11|84 84 -16 15|0.4 12
5410 國眾|資訊服務|12 10 22|100 100 23 26|2.1 24
5425 台半|半導體業|8 -8 -0|79 82 -1 -12|1.2 83
5426 振發|電腦及週|10 -15 15|99 99 4 174|3.0 297
5432 新門|綠能環保|-59 -36 -51|95 95 41 112|1.9 294
5434 崇越|電子通路|19 5 11|98 98 32 45|0.4 336
5439 高技|電子零組|-3 -10 -35|61 61 -21 -30|0.4 110
5443 均豪|半導體業|55 31 39|88 88 4 92|0.6 207
5450 南良|其他|3 -7 4|95 95 1 15|1.5 5
5452 佶優|其他電子|10 -3 -2|84 84 -14 -4|1.1 20
5457 宣德|電子零組|28 14 11|84 84 -14 7|0.8 92
5465 富驊|電腦及週|-1 -9 -26|69 82 -17 -15|0.6 13
5469 瀚宇博|電子零組|-5 -14 -5|86 86 -2 1|1.1 392
5471 松翰|半導體業|19 7 2|91 93 2 -6|0.9 16
5474 聰泰|電腦及週|15 13 5|100 100 23 55|1.5 25
5475 德宏|電子零組|53 -12 3|78 97 5 5|1.3 11
5478 智冠|文化創意|5 17 15|75 75 15 3|1.0 44
5483 中美晶|半導體業|-1 -4 0|89 89 9 19|0.5 923
5488 松普|電子零組|-45 -54 -14|73 73 -27 15|0.6 7
5493 三聯|其他電子|27 24 15|86 86 51 93|1.6 94
5498 凱崴|電子零組|41 8 18|87 87 -1 41|1.5 91
5508 永信建|建材營造|136 231 -132|90 90 92 124|1.4 1258
5511 德昌|建材營造|-19 -24 -39|82 89 -9 -0|0.2 33
5512 力麒|建材營造|-11 -31 -56|90 90 27 32|0.6 106
5515 建國|建材營造|18 21 31|82 82 26 57|0.3 46
5519 隆大|建材營造|-19 551 316|88 88 34 64|1.1 134
5521 工信|建材營造|10 25 -3|87 87 -9 24|0.3 67
5522 遠雄|建材營造|568 177 150|100 100 68 62|1.4 354
5525 順天|建材營造|-59 -61 -306|90 90 24 41|0.5 12
5529 鉅陞|建材營造|-14 1 -46|88 88 59 74|0.2 10
5530 龍巖|其他|4 -9 -16|99 99 19 23|0.8 23
5531 鄉林|建材營造|-74 -78 -103|83 83 21 10|0.6 53
5533 皇鼎|建材營造|-92 -92 -291|88 88 3 7|0.5 18
5534 長虹|建材營造|324 92 -326|92 92 60 70|0.7 395
5536 聖暉*|其他電子|9 -9 1|99 99 19 31|2.3 96
5603 陸海|航運業|-13 -24 -10|99 99 8 15|1.8 9
5607 遠雄港|航運業|19 13 10|78 87 -12 2|0.5 32
5608 四維航|航運業|-11 -5 29|95 95 16 15|3.9 233
5609 中菲行|航運業|15 7 32|98 98 15 26|1.3 68
5706 鳳凰|觀光餐旅|105 137 -1066|63 94 24 4|1.4 151
5864 致和證|金融業|63 48 -16|76 96 30 33|0.7 44
5871 中租-KY|其他|8 9 -1|76 80 -11 -16|1.5 1685
5876 上海商銀|金融保險|4 7 -3|95 95 4 2|2.4 530
5880 合庫金|金融保險|-7 -2 -11|92 95 -1 -5|2.3 273
5903 全家|居家生活|7 10 1|91 97 2 -1|2.6 15
5904 寶雅|居家生活|3 16 3|93 93 6 2|2.4 131
6005 群益證|金融保險|68 49 -26|88 88 34 55|0.8 348
6015 宏遠證|金融業|40 66 -45|95 95 11 20|0.7 19
6016 康和證|金融業|675 244 375|92 92 5 26|0.6 48
6023 元大期貨|金融業|85 20 17|95 95 31 52|2.2 36
6024 群益期|金融保險|102 30 30|97 97 7 23|0.7 28
6026 福邦證|金融業|-558 -157 -785|88 88 7 21|0.4 24
6101 寬魚國際|文化創意|1781 641 -111888|93 93 3 8|1.3 9
6104 創惟|半導體業|10 1 -11|74 77 -13 -24|0.8 53
6108 競國|電子零組|-11 -10 0|91 91 -8 3|1.4 5
6111 光聚晶電|文化創意|28 102 13|76 86 -3 -8|0.7 44
6112 邁達特|資訊服務|-6 -5 -14|80 81 -8 -7|1.0 30
6113 亞矽|電子通路|-54 -56 -19|74 74 -14 111|1.5 32
6115 鎰勝|電子零組|37 4 5|100 100 10 23|0.6 13
6116 彩晶|光電業|-40 -23 -7|71 82 -9 -12|1.0 65
6117 迎廣|電腦及週|79 56 28|100 100 84 154|2.4 1444
6120 達運|光電業|31 35 -31|83 85 1 15|0.7 50
6121 新普|電腦及週|-6 -13 -4|75 75 -6 12|0.3 396
6122 擎邦|電機機械|-8 -18 -115|77 81 -15 -19|0.2 38
6123 上奇|資訊服務|7 3 2|94 94 4 11|1.8 12
6124 業強|電子零組|-18 -37 -21|75 95 -1 30|1.2 7
6125 廣運|電機機械|-43 -52 -34|100 100 50 118|1.4 3201
6126 信音|電子零組|17 -0 4|89 89 -10 27|2.2 70
6127 九豪|電子零組|11 9 -12|83 84 -14 -14|0.8 10
6128 上福|電腦及週|13 4 6|100 100 25 26|0.6 11
6129 普誠|半導體業|-23 -41 -15|79 82 -7 -16|2.7 8
6133 金橋|電子零組|26 -1 22|79 93 -1 -4|1.2 7
6138 茂達|半導體業|8 21 1|89 89 -5 6|0.6 198
6139 亞翔|其他電子|114 110 19|59 59 19 49|0.4 1289
6140 訊達電腦|資訊服務|64 -10 -3|73 73 -10 89|6.4 13
6141 柏承|電子零組|-20 12 -5|77 77 -21 5|0.5 5
6143 振曜|通信網路|9 -13 -12|98 98 24 43|0.5 307
6146 耕興|其他電子|-8 -11 -2|83 83 -1 -0|0.5 122
6147 頎邦|半導體業|-5 -8 -1|91 91 -2 0|1.2 602
6150 撼訊|電腦及週|19 6 -51|73 82 -16 -12|1.2 22
6152 百一|通信網路|-5 -27 17|97 97 -3 11|2.5 11
6153 嘉聯益|電子零組|-31 -35 -10|84 94 4 1|0.9 36
6156 松上|電子零組|37 -1 7|91 91 -6 -5|0.7 10
6160 欣技|電腦及週|-28 -34 -14|77 96 32 15|6.3 17
6161 捷波|電腦及週|46 9 10|100 100 20 46|3.5 86
6163 華電網|資訊服務|115 12 22|96 96 -4 29|1.3 26
6164 華興|光電業|-5 -3 1|85 85 1 33|0.9 12
6165 浪凡|數位雲端|2 3 9|73 73 -27 24|0.6 24
6166 凌華|電腦及週|-2 -18 -6|96 96 31 40|3.8 174
6167 久正|光電業|-46 -50 -20|92 92 -3 5|2.6 8
6168 宏齊|光電業|17 -6 0|83 83 -7 -11|4.2 16
6170 統振|通信網路|40 34 14|91 96 5 6|2.3 31
6171 大城地產|建材營造|3 -32 na|90 90 43 74|0.3 7
6173 信昌電|電子零組|-3 -7 -7|91 91 7 -9|1.6 27
6175 立敦|電子零組|12 6 -2|100 100 16 8|2.0 18
6176 瑞儀|光電業|1 6 16|96 96 33 52|0.6 440
6177 達麗|建材營造|41 -37 -1499|91 91 78 83|1.1 544
6179 亞通|其他|-18 -24 -29|84 84 -15 11|0.3 29
6180 橘子|文化創意|17 30 35|97 97 18 11|1.1 130
6182 合晶|半導體業|-15 -22 4|81 81 -2 -13|0.9 108
6186 新潤|建材營造|170464 57715 na|97 97 70 63|0.7 110
6187 萬潤|半導體業|301 279 210|82 82 -18 80|1.1 507
6188 廣明|電腦及週|-5 -11 4|100 100 60 66|2.6 2992
6189 豐藝|電子通路|74 54 17|88 88 14 56|2.0 614
6190 萬泰科|通信網路|8 0 14|93 93 14 24|0.8 79
6191 精成科|電子零組|-2 -9 -6|95 95 6 5|0.7 281
6192 巨路|其他電子|-18 -0 -6|92 92 13 30|0.5 28
6194 育富|電子零組|13 -13 -25|91 91 3 9|0.8 7
6196 帆宣|其他電子|4 -7 -12|88 88 -5 15|0.3 100
6197 佳必琪|電子零組|59 28 3|96 96 44 84|1.2 747
6198 瑞築|建材營造|-100 -30 na|87 87 61 118|0.2 6
6202 盛群|半導體業|-11 -32 15|88 88 3 -9|0.8 67
6203 海韻電|電子零組|-10 -33 -57|77 87 -11 -7|0.7 16
6204 艾華|電子零組|27 -9 -27|91 91 1 23|2.2 68
6205 詮欣|電子零組|37 -12 18|88 88 -6 15|0.4 20
6206 飛捷|電腦及週|82 50 51|100 100 44 53|1.4 61
6207 雷科|電子零組|91 40 30|92 92 68 123|1.4 695
6208 日揚|半導體業|-20 -1 -1|88 88 -7 17|0.3 11
6209 今國光|光電業|5 -16 4|94 94 26 21|4.6 110
6213 聯茂|電子零組|19 -1 2|91 91 23 27|1.0 969
6214 精誠|資訊服務|-4 15 6|91 91 5 15|0.4 74
6215 和椿|其他電子|11 2 24|100 100 113 147|1.9 687
6216 居易|通信網路|55 68 21|97 97 20 27|1.5 35
6217 中探針|電子零組|8 -11 2|87 89 -10 6|0.2 35
6219 富旺|建材營造|12329 7409 4962|90 90 19 89|0.5 55
6223 旺矽|半導體業|9 11 -1|96 96 51 124|0.8 1703
6224 聚鼎|電子零組|-1 -12 -10|86 93 -5 -5|1.4 6
6227 茂綸|電子通路|-8 -26 -10|100 100 33 119|2.8 212
6229 研通|半導體業|134 38 37|96 96 3 49|1.1 35
6230 尼得科超眾|電腦及週|-29 -37 -12|93 93 129 164|1.1 676
6231 系微|資訊服務|27 21 13|98 98 27 109|2.8 354
6233 旺玖|半導體業|-15 -10 5|77 77 -19 13|1.1 21
6234 高僑|光電業|-75 5 -21|84 94 15 7|0.8 11
6235 華孚|電腦及週|21 14 -15|51 74 -22 -27|0.5 170
6237 驊訊|半導體業|-19 -21 4|78 78 -16 -6|1.4 45
6239 力成|半導體業|16 14 16|91 91 6 62|1.1 687
6243 迅杰|半導體業|-22 -17 -33|78 78 -6 -10|4.0 23
6244 茂迪|光電業|-7 -34 -2|81 98 4 1|0.6 75
6245 立端|通信網路|-41 -29 0|80 84 -1 -11|1.0 47
6248 沛波|鋼鐵工業|45 -0 -21|91 91 -1 21|0.4 24
6257 矽格|半導體業|25 18 21|98 98 14 26|0.6 422
6261 久元|半導體業|48 31 28|95 95 16 21|0.5 25
6263 普萊德|通信網路|17 -8 -14|94 94 -2 31|1.2 72
6264 富裔|建材營造|-51 -22 28|83 83 82 106|1.4 17
6265 方土昶|電子通路|1 -25 1|91 91 -2 44|2.0 22
6266 泰詠|電子零組|-27 -27 -16|82 99 4 8|0.9 13
6269 台郡|電子零組|8 -9 9|91 91 5 4|2.0 511
6270 倍微|電子通路|7 -26 5|100 100 15 33|8.3 6
6271 同欣電|半導體業|5 2 13|91 93 2 -9|1.9 237
6274 台燿|電子零組|52 26 20|92 92 8 44|0.4 1399
6275 元山|電子零組|14 -6 -15|97 97 13 51|1.6 207
6276 安鈦克|電腦及週|-2 -7 -12|54 54 -18 -8|0.9 13
6277 宏正|電腦及週|4 -7 4|100 100 5 6|1.9 6
6278 台表科|光電業|2 2 15|94 94 17 18|1.0 439
6279 胡連|電子零組|22 10 -3|96 96 -3 2|1.0 75
6282 康舒|電子零組|52 46 14|67 85 -9 -11|0.7 198
6283 淳安|其他電子|24 35 28|88 88 23 14|0.6 44
6284 佳邦|電子零組|11 6 -7|95 95 -0 -1|1.1 212
6285 啟碁|通信網路|29 8 -2|96 96 4 18|1.0 673
6288 聯嘉|汽車工業|43 34 12|84 84 -11 2|0.4 49
6290 良維|電子零組|16 6 2|78 78 -13 34|1.1 319
6291 沛亨|半導體業|4 -5 -49|53 65 -23 -35|0.7 8
6292 迅德|電子零組|-15 -27 -6|91 91 2 36|1.2 24
6294 智基|文化創意|21 18 15|86 86 -4 -4|0.3 8
6409 旭隼|其他電子|17 -5 9|84 95 0 5|1.3 333
6411 晶焱|半導體業|-1 -11 -28|76 77 -13 -23|2.3 34
6412 群電|電子零組|-5 -6 0|84 84 -11 10|1.0 94
6414 樺漢|電腦及週|22 11 1|89 89 9 21|0.5 536
6415 矽力*-KY|半導體業|30 11 22|93 93 15 11|1.2 1317
6416 瑞祺電通|通信網路|-3 -17 3|93 93 11 31|1.7 57
6417 韋僑|通信網路|-6 -0 -3|68 91 0 3|3.3 10
6419 京晨科|光電業|212 256 59|100 100 192 178|0.4 25
6425 易發|電機機械|631 306 224|80 80 9 271|0.5 176
6426 統新|通信網路|7 1 15|71 71 -20 -22|0.6 6
6435 大中|半導體業|-12 -0 -15|93 93 -3 -7|6.5 12
6438 迅得|其他電子|-25 -20 -7|87 87 0 12|0.3 94
6442 光聖|通信網路|75 44 36|100 100 22 161|0.1 133
6443 元晶|光電業|-55 -54 -30|78 90 6 -6|0.6 126
6446 藥華藥|生技醫療|98 83 1|99 99 32 17|0.5 411
6449 鈺邦|電子零組|11 5 -29|87 87 43 78|1.1 223
6451 訊芯-KY|半導體業|17 -20 -4|85 85 -8 17|1.3 758
6456 GIS-KY|光電業|-21 -8 22|85 100 16 3|2.5 79
6462 神盾|半導體業|7 -1 -29|78 78 -10 135|1.4 805
6469 大樹|生技醫療|3 9 0|72 76 -11 -22|0.8 38
6470 宇智|通信網路|-35 -38 -14|64 84 -8 -16|0.8 8
6472 保瑞|生技醫療|80 -2 -32|92 92 15 14|0.8 1474
6477 安集|光電業|-62 -68 -19|75 90 -4 -1|0.4 18
6485 點序|半導體業|-31 -35 -22|67 68 -8 -33|1.0 13
6486 互動|通信網路|41 17 -6|99 99 17 35|1.0 27
6488 環球晶|半導體業|-15 -16 -6|86 86 -7 -7|0.7 649
6491 晶碩|生技醫療|2 15 2|90 90 17 18|0.8 281
6494 九齊|半導體業|8 -9 -14|78 79 -15 -22|0.8 8
6505 台塑化|油電燃氣|6 -3 11|76 80 -6 -21|1.1 271
6509 聚和|化學工業|2 -6 7|91 97 1 2|1.1 31
6510 精測|半導體業|-7 -5 20|77 80 -14 -21|0.9 38
6515 穎崴|半導體業|91 46 59|96 96 17 16|0.8 742
6517 保勝光學|光電業|-20 -24 -8|51 78 -5 -21|0.3 15
6523 達爾膚|生技醫療|56 35 0|100 100 22 23|0.6 24
6525 捷敏-KY|半導體業|2 -2 8|94 97 3 -1|2.0 18
6526 達發|半導體業|42 30 na|na 92 4 28|0.9 802
6530 創威|通信網路|3 12 8|82 82 -8 -9|0.3 26
6531 愛普*|半導體業|-3 1 -6|66 66 -21 -24|1.0 663
6532 瑞耘|半導體業|5 -2 -6|77 77 -17 -1|0.3 9
6533 晶心科|半導體業|92 30 6|73 73 -15 -17|0.8 153
6534 正瀚-創|生技醫療|29 10 na|na na -4 na|0.9 5
6535 順藥|生技醫療|33 -21 -2062|84 84 2 173|0.7 116
6538 倉和|電子零組|52 33 -17|91 91 22 4|0.6 249
6541 泰福-KY|生技醫療|-95 907 561|49 55 -33 -43|0.2 9
6546 正基|通信網路|18 8 14|95 95 -2 60|0.5 275
6547 高端疫苗|生技醫療|na na na|66 68 -13 -29|0.8 52
6548 長科*|半導體業|-5 -7 7|99 99 29 32|2.1 99
6550 北極星藥業-KY|生技醫療|2848 na na|77 90 3 -1|1.4 86
6552 易華電|半導體業|32 35 14|97 97 55 37|2.2 27
6556 勝品|光電業|1 -11 5|92 100 28 29|2.5 14
6561 是方|通信網路|8 7 2|90 90 -7 7|0.7 13
6568 宏觀|半導體業|20 -9 14|86 87 -9 -13|1.9 7
6569 醫揚|生技醫療|-7 -11 -8|78 100 9 1|2.5 15
6570 維田|電腦及週|-13 -4 13|79 100 7 9|1.6 5
6576 逸達|生技醫療|39165 17758 11517|89 89 -5 6|0.8 15
6577 勁豐|電腦及週|-13 6 -32|96 96 47 37|0.5 16
6578 達邦蛋白|農業科技|9 -6 -5|93 93 19 39|0.3 13
6579 研揚|電腦及週|14 -6 -3|79 100 15 15|3.2 139
6581 鋼聯|綠能環保|11 30 37|99 99 25 26|0.8 8
6584 南俊國際|電子零組|89 48 46|91 91 -2 146|0.8 146
6585 鼎基|其他|68 37 14|79 79 0 35|0.9 185
6589 台康生技|生技醫療|95 14 23|69 76 -13 -23|0.7 30
6591 動力-KY|電腦及週|14 -16 -30|95 95 -5 27|2.3 54
6592 和潤企業|其他|16 16 -7|73 85 -8 -15|0.8 108
6593 台灣銘板|資訊服務|-14 8 -32|52 52 -27 -38|0.6 36
6596 寬宏藝術|文化創意|53 230 113|83 83 42 44|0.2 23
6603 富強鑫|電機機械|3 2 5|96 97 7 4|0.7 7
6605 帝寶|汽車工業|23 10 2|93 93 35 50|0.4 270
6609 瀧澤科|電機機械|11 -18 11|97 97 47 55|3.7 54
6612 奈米醫材|生技醫療|8 5 -8|78 91 16 1|0.8 8
6613 朋億*|其他電子|25 24 5|89 89 15 57|0.3 33
6615 慧智|生技醫療|9 3 2|100 100 46 55|3.5 6
6616 特昇-KY|居家生活|63 48 20|93 93 11 27|2.4 6
6625 必應|其他|-18 5 -141|66 77 -4 -11|0.3 14
6629 泰金-KY|居家生活|27 69 47|100 100 67 147|0.9 14
6640 均華|半導體業|62 85 38|91 91 21 187|1.3 195
6643 M31|半導體業|21 10 -7|57 57 -30 12|1.2 1336
6651 全宇昕|半導體業|-7 -18 -1|87 87 -13 -13|0.9 5
6664 群翊|電子零組|13 4 0|95 95 56 51|1.3 269
6667 信紘科|其他電子|37 20 14|94 94 22 107|0.5 374
6668 中揚光|光電業|0 -12 2|82 82 11 65|0.5 159
6669 緯穎|電腦及週|21 1 20|94 94 0 46|0.7 3435
6670 復盛應用|運動休閒|10 -5 19|92 92 35 45|0.6 150
6672 騰輝電子-KY|電子零組|-15 -14 -7|82 85 -10 -7|0.9 15
6679 鈺太|半導體業|37 33 6|86 86 -5 8|1.0 252
6683 雍智科技|半導體業|10 4 10|98 98 4 31|1.0 82
6684 安格|半導體業|15 86 2|71 71 -20 26|2.6 45
6689 伊雲谷|數位雲端|17 22 4|59 70 -22 -22|0.9 28
6690 安碁資訊|數位雲端|13 13 -1|88 88 -7 0|0.4 5
6691 洋基工程|其他電子|-28 -34 -30|98 98 0 27|0.9 94
6693 廣閎科|半導體業|-12 -9 6|92 93 3 -8|0.9 7
6695 芯鼎|半導體業|-34 -28 -30|77 77 -4 16|4.1 46
6703 軒郁|生技醫療|66 50 -26|91 91 -9 -2|0.9 32
6706 惠特|光電業|-54 -56 -1|90 94 20 7|1.8 100
6712 長聖|生技醫療|15 26 -4|100 100 5 17|2.0 81
6715 嘉基|電子零組|-26 -33 -5|79 79 -21 16|0.7 20
6716 應廣|半導體業|34 40 -28|82 82 2 -15|1.2 18
6719 力智|半導體業|3 10 33|92 92 -1 4|2.1 291
6727 亞泰金屬|電子零組|54 19 19|98 98 20 15|0.6 12
6732 昇佳電子|半導體業|-0 17 -31|66 74 -22 -25|0.5 63
6733 博晟生醫|生技醫療|233 236 -71|76 88 -6 -3|1.2 6
6735 美達科技|其他電子|323 285 190|77 77 -20 59|0.2 12
6741 91APP*-KY|數位雲端|20 15 4|66 83 -3 -14|0.5 21
6742 澤米|光電業|73 29 na|na na -3 na|0.5 13
6743 安普新|其他電子|53 44 43|75 97 16 21|1.0 18
6753 龍德造船|航運業|16 3 -7|84 84 40 35|0.3 223
6754 匯僑設計|居家生活|43 31 19|94 94 5 19|0.6 6
6756 威鋒電子|半導體業|-17 -16 -13|71 71 -16 -15|1.2 30
6757 台灣虎航|航運業|45 66 na|na 100 59 58|1.8 57
6761 穩得|電子零組|34 13 12|98 98 47 52|2.4 20
6763 綠界科技*|數位雲端|10 -0 -3|91 95 13 4|0.6 54
6768 志強-KY|運動休閒|10 20 34|97 97 29 46|0.6 85
6770 力積電|半導體業|-5 -4 23|76 80 -8 -18|2.8 635
6776 展碁國際|電子通路|11 5 1|94 94 -5 15|1.1 7
6781 AES-KY|電子零組|-9 -20 10|79 85 -11 -15|0.4 68
6782 視陽|生技醫療|68 77 62|97 97 3 35|1.5 110
6785 昱展新藥|生技醫療|na na na|na na -32 na|0.8 202
6788 華景電|半導體業|117 36 27|92 100 0 11|1.1 30
6789 采鈺|半導體業|9 27 28|86 86 -6 -8|0.5 230
6790 永豐實|造紙工業|7 -3 -5|90 90 15 25|0.5 22
6799 來頡|半導體業|-2 -3 -2|67 67 -28 -14|0.7 60
6803 崑鼎|綠能環保|10 7 0|95 98 0 -0|1.5 9
6805 富世達|電子零組|32 65 na|na 77 -17 74|1.2 1599
6806 森崴能源|綠能環保|64 67 -134|79 79 -20 14|0.3 261
6807 峰源-KY|居家生活|40 22 19|100 100 48 63|0.7 12
6811 宏碁資訊|數位雲端|5 -4 -8|69 79 -14 3|0.5 31
6829 千附精密|半導體業|58 9 12|71 80 -16 4|0.4 25
6830 汎銓|其他電子|-5 -1 -7|68 81 -17 -9|0.7 25
6834 天二科技|電子零組|72 28 15|97 97 26 25|0.9 27
6835 圓裕|電子零組|47 29 34|96 96 6 39|0.7 18
6841 長佳智能|生技醫療|421 427 233|60 84 -3 -15|0.7 20
6863 永道-KY|通信網路|111 76 28|89 89 29 34|1.3 117
6869 雲豹能源|綠能環保|-31 15 -11|80 80 -1 41|1.3 59
6870 騰雲|數位雲端|-8 9 na|na 95 14 0|1.9 6
6873 泓德能源|綠能環保|-63 44 -9|83 83 8 54|0.6 36
6894 衛司特|綠能環保|49 43 na|na 90 -7 34|0.6 25
6901 鑽石投資|其他|47 6 na|na 78 -10 -22|0.7 25
6906 現觀科|數位雲端|86 24 na|na na -12 na|1.0 18
6922 宸曜|電腦及週|36 15 na|na 100 36 44|3.6 15
6933 AMAX-KY|電腦及週|39 22 na|na 92 35 25|1.0 175
6937 天虹|半導體業|-35 58 na|na na -14 na|0.3 22
7402 邑錡|光電業|-19 -2 -6|80 80 -10 52|0.3 138
8011 台通|通信網路|2 70 28|68 68 -22 14|0.4 65
8016 矽創|半導體業|-6 -1 -12|84 84 -10 -8|0.7 255
8021 尖點|其他電子|47 33 34|94 98 7 13|1.1 12
8027 鈦昇|電機機械|107 10 33|97 97 23 75|2.5 251
8028 昇陽半導體|半導體業|-14 -16 -13|97 97 28 26|2.2 598
8033 雷虎|其他|93 29 27|88 88 41 32|0.2 257
8034 榮群|通信網路|-4 51 -149|75 75 -19 3|0.4 10
8039 台虹|電子零組|40 33 13|95 95 11 21|1.0 75
8040 九暘|半導體業|-9 -25 17|89 89 31 64|0.2 44
8044 網家|數位雲端|-1 -5 2|63 72 -10 -25|0.6 21
8046 南電|電子零組|-28 -40 2|68 78 -4 -21|3.1 351
8048 德勝|通信網路|-54 -21 -69|68 93 -4 -5|0.8 89
8049 晶采|光電業|-39 -48 -20|94 94 -4 3|0.4 9
8050 廣積|電腦及週|-17 -36 -13|78 97 -3 -1|1.0 120
8054 安國|半導體業|-5 -4 -27|81 81 10 74|1.4 1046
8059 凱碩|通信網路|-68 -72 -2|72 72 -21 105|0.5 13
8064 東捷|光電業|-37 -30 -1|97 97 28 104|2.3 273
8068 全達|電子通路|46 20 -2|76 79 -4 -7|1.1 8
8069 元太|光電業|-10 -24 -5|88 88 -8 21|0.9 967
8070 長華*|電子通路|-1 -6 11|94 94 32 52|2.4 360
8071 能率網通|電子零組|13 -9 1|89 89 34 41|0.5 27
8076 伍豐|電腦及週|-17 15 13|80 96 -1 -2|1.0 23
8081 致新|半導體業|4 4 -5|95 95 19 14|1.0 160
8083 瑞穎|電機機械|133 92 70|96 96 13 24|0.7 14
8084 巨虹|電子通路|-26 -46 -10|94 94 10 8|1.8 52
8085 福華|其他電子|-46 -48 -18|87 87 -5 64|0.5 84
8086 宏捷科|半導體業|276 285 137|79 79 -20 -10|0.4 197
8087 麗升能源|綠能環保|555 2379 -108|73 77 -11 17|0.4 8
8088 品安|半導體業|-23 -27 -8|90 90 -1 8|0.4 34
8089 康全電訊|通信網路|497 189 168|100 100 23 164|0.3 201
8091 翔名|半導體業|15 9 10|97 97 9 46|0.6 40
8092 建暐|其他電子|8 -22 -19|84 84 -13 138|0.5 15
8093 保銳|電子零組|-18 -22 -29|87 100 43 42|2.0 15
8096 擎亞|電子通路|14 61 8|99 99 52 192|0.8 797
8097 常珵|通信網路|8163 2726 2115|85 85 -4 13|0.4 12
8099 大世科|資訊服務|-17 -19 -14|90 90 24 43|3.9 6
8103 瀚荃|電子零組|6 -10 -2|100 100 4 19|1.0 17
8104 錸寶|光電業|17 -6 6|89 99 5 6|1.6 22
8105 凌巨|光電業|-24 -18 -1|91 99 3 14|4.9 16
8107 大億金茂|電機機械|15 18 30|98 98 21 21|6.7 6
8109 博大|電子零組|-6 -20 -16|89 97 5 3|0.3 6
8110 華東|半導體業|6 6 19|94 94 9 25|0.7 89
8111 立碁|光電業|-2 -10 -4|91 91 18 29|0.3 10
8112 至上|電子通路|71 108 61|85 85 22 47|0.8 1179
8114 振樺電|電腦及週|6 -3 11|99 99 1 16|1.4 18
8121 越峰|電子零組|44 16 20|100 100 77 75|1.3 70
8131 福懋科|半導體業|40 20 34|93 99 9 -0|1.2 19
8147 正淩|電子零組|44 17 8|93 93 -6 80|2.5 77
8150 南茂|半導體業|3 10 1|87 87 -5 9|0.7 166
8155 博智|電子零組|28 7 12|84 90 3 -0|0.6 176
8163 達方|電腦及週|-17 -19 -7|96 96 12 31|0.7 129
8171 天宇|綠能環保|-9 -1 27|66 85 -12 -11|0.5 6
8182 加高|電子零組|7 15 4|89 89 -3 14|0.8 5
8183 精星|其他電子|-4 -21 -15|75 75 -13 -22|1.0 12
8210 勤誠|電腦及週|34 33 0|95 95 16 28|1.3 1956
8213 志超|電子零組|6 -7 -9|84 87 -8 -11|0.6 33
8215 明基材|光電業|-4 3 -11|77 88 -5 -9|0.6 19
8222 寶一|電機機械|4 8 -32|68 87 -4 -4|0.2 34
8227 巨有科技|半導體業|-16 -30 -72|59 59 -29 -7|2.3 307
8234 新漢|電腦及週|-28 -34 -2|91 100 23 22|1.5 218
8255 朋程|電機機械|77 65 16|98 98 21 18|1.8 116
8261 富鼎|半導體業|-1 -15 -2|78 80 -4 -22|1.1 30
8271 宇瞻|半導體業|25 4 8|91 91 -6 14|1.0 78
8277 商丞|半導體業|10 48 53|96 96 8 9|1.5 13
8299 群聯|半導體業|53 56 38|81 81 -3 27|0.9 1762
8341 日友|綠能環保|10 -1 8|65 81 -5 -20|0.7 13
8349 恒耀國際|鋼鐵工業|18 10 -4|91 91 16 20|0.7 23
8358 金居|電子零組|16 -2 9|97 97 17 11|0.6 416
8367 建新國際|航運業|46 24 12|100 100 13 26|1.5 7
8383 千附|半導體業|5 -22 12|97 97 5 11|0.7 18
8390 金益鼎|綠能環保|19 5 0|92 92 9 15|0.2 37
8401 白紗科|其他|10 -2 -5|97 97 14 36|0.9 12
8403 盛弘|生技醫療|22 10 6|83 94 1 -5|0.8 6
8404 百和興業-KY|其他|70 24 23|90 97 10 -4|0.6 8
8410 森田|電腦及週|19 -10 -29|88 88 -5 34|0.4 5
8415 大國鋼|鋼鐵工業|-0 -11 -1|97 97 5 3|1.6 11
8422 可寧衛*|綠能環保|47 23 38|93 98 7 6|0.6 38
8426 紅木-KY|其他|6 2 -51|59 59 -26 -16|0.5 7
8431 匯鑽科|其他電子|12 -22 -15|84 92 -5 4|0.8 8
8432 東生華|生技醫療|56 11 -17|96 96 12 28|0.6 17
8433 弘帆|居家生活|16 9 -11|92 92 5 15|0.5 15
8436 大江|生技醫療|8 -13 -13|81 81 1 -11|0.6 26
8438 昶昕|綠能環保|14 1 9|97 97 72 73|3.8 47
8440 綠電|綠能環保|24 -1 -9|86 86 1 14|0.2 11
8442 威宏-KY|其他|6 -5 -1|96 96 3 18|0.5 15
8446 華研|文化創意|-1 -2 -28|73 98 1 3|0.4 14
8454 富邦媒|數位雲端|2 4 -1|69 84 7 -15|1.2 245
8462 柏文|運動休閒|20 16 -8|74 92 11 4|0.6 10
8463 潤泰材|其他|24 15 -12|91 91 13 22|0.5 16
8464 億豐|居家生活|12 0 -1|92 92 -7 3|1.0 193
8467 波力-KY|運動休閒|111 41 15|79 79 -10 6|0.4 65
8473 山林水|綠能環保|-22 -32 -25|80 80 -5 32|0.2 35
8478 東哥遊艇|運動休閒|15 5 -12|57 87 -13 -5|0.3 96
8906 花王|其他|35 10 5|100 100 134 134|1.1 26
8916 光隆|其他|-4 -18 4|97 97 3 11|0.5 10
8924 大田|運動休閒|96 11 39|91 98 2 6|0.9 13
8926 台汽電|油電燃氣|188 132 59|88 95 4 17|0.2 75
8927 北基|油電燃氣|180 72 41|93 93 10 10|0.6 18
8930 青鋼|鋼鐵工業|7 -8 -29|88 88 -7 17|0.3 16
8932 智通*|數位雲端|105 54 -10|98 98 27 32|0.6 68
8936 國統|其他|16 34 1|85 85 15 72|0.6 823
8938 明安|運動休閒|-6 -28 7|99 99 20 23|1.1 52
8940 新天地|觀光餐旅|-28 31 -54|75 79 -3 -4|0.9 11
8942 森鉅|其他|-37 -37 -26|97 98 1 1|0.8 18
8996 高力|電機機械|-12 -21 -46|96 96 61 101|0.4 816
9802 鈺齊-KY|運動休閒|-35 -53 -11|85 87 2 -13|0.5 51
9902 台火|其他|-84 285 -611|100 100 39 46|0.9 13
9904 寶成|運動休閒|1 1 8|96 96 23 20|0.7 569
9906 欣巴巴|建材營造|-99 -97 -65|94 94 28 71|1.1 34
9907 統一實|其他|9 -4 6|80 90 -3 -8|0.6 21
9910 豐泰|運動休閒|4 2 6|74 83 -8 -18|1.5 222
9911 櫻花|居家生活|37 26 13|93 93 22 37|1.3 54
9912 偉聯|電腦及週|41 15 19|93 93 9 39|1.6 9
9914 美利達|運動休閒|24 -12 17|99 99 11 29|0.8 154
9917 中保科|其他|3 3 -7|94 94 4 0|0.9 43
9919 康那香|其他|-1 -14 -3|67 67 -4 -23|1.7 87
9921 巨大|運動休閒|-2 -15 5|97 98 8 18|0.9 418
9924 福興|居家生活|-7 3 -1|94 94 11 19|0.6 31
9925 新保|其他|2 1 -0|99 99 4 4|1.0 8
9927 泰銘|其他|-9 -14 -24|95 95 4 11|0.4 54
9928 中視|其他|22 18 2|63 85 27 -17|1.7 10
9930 中聯資源|綠能環保|-3 -9 -15|95 95 10 14|0.5 17
9933 中鼎|其他|50 42 19|90 90 9 10|0.4 160
9934 成霖|居家生活|6 -4 2|98 98 19 32|0.6 37
9935 慶豐富|居家生活|14 27 25|91 91 11 23|0.4 9
9938 百和|其他|50 17 14|94 94 16 3|0.7 105
9939 宏全|其他|5 2 -4|92 92 8 34|0.6 141
9940 信義|其他|21 5 2|98 98 15 14|1.0 15
9941 裕融|其他|5 4 -7|77 80 -8 -20|2.1 159
9942 茂順|其他|-27 -29 -30|83 90 -7 -8|0.6 11
9943 好樂迪|觀光餐旅|-21 1 -10|89 97 -1 -2|0.3 15
9944 新麗|其他|9 11 20|99 99 14 14|0.8 17
9945 潤泰新|其他|24 5 5|95 95 24 25|0.9 978
9946 三發地產|建材營造|243 141 106|100 100 92 135|1.3 96
9949 琉園|文化創意|11 -0 7|93 93 32 51|0.8 5
9951 皇田|電機機械|19 -1 -8|87 90 -4 -9|0.5 6
9955 佳龍|綠能環保|77 15 -3|85 85 33 32|0.4 44
9958 世紀鋼|鋼鐵工業|36 9 -47|97 97 18 77|0.9 3041