# 2024-01-02 全池(1129 檔)。欄位:代碼 名稱|產業|最新月YoY 3月YoY均 加速度|距52週高% 距120日高% 60日漲% 120日漲%|量能比 日均值M
1101 台泥|水泥工業|-9 -14 -17|88 92 6 -5|0.4 306
1102 亞泥|水泥工業|-17 -11 -3|97 97 5 -1|0.6 268
1104 環泥|水泥工業|23 10 -5|98 98 16 7|0.5 29
1108 幸福|水泥工業|31 20 -7|89 89 11 0|0.8 8
1210 大成|食品工業|-7 -7 -7|95 95 12 13|1.0 127
1215 卜蜂|食品工業|-7 -2 -5|98 98 3 8|0.5 27
1216 統一|食品工業|18 17 5|98 99 8 3|0.6 496
1217 愛之味|食品工業|1 3 -1|84 84 1 -4|0.9 11
1218 泰山|食品工業|5 4 1|60 84 3 -13|0.9 15
1227 佳格|食品工業|-3 -0 0|94 97 5 -2|0.7 15
1229 聯華|食品工業|25 17 9|97 97 8 4|0.7 61
1231 聯華食|食品工業|-5 -3 -6|95 95 -0 -0|1.1 10
1232 大統益|食品工業|-15 -12 -15|96 97 1 -2|1.4 6
1268 漢來美食|觀光餐旅|16 12 -30|87 93 -1 0|1.5 14
1301 台塑|塑膠工業|-6 -6 15|88 94 1 -4|0.8 333
1303 南亞|塑膠工業|-17 -18 9|86 94 3 -4|0.6 294
1304 台聚|塑膠工業|-11 -14 6|75 81 -3 -12|0.7 24
1305 華夏|塑膠工業|12 -4 13|78 85 -5 0|0.5 25
1307 三芳|塑膠工業|0 -5 -0|95 95 -1 13|0.4 7
1308 亞聚|塑膠工業|-36 -33 -4|81 88 -1 -6|0.9 19
1309 台達化|塑膠工業|4 5 21|72 81 -4 -15|0.8 8
1310 台苯|塑膠工業|19 9 30|89 93 -1 0|0.6 9
1312 國喬|塑膠工業|-6 -5 9|75 82 -5 -14|1.8 52
1313 聯成|塑膠工業|14 26 26|87 87 2 6|0.6 20
1316 上曜|建材營造|12 -44 -4|98 98 27 19|0.8 27
1319 東陽|汽車工業|28 20 9|87 87 -3 47|0.5 430
1321 大洋|塑膠工業|50 2 23|90 90 5 7|1.0 11
1324 地球|塑膠工業|-26 1 6|85 85 10 56|0.1 14
1325 恆大|塑膠工業|-38 -24 3|88 88 74 72|1.2 133
1326 台化|塑膠工業|8 2 14|85 93 2 -3|0.9 212
1338 廣華-KY|汽車工業|-8 -17 6|93 96 13 4|0.5 10
1339 昭輝|汽車工業|14 11 7|89 89 8 54|0.3 44
1342 八貫|其他|-12 -1 -1|72 98 7 2|0.3 38
1402 遠東新|紡織纖維|2 1 5|98 100 11 1|0.5 204
1409 新纖|紡織纖維|16 3 17|89 96 2 -2|1.2 24
1432 大魯閣|運動休閒|2 9 -13|86 97 17 8|1.2 11
1434 福懋|紡織纖維|-19 -16 1|94 95 -1 -4|1.8 30
1440 南紡|紡織纖維|-23 -15 -6|90 93 9 1|0.5 15
1442 名軒|建材營造|225127 77075 57344|97 97 7 22|1.0 18
1444 力麗|紡織纖維|-35 -36 -1|94 94 -1 -4|0.5 11
1449 佳和|紡織纖維|55 24 17|79 79 38 15|0.2 28
1455 集盛|紡織纖維|21 13 33|93 93 12 6|0.7 11
1466 聚隆|紡織纖維|2 22 33|88 88 25 20|0.6 12
1471 首利|電子零組|14 21 7|71 71 -17 1|0.4 18
1472 三洋實業|建材營造|29 30 -76|88 88 40 45|0.4 6
1476 儒鴻|紡織纖維|8 6 28|93 93 10 12|0.5 267
1477 聚陽|紡織纖維|-2 5 8|86 86 1 13|0.7 567
1503 士電|電機機械|-13 -9 -13|73 73 4 -20|1.9 1259
1504 東元|電機機械|-7 0 -2|81 81 -6 -9|0.9 522
1513 中興電|電機機械|14 14 -3|84 84 10 -8|1.0 1984
1514 亞力|電機機械|52 27 3|87 87 35 32|1.5 2639
1515 力山|電機機械|220 225 171|86 86 19 32|0.2 100
1519 華城|電機機械|100 109 40|93 93 19 108|1.5 6233
1521 大億|汽車工業|26 15 15|92 92 24 21|1.4 11
1522 堤維西|汽車工業|5 1 -1|91 91 -6 24|0.4 193
1524 耿鼎|汽車工業|32 22 8|89 89 28 49|0.3 234
1525 江申|汽車工業|-17 -16 -29|65 74 3 -28|0.3 7
1527 鑽全|電機機械|-4 -9 19|96 99 4 5|1.3 8
1528 恩德|電機機械|-27 -6 -8|65 72 -4 -31|0.5 7
1529 樂事綠能|電機機械|95 196 -10|69 69 2 -14|1.0 130
1532 勤美|電機機械|-10 -4 -15|100 100 15 17|2.2 68
1533 車王電|汽車工業|-13 23 -2|80 86 -2 -13|0.4 6
1536 和大|汽車工業|-12 -15 -9|80 88 -9 -13|1.0 54
1537 廣隆|電機機械|26 6 17|98 98 0 -1|0.7 15
1558 伸興|電機機械|5 8 -3|88 93 -1 -2|0.6 6
1560 中砂|電機機械|-1 -0 7|99 99 23 60|1.5 522
1565 精華|生技醫療|1 -9 3|76 93 0 -6|1.3 21
1568 倉佑|汽車工業|-29 -18 2|86 86 15 32|0.1 54
1580 新麥|電機機械|7 19 7|95 95 17 15|0.5 15
1582 信錦|電子零組|15 23 35|84 84 25 40|0.9 289
1584 精剛|其他|50 64 -11|87 93 2 -2|0.4 131
1586 和勤|電機機械|18 18 26|97 99 -1 3|2.2 6
1589 永冠-KY|電機機械|-20 -22 -21|62 83 1 -19|1.6 21
1590 亞德客-KY|電機機械|14 19 6|82 89 1 1|0.4 505
1591 駿吉-KY|電機機械|-83 -88 2|85 85 24 47|0.6 157
1598 岱宇|運動休閒|2 18 10|70 91 -0 -10|0.4 13
1603 華電|電器電纜|-33 50 19|93 93 1 4|0.7 89
1604 聲寶|電器電纜|-2 2 4|88 98 1 -2|0.7 8
1605 華新|電器電纜|1 10 4|68 92 6 -6|0.9 1102
1608 華榮|電器電纜|28 7 17|89 93 6 -4|0.6 37
1609 大亞|電器電纜|4 1 6|88 89 -5 -8|1.1 332
1611 中電|電器電纜|5 -7 7|80 87 1 -13|0.7 11
1612 宏泰|電器電纜|-15 -13 -15|96 96 5 10|1.1 104
1615 大山|電器電纜|8 17 1|97 97 15 28|0.9 9
1616 億泰|電器電纜|51 22 12|89 89 35 38|0.8 60
1618 合機|電器電纜|146 53 -13|89 89 14 31|1.0 249
1701 中化|生技醫療|5 2 -4|69 94 7 -1|0.3 31
1702 南僑|食品工業|6 10 -1|100 100 1 8|1.1 16
1707 葡萄王|生技醫療|2 -4 -7|84 84 0 -5|0.9 40
1708 東鹼|化學工業|-33 -35 -9|79 87 5 -5|0.5 25
1709 和益|化學工業|-2 -11 -0|83 89 -2 -9|0.6 6
1710 東聯|化學工業|0 -8 -2|86 89 7 -4|0.5 22
1711 永光|化學工業|-9 -0 12|88 90 3 -7|0.3 15
1712 興農|化學工業|3 -9 7|97 99 6 9|0.5 20
1713 國化|化學工業|22 18 36|92 92 14 30|1.3 7
1717 長興|化學工業|-11 -8 7|84 92 3 -7|0.8 35
1720 生達|生技醫療|8 -3 -12|87 94 -0 4|0.4 35
1721 三晃|化學工業|5 -2 20|81 81 14 2|0.1 15
1722 台肥|化學工業|-19 -16 -18|100 100 15 15|0.7 181
1723 中碳|化學工業|-6 -20 -3|97 97 4 8|0.3 35
1727 中華化|化學工業|-20 -23 2|68 79 2 -11|0.3 17
1732 毛寶|化學工業|6 0 5|87 87 23 12|0.4 19
1733 五鼎|生技醫療|-11 -24 -0|97 97 54 53|7.0 61
1734 杏輝|生技醫療|2 -3 -8|90 99 8 3|0.6 15
1736 喬山|運動休閒|0 5 -8|85 85 -12 -9|0.3 16
1752 南光|生技醫療|-10 -3 -23|68 85 -4 -11|0.4 30
1760 寶齡富錦|生技醫療|11 4 22|60 86 7 -14|0.4 72
1762 中化生|生技醫療|-12 -29 -34|57 73 -1 -28|0.3 14
1773 勝一|化學工業|-2 -2 13|94 94 1 -1|1.1 11
1781 合世|生技醫療|-59 -21 -8|83 83 45 19|0.3 9
1783 和康生|生技醫療|6 -9 -20|72 78 -14 -18|0.8 7
1784 訊聯|生技醫療|0 13 -3|80 80 -12 -10|0.5 7
1785 光洋科|其他電子|30 24 35|94 94 5 3|0.3 49
1786 科妍|生技醫療|40 14 -17|82 82 -11 -11|0.5 7
1789 神隆|生技醫療|-2 11 -2|77 77 -5 -11|0.6 14
1795 美時|生技醫療|6 -17 -52|81 91 17 -3|0.5 1348
1802 台玻|玻璃陶瓷|6 11 8|77 85 0 6|0.7 51
1806 冠軍|玻璃陶瓷|17 14 13|97 97 24 8|4.2 15
1808 潤隆|建材營造|9202 19396 9066|92 92 10 24|0.6 83
1809 中釉|玻璃陶瓷|9 -5 3|95 95 5 2|0.5 17
1810 和成|玻璃陶瓷|6 1 5|65 80 -5 -22|0.9 14
1815 富喬|電子零組|-27 -27 2|78 78 -14 24|0.2 123
1903 士紙|造紙工業|-3 -4 -7|75 75 2 8|1.6 16
1904 正隆|造紙工業|4 6 12|84 84 3 -11|0.8 23
1905 華紙|造紙工業|-7 -10 1|74 74 7 -13|0.4 82
1907 永豐餘|造紙工業|2 -2 7|84 84 3 -8|0.3 141
1909 榮成|造紙工業|-10 -12 0|79 87 5 -10|0.4 15
2002 中鋼|鋼鐵工業|-7 -6 13|87 95 10 -3|0.5 728
2006 東和鋼鐵|鋼鐵工業|30 20 17|97 97 19 25|1.2 175
2007 燁興|鋼鐵工業|-15 -12 13|95 95 35 30|1.5 30
2009 第一銅|鋼鐵工業|28 18 29|83 83 8 2|0.9 45
2010 春源|鋼鐵工業|-7 -11 5|98 98 11 7|1.8 20
2014 中鴻|鋼鐵工業|1 9 21|89 92 19 13|1.0 269
2015 豐興|鋼鐵工業|-12 3 12|97 99 7 -1|1.1 17
2017 官田鋼|鋼鐵工業|10 -2 16|83 94 11 -4|0.5 14
2020 美亞|鋼鐵工業|-16 -17 -25|100 100 15 31|1.8 41
2022 聚亨|鋼鐵工業|-21 -4 7|80 89 -2 -8|0.8 15
2023 燁輝|鋼鐵工業|20 6 20|97 97 18 21|0.7 53
2027 大成鋼|鋼鐵工業|-6 -9 0|98 98 8 6|0.8 222
2028 威致|鋼鐵工業|-33 -20 -6|87 96 15 12|1.1 13
2029 盛餘|鋼鐵工業|52 43 44|93 93 22 19|0.6 21
2030 彰源|鋼鐵工業|-12 -14 7|86 93 10 -6|0.5 9
2031 新光鋼|鋼鐵工業|10 -0 4|93 93 25 32|1.1 149
2032 新鋼|鋼鐵工業|-3 -4 5|89 96 18 11|2.2 18
2033 佳大|鋼鐵工業|-10 -24 2|92 92 23 25|1.7 11
2034 允強|鋼鐵工業|-6 -3 5|91 97 1 -1|0.8 11
2038 海光|鋼鐵工業|1 -10 7|92 92 25 18|1.9 61
2049 上銀|電機機械|6 -4 12|92 99 17 7|0.7 230
2059 川湖|電子零組|-7 -17 10|90 90 -4 31|1.5 1036
2062 橋椿|居家生活|18 21 28|97 97 15 16|0.7 6
2063 世鎧精密|鋼鐵工業|-25 9 7|95 95 13 15|0.3 7
2065 世豐|鋼鐵工業|-6 -11 -1|100 100 11 9|1.0 8
2066 世德|電機機械|-1 -11 -11|87 87 5 -9|0.4 17
2101 南港|橡膠工業|35 31 23|99 99 11 10|4.4 66
2102 泰豐|橡膠工業|-89 -90 -27|89 97 9 8|0.7 10
2103 台橡|橡膠工業|7 0 8|85 96 4 -4|0.9 14
2104 國際中橡|橡膠工業|-17 -22 -3|85 91 -2 -6|0.6 16
2105 正新|橡膠工業|4 -1 2|95 95 6 15|0.4 496
2106 建大|橡膠工業|9 -5 6|97 97 6 5|1.0 20
2108 南帝|橡膠工業|-10 -10 14|85 96 4 3|0.3 12
2201 裕隆|汽車工業|3 11 4|84 87 -5 -5|0.5 401
2204 中華|汽車工業|55 42 12|90 90 19 20|0.6 658
2206 三陽工業|汽車工業|21 17 -11|77 88 -1 -9|0.7 157
2207 和泰車|汽車工業|9 4 -11|83 89 11 -8|0.8 145
2208 台船|航運業|-15 -22 -37|75 85 -4 -15|2.1 43
2211 長榮鋼|鋼鐵工業|-29 -13 -6|100 100 54 79|1.2 301
2228 劍麟|汽車工業|8 12 1|88 88 -2 -5|0.7 15
2230 泰茂|居家生活|80 67 43|100 100 65 68|0.7 202
2231 為升|汽車工業|-26 -8 -23|75 85 -4 -13|0.6 27
2233 宇隆|汽車工業|17 15 17|91 91 19 30|0.1 63
2236 百達-KY|汽車工業|31 49 18|84 84 -13 8|0.4 21
2241 艾姆勒|汽車工業|83 82 59|74 74 -16 -11|1.1 19
2243 宏旭-KY|汽車工業|98 89 -388|77 91 27 10|0.3 5
2247 汎德永業|汽車工業|-14 2 -19|87 90 -2 -12|0.5 24
2250 IKKA-KY|汽車工業|15 9 11|91 91 26 27|0.5 14
2301 光寶科|電腦及週|-17 -15 -1|73 73 -5 -3|0.5 1413
2303 聯電|半導體業|-17 -21 -3|97 97 15 7|1.7 2653
2305 全友|電腦及週|1 -9 -10|83 85 6 3|0.2 7
2308 台達電|電子零組|-6 -4 -11|83 83 -8 -14|0.7 1483
2312 金寶|其他電子|-14 -13 -5|92 92 7 2|1.0 131
2313 華通|電子零組|-1 -5 9|93 93 32 52|0.4 1906
2314 台揚|通信網路|-66 -60 -53|74 80 -2 -11|0.9 63
2316 楠梓電|電子零組|-22 -22 9|80 80 -1 42|0.5 35
2317 鴻海|其他電子|18 -2 2|94 94 1 0|0.6 2328
2323 中環|光電業|-7 3 10|76 79 -4 -22|1.4 87
2324 仁寶|電腦及週|4 -7 5|98 98 28 37|3.3 2177
2327 國巨*|電子零組|-7 -7 3|93 93 11 18|0.6 1205
2328 廣宇|電子零組|-20 -13 -12|81 81 -5 -12|1.0 43
2329 華泰|半導體業|30 35 30|83 83 25 93|0.2 848
2330 台積電|半導體業|-7 -2 -0|100 100 13 4|0.9 15868
2331 精英|電腦及週|-18 -30 9|79 79 11 4|1.7 278
2332 友訊|通信網路|-16 -18 -12|78 78 -1 -8|0.8 85
2337 旺宏|半導體業|-35 -39 -2|89 90 -3 -2|1.9 273
2338 光罩|半導體業|-10 -4 2|75 89 2 -10|0.5 85
2340 台亞|半導體業|10 14 28|83 83 -5 -8|0.4 65
2342 茂矽|半導體業|-36 -32 -3|74 85 -3 -16|1.3 10
2344 華邦電|半導體業|-2 -3 18|98 98 13 14|2.2 991
2345 智邦|通信網路|0 4 -11|88 88 -4 36|0.7 1416
2347 聯強|電子通路|9 -6 3|99 99 10 23|0.8 237
2348 海悅|其他|11 28 24|98 98 24 40|1.4 15
2351 順德|半導體業|-9 -9 -1|85 90 2 -11|0.4 60
2352 佳世達|電腦及週|-11 -10 6|81 81 6 3|2.4 456
2353 宏碁|電腦及週|6 6 19|96 96 40 57|3.6 2982
2354 鴻準|其他電子|-66 -34 -33|87 87 -9 -1|0.9 108
2355 敬鵬|電子零組|-1 -2 3|90 90 23 59|0.4 524
2356 英業達|電腦及週|0 -9 -2|71 71 1 12|1.6 3897
2357 華碩|電腦及週|-6 -6 4|99 99 28 64|1.3 2589
2359 所羅門|其他電子|-56 -25 -5|90 90 5 15|0.5 93
2360 致茂|其他電子|-21 -28 -13|73 73 -20 -18|0.4 325
2362 藍天|電腦及週|45 33 10|100 100 43 34|5.9 63
2363 矽統|半導體業|4 170 132|78 78 19 164|0.2 934
2364 倫飛|電腦及週|39 22 4|77 77 18 55|0.2 45
2365 昆盈|電腦及週|68 26 43|99 99 22 31|3.1 136
2367 燿華|電子零組|-2 -18 -4|88 88 7 17|0.3 165
2368 金像電|電子零組|4 -0 7|92 92 -2 33|0.6 1300
2369 菱生|半導體業|19 23 29|94 94 33 31|0.6 93
2371 大同|電機機械|18 16 -39|75 78 -5 -22|0.6 544
2374 佳能|光電業|8 -1 7|97 97 5 34|1.3 61
2375 凱美|電子零組|-3 -8 11|88 89 6 7|0.3 42
2376 技嘉|電腦及週|47 79 50|72 72 -11 -6|0.6 4336
2377 微星|電腦及週|22 34 31|97 97 19 15|2.3 1052
2379 瑞昱|半導體業|7 -1 16|93 93 12 25|1.0 1157
2382 廣達|電腦及週|-8 -14 -1|79 79 -14 24|0.7 5610
2383 台光電|電子零組|40 36 34|80 80 -18 26|0.5 1430
2385 群光|電子零組|-15 -12 3|93 93 51 74|0.8 866
2387 精元|電腦及週|-22 -15 -5|95 95 24 46|0.8 133
2388 威盛|半導體業|72 55 23|89 89 34 64|0.4 2631
2390 云辰|其他電子|16 4 -11|84 84 4 13|0.2 17
2392 正崴|電子零組|18 1 5|94 94 18 19|0.5 146
2393 億光|光電業|-3 -3 9|97 98 9 -3|1.9 55
2395 研華|電腦及週|-11 -14 -10|91 91 7 -3|0.7 259
2399 映泰|電腦及週|12 12 9|89 89 4 -2|0.8 77
2401 凌陽|半導體業|33 14 31|92 92 13 17|0.3 157
2402 毅嘉|電子零組|-1 0 -13|75 75 -9 5|0.7 347
2404 漢唐|其他電子|39 38 -52|94 94 19 29|0.7 370
2405 輔信|電腦及週|23 4 5|94 94 10 36|3.2 110
2406 國碩|光電業|-38 -41 6|79 96 9 -6|0.3 11
2408 南亞科|半導體業|4 -5 39|96 96 10 9|1.1 867
2409 友達|光電業|15 30 29|89 89 15 -1|1.6 547
2412 中華電|通信網路|5 1 -1|98 99 5 5|0.7 689
2413 環科|電子零組|-16 -23 -31|74 88 11 -10|0.5 29
2417 圓剛|電腦及週|-13 -11 7|87 87 -2 65|0.2 90
2419 仲琦|通信網路|-32 -50 -37|66 66 1 -15|0.4 124
2420 新巨|電子零組|-19 -15 3|100 100 8 14|0.6 8
2421 建準|電子零組|-9 -17 -11|72 72 -8 20|1.6 494
2423 固緯|其他電子|4 1 -4|97 97 6 8|0.9 13
2425 承啟|電腦及週|36 36 30|82 82 7 18|0.5 221
2426 鼎元|光電業|17 8 18|86 86 5 -2|0.5 7
2427 三商電|資訊服務|-1 25 21|80 85 -4 -11|0.2 46
2428 興勤|電子零組|-0 -8 -3|97 97 15 6|2.5 117
2436 偉詮電|半導體業|22 26 24|92 92 2 24|1.5 242
2439 美律|通信網路|30 16 12|93 93 30 24|1.0 340
2441 超豐|半導體業|16 14 30|95 95 9 11|0.7 42
2442 新美齊|建材營造|37 32 -40|100 100 13 45|0.9 41
2449 京元電子|半導體業|-1 -3 7|90 90 7 50|0.6 831
2451 創見|半導體業|-2 -0 16|95 95 9 12|0.4 58
2453 凌群|資訊服務|4 3 -3|75 85 14 -11|0.3 38
2454 聯發科|半導體業|19 4 24|94 94 25 43|1.0 5016
2455 全新|通信網路|121 94 86|89 89 -1 26|0.9 383
2457 飛宏|電子零組|-30 -24 -15|71 80 -4 -15|0.5 226
2458 義隆|半導體業|58 49 55|97 97 14 56|0.5 460
2459 敦吉|其他電子|-1 -6 -4|99 99 10 14|1.1 6
2460 建通|電子零組|8 14 26|96 96 17 19|0.5 26
2461 光群雷|其他電子|-10 -11 1|84 84 0 6|0.5 11
2462 良得電|電子零組|-3 -1 15|89 89 0 32|0.6 55
2464 盟立|其他電子|-22 -19 -2|84 84 -4 -2|0.5 11
2465 麗臺|電腦及週|101 42 54|89 89 64 80|0.6 217
2467 志聖|電子零組|3 -29 3|100 100 53 45|1.8 48
2468 華經|資訊服務|-15 -1 -12|69 84 -11 -6|0.2 15
2471 資通|資訊服務|2 2 3|85 92 2 2|1.0 17
2472 立隆電|電子零組|-2 -7 8|94 94 20 23|0.8 110
2474 可成|其他電子|-47 -56 -30|100 100 9 16|0.5 374
2476 鉅祥|電子零組|-15 -17 -4|94 94 42 52|0.6 282
2478 大毅|電子零組|1 1 10|94 94 3 0|0.6 8
2480 敦陽科|資訊服務|-10 6 -0|92 92 3 0|0.9 25
2481 強茂|半導體業|5 4 10|86 86 3 -12|0.9 208
2482 連宇|其他電子|-43 -35 -124|54 59 -10 -40|0.4 43
2484 希華|電子零組|-12 -19 8|89 96 4 3|0.3 11
2485 兆赫|通信網路|-44 -30 -27|75 75 -5 7|0.2 34
2486 一詮|光電業|22 19 24|96 96 -1 2|2.5 161
2488 漢平|其他電子|-17 -7 16|91 91 11 26|0.3 16
2489 瑞軒|光電業|11 21 22|84 84 5 -13|0.8 19
2492 華新科|電子零組|5 8 15|86 86 21 28|0.5 524
2493 揚博|電子零組|7 4 5|100 100 10 36|0.6 15
2495 普安|電腦及週|-35 -15 -19|79 84 8 -6|0.9 16
2497 怡利電|汽車工業|-13 -2 -10|79 87 -8 -11|0.5 20
2498 宏達電|通信網路|-11 -3 0|74 86 1 -13|1.1 281
2501 國建|建材營造|-65 -63 -99|100 100 24 18|1.7 37
2504 國產|建材營造|-1 -3 -4|99 99 12 6|1.0 56
2505 國揚|建材營造|-69 -57 15|99 99 29 33|1.9 20
2506 太設|建材營造|249 111 71|98 98 14 12|2.8 10
2511 太子|建材營造|-8 -2 26|95 98 6 -0|1.8 8
2515 中工|建材營造|20 17 -15|95 95 30 24|1.0 531
2516 新建|建材營造|32 42 15|96 96 100 163|0.5 52
2520 冠德|建材營造|-50 3 8|100 100 17 37|0.7 86
2527 宏璟|建材營造|-21 -26 -130|98 98 22 20|0.8 10
2528 皇普|建材營造|-34 -50 -32130|99 99 24 31|1.4 24
2530 華建|建材營造|-28 -76 -39|98 98 35 52|0.9 45
2534 宏盛|建材營造|-91 -70 -40|91 98 7 1|0.8 12
2535 達欣工|建材營造|-0 -12 1|100 100 12 14|0.4 11
2536 宏普|建材營造|5489 1949 1454|99 99 9 16|1.1 7
2538 基泰|建材營造|-12 -24 -43|94 94 -1 30|0.3 20
2539 櫻花建|建材營造|na na na|96 96 16 28|0.5 16
2540 愛山林|建材營造|253 131 53|93 93 7 34|0.8 56
2542 興富發|建材營造|-53 67 -463|96 96 3 4|0.6 116
2543 皇昌|建材營造|29 47 16|70 70 76 167|0.5 90
2545 皇翔|建材營造|320 78 108|100 100 10 7|1.2 10
2546 根基|建材營造|-24 -23 -39|100 100 8 23|2.0 6
2548 華固|建材營造|4280 1691 1253|99 99 7 7|0.8 33
2597 潤弘|建材營造|-5 -11 -5|99 99 17 10|1.3 10
2603 長榮|航運業|-37 -46 10|99 99 35 45|1.5 5347
2605 新興|航運業|-21 -8 -16|87 87 11 32|0.4 500
2606 裕民|航運業|39 16 16|91 92 16 21|0.7 878
2607 榮運|航運業|26 22 31|91 91 15 17|0.7 185
2608 嘉里大榮|航運業|4 1 6|99 99 4 4|1.0 7
2609 陽明|航運業|-44 -51 11|92 92 18 10|2.3 2830
2610 華航|航運業|22 25 5|82 82 3 -17|1.3 584
2611 志信|航運業|38 10 29|93 93 29 27|0.8 51
2612 中航|航運業|3 -1 7|85 85 17 30|0.5 140
2613 中櫃|航運業|7 12 13|97 98 11 9|1.4 8
2614 東森|其他|1 -1 -0|57 76 -2 -21|0.6 17
2615 萬海|航運業|-34 -45 15|69 91 17 2|1.5 1223
2616 山隆|油電燃氣|-10 -7 5|95 95 -2 -3|0.4 7
2617 台航|航運業|-5 1 -4|93 93 17 15|0.6 113
2618 長榮航|航運業|39 43 -1|83 84 13 -15|1.2 1681
2630 亞航|航運業|-5 12 -4|61 77 1 -25|0.5 82
2633 台灣高鐵|航運業|13 15 -26|95 100 3 -1|1.0 73
2634 漢翔|航運業|1 11 -22|84 86 0 -7|0.7 308
2636 台驊控股|航運業|-5 -14 32|91 91 18 28|1.3 252
2637 慧洋-KY|航運業|-11 -20 14|83 95 11 10|0.9 433
2640 大車隊|數位雲端|9 13 -0|80 93 1 -8|0.7 6
2641 正德|航運業|44 19 29|93 93 25 25|0.8 265
2643 捷迅|航運業|43 1 30|99 99 10 12|0.7 9
2645 長榮航太|航運業|36 27 -1|na 81 3 -3|0.5 77
2704 國賓|觀光餐旅|-25 -15 -9|83 83 -4 -4|0.9 7
2705 六福|觀光餐旅|23 22 -35|68 81 6 -22|0.9 8
2707 晶華|觀光餐旅|9 9 -16|71 86 6 -15|0.5 63
2722 夏都|觀光餐旅|-18 -27 -25|60 82 33 -25|1.2 13
2723 美食-KY|觀光餐旅|4 -1 -7|62 78 -3 -23|1.2 68
2727 王品|觀光餐旅|9 8 -15|77 93 -2 -4|1.5 155
2729 瓦城|觀光餐旅|8 15 -14|80 80 -4 -4|1.2 15
2731 雄獅|觀光餐旅|295 474 -253|71 81 11 -15|0.5 158
2732 六角|觀光餐旅|-3 -4 -1|66 84 10 -19|1.0 25
2734 易飛網|觀光餐旅|389 540 16|58 79 11 -25|0.4 7
2736 富野|觀光餐旅|-33 -40 -48|57 73 13 -30|1.3 11
2739 寒舍|觀光餐旅|18 22 -35|74 95 62 6|2.2 76
2743 山富|觀光餐旅|515 903 -300|71 82 22 -15|0.4 75
2745 五福|觀光餐旅|1204 1800 -1175|75 88 28 -15|1.0 18
2748 雲品|觀光餐旅|11 4 -16|69 87 16 -2|1.0 71
2753 八方雲集|觀光餐旅|7 6 -2|69 95 -3 -1|0.8 38
2754 亞洲藏壽司|觀光餐旅|12 21 -11|58 69 -3 -30|0.9 8
2801 彰銀|金融保險|7 18 -1|99 99 5 2|0.7 143
2809 京城銀|金融保險|-4 61 -109|99 99 7 11|0.8 59
2812 台中銀|金融保險|11 12 -4|96 96 8 9|0.6 82
2816 旺旺保|金融保險|11 11 -10|92 92 41 98|0.2 61
2820 華票|金融保險|858 308 198|100 100 6 2|1.4 9
2832 台產|金融保險|22 15 5|99 99 15 17|1.9 10
2834 臺企銀|金融保險|16 5 -10|95 97 5 -0|0.8 118
2836 高雄銀|金融保險|-1 -0 2|97 97 3 2|1.0 5
2838 聯邦銀|金融保險|4 -2 -19|90 91 7 -8|0.7 17
2845 遠東銀|金融保險|-7 13 -9|98 98 9 8|0.6 45
2850 新產|金融保險|-1 2 -3|96 96 13 28|0.8 18
2851 中再保|金融保險|16 13 7|92 92 1 6|0.8 17
2852 第一保|金融保險|18 9 4|100 100 13 19|0.9 6
2855 統一證|金融保險|52 -27 -293|95 95 7 7|1.1 15
2880 華南金|金融保險|33 17 7|98 100 10 5|0.8 132
2881 富邦金|金融保險|69 126 130|99 99 7 13|0.7 613
2882 國泰金|金融保險|499 180 152|96 96 3 4|0.8 700
2883 凱基金|金融保險|44 -1 47|93 98 8 1|0.5 329
2884 玉山金|金融保險|24 40 17|100 100 8 5|0.8 334
2885 元大金|金融保險|64 26 18|100 100 13 21|1.2 549
2886 兆豐金|金融保險|35 66 25|99 99 5 9|0.7 576
2887 台新新光金|金融保險|-2 -24 -31|98 98 2 2|0.8 185
2889 國票金|金融保險|14 40 22|90 100 6 4|3.1 59
2890 永豐金|金融保險|48 23 9|97 97 12 17|0.9 400
2891 中信金|金融保險|434 241 202|100 100 18 18|0.8 1114
2892 第一金|金融保險|7 -5 -6|98 98 4 4|0.8 242
2903 遠百|貿易百貨|-1 -2 -6|96 96 5 8|1.7 80
2905 三商|貿易百貨|69 -5 -17|82 92 10 -9|0.4 9
2906 高林|貿易百貨|5 1 10|95 96 9 3|1.1 10
2908 特力|貿易百貨|5 6 11|99 99 4 3|1.0 5
2912 統一超|貿易百貨|8 9 -1|96 96 3 -4|0.5 179
2913 農林|貿易百貨|-3 6 3|71 71 4 -3|0.6 65
2915 潤泰全|貿易百貨|-2 -2 -0|97 100 11 9|1.2 189
3002 歐格|電腦及週|-12 -14 -3|93 94 0 -4|1.3 5
3003 健和興|電子零組|-17 -19 -3|82 87 1 -11|0.6 17
3004 豐達科|鋼鐵工業|30 29 -17|77 84 2 2|0.3 19
3005 神基|電腦及週|1 4 -8|96 96 37 66|0.7 1072
3006 晶豪科|半導體業|20 11 38|90 90 10 21|2.1 1432
3008 大立光|光電業|31 21 23|97 97 31 19|1.2 2375
3010 華立|電子通路|2 4 14|96 96 5 20|0.4 28
3011 今皓|電子零組|-10 -3 22|83 83 -6 15|0.3 39
3013 晟銘電|電腦及週|-29 -0 -12|81 81 -3 13|0.2 353
3014 聯陽|半導體業|18 49 27|84 84 -6 24|0.5 286
3015 全漢|電子零組|-14 -8 -1|96 97 4 4|0.6 11
3016 嘉晶|半導體業|-21 -27 -2|80 85 7 -15|0.6 21
3017 奇鋐|電腦及週|9 8 3|86 86 -4 18|1.3 2528
3019 亞光|光電業|3 -2 7|97 97 12 3|1.2 101
3022 威強電|電腦及週|-28 -23 -29|86 97 7 5|0.4 62
3023 信邦|電子零組|-6 -4 -15|82 82 -8 -17|0.4 197
3024 憶聲|光電業|11 17 15|93 93 19 17|4.3 24
3025 星通|通信網路|55 41 22|77 77 -6 -8|0.1 61
3026 禾伸堂|電子零組|-13 -9 2|97 97 -1 1|1.1 19
3027 盛達|通信網路|87 53 -20|76 82 0 -14|1.7 42
3028 增你強|電子通路|1 2 19|97 97 7 11|0.6 17
3029 零壹|資訊服務|8 14 3|94 94 5 12|0.5 44
3030 德律|其他電子|-34 -39 0|99 99 4 6|0.8 14
3032 偉訓|電子零組|11 20 -4|84 84 -10 15|0.2 106
3033 威健|電子通路|-1 -4 -3|86 86 6 -8|1.3 27
3034 聯詠|半導體業|15 36 31|98 98 16 28|0.6 1718
3035 智原|半導體業|-12 -12 -6|92 92 12 37|0.5 5594
3036 文曄|電子通路|47 21 15|76 76 -4 78|0.4 610
3037 欣興|電子零組|-31 -34 -11|85 85 0 7|0.5 1665
3038 全台|光電業|-26 -24 -20|76 79 0 -16|0.6 20
3041 揚智|半導體業|-37 -26 16|92 92 69 64|0.4 318
3042 晶技|電子零組|9 2 20|95 95 3 12|0.6 155
3043 科風|其他電子|-59 -42 -66|56 56 -15 -3|0.2 15
3044 健鼎|電子零組|2 1 12|91 91 -4 65|0.6 760
3045 台灣大|通信網路|5 5 -2|99 99 5 5|0.5 248
3046 建碁|電腦及週|23 44 -31|65 80 -13 -13|0.6 16
3047 訊舟|通信網路|-29 -29 -5|100 100 16 7|0.9 66
3048 益登|電子通路|13 7 16|90 94 6 -5|0.4 7
3050 鈺德|光電業|-5 4 -1|91 91 11 11|0.3 20
3051 力特|光電業|-15 -22 7|86 86 21 91|0.4 365
3055 蔚華科|電子通路|-18 -45 -12|89 89 1 19|0.2 19
3056 富華新|建材營造|-94 -98 -426|80 80 6 2|0.6 31
3058 立德|電子零組|-16 -15 -2|62 80 0 -21|0.6 10
3059 華晶科|光電業|-33 -38 -6|93 93 10 17|0.4 92
3060 銘異|電腦及週|46 26 44|96 96 15 10|0.7 16
3062 建漢|通信網路|-63 -42 -29|88 93 -1 3|0.3 24
3071 協禧|電腦及週|-22 -16 -5|72 72 -5 2|1.0 9
3078 僑威|電子零組|64 73 -1|96 96 5 15|0.5 356
3081 聯亞|通信網路|-56 -64 -21|79 85 -13 7|0.4 87
3083 網龍|文化創意|21 26 29|88 89 6 2|0.5 24
3086 華義*|文化創意|69 21 32|97 97 135 93|2.7 152
3088 艾訊|電腦及週|-8 -6 -14|87 87 -4 16|0.4 48
3090 日電貿|電子零組|13 14 16|95 95 0 12|0.5 21
3092 鴻碩|電子零組|-1 -15 20|84 84 -7 -6|1.5 8
3094 聯傑|半導體業|-4 -25 -6|96 96 14 27|0.7 90
3105 穩懋|半導體業|31 27 43|82 88 16 -9|0.2 518
3122 笙泉|半導體業|32 7 32|86 86 1 77|0.2 95
3131 弘塑|半導體業|31 3 10|86 86 12 -4|0.8 309
3138 耀登|通信網路|-8 -1 -7|88 90 1 5|0.4 74
3141 晶宏|半導體業|23 7 27|85 91 9 -4|0.9 100
3147 大綜|資訊服務|19 38 27|81 81 35 39|0.2 40
3149 正達|光電業|-31 -27 -3|76 94 11 15|0.6 14
3152 璟德|通信網路|14 17 18|86 86 15 8|0.5 68
3162 精確|電機機械|22 18 -70|78 92 -3 -1|2.7 41
3163 波若威|通信網路|6 1 15|83 83 -10 27|0.3 147
3169 亞信|半導體業|-26 -26 8|89 89 14 18|0.7 88
3176 基亞|生技醫療|76 127 90|72 72 31 34|0.2 24
3178 公準|半導體業|22 8 -6|97 97 20 13|1.3 92
3189 景碩|半導體業|-16 -32 4|81 81 -9 -10|0.4 244
3205 佰研|生技醫療|-14 -19 -3|89 89 20 6|3.0 6
3206 志豐|電子零組|-22 -17 -2|91 91 -5 20|0.6 9
3207 耀勝|電子零組|-44 -37 -39|84 94 7 -1|1.0 64
3209 全科|電子通路|-26 -7 -9|86 96 6 2|0.6 15
3211 順達|電腦及週|-8 -22 -15|89 89 10 13|1.7 213
3213 茂訊|電腦及週|48 17 5|87 87 13 52|0.4 100
3217 優群|電子零組|36 34 21|100 100 28 39|1.0 314
3218 大學光|生技醫療|7 9 -12|69 75 -15 -24|0.7 73
3221 台嘉碩|通信網路|-14 -6 22|94 94 6 3|0.3 6
3227 原相|半導體業|76 64 55|89 89 22 45|0.4 188
3228 金麗科|半導體業|20 30 45|98 98 158 103|0.8 421
3231 緯創|電腦及週|-14 -10 -1|59 59 -12 -17|0.9 5570
3234 光環|通信網路|-5 -17 20|79 79 -13 -6|0.3 34
3257 虹冠電|半導體業|215 301 179|82 82 -1 -1|1.0 35
3260 威剛|半導體業|56 33 40|95 95 10 26|1.0 1022
3264 欣銓|半導體業|-7 -4 -5|89 89 17 19|1.0 682
3265 台星科|半導體業|5 -3 6|87 87 4 24|0.4 223
3266 昇陽|建材營造|298 341 -61|94 94 49 46|0.5 11
3268 海德威|半導體業|14 7 21|94 94 35 28|0.5 12
3276 宇環|電子零組|73 171 144|82 82 3 63|0.2 31
3287 廣寰科|電腦及週|146 73 35|81 81 37 10|0.4 57
3289 宜特|其他電子|-8 -7 -11|74 74 2 -20|0.4 47
3290 東浦|電子零組|-12 -10 -19|89 89 5 1|0.2 28
3293 鈊象|文化創意|21 20 1|91 91 13 20|1.1 859
3296 勝德|電子零組|-35 -32 4|94 94 29 22|3.4 22
3305 昇貿|其他電子|-9 -11 17|93 93 14 17|1.5 120
3306 鼎天|通信網路|28 29 26|71 71 -4 35|0.3 26
3308 聯德|電子零組|-68 -54 -166|57 57 -34 -23|0.5 17
3310 佳穎|電子零組|47 63 32|86 86 15 11|0.7 14
3311 閎暉|通信網路|17 14 11|86 86 2 12|0.3 7
3312 弘憶股|電子通路|-6 -10 11|96 96 17 6|0.3 9
3317 尼克森|半導體業|3 13 18|93 93 6 36|0.4 41
3322 建舜電|電子零組|15 11 15|86 86 -11 11|0.2 17
3324 雙鴻|其他電子|-8 7 15|89 89 4 24|0.9 1069
3325 旭品|電腦及週|26 39 -19|93 93 -6 25|1.0 184
3338 泰碩|電子零組|22 11 29|88 88 12 36|3.9 83
3346 麗清|汽車工業|6 24 -15|96 96 4 2|1.7 168
3356 奇偶|光電業|-9 -6 -3|76 79 -3 -14|0.7 16
3357 臺慶科|電子零組|-8 -12 4|92 92 4 2|1.1 20
3362 先進光|光電業|15 30 25|89 89 16 34|0.6 422
3363 上詮|通信網路|21 -11 13|88 88 -6 39|0.2 156
3372 典範|半導體業|26 7 35|89 89 7 2|0.2 12
3373 熱映|其他電子|-22 -24 -55|81 81 25 23|0.4 14
3374 精材|半導體業|-12 -4 15|87 90 12 -6|0.3 201
3376 新日興|電子零組|27 10 28|92 92 53 50|2.2 376
3380 明泰|通信網路|-34 -34 -25|80 80 -2 -9|1.5 113
3390 旭軟|電子零組|25 43 54|100 100 86 84|4.3 188
3402 漢科|其他電子|20 2 11|100 100 57 60|1.6 49
3406 玉晶光|光電業|26 21 16|99 99 10 2|0.8 636
3413 京鼎|半導體業|-23 -24 -16|100 100 12 14|2.4 80
3416 融程電|電腦及週|-25 -17 -18|87 87 8 3|0.6 10
3419 譁裕|通信網路|-52 -37 -20|80 91 -2 -7|0.3 7
3437 榮創|光電業|3 27 40|89 89 69 58|1.5 105
3438 類比科|半導體業|29 16 30|99 99 9 22|3.4 66
3443 創意|半導體業|-22 -8 -34|88 88 17 5|0.6 5093
3444 利機|電子通路|-5 5 13|87 87 22 57|0.3 146
3450 聯鈞|半導體業|-12 -10 12|93 93 -3 49|0.8 344
3454 晶睿|光電業|-56 -42 -53|55 82 5 -19|0.9 61
3455 由田|光電業|-25 -39 -6|87 99 5 1|0.5 7
3479 安勤|電腦及週|-32 -16 -28|94 98 17 18|1.5 275
3481 群創|光電業|8 12 18|83 83 15 -7|1.8 749
3483 力致|電腦及週|19 27 19|92 92 16 84|0.9 408
3484 崧騰|電子零組|-29 -33 10|96 96 13 18|0.5 9
3489 森寶|建材營造|-27 -26 -2|100 100 43 52|1.1 11
3491 昇達科|通信網路|20 -8 2|89 93 3 7|0.3 106
3499 環天科|通信網路|110 34 28|85 85 7 -0|0.6 13
3504 揚明光|光電業|-16 -30 3|75 91 9 -11|2.4 43
3515 華擎|電腦及週|10 24 13|86 86 13 -1|0.7 770
3518 柏騰|其他電子|29 14 26|82 82 0 5|0.6 11
3521 台鋼建設|建材營造|-90 -59 -66|71 72 2 -28|1.9 7
3522 御嵿|觀光餐旅|20 -2 -30|97 97 41 27|2.0 15
3526 凡甲|電子零組|41 32 30|95 95 2 20|0.7 109
3527 聚積|半導體業|-14 -12 15|89 92 17 10|0.6 37
3529 力旺|半導體業|5 21 14|92 92 13 18|0.7 1060
3530 晶相光|半導體業|25 40 49|85 85 13 33|0.7 84
3532 台勝科|半導體業|-10 -17 -10|88 88 12 5|1.7 686
3533 嘉澤|電子零組|-4 -12 -4|93 93 23 29|1.1 1353
3537 堡達|電子零組|15 26 16|100 100 8 12|3.0 5
3540 曜越|電腦及週|6 29 -17|76 76 10 -16|0.7 40
3545 敦泰|半導體業|7 14 8|81 81 33 50|0.6 527
3546 宇峻|文化創意|4 -8 6|92 95 -0 1|0.8 11
3548 兆利|電子零組|64 55 36|77 77 36 153|1.0 1113
3551 世禾|綠能環保|-3 -5 -2|100 100 16 27|1.9 21
3552 同致|其他電子|17 14 12|89 95 8 -0|0.4 37
3556 禾瑞亞|半導體業|20 -6 14|96 97 0 1|0.7 7
3557 嘉威|居家生活|-18 1 13|88 96 16 -3|0.8 6
3558 神準|通信網路|-28 -21 -44|69 77 -11 -11|0.5 78
3563 牧德|光電業|-53 -41 -29|87 90 9 -8|1.0 59
3564 其陽|通信網路|-10 -22 -6|70 70 19 -13|1.0 8
3567 逸昌|半導體業|30 43 35|87 87 -6 40|0.3 12
3570 大塚|資訊服務|7 -2 -16|88 88 14 21|0.5 13
3576 聯合再生|光電業|-58 -58 -34|66 79 0 -19|0.6 44
3583 辛耘|半導體業|15 22 3|82 82 2 27|0.4 312
3587 閎康|其他電子|7 6 -17|74 74 -13 -4|0.3 143
3588 通嘉|半導體業|14 14 41|91 91 24 74|2.5 155
3591 艾笛森|光電業|19 18 13|87 87 7 -6|0.5 8
3592 瑞鼎|半導體業|14 25 39|97 97 7 24|0.5 133
3594 磐儀|電腦及週|-17 -20 -22|79 80 -1 -12|1.0 11
3596 智易|通信網路|6 6 -5|90 90 5 33|0.7 389
3605 宏致|電子零組|-1 -8 10|93 96 9 10|0.5 12
3607 谷崧|電子零組|19 -6 2|94 94 10 3|1.1 33
3611 鼎翰|電腦及週|7 4 -2|91 91 -1 -1|0.8 20
3615 安可|光電業|-8 6 10|87 87 -5 9|0.2 12
3617 碩天|其他電子|-5 -6 -14|68 68 -31 3|0.2 86
3622 洋華|光電業|19 2 2|87 87 13 28|1.3 92
3623 富晶通|光電業|-9 22 19|61 61 61 83|0.1 13
3624 光頡|電子零組|-10 -17 3|76 91 3 -0|0.7 61
3630 新鉅科|光電業|25 43 38|96 97 2 0|2.9 35
3645 達邁|電子零組|-8 8 19|84 84 7 -4|1.1 77
3652 精聯|電腦及週|0 -6 -2|72 92 7 -16|2.5 6
3653 健策|電子零組|-16 -12 -17|94 94 14 15|1.3 596
3661 世芯-KY|半導體業|65 98 -28|94 94 27 88|0.8 6309
3663 鑫科|其他電子|31 28 30|85 85 -1 19|0.5 6
3665 貿聯-KY|其他電子|-13 -10 -11|85 85 -0 -13|0.5 151
3669 圓展|通信網路|-9 -11 5|90 90 -10 21|0.2 15
3673 TPK-KY|光電業|-25 -27 2|85 92 11 -8|2.2 27
3675 德微|半導體業|-21 -19 0|89 94 0 4|0.6 204
3680 家登|半導體業|-35 40 15|87 94 2 -5|0.2 353
3687 歐買尬|數位雲端|1 0 2|81 81 18 -15|0.4 50
3689 湧德|電子零組|-18 -3 -2|80 80 2 23|0.5 46
3691 碩禾|光電業|-39 -48 9|77 100 16 2|1.9 14
3693 營邦|電腦及週|6 54 -25|69 69 -26 27|0.2 517
3694 海華|通信網路|2 -12 -6|97 97 24 42|1.8 290
3701 大眾控|電腦及週|-6 5 -7|76 76 -7 -10|0.2 73
3702 大聯大|電子通路|9 4 18|95 95 31 51|0.6 749
3703 欣陸|建材營造|32 22 24|96 100 6 5|0.7 20
3704 合勤控|通信網路|-15 -17 -24|79 79 1 -7|0.2 193
3705 永信|生技醫療|3 1 9|97 97 6 9|0.5 12
3706 神達|電腦及週|-33 -26 -12|83 83 4 21|2.8 497
3707 漢磊|半導體業|-22 -27 -9|72 82 -3 -20|0.7 63
3708 上緯投控|綠能環保|-9 -19 7|95 100 13 12|0.9 64
3709 鑫聯大投控|電腦及週|-0 -4 -8|76 76 -21 20|0.7 6
3710 連展投控|電子零組|9 7 14|76 89 5 -8|0.6 8
3711 日月光投控|半導體業|-9 -14 -1|99 99 19 22|0.7 1252
3712 永崴投控|電腦及週|81 72 40|89 89 17 13|0.6 75
3714 富采|光電業|-18 -8 18|83 90 6 -6|1.3 50
3715 定穎投控|電子零組|11 12 na|78 78 -2 188|0.2 1219
4102 永日|生技醫療|-2 1 -5|93 93 -1 36|0.5 38
4104 佳醫|生技醫療|19 12 -3|94 94 0 -6|0.8 14
4105 東洋|生技醫療|-19 7 -1|93 93 4 4|0.3 43
4107 邦特|生技醫療|-4 -4 -3|99 100 6 5|0.8 8
4108 懷特|生技醫療|-7 40 25|88 91 8 -9|0.3 6
4109 加捷生醫|生技醫療|42 14 4|100 100 30 21|1.0 13
4113 聯上|建材營造|-74 13000 1443|100 100 26 82|0.9 17
4114 健喬|生技醫療|11 9 -13|82 92 3 -1|0.3 89
4116 明基醫|生技醫療|3 -1 -7|97 98 15 10|1.1 12
4119 旭富|生技醫療|79 25 -45|85 95 2 5|0.5 22
4121 優盛|生技醫療|-4 -11 -2|73 83 6 -11|0.3 8
4123 晟德|生技醫療|54 59 -34|76 76 -2 -10|0.9 46
4126 太醫|生技醫療|-16 -10 -22|95 95 5 3|0.9 10
4128 中天|生技醫療|-5 1 6|80 88 3 -11|0.3 56
4129 聯合|生技醫療|16 16 -10|94 94 32 23|0.5 89
4130 健亞|生技醫療|-5 6 -12|69 91 2 -9|0.8 6
4133 亞諾法|生技醫療|-16 -12 -4|87 92 10 2|0.4 15
4137 麗豐-KY|生技醫療|20 12 -11|85 97 1 1|1.6 13
4138 曜亞|生技醫療|5 8 -20|80 80 -3 -7|0.6 17
4142 國光生|生技醫療|45 21 -172|74 90 -4 -8|0.8 29
4147 中裕|生技醫療|-57 -18 -80|63 70 -3 -13|0.5 39
4155 訊映|生技醫療|-45 -21 3|66 82 -0 -19|0.6 6
4157 太景*-KY|生技醫療|97 17 -1695|83 89 3 -9|0.5 20
4162 智擎|生技醫療|4 7 -17|86 93 25 28|0.4 138
4163 鐿鈦|生技醫療|-15 -12 -22|89 94 3 -5|0.8 16
4164 承業醫|生技醫療|61 77 42|86 94 0 -7|0.4 47
4167 松瑞藥|生技醫療|101 30 43|83 93 33 31|0.4 146
4168 醣聯|生技醫療|na na na|80 91 2 -6|1.1 6
4171 瑞基|農業科技|-24 -46 15|71 86 18 -1|0.3 14
4174 浩鼎|生技醫療|na na na|72 73 -14 -28|1.7 33
4188 安克|生技醫療|5 56 56|80 80 23 49|0.1 7
4190 佐登-KY|生技醫療|-28 -19 -26|57 71 -13 -29|1.1 6
4306 炎洲|塑膠工業|39 19 31|96 96 10 21|0.8 51
4401 東隆興|紡織纖維|20 13 43|83 83 26 -3|0.3 8
4413 飛寶企業|紡織纖維|17 -13 23|97 97 77 67|4.1 6
4420 光明|紡織纖維|-12 -22 5|91 91 46 52|0.5 7
4438 廣越|紡織纖維|-48 -31 -18|93 94 -0 -7|0.4 5
4503 金雨|電機機械|68 64 12|66 69 1 -27|0.2 14
4526 東台|電機機械|4 -10 -5|81 86 9 -13|0.4 5
4532 瑞智|電機機械|25 25 32|81 87 9 -14|0.6 27
4533 協易機|電機機械|9 0 -22|70 82 6 -23|0.2 62
4536 拓凱|運動休閒|-41 -41 -32|77 94 2 4|0.4 31
4541 晟田|其他|-27 -14 -6|67 82 -3 -20|0.6 6
4542 科嶠|電子零組|-22 -18 -43|69 69 -26 102|0.1 9
4543 萬在|電機機械|-2 -13 -1|69 82 5 -17|0.4 55
4551 智伸科|汽車工業|-25 -24 -5|84 89 -5 -9|0.5 11
4552 力達-KY|電機機械|5 5 5|84 84 -3 1|0.2 10
4557 永新-KY|汽車工業|28 15 12|100 100 2 18|1.7 10
4561 健椿|電機機械|81 34 24|81 81 11 33|0.3 24
4563 百德|電機機械|118 49 41|76 76 -10 -20|1.8 5
4564 元翎|電機機械|-15 -31 -3|75 87 -12 -21|0.8 11
4566 時碩工業|電機機械|-24 -24 -9|73 79 -2 -16|0.7 10
4572 駐龍|電機機械|27 20 -17|88 88 7 5|0.6 47
4576 大銀微系統|電機機械|-12 -16 13|83 92 4 -9|2.5 5
4583 台灣精銳|電機機械|-18 -12 3|77 80 3 -22|0.5 10
4714 永捷|化學工業|-11 -32 7|94 94 5 14|0.3 11
4720 德淵|化學工業|7 -1 7|100 100 16 11|3.2 9
4721 美琪瑪|化學工業|-46 -55 -2|80 94 7 -7|0.4 21
4726 永昕|生技醫療|-20 0 -12|72 72 -5 -14|0.5 7
4728 雙美|生技醫療|15 2 -18|72 91 5 -6|0.6 6
4736 泰博|生技醫療|-14 -38 1|80 86 -5 -13|0.8 33
4737 華廣|生技醫療|-28 -33 -19|90 90 0 -1|0.4 6
4739 康普|化學工業|-40 -41 -0|76 91 1 -9|0.4 30
4743 合一|生技醫療|112 89 67|76 84 11 -6|0.4 344
4744 皇將|生技醫療|27 18 -14|65 79 -16 -24|0.3 13
4746 台耀|生技醫療|-8 0 -16|93 93 19 8|0.8 286
4747 強生製藥|生技醫療|20 16 -11|71 71 -11 -25|0.5 9
4755 三福化|化學工業|-10 4 17|78 78 -9 -15|0.6 14
4763 材料*-KY|化學工業|199 200 64|64 64 -30 36|0.5 2337
4766 南寶|化學工業|-7 -5 1|95 95 41 74|0.4 119
4768 晶呈科技|化學工業|-32 -46 -35|80 80 3 5|0.6 164
4770 上品|化學工業|-20 -18 -21|86 86 9 9|0.8 114
4904 遠傳|通信網路|11 7 2|96 96 10 13|0.5 298
4906 正文|通信網路|-37 -34 -38|91 91 -6 7|0.5 157
4908 前鼎|通信網路|68 48 46|80 80 18 93|0.2 260
4909 新復興|通信網路|-26 22 -13|90 90 24 57|0.6 178
4915 致伸|電子零組|-25 -24 -2|92 92 -5 9|1.0 331
4916 事欣科|電腦及週|-10 8 -36|75 83 -4 -18|0.5 18
4919 新唐|半導體業|-18 -13 2|93 95 12 11|0.6 359
4927 泰鼎-KY|電子零組|-15 -25 -8|74 77 -11 -22|0.3 7
4930 燦星網|電器電纜|11 20 30|100 100 26 30|2.2 6
4931 新盛力|電腦及週|-65 -63 -33|60 73 -8 -27|0.4 9
4933 友輝|光電業|35 62 51|89 89 2 70|0.6 52
4934 太極|光電業|-76 -64 -91|69 70 -16 -28|0.6 21
4938 和碩|電腦及週|3 5 8|98 98 12 22|1.5 781
4939 亞電|電子零組|3 4 15|97 97 33 31|2.2 38
4942 嘉彰|光電業|-15 -13 12|97 97 1 12|0.6 13
4945 陞達科技|半導體業|135 106 108|91 91 22 43|1.2 64
4951 精拓科|半導體業|2 0 23|87 92 12 5|0.5 24
4952 凌通|半導體業|3 -6 25|93 93 7 11|0.5 14
4953 緯致|資訊服務|16 13 2|79 79 11 14|0.8 210
4956 光鋐|光電業|-8 -8 -3|89 89 13 4|0.3 8
4958 臻鼎-KY|電子零組|25 4 17|97 99 11 3|1.2 389
4960 誠美材|光電業|19 44 41|94 94 11 9|0.4 38
4961 天鈺|半導體業|-11 0 16|86 86 -8 17|0.6 626
4966 譜瑞-KY|半導體業|16 8 40|92 92 1 14|0.7 1243
4967 十銓|半導體業|250 195 59|91 91 21 39|0.4 607
4968 立積|半導體業|12 -4 12|95 95 24 -5|1.2 531
4973 廣穎電通|半導體業|-13 -9 -14|97 97 19 21|1.3 54
4976 佳凌|光電業|-13 -18 -0|80 92 2 -10|0.5 14
4977 眾達-KY|通信網路|-79 -77 -59|63 88 -7 -5|0.4 35
4979 華星光|通信網路|174 150 6|72 72 3 2|1.0 1687
5009 榮剛|鋼鐵工業|1 2 -12|81 87 12 -14|0.9 408
5011 久陽|鋼鐵工業|46 9 19|94 94 23 2|0.9 45
5202 力新|資訊服務|47 22 39|96 96 12 7|1.1 6
5203 訊連|資訊服務|14 17 8|86 90 10 5|2.3 17
5209 新鼎|其他|56 41 -28|83 92 -4 2|0.4 17
5210 寶碩|資訊服務|1 -17 -2|71 71 110 199|1.3 106
5213 亞昕|建材營造|3158 2568 1736|96 96 29 50|0.9 28
5215 科嘉-KY|電腦及週|57 48 47|78 78 1 26|0.1 13
5222 全訊|半導體業|19 25 -4|84 92 3 -1|0.5 72
5225 東科-KY|其他電子|-15 -7 11|92 92 -5 43|0.2 39
5227 立凱-KY|電子零組|-33 -41 -138|61 73 -13 -28|0.5 6
5230 雷笛克光學|光電業|11 15 10|90 90 24 12|0.2 8
5234 達興材料|光電業|5 34 20|67 67 -4 -29|1.4 47
5236 凌陽創新|半導體業|50 50 20|100 100 60 86|1.6 221
5243 乙盛-KY|光電業|-24 -32 -20|69 83 -5 -16|1.0 24
5244 弘凱|光電業|10 18 23|100 100 33 30|1.9 9
5258 虹堡|電腦及週|-13 -4 -19|83 83 4 8|0.2 481
5263 智崴|文化創意|18 19 6|79 90 3 -9|1.3 13
5269 祥碩|半導體業|47 58 38|96 96 35 73|0.7 1413
5272 笙科|半導體業|44 41 64|90 90 7 33|0.5 53
5274 信驊|半導體業|-18 -29 8|94 94 5 18|0.5 678
5283 禾聯碩|電器電纜|2 -2 7|95 100 2 -1|1.0 5
5284 jpp-KY|其他|-11 9 -24|72 79 -12 -16|0.4 31
5285 界霖|半導體業|-1 -11 7|81 83 -13 -11|0.4 16
5287 數字|數位雲端|6 8 -2|97 97 -2 9|0.3 6
5288 豐祥-KY|電機機械|-16 -22 -17|93 98 3 2|1.9 5
5289 宜鼎|電腦及週|-7 -15 5|91 95 1 8|0.6 173
5299 杰力|半導體業|21 20 43|97 97 5 10|0.8 14
5306 桂盟|運動休閒|-27 -35 -0|83 83 0 -16|0.7 19
5309 系統電|電子零組|-3 -5 -6|77 95 5 -3|1.1 30
5314 世紀*|其他|4098 3401 -728|95 95 110 246|0.2 17
5321 美而快|數位雲端|-16 -14 -24|68 68 -18 24|0.2 21
5324 士開|建材營造|77 64 28|89 89 1 12|0.7 8
5328 華容|電子零組|-21 -18 -17|86 86 13 3|0.3 34
5340 建榮|電子零組|17 18 23|78 78 -15 21|0.2 15
5344 立衛|半導體業|112 88 79|89 89 17 41|0.8 8
5347 世界|半導體業|-9 -8 20|83 93 11 -2|0.7 616
5351 鈺創|半導體業|6 -12 30|95 95 27 31|0.8 484
5353 台林|通信網路|-5 -5 -15|71 90 -6 -7|0.3 7
5355 佳總|電子零組|50 7 8|97 97 48 48|2.7 8
5371 中光電|光電業|-12 -18 4|85 85 -10 3|1.2 101
5381 光譜|電機機械|313 167 -75|93 93 4 26|0.4 47
5386 青雲|電腦及週|-35 6 37|81 81 11 10|0.2 26
5388 中磊|通信網路|-2 -11 -16|96 96 12 16|0.4 379
5392 能率|光電業|-1 -1 11|91 91 -8 1|0.5 7
5403 中菲|資訊服務|17 9 -5|99 99 12 17|1.1 12
5410 國眾|資訊服務|-22 -64 -55|97 99 2 10|2.7 8
5425 台半|半導體業|-4 -8 -3|79 90 5 -10|1.3 699
5426 振發|電腦及週|-51 -44 -16|88 88 70 74|1.1 165
5432 新門|綠能環保|33 45 24|92 92 60 281|0.2 104
5434 崇越|電子通路|-10 -8 -2|95 97 8 2|0.6 46
5439 高技|電子零組|34 42 2|79 79 29 38|0.2 467
5443 均豪|半導體業|-33 -49 -10|87 87 0 4|0.5 9
5452 佶優|其他電子|-3 -1 13|96 96 1 15|1.2 40
5457 宣德|電子零組|-1 -15 -1|93 93 8 1|1.2 72
5465 富驊|電腦及週|24 18 -1|74 79 -10 -11|0.2 27
5469 瀚宇博|電子零組|-10 -12 -0|87 87 -6 21|0.9 243
5471 松翰|半導體業|22 21 42|96 96 21 19|0.9 35
5474 聰泰|電腦及週|-7 4 15|60 60 -14 -2|0.5 12
5478 智冠|文化創意|-8 -14 -18|76 76 63 62|3.2 118
5483 中美晶|半導體業|-7 -7 -7|97 97 24 28|1.4 1239
5508 永信建|建材營造|304 188 19|97 97 19 28|1.1 27
5511 德昌|建材營造|12 36 10|87 87 5 1|1.2 16
5515 建國|建材營造|-11 -12 3|96 96 31 35|1.7 50
5519 隆大|建材營造|541 145 115|98 98 29 31|0.7 28
5521 工信|建材營造|6 49 32|100 100 94 103|2.1 531
5522 遠雄|建材營造|-16 -37 2|93 93 -1 -4|0.7 29
5530 龍巖|其他|25 10 8|100 100 10 9|2.6 8
5531 鄉林|建材營造|77 201 4|80 94 11 3|0.5 6
5533 皇鼎|建材營造|170 265 -83|100 100 23 36|0.9 18
5534 長虹|建材營造|75 1546 1181|100 100 6 6|0.9 37
5536 聖暉*|其他電子|-24 -14 -10|94 94 4 22|0.4 27
5603 陸海|航運業|-3 -5 3|92 92 9 11|0.6 7
5607 遠雄港|航運業|5 -3 8|81 81 12 -5|0.8 74
5608 四維航|航運業|-35 -44 3|73 86 8 -2|0.6 123
5609 中菲行|航運業|-22 -32 16|95 95 5 13|0.8 40
5706 鳳凰|觀光餐旅|241 1225 -518|60 81 13 -22|0.4 44
5864 致和證|金融業|50 10 -78|57 60 4 -38|0.6 17
5871 中租-KY|其他|5 9 -5|85 95 9 -0|1.0 820
5876 上海商銀|金融保險|-1 5 -10|99 99 10 7|0.9 171
5880 合庫金|金融保險|18 17 -2|96 96 6 2|0.8 157
5903 全家|居家生活|7 9 -1|87 90 -3 -8|0.3 12
5904 寶雅|居家生活|13 14 -1|95 99 15 1|0.5 174
6005 群益證|金融保險|18 86 15|100 100 13 15|1.2 58
6015 宏遠證|金融業|99 56 -2|82 82 8 -4|1.3 6
6016 康和證|金融業|1 -1232 -1096|85 85 3 -9|1.2 17
6023 元大期貨|金融業|-15 -17 -6|100 100 4 13|1.1 6
6024 群益期|金融保險|-18 -26 -10|100 100 13 20|1.1 16
6026 福邦證|金融業|-2 625 -17|92 93 10 -5|1.2 13
6101 寬魚國際|文化創意|123740 98680 -16823|83 94 1 8|0.9 12
6104 創惟|半導體業|31 30 46|89 89 17 13|0.4 267
6108 競國|電子零組|-4 -6 7|100 100 14 35|1.6 17
6111 光聚晶電|文化創意|75 48 -33|83 83 20 -12|0.6 133
6112 邁達特|資訊服務|15 16 1|91 91 6 4|0.4 97
6113 亞矽|電子通路|6 -1 33|100 100 56 52|4.0 13
6114 久威|電子零組|6 15 26|85 85 6 31|0.1 11
6116 彩晶|光電業|-23 -15 13|83 83 2 -12|1.9 70
6117 迎廣|電腦及週|56 24 28|99 99 56 206|0.8 345
6118 建達|電子通路|-9 -3 7|66 81 3 -13|0.3 8
6120 達運|光電業|24 56 28|70 70 -18 -24|0.5 20
6121 新普|電腦及週|-1 -2 9|98 98 25 36|0.9 511
6122 擎邦|電機機械|57 128 -1|84 84 29 45|0.4 206
6125 廣運|電機機械|-33 -16 -23|62 62 0 -19|1.6 215
6126 信音|電子零組|-9 -14 -1|93 93 8 0|1.7 36
6127 九豪|電子零組|13 22 15|88 88 21 26|0.2 43
6129 普誠|半導體業|-20 -26 -16|83 96 5 -3|2.8 55
6133 金橋|電子零組|-18 -30 -5|65 93 13 -7|0.9 6
6136 富爾特|通信網路|4 8 2|98 98 16 18|1.3 13
6138 茂達|半導體業|48 38 52|98 98 44 53|1.1 716
6139 亞翔|其他電子|155 120 73|96 96 48 139|0.8 1224
6140 訊達電腦|資訊服務|-44 -22 -9|100 100 57 57|2.3 111
6143 振曜|通信網路|-40 -14 -33|86 86 18 10|0.3 169
6146 耕興|其他電子|-3 -6 -2|90 90 -10 -2|0.5 47
6147 頎邦|半導體業|-16 -7 9|94 94 7 16|1.0 366
6148 驊宏資|資訊服務|103 132 -28|70 82 19 -6|0.2 20
6150 撼訊|電腦及週|69 165 126|81 81 9 18|0.2 84
6152 百一|通信網路|-45 -56 -21|88 100 11 4|3.7 5
6153 嘉聯益|電子零組|-42 -49 -20|84 90 3 -7|0.7 26
6156 松上|電子零組|-8 -11 10|94 94 12 28|0.4 55
6158 禾昌|電子零組|-1 5 16|79 79 -9 22|0.1 7
6160 欣技|電腦及週|-23 -12 -27|59 78 -3 -22|0.5 6
6161 捷波|電腦及週|-2 -9 17|88 88 8 18|1.0 10
6163 華電網|資訊服務|-26 -32 -38|75 100 22 7|3.8 10
6164 華興|光電業|6 -5 9|100 100 23 15|2.2 9
6165 浪凡|數位雲端|-1 -8 -0|93 93 5 14|1.7 6
6166 凌華|電腦及週|-35 -21 -19|75 75 -5 -13|1.9 11
6167 久正|光電業|-35 -30 -10|82 87 -3 -5|0.8 6
6168 宏齊|光電業|7 1 19|91 91 11 9|0.3 62
6170 統振|通信網路|26 29 33|93 93 3 42|1.1 34
6173 信昌電|電子零組|2 8 20|89 89 8 13|0.3 37
6175 立敦|電子零組|2 10 13|95 95 4 -0|0.4 6
6176 瑞儀|光電業|-23 -31 -10|100 100 12 26|0.8 365
6177 達麗|建材營造|1415 1659 768|99 99 10 20|1.4 28
6179 亞通|其他|8 11 -17|88 88 12 -4|5.1 33
6180 橘子|文化創意|-13 -14 -3|87 96 12 2|0.6 70
6182 合晶|半導體業|-30 -29 -10|90 90 -6 -5|1.0 230
6185 幃翔|電子零組|-2 -26 -30|66 84 9 -11|0.5 9
6186 新潤|建材營造|6108 2786 na|99 99 19 44|0.7 19
6187 萬潤|半導體業|6 -6 39|96 96 5 36|1.4 331
6188 廣明|電腦及週|-24 -21 -9|66 66 -4 -1|1.6 156
6189 豐藝|電子通路|26 31 26|90 90 21 41|1.0 74
6190 萬泰科|通信網路|-2 -14 12|79 79 -7 -10|0.7 10
6191 精成科|電子零組|-2 -8 -1|89 89 5 45|0.6 374
6192 巨路|其他電子|-8 3 -1|97 97 5 9|1.0 11
6194 育富|電子零組|2 -5 -14|85 85 12 19|0.3 22
6196 帆宣|其他電子|-1 2 -14|93 93 1 4|2.5 78
6197 佳必琪|電子零組|26 28 16|89 89 16 23|0.2 111
6202 盛群|半導體業|-53 -52 2|91 96 7 2|0.6 59
6203 海韻電|電子零組|0 17 -17|86 86 1 11|3.8 30
6204 艾華|電子零組|18 30 31|94 94 58 165|2.2 110
6205 詮欣|電子零組|-42 -46 -21|76 89 1 9|0.7 129
6206 飛捷|電腦及週|29 -13 25|100 100 10 10|1.6 11
6207 雷科|電子零組|52 11 27|91 91 7 14|1.1 12
6209 今國光|光電業|-21 -24 -2|84 88 -2 -5|0.8 13
6213 聯茂|電子零組|-7 5 18|86 86 -11 24|0.4 163
6214 精誠|資訊服務|24 8 0|100 100 11 13|1.3 58
6216 居易|通信網路|-7 47 50|82 82 4 12|0.1 9
6217 中探針|電子零組|-9 -10 7|80 80 -6 -11|1.4 12
6219 富旺|建材營造|5 128 -369|99 99 10 25|1.7 46
6220 岳豐|電子零組|6 4 20|84 84 -14 8|0.4 6
6222 立軒|光電業|-91 -78 -8|75 75 57 31|1.3 21
6223 旺矽|半導體業|13 12 5|100 100 13 38|1.4 284
6224 聚鼎|電子零組|-10 -3 2|85 96 6 -4|1.4 6
6230 尼得科超眾|電腦及週|-37 -32 -27|80 82 0 -5|6.3 6
6231 系微|資訊服務|8 4 10|95 95 76 143|1.4 1021
6233 旺玖|半導體業|-19 -22 -5|95 95 58 50|1.5 413
6234 高僑|光電業|-55 7 -36|71 81 -8 -20|0.6 5
6235 華孚|電腦及週|26 34 -9|66 66 -22 -30|0.4 409
6237 驊訊|半導體業|-42 -24 11|98 98 60 55|1.1 175
6239 力成|半導體業|8 -3 14|90 90 36 38|1.1 999
6243 迅杰|半導體業|-0 20 -8|95 95 60 45|1.1 341
6244 茂迪|光電業|-43 -45 -32|69 86 -2 -15|0.3 40
6245 立端|通信網路|-32 -37 -34|87 90 15 10|0.5 227
6248 沛波|鋼鐵工業|27 6 -12|85 99 5 -1|0.7 13
6257 矽格|半導體業|-6 -7 10|90 90 12 23|0.5 246
6261 久元|半導體業|31 3 25|99 99 10 2|0.7 9
6263 普萊德|通信網路|-1 2 -10|100 100 27 26|4.5 52
6266 泰詠|電子零組|-24 -23 -42|75 88 -5 -10|1.0 8
6269 台郡|電子零組|-24 -28 -14|89 90 1 -4|0.7 110
6270 倍微|電子通路|-28 -38 -14|99 100 19 12|4.1 6
6271 同欣電|半導體業|-3 -16 1|87 92 5 18|0.5 379
6274 台燿|電子零組|7 4 19|83 83 -15 45|0.7 757
6275 元山|電子零組|9 16 14|95 95 4 33|1.3 63
6276 安鈦克|電腦及週|-14 16 12|70 70 66 19|0.5 134
6277 宏正|電腦及週|-3 -16 -13|95 96 1 -1|0.6 6
6278 台表科|光電業|-36 -29 2|97 97 5 4|0.8 160
6279 胡連|電子零組|10 8 -6|94 98 0 1|0.6 72
6282 康舒|電子零組|34 33 29|73 73 -8 -19|0.4 289
6284 佳邦|電子零組|22 16 14|91 91 31 53|0.4 283
6285 啟碁|通信網路|8 -0 -23|94 94 24 38|0.6 1577
6288 聯嘉|汽車工業|5 11 1|89 93 -1 -4|2.2 75
6290 良維|電子零組|17 2 10|89 97 5 7|0.6 139
6291 沛亨|半導體業|77 96 45|71 81 -7 -17|0.5 29
6292 迅德|電子零組|-35 -21 -8|89 89 34 48|0.3 16
6409 旭隼|其他電子|-13 -24 -12|85 93 4 -3|0.4 206
6411 晶焱|半導體業|80 60 61|92 92 9 6|0.3 65
6412 群電|電子零組|-10 -6 5|100 100 30 64|1.0 99
6414 樺漢|電腦及週|0 2 -18|87 87 -1 -5|0.8 221
6415 矽力*-KY|半導體業|-7 -13 22|72 94 56 28|1.3 1364
6416 瑞祺電通|通信網路|-13 -19 -3|92 100 22 11|2.6 35
6417 韋僑|通信網路|-26 -24 -34|58 67 -4 -32|1.6 10
6418 詠昇|電子零組|-8 4 4|88 88 -7 37|0.2 8
6419 京晨科|光電業|282 290 199|77 77 26 40|1.6 10
6426 統新|通信網路|-14 -6 34|81 81 4 5|0.9 42
6435 大中|半導體業|40 36 47|93 93 18 25|1.4 41
6438 迅得|其他電子|-1 -11 -17|91 95 3 -3|0.5 58
6441 廣錠|電腦及週|-11 -12 -45|75 87 3 -11|1.0 7
6442 光聖|通信網路|-23 -4 5|81 81 -9 33|0.3 29
6443 元晶|光電業|-38 -23 -27|75 87 3 -13|0.4 129
6446 藥華藥|生技醫療|34 64 -57|66 93 8 1|0.5 227
6449 鈺邦|電子零組|41 32 12|91 91 -5 31|0.5 11
6451 訊芯-KY|半導體業|-21 -26 -35|81 81 -19 13|0.2 202
6456 GIS-KY|光電業|-42 -44 -3|74 96 13 -3|1.2 53
6457 紘康|半導體業|59 43 53|91 91 34 35|0.6 21
6461 益得|生技醫療|173 67 -30|80 95 11 -5|1.0 11
6462 神盾|半導體業|19 22 5|91 91 50 18|2.2 717
6469 大樹|生技醫療|15 12 -1|92 92 -5 5|0.8 61
6470 宇智|通信網路|-25 -19 -19|72 73 -6 -20|0.6 14
6472 保瑞|生技醫療|-32 -40 -199|81 81 -1 3|0.3 567
6477 安集|光電業|-77 -78 -32|70 81 -3 -21|0.4 15
6482 弘煜科|文化創意|22 53 42|84 84 67 51|0.4 7
6485 點序|半導體業|3 10 20|94 94 8 14|0.7 297
6486 互動|通信網路|191 63 41|100 100 9 6|1.3 20
6488 環球晶|半導體業|-13 -9 -10|92 92 26 19|1.1 1058
6491 晶碩|生技醫療|24 7 -1|88 96 2 10|0.4 216
6492 生華科|生技醫療|0 0 na|75 83 15 3|0.2 14
6494 九齊|半導體業|-25 -4 21|86 86 26 34|0.5 31
6504 南六|其他|-0 -2 -5|91 91 7 4|0.6 10
6505 台塑化|油電燃氣|-10 -5 8|91 95 3 1|1.0 118
6509 聚和|化學工業|-18 -19 -3|83 97 5 -5|0.9 16
6510 精測|半導體業|-31 -43 -11|89 91 -3 -5|0.9 170
6515 穎崴|半導體業|-63 -53 -48|91 91 17 0|0.9 540
6517 保勝光學|光電業|-27 -30 -26|na 87 10 -7|0.3 45
6523 達爾膚|生技醫療|5 21 -3|98 98 8 20|0.4 17
6525 捷敏-KY|半導體業|-14 -10 7|92 95 2 -4|0.9 5
6530 創威|通信網路|3 -1 4|76 76 15 66|0.1 46
6531 愛普*|半導體業|26 18 37|97 97 20 43|0.6 1736
6532 瑞耘|半導體業|-4 -7 -19|88 88 -2 7|0.2 7
6533 晶心科|半導體業|13 -27 -39|80 93 18 1|1.0 614
6535 順藥|生技醫療|6881 2319 12|100 100 14 18|0.7 25
6538 倉和|電子零組|75 69 28|83 83 2 11|0.8 224
6541 泰福-KY|生技醫療|191 11 -335|46 87 3 -12|0.3 23
6546 正基|通信網路|13 6 40|100 100 47 47|1.3 454
6547 高端疫苗|生技醫療|601 3882 965|85 88 -7 14|0.5 100
6548 長科*|半導體業|-7 -17 3|74 88 2 -19|1.0 29
6550 北極星藥業-KY|生技醫療|-100 na na|70 84 -5 -4|1.3 87
6558 興能高|其他電子|4 9 -13|81 90 20 0|0.2 7
6561 是方|通信網路|4 4 -2|87 87 -7 -6|0.6 25
6568 宏觀|半導體業|-57 -39 -35|87 94 22 10|0.3 10
6569 醫揚|生技醫療|-45 6 10|70 70 -4 20|0.2 8
6576 逸達|生技醫療|13301 6624 3472|75 99 17 10|1.1 22
6577 勁豐|電腦及週|11 31 -6|74 87 7 0|0.1 10
6578 達邦蛋白|農業科技|-5 -10 -2|98 98 23 22|0.8 7
6579 研揚|電腦及週|-29 -12 -8|68 68 6 23|1.0 40
6584 南俊國際|電子零組|-1 -14 na|na 94 18 19|0.6 10
6585 鼎基|其他|21 19 15|91 91 6 76|0.6 89
6589 台康生技|生技醫療|64 -0 29|78 93 4 -4|0.5 59
6591 動力-KY|電腦及週|-28 22 24|83 83 -7 6|0.8 7
6592 和潤企業|其他|24 26 -0|85 85 -2 -6|0.9 53
6593 台灣銘板|資訊服務|58 63 35|73 73 137 107|0.7 255
6596 寬宏藝術|文化創意|-6 98 16|76 97 6 1|1.0 6
6605 帝寶|汽車工業|10 9 1|94 94 8 30|0.5 125
6612 奈米醫材|生技醫療|16 30 5|69 84 -10 -11|0.7 6
6613 朋億*|其他電子|-11 1 -8|99 99 6 35|0.8 33
6625 必應|其他|36 91 -118|75 91 12 -9|0.7 41
6643 M31|半導體業|-14 8 -12|93 93 33 23|0.3 903
6651 全宇昕|半導體業|-22 -22 -1|93 93 9 9|0.8 7
6657 華安|生技醫療|-12 28 na|na 65 3 -16|0.5 5
6664 群翊|電子零組|-6 5 -1|87 87 -2 20|0.3 32
6667 信紘科|其他電子|-1 -14 -11|98 98 59 49|4.9 59
6668 中揚光|光電業|-1 -6 12|99 99 41 29|3.5 190
6669 緯穎|電腦及週|-42 -37 -34|83 83 9 7|0.5 3233
6670 復盛應用|運動休閒|-23 -29 -6|92 97 4 3|1.3 79
6672 騰輝電子-KY|電子零組|-14 -10 6|89 89 -8 2|0.6 27
6679 鈺太|半導體業|58 45 57|91 91 27 27|2.3 283
6683 雍智科技|半導體業|-9 -10 -2|96 96 58 39|2.3 205
6684 安格|半導體業|157 127 122|99 99 24 62|0.7 187
6689 伊雲谷|數位雲端|24 26 12|85 91 14 4|4.2 36
6690 安碁資訊|數位雲端|24 18 1|92 100 20 6|1.1 25
6691 洋基工程|其他電子|-17 -3 -18|90 90 21 17|0.4 258
6693 廣閎科|半導體業|-12 -11 17|80 80 1 15|0.5 7
6695 芯鼎|半導體業|45 27 29|100 100 89 82|3.2 316
6703 軒郁|生技醫療|76 93 20|88 88 4 23|0.2 53
6706 惠特|光電業|-42 -42 23|64 89 2 -10|0.7 12
6712 長聖|生技醫療|46 48 30|93 94 -4 3|0.4 47
6715 嘉基|電子零組|-41 -38 -16|96 96 3 30|4.5 80
6716 應廣|半導體業|160 108 95|82 82 54 41|0.6 16
6719 力智|半導體業|-11 -27 21|87 97 25 17|2.7 456
6732 昇佳電子|半導體業|66 66 51|81 81 8 31|0.7 361
6733 博晟生醫|生技醫療|94 275 6|79 89 7 -9|1.2 10
6741 91APP*-KY|數位雲端|13 10 -2|68 81 5 -21|0.7 49
6743 安普新|其他電子|-3 -10 15|67 82 -2 -17|0.7 9
6752 叡揚|資訊服務|2 13 -3|79 83 27 0|0.3 23
6753 龍德造船|航運業|-23 19 -47|na 73 -10 -15|0.3 21
6754 匯僑設計|居家生活|14 -4 6|92 100 22 15|0.7 5
6756 威鋒電子|半導體業|35 6 34|100 100 36 23|4.8 140
6757 台灣虎航|航運業|309 1134 na|na na 17 na|0.5 18
6763 綠界科技*|數位雲端|-1 -1 -6|78 95 12 -6|0.5 5
6770 力積電|半導體業|-14 -30 13|82 94 9 -4|0.8 305
6781 AES-KY|電子零組|-24 -34 -3|85 94 14 -8|1.1 166
6782 視陽|生技醫療|-7 -9 6|59 100 8 4|3.8 38
6788 華景電|半導體業|-7 3 -6|81 81 -5 -4|0.4 17
6789 采鈺|半導體業|-3 -15 7|85 85 29 7|0.8 560
6790 永豐實|造紙工業|2 2 -1|98 98 11 11|0.6 8
6792 詠業|通信網路|-10 6 10|81 81 -6 3|0.6 7
6796 晉弘|生技醫療|1 1 -7|77 77 -4 8|0.4 7
6799 來頡|半導體業|9 3 18|98 98 25 26|2.1 701
6803 崑鼎|綠能環保|5 6 -8|95 95 -3 -4|0.9 6
6806 森崴能源|綠能環保|356 331 132|84 93 1 -7|0.4 210
6811 宏碁資訊|數位雲端|6 4 -2|74 74 13 15|1.4 185
6829 千附精密|半導體業|18 -5 17|70 70 -5 -14|0.3 31
6830 汎銓|其他電子|7 9 -2|76 76 -5 -19|0.5 29
6841 長佳智能|生技醫療|275 182 38|na 66 -2 -2|0.4 25
6863 永道-KY|通信網路|82 60 na|na 86 0 -15|0.7 26
6869 雲豹能源|綠能環保|-51 -31 -99|na 100 13 0|1.4 7
6870 騰雲|數位雲端|13 19 na|na na 7 na|0.5 5
6873 泓德能源|綠能環保|-21 -31 -102|na 100 21 17|1.2 13
6874 倍力|資訊服務|-37 -0 -25|62 77 16 -6|0.3 11
6895 宏碩系統|半導體業|-18 -28 na|na na -2 na|0.5 8
6901 鑽石投資|其他|-81 37 na|na na 18 na|0.4 64
7402 邑錡|光電業|-11 -11 7|87 87 1 5|1.2 33
8011 台通|通信網路|84 49 37|100 100 29 32|1.8 192
8016 矽創|半導體業|19 11 20|91 91 -1 23|0.9 374
8027 鈦昇|電機機械|-20 -41 6|89 89 -1 22|1.2 25
8028 昇陽半導體|半導體業|-17 -12 -21|81 81 -0 -16|1.1 46
8033 雷虎|其他|-22 -13 -8|71 82 -4 -15|0.9 46
8034 榮群|通信網路|237 79 -83|90 90 14 43|0.5 107
8038 長園科|電子零組|-23 -3 -539|59 70 2 -31|0.5 6
8039 台虹|電子零組|27 8 19|95 95 13 17|7.9 14
8040 九暘|半導體業|-47 -56 -14|89 90 12 8|0.8 21
8044 網家|數位雲端|-8 -4 6|63 92 4 -6|0.2 25
8046 南電|電子零組|-49 -43 -16|86 91 -4 1|0.7 832
8048 德勝|通信網路|32 54 -21|69 69 -11 -20|0.2 37
8049 晶采|光電業|-35 -20 -20|97 99 7 10|1.1 12
8050 廣積|電腦及週|-37 -36 -39|73 73 -15 -5|1.5 106
8054 安國|半導體業|28 24 13|100 100 231 246|0.3 1230
8059 凱碩|通信網路|-24 -50 -5|100 100 72 63|8.5 7
8064 東捷|光電業|-49 -49 -36|93 93 2 4|1.3 5
8068 全達|電子通路|4 -10 -6|89 89 13 50|0.8 108
8069 元太|光電業|-37 -28 -29|83 86 7 -10|1.2 729
8070 長華*|電子通路|-10 -20 5|97 99 14 6|1.1 23
8076 伍豐|電腦及週|4 14 15|83 89 0 -11|0.9 22
8081 致新|半導體業|0 13 18|94 94 -3 40|2.8 212
8083 瑞穎|電機機械|8 6 39|94 95 -4 -3|0.9 7
8084 巨虹|電子通路|33 -2 7|70 81 22 -3|1.7 43
8085 福華|其他電子|-32 -39 -24|84 84 22 6|1.6 190
8086 宏捷科|半導體業|185 135 116|91 91 20 25|0.5 685
8088 品安|半導體業|-29 -17 -5|98 98 16 39|1.0 251
8089 康全電訊|通信網路|-63 -60 -14|88 88 197 168|2.0 179
8091 翔名|半導體業|1 -11 -3|92 100 12 7|1.7 11
8096 擎亞|電子通路|54 27 34|98 98 48 30|4.6 105
8097 常珵|通信網路|-99 -99 -109|97 97 38 24|2.9 43
8103 瀚荃|電子零組|9 -6 15|100 100 17 33|1.8 23
8105 凌巨|光電業|-18 -17 -5|82 82 3 -14|2.0 12
8109 博大|電子零組|-17 -10 -22|83 83 -1 4|0.4 7
8110 華東|半導體業|-7 -20 4|90 90 11 8|0.5 38
8112 至上|電子通路|85 33 44|85 85 9 46|0.9 807
8114 振樺電|電腦及週|-9 -19 -4|98 98 18 10|2.3 22
8131 福懋科|半導體業|-18 -25 -1|93 93 1 -4|2.4 7
8150 南茂|半導體業|20 22 32|96 96 11 20|0.5 138
8155 博智|電子零組|4 -4 14|87 87 3 3|0.4 143
8163 達方|電腦及週|-3 -6 5|98 98 29 28|0.8 102
8171 天宇|綠能環保|-33 -37 -33|67 95 7 -5|2.2 12
8176 智捷|通信網路|-12 36 -17|78 78 28 22|0.1 5
8183 精星|其他電子|0 2 2|91 91 5 6|0.3 32
8201 無敵|其他電子|-6 -25 -6|70 70 7 13|0.6 16
8210 勤誠|電腦及週|130 55 49|94 94 13 38|0.9 1457
8213 志超|電子零組|-13 -0 11|93 93 -4 7|0.5 23
8215 明基材|光電業|-10 20 11|80 80 -3 -13|0.7 27
8222 寶一|電機機械|55 44 1|72 84 1 -13|0.6 45
8227 巨有科技|半導體業|20 -16 -37|na 93 47 45|0.1 244
8234 新漢|電腦及週|-43 -41 -18|74 74 1 -2|0.9 15
8240 華宏|光電業|-15 -6 13|83 83 -8 10|0.2 6
8255 朋程|電機機械|45 41 10|96 98 9 -4|2.3 163
8261 富鼎|半導體業|-7 -6 21|88 91 16 0|0.3 125
8271 宇瞻|半導體業|10 -2 11|98 98 3 13|1.5 42
8299 群聯|半導體業|32 20 40|95 95 11 32|0.6 934
8341 日友|綠能環保|-22 -20 -5|63 80 1 -21|0.6 11
8349 恒耀國際|鋼鐵工業|9 5 -0|96 96 -2 5|0.6 14
8358 金居|電子零組|-16 0 16|85 85 -12 4|0.2 91
8390 金益鼎|綠能環保|-18 -11 -8|87 87 3 24|0.4 31
8403 盛弘|生技醫療|19 6 13|78 87 0 -8|0.7 6
8404 百和興業-KY|其他|3 -6 24|75 91 -1 -8|0.8 5
8410 森田|電腦及週|25 32 20|100 100 49 75|2.7 47
8415 大國鋼|鋼鐵工業|-5 -10 -7|96 100 6 5|1.0 10
8422 可寧衛*|綠能環保|-29 -31 -23|87 92 4 -7|0.6 24
8426 紅木-KY|其他|98 61 -14|80 80 43 7|1.6 98
8431 匯鑽科|其他電子|14 3 23|79 84 -10 -15|1.2 6
8432 東生華|生技醫療|7 16 4|88 88 10 13|0.4 6
8433 弘帆|居家生活|42 46 37|95 95 15 9|0.6 20
8436 大江|生技醫療|0 4 -3|76 90 -5 1|0.5 104
8442 威宏-KY|其他|-10 -15 -11|92 92 23 38|0.6 44
8446 華研|文化創意|76 24 -4|72 99 3 -1|1.0 16
8454 富邦媒|數位雲端|4 5 -3|62 84 -0 -17|0.7 227
8462 柏文|運動休閒|22 23 4|78 79 3 -21|1.7 5
8464 億豐|居家生活|24 9 16|96 96 11 6|0.5 120
8467 波力-KY|運動休閒|39 33 17|77 77 30 92|0.3 81
8477 創業家|數位雲端|-28 -30 13|100 100 54 40|4.6 6
8478 東哥遊艇|運動休閒|42 38 22|58 58 -4 -35|0.4 225
8916 光隆|其他|-41 -40 -15|100 100 8 13|2.7 15
8924 大田|運動休閒|-55 -51 -21|73 94 1 -4|1.9 7
8926 台汽電|油電燃氣|-27 38 -9|76 76 -0 -18|0.8 36
8927 北基|油電燃氣|18 21 7|81 81 -11 15|0.3 17
8930 青鋼|鋼鐵工業|25 19 2|89 89 9 60|0.9 46
8932 智通*|數位雲端|205 123 95|100 100 45 79|1.1 89
8936 國統|其他|25 39 36|87 87 39 36|1.3 508
8938 明安|運動休閒|-32 -40 -15|68 87 3 -8|0.7 14
8940 新天地|觀光餐旅|35 32 -64|84 94 29 6|0.7 8
8942 森鉅|其他|-19 -12 -11|95 95 1 6|0.6 24
8996 高力|電機機械|10 12 -54|52 52 -21 -37|0.3 652
9802 鈺齊-KY|運動休閒|-33 -46 -29|86 90 5 9|0.6 131
9904 寶成|運動休閒|-0 -10 -1|94 97 9 4|0.8 165
9907 統一實|其他|-5 -16 2|84 89 -2 -9|0.9 16
9910 豐泰|運動休閒|4 -8 2|86 86 -8 5|0.9 226
9911 櫻花|居家生活|4 12 12|99 99 9 10|1.0 17
9914 美利達|運動休閒|-57 -50 -35|85 85 3 -11|0.7 93
9917 中保科|其他|10 12 1|92 92 8 5|0.4 168
9919 康那香|其他|-21 -18 -7|80 80 38 41|0.3 120
9921 巨大|運動休閒|-28 -28 -13|80 80 3 -17|0.3 207
9924 福興|居家生活|13 21 28|96 96 13 12|0.7 24
9925 新保|其他|-2 -2 -3|99 99 0 1|1.4 9
9927 泰銘|其他|42 36 35|94 94 28 60|0.3 31
9928 中視|其他|11 16 8|65 65 -17 24|0.3 6
9933 中鼎|其他|11 22 13|96 96 9 6|0.4 73
9934 成霖|居家生活|-9 -7 0|100 100 13 23|4.8 10
9935 慶豐富|居家生活|24 9 21|100 100 32 20|2.2 8
9938 百和|其他|4 0 23|90 90 5 7|0.3 55
9939 宏全|其他|4 5 -2|98 98 16 17|0.5 148
9941 裕融|其他|9 11 -4|96 96 5 2|0.8 98
9942 茂順|其他|-8 -0 -19|87 90 1 -6|0.4 25
9943 好樂迪|觀光餐旅|-10 -3 -27|89 95 2 -1|0.8 10
9945 潤泰新|其他|-3 -2 -5|78 99 15 1|1.6 170
9946 三發地產|建材營造|-21 -23 -8|98 98 29 55|0.5 7
9950 萬國通|塑膠工業|-19 42 -6|81 81 0 19|0.2 23
9951 皇田|電機機械|4 6 -5|94 94 -3 5|1.5 13
9955 佳龍|綠能環保|-5 10 13|82 87 15 6|0.2 9
9958 世紀鋼|鋼鐵工業|64 48 -7|92 92 -1 24|0.6 981