# 2024-07-01 全池(1308 檔)。欄位:代碼 名稱|產業|最新月YoY 3月YoY均 加速度|距52週高% 距120日高% 60日漲% 120日漲%|量能比 日均值M
1101 台泥|水泥工業|44 30 33|88 96 5 -4|1.0 547
1102 亞泥|水泥工業|-11 -18 -5|96 96 7 8|1.2 371
1103 嘉泥|水泥工業|7 6 -15|82 96 6 -3|0.5 7
1104 環泥|水泥工業|11 6 -1|100 100 14 22|0.8 24
1108 幸福|水泥工業|-10 0 -15|94 97 6 5|0.2 7
1110 東泥|水泥工業|-4 -3 -15|89 89 21 14|0.8 14
1201 味全|食品工業|17 11 1|93 97 -1 -2|0.7 8
1210 大成|食品工業|-12 -9 -2|92 94 -1 -1|0.7 68
1215 卜蜂|食品工業|-6 -9 -5|91 91 -9 8|2.9 86
1216 統一|食品工業|18 18 1|98 98 8 10|0.8 763
1217 愛之味|食品工業|12 2 0|89 100 10 10|2.2 17
1218 泰山|食品工業|-5 2 -1|77 93 1 -2|0.8 23
1219 福壽|食品工業|-16 -16 -7|92 97 1 -2|1.0 5
1225 福懋油|食品工業|-18 -11 -2|100 100 93 98|1.0 8
1227 佳格|食品工業|8 4 1|99 99 13 11|1.2 52
1229 聯華|食品工業|7 13 -2|98 98 1 3|0.9 54
1231 聯華食|食品工業|16 5 2|100 100 16 31|1.0 16
1232 大統益|食品工業|-8 -5 3|99 99 -0 2|0.8 9
1234 黑松|食品工業|4 -2 -6|96 96 4 8|1.6 8
1256 鮮活果汁-KY|食品工業|-24 -22 -35|62 75 -18 -18|0.8 5
1268 漢來美食|觀光餐旅|16 21 -6|99 99 10 14|0.6 17
1301 台塑|塑膠工業|6 -1 6|65 72 -19 -28|1.8 897
1303 南亞|塑膠工業|1 -2 13|65 73 -15 -26|1.3 805
1304 台聚|塑膠工業|1 -3 9|62 76 -6 -24|0.5 24
1305 華夏|塑膠工業|-14 -17 -1|63 74 -12 -26|0.8 27
1307 三芳|塑膠工業|4 11 12|91 91 6 20|0.5 12
1308 亞聚|塑膠工業|-25 -12 10|64 73 -11 -26|0.7 18
1309 台達化|塑膠工業|35 20 18|85 91 10 5|2.6 10
1310 台苯|塑膠工業|67 10 8|79 84 -1 -16|0.6 11
1312 國喬|塑膠工業|27 1 9|76 93 6 -7|0.8 40
1313 聯成|塑膠工業|22 15 -3|72 80 -8 -18|0.6 17
1314 中石化|塑膠工業|35 22 -24|91 91 8 6|0.6 184
1316 上曜|建材營造|137 74 91|72 72 -6 48|0.3 99
1319 東陽|汽車工業|15 13 -2|85 85 -10 48|1.6 572
1321 大洋|塑膠工業|16 2 15|86 86 7 -1|0.7 14
1325 恆大|塑膠工業|-31 -30 -10|74 74 21 -13|2.4 93
1326 台化|塑膠工業|35 21 19|73 79 -11 -21|1.5 347
1339 昭輝|汽車工業|-8 -4 -8|81 81 -5 4|0.3 13
1342 八貫|其他|34 4 3|82 82 -16 1|1.7 35
1402 遠東新|紡織纖維|6 5 2|98 98 9 15|3.9 302
1409 新纖|紡織纖維|25 25 18|96 96 4 8|0.6 45
1414 東和|紡織纖維|-7 8 9|100 100 28 41|1.4 13
1416 廣豐|其他|23 3 -17|89 89 4 7|0.4 6
1423 利華|紡織纖維|7 -23 -20|100 100 45 45|2.6 13
1434 福懋|紡織纖維|5 3 14|85 89 0 -10|0.8 19
1436 華友聯|建材營造|3184 1544 1131|100 100 49 102|1.4 69
1437 勤益控|其他|26 13 1|95 95 17 26|1.7 14
1438 三地開發|建材營造|na na na|96 96 27 91|0.9 20
1440 南紡|紡織纖維|-8 -16 -1|89 89 15 13|0.3 39
1442 名軒|建材營造|654 1437 -18780|98 98 42 64|0.4 104
1445 大宇|紡織纖維|-0 -29 -6|79 79 -2 5|0.3 21
1446 宏和|紡織纖維|1083 1415 361|87 87 55 41|0.4 77
1449 佳和|紡織纖維|14 14 -19|77 85 3 -3|2.6 10
1453 大將|建材營造|102 101 -29622|84 84 64 70|0.2 46
1455 集盛|紡織纖維|59 33 15|88 88 -9 22|0.5 31
1457 宜進|紡織纖維|7 11 14|85 85 6 21|0.3 12
1464 得力|紡織纖維|34 25 31|95 95 10 6|1.2 7
1471 首利|電子零組|12 7 -10|65 84 -5 -9|0.5 13
1473 台南|紡織纖維|42 30 20|80 80 43 51|0.6 216
1474 弘裕|紡織纖維|32 35 23|98 98 15 20|0.9 5
1475 業旺|紡織纖維|66 49 32|94 94 21 40|0.6 14
1476 儒鴻|紡織纖維|28 20 18|88 91 -4 -6|1.3 430
1477 聚陽|紡織纖維|17 12 4|100 100 14 30|1.8 502
1503 士電|電機機械|-3 2 0|84 84 -6 153|0.8 4180
1504 東元|電機機械|-5 -6 -4|90 90 -1 19|0.5 886
1513 中興電|電機機械|11 19 3|88 88 4 60|0.3 2041
1514 亞力|電機機械|4 2 -13|80 80 34 87|1.1 4055
1515 力山|電機機械|79 136 -31|77 85 -1 -9|0.4 28
1516 川飛|其他|na na na|85 85 46 28|0.8 15
1517 利奇|電機機械|37 1 46|96 96 7 10|1.0 6
1519 華城|電機機械|104 62 -57|98 98 18 196|0.1 2467
1522 堤維西|汽車工業|1 5 0|98 98 20 79|0.7 589
1524 耿鼎|汽車工業|-4 6 -12|91 91 -5 10|0.4 124
1527 鑽全|電機機械|23 5 13|98 98 3 5|0.5 12
1528 恩德|電機機械|5 -2 -0|75 83 3 14|1.2 11
1529 樂事綠能|電機機械|-54 35 -60|71 88 0 6|0.9 53
1532 勤美|電機機械|153 134 57|85 85 27 13|0.4 197
1535 中宇|電機機械|5 18 2|78 78 -3 28|0.3 13
1536 和大|汽車工業|-32 -27 -8|78 92 6 -8|0.5 70
1537 廣隆|電機機械|16 22 15|96 96 2 8|0.9 19
1540 喬福|電機機械|-10 1 -24|98 98 17 26|3.4 10
1560 中砂|電機機械|12 5 7|100 100 27 81|1.5 1117
1565 精華|生技醫療|-7 -9 1|86 91 -2 -2|0.8 22
1568 倉佑|汽車工業|-50 -38 -14|77 86 -3 -10|0.5 6
1569 濱川|電腦及週|-30 -17 4|95 95 -3 0|2.0 5
1570 力肯|電機機械|332 118 118|68 68 -18 44|0.9 67
1580 新麥|電機機械|15 0 -14|99 99 1 9|1.2 12
1582 信錦|電子零組|20 19 5|92 92 24 33|0.3 405
1584 精剛|其他|23 10 -23|89 95 -2 -4|0.5 39
1587 吉茂|汽車工業|-12 -9 6|82 82 82 187|0.6 224
1589 永冠-KY|電機機械|-32 -37 -10|63 72 -10 -12|0.6 19
1590 亞德客-KY|電機機械|1 4 -13|81 81 -12 -3|1.1 408
1591 駿吉-KY|電機機械|620 630 502|84 84 5 26|0.3 49
1597 直得|電機機械|-17 -14 17|96 96 5 19|2.4 21
1598 岱宇|運動休閒|-4 -11 -14|80 88 3 -10|0.6 6
1603 華電|電器電纜|46 12 -11|84 84 7 18|0.2 159
1604 聲寶|電器電纜|-1 4 2|92 97 1 5|0.7 9
1605 華新|電器電纜|-11 -11 -6|78 90 -0 -6|0.5 435
1608 華榮|電器電纜|29 20 17|87 87 28 81|0.2 273
1609 大亞|電器電纜|24 12 4|85 85 31 61|0.6 1153
1611 中電|電器電纜|-7 -11 -2|94 95 16 18|2.6 114
1612 宏泰|電器電纜|4 29 19|87 87 26 43|0.3 133
1614 三洋電|電器電纜|-9 -7 -1|91 91 17 20|0.7 15
1615 大山|電器電纜|49 45 11|94 94 24 62|0.2 40
1616 億泰|電器電纜|-0 5 -8|82 82 10 74|0.3 57
1617 榮星|電器電纜|39 25 23|81 81 23 48|0.8 66
1618 合機|電器電纜|88 29 -42|89 89 53 82|0.3 489
1701 中化|生技醫療|7 7 3|88 93 0 -6|1.1 14
1702 南僑|食品工業|1 2 -6|92 92 5 21|0.9 42
1707 葡萄王|生技醫療|2 7 2|86 99 -0 3|0.5 37
1708 東鹼|化學工業|14 9 25|94 98 15 9|0.8 30
1709 和益|化學工業|64 20 16|99 99 20 13|7.9 16
1710 東聯|化學工業|19 4 -2|76 85 -5 -14|0.7 19
1711 永光|化學工業|17 11 11|88 89 -6 -2|0.6 21
1712 興農|化學工業|7 5 13|100 100 15 24|1.3 45
1713 國化|化學工業|50 33 20|100 100 20 45|2.0 33
1714 和桐|化學工業|14 1 10|99 99 15 10|0.6 26
1717 長興|化學工業|6 3 4|97 97 -2 10|0.8 48
1720 生達|生技醫療|15 11 5|100 100 13 13|1.0 46
1721 三晃|化學工業|-3 0 12|77 85 -5 -6|0.4 9
1722 台肥|化學工業|-10 -15 -17|94 94 1 -3|0.7 164
1723 中碳|化學工業|27 -7 12|87 87 -8 -9|1.1 72
1725 元禎|化學工業|11 5 9|82 82 22 106|0.2 23
1727 中華化|化學工業|36 24 34|79 88 -2 2|0.9 11
1731 美吾華|生技醫療|14 1 -7|92 92 -3 13|1.1 10
1732 毛寶|化學工業|-6 1 1|83 83 7 -3|1.7 27
1733 五鼎|生技醫療|6 -7 8|84 87 6 -9|1.1 10
1734 杏輝|生技醫療|-3 -7 -7|100 100 6 14|1.3 31
1736 喬山|運動休閒|7 16 -2|93 93 29 32|0.5 49
1737 臺鹽|食品工業|-7 -7 -0|91 97 1 -0|0.5 8
1752 南光|生技醫療|3 -9 -7|85 96 16 1|1.4 27
1760 寶齡富錦|生技醫療|4 3 3|76 91 -8 -9|1.9 37
1762 中化生|生技醫療|-8 -36 -1|56 90 7 -8|1.9 14
1773 勝一|化學工業|12 11 10|81 81 -15 14|1.2 82
1777 生泰|生技醫療|15 19 5|100 100 10 8|1.9 6
1781 合世|生技醫療|123 31 32|97 97 34 25|6.1 7
1783 和康生|生技醫療|16 -6 -3|80 100 8 4|3.0 11
1784 訊聯|生技醫療|-1 2 -13|100 100 114 139|2.6 267
1785 光洋科|其他電子|16 28 12|93 93 34 65|2.9 1845
1786 科妍|生技醫療|18 19 -22|100 100 18 71|1.1 177
1789 神隆|生技醫療|30 28 11|87 100 7 12|0.9 33
1795 美時|生技醫療|17 0 -8|93 93 2 18|1.4 973
1799 易威|生技醫療|173 150 66|100 100 97 236|2.3 42
1802 台玻|玻璃陶瓷|-1 -7 -13|84 94 10 -0|0.9 345
1806 冠軍|玻璃陶瓷|-7 6 -14|93 93 27 5|2.5 6
1808 潤隆|建材營造|4 2264 -8149|88 88 -4 12|0.4 172
1809 中釉|玻璃陶瓷|7 -4 -4|70 70 -7 59|1.4 58
1810 和成|玻璃陶瓷|-9 -0 -3|72 84 5 -1|0.2 17
1815 富喬|電子零組|24 19 38|88 88 34 63|0.8 1647
1817 凱撒衛|玻璃陶瓷|-1 1 -3|98 98 7 8|0.9 7
1903 士紙|造紙工業|-3 -13 -13|80 87 3 6|0.2 24
1904 正隆|造紙工業|6 3 1|82 95 -1 -5|1.1 23
1905 華紙|造紙工業|11 2 9|66 88 -8 -11|0.5 44
1907 永豐餘|造紙工業|10 4 5|79 93 3 -7|1.6 34
1909 榮成|造紙工業|7 1 5|80 87 -7 -7|0.8 35
2002 中鋼|鋼鐵工業|-3 -2 6|80 85 -5 -14|0.9 600
2006 東和鋼鐵|鋼鐵工業|-8 -1 -10|95 95 1 8|1.0 134
2007 燁興|鋼鐵工業|48 28 33|84 86 13 -12|0.4 10
2009 第一銅|鋼鐵工業|43 23 11|83 83 18 56|0.1 151
2010 春源|鋼鐵工業|14 11 10|90 90 4 7|0.5 14
2013 中鋼構|鋼鐵工業|-16 -5 5|89 89 -6 5|0.4 8
2014 中鴻|鋼鐵工業|-17 -21 -22|76 82 -3 -18|0.4 89
2015 豐興|鋼鐵工業|-2 -4 -2|97 97 13 17|1.3 17
2017 官田鋼|鋼鐵工業|6 5 0|90 92 5 -4|0.4 11
2020 美亞|鋼鐵工業|-6 -13 -17|91 91 -3 15|0.4 42
2022 聚亨|鋼鐵工業|-12 -9 -8|78 87 -3 -13|0.4 8
2023 燁輝|鋼鐵工業|15 3 -1|83 86 2 -14|0.5 21
2025 千興|鋼鐵工業|350 na na|89 89 19 66|0.5 27
2027 大成鋼|鋼鐵工業|-11 -12 0|90 91 1 -7|0.5 213
2028 威致|鋼鐵工業|-7 -9 4|88 88 3 -3|0.2 7
2029 盛餘|鋼鐵工業|4 6 -18|89 90 -6 -7|0.5 6
2030 彰源|鋼鐵工業|1 -6 6|81 89 -1 -11|0.7 7
2031 新光鋼|鋼鐵工業|-2 -12 -14|92 92 5 6|1.0 131
2034 允強|鋼鐵工業|4 -17 -7|90 93 0 -7|0.5 9
2038 海光|鋼鐵工業|2 -3 6|84 87 7 -14|0.2 11
2049 上銀|電機機械|-7 -8 -2|73 73 -25 -12|0.5 429
2059 川湖|電子零組|94 81 63|83 83 -2 30|0.6 1155
2061 風青|電器電纜|61 39 29|89 89 47 45|0.7 24
2062 橋椿|居家生活|-5 7 -15|90 90 -4 10|0.2 7
2066 世德|電機機械|-1 3 6|91 91 23 46|0.2 36
2070 精湛|電機機械|41 21 3|97 97 9 34|0.6 8
2101 南港|橡膠工業|26 24 4|84 84 33 30|0.4 494
2102 泰豐|橡膠工業|-48 -65 16|96 96 16 5|0.7 12
2103 台橡|橡膠工業|12 6 6|92 96 2 -2|0.8 33
2104 國際中橡|橡膠工業|11 7 22|76 88 0 -11|0.8 17
2105 正新|橡膠工業|0 -3 -2|83 83 5 14|0.4 383
2106 建大|橡膠工業|11 5 8|98 98 9 12|0.7 22
2107 厚生|橡膠工業|42 8 14|94 94 4 9|1.1 12
2108 南帝|橡膠工業|25 14 17|100 100 14 3|1.6 22
2109 華豐|橡膠工業|3 2 5|92 92 13 35|0.4 11
2201 裕隆|汽車工業|14 14 5|78 87 -2 -9|0.8 328
2204 中華|汽車工業|17 34 -2|85 85 -5 12|0.5 298
2206 三陽工業|汽車工業|8 2 -12|87 90 5 11|0.4 263
2207 和泰車|汽車工業|4 -2 -10|77 89 -2 -10|1.2 236
2208 台船|航運業|-27 -27 -19|74 84 -6 -14|0.9 51
2211 長榮鋼|鋼鐵工業|9 -8 -16|88 88 10 36|0.9 397
2227 裕日車|汽車工業|2 -7 -19|69 71 3 -28|0.9 6
2228 劍麟|汽車工業|0 11 -3|90 90 8 23|0.3 40
2230 泰茂|居家生活|82 142 46|92 92 -0 5|1.2 128
2231 為升|汽車工業|-6 -16 -14|76 86 0 -11|0.7 68
2233 宇隆|汽車工業|15 14 2|94 99 6 3|1.4 34
2236 百達-KY|汽車工業|12 0 -19|97 97 11 18|1.4 71
2239 英利-KY|汽車工業|16 -8 -4|64 87 -9 -12|1.3 6
2241 艾姆勒|汽車工業|-16 -11 -46|76 76 1 30|0.2 113
2243 宏旭-KY|汽車工業|-7 4 -22|88 90 28 0|0.5 8
2247 汎德永業|汽車工業|6 2 -6|86 89 -7 -1|1.9 49
2250 IKKA-KY|汽車工業|12 9 -1|75 75 1 23|0.2 43
2254 巨鎧精密-創|汽車工業|-17 30 na|na 87 -10 -5|0.6 17
2258 鴻華先進-創|汽車工業|2073 1924 na|na 96 11 9|2.1 47
2301 光寶科|電腦及週|-11 -13 1|72 91 6 -4|1.2 1852
2302 麗正|半導體業|-10 -7 12|90 90 5 -1|0.4 5
2303 聯電|半導體業|4 5 16|99 99 9 6|1.2 3592
2305 全友|電腦及週|16 22 -2|79 79 -8 3|0.7 10
2308 台達電|電子零組|3 0 0|100 100 18 27|1.1 4258
2312 金寶|其他電子|-4 -4 11|96 96 18 9|0.8 338
2313 華通|電子零組|20 22 20|93 93 -3 7|1.8 1579
2314 台揚|通信網路|-53 -52 0|68 85 -3 -16|0.7 36
2316 楠梓電|電子零組|-6 -10 6|89 89 22 40|0.9 247
2317 鴻海|其他電子|22 18 21|99 99 36 109|0.9 21385
2323 中環|光電業|-5 2 -2|84 92 5 12|0.8 138
2324 仁寶|電腦及週|-7 -4 5|85 85 -7 -12|0.7 705
2327 國巨*|電子零組|19 16 16|95 95 18 20|1.2 1893
2328 廣宇|電子零組|-12 -7 1|91 95 10 13|0.7 289
2329 華泰|半導體業|-1 11 -11|71 71 -11 7|0.3 391
2330 台積電|半導體業|30 41 33|99 99 23 65|1.0 44073
2331 精英|電腦及週|-22 -17 11|81 86 3 6|0.3 263
2332 友訊|通信網路|-16 -14 1|72 93 1 -6|0.6 27
2337 旺宏|半導體業|-5 -20 9|74 82 -5 -19|2.4 240
2338 光罩|半導體業|12 14 10|94 94 10 7|1.3 194
2340 台亞|半導體業|-14 7 -1|75 89 6 -10|1.3 90
2342 茂矽|半導體業|36 18 35|78 91 0 -8|0.7 13
2344 華邦電|半導體業|16 16 14|83 83 -6 -14|0.8 656
2345 智邦|通信網路|36 17 12|96 96 20 6|0.6 1521
2347 聯強|電子通路|12 8 4|82 82 -6 3|1.0 605
2348 海悅|其他|21 47 -86|98 98 79 162|0.6 462
2349 錸德|光電業|4 11 10|100 100 61 53|3.6 40
2351 順德|半導體業|-2 -8 -1|80 80 33 15|0.9 1250
2352 佳世達|電腦及週|-4 -5 5|67 81 -10 -15|2.2 369
2353 宏碁|電腦及週|17 20 12|84 84 5 -10|0.7 1849
2354 鴻準|其他電子|-19 -38 -11|94 94 8 34|0.8 1469
2355 敬鵬|電子零組|6 1 1|89 93 3 -3|1.4 288
2356 英業達|電腦及週|13 19 15|78 92 -5 8|0.5 1497
2357 華碩|電腦及週|23 19 15|92 92 17 1|0.6 1963
2359 所羅門|其他電子|-39 -29 -16|93 93 91 324|0.8 1322
2360 致茂|其他電子|38 26 31|97 97 27 54|0.7 634
2362 藍天|電腦及週|-6 1 -7|83 83 33 46|0.4 180
2363 矽統|半導體業|14 12 -33|76 76 45 19|0.2 1076
2364 倫飛|電腦及週|8 0 -5|56 73 -8 -26|0.4 7
2365 昆盈|電腦及週|56 37 25|100 100 97 175|2.3 450
2367 燿華|電子零組|21 26 26|92 92 37 79|0.4 1200
2368 金像電|電子零組|46 31 17|74 74 -13 -6|1.2 1230
2369 菱生|半導體業|-8 -4 -12|81 81 -6 -1|1.0 61
2371 大同|電機機械|-11 -6 -32|82 82 -1 34|0.2 1460
2374 佳能|光電業|54 38 23|84 84 77 95|0.7 513
2375 凱美|電子零組|15 9 13|89 93 11 -2|0.7 53
2376 技嘉|電腦及週|137 192 101|80 80 -3 16|0.4 2051
2377 微星|電腦及週|12 13 -4|88 88 6 -10|0.9 971
2379 瑞昱|半導體業|15 17 8|88 88 -7 13|1.0 2998
2382 廣達|電腦及週|32 22 30|93 93 7 48|0.7 7490
2383 台光電|電子零組|63 70 23|86 86 16 23|0.9 2578
2385 群光|電子零組|1 -1 7|69 69 -19 -2|0.8 1206
2387 精元|電腦及週|-8 2 7|92 92 -4 2|0.7 33
2388 威盛|半導體業|-17 3 -39|65 71 -12 -25|0.7 654
2390 云辰|其他電子|6 8 2|79 91 6 -4|1.7 10
2392 正崴|電子零組|33 20 17|98 98 66 60|1.2 1132
2393 億光|光電業|19 23 18|95 95 41 59|1.1 271
2395 研華|電腦及週|-15 -17 -1|90 90 -7 0|0.9 423
2397 友通|電腦及週|-35 -45 -13|91 91 19 17|0.8 27
2399 映泰|電腦及週|-8 -16 -14|78 81 -6 -14|0.4 24
2401 凌陽|半導體業|21 21 9|95 95 26 4|1.0 355
2402 毅嘉|電子零組|11 5 -4|73 96 -2 -3|1.4 113
2404 漢唐|其他電子|-45 -37 -34|86 86 -8 42|0.6 540
2405 輔信|電腦及週|10 6 1|88 88 7 8|0.4 125
2406 國碩|光電業|236 145 121|96 96 39 57|4.1 112
2408 南亞科|半導體業|45 48 38|87 88 -0 -13|0.8 855
2409 友達|光電業|16 18 -6|86 92 -2 -1|1.7 726
2412 中華電|通信網路|2 2 -1|99 99 0 6|1.0 1291
2414 精技|電子通路|1 -6 5|100 100 17 23|4.1 8
2417 圓剛|電腦及週|-2 2 7|90 90 8 35|1.3 152
2419 仲琦|通信網路|-38 -21 16|59 87 -4 -13|0.5 22
2420 新巨|電子零組|9 2 13|94 94 25 38|0.6 39
2421 建準|電子零組|12 5 10|75 82 -12 4|0.5 339
2423 固緯|其他電子|-3 -6 -3|92 92 4 16|0.3 14
2425 承啟|電腦及週|-11 -9 -23|64 76 -16 -23|0.5 25
2426 鼎元|光電業|11 7 -1|89 96 7 3|1.1 13
2427 三商電|資訊服務|-12 102 72|94 94 24 19|1.0 248
2428 興勤|電子零組|6 2 6|95 95 5 7|0.8 57
2429 銘旺科|光電業|-47 -47 -15|100 100 97 116|4.0 16
2436 偉詮電|半導體業|7 6 -16|78 84 -1 -15|0.7 71
2438 翔耀|光電業|129 146 79|100 100 163 159|1.1 82
2439 美律|通信網路|12 20 13|99 99 10 16|2.1 297
2440 太空梭|電子零組|45 42 8|88 88 22 36|0.7 14
2441 超豐|半導體業|13 10 1|97 97 -1 1|1.0 37
2442 新美齊|建材營造|-92 152 -1133|94 94 18 29|0.4 98
2444 兆勁|通信網路|-21 -27 -21|89 98 19 2|1.0 11
2449 京元電子|半導體業|12 10 10|97 97 13 39|1.6 3578
2450 神腦|通信網路|3 7 5|99 99 1 2|0.8 7
2451 創見|半導體業|-6 0 -0|85 85 26 38|0.9 438
2453 凌群|資訊服務|7 11 3|87 90 3 13|0.5 76
2454 聯發科|半導體業|34 33 17|94 94 21 40|0.9 9427
2455 全新|通信網路|32 58 -15|85 85 -7 -2|2.1 786
2457 飛宏|電子零組|-11 -16 -2|61 77 -11 -17|0.6 110
2458 義隆|半導體業|7 16 -11|89 89 -1 -4|0.5 243
2459 敦吉|其他電子|-30 -27 -15|100 100 7 20|0.7 6
2460 建通|電子零組|64 36 14|79 79 -4 17|0.5 34
2461 光群雷|其他電子|4 6 8|90 94 5 6|0.5 14
2462 良得電|電子零組|22 9 15|81 88 0 -9|0.6 13
2464 盟立|其他電子|-4 -24 -0|96 96 47 94|1.3 1138
2465 麗臺|電腦及週|8 1 -13|77 77 2 82|0.3 282
2467 志聖|電子零組|31 62 65|100 100 33 190|2.2 387
2468 華經|資訊服務|-54 -26 -19|62 88 -10 -11|0.8 7
2471 資通|資訊服務|22 -8 -5|93 93 -3 7|0.6 9
2472 立隆電|電子零組|19 15 15|96 96 11 16|2.5 159
2474 可成|其他電子|-37 -21 9|97 97 7 17|0.9 495
2476 鉅祥|電子零組|23 12 19|97 97 48 56|0.7 365
2478 大毅|電子零組|10 6 3|93 93 9 9|1.0 21
2480 敦陽科|資訊服務|-18 -5 -7|94 94 -5 3|1.4 41
2481 強茂|半導體業|-6 -4 -6|72 82 -3 -19|0.7 70
2482 連宇|其他電子|-66 -69 -26|54 94 21 -1|0.7 109
2483 百容|電子零組|-0 -0 10|98 98 12 11|1.1 6
2484 希華|電子零組|-3 -13 6|87 87 -7 -3|0.7 9
2485 兆赫|通信網路|-32 -33 -6|71 89 -0 -4|1.0 22
2486 一詮|光電業|22 12 1|96 96 87 211|0.2 3618
2488 漢平|其他電子|18 37 29|97 97 4 19|0.5 10
2489 瑞軒|光電業|33 46 20|87 87 42 58|0.8 317
2492 華新科|電子零組|10 7 2|83 94 -3 -5|0.7 284
2493 揚博|電子零組|7 10 9|90 90 -0 20|0.5 18
2495 普安|電腦及週|11 9 16|100 100 67 69|2.2 121
2497 怡利電|汽車工業|39 22 8|79 90 6 -10|0.5 22
2498 宏達電|通信網路|-47 -49 -31|78 84 -4 -12|0.9 252
2501 國建|建材營造|57 160 104|75 75 40 75|0.3 304
2504 國產|建材營造|7 -0 -0|89 89 17 59|0.8 568
2505 國揚|建材營造|2792 2324 1778|89 89 2 22|0.3 21
2506 太設|建材營造|89 81 -39|89 89 22 23|0.3 23
2509 全坤建|建材營造|9 9 0|88 88 27 40|0.2 16
2511 太子|建材營造|32 17 22|88 88 14 9|0.2 26
2514 龍邦|其他|114 141 -54|100 100 62 55|0.4 48
2515 中工|建材營造|6 22 -2|80 80 -6 12|0.2 341
2516 新建|建材營造|68 22 -7|89 93 8 -3|1.3 16
2520 冠德|建材營造|133 68 53|92 92 37 49|0.4 480
2524 京城|建材營造|119 277 152|86 86 20 74|0.6 70
2527 宏璟|建材營造|147 153 -110|73 73 0 65|0.3 72
2528 皇普|建材營造|1885 711 -31432|83 83 -4 35|0.5 30
2530 華建|建材營造|16662 22457 -863|90 90 5 44|0.6 56
2534 宏盛|建材營造|-36 -35 26|92 92 20 33|0.4 35
2535 達欣工|建材營造|52 18 20|90 90 1 33|0.2 18
2536 宏普|建材營造|154 29 -2208|86 86 8 14|0.2 17
2537 聯上發|建材營造|285 413 -5702|85 85 59 137|0.5 369
2538 基泰|建材營造|1028 674 489|95 95 29 18|0.4 32
2539 櫻花建|建材營造|24 -3 na|100 100 7 60|0.5 50
2540 愛山林|建材營造|46 37 -60|100 100 96 126|0.8 391
2542 興富發|建材營造|27 103 -328|99 99 32 32|1.6 744
2543 皇昌|建材營造|64 25 -11|93 93 38 132|0.6 213
2545 皇翔|建材營造|361 932 689|89 89 32 40|0.4 58
2546 根基|建材營造|-25 -12 1|74 74 7 20|0.2 23
2547 日勝生|建材營造|6 13 -18|86 86 5 10|0.3 35
2548 華固|建材營造|58 -47 -567|84 84 26 67|0.9 843
2596 綠意|建材營造|-7 120 -563|96 96 20 67|0.5 7
2597 潤弘|建材營造|23 12 12|91 91 10 51|0.7 82
2603 長榮|航運業|40 40 53|86 86 16 31|0.6 6917
2605 新興|航運業|57 31 23|91 91 25 18|0.4 341
2606 裕民|航運業|13 12 -3|92 92 7 7|0.7 479
2607 榮運|航運業|19 23 8|89 89 1 -2|0.6 101
2608 嘉里大榮|航運業|5 4 3|94 94 11 12|0.3 39
2609 陽明|航運業|46 34 55|88 88 66 40|0.5 7977
2610 華航|航運業|11 10 -11|89 100 26 12|1.0 941
2611 志信|航運業|-3 3 -10|95 95 39 99|0.4 161
2612 中航|航運業|6 11 11|78 90 7 -10|0.2 24
2613 中櫃|航運業|4 4 -2|87 87 85 83|0.3 252
2614 東森|其他|-3 -2 -2|67 89 0 -11|1.0 16
2615 萬海|航運業|40 24 46|90 90 99 55|1.0 5571
2616 山隆|油電燃氣|-21 -19 -7|77 81 -11 -18|0.8 6
2617 台航|航運業|9 6 4|97 97 10 15|0.4 68
2618 長榮航|航運業|15 14 -21|96 100 21 25|0.7 3487
2630 亞航|航運業|16 14 2|63 86 4 6|0.2 44
2633 台灣高鐵|航運業|8 8 -13|95 99 1 -0|1.5 108
2634 漢翔|航運業|-17 -8 -15|85 92 -1 2|0.4 289
2636 台驊控股|航運業|75 65 56|85 85 7 14|0.2 169
2637 慧洋-KY|航運業|15 20 24|87 87 18 26|0.6 414
2640 大車隊|數位雲端|8 2 -8|95 95 2 10|0.9 6
2641 正德|航運業|12 22 4|90 90 12 1|0.3 95
2643 捷迅|航運業|49 73 61|93 93 12 11|0.5 11
2645 長榮航太|航運業|19 12 -11|84 95 4 5|0.8 86
2704 國賓|觀光餐旅|4 4 12|93 93 20 45|0.2 27
2705 六福|觀光餐旅|3 5 -13|78 93 12 14|0.2 10
2707 晶華|觀光餐旅|-13 -9 -17|74 87 -2 -0|0.3 107
2722 夏都|觀光餐旅|-9 -11 6|54 82 7 -2|0.3 11
2723 美食-KY|觀光餐旅|-7 -8 -4|59 88 -3 -10|1.1 44
2727 王品|觀光餐旅|3 2 -8|79 91 -2 -4|0.6 111
2729 瓦城|觀光餐旅|9 9 -6|80 97 -0 1|0.6 9
2731 雄獅|觀光餐旅|30 55 -399|85 90 11 10|0.3 153
2732 六角|觀光餐旅|-6 1 5|63 78 -15 -6|0.7 11
2734 易飛網|觀光餐旅|-12 23 -239|48 82 -2 -16|0.7 6
2736 富野|觀光餐旅|-39 -42 -8|51 85 5 -5|0.6 8
2739 寒舍|觀光餐旅|4 9 -15|76 80 26 3|0.3 55
2743 山富|觀光餐旅|58 103 -547|84 85 29 17|0.2 104
2745 五福|觀光餐旅|62 105 -1603|86 86 54 39|0.3 72
2748 雲品|觀光餐旅|-9 11 1|58 80 -4 -16|0.3 19
2753 八方雲集|觀光餐旅|7 8 -1|90 94 -2 -2|0.5 26
2754 亞洲藏壽司|觀光餐旅|-5 6 -14|53 83 0 -11|0.4 6
2762 世界健身-KY|運動休閒|6 3 na|na na -11 na|0.4 15
2801 彰銀|金融保險|12 4 -4|99 99 1 3|0.8 279
2809 京城銀|金融保險|-29 151 7|94 94 20 62|1.2 617
2812 台中銀|金融保險|6 12 -2|98 98 8 15|0.9 69
2816 旺旺保|金融保險|1 7 -10|87 93 18 -6|0.6 16
2820 華票|金融保險|-4 -25 -106|99 99 3 4|1.9 14
2832 台產|金融保險|5 4 -6|96 96 8 6|0.4 9
2834 臺企銀|金融保險|3 5 -0|100 100 14 34|0.7 317
2836 高雄銀|金融保險|15 6 2|100 100 3 3|1.5 31
2838 聯邦銀|金融保險|5 16 6|100 100 8 15|0.9 26
2845 遠東銀|金融保險|9 1 -7|100 100 17 33|0.7 71
2850 新產|金融保險|-3 6 -1|91 91 16 46|1.1 114
2851 中再保|金融保險|5 12 -1|92 92 8 18|0.6 61
2852 第一保|金融保險|5 13 3|96 96 21 33|0.3 15
2855 統一證|金融保險|28 56 -10|97 97 17 51|0.9 133
2880 華南金|金融保險|17 15 1|100 100 15 20|0.6 471
2881 富邦金|金融保險|60 102 -0|100 100 16 24|1.0 1251
2882 國泰金|金融保險|-27 22 -56|96 96 19 28|1.4 1891
2883 凱基金|金融保險|-96 28 -102|95 95 7 19|1.1 863
2884 玉山金|金融保險|42 17 -8|98 98 5 12|0.7 648
2885 元大金|金融保險|24 24 2|93 93 6 18|2.0 507
2886 兆豐金|金融保險|18 13 -25|99 99 1 4|1.1 784
2887 台新新光金|金融保險|12 14 7|99 99 4 5|0.8 308
2889 國票金|金融保險|18 12 -22|100 100 19 35|1.1 243
2890 永豐金|金融保險|24 25 1|99 99 21 30|0.7 453
2891 中信金|金融保險|25 41 -95|99 99 20 36|0.7 1865
2892 第一金|金融保險|3 5 6|97 97 1 3|0.6 351
2897 王道銀行|金融保險|1 5 3|98 98 6 6|0.5 64
2903 遠百|貿易百貨|-3 -4 -2|98 98 18 39|0.8 131
2905 三商|貿易百貨|-11 97 -78|89 89 34 22|0.4 29
2906 高林|貿易百貨|12 18 11|91 91 7 15|1.4 14
2912 統一超|貿易百貨|6 7 -1|98 99 2 3|1.0 266
2913 農林|貿易百貨|21 5 3|72 94 6 0|0.5 55
2915 潤泰全|貿易百貨|-5 -16 -9|95 95 16 9|0.5 247
2916 滿心|居家生活|1 4 -7|92 92 1 28|0.4 8
3003 健和興|電子零組|0 2 10|87 91 8 6|0.4 33
3004 豐達科|鋼鐵工業|25 22 -6|92 92 -5 23|0.7 19
3005 神基|電腦及週|-1 3 -1|77 77 -11 13|0.9 1078
3006 晶豪科|半導體業|20 24 16|92 92 12 -8|1.0 723
3008 大立光|光電業|33 19 4|96 96 8 -2|1.5 2696
3010 華立|電子通路|35 27 16|100 100 10 45|1.3 173
3011 今皓|電子零組|-14 -13 -4|70 84 -4 -17|1.4 17
3013 晟銘電|電腦及週|103 64 54|94 94 48 91|0.3 1547
3014 聯陽|半導體業|-2 -5 -35|93 93 1 13|0.6 304
3015 全漢|電子零組|-15 -20 -8|93 93 9 24|0.2 64
3016 嘉晶|半導體業|-2 -5 14|88 93 3 1|0.6 61
3017 奇鋐|電腦及週|6 7 -9|92 92 39 129|0.9 10965
3019 亞光|光電業|27 15 10|97 98 9 -0|0.8 79
3021 鴻名|電子零組|28 25 32|97 100 22 31|2.1 7
3022 威強電|電腦及週|-24 -23 -1|89 92 -1 -3|0.4 47
3023 信邦|電子零組|-3 -3 -0|80 98 3 -1|0.7 141
3024 憶聲|光電業|10 7 1|96 96 27 19|2.1 53
3025 星通|通信網路|-10 -11 -85|94 94 5 55|1.7 189
3026 禾伸堂|電子零組|-5 -6 3|93 94 -4 -5|1.3 25
3027 盛達|通信網路|-51 -0 -51|70 80 -13 -5|0.3 26
3028 增你強|電子通路|9 19 12|96 96 1 4|0.7 13
3029 零壹|資訊服務|61 29 19|100 100 30 55|2.1 233
3030 德律|其他電子|56 66 50|90 90 96 175|0.5 740
3031 佰鴻|光電業|18 6 18|98 98 12 23|0.8 15
3032 偉訓|電子零組|-16 -10 -29|85 85 -11 7|0.2 42
3033 威健|電子通路|12 19 9|93 93 14 29|0.3 194
3034 聯詠|半導體業|-17 -13 -31|97 97 4 21|0.9 2793
3035 智原|半導體業|-10 -15 -1|74 74 -4 -7|1.4 3134
3036 文曄|電子通路|119 103 61|70 70 -13 4|1.0 674
3037 欣興|電子零組|12 9 24|88 90 -7 1|1.2 1954
3038 全台|光電業|-26 -23 -6|79 88 -2 7|1.1 14
3040 遠見|其他|-4 -6 -3|87 87 13 13|0.3 9
3041 揚智|半導體業|44 12 27|66 69 -6 -30|0.6 20
3042 晶技|電子零組|21 24 20|99 99 9 22|1.7 545
3044 健鼎|電子零組|10 12 10|92 92 3 14|0.5 872
3045 台灣大|通信網路|8 10 2|100 100 5 11|2.5 597
3046 建碁|電腦及週|17 28 -25|68 90 4 0|0.8 16
3047 訊舟|通信網路|126 61 66|100 100 106 95|2.4 759
3048 益登|電子通路|8 7 8|100 100 76 69|1.6 697
3050 鈺德|光電業|7 12 6|91 91 -2 33|4.1 15
3051 力特|光電業|-20 -19 5|73 77 -16 -12|0.4 24
3052 夆典|建材營造|-12 -9 -20|93 93 -3 11|0.2 9
3055 蔚華科|電子通路|-62 -55 -12|91 91 23 142|1.8 543
3056 富華新|建材營造|450 183 179|96 99 24 21|0.5 70
3057 喬鼎|電腦及週|-1 9 14|100 100 34 23|3.2 5
3058 立德|電子零組|-12 -16 3|69 82 -11 5|0.6 27
3059 華晶科|光電業|-23 -29 5|89 89 2 4|0.3 178
3060 銘異|電腦及週|44 54 28|91 91 60 51|0.7 125
3062 建漢|通信網路|48 3 32|91 91 30 42|2.2 564
3071 協禧|電腦及週|6 -0 13|80 96 6 10|0.8 44
3078 僑威|電子零組|-34 -26 -70|86 89 -5 -8|0.5 60
3081 聯亞|通信網路|14 3 37|93 93 13 51|2.2 776
3083 網龍|文化創意|45 62 46|96 96 8 25|4.6 20
3086 華義*|文化創意|-1 1 -20|82 82 30 2|0.6 77
3088 艾訊|電腦及週|2 -9 -6|86 86 11 16|0.5 170
3090 日電貿|電子零組|10 12 -0|91 91 5 9|1.6 51
3092 鴻碩|電子零組|9 -5 8|80 93 -1 -5|1.4 7
3094 聯傑|半導體業|-31 -43 -8|75 78 -6 -23|0.7 8
3105 穩懋|半導體業|21 39 8|98 100 17 10|3.2 809
3118 進階|生技醫療|6 13 -3|100 100 21 25|1.2 8
3122 笙泉|半導體業|10 3 -2|92 92 37 21|0.9 139
3128 昇銳|光電業|-10 0 6|70 89 -2 1|1.3 6
3131 弘塑|半導體業|9 12 7|100 100 43 146|1.0 704
3138 耀登|通信網路|-5 5 7|74 80 -7 -19|0.7 21
3141 晶宏|半導體業|-6 -10 8|88 92 22 -7|0.3 76
3147 大綜|資訊服務|-10 -5 -28|79 79 -10 34|0.2 20
3149 正達|光電業|27 7 17|92 92 28 31|5.0 48
3152 璟德|通信網路|12 17 -3|74 83 -14 -19|1.4 34
3162 精確|電機機械|14 6 -4|57 63 -19 -35|0.4 14
3163 波若威|通信網路|-39 -30 -21|95 95 26 51|1.5 1282
3167 大量|電機機械|85 90 72|93 93 10 33|2.1 20
3168 眾福科|光電業|-19 -16 na|na na -6 na|0.7 7
3169 亞信|半導體業|2 6 19|85 85 1 -5|0.5 78
3176 基亞|生技醫療|93 92 7|76 100 19 5|1.2 23
3178 公準|半導體業|-20 -18 -14|79 79 -17 4|0.3 28
3188 鑫龍騰|建材營造|523 252 na|94 94 20 118|0.6 32
3189 景碩|半導體業|10 5 23|78 91 -8 -5|1.1 239
3202 樺晟|電子零組|26 22 -10|88 92 48 19|1.0 155
3206 志豐|電子零組|7 1 8|93 93 5 13|0.2 6
3207 耀勝|電子零組|62 14 30|92 92 6 82|0.3 78
3209 全科|電子通路|-20 -36 -16|97 97 -1 1|0.7 16
3211 順達|電腦及週|-12 -11 -0|100 100 24 28|3.2 53
3213 茂訊|電腦及週|13 33 16|94 94 21 25|0.5 81
3217 優群|電子零組|-3 12 -13|88 88 -6 1|1.2 196
3218 大學光|生技醫療|13 6 -4|64 85 -6 -6|0.7 66
3219 倚強科|其他電子|101 48 49|93 93 60 37|1.4 24
3221 台嘉碩|通信網路|5 2 14|88 88 7 10|0.7 12
3224 三顧|電子通路|-28 -10 3|95 95 39 17|2.7 60
3227 原相|半導體業|61 45 -5|94 94 8 6|1.1 274
3228 金麗科|半導體業|242 100 60|69 69 -25 54|0.5 194
3229 晟鈦|電子零組|32 -0 9|87 87 64 61|1.4 15
3230 錦明|光電業|-45 -49 -29|94 94 53 71|0.5 10
3231 緯創|電腦及週|26 12 13|68 81 -14 11|0.5 4054
3234 光環|通信網路|-11 -2 9|86 86 15 66|0.3 77
3257 虹冠電|半導體業|-16 -14 -150|68 82 -15 -18|0.9 13
3260 威剛|半導體業|32 56 26|94 94 13 8|0.5 763
3264 欣銓|半導體業|-1 -1 4|85 85 -12 -3|1.4 342
3265 台星科|半導體業|21 16 8|92 92 -2 41|1.0 146
3266 昇陽|建材營造|163 159 -216|88 88 33 29|0.2 23
3268 海德威|半導體業|-33 -19 -27|75 75 3 -1|0.7 18
3284 太普高|其他|72 39 24|96 96 58 125|0.4 26
3285 微端|其他電子|12 20 25|97 97 26 26|4.9 27
3287 廣寰科|電腦及週|116 70 -9|87 87 45 36|0.2 45
3289 宜特|其他電子|3 13 12|100 100 19 74|2.7 422
3290 東浦|電子零組|0 -7 -5|98 98 21 12|1.5 35
3293 鈊象|文化創意|36 31 7|100 100 18 89|1.1 1772
3294 英濟|電子零組|2 19 18|60 60 -17 84|0.3 46
3296 勝德|電子零組|40 19 36|90 90 25 44|3.1 21
3297 杭特|光電業|53 21 7|97 97 74 89|3.5 24
3303 岱稜|其他電子|19 28 17|98 98 43 63|2.1 59
3305 昇貿|其他電子|36 20 23|97 97 24 4|1.0 274
3306 鼎天|通信網路|-8 -5 -8|90 90 18 27|0.5 62
3308 聯德|電子零組|-67 -78 -81|41 66 -8 -29|0.6 8
3312 弘憶股|電子通路|19 25 22|100 100 108 300|2.4 515
3313 斐成|建材營造|na na na|71 71 2 75|0.3 14
3317 尼克森|半導體業|1 -2 -6|85 88 5 -11|0.6 11
3321 同泰|電子零組|35 34 4|95 95 26 42|0.6 17
3322 建舜電|電子零組|51 29 12|83 83 -2 5|0.6 14
3323 加百裕|電腦及週|-23 -24 8|82 94 4 -6|0.7 5
3324 雙鴻|其他電子|55 27 21|85 85 12 133|0.8 5038
3325 旭品|電腦及週|-31 -22 -65|70 70 -20 -24|0.6 18
3338 泰碩|電子零組|15 24 20|97 97 41 42|1.0 392
3339 泰谷|光電業|47 39 25|92 92 60 153|0.5 69
3346 麗清|汽車工業|27 17 -17|76 78 -14 -23|0.5 23
3354 律勝|電子零組|9 33 23|77 77 2 58|0.7 7
3356 奇偶|光電業|-17 -1 2|94 94 26 60|0.4 227
3357 臺慶科|電子零組|24 18 21|95 95 11 21|1.5 109
3360 尚立|電子通路|-39 -45 -5|72 72 7 27|0.4 13
3362 先進光|光電業|7 2 -19|93 93 19 50|1.3 839
3363 上詮|通信網路|15 23 26|93 93 51 125|0.1 383
3372 典範|半導體業|1 21 11|85 85 18 55|0.9 126
3373 熱映|其他電子|8 11 33|81 87 6 -0|1.1 12
3374 精材|半導體業|33 9 9|96 96 40 39|1.7 1891
3376 新日興|電子零組|35 53 31|88 88 36 78|0.8 2857
3379 彬台|電機機械|164 123 87|94 94 93 82|0.5 31
3380 明泰|通信網路|-27 -30 2|75 89 -4 -7|0.5 56
3388 崇越電|電子零組|13 11 13|97 97 3 10|1.2 6
3390 旭軟|電子零組|23 24 19|85 85 5 12|0.3 37
3402 漢科|其他電子|38 37 23|95 95 18 69|1.7 48
3406 玉晶光|光電業|111 113 67|97 97 35 60|1.1 2061
3413 京鼎|半導體業|10 5 17|100 100 8 64|1.7 482
3416 融程電|電腦及週|30 12 10|95 95 6 26|0.7 47
3419 譁裕|通信網路|46 17 41|96 98 19 6|3.8 23
3430 奇鈦科|化學工業|8 35 33|92 92 24 22|0.5 13
3432 台端|電子零組|155 35 15|97 97 60 54|1.4 22
3437 榮創|光電業|6 9 -10|71 71 -8 -12|0.4 32
3438 類比科|半導體業|1 -7 -17|84 84 -6 -1|1.0 21
3443 創意|半導體業|9 -2 1|84 86 16 -9|0.8 4919
3444 利機|電子通路|20 17 6|85 85 14 8|0.6 41
3450 聯鈞|半導體業|37 29 31|100 100 74 110|2.2 3111
3454 晶睿|光電業|-37 -29 -1|67 85 -5 -15|0.6 24
3455 由田|光電業|2 -4 24|100 100 42 62|1.2 283
3466 德晉|通信網路|-83 -86 -28|81 81 168 225|0.5 140
3479 安勤|電腦及週|2 -16 -7|90 90 -6 -3|0.8 62
3481 群創|光電業|1 10 -2|82 84 -7 -1|1.8 981
3483 力致|電腦及週|10 3 -15|87 87 35 27|1.3 1703
3484 崧騰|電子零組|32 19 35|95 95 14 21|0.6 20
3489 森寶|建材營造|84 36 25|94 94 4 81|0.2 6
3490 單井|光電業|3 -17 13|99 99 36 64|1.3 62
3491 昇達科|通信網路|75 41 41|100 100 81 90|0.7 369
3498 陽程|其他電子|-75 -49 -7|93 93 19 50|3.6 37
3499 環天科|通信網路|56 27 -9|95 95 5 12|1.3 7
3501 維熹|電子零組|20 14 19|99 99 38 55|1.3 45
3504 揚明光|光電業|-17 -25 4|78 84 6 -9|1.9 28
3508 位速|其他電子|-27 -29 3|89 98 21 12|1.6 23
3512 皇龍|建材營造|-85 -56 -385|92 92 15 31|0.4 16
3515 華擎|電腦及週|45 25 -1|76 76 -8 -9|0.4 168
3516 亞帝歐|光電業|15 17 -3|82 82 21 49|1.4 10
3518 柏騰|其他電子|-6 -1 -6|72 84 3 -12|0.8 7
3520 華盈|電子零組|26 27 25|100 100 32 37|3.4 9
3526 凡甲|電子零組|38 46 19|96 96 9 25|0.4 46
3527 聚積|半導體業|14 11 16|77 83 -5 -16|1.0 8
3529 力旺|半導體業|11 31 15|79 79 1 3|0.6 1206
3530 晶相光|半導體業|13 -7 -10|76 76 -5 -2|0.7 38
3532 台勝科|半導體業|-8 -13 -1|95 99 7 5|1.9 273
3533 嘉澤|電子零組|36 25 21|89 89 7 48|0.8 1341
3535 晶彩科|光電業|520 192 198|100 100 104 158|3.0 354
3537 堡達|電子零組|1 -4 -16|85 85 39 42|0.6 55
3540 曜越|電腦及週|-10 -12 -26|79 83 -2 4|0.4 48
3545 敦泰|半導體業|-19 -13 -30|64 76 -9 -25|0.7 191
3546 宇峻|文化創意|-1 -6 1|100 100 12 19|2.4 24
3548 兆利|電子零組|1 29 -22|66 66 -28 -8|0.4 297
3551 世禾|綠能環保|16 10 10|88 88 -11 38|0.7 46
3552 同致|其他電子|-11 -11 -20|69 72 -13 -28|0.7 26
3557 嘉威|居家生活|47 39 28|97 97 29 33|0.6 29
3558 神準|通信網路|-24 -38 -15|62 79 -12 -21|0.4 59
3563 牧德|光電業|-47 -47 -13|87 87 1 85|0.5 218
3564 其陽|通信網路|10 -0 20|79 79 71 107|0.8 376
3570 大塚|資訊服務|22 17 8|95 95 1 11|0.4 10
3576 聯合再生|光電業|-52 -59 -4|68 90 16 -10|4.5 64
3580 友威科|其他電子|68 11 21|100 100 61 67|4.7 262
3581 博磊|半導體業|17 4 6|97 97 30 72|10.3 8
3583 辛耘|半導體業|41 38 9|100 100 12 84|0.9 984
3587 閎康|其他電子|5 4 -6|92 92 -2 26|1.4 138
3588 通嘉|半導體業|47 42 22|77 77 -16 0|0.9 67
3591 艾笛森|光電業|48 27 7|91 91 12 16|1.0 46
3592 瑞鼎|半導體業|34 48 15|80 80 -18 0|1.0 305
3594 磐儀|電腦及週|-12 -26 -8|71 85 -1 -12|0.3 20
3596 智易|通信網路|-1 4 -4|82 82 -16 -5|0.5 244
3605 宏致|電子零組|8 11 16|91 91 28 48|0.8 70
3607 谷崧|電子零組|33 2 2|90 90 12 12|1.7 14
3609 三一東林|電子零組|-61 -49 -21|94 94 71 35|0.4 29
3611 鼎翰|電腦及週|-1 -1 -4|89 96 -3 -3|1.1 14
3615 安可|光電業|-9 4 -2|100 100 24 42|4.7 13
3617 碩天|其他電子|8 -0 -3|99 99 16 47|0.8 307
3622 洋華|光電業|58 15 -23|87 87 6 69|0.8 380
3624 光頡|電子零組|5 -0 11|89 92 7 -6|2.8 55
3628 盈正|其他電子|7 0 9|95 99 4 17|1.6 5
3630 新鉅科|光電業|23 26 -17|79 80 -4 -17|0.8 8
3631 晟楠|電子零組|-40 -63 -11|84 84 6 18|0.5 7
3645 達邁|電子零組|15 36 -6|82 87 4 -7|0.3 18
3652 精聯|電腦及週|11 1 6|96 96 64 53|5.9 35
3653 健策|電子零組|24 19 17|97 97 31 58|1.2 728
3661 世芯-KY|半導體業|61 55 -44|56 56 -27 -25|1.0 7131
3663 鑫科|其他電子|114 41 18|97 97 27 59|7.2 97
3665 貿聯-KY|其他電子|-2 -2 5|98 98 42 38|2.1 2341
3666 光耀|光電業|-20 -16 -29|90 90 18 47|4.0 12
3669 圓展|通信網路|10 5 8|87 87 -0 5|0.6 10
3673 TPK-KY|光電業|5 -2 15|89 98 4 12|1.6 92
3675 德微|半導體業|36 33 33|100 100 45 44|1.6 298
3679 新至陞|電子零組|4 11 5|94 94 23 32|0.3 17
3680 家登|半導體業|62 36 12|96 96 -3 24|1.5 402
3686 達能|半導體業|158 193 -173|100 100 93 106|2.1 13
3687 歐買尬|數位雲端|1 3 2|88 90 5 12|0.7 55
3689 湧德|電子零組|-29 -29 -23|89 89 5 39|1.4 101
3691 碩禾|光電業|356 249 178|84 84 28 60|1.7 80
3693 營邦|電腦及週|15 10 -29|66 87 12 -7|1.9 306
3694 海華|通信網路|6 -6 -1|87 87 -5 6|1.0 61
3701 大眾控|電腦及週|-2 3 -9|66 73 -14 -14|0.7 23
3702 大聯大|電子通路|25 32 21|93 93 -2 7|1.0 344
3703 欣陸|建材營造|8 3 -5|94 94 20 33|0.3 117
3704 合勤控|通信網路|-6 -17 4|62 79 -15 -21|0.3 37
3705 永信|生技醫療|10 11 3|94 94 7 13|0.8 27
3706 神達|電腦及週|37 21 27|78 78 -12 6|0.3 337
3707 漢磊|半導體業|-27 -21 0|67 81 -12 -18|0.3 104
3708 上緯投控|綠能環保|6 8 17|91 91 12 46|0.6 426
3710 連展投控|電子零組|27 20 4|88 94 -0 0|0.9 11
3711 日月光投控|半導體業|3 3 10|92 92 7 23|1.3 2141
3712 永崴投控|電腦及週|100 71 11|93 93 25 43|2.9 197
3714 富采|光電業|9 11 6|80 89 10 -7|0.7 104
3715 定穎投控|電子零組|27 17 na|57 72 -20 -27|0.4 240
4104 佳醫|生技醫療|9 2 -6|96 96 -3 6|0.5 10
4105 東洋|生技醫療|-9 6 -3|93 97 -2 -0|0.8 26
4107 邦特|生技醫療|12 8 7|97 97 3 21|0.6 14
4108 懷特|生技醫療|36 -5 -30|82 86 -1 -7|1.8 6
4109 加捷生醫|生技醫療|52 52 15|97 97 -3 52|4.1 15
4111 濟生|生技醫療|11 5 8|95 95 16 15|1.1 14
4113 聯上|建材營造|5379 2557 -33413|80 80 35 72|0.5 110
4114 健喬|生技醫療|6 3 -6|99 100 4 8|1.2 58
4116 明基醫|生技醫療|-1 2 1|88 89 -0 -7|1.4 5
4119 旭富|生技醫療|-12 6 0|86 90 1 -7|0.8 16
4123 晟德|生技醫療|34 31 -28|96 100 28 25|2.3 456
4126 太醫|生技醫療|-9 2 5|100 100 2 8|1.7 17
4127 天良|生技醫療|-23 -21 -11|86 86 25 170|0.2 19
4128 中天|生技醫療|16 8 6|70 82 -7 -18|1.9 70
4129 聯合|生技醫療|25 19 -3|99 99 13 31|2.8 43
4133 亞諾法|生技醫療|-5 -7 -1|95 97 12 2|2.7 10
4137 麗豐-KY|生技醫療|3 -10 -19|78 78 -21 -16|0.8 17
4138 曜亞|生技醫療|-3 -5 -14|84 84 -16 6|0.4 7
4142 國光生|生技醫療|-31 -59 -59|76 86 8 -14|1.0 27
4147 中裕|生技醫療|51 107 57|77 79 2 11|0.6 52
4153 鈺緯|生技醫療|-13 1 13|90 90 22 32|4.0 11
4155 訊映|生技醫療|16 57 41|68 93 5 1|0.3 8
4157 太景*-KY|生技醫療|26 76 -50|83 92 -4 -1|0.7 25
4160 訊聯基因|生技醫療|12 16 -5|100 100 204 234|2.3 97
4162 智擎|生技醫療|229 77 33|86 91 2 -4|1.9 55
4164 承業醫|生技醫療|56 4 -27|78 86 -11 -12|0.8 26
4167 松瑞藥|生技醫療|131 70 45|100 100 28 16|4.0 127
4168 醣聯|生技醫療|-98 na na|95 99 21 7|3.7 17
4171 瑞基|農業科技|1 -26 7|81 93 12 -6|1.9 11
4174 浩鼎|生技醫療|271 1398 na|64 89 -4 -11|1.4 26
4303 信立|塑膠工業|123 61 79|67 67 -21 97|0.3 97
4306 炎洲|塑膠工業|80 31 19|94 94 10 15|0.4 72
4401 東隆興|紡織纖維|51 42 28|88 89 -3 0|0.5 6
4402 郡都開發|紡織纖維|43 -23 18|84 84 76 186|0.8 17
4420 光明|紡織纖維|25 8 18|96 96 27 77|0.3 12
4438 廣越|紡織纖維|-16 -18 3|95 98 3 2|0.7 6
4440 宜新實業|紡織纖維|33 20 33|92 100 21 9|2.5 6
4503 金雨|電機機械|111 43 -22|78 91 1 20|1.3 28
4506 崇友|電機機械|-14 11 1|88 88 17 38|0.3 12
4510 高鋒|電機機械|-30 -15 -16|75 91 -4 2|0.4 6
4513 福裕|電機機械|-35 7 15|85 85 37 115|0.2 73
4526 東台|電機機械|-29 -13 -1|96 96 42 67|2.0 158
4532 瑞智|電機機械|40 43 20|95 95 24 46|1.3 136
4533 協易機|電機機械|-49 3 21|93 93 70 75|0.4 554
4534 慶騰|電機機械|15 6 6|100 100 93 111|2.4 46
4536 拓凱|運動休閒|-12 -15 13|96 96 4 12|0.3 33
4540 全球傳動|電機機械|-25 -26 1|79 81 -13 -3|1.4 12
4542 科嶠|電子零組|8 43 34|88 88 6 38|0.4 15
4543 萬在|電機機械|-5 -6 6|82 82 20 25|0.2 87
4545 銘鈺|電子零組|67 18 23|88 88 77 85|0.8 100
4549 桓達|電機機械|4 1 10|68 68 45 50|1.6 224
4551 智伸科|汽車工業|-2 -5 13|74 87 6 -13|0.4 15
4552 力達-KY|電機機械|-19 -19 -21|75 87 -8 -11|1.0 5
4555 氣立|電機機械|9 -8 5|90 90 0 2|2.6 10
4557 永新-KY|汽車工業|8 6 -7|88 88 -12 -4|1.0 10
4561 健椿|電機機械|32 29 -2|95 95 70 69|1.5 150
4562 穎漢|電機機械|15 5 14|100 100 215 255|1.4 673
4563 百德|電機機械|34 43 13|93 100 28 31|1.8 23
4564 元翎|電機機械|-30 -24 4|77 95 1 -1|0.6 12
4566 時碩工業|電機機械|30 13 22|96 96 89 83|2.5 2152
4571 鈞興-KY|電機機械|52 39 23|82 82 24 56|1.0 132
4572 駐龍|電機機械|-5 -2 -19|83 91 -7 -5|1.0 17
4576 大銀微系統|電機機械|7 1 19|83 83 -17 8|0.5 19
4580 捷流閥業|電機機械|-18 -18 -11|99 99 11 19|1.0 16
4583 台灣精銳|電機機械|5 9 16|95 95 15 37|0.4 30
4588 玖鼎電力|其他電子|32 1 na|na na 19 na|0.6 73
4707 磐亞|化學工業|17 -11 -1|100 100 11 24|4.1 8
4714 永捷|化學工業|91 52 64|77 77 -8 55|0.3 83
4716 大立|化學工業|36 33 27|95 95 45 58|0.3 22
4720 德淵|化學工業|18 12 7|100 100 46 40|1.4 14
4721 美琪瑪|化學工業|0 -6 31|84 92 7 -8|3.3 13
4722 國精化|化學工業|23 20 3|100 100 38 43|2.2 11
4726 永昕|生技醫療|-43 -27 -18|98 98 58 71|2.3 508
4728 雙美|生技醫療|26 12 -12|98 98 47 69|0.7 31
4736 泰博|生技醫療|-18 -4 31|89 99 11 4|0.7 34
4739 康普|化學工業|-24 -25 11|79 89 8 -10|2.0 19
4743 合一|生技醫療|23 37 -2|71 84 -5 -17|1.9 248
4746 台耀|生技醫療|38 29 11|88 88 -7 4|1.2 104
4747 強生製藥|生技醫療|-1 -1 -16|63 82 7 -12|0.6 7
4755 三福化|化學工業|-12 -8 -9|86 86 -13 12|0.4 17
4760 勤凱科技|其他電子|37 27 -17|85 85 86 99|0.9 122
4763 材料*-KY|化學工業|31 64 -85|73 85 -6 12|1.0 1384
4766 南寶|化學工業|14 12 9|93 93 17 27|0.7 231
4768 晶呈科技|化學工業|21 15 32|85 85 7 27|0.6 136
4770 上品|化學工業|13 2 18|92 92 -0 37|1.3 138
4771 望隼|生技醫療|38 41 na|na na -18 na|0.4 37
4903 聯光通|通信網路|65 30 34|87 87 40 34|0.5 27
4904 遠傳|通信網路|14 13 4|100 100 6 9|2.2 467
4905 台聯電|生技醫療|568 606 276|81 81 16 29|0.2 7
4906 正文|通信網路|4 -7 12|94 94 8 7|0.9 307
4908 前鼎|通信網路|34 22 -12|89 89 -7 18|1.3 287
4909 新復興|通信網路|302 332 178|95 95 17 241|2.1 852
4912 聯德控股-KY|電子零組|44 44 27|90 90 -6 52|0.7 31
4915 致伸|電子零組|-8 -9 9|84 84 16 44|0.7 665
4916 事欣科|電腦及週|13 22 7|63 84 -6 -15|0.5 10
4919 新唐|半導體業|-3 -3 5|83 88 -2 -11|3.2 272
4924 欣厚-KY|綠能環保|125 35 22|91 91 90 97|1.5 6
4927 泰鼎-KY|電子零組|-8 -7 1|56 75 -3 -24|0.9 33
4931 新盛力|電腦及週|13 -12 27|68 87 -7 -3|0.4 5
4933 友輝|光電業|-2 11 -30|92 92 8 9|0.2 9
4934 太極|光電業|-63 -76 -29|61 88 -2 -11|2.6 18
4935 茂林-KY|光電業|-6 10 25|95 95 24 24|0.4 12
4938 和碩|電腦及週|3 -13 -0|87 87 6 16|2.1 1540
4942 嘉彰|光電業|-2 -3 6|100 100 4 9|0.7 7
4945 陞達科技|半導體業|-24 -6 -49|69 69 -18 12|0.4 21
4951 精拓科|半導體業|31 29 24|91 91 15 15|0.4 31
4952 凌通|半導體業|25 19 15|86 86 33 16|0.3 106
4953 緯致|資訊服務|19 18 4|82 90 -5 0|0.6 42
4956 光鋐|光電業|25 7 8|96 96 48 65|1.7 124
4958 臻鼎-KY|電子零組|29 35 33|96 96 -1 20|1.4 1120
4960 誠美材|光電業|-7 1 -16|92 92 3 4|0.2 41
4961 天鈺|半導體業|12 9 11|91 93 -4 -0|1.0 605
4966 譜瑞-KY|半導體業|18 24 17|62 62 -9 -33|0.6 1447
4967 十銓|半導體業|134 76 -59|82 82 77 65|0.6 3370
4968 立積|半導體業|47 35 22|89 89 7 17|1.3 1038
4971 IET-KY|半導體業|-7 40 33|88 88 0 -2|1.7 9
4973 廣穎電通|半導體業|-6 -1 -3|88 88 13 26|0.4 71
4974 亞泰|電子零組|3 -1 12|100 100 9 12|0.5 14
4976 佳凌|光電業|31 19 28|96 96 18 19|2.5 124
4977 眾達-KY|通信網路|-52 -70 3|90 97 7 7|2.3 133
4979 華星光|通信網路|33 68 -33|64 75 -3 -19|0.5 676
4991 環宇-KY|半導體業|136 104 59|92 92 54 42|1.2 9
4994 傳奇|資訊服務|-17 -10 -12|91 91 4 111|0.5 59
4995 晶達|光電業|4 17 11|100 100 28 37|0.9 6
5007 三星|鋼鐵工業|-7 5 1|99 99 2 6|1.0 5
5009 榮剛|鋼鐵工業|-6 -2 -3|83 87 2 2|0.9 297
5014 建錩|鋼鐵工業|16 1 7|98 98 33 14|0.5 11
5202 力新|資訊服務|-29 -15 -21|76 76 -14 21|1.4 13
5203 訊連|資訊服務|27 21 7|94 94 15 3|0.8 40
5209 新鼎|其他|9 6 -43|93 93 -5 19|1.0 10
5210 寶碩|資訊服務|-10 6 8|40 46 -29 -48|1.5 24
5211 蒙恬|資訊服務|22 16 -4|99 99 19 38|0.9 6
5213 亞昕|建材營造|74 465 -698|80 80 5 17|0.5 41
5222 全訊|半導體業|5 19 -1|89 89 -10 -2|0.3 47
5225 東科-KY|其他電子|9 16 12|93 93 -5 105|0.7 101
5230 雷笛克光學|光電業|32 30 12|100 100 70 61|1.1 120
5234 達興材料|光電業|-8 -4 -24|85 85 -7 50|0.6 186
5236 凌陽創新|半導體業|-3 9 -40|75 75 8 -12|0.9 169
5243 乙盛-KY|光電業|-14 -6 14|83 100 15 13|4.1 246
5244 弘凱|光電業|14 8 -3|86 86 10 20|0.8 7
5251 天鉞電|光電業|109 166 141|85 85 62 98|0.2 42
5258 虹堡|電腦及週|0 3 2|87 89 -10 7|0.6 121
5263 智崴|文化創意|38 33 18|93 93 38 35|1.5 235
5269 祥碩|半導體業|82 42 -3|85 85 -14 20|0.9 1922
5272 笙科|半導體業|-13 12 -7|72 72 -11 -13|0.6 10
5274 信驊|半導體業|93 78 71|95 95 42 49|0.7 1877
5283 禾聯碩|電器電纜|-5 -1 1|92 92 -8 -1|1.3 14
5284 jpp-KY|其他|-21 -11 -20|58 58 -36 14|0.6 64
5285 界霖|半導體業|9 2 12|79 94 7 -6|0.6 13
5287 數字|數位雲端|6 6 -2|97 97 -2 3|0.7 7
5288 豐祥-KY|電機機械|-5 -1 7|92 92 7 12|0.4 13
5289 宜鼎|電腦及週|1 3 11|93 93 0 3|0.6 153
5292 華懋|綠能環保|10 6 na|na 100 16 48|0.9 40
5299 杰力|半導體業|-4 -16 -16|86 89 2 -11|0.7 15
5302 太欣|半導體業|-66 2 -16|80 80 12 5|0.8 23
5306 桂盟|運動休閒|12 0 22|89 90 -1 8|0.6 12
5309 系統電|電子零組|5 2 7|87 92 3 1|0.6 27
5312 寶島科|生技醫療|3 5 -5|95 95 -5 26|2.6 12
5314 世紀*|其他|4229 na na|52 52 -47 186|0.8 51
5315 光聯|光電業|-9 -18 11|92 94 4 5|2.0 5
5321 美而快|數位雲端|-4 -13 -8|54 77 -10 -22|0.5 5
5324 士開|建材營造|27 23 -12|81 81 2 16|0.2 8
5328 華容|電子零組|-23 -25 -11|84 91 2 -4|2.3 9
5340 建榮|電子零組|74 101 68|69 81 -3 -13|0.4 118
5347 世界|半導體業|14 18 20|100 100 68 81|1.2 2832
5351 鈺創|半導體業|28 35 29|86 86 -7 -8|0.8 207
5353 台林|通信網路|-19 -22 -16|85 85 -2 -1|0.4 14
5356 協益|電腦及週|26 8 4|95 95 6 29|0.7 17
5371 中光電|光電業|3 -1 10|73 73 4 26|0.6 617
5381 光譜|電機機械|-37 5 -324|85 85 -1 24|0.2 27
5386 青雲|電腦及週|-38 5 -15|80 80 -18 34|0.3 30
5388 中磊|通信網路|-15 -7 2|82 82 -15 -9|1.1 410
5392 能率|光電業|9 6 4|83 83 50 51|0.5 149
5403 中菲|資訊服務|18 7 -4|86 86 -6 10|0.5 18
5410 國眾|資訊服務|72 49 54|97 97 17 15|0.5 23
5425 台半|半導體業|-1 -4 4|77 82 -0 -20|0.6 128
5426 振發|電腦及週|-7 -5 22|80 80 -3 12|0.4 97
5432 新門|綠能環保|-16 -30 -41|95 95 50 119|1.2 256
5434 崇越|電子通路|13 10 14|97 97 18 52|0.5 289
5439 高技|電子零組|-12 -9 -28|64 76 -21 -22|0.8 159
5443 均豪|半導體業|17 28 32|100 100 36 197|2.4 858
5452 佶優|其他電子|4 3 2|100 100 46 53|6.7 24
5457 宣德|電子零組|12 19 14|82 82 -4 -1|0.3 36
5464 霖宏|電子零組|41 5 17|92 92 11 3|1.0 6
5465 富驊|電腦及週|-41 -19 -30|66 78 -11 -12|0.4 11
5468 凱鈺|半導體業|-10 12 1|91 91 58 55|2.3 9
5469 瀚宇博|電子零組|-6 -9 -0|84 84 -8 4|1.1 185
5471 松翰|半導體業|7 12 4|88 89 -5 -8|0.9 14
5474 聰泰|電腦及週|51 30 13|95 95 23 59|1.3 117
5475 德宏|電子零組|16 15 28|96 100 27 15|1.8 11
5478 智冠|文化創意|6 15 12|76 89 2 5|1.9 38
5483 中美晶|半導體業|1 -2 2|92 92 6 13|1.0 738
5484 慧友|光電業|105 50 44|100 100 228 240|2.5 82
5488 松普|電子零組|-33 -45 -3|71 71 3 15|0.8 6
5490 同亨|電腦及週|112 86 38|97 97 39 57|1.1 67
5493 三聯|其他電子|18 22 11|88 88 18 91|0.6 98
5498 凱崴|電子零組|30 23 28|92 92 21 45|0.5 40
5508 永信建|建材營造|42 94 -251|100 100 71 158|0.4 536
5511 德昌|建材營造|-22 -25 -36|83 90 -1 -1|0.2 19
5512 力麒|建材營造|-47 -36 -56|86 86 18 26|0.2 48
5515 建國|建材營造|45 33 35|81 81 12 39|0.4 29
5519 隆大|建材營造|-25 -12 -245|92 92 19 67|0.4 157
5521 工信|建材營造|19 26 -4|81 81 -11 -8|0.2 30
5522 遠雄|建材營造|2192 935 717|88 88 49 53|0.4 234
5525 順天|建材營造|-32 -55 -304|91 91 16 42|0.4 5
5529 鉅陞|建材營造|-1 -5 -45|91 91 38 70|0.3 8
5530 龍巖|其他|-5 -8 -15|91 91 29 34|1.8 38
5531 鄉林|建材營造|-1 -57 -84|78 78 14 5|0.3 27
5533 皇鼎|建材營造|-85 -89 -256|86 86 -0 1|0.5 11
5534 長虹|建材營造|95 119 -307|83 83 27 48|0.4 198
5536 聖暉*|其他電子|18 7 15|97 97 30 52|1.3 281
5603 陸海|航運業|68 9 16|100 100 11 19|0.7 9
5607 遠雄港|航運業|23 20 14|81 90 4 2|1.2 35
5608 四維航|航運業|-9 -9 22|86 86 13 -0|0.3 106
5609 中菲行|航運業|24 15 34|94 94 7 14|0.3 31
5706 鳳凰|觀光餐旅|86 79 -963|69 96 14 8|0.4 56
5864 致和證|金融業|-112 19 38|76 96 13 34|0.6 37
5871 中租-KY|其他|6 8 -2|76 80 -12 -18|1.3 1406
5876 上海商銀|金融保險|3 5 -3|95 95 -1 -2|0.4 202
5880 合庫金|金融保險|19 2 -8|93 97 -1 -2|0.8 270
5903 全家|居家生活|6 7 -2|91 97 2 2|0.5 9
5904 寶雅|居家生活|8 9 -3|93 93 6 -7|0.4 224
5905 南仁湖|觀光餐旅|4 3 1|100 100 26 20|2.9 38
6005 群益證|金融保險|58 57 -22|94 94 29 57|0.4 300
6015 宏遠證|金融業|109 87 -17|97 97 5 21|0.6 25
6016 康和證|金融業|-36 209 360|94 94 -1 24|0.4 32
6021 美好證|金融業|44 84 -17|94 94 58 81|1.1 5
6023 元大期貨|金融業|10 34 29|100 100 24 64|1.3 29
6024 群益期|金融保險|87 63 51|99 99 15 23|0.7 33
6026 福邦證|金融業|74 -169 -803|93 93 -1 26|0.7 19
6101 寬魚國際|文化創意|60 667 -105930|89 89 -4 -0|0.7 8
6104 創惟|半導體業|19 9 -8|74 79 -9 -17|0.6 73
6108 競國|電子零組|-8 -10 -1|84 84 -7 -5|0.7 5
6111 光聚晶電|文化創意|7 21 -59|77 88 6 -3|3.1 64
6112 邁達特|資訊服務|-11 -13 -19|85 89 -2 -4|0.8 99
6113 亞矽|電子通路|-38 -49 -14|67 67 3 84|0.2 13
6115 鎰勝|電子零組|18 20 18|99 99 11 26|0.7 12
6117 迎廣|電腦及週|31 45 14|79 79 53 64|0.6 381
6120 達運|光電業|17 26 -37|82 84 -8 15|0.3 42
6121 新普|電腦及週|1 -6 2|76 76 -3 3|1.0 286
6122 擎邦|電機機械|-37 -22 -95|75 80 -20 -4|0.3 23
6123 上奇|資訊服務|21 8 5|91 91 1 7|0.7 9
6125 廣運|電機機械|-48 -47 -21|81 81 35 95|0.4 1146
6126 信音|電子零組|2 5 9|86 86 -4 12|1.1 37
6127 九豪|電子零組|14 15 -7|94 95 10 7|4.4 19
6128 上福|電腦及週|8 4 4|93 93 -2 17|0.3 8
6129 普誠|半導體業|-30 -35 -8|77 80 -7 -22|0.9 13
6133 金橋|電子零組|47 22 37|90 100 21 2|1.6 6
6134 萬旭|電子零組|51 33 45|100 100 19 21|1.6 6
6138 茂達|半導體業|13 11 -13|84 84 -2 -11|0.7 116
6139 亞翔|其他電子|110 122 23|72 72 -5 71|1.7 1511
6140 訊達電腦|資訊服務|5 11 15|70 70 19 42|0.5 64
6143 振曜|通信網路|41 10 11|92 92 39 48|0.6 290
6146 耕興|其他電子|-1 -8 -1|82 82 -5 -1|0.6 98
6147 頎邦|半導體業|-8 -9 -2|90 90 -7 -2|0.6 356
6150 撼訊|電腦及週|-8 6 -47|66 75 -19 -18|0.4 19
6152 百一|通信網路|95 17 50|100 100 72 69|3.4 52
6153 嘉聯益|電子零組|-38 -35 -5|81 93 2 -5|1.3 31
6155 鈞寶|電子零組|10 -7 17|98 98 9 9|1.0 12
6156 松上|電子零組|36 22 25|94 98 10 0|1.5 16
6160 欣技|電腦及週|29 -16 -1|90 98 35 33|3.1 36
6161 捷波|電腦及週|-13 5 6|84 84 23 40|0.3 106
6163 華電網|資訊服務|96 67 67|97 97 12 28|1.3 59
6164 華興|光電業|39 18 17|90 90 11 36|1.2 40
6165 浪凡|數位雲端|9 4 8|72 72 -1 6|0.4 21
6166 凌華|電腦及週|-14 -16 -0|91 91 17 29|0.8 143
6167 久正|光電業|-64 -55 -21|85 85 -2 -0|0.6 9
6168 宏齊|光電業|-4 1 5|80 80 -2 -12|0.5 16
6170 統振|通信網路|33 37 10|91 95 7 5|0.7 59
6173 信昌電|電子零組|1 -2 -4|94 94 13 9|2.2 48
6175 立敦|電子零組|21 14 3|98 98 22 16|2.1 22
6176 瑞儀|光電業|-9 3 16|85 85 7 42|0.8 786
6177 達麗|建材營造|2818 933 -769|91 91 47 79|0.4 187
6179 亞通|其他|7 -27 -32|83 83 -17 -6|0.5 19
6180 橘子|文化創意|14 11 13|94 94 12 11|0.5 133
6182 合晶|半導體業|-13 -17 8|80 89 -4 -12|3.1 95
6186 新潤|建材營造|432 56999 na|96 96 48 70|0.5 65
6187 萬潤|半導體業|337 306 204|93 93 -4 98|0.4 607
6188 廣明|電腦及週|-26 -15 1|88 88 18 47|0.7 1250
6189 豐藝|電子通路|30 64 22|94 94 3 66|0.8 284
6190 萬泰科|通信網路|22 10 18|91 91 14 32|0.3 89
6191 精成科|電子零組|-10 -8 -4|96 96 1 14|1.3 155
6192 巨路|其他電子|28 14 6|96 96 29 47|0.3 35
6196 帆宣|其他電子|26 9 5|98 98 -2 29|1.3 146
6197 佳必琪|電子零組|78 55 24|94 94 18 119|0.8 1376
6202 盛群|半導體業|-0 -12 31|87 89 -0 -9|0.6 37
6203 海韻電|電子零組|-48 -30 -44|78 88 -1 -7|0.7 20
6204 艾華|電子零組|19 6 -13|85 85 -5 14|1.0 48
6205 詮欣|電子零組|37 15 39|86 86 -1 3|0.6 16
6206 飛捷|電腦及週|15 49 45|96 96 24 41|0.6 64
6207 雷科|電子零組|81 54 33|100 100 63 137|0.6 610
6208 日揚|半導體業|-13 -5 -2|85 85 -12 12|0.3 8
6209 今國光|光電業|-15 -8 11|89 89 18 12|0.3 73
6213 聯茂|電子零組|55 23 19|96 96 1 41|0.8 1093
6214 精誠|資訊服務|21 21 12|88 88 3 10|1.6 140
6215 和椿|其他電子|41 21 36|96 96 72 142|0.6 337
6216 居易|通信網路|68 76 22|92 92 32 53|0.7 93
6217 中探針|電子零組|21 7 15|92 94 12 14|1.7 50
6219 富旺|建材營造|3931 5560 2778|91 91 8 66|0.3 43
6223 旺矽|半導體業|20 16 3|98 98 68 160|0.6 1219
6224 聚鼎|電子零組|-11 -7 -5|82 89 -5 -6|0.9 6
6226 光鼎|光電業|-3 -13 -12|93 93 9 12|1.7 6
6227 茂綸|電子通路|-27 -21 -5|89 89 19 97|0.3 93
6228 全譜|電腦及週|-16 77 51|88 88 88 71|2.6 13
6229 研通|半導體業|91 83 71|95 95 33 52|1.2 28
6230 尼得科超眾|電腦及週|-29 -32 -4|88 88 62 159|0.5 401
6231 系微|資訊服務|14 24 14|95 95 61 45|0.9 391
6233 旺玖|半導體業|9 -4 9|75 75 -12 -13|0.4 27
6234 高僑|光電業|-20 -35 -56|90 94 -6 12|1.6 9
6235 華孚|電腦及週|17 17 -9|55 81 -11 -16|1.1 158
6237 驊訊|半導體業|-31 -22 2|71 71 -14 -17|0.4 24
6239 力成|半導體業|16 15 13|93 93 -2 30|0.7 822
6243 迅杰|半導體業|-31 -21 -33|67 67 -13 -21|0.5 28
6244 茂迪|光電業|-2 -17 13|91 97 13 9|4.7 91
6245 立端|通信網路|-18 -26 2|79 82 -4 -15|0.4 68
6248 沛波|鋼鐵工業|5 15 -1|89 89 -5 15|0.3 11
6257 矽格|半導體業|29 23 21|93 93 4 13|1.2 291
6261 久元|半導體業|40 38 30|100 100 8 27|1.9 23
6263 普萊德|通信網路|-0 2 -1|99 99 13 27|0.9 56
6264 富裔|建材營造|-70 -28 21|76 76 71 88|0.2 8
6265 方土昶|電子通路|44 -3 14|89 89 21 36|0.5 13
6266 泰詠|電子零組|-25 -28 -9|80 97 4 8|0.6 11
6269 台郡|電子零組|-12 -2 17|96 96 5 9|1.3 272
6270 倍微|電子通路|-10 -14 17|94 94 35 24|0.5 73
6271 同欣電|半導體業|7 6 14|88 93 -2 -7|1.0 209
6274 台燿|電子零組|44 43 31|86 86 -9 33|0.4 923
6275 元山|電子零組|3 3 -7|87 87 -0 33|0.3 62
6276 安鈦克|電腦及週|1 -4 -10|47 66 -14 -41|0.3 5
6277 宏正|電腦及週|-3 -5 6|98 98 1 4|0.8 9
6278 台表科|光電業|-6 -1 11|99 99 12 31|0.8 324
6279 胡連|電子零組|31 17 4|96 96 -3 6|0.5 69
6281 全國電|電子通路|-10 -5 -0|99 99 1 5|0.7 6
6282 康舒|電子零組|54 58 19|68 87 -2 -6|0.8 214
6283 淳安|其他電子|3 47 38|80 80 22 4|0.3 16
6284 佳邦|電子零組|19 11 -4|97 97 6 9|1.1 270
6285 啟碁|通信網路|12 15 6|92 92 -0 -1|1.3 716
6288 聯嘉|汽車工業|35 37 13|81 81 -19 -7|0.5 36
6290 良維|電子零組|5 9 5|87 87 2 42|0.9 756
6291 沛亨|半導體業|-34 -11 -48|50 64 -17 -35|0.6 12
6292 迅德|電子零組|-6 -18 1|93 93 2 35|0.7 23
6294 智基|文化創意|21 21 15|85 85 -13 -6|0.4 6
6409 旭隼|其他電子|11 5 19|91 93 13 7|1.3 297
6411 晶焱|半導體業|-17 -10 -27|76 81 -7 -19|0.7 34
6412 群電|電子零組|-7 -7 -1|77 77 -23 2|1.1 149
6414 樺漢|電腦及週|33 25 15|88 88 -4 23|0.9 556
6415 矽力*-KY|半導體業|32 26 30|85 85 39 -1|0.8 1272
6416 瑞祺電通|通信網路|0 -4 15|100 100 12 39|1.3 74
6417 韋僑|通信網路|3 -1 -2|71 95 6 3|0.6 14
6419 京晨科|光電業|189 220 10|77 77 145 166|1.2 80
6425 易發|電機機械|23 252 168|75 75 -8 233|0.5 159
6435 大中|半導體業|-2 -9 -27|97 97 9 2|2.6 28
6438 迅得|其他電子|-22 -18 -2|89 89 -10 16|1.4 59
6441 廣錠|電腦及週|-48 -47 -30|66 83 6 -17|2.6 7
6442 光聖|通信網路|118 77 59|100 100 154 457|0.6 240
6443 元晶|光電業|-43 -52 -21|81 95 -1 -3|3.5 111
6446 藥華藥|生技醫療|89 82 -5|100 100 77 71|2.0 1995
6449 鈺邦|電子零組|18 11 -24|96 96 74 128|1.3 602
6451 訊芯-KY|半導體業|-23 -14 3|97 97 53 88|0.3 695
6456 GIS-KY|光電業|-29 -9 22|90 95 10 2|0.6 71
6457 紘康|半導體業|62 56 18|82 88 21 -12|4.8 8
6462 神盾|半導體業|17 7 -19|73 73 -17 92|0.7 781
6469 大樹|生技醫療|6 6 -4|64 69 -20 -30|2.4 51
6470 宇智|通信網路|-29 -33 -8|65 91 5 -9|1.5 9
6472 保瑞|生技醫療|56 31 7|100 100 27 36|1.2 1594
6477 安集|光電業|-53 -65 -11|87 98 7 12|5.6 13
6485 點序|半導體業|-24 -27 -13|64 67 -7 -32|0.4 10
6486 互動|通信網路|21 26 1|99 99 12 28|0.5 18
6488 環球晶|半導體業|-13 -14 -4|91 92 1 -4|1.0 946
6491 晶碩|生技醫療|11 9 -2|93 93 2 24|0.7 311
6492 生華科|生技醫療|0 0 -0|78 92 7 -8|2.1 13
6494 九齊|半導體業|27 7 -3|77 80 -2 -14|0.7 6
6496 科懋|生技醫療|20 0 -14|100 100 31 25|1.7 7
6499 益安|生技醫療|19 6 -21|95 100 21 14|2.4 6
6505 台塑化|油電燃氣|10 4 14|74 79 -10 -20|1.2 309
6509 聚和|化學工業|8 -0 11|100 100 13 11|1.5 37
6510 精測|半導體業|-5 -2 21|76 80 -11 -19|0.7 37
6515 穎崴|半導體業|-9 44 61|100 100 42 33|1.0 793
6517 保勝光學|光電業|-9 -18 -3|69 81 -14 -17|0.3 9
6523 達爾膚|生技醫療|-7 19 -13|93 93 6 18|0.3 13
6525 捷敏-KY|半導體業|11 6 13|95 97 3 3|0.8 9
6526 達發|半導體業|43 34 na|na 92 14 25|0.7 864
6530 創威|通信網路|1 -1 -5|85 85 -6 14|1.3 29
6531 愛普*|半導體業|-36 -11 -17|72 72 -4 -17|1.2 959
6532 瑞耘|半導體業|-20 -14 -12|85 85 -10 19|1.2 11
6533 晶心科|半導體業|91 77 46|76 76 -2 -11|1.2 294
6535 順藥|生技醫療|-59 -7 -614|100 100 26 250|0.3 127
6538 倉和|電子零組|63 47 -6|98 99 20 16|1.1 233
6546 正基|通信網路|9 12 13|82 82 10 20|0.8 455
6547 高端疫苗|生技醫療|na na na|73 80 7 -19|1.8 55
6548 長科*|半導體業|-5 -5 8|88 88 11 15|0.7 122
6550 北極星藥業-KY|生技醫療|3442 na na|85 98 5 -5|1.9 113
6552 易華電|半導體業|35 32 5|86 86 59 50|0.4 70
6556 勝品|光電業|10 -2 13|98 98 43 35|0.8 10
6558 興能高|其他電子|-9 8 6|88 97 16 -3|1.1 5
6560 欣普羅|光電業|-57 -63 -7|96 96 79 61|2.9 39
6561 是方|通信網路|7 7 1|95 95 -3 12|1.1 16
6568 宏觀|半導體業|24 10 26|82 87 -3 -13|1.8 13
6569 醫揚|生技醫療|-28 -15 -9|91 100 28 33|1.6 108
6576 逸達|生技醫療|8281 15994 9055|79 79 -14 -12|2.2 27
6577 勁豐|電腦及週|-31 -15 -35|97 97 5 56|1.1 22
6578 達邦蛋白|農業科技|19 7 6|96 96 8 45|1.5 25
6579 研揚|電腦及週|-19 -4 1|78 95 11 25|0.4 150
6582 申豐|橡膠工業|52 49 49|100 100 37 18|4.7 8
6584 南俊國際|電子零組|63 64 53|96 96 9 154|2.0 116
6585 鼎基|其他|10 34 11|87 87 10 57|0.7 128
6589 台康生技|生技醫療|129 71 65|84 94 11 -4|3.2 96
6591 動力-KY|電腦及週|8 2 -15|88 88 3 23|0.4 22
6592 和潤企業|其他|9 12 -9|76 89 -6 -9|0.7 60
6593 台灣銘板|資訊服務|4 1 -37|50 56 -34 -38|0.3 13
6596 寬宏藝術|文化創意|6 129 45|83 83 1 54|0.2 11
6598 ABC-KY|生技醫療|23 -2 -1|92 92 45 20|2.9 20
6603 富強鑫|電機機械|23 28 27|99 100 9 11|1.4 8
6605 帝寶|汽車工業|6 13 6|99 99 13 70|0.3 186
6609 瀧澤科|電機機械|-12 -4 26|90 90 30 44|0.3 22
6612 奈米醫材|生技醫療|-0 7 -4|100 100 57 41|2.0 26
6613 朋億*|其他電子|1 21 5|90 90 5 49|1.0 27
6615 慧智|生技醫療|-3 4 4|98 98 91 94|3.1 35
6625 必應|其他|136 65 -72|71 80 3 0|0.5 15
6629 泰金-KY|居家生活|37 45 20|100 100 65 145|1.1 10
6640 均華|半導體業|56 71 17|100 100 54 362|0.3 246
6642 富致|電子零組|28 22 13|92 92 10 47|0.9 8
6643 M31|半導體業|22 10 -6|71 71 -11 37|0.3 1137
6651 全宇昕|半導體業|3 -8 7|88 88 -1 -9|0.5 5
6657 華安|生技醫療|13 -5 -5|60 91 -2 -6|0.8 6
6658 聯策|其他電子|87 60 na|na 100 50 36|2.3 22
6664 群翊|電子零組|-8 1 -2|97 97 47 67|0.6 113
6667 信紘科|其他電子|4 20 14|100 100 8 94|0.9 155
6668 中揚光|光電業|-25 -4 9|79 79 -13 30|0.4 56
6669 緯穎|電腦及週|60 19 31|88 88 18 45|0.9 3685
6670 復盛應用|運動休閒|26 11 29|87 87 14 34|0.4 88
6672 騰輝電子-KY|電子零組|-5 -11 -5|83 87 -8 -7|1.2 17
6679 鈺太|半導體業|34 34 2|82 82 -4 -12|0.5 191
6683 雍智科技|半導體業|18 10 13|100 100 50 34|2.0 406
6684 安格|半導體業|28 52 -38|69 69 -8 9|0.3 64
6689 伊雲谷|數位雲端|29 23 2|67 75 -9 -16|0.8 82
6690 安碁資訊|數位雲端|23 17 2|96 96 9 -1|1.6 7
6691 洋基工程|其他電子|-20 -28 -19|100 100 15 42|0.8 144
6693 廣閎科|半導體業|-2 -3 9|90 92 5 9|0.9 9
6695 芯鼎|半導體業|-24 -29 -31|76 76 7 -2|2.5 265
6698 旭暉應材|其他電子|-32 -29 -12|100 100 39 52|6.4 17
6703 軒郁|生技醫療|66 56 -22|91 91 2 1|0.7 24
6706 惠特|光電業|-54 -52 0|97 97 108 65|1.5 462
6712 長聖|生技醫療|11 17 -15|98 98 6 16|1.0 102
6715 嘉基|電子零組|11 -16 8|89 89 1 17|0.8 46
6716 應廣|半導體業|26 34 -36|77 86 13 -10|0.3 9
6719 力智|半導體業|10 14 31|89 89 -0 -6|0.4 273
6727 亞泰金屬|電子零組|-3 24 25|94 94 12 12|0.8 9
6732 昇佳電子|半導體業|8 -1 -49|69 77 -15 -14|0.4 67
6733 博晟生醫|生技醫療|-55 147 -40|82 96 5 3|1.7 13
6735 美達科技|其他電子|132 287 175|76 76 -20 59|0.4 12
6741 91APP*-KY|數位雲端|17 17 5|69 92 5 -7|0.6 32
6742 澤米|光電業|69 49 na|na 77 -17 13|1.5 18
6743 安普新|其他電子|63 67 57|92 100 18 28|2.0 24
6753 龍德造船|航運業|58 13 -6|91 91 24 76|4.1 325
6756 威鋒電子|半導體業|-21 -15 -13|69 69 -9 -26|0.6 43
6757 台灣虎航|航運業|38 47 na|na 100 85 84|1.5 62
6761 穩得|電子零組|12 20 18|95 95 23 45|0.5 42
6763 綠界科技*|數位雲端|-6 -3 -5|84 87 6 -2|0.5 14
6768 志強-KY|運動休閒|41 25 33|90 90 17 33|0.7 38
6770 力積電|半導體業|0 -3 20|85 88 5 -9|0.5 612
6776 展碁國際|電子通路|-17 -3 -3|93 93 -2 12|0.8 5
6781 AES-KY|電子零組|-11 -15 13|78 83 -9 -16|0.6 93
6782 視陽|生技醫療|90 64 39|98 98 26 40|0.6 212
6785 昱展新藥|生技醫療|na na na|na na -19 na|0.6 68
6788 華景電|半導體業|102 78 57|100 100 41 53|1.9 229
6789 采鈺|半導體業|32 21 16|97 97 12 27|0.9 1226
6790 永豐實|造紙工業|8 5 3|97 97 13 31|0.7 17
6796 晉弘|生技醫療|-29 -21 -14|69 89 13 -11|2.1 9
6799 來頡|半導體業|-8 -3 -2|70 70 -12 -20|0.6 75
6803 崑鼎|綠能環保|16 10 3|97 99 2 1|1.2 9
6805 富世達|電子零組|6 25 na|na 84 5 89|0.9 1364
6806 森崴能源|綠能環保|152 106 -105|98 98 8 50|5.1 542
6807 峰源-KY|居家生活|33 28 18|98 98 49 65|0.5 9
6811 宏碁資訊|數位雲端|19 10 4|73 83 1 -2|0.8 31
6829 千附精密|半導體業|9 12 11|75 85 -3 8|1.0 29
6830 汎銓|其他電子|6 -1 -6|77 92 -4 5|1.1 35
6834 天二科技|電子零組|36 41 23|92 92 86 84|2.2 160
6835 圓裕|電子零組|14 27 28|91 91 -6 16|0.5 15
6841 長佳智能|生技醫療|661 496 250|83 99 37 28|2.5 318
6861 睿生光電|生技醫療|14 8 8|66 100 8 0|5.3 6
6863 永道-KY|通信網路|103 91 35|100 100 69 69|0.9 257
6869 雲豹能源|綠能環保|59 22 -14|100 100 76 181|8.4 176
6870 騰雲|數位雲端|19 17 na|na 100 66 33|1.3 12
6873 泓德能源|綠能環保|-50 30 -2|100 100 35 65|2.4 50
6875 國邑*|生技醫療|na na na|na na -17 na|0.6 12
6877 鏵友益|其他電子|48 222 123|100 100 83 74|3.8 62
6894 衛司特|綠能環保|20 53 na|na 88 7 40|0.4 14
6895 宏碩系統|半導體業|-12 -19 na|na 100 159 137|4.3 168
6901 鑽石投資|其他|70 48 na|na 93 8 -9|3.1 124
6906 現觀科|數位雲端|27 40 na|na na -11 na|0.3 9
6922 宸曜|電腦及週|62 38 na|na 91 48 60|0.6 35
6933 AMAX-KY|電腦及週|-10 23 na|na 86 -4 16|0.4 108
6937 天虹|半導體業|15 65 na|na 90 4 -7|1.5 29
7402 邑錡|光電業|-37 -17 -19|81 81 -19 41|0.5 44
8011 台通|通信網路|187 105 47|74 74 6 7|0.9 91
8016 矽創|半導體業|2 -7 -18|81 81 -13 -8|0.8 255
8021 尖點|其他電子|48 43 37|95 95 7 12|0.5 20
8027 鈦昇|電機機械|115 58 66|90 90 29 99|2.0 489
8028 昇陽半導體|半導體業|-14 -16 -8|100 100 72 75|2.1 1700
8033 雷虎|其他|16 32 30|83 83 -5 24|0.5 140
8034 榮群|通信網路|-78 -53 -141|72 72 -11 -8|0.6 8
8039 台虹|電子零組|35 37 14|99 99 26 15|0.8 214
8040 九暘|半導體業|4 -11 27|86 86 6 80|0.7 154
8044 網家|數位雲端|-14 -8 -1|66 78 5 -22|0.6 14
8046 南電|電子零組|-19 -29 12|65 73 -12 -27|1.2 547
8048 德勝|通信網路|-53 -41 -77|69 92 -1 1|0.4 49
8049 晶采|光電業|-54 -48 -15|91 91 -7 1|0.8 10
8050 廣積|電腦及週|-5 -20 6|78 97 2 5|1.6 118
8054 安國|半導體業|53 15 -11|76 76 -7 34|0.3 1074
8059 凱碩|通信網路|134 -5 46|77 77 -8 36|0.3 9
8064 東捷|光電業|-23 -25 4|100 100 76 186|1.8 733
8068 全達|電子通路|28 9 -12|72 76 -8 -19|0.7 12
8069 元太|光電業|9 -9 9|99 99 8 23|1.0 990
8070 長華*|電子通路|-1 -3 12|82 82 8 28|0.6 285
8071 能率網通|電子零組|5 -0 8|88 88 40 38|1.2 29
8072 陞泰|電子通路|-22 -23 -19|100 100 20 21|2.5 8
8076 伍豐|電腦及週|1 3 0|95 98 27 16|6.8 27
8081 致新|半導體業|-1 2 -9|94 94 10 21|1.7 152
8083 瑞穎|電機機械|74 95 63|93 93 5 20|0.8 14
8084 巨虹|電子通路|7 -29 3|100 100 27 19|1.4 80
8085 福華|其他電子|-21 -41 -12|69 69 -14 37|2.7 982
8086 宏捷科|半導體業|120 223 66|88 88 -7 5|1.3 487
8087 麗升能源|綠能環保|264 2245 -246|79 84 -7 25|1.7 6
8088 品安|半導體業|-46 -35 -14|90 90 -3 -7|0.2 17
8089 康全電訊|通信網路|667 401 320|100 100 75 118|1.4 103
8091 翔名|半導體業|5 11 13|98 98 31 78|1.3 92
8092 建暐|其他電子|13 -14 -11|82 82 -18 109|1.0 10
8093 保銳|電子零組|-47 -37 -35|90 90 78 67|0.8 29
8096 擎亞|電子通路|54 40 -19|88 88 54 159|0.6 776
8097 常珵|通信網路|-26 2751 2135|86 86 -4 -1|0.6 13
8099 大世科|資訊服務|16 -5 0|98 98 50 130|3.3 153
8103 瀚荃|電子零組|1 -1 4|100 100 32 38|2.5 203
8104 錸寶|光電業|-20 -5 7|100 100 32 27|6.1 21
8105 凌巨|光電業|-17 -19 -2|97 97 19 22|1.9 83
8107 大億金茂|電機機械|37 19 28|99 99 37 31|0.6 12
8109 博大|電子零組|-24 -19 -11|87 94 -5 4|1.3 6
8110 華東|半導體業|13 10 20|89 89 17 33|2.3 163
8111 立碁|光電業|-3 -4 2|88 88 -2 25|0.4 7
8112 至上|電子通路|91 110 54|84 84 8 34|1.0 940
8114 振樺電|電腦及週|20 5 17|100 100 48 40|1.9 117
8121 越峰|電子零組|35 29 28|85 85 52 71|0.9 85
8131 福懋科|半導體業|21 27 37|93 98 6 -1|0.7 16
8147 正淩|電子零組|-5 17 6|87 87 -2 70|0.5 199
8150 南茂|半導體業|10 6 -6|83 83 -14 -3|1.0 114
8155 博智|電子零組|52 28 25|81 90 2 -6|0.4 76
8163 達方|電腦及週|-29 -23 -10|97 97 11 34|0.9 136
8171 天宇|綠能環保|9 -9 18|72 88 -8 -11|0.7 6
8182 加高|電子零組|10 9 -4|91 91 2 13|0.7 6
8183 精星|其他電子|3 -10 -5|74 82 -12 -18|0.6 9
8210 勤誠|電腦及週|36 42 5|88 88 19 12|0.6 848
8213 志超|電子零組|-6 -3 -5|85 88 -12 -9|0.5 19
8215 明基材|光電業|-7 -1 -13|77 88 -3 -4|0.6 16
8222 寶一|電機機械|43 19 -20|71 90 -9 -6|0.4 19
8227 巨有科技|半導體業|-61 -33 -62|56 56 -12 -8|0.6 278
8234 新漢|電腦及週|-18 -25 7|91 98 18 23|0.8 114
8249 菱光|電子零組|22 -3 24|85 92 2 2|2.2 6
8255 朋程|電機機械|75 70 17|95 95 20 19|1.2 261
8261 富鼎|半導體業|-0 -10 -1|81 88 -4 -12|0.8 29
8271 宇瞻|半導體業|8 6 7|89 89 -5 8|0.7 51
8277 商丞|半導體業|43 26 25|90 90 40 39|2.4 81
8299 群聯|半導體業|68 65 38|81 81 -14 16|0.6 1404
8341 日友|綠能環保|4 3 12|66 84 -1 -16|1.0 12
8349 恒耀國際|鋼鐵工業|3 11 -1|89 89 2 13|0.4 10
8358 金居|電子零組|43 17 22|98 98 10 16|0.6 348
8374 羅昇|電機機械|0 -9 6|100 100 194 220|3.1 229
8383 千附|半導體業|14 -8 22|100 100 14 22|1.4 28
8390 金益鼎|綠能環保|45 19 10|100 100 13 25|0.4 47
8403 盛弘|生技醫療|21 12 6|88 99 7 2|1.7 14
8404 百和興業-KY|其他|52 55 45|90 94 10 2|0.5 8
8410 森田|電腦及週|-6 0 -17|97 97 20 -1|0.7 14
8415 大國鋼|鋼鐵工業|-11 -11 -0|93 93 1 -3|0.4 9
8416 實威|資訊服務|36 8 -1|85 85 16 22|0.5 9
8422 可寧衛*|綠能環保|-3 31 48|87 92 1 0|1.7 66
8431 匯鑽科|其他電子|4 -1 4|84 92 3 7|0.7 6
8432 東生華|生技醫療|65 40 8|98 98 19 39|1.0 10
8433 弘帆|居家生活|-8 5 -12|89 89 -9 6|0.3 7
8436 大江|生技醫療|7 -0 -0|83 87 1 -8|0.8 36
8438 昶昕|綠能環保|20 14 18|86 86 49 55|0.9 31
8440 綠電|綠能環保|8 7 -2|100 100 62 75|4.5 9
8442 威宏-KY|其他|9 6 8|91 91 -7 9|0.9 13
8446 華研|文化創意|40 13 -14|91 98 4 5|0.4 9
8454 富邦媒|數位雲端|0 3 -2|67 84 10 -17|0.5 299
8462 柏文|運動休閒|20 18 -4|74 91 6 -1|0.6 6
8463 潤泰材|其他|19 20 -3|93 93 17 19|0.5 7
8464 億豐|居家生活|19 10 6|99 99 11 11|1.1 258
8466 美吉吉-KY|其他|3 18 -1|93 93 33 23|0.9 9
8467 波力-KY|運動休閒|23 49 21|82 82 -9 39|0.1 19
8473 山林水|綠能環保|-40 -31 -20|89 89 5 43|0.6 26
8476 台境*|綠能環保|39 50 53|86 98 1 15|1.3 7
8478 東哥遊艇|運動休閒|55 25 6|64 97 3 8|1.8 90
8906 花王|其他|-0 9 5|97 97 211 240|0.9 77
8916 光隆|其他|-1 -3 19|99 99 -1 9|0.8 8
8924 大田|運動休閒|37 41 61|97 97 4 5|0.6 14
8926 台汽電|油電燃氣|-0 95 41|87 93 -4 15|0.9 88
8927 北基|油電燃氣|86 95 58|94 94 8 18|0.9 17
8929 富堡|其他|12 7 -3|91 91 25 23|1.3 9
8930 青鋼|鋼鐵工業|11 4 -17|88 88 -5 4|0.2 10
8932 智通*|數位雲端|18 45 -19|100 100 33 35|0.8 57
8936 國統|其他|44 28 -7|82 82 -5 62|0.2 397
8938 明安|運動休閒|1 -11 21|95 95 17 15|0.3 20
8942 森鉅|其他|-39 -36 -22|99 100 3 5|2.5 35
8996 高力|電機機械|-35 -26 -39|88 88 26 103|0.7 1119
9802 鈺齊-KY|運動休閒|-12 -36 6|81 89 -3 -11|0.7 38
9902 台火|其他|-79 -59 -943|91 91 10 27|0.3 11
9904 寶成|運動休閒|8 3 8|88 88 -6 10|1.3 420
9906 欣巴巴|建材營造|-82 -91 -50|93 93 21 68|0.6 21
9907 統一實|其他|22 11 17|83 94 6 -6|0.6 18
9910 豐泰|運動休閒|17 11 11|74 85 -7 -14|1.8 274
9911 櫻花|居家生活|9 22 9|97 97 12 37|0.6 38
9914 美利達|運動休閒|7 4 33|90 90 5 18|0.8 239
9917 中保科|其他|2 4 -5|97 97 7 12|1.2 52
9919 康那香|其他|-9 -7 5|72 79 5 -13|1.3 108
9921 巨大|運動休閒|-7 -9 12|90 91 1 12|0.5 263
9924 福興|居家生活|-4 -0 -4|91 91 1 15|0.4 26
9925 新保|其他|5 4 1|99 99 3 5|0.8 7
9927 泰銘|其他|-10 -15 -26|92 92 4 9|0.6 28
9930 中聯資源|綠能環保|6 -1 -6|97 97 10 14|0.4 7
9933 中鼎|其他|19 37 15|99 99 13 26|0.9 171
9934 成霖|居家生活|4 1 5|88 88 5 16|1.4 52
9935 慶豐富|居家生活|25 27 19|100 100 33 25|1.4 8
9938 百和|其他|38 36 27|92 92 13 10|0.7 98
9939 宏全|其他|10 7 0|99 99 18 39|0.9 141
9940 信義|其他|27 25 22|97 97 9 12|0.5 22
9941 裕融|其他|-2 2 -7|76 79 1 -20|1.9 396
9942 茂順|其他|-18 -22 -20|86 92 -5 -4|0.6 13
9943 好樂迪|觀光餐旅|-4 -5 -7|88 96 2 -1|0.9 12
9944 新麗|其他|8 25 31|95 95 10 11|0.4 7
9945 潤泰新|其他|-19 13 19|93 93 26 20|0.4 514
9946 三發地產|建材營造|470 329 252|88 88 62 112|0.5 130
9951 皇田|電機機械|19 9 3|88 93 -2 -6|1.2 6
9955 佳龍|綠能環保|-44 3 -3|83 83 27 31|0.1 25
9958 世紀鋼|鋼鐵工業|26 16 -40|81 81 39 76|1.0 3064