# 2025-12-01 全池(1079 檔)。欄位:代碼 名稱|產業|最新月YoY 3月YoY均 加速度|距52週高% 距120日高% 60日漲% 120日漲%|量能比 日均值M
1101 台泥|水泥工業|-15 -7 -29|67 87 3 -14|1.0 540
1102 亞泥|水泥工業|-11 -10 -8|87 94 7 -2|1.0 202
1104 環泥|水泥工業|13 8 8|95 95 7 10|0.5 18
1210 大成|食品工業|-2 -2 -0|83 83 -2 -9|0.4 81
1215 卜蜂|食品工業|-4 -1 -2|99 99 8 28|1.3 163
1216 統一|食品工業|-1 -0 -4|91 91 -2 0|1.0 592
1218 泰山|食品工業|-5 -5 1|86 87 -2 -9|0.3 6
1227 佳格|食品工業|4 -1 -2|85 91 3 -2|0.6 13
1229 聯華|食品工業|22 22 24|83 94 -1 7|0.6 67
1231 聯華食|食品工業|1 6 -4|57 66 -28 -23|0.7 31
1232 大統益|食品工業|0 1 3|92 93 -2 -7|0.7 8
1256 鮮活果汁-KY|食品工業|13 11 16|75 75 -5 20|0.2 7
1268 漢來美食|觀光餐旅|17 7 -1|97 97 4 8|0.5 5
1295 生合|食品工業|40 -0 -10|na 60 -34 -11|0.2 17
1301 台塑|塑膠工業|-15 -16 -10|93 97 10 20|1.2 1085
1303 南亞|塑膠工業|-7 -3 -7|100 100 53 113|2.1 7231
1304 台聚|塑膠工業|-18 -17 -8|84 98 9 19|1.3 38
1305 華夏|塑膠工業|-33 -11 5|77 90 -1 11|1.3 12
1307 三芳|塑膠工業|7 -2 -6|67 93 10 -4|0.7 41
1308 亞聚|塑膠工業|-5 11 13|79 97 11 14|0.9 19
1309 台達化|塑膠工業|-29 -34 -25|69 92 1 6|0.9 8
1312 國喬|塑膠工業|118 59 20|92 100 20 10|1.4 39
1313 聯成|塑膠工業|-14 -8 4|97 97 5 35|1.2 20
1316 上曜|建材營造|152 216 17|77 91 14 2|0.3 40
1319 東陽|汽車工業|-3 -10 -11|71 83 -5 -18|0.8 253
1325 恆大|塑膠工業|-17 -12 -4|79 94 16 -5|1.1 15
1326 台化|塑膠工業|-17 -18 -4|94 95 15 40|1.1 623
1342 八貫|其他|7 2 -11|80 94 -1 -5|1.0 11
1402 遠東新|紡織纖維|-0 -5 -1|79 89 5 -8|0.9 229
1409 新纖|紡織纖維|-9 -10 -6|94 94 11 33|1.2 128
1414 東和|紡織纖維|-15 -17 -3|69 91 2 -6|0.5 6
1419 新紡|紡織纖維|14 9 -10|88 95 33 7|1.4 40
1434 福懋|紡織纖維|-16 -12 -10|81 95 2 5|0.6 23
1436 華友聯|建材營造|-93 -84 -1355|47 58 -7 -38|0.6 12
1437 勤益控|其他|26 12 1|98 100 10 7|1.2 7
1440 南紡|紡織纖維|-27 -28 -13|92 95 3 8|0.4 16
1442 名軒|建材營造|-79 -79 -20|39 41 -37 -58|0.7 30
1476 儒鴻|紡織纖維|-7 -5 -12|80 95 8 10|0.9 297
1477 聚陽|紡織纖維|-20 -19 -19|87 100 19 31|0.9 363
1503 士電|電機機械|2 5 -3|81 81 -11 -3|0.4 355
1504 東元|電機機械|17 13 9|71 71 28 70|0.4 3080
1513 中興電|電機機械|-5 1 -9|86 86 -9 -4|0.7 683
1514 亞力|電機機械|19 41 27|82 82 -10 -12|0.5 273
1515 力山|電機機械|35 15 42|77 84 -14 -4|0.4 7
1519 華城|電機機械|13 9 -18|90 90 18 52|1.2 1893
1522 堤維西|汽車工業|66 56 43|77 96 19 13|0.6 86
1524 耿鼎|汽車工業|-16 -16 -12|69 87 3 -4|0.3 27
1528 恩德|電機機械|-28 -24 -2|69 69 -14 14|1.1 30
1529 樂事綠能|電機機械|3 -10 -69|65 66 -25 -34|0.3 11
1532 勤美|電機機械|18 87 94|87 99 15 18|1.1 16
1536 和大|汽車工業|-3 -12 8|65 78 -19 -3|0.5 71
1537 廣隆|電機機械|-31 -30 -19|82 92 -4 -7|0.4 7
1558 伸興|電機機械|-12 -9 -12|93 99 6 10|1.0 9
1560 中砂|電機機械|19 15 -1|88 88 -4 13|0.5 468
1563 巧新|汽車工業|-12 -7 -0|63 78 -14 -20|0.8 14
1565 精華|生技醫療|-23 -20 -17|56 82 -8 -18|0.4 14
1569 濱川|電腦及週|-11 -5 -18|67 82 2 11|0.2 107
1582 信錦|電子零組|7 -1 1|67 91 -3 -8|0.8 28
1584 精剛|其他|1 -10 -1|69 77 -14 -15|0.5 18
1586 和勤|電機機械|12 -7 2|82 88 -5 -4|0.9 10
1587 吉茂|汽車工業|30 25 4|89 96 23 40|1.1 39
1589 永冠-KY|電機機械|-0 6 -11|43 66 -19 -35|0.3 14
1590 亞德客-KY|電機機械|17 15 2|89 89 15 -3|0.6 572
1591 駿吉-KY|電機機械|-32 -58 -62|76 80 -6 -7|0.3 14
1597 直得|電機機械|27 7 -1|59 80 -12 -16|0.4 15
1598 岱宇|運動休閒|-24 -25 -18|67 89 5 -9|0.4 6
1603 華電|電器電纜|-2 13 -16|92 92 -1 3|0.5 14
1605 華新|電器電纜|-8 -7 -9|85 85 33 43|0.5 1849
1608 華榮|電器電纜|-0 1 1|88 88 22 50|0.5 262
1609 大亞|電器電纜|15 7 1|84 89 -4 5|0.4 195
1612 宏泰|電器電纜|-13 9 -8|87 87 -3 6|0.3 53
1616 億泰|電器電纜|-1 14 -3|72 72 -19 10|0.2 41
1618 合機|電器電纜|22 26 -9|83 84 -7 -11|0.3 30
1702 南僑|食品工業|-9 -6 -5|75 89 -3 -11|0.8 22
1707 葡萄王|生技醫療|23 -3 2|86 94 1 1|0.5 11
1708 東鹼|化學工業|-8 -7 -6|79 99 5 3|1.1 27
1710 東聯|化學工業|16 -3 -6|72 96 2 -1|0.8 11
1711 永光|化學工業|-9 -11 -8|80 83 1 12|0.2 29
1712 興農|化學工業|-8 -5 -1|94 95 1 2|0.7 13
1713 國化|化學工業|-10 6 13|81 81 -15 -9|0.9 5
1717 長興|化學工業|-12 -11 -6|85 85 -15 53|0.4 238
1720 生達|生技醫療|19 9 4|97 97 12 12|1.8 30
1722 台肥|化學工業|10 7 3|85 90 -7 -5|1.4 84
1723 中碳|化學工業|-27 -27 -10|75 78 -13 -18|2.5 37
1727 中華化|化學工業|-26 -21 -18|86 86 -1 69|3.5 155
1733 五鼎|生技醫療|-1 -8 -18|82 82 0 4|0.2 6
1734 杏輝|生技醫療|-5 14 5|95 95 -1 -2|0.6 7
1736 喬山|運動休閒|7 2 -19|77 89 13 13|0.9 71
1760 寶齡富錦|生技醫療|3 4 2|74 87 -7 -14|0.5 7
1773 勝一|化學工業|-1 -3 -9|83 90 -6 -7|0.3 41
1784 訊聯|生技醫療|11 1 -4|97 97 35 48|0.6 58
1785 光洋科|其他電子|47 34 -3|87 89 -0 -5|0.4 218
1786 科妍|生技醫療|-4 -1 -6|65 65 -10 -15|0.4 37
1789 神隆|生技醫療|36 22 26|75 88 -1 7|0.5 9
1795 美時|生技醫療|46 12 7|99 99 63 38|1.7 957
1799 易威|生技醫療|-38 -3 -73|41 59 -26 -41|0.5 5
1802 台玻|玻璃陶瓷|-3 4 4|94 94 23 106|1.4 3980
1808 潤隆|建材營造|-98 -99 -3|74 75 5 6|1.0 86
1809 中釉|玻璃陶瓷|16 17 8|78 81 -8 8|0.3 9
1810 和成|玻璃陶瓷|-16 -14 -10|71 71 -22 8|1.0 15
1815 富喬|電子零組|45 36 -24|87 87 23 101|0.7 8361
1903 士紙|造紙工業|8 3 4|77 90 5 -8|0.7 19
1904 正隆|造紙工業|5 -10 -10|85 99 5 9|0.8 18
1905 華紙|造紙工業|-3 -7 1|68 95 5 2|0.7 20
1907 永豐餘|造紙工業|-4 -6 -4|92 100 12 11|0.8 19
1909 榮成|造紙工業|-5 -5 -0|89 98 10 34|2.2 21
2002 中鋼|鋼鐵工業|-12 -13 -3|77 91 -6 -2|1.0 501
2006 東和鋼鐵|鋼鐵工業|1 -3 -1|94 100 16 8|2.3 127
2009 第一銅|鋼鐵工業|-7 -5 -3|93 93 25 35|1.0 76
2010 春源|鋼鐵工業|-1 -0 -7|93 93 0 6|1.0 17
2014 中鴻|鋼鐵工業|-36 -29 5|61 90 -3 3|1.3 38
2015 豐興|鋼鐵工業|-17 -19 -10|86 92 -2 -2|1.1 12
2020 美亞|鋼鐵工業|-30 -12 -3|79 90 -7 -10|0.5 6
2023 燁輝|鋼鐵工業|-6 -3 3|87 93 -1 -1|0.8 20
2027 大成鋼|鋼鐵工業|14 18 7|75 91 1 12|1.1 415
2031 新光鋼|鋼鐵工業|-10 4 -18|76 87 -12 -4|0.8 28
2034 允強|鋼鐵工業|-43 -28 -27|79 91 3 0|2.4 26
2049 上銀|電機機械|-3 -5 -5|53 84 -6 -11|0.6 533
2059 川湖|電子零組|63 71 -8|80 80 18 63|1.7 4259
2062 橋椿|居家生活|-11 -10 8|61 86 -6 -12|0.8 6
2070 精湛|電機機械|4 -12 -1|43 82 -4 -8|0.4 6
2101 南港|橡膠工業|-30 -47 -38|68 83 -13 -14|0.6 47
2102 泰豐|橡膠工業|-41 -32 -46|90 91 -1 -4|0.7 9
2103 台橡|橡膠工業|-19 -14 -17|68 85 -8 -10|2.0 38
2104 國際中橡|橡膠工業|-14 -20 -9|67 84 -5 0|2.7 24
2105 正新|橡膠工業|-11 -8 -4|62 70 -16 -31|1.1 278
2106 建大|橡膠工業|-2 -3 -2|73 88 0 -11|0.6 9
2108 南帝|橡膠工業|-25 -26 -22|70 93 -6 -5|0.6 11
2201 裕隆|汽車工業|-3 -12 3|62 80 5 2|0.9 202
2204 中華|汽車工業|3 9 30|71 93 1 -2|0.9 68
2206 三陽工業|汽車工業|3 -2 2|90 93 -4 -5|0.5 28
2207 和泰車|汽車工業|7 9 7|94 95 6 4|1.1 150
2208 台船|航運業|29 34 -12|72 72 13 32|0.9 100
2211 長榮鋼|鋼鐵工業|37 31 -4|99 99 34 39|1.7 182
2228 劍麟|汽車工業|-6 -10 -9|84 84 -6 23|1.4 49
2230 泰茂|居家生活|-66 22 -51|78 97 3 9|1.0 31
2231 為升|汽車工業|-38 -29 -20|68 68 -6 42|1.3 106
2233 宇隆|汽車工業|-12 -15 -8|71 72 -14 23|0.3 157
2236 百達-KY|汽車工業|447 461 97|74 92 0 7|1.4 30
2241 艾姆勒|汽車工業|43 23 26|97 97 47 56|0.4 23
2247 汎德永業|汽車工業|6 -10 -16|88 88 -1 7|0.7 19
2250 IKKA-KY|汽車工業|-15 -14 -7|51 72 -20 -16|0.2 10
2258 鴻華先進-創|汽車工業|-85 -79 -316|77 89 1 -4|0.8 28
2301 光寶科|電腦及週|23 28 7|82 82 27 53|0.4 3101
2302 麗正|半導體業|11 14 -8|82 94 18 19|0.3 11
2303 聯電|半導體業|-0 -1 -4|98 98 14 8|0.8 1614
2308 台達電|電子零組|48 43 15|91 91 42 149|0.7 11290
2312 金寶|其他電子|-6 -7 -10|70 96 24 15|0.7 445
2313 華通|電子零組|6 5 0|92 92 11 43|0.4 1018
2316 楠梓電|電子零組|5 18 10|100 100 17 175|2.2 546
2317 鴻海|其他電子|11 12 -6|85 85 12 50|0.8 16342
2324 仁寶|電腦及週|-28 -25 -10|77 81 9 3|0.4 953
2327 國巨*|電子零組|8 8 2|90 90 70 86|0.6 8445
2328 廣宇|電子零組|-16 -13 -15|76 76 -15 24|0.1 232
2329 華泰|半導體業|31 29 13|87 87 5 15|0.5 594
2330 台積電|半導體業|17 27 -9|93 93 22 41|0.8 44730
2331 精英|電腦及週|26 27 17|85 96 14 17|0.6 31
2332 友訊|通信網路|2 -3 4|58 87 -9 -7|0.5 33
2337 旺宏|半導體業|24 9 2|83 83 71 55|0.6 4657
2338 光罩|半導體業|-32 -23 -8|63 84 -10 23|0.4 31
2340 台亞|半導體業|-1 -5 -9|78 79 15 26|0.3 39
2342 茂矽|半導體業|-8 -3 -33|77 77 45 35|0.2 72
2344 華邦電|半導體業|35 15 13|87 87 189 213|0.7 4766
2345 智邦|通信網路|115 143 10|89 89 6 40|1.1 5410
2347 聯強|電子通路|3 -3 3|84 87 1 -13|0.9 446
2348 海悅|其他|-52 -33 -15|36 75 -4 -20|0.5 40
2351 順德|半導體業|-7 -10 -7|79 84 -8 17|0.3 126
2352 佳世達|電腦及週|-5 -1 -6|67 72 -28 -6|0.4 108
2353 宏碁|電腦及週|13 7 4|70 79 -5 -21|0.7 509
2354 鴻準|其他電子|127 121 -86|71 85 -4 9|0.3 502
2355 敬鵬|電子零組|-1 -4 0|77 77 -15 2|0.3 40
2356 英業達|電腦及週|-15 3 -17|87 93 9 11|1.3 628
2357 華碩|電腦及週|33 25 -1|84 84 -3 -2|1.0 2279
2359 所羅門|其他電子|26 8 -19|71 76 -13 -8|1.3 161
2360 致茂|其他電子|32 21 -9|95 95 41 132|1.0 3866
2362 藍天|電腦及週|-37 -31 -14|74 87 -2 -12|1.2 23
2363 矽統|半導體業|130 483 -581|66 77 -9 5|0.2 140
2364 倫飛|電腦及週|27 15 -12|59 59 -4 -12|0.6 14
2365 昆盈|電腦及週|-9 -9 -9|66 66 -28 -8|0.4 49
2367 燿華|電子零組|-6 -13 -10|75 75 -14 3|0.4 76
2368 金像電|電子零組|84 76 28|98 98 43 128|1.6 8020
2369 菱生|半導體業|11 8 10|86 86 14 39|0.3 130
2371 大同|電機機械|4 12 12|65 75 -17 -18|1.0 616
2374 佳能|光電業|115 90 40|74 74 2 58|0.2 874
2375 凱美|電子零組|-1 4 -2|90 90 63 61|0.4 731
2376 技嘉|電腦及週|10 4 -24|78 78 -8 -13|0.5 990
2377 微星|電腦及週|3 5 -10|53 70 -20 -25|0.9 1131
2379 瑞昱|半導體業|1 -0 -13|96 96 2 2|0.9 1070
2382 廣達|電腦及週|27 17 -34|93 93 13 9|0.5 3931
2383 台光電|電子零組|39 42 -9|97 97 28 82|1.0 6510
2385 群光|電子零組|-20 -16 -13|72 80 -13 -20|1.2 279
2387 精元|電腦及週|-29 -23 -11|60 83 -2 -16|0.4 17
2388 威盛|半導體業|-23 -52 -35|46 77 -16 -20|0.4 91
2392 正崴|電子零組|-16 10 5|46 63 -17 -26|0.5 76
2393 億光|光電業|-16 -13 -9|63 71 -23 -27|1.5 140
2395 研華|電腦及週|9 15 -3|71 81 -15 -14|0.9 692
2397 友通|電腦及週|0 3 -24|74 74 -24 1|0.3 10
2399 映泰|電腦及週|-35 -15 1|66 85 19 17|0.6 73
2401 凌陽|半導體業|-7 -11 -12|64 78 -17 1|0.4 33
2402 毅嘉|電子零組|9 10 -6|81 81 -14 38|0.5 230
2404 漢唐|其他電子|57 75 50|64 64 -29 47|0.7 1477
2405 輔信|電腦及週|4 18 18|78 88 -6 8|0.3 22
2406 國碩|光電業|79 20 41|76 76 -6 76|1.2 54
2408 南亞科|半導體業|262 187 142|90 90 227 189|0.8 30137
2409 友達|光電業|0 -5 -8|73 80 -8 -8|0.8 532
2412 中華電|通信網路|4 3 -1|94 94 -4 2|1.0 719
2413 環科|電子零組|-5 20 12|94 94 45 52|4.7 36
2417 圓剛|電腦及週|-1 1 2|65 74 -19 -4|0.4 11
2419 仲琦|通信網路|-35 -10 -6|61 86 -2 -5|0.2 18
2420 新巨|電子零組|-6 -11 -11|76 87 -10 -3|0.4 8
2421 建準|電子零組|36 30 -0|86 86 28 68|0.4 1311
2423 固緯|其他電子|2 4 1|89 89 -6 24|0.4 5
2425 承啟|電腦及週|-23 8 -34|70 75 -10 -24|0.4 6
2426 鼎元|光電業|-11 -13 -11|65 86 -11 4|0.6 6
2427 三商電|資訊服務|225 63 6|89 89 4 21|3.1 21
2428 興勤|電子零組|12 5 -6|90 90 27 43|0.4 253
2429 銘旺科|光電業|41 28 -60|53 53 -17 12|0.6 61
2436 偉詮電|半導體業|0 9 -7|77 78 -2 -7|0.5 58
2439 美律|通信網路|21 9 2|85 89 -2 -6|0.7 257
2441 超豐|半導體業|17 13 2|90 90 18 32|0.6 215
2442 新美齊|建材營造|26 73 10|82 82 -15 -2|0.5 8
2449 京元電子|半導體業|42 38 11|95 95 43 122|1.0 6871
2451 創見|半導體業|120 83 45|83 83 79 82|1.4 541
2453 凌群|資訊服務|6 8 0|73 82 -13 -7|0.3 19
2454 聯發科|半導體業|2 10 -0|94 94 6 15|2.1 9037
2455 全新|通信網路|50 27 28|82 83 -9 32|0.9 721
2457 飛宏|電子零組|2 -3 -2|65 88 24 28|0.2 141
2458 義隆|半導體業|-8 -3 0|84 96 1 5|0.5 186
2464 盟立|其他電子|-26 -28 -23|65 75 -22 -3|0.2 66
2465 麗臺|電腦及週|-25 90 68|70 72 -7 -5|0.4 23
2466 冠西電|光電業|-60 -39 -50|48 57 -25 -37|1.4 41
2467 志聖|電子零組|51 50 21|95 95 6 38|1.5 138
2468 華經|資訊服務|29 36 3|55 63 -16 -27|0.5 23
2471 資通|資訊服務|0 8 -6|78 92 1 -5|0.4 8
2472 立隆電|電子零組|-5 -3 -13|89 89 21 42|0.8 593
2474 可成|其他電子|6 5 -10|93 93 8 -1|1.0 685
2476 鉅祥|電子零組|12 11 -1|74 74 -14 25|0.2 111
2478 大毅|電子零組|11 5 -11|87 87 40 35|0.5 279
2480 敦陽科|資訊服務|-3 3 -13|84 84 -8 -0|0.5 31
2481 強茂|半導體業|9 1 -2|89 89 30 77|0.9 2118
2484 希華|電子零組|4 -5 -13|75 86 -6 -4|0.4 6
2485 兆赫|通信網路|320 205 182|96 96 76 97|6.8 239
2486 一詮|光電業|-2 3 -9|79 95 29 28|1.9 1653
2488 漢平|其他電子|-29 -18 -34|81 95 -1 6|0.3 7
2489 瑞軒|光電業|22 4 -9|74 96 14 8|0.5 36
2492 華新科|電子零組|3 1 -3|83 83 45 46|0.4 1386
2493 揚博|電子零組|10 -0 -3|56 56 -37 -6|0.3 44
2495 普安|電腦及週|8 9 16|74 93 28 23|1.8 274
2497 怡利電|汽車工業|-16 -19 -23|66 81 -14 7|0.2 6
2498 宏達電|通信網路|-15 2 5|66 66 -31 28|0.2 462
2501 國建|建材營造|83 60 32|88 92 6 21|0.5 34
2504 國產|建材營造|-1 1 -4|67 80 -4 -18|0.9 63
2515 中工|建材營造|-15 -25 -27|83 83 29 33|0.6 294
2520 冠德|建材營造|-24 -8 4|55 64 -8 -35|0.5 44
2524 京城|建材營造|-95 -74 -315|52 83 -1 -14|0.4 6
2527 宏璟|建材營造|-99 -81 -54|74 97 18 5|2.3 6
2528 皇普|建材營造|1597082 697025 -2546432|63 86 4 -13|0.8 29
2530 華建|建材營造|-72 -54 -1986|70 86 -7 -8|0.6 22
2534 宏盛|建材營造|53 19 -310|76 80 -6 -15|0.4 9
2535 達欣工|建材營造|55 56 15|96 96 8 3|0.4 13
2536 宏普|建材營造|9196 3511 1407|80 86 -6 -13|0.5 5
2537 聯上發|建材營造|12 6462 -4345|70 86 2 -15|0.3 7
2539 櫻花建|建材營造|-85 na na|67 67 -5 -25|0.6 36
2540 愛山林|建材營造|-70 -28 -47|48 57 -37 -35|0.5 37
2542 興富發|建材營造|-36 -10 7|81 84 -7 -2|0.4 156
2543 皇昌|建材營造|19 19 23|55 68 -18 -33|0.4 159
2545 皇翔|建材營造|-93 -91 -108|53 77 -4 -25|0.3 13
2546 根基|建材營造|40 75 28|94 94 10 14|0.4 13
2547 日勝生|建材營造|-12 -8 7|76 85 -3 -15|0.6 11
2548 華固|建材營造|12003 4094 3071|85 91 0 -5|0.5 52
2597 潤弘|建材營造|19 18 1|86 86 10 -5|1.1 64
2603 長榮|航運業|-34 -35 -35|80 85 -1 -11|0.6 1658
2605 新興|航運業|34 11 17|100 100 22 25|2.9 80
2606 裕民|航運業|3 6 13|87 98 11 14|2.8 259
2607 榮運|航運業|-20 -31 -18|90 90 -4 2|0.5 49
2609 陽明|航運業|-39 -42 -33|67 77 -8 -18|0.7 884
2610 華航|航運業|6 1 -4|73 87 -12 -11|0.9 414
2612 中航|航運業|-7 -2 -12|100 100 20 42|2.1 85
2613 中櫃|航運業|5 3 -1|71 84 -8 -14|0.7 9
2614 東森|其他|-1 1 5|99 99 18 32|1.2 29
2615 萬海|航運業|-24 -30 -37|67 79 1 -16|1.0 1657
2617 台航|航運業|4 0 4|100 100 15 15|1.7 34
2618 長榮航|航運業|4 -5 -5|77 86 -13 -9|0.6 651
2630 亞航|航運業|34 10 1|70 70 -23 39|1.2 146
2633 台灣高鐵|航運業|21 7 3|97 97 0 4|1.0 102
2634 漢翔|航運業|-1 6 10|77 77 -15 21|1.1 390
2636 台驊控股|航運業|-30 -35 -34|82 90 -5 -9|0.6 15
2637 慧洋-KY|航運業|2 -9 11|86 100 17 15|2.1 299
2641 正德|航運業|25 68 30|89 93 4 7|1.5 89
2645 長榮航太|航運業|12 12 -5|73 73 -25 36|1.6 298
2646 星宇航空|航運業|19 13 -17|80 88 -7 -7|0.5 74
2707 晶華|觀光餐旅|12 9 1|94 94 -0 0|0.6 24
2718 全心投控|建材營造|1 182 -425|63 91 5 13|0.7 6
2723 美食-KY|觀光餐旅|-9 -10 -7|66 77 -17 -22|1.4 39
2727 王品|觀光餐旅|14 6 2|85 85 -3 -8|0.4 59
2731 雄獅|觀光餐旅|23 3 -8|92 92 3 7|0.7 203
2743 山富|觀光餐旅|29 9 8|79 82 1 -9|0.3 28
2745 五福|觀光餐旅|29 22 3|76 76 3 -6|0.5 37
2748 雲品|觀光餐旅|10 -2 -2|71 87 -6 -9|0.6 5
2753 八方雲集|觀光餐旅|9 8 -2|88 88 -3 10|0.5 58
2755 揚秦|觀光餐旅|20 19 -1|85 85 -9 0|0.4 6
2801 彰銀|金融保險|21 8 -1|98 98 4 12|0.9 407
2812 台中銀|金融保險|12 16 11|88 88 -3 0|1.0 118
2816 旺旺保|金融保險|5 8 6|93 100 16 20|0.6 6
2820 華票|金融保險|35 27 -16|98 98 -1 15|0.5 12
2832 台產|金融保險|2 5 5|97 97 22 23|0.9 24
2834 臺企銀|金融保險|24 7 3|96 96 4 6|0.8 173
2836 高雄銀|金融保險|26 19 2|97 97 3 5|0.6 10
2838 聯邦銀|金融保險|50 23 18|96 96 15 16|0.5 27
2845 遠東銀|金融保險|-2 4 8|92 92 -1 1|0.6 59
2850 新產|金融保險|3 4 -0|98 98 4 24|0.4 21
2851 中再保|金融保險|41 35 35|99 99 12 14|0.7 28
2852 第一保|金融保險|-9 0 3|98 100 6 8|1.1 12
2855 統一證|金融保險|158 118 111|91 98 18 15|0.6 77
2880 華南金|金融保險|8 10 8|99 99 2 17|1.0 284
2881 富邦金|金融保險|63 521 346|98 98 6 9|1.8 3939
2882 國泰金|金融保險|114 100 81|97 98 2 1|1.2 1582
2883 凱基金|金融保險|149 224 899|89 97 1 -6|0.7 502
2884 玉山金|金融保險|55 26 8|89 89 -9 2|0.7 1241
2885 元大金|金融保險|28 33 21|98 98 8 14|1.1 838
2886 兆豐金|金融保險|11 7 13|94 94 -2 4|1.0 634
2887 台新新光金|金融保險|169 161 111|93 93 10 15|0.9 925
2889 國票金|金融保險|41 53 49|100 100 11 29|2.5 88
2890 永豐金|金融保險|39 28 16|99 99 12 16|0.7 597
2891 中信金|金融保險|52 83 44|98 98 3 9|1.0 1425
2892 第一金|金融保險|22 15 8|91 91 -5 2|1.6 352
2903 遠百|貿易百貨|5 1 4|99 99 16 12|1.3 86
2905 三商|貿易百貨|-49 60 -12|98 99 25 29|1.3 31
2908 特力|貿易百貨|-3 -5 0|100 100 1 3|1.3 6
2912 統一超|貿易百貨|4 3 -1|91 92 -5 -3|1.3 498
2913 農林|貿易百貨|-11 -7 -28|63 85 -6 -11|0.4 12
2915 潤泰全|貿易百貨|-16 -1 -7|70 98 3 9|0.9 85
3002 歐格|電腦及週|31 50 31|98 98 77 116|1.5 101
3003 健和興|電子零組|-7 -9 -9|61 88 -3 -9|0.4 11
3004 豐達科|鋼鐵工業|25 21 7|61 65 -32 -32|0.6 43
3005 神基|電腦及週|11 10 0|75 75 -20 5|0.6 257
3006 晶豪科|半導體業|8 4 7|78 78 35 39|0.3 1046
3008 大立光|光電業|-5 -8 -16|80 87 -7 -6|0.5 806
3010 華立|電子通路|-4 -7 -9|86 99 10 8|1.2 144
3011 今皓|電子零組|-43 -49 -24|48 76 -14 6|0.5 5
3013 晟銘電|電腦及週|5 10 -21|82 93 0 28|0.6 697
3014 聯陽|半導體業|-14 -9 -18|79 86 -10 -6|0.6 79
3015 全漢|電子零組|5 6 -8|78 87 -2 -7|0.8 43
3016 嘉晶|半導體業|1 -4 4|80 80 36 59|0.2 74
3017 奇鋐|電腦及週|132 117 43|86 86 41 98|0.9 10053
3019 亞光|光電業|14 11 -9|68 80 -13 4|0.3 392
3022 威強電|電腦及週|-4 -17 -16|60 85 -3 -7|0.6 35
3023 信邦|電子零組|-9 -9 -7|72 92 -1 1|0.9 262
3024 憶聲|光電業|-55 -28 -114|50 74 -17 -25|0.6 8
3025 星通|通信網路|50 4 13|65 100 10 15|4.0 10
3026 禾伸堂|電子零組|-1 3 -4|86 86 22 28|0.5 317
3027 盛達|通信網路|2 -20 -39|57 66 -12 -35|0.4 5
3028 增你強|電子通路|37 24 12|86 86 14 12|0.5 51
3029 零壹|資訊服務|21 25 -26|71 93 -1 7|0.7 100
3030 德律|其他電子|5 16 -11|73 73 -22 25|0.7 284
3031 佰鴻|光電業|26 23 24|83 89 -1 6|1.3 7
3032 偉訓|電子零組|82 82 35|70 70 -24 23|0.5 128
3033 威健|電子通路|19 13 -15|87 88 8 -5|0.5 48
3034 聯詠|半導體業|-8 -10 -10|74 76 -9 -17|0.9 1062
3035 智原|半導體業|-10 9 -61|69 92 13 -2|0.5 593
3036 文曄|電子通路|29 37 13|87 87 13 14|0.9 1277
3037 欣興|電子零組|8 6 -6|100 100 50 99|1.6 5025
3040 遠見|其他|-6 -15 -11|80 80 0 37|0.4 17
3041 揚智|半導體業|-23 -1 20|63 80 -9 -2|0.3 16
3042 晶技|電子零組|-3 -4 -12|78 84 -4 -12|0.7 160
3044 健鼎|電子零組|11 11 -2|87 87 2 45|0.7 1015
3045 台灣大|通信網路|-2 -2 -1|94 94 0 -3|1.0 675
3046 建碁|電腦及週|39 16 16|88 91 3 -6|0.4 11
3047 訊舟|通信網路|-65 -66 -48|51 75 -14 -11|0.3 29
3048 益登|電子通路|-10 -9 -15|81 81 -15 43|0.6 163
3050 鈺德|光電業|7 3 -0|60 84 -7 -13|0.8 5
3051 力特|光電業|-0 -10 -21|57 73 -20 -27|0.6 7
3052 夆典|建材營造|18 14 -7|84 84 0 -6|0.6 8
3055 蔚華科|電子通路|-40 -36 0|80 96 15 22|0.8 18
3056 富華新|建材營造|-97 -11 -10565|49 56 -9 -42|0.9 25
3059 華晶科|光電業|20 28 9|68 68 -14 12|0.2 117
3060 銘異|電腦及週|33 -1 -15|90 90 38 20|1.6 237
3062 建漢|通信網路|65 29 -7|68 80 -3 1|0.3 80
3078 僑威|電子零組|-7 -4 -29|78 78 -16 -10|0.5 68
3081 聯亞|通信網路|76 72 14|99 99 13 84|3.2 879
3086 華義*|文化創意|1 -10 -8|87 87 70 57|1.1 34
3088 艾訊|電腦及週|-8 -8 -14|53 85 -10 -13|1.1 24
3090 日電貿|電子零組|19 25 -5|88 88 26 18|1.1 451
3105 穩懋|半導體業|27 17 29|99 99 57 67|2.9 1305
3128 昇銳|光電業|-11 -6 -21|59 59 -19 -22|0.4 6
3131 弘塑|半導體業|53 46 -4|80 83 -1 4|0.8 874
3135 凌航|半導體業|10 21 na|na na 82 na|1.2 96
3138 耀登|通信網路|17 10 13|75 82 -3 -1|0.4 7
3141 晶宏|半導體業|12 14 5|57 77 -6 -16|0.9 11
3147 大綜|資訊服務|126 41 -56|69 88 -6 3|0.4 105
3149 正達|光電業|30 7 -0|74 74 -14 1|0.2 62
3152 璟德|通信網路|-26 -23 -13|63 80 -10 5|0.7 12
3162 精確|電機機械|38 36 -64|81 81 -12 23|0.3 153
3163 波若威|通信網路|18 21 17|100 100 32 89|3.1 354
3167 大量|電機機械|55 80 -37|90 90 6 68|0.8 2663
3169 亞信|半導體業|6 14 3|82 89 -2 8|0.7 8
3188 鑫龍騰|建材營造|823 593 477|97 97 10 2|1.9 8
3189 景碩|半導體業|40 32 6|94 94 36 78|0.7 1936
3205 佰研|生技醫療|-52 -36 -26|74 74 -18 3|0.3 6
3207 耀勝|電子零組|43 45 4|54 91 2 -10|1.2 21
3209 全科|電子通路|15 -2 -4|88 91 4 -7|0.8 19
3211 順達|電腦及週|30 11 26|68 68 -22 53|1.0 808
3213 茂訊|電腦及週|-18 8 4|75 78 -7 9|0.3 41
3217 優群|電子零組|5 6 -17|81 81 -2 9|0.5 214
3218 大學光|生技醫療|-1 -3 -3|65 69 -15 -27|0.5 35
3219 倚強科|其他電子|29 48 -2|52 52 -42 2|0.3 14
3221 台嘉碩|通信網路|4 2 0|81 81 5 12|0.1 8
3224 三顧|電子通路|32 8 -7|91 95 2 25|1.2 5
3227 原相|半導體業|-3 -2 -18|76 81 7 3|0.2 318
3228 金麗科|半導體業|29 9 27|61 78 -2 -22|0.6 21
3230 錦明|光電業|11 -5 4|61 61 -22 22|0.4 18
3231 緯創|電腦及週|92 98 15|90 90 28 24|0.5 6047
3234 光環|通信網路|22 15 0|77 100 21 33|2.6 23
3236 千如|電子零組|11 8 -3|96 96 54 62|1.0 202
3257 虹冠電|半導體業|40 42 29|77 77 -4 -6|0.1 37
3260 威剛|半導體業|31 52 32|79 79 73 90|0.5 2771
3264 欣銓|半導體業|17 13 10|87 87 21 15|0.7 568
3265 台星科|半導體業|16 10 -2|85 92 -2 3|1.6 64
3289 宜特|其他電子|9 7 -6|73 80 -17 -4|0.4 48
3290 東浦|電子零組|32 21 4|81 81 15 14|0.3 24
3293 鈊象|文化創意|12 13 -10|74 86 -4 -11|0.9 1519
3294 英濟|電子零組|-3 -8 4|68 68 -30 11|0.2 45
3297 杭特|光電業|13 14 0|61 61 -30 14|0.7 16
3303 岱稜|其他電子|12 -3 -9|79 89 -10 -1|0.3 8
3305 昇貿|其他電子|25 25 -12|62 62 -24 68|0.1 499
3306 鼎天|通信網路|-4 21 16|72 72 -23 27|0.2 14
3311 閎暉|通信網路|-13 -6 -10|78 78 -15 -7|0.1 10
3312 弘憶股|電子通路|9 7 -13|59 71 -14 -29|0.4 28
3313 斐成|建材營造|-71 -59 2|73 73 11 3|0.1 10
3317 尼克森|半導體業|4 3 -14|81 81 10 16|0.1 32
3321 同泰|電子零組|28 23 6|61 87 44 73|0.6 5
3323 加百裕|電腦及週|-11 -4 3|72 72 10 26|0.8 82
3324 雙鴻|其他電子|67 54 16|81 81 37 47|0.6 3105
3332 幸康|電子零組|19 17 -12|69 69 -8 5|0.4 14
3338 泰碩|電子零組|-14 -6 -6|68 71 -21 -7|0.6 13
3339 泰谷|光電業|27 25 -0|58 62 -24 -37|0.2 8
3356 奇偶|光電業|-22 -11 2|78 94 4 5|0.4 13
3357 臺慶科|電子零組|19 16 -9|94 94 27 53|1.1 463
3362 先進光|光電業|3 -7 -10|40 64 -22 -28|0.5 36
3363 上詮|通信網路|32 39 -4|95 95 3 55|1.6 1341
3372 典範|半導體業|21 30 17|83 83 2 29|0.4 25
3374 精材|半導體業|6 4 1|62 90 6 -0|0.7 264
3376 新日興|電子零組|-35 -31 -18|68 74 -15 13|1.0 542
3379 彬台|電機機械|679 281 122|66 69 -13 -31|0.5 16
3380 明泰|通信網路|-11 9 12|78 85 9 2|0.6 52
3402 漢科|其他電子|-3 -0 5|79 79 -20 33|0.3 37
3406 玉晶光|光電業|14 6 8|89 96 2 19|0.7 368
3413 京鼎|半導體業|15 18 -16|80 80 4 -0|0.4 456
3416 融程電|電腦及週|-3 16 -2|71 71 -19 9|0.5 43
3430 奇鈦科|化學工業|9 31 16|68 68 16 12|0.1 20
3434 哲固|光電業|3 -12 -19|48 63 -19 -37|0.5 6
3443 創意|半導體業|151 99 72|97 97 67 94|1.2 9433
3444 利機|電子通路|8 5 -10|63 75 -18 -3|0.9 7
3447 展達|通信網路|32 47 -16|52 62 -34 7|0.2 19
3450 聯鈞|半導體業|-19 -16 -55|73 82 26 36|0.9 2331
3454 晶睿|光電業|-29 -23 -34|56 77 -10 -22|1.0 9
3455 由田|光電業|-10 0 1|77 88 -1 11|0.6 21
3466 德晉|通信網路|157 28 59|67 92 -3 6|1.1 22
3479 安勤|電腦及週|13 12 -0|83 83 -15 2|0.6 32
3481 群創|光電業|8 4 -1|88 88 -1 14|0.8 554
3483 力致|電腦及週|-15 -3 -7|64 79 -16 -15|0.3 61
3484 崧騰|電子零組|1 1 -19|75 92 -3 6|1.0 10
3490 單井|光電業|-9 -4 -4|70 95 4 25|0.8 7
3491 昇達科|通信網路|21 -2 -13|100 100 32 58|1.1 752
3498 陽程|其他電子|410 109 -80|83 90 3 31|0.7 22
3501 維熹|電子零組|-19 -11 -8|78 85 -11 -12|0.5 8
3504 揚明光|光電業|-3 -3 -10|65 78 -16 7|0.2 8
3515 華擎|電腦及週|21 79 -14|74 74 -5 15|0.4 274
3526 凡甲|電子零組|14 9 -23|87 91 -1 8|0.5 76
3528 安馳|電子通路|107 95 39|72 72 -5 -16|0.2 20
3529 力旺|半導體業|11 17 7|58 79 -15 -14|0.8 1754
3530 晶相光|半導體業|21 -3 -0|65 89 -0 0|0.2 6
3532 台勝科|半導體業|9 5 9|82 82 29 41|0.2 94
3533 嘉澤|電子零組|3 2 -14|65 75 -9 -4|1.6 1351
3535 晶彩科|光電業|2519 2166 1486|100 100 37 118|0.9 131
3537 堡達|電子零組|-0 -7 -7|87 93 32 14|1.6 81
3540 曜越|電腦及週|23 37 11|73 76 -11 -11|0.2 5
3543 州巧|光電業|-3 -8 -10|87 87 43 112|0.3 193
3545 敦泰|半導體業|-33 -25 -17|58 73 -22 -13|0.7 63
3546 宇峻|文化創意|7 3 4|73 84 1 -2|1.4 28
3548 兆利|電子零組|-1 0 -12|44 70 -17 -20|0.5 28
3551 世禾|綠能環保|28 22 7|85 85 -5 25|0.3 76
3552 同致|其他電子|12 6 9|62 83 -2 11|0.4 18
3555 博士旺|半導體業|541 563 264|78 78 35 145|1.6 9
3558 神準|通信網路|-1 11 -21|54 75 -19 -23|0.3 29
3563 牧德|光電業|12 80 -86|78 78 -15 -9|1.1 473
3564 其陽|通信網路|5 -1 -16|59 67 -16 -29|0.8 6
3570 大塚|資訊服務|-39 4 -23|64 80 -14 -17|0.3 5
3577 泓格|電腦及週|26 -12 -23|59 59 -22 6|1.3 8
3580 友威科|其他電子|-33 -33 -4|62 83 -13 -10|0.6 10
3581 博磊|半導體業|22 22 18|96 96 72 111|2.8 130
3583 辛耘|半導體業|-1 6 -14|70 73 -17 9|0.2 113
3587 閎康|其他電子|17 13 6|79 91 4 23|0.4 59
3588 通嘉|半導體業|-13 -20 -13|65 84 3 1|0.2 9
3592 瑞鼎|半導體業|-14 -13 -8|57 59 -27 -36|0.9 114
3594 磐儀|電腦及週|24 38 -2|59 85 -9 -6|0.6 6
3596 智易|通信網路|11 14 9|74 74 -17 -4|0.7 176
3605 宏致|電子零組|3 4 -13|74 74 -13 15|0.2 111
3609 三一東林|電子零組|50 6 -23|75 83 -1 6|0.5 7
3611 鼎翰|電腦及週|23 28 -11|99 99 15 17|1.5 17
3615 安可|光電業|-25 -15 -9|66 83 -9 -1|1.1 6
3617 碩天|其他電子|-28 -7 -8|53 73 -9 -20|0.7 64
3622 洋華|光電業|56 22 19|89 89 24 30|1.1 79
3624 光頡|電子零組|6 0 -2|93 93 30 57|1.6 370
3625 西勝|電腦及週|19 -3 17|60 60 -9 60|0.5 23
3628 盈正|其他電子|-5 30 15|75 75 54 92|0.4 121
3630 新鉅科|光電業|12 18 2|66 66 -28 23|0.2 15
3645 達邁|電子零組|-5 -0 -18|64 66 -31 -6|0.3 68
3653 健策|電子零組|30 37 -14|96 96 31 103|1.0 5050
3661 世芯-KY|半導體業|-60 -59 -39|78 78 -14 22|1.0 7391
3663 鑫科|其他電子|26 3 -59|56 70 -14 -19|0.7 12
3665 貿聯-KY|其他電子|34 36 6|95 95 67 160|1.5 5864
3673 TPK-KY|光電業|-20 -16 -6|95 95 4 35|1.0 125
3675 德微|半導體業|-6 -7 -3|53 76 4 -4|0.2 49
3680 家登|半導體業|69 18 3|65 89 9 -7|1.6 296
3685 元創精密|電機機械|33 -3 2|76 76 52 189|0.7 27
3686 達能|半導體業|-19 27 23|84 84 18 10|0.4 6
3687 歐買尬|數位雲端|4 8 3|80 92 8 8|0.4 12
3689 湧德|電子零組|-4 -0 -20|89 89 0 2|0.6 324
3691 碩禾|光電業|81 19 42|72 72 -11 4|0.6 10
3693 營邦|電腦及週|-32 -33 -33|77 77 17 4|1.0 148
3694 海華|通信網路|16 31 10|60 60 -33 10|0.3 116
3701 大眾控|電腦及週|-47 -39 -18|64 64 -30 -6|0.3 10
3702 大聯大|電子通路|11 -4 -23|92 93 2 -1|1.3 853
3703 欣陸|建材營造|-25 -18 -14|74 93 -3 -1|0.9 17
3704 合勤控|通信網路|-5 1 -7|85 92 22 27|0.8 118
3705 永信|生技醫療|-4 -8 -15|86 87 0 -5|0.4 14
3706 神達|電腦及週|70 61 -61|84 84 4 48|0.3 2497
3707 漢磊|半導體業|11 7 13|70 70 8 40|0.2 262
3708 上緯投控|綠能環保|-84 -27 -25|70 70 -17 33|0.2 184
3709 鑫聯大投控|電腦及週|32 27 -34|86 86 48 43|0.6 212
3711 日月光投控|半導體業|7 7 1|91 91 43 66|1.0 5866
3712 永崴投控|電腦及週|-38 79 17|36 51 -26 -47|0.4 32
3714 富采|光電業|-10 -14 -7|64 79 -16 -5|0.4 43
3715 定穎投控|電子零組|22 10 1|89 89 21 178|1.2 4705
3717 聯嘉投控|汽車工業|na na na|na na -12 na|0.7 6
4104 佳醫|生技醫療|-3 2 -1|92 92 -7 -5|0.8 12
4105 東洋|生技醫療|-16 11 -2|100 100 7 6|1.4 47
4114 健喬|生技醫療|9 11 -6|82 82 -7 2|0.3 25
4119 旭富|生技醫療|-40 -38 -30|51 73 -21 -26|0.7 8
4123 晟德|生技醫療|-32 -15 -11|81 98 2 5|0.9 50
4128 中天|生技醫療|9 9 -2|52 75 -16 -7|1.2 35
4129 聯合|生技醫療|12 27 5|94 94 8 20|0.5 27
4130 健亞|生技醫療|-6 -11 -8|97 97 29 16|0.7 14
4137 麗豐-KY|生技醫療|5 3 10|84 87 -12 -9|0.6 10
4142 國光生|生技醫療|24 -30 -200|78 93 10 16|0.6 50
4147 中裕|生技醫療|-8 9 11|68 71 -16 -20|0.7 37
4162 智擎|生技醫療|25 9 -84|64 91 7 -9|0.7 35
4164 承業醫|生技醫療|42 21 -5|66 73 -23 -16|0.5 31
4167 松瑞藥|生技醫療|8 -14 -11|85 91 -1 -7|0.6 10
4174 浩鼎|生技醫療|215 49 48|42 75 -6 -23|0.7 26
4303 信立|塑膠工業|-8 216 -161|79 79 -2 2|0.3 144
4306 炎洲|塑膠工業|-0 -10 7|80 92 -4 -8|0.6 10
4417 金洲|紡織纖維|38 21 -8|99 99 6 31|0.7 9
4438 廣越|紡織纖維|62 35 12|78 98 14 1|0.3 14
4503 金雨|電機機械|152 170 34|72 76 -20 -21|0.5 13
4506 崇友|電機機械|4 8 -13|92 92 -3 12|0.6 8
4510 高鋒|電機機械|55 12 22|62 68 -24 -22|0.9 27
4523 永彰|電機機械|-51 -13 -31|70 70 -18 -24|0.8 16
4526 東台|電機機械|11 -8 -8|77 77 -14 20|0.3 44
4532 瑞智|電機機械|-33 -26 -27|74 90 -1 -17|0.6 27
4533 協易機|電機機械|10 2 -29|54 80 -8 -20|2.4 9
4536 拓凱|運動休閒|-35 -18 -28|80 85 -11 -12|0.6 36
4540 全球傳動|電機機械|81 47 24|56 71 -21 -11|0.4 21
4541 晟田|其他|23 11 -14|68 68 -24 -8|1.1 35
4545 銘鈺|電子零組|-18 -8 -12|61 90 4 -4|0.3 9
4549 桓達|電機機械|12 5 3|53 79 -16 2|0.5 32
4551 智伸科|汽車工業|-10 -12 -18|69 69 -25 28|0.2 41
4555 氣立|電機機械|11 6 -4|80 80 -13 13|0.2 8
4557 永新-KY|汽車工業|-29 -23 -36|55 72 -10 -27|0.5 16
4562 穎漢|電機機械|-19 -13 -20|48 58 -27 -41|0.6 9
4563 百德|電機機械|-17 -27 -19|43 66 -24 -30|0.4 5
4564 元翎|電機機械|-30 -16 -35|68 77 -15 -2|0.8 10
4566 時碩工業|電機機械|2 1 -7|65 79 -15 -9|0.6 12
4569 六方科-KY|汽車工業|15 15 -11|64 69 -14 6|0.3 10
4571 鈞興-KY|電機機械|-8 9 1|61 79 -10 10|0.5 33
4572 駐龍|電機機械|-30 -31 -8|82 86 -13 -5|0.8 9
4576 大銀微系統|電機機械|33 17 -7|61 80 -14 -14|0.3 39
4577 達航科技|其他電子|43 23 -37|94 94 82 159|1.8 104
4583 台灣精銳|電機機械|-0 -7 -9|65 72 -10 -24|0.6 115
4714 永捷|化學工業|-9 48 -48|76 76 -5 -4|0.1 22
4716 大立|化學工業|12 -8 -7|73 92 19 12|0.7 5
4721 美琪瑪|化學工業|-16 14 -4|75 75 -15 8|0.3 26
4722 國精化|化學工業|-2 -9 -4|79 79 24 149|0.8 554
4726 永昕|生技醫療|97 1 -25|65 80 -18 -18|0.8 6
4736 泰博|生技醫療|-28 -23 -17|88 93 -5 -1|0.4 17
4739 康普|化學工業|98 108 76|95 95 19 49|0.4 46
4743 合一|生技醫療|-59 -35 -40|64 87 -13 19|1.3 141
4744 皇將|生技醫療|-4 16 3|88 88 3 38|0.7 9
4745 合富-KY|生技醫療|-40 -31 -9|99 99 50 41|4.4 12
4746 台耀|生技醫療|5 9 -1|84 93 -6 -2|0.7 30
4749 新應材|半導體業|31 29 -8|na 86 -2 21|0.4 837
4755 三福化|化學工業|5 4 -8|72 76 -20 -5|0.6 11
4760 勤凱科技|其他電子|12 10 -27|92 92 3 87|1.0 169
4763 材料*-KY|化學工業|-44 -44 -43|48 56 -20 -34|0.7 379
4764 雙鍵|化學工業|-12 -7 -19|82 82 68 49|1.4 19
4766 南寶|化學工業|-5 -3 -7|75 75 -24 -1|0.2 109
4768 晶呈科技|化學工業|70 66 63|78 78 30 113|0.3 135
4770 上品|化學工業|-50 -22 -5|58 66 -29 -10|0.3 43
4771 望隼|生技醫療|14 13 2|86 94 1 -5|0.4 14
4772 台特化|化學工業|237 263 177|89 89 9 32|0.5 431
4903 聯光通|通信網路|514 222 113|96 100 26 57|6.9 54
4904 遠傳|通信網路|12 10 5|93 93 4 6|1.2 565
4906 正文|通信網路|-46 -38 -11|74 95 5 4|0.4 79
4908 前鼎|通信網路|17 22 17|70 86 -6 9|1.8 19
4909 新復興|通信網路|-90 -92 -86|36 63 -27 -29|0.7 36
4912 聯德控股-KY|電子零組|56 23 7|49 95 9 5|1.0 20
4915 致伸|電子零組|19 4 1|94 94 3 10|0.7 253
4916 事欣科|電腦及週|16 13 19|68 68 -24 14|0.9 120
4919 新唐|半導體業|-1 -6 -0|51 69 -10 -27|0.3 72
4927 泰鼎-KY|電子零組|-10 -9 -6|49 72 -10 0|0.4 65
4931 新盛力|電腦及週|62 30 7|97 97 11 118|2.0 903
4933 友輝|光電業|-24 -8 -20|76 83 -4 -16|0.6 11
4934 太極|光電業|-7 -15 51|72 72 24 10|0.2 7
4938 和碩|電腦及週|-1 -7 -9|77 87 4 -11|0.9 556
4939 亞電|電子零組|-5 -7 0|100 100 69 85|5.7 227
4942 嘉彰|光電業|21 14 8|91 91 4 3|0.2 12
4949 有成精密|光電業|17 -2 -1|65 66 -12 -25|0.9 12
4953 緯致|資訊服務|13 15 4|96 99 17 33|0.8 67
4956 光鋐|光電業|5 6 -6|53 70 -4 -22|2.6 8
4958 臻鼎-KY|電子零組|-7 -8 -18|75 75 -20 44|0.6 1745
4960 誠美材|光電業|5 -2 -0|87 87 -6 -2|0.2 8
4961 天鈺|半導體業|-27 -24 -31|61 65 -19 -30|1.3 101
4966 譜瑞-KY|半導體業|-15 -5 -8|74 74 -14 13|0.4 454
4967 十銓|半導體業|-8 0 3|88 88 86 79|0.4 1894
4968 立積|半導體業|10 9 7|62 84 -4 14|0.3 182
4971 IET-KY|半導體業|80 105 43|97 97 17 98|3.7 431
4973 廣穎電通|半導體業|-5 1 3|84 84 40 28|0.2 82
4974 亞泰|電子零組|-41 -37 -38|53 74 -17 -17|0.5 10
4976 佳凌|光電業|-1 -12 -8|54 54 -36 14|0.1 15
4977 眾達-KY|通信網路|-38 -30 -71|81 98 13 47|2.2 168
4979 華星光|通信網路|-3 4 -26|96 100 20 43|2.6 1880
4989 榮科|電子零組|54 14 32|80 80 25 149|0.8 909
4991 環宇-KY|半導體業|104 50 22|87 87 -4 113|1.7 297
5009 榮剛|鋼鐵工業|-8 -10 -1|68 81 -14 -18|0.7 87
5201 凱衛|資訊服務|80 44 2|81 92 33 27|0.5 16
5203 訊連|資訊服務|38 28 11|73 92 4 -1|0.4 13
5209 新鼎|其他|16 -5 20|90 90 5 57|0.4 11
5213 亞昕|建材營造|13 48 -489|71 77 -2 -20|0.5 8
5222 全訊|半導體業|-15 -31 -7|81 81 -14 21|0.7 63
5225 東科-KY|其他電子|-28 -11 -4|80 92 -1 27|0.8 54
5234 達興材料|光電業|15 12 -1|77 77 -15 37|0.4 271
5236 凌陽創新|半導體業|-1 -3 -23|81 86 -7 -1|0.4 17
5243 乙盛-KY|光電業|-29 -20 -22|91 91 8 54|0.7 200
5244 弘凱|光電業|1 -4 1|77 83 -11 -0|0.8 9
5251 天鉞電|光電業|-32 11 -28|60 60 -22 -28|0.2 9
5258 虹堡|電腦及週|2 2 4|75 89 -3 19|0.8 14
5263 智崴|文化創意|-11 -13 -35|55 92 1 -8|1.3 17
5269 祥碩|半導體業|91 108 49|56 62 -23 -37|0.9 801
5274 信驊|半導體業|7 10 -56|95 95 43 60|0.9 3029
5278 尚凡*|數位雲端|0 10 -12|66 66 -17 1|0.6 6
5284 jpp-KY|其他|53 56 -1|93 93 1 62|0.9 800
5285 界霖|半導體業|-5 -0 -5|92 92 6 17|0.6 15
5288 豐祥-KY|電機機械|10 1 2|69 97 7 -0|0.4 13
5289 宜鼎|電腦及週|87 81 42|87 87 73 111|0.7 2851
5292 華懋|綠能環保|-15 12 -20|85 85 -14 1|0.4 5
5299 杰力|半導體業|-23 -20 -12|79 90 1 -0|0.3 5
5306 桂盟|運動休閒|-7 -15 -17|73 94 -0 -3|0.5 9
5309 系統電|電子零組|4 15 11|84 84 14 75|0.7 302
5314 世紀*|其他|412 760 299|75 75 38 100|0.7 1091
5315 光聯|光電業|19 26 -18|100 100 15 15|1.5 35
5328 華容|電子零組|-15 -11 -19|96 96 59 64|0.6 194
5340 建榮|電子零組|13 7 -13|89 89 16 31|0.4 134
5347 世界|半導體業|3 5 -7|88 88 0 3|0.6 542
5351 鈺創|半導體業|113 64 63|81 81 18 44|0.4 336
5371 中光電|光電業|28 7 8|71 71 -23 64|1.1 1151
5381 光譜|電機機械|-9 -19 -30|78 78 -7 11|0.8 38
5386 青雲|電腦及週|90 -4 -108|90 95 11 15|0.6 43
5388 中磊|通信網路|25 17 24|62 75 -20 -14|0.4 107
5392 能率|光電業|-9 -9 -2|78 78 16 46|0.2 110
5398 慕康生醫|其他|8 10 -7|100 100 25 17|2.5 10
5403 中菲|資訊服務|-1 -1 -17|90 92 -7 -5|0.4 6
5410 國眾|資訊服務|-46 22 -16|76 76 -3 7|0.1 13
5425 台半|半導體業|7 13 -15|89 89 14 25|1.1 336
5426 振發|電腦及週|-1 11 -24|54 71 -12 -12|0.5 6
5432 新門|綠能環保|20 19 22|73 89 -4 5|0.6 10
5434 崇越|電子通路|-3 6 -17|86 86 4 15|0.5 220
5438 東友|電腦及週|-34 -38 -52|60 72 -15 8|0.4 6
5439 高技|電子零組|146 185 76|100 100 21 67|1.6 2506
5443 均豪|半導體業|-33 22 2|66 73 -8 6|0.2 102
5452 佶優|其他電子|-18 -16 -8|58 78 -14 -18|0.5 7
5457 宣德|電子零組|-0 3 -18|67 80 -0 -3|0.3 18
5465 富驊|電腦及週|-3 11 -22|67 67 -21 -24|0.7 5
5469 瀚宇博|電子零組|49 38 9|100 100 35 93|2.2 1011
5471 松翰|半導體業|1 -4 -4|78 82 -6 -0|0.2 6
5474 聰泰|電腦及週|8 55 32|72 75 -17 8|0.6 33
5475 德宏|電子零組|66 78 6|85 85 37 190|0.6 111
5478 智冠|文化創意|2 -4 2|77 90 -3 -7|0.5 13
5481 新華|其他|3 -3 -3|61 63 -29 -34|1.8 14
5483 中美晶|半導體業|-14 -3 1|67 79 4 10|0.4 420
5484 慧友|光電業|47 50 42|51 65 -20 -11|0.5 6
5490 同亨|電腦及週|-1 31 6|76 76 1 2|0.1 7
5493 三聯|其他電子|15 21 -0|93 93 -6 22|0.6 16
5498 凱崴|電子零組|31 30 15|94 94 25 209|2.2 605
5508 永信建|建材營造|-54 -75 3|46 60 0 -38|0.3 24
5511 德昌|建材營造|39 26 14|98 98 7 14|0.5 10
5515 建國|建材營造|8 30 -4|95 95 33 22|1.3 19
5519 隆大|建材營造|-47 260 147|91 98 16 -1|1.6 17
5521 工信|建材營造|-17 -6 -42|100 100 8 24|0.9 88
5522 遠雄|建材營造|201 87 117|72 80 -6 -16|1.4 68
5530 龍巖|其他|-52 -25 -25|55 75 -14 -22|0.8 17
5534 長虹|建材營造|-54 -46 -71|75 90 2 -4|0.5 35
5536 聖暉*|其他電子|18 29 -18|68 68 -28 70|0.5 1061
5607 遠雄港|航運業|25 23 5|89 89 -9 15|0.6 17
5608 四維航|航運業|-5 -12 -8|84 94 8 14|1.8 37
5609 中菲行|航運業|-15 -7 -22|97 97 1 6|0.5 9
5706 鳳凰|觀光餐旅|-5 -2 -29|78 84 -6 -12|0.4 11
5864 致和證|金融業|24652 9086 6777|92 92 8 25|0.5 15
5871 中租-KY|其他|-6 -6 -2|82 82 -12 -13|1.1 617
5876 上海商銀|金融保險|8 8 1|83 83 -5 -13|1.6 284
5880 合庫金|金融保險|23 15 8|93 93 -1 0|1.1 233
5903 全家|居家生活|7 4 1|96 96 -1 -0|0.5 6
5904 寶雅|居家生活|13 8 0|87 88 -5 -9|0.6 74
6005 群益證|金融保險|44 34 24|94 98 15 18|0.8 120
6016 康和證|金融業|50 128 88|95 95 6 23|0.5 11
6021 美好證|金融業|188 300 234|90 90 24 21|0.5 5
6023 元大期貨|金融業|8 -6 1|99 99 8 16|0.9 14
6024 群益期|金融保險|3 0 -17|88 99 2 5|1.0 13
6026 福邦證|金融業|105 145 78|96 97 7 4|0.4 5
6104 創惟|半導體業|-9 -2 -38|51 58 -27 -40|0.7 78
6111 光聚晶電|文化創意|129 109 75|72 86 -2 -10|0.7 28
6112 邁達特|資訊服務|20 28 8|65 81 -9 -9|0.2 29
6117 迎廣|電腦及週|24 18 5|68 74 -12 -16|2.9 47
6120 達運|光電業|-5 -18 -5|75 83 -7 -8|0.3 9
6121 新普|電腦及週|0 -7 -5|84 84 -10 -6|1.1 186
6122 擎邦|電機機械|-23 -1 5|87 87 -4 -6|0.3 6
6125 廣運|電機機械|49 52 36|64 71 -19 -9|0.4 59
6126 信音|電子零組|7 6 -2|90 90 9 28|0.4 29
6127 九豪|電子零組|-11 -20 -23|81 83 40 36|0.7 65
6133 金橋|電子零組|15 14 -3|81 94 10 35|2.8 6
6138 茂達|半導體業|29 25 6|94 94 31 48|0.3 113
6139 亞翔|其他電子|77 85 88|92 92 25 67|0.5 1963
6140 訊達電腦|資訊服務|7 27 -35|64 67 -23 -18|0.3 9
6143 振曜|通信網路|38 40 7|87 87 5 11|0.3 104
6146 耕興|其他電子|0 -1 1|80 84 -8 -7|0.7 27
6147 頎邦|半導體業|-2 1 -7|84 88 -0 -11|0.8 157
6148 驊宏資|資訊服務|73 -14 -124|54 64 -21 -28|0.3 13
6150 撼訊|電腦及週|49 141 68|71 71 -16 -6|0.2 21
6153 嘉聯益|電子零組|-26 -24 -0|90 97 12 44|1.1 44
6155 鈞寶|電子零組|2 0 -13|100 100 66 74|0.5 42
6156 松上|電子零組|-29 -14 -48|67 68 -13 -27|0.4 6
6161 捷波|電腦及週|38 52 45|77 77 12 13|0.1 9
6163 華電網|資訊服務|-14 -4 -20|100 100 86 94|1.6 367
6165 浪凡|數位雲端|16 23 10|80 80 -15 -10|0.8 40
6166 凌華|電腦及週|15 25 4|68 88 -1 -3|1.1 29
6168 宏齊|光電業|4 7 4|78 78 -22 22|0.2 7
6170 統振|通信網路|-1 3 -11|93 96 2 11|0.6 10
6173 信昌電|電子零組|4 6 -3|94 94 65 75|0.7 1552
6175 立敦|電子零組|-14 -13 -14|90 90 25 48|1.0 178
6176 瑞儀|光電業|-24 -15 -20|64 79 -15 -18|0.9 236
6177 達麗|建材營造|-95 226 166|87 87 6 1|0.3 36
6179 亞通|其他|20 5 -61|91 91 7 23|2.6 31
6180 橘子|文化創意|-28 -25 -8|66 77 -10 -22|0.5 22
6182 合晶|半導體業|15 10 1|80 80 23 36|0.3 136
6186 新潤|建材營造|-73 -34 -139|84 84 -8 5|0.6 21
6187 萬潤|半導體業|-40 -26 -101|77 87 -6 9|0.4 360
6188 廣明|電腦及週|28 35 18|78 78 -12 14|0.5 284
6189 豐藝|電子通路|-21 -21 -3|54 61 -10 -34|0.7 39
6190 萬泰科|通信網路|-1 -5 -19|78 78 -18 4|0.3 61
6191 精成科|電子零組|86 71 32|87 87 -5 68|1.7 2996
6192 巨路|其他電子|-29 -19 -18|91 91 -7 3|1.2 17
6194 育富|電子零組|-22 -17 -23|94 94 10 10|0.6 6
6196 帆宣|其他電子|-9 -22 -8|85 85 -12 41|1.1 342
6197 佳必琪|電子零組|20 15 1|77 77 -22 7|0.2 102
6199 天品|其他|322 321 221|67 75 -9 -2|0.4 16
6202 盛群|半導體業|3 7 -31|71 84 -1 -14|0.2 21
6203 海韻電|電子零組|61 80 28|94 94 25 14|2.0 74
6204 艾華|電子零組|-31 -14 -18|92 92 19 23|0.5 19
6205 詮欣|電子零組|-1 2 1|49 79 -12 -19|0.5 6
6206 飛捷|電腦及週|-3 8 -16|58 71 -16 -13|0.5 67
6207 雷科|電子零組|-37 -14 -9|72 72 -19 22|0.3 20
6209 今國光|光電業|96 82 38|95 95 53 126|1.6 662
6213 聯茂|電子零組|9 4 -9|80 80 -12 30|0.7 795
6214 精誠|資訊服務|11 36 21|77 88 3 10|0.3 90
6215 和椿|其他電子|75 44 -40|66 66 -21 -4|0.4 129
6217 中探針|電子零組|12 13 -13|87 87 7 78|0.3 280
6220 岳豐|電子零組|-22 -35 -18|93 100 44 35|2.7 6
6221 晉泰|資訊服務|-27 -19 -34|52 77 -15 -21|0.3 6
6223 旺矽|半導體業|19 22 -11|95 95 54 149|0.9 3315
6224 聚鼎|電子零組|-15 -20 -24|64 82 2 -17|0.3 9
6227 茂綸|電子通路|50 30 -18|64 82 -13 -8|0.3 18
6230 尼得科超眾|電腦及週|11 6 -4|52 71 -20 -8|0.3 12
6231 系微|資訊服務|-10 2 -4|45 74 -9 -7|0.3 67
6234 高僑|光電業|-50 -25 3|64 64 -18 -5|0.9 6
6235 華孚|電腦及週|55 40 33|78 78 -5 17|0.1 68
6237 驊訊|半導體業|4 13 -3|67 78 -22 2|0.3 9
6239 力成|半導體業|20 15 19|84 84 28 28|0.4 1757
6244 茂迪|光電業|29 15 17|68 83 -3 -9|0.8 17
6245 立端|通信網路|16 8 9|63 84 -9 -5|1.3 42
6257 矽格|半導體業|3 5 -5|83 83 15 25|0.9 392
6261 久元|半導體業|14 11 14|99 100 4 5|1.1 9
6263 普萊德|通信網路|2 0 -3|85 87 -6 -9|0.6 6
6265 方土昶|電子通路|147 184 137|84 84 76 88|0.9 53
6266 泰詠|電子零組|-6 6 1|90 90 -10 -8|0.6 5
6269 台郡|電子零組|1 1 19|76 80 -15 5|0.7 87
6271 同欣電|半導體業|-2 -4 0|91 94 10 15|0.5 219
6274 台燿|電子零組|41 27 -6|94 94 27 91|1.1 6728
6275 元山|電子零組|12 4 -10|89 94 -1 12|0.4 7
6278 台表科|光電業|6 15 4|89 92 -2 -2|0.5 151
6279 胡連|電子零組|12 9 -7|75 93 -5 6|0.5 58
6282 康舒|電子零組|11 1 3|80 80 36 50|0.2 783
6283 淳安|其他電子|-24 22 -23|84 84 -4 16|0.9 8
6284 佳邦|電子零組|-8 -4 -9|88 88 15 13|0.3 146
6285 啟碁|通信網路|4 6 5|68 78 -17 -13|0.5 407
6290 良維|電子零組|44 26 -3|88 88 63 86|0.5 1273
6291 沛亨|半導體業|35 37 27|85 85 12 98|2.2 100
6409 旭隼|其他電子|-8 -16 -11|57 79 16 -23|1.2 1136
6411 晶焱|半導體業|-26 -20 -13|78 78 6 10|0.3 69
6412 群電|電子零組|-26 -18 -17|74 74 -10 -20|1.3 53
6414 樺漢|電腦及週|-5 -10 -10|88 88 -7 -0|1.0 204
6415 矽力*-KY|半導體業|7 2 -4|44 53 -32 -46|1.2 875
6416 瑞祺電通|通信網路|-20 -14 -19|59 88 -7 -10|0.5 13
6417 韋僑|通信網路|-8 2 -9|92 92 6 21|1.4 7
6418 詠昇|電子零組|-1 4 4|60 60 24 151|0.4 31
6425 易發|電機機械|24 10 6|91 100 52 81|2.1 44
6426 統新|通信網路|68 78 30|75 100 6 10|2.8 12
6432 今展科|電子零組|7 9 -2|84 84 24 20|0.4 39
6435 大中|半導體業|18 15 -6|97 97 24 17|0.7 25
6438 迅得|其他電子|26 22 1|56 64 -29 -21|0.8 137
6442 光聖|通信網路|71 59 -90|90 90 21 140|1.1 5839
6443 元晶|光電業|-59 -64 -4|61 76 -11 -14|0.9 30
6446 藥華藥|生技醫療|54 45 -27|67 90 1 -5|0.8 986
6449 鈺邦|電子零組|23 24 -6|79 79 5 61|0.4 194
6451 訊芯-KY|半導體業|32 14 -42|58 91 -2 26|2.6 115
6456 GIS-KY|光電業|-22 -19 -24|62 62 -34 -8|0.4 34
6462 神盾|半導體業|-32 -4 -21|69 84 9 18|0.6 256
6469 大樹|生技醫療|9 8 -2|61 70 -28 -25|1.0 37
6472 保瑞|生技醫療|-18 -20 -48|60 64 -26 -34|0.5 565
6477 安集|光電業|46 17 23|75 75 -20 16|1.0 18
6485 點序|半導體業|24 4 -13|80 80 35 13|0.2 63
6488 環球晶|半導體業|-25 -9 -6|70 70 6 28|0.5 873
6491 晶碩|生技醫療|18 12 10|81 88 -3 -4|0.5 65
6492 生華科|生技醫療|-4 31 23|81 81 13 26|0.2 10
6498 久禾光|光電業|11 11 -11|na 70 -9 -25|0.4 6
6499 益安|生技醫療|30 12 -48|67 67 -2 7|0.4 56
6505 台塑化|油電燃氣|-3 -4 2|93 93 33 42|1.1 648
6509 聚和|化學工業|14 2 -5|86 100 2 7|1.3 16
6510 精測|半導體業|5 25 -31|94 94 44 106|1.3 1324
6515 穎崴|半導體業|5 -7 -61|90 90 66 132|1.0 2733
6517 保勝光學|光電業|-10 -29 -29|58 74 -15 -25|0.7 8
6525 捷敏-KY|半導體業|9 14 -0|86 86 -5 9|0.3 16
6526 達發|半導體業|-7 -4 -26|64 79 -16 -9|1.2 138
6530 創威|通信網路|16 16 -2|78 89 -6 30|3.5 16
6531 愛普*|半導體業|14 15 -10|97 97 40 38|0.7 1894
6533 晶心科|半導體業|-2 28 8|62 87 -1 5|0.9 158
6534 正瀚-創|生技醫療|17 65 37|78 78 -21 22|6.3 10
6535 順藥|生技醫療|332 574 237|53 63 -10 22|0.7 43
6538 倉和|電子零組|-30 -34 2|59 65 -22 -35|1.5 5
6541 泰福-KY|生技醫療|4651 3393 1837|67 84 3 1|0.4 25
6546 正基|通信網路|-13 -18 -19|40 69 -23 -30|0.6 16
6547 高端疫苗|生技醫療|24 -3 -26|76 89 11 -13|1.7 68
6548 長科*|半導體業|8 10 -2|86 86 20 28|1.0 355
6550 北極星藥業-KY|生技醫療|-99 50 na|55 69 -21 -25|0.9 19
6558 興能高|其他電子|-23 -24 -21|62 69 -26 -13|1.5 30
6561 是方|通信網路|-26 -10 -18|72 80 -15 -12|0.6 40
6573 虹揚-KY|半導體業|-18 -15 -6|91 91 67 54|1.3 12
6576 逸達|生技醫療|-78 163 129|93 94 0 25|0.8 11
6579 研揚|電腦及週|33 38 23|76 76 -15 -8|0.4 13
6584 南俊國際|電子零組|26 29 3|100 100 51 114|0.3 504
6585 鼎基|其他|-16 -12 -1|50 79 -15 -19|0.6 9
6589 台康生技|生技醫療|16 3 7|79 91 23 18|0.6 60
6591 動力-KY|電腦及週|46 28 -6|75 75 -8 14|0.4 51
6592 和潤企業|其他|-9 -13 7|76 87 -9 -11|1.2 25
6596 寬宏藝術|文化創意|-21 220 94|77 77 -15 1|0.3 71
6603 富強鑫|電機機械|31 37 20|100 100 34 27|1.6 35
6605 帝寶|汽車工業|-8 -10 -8|59 74 -1 -19|0.5 70
6609 瀧澤科|電機機械|-43 -56 -48|40 66 -8 -23|0.3 5
6613 朋億*|其他電子|-20 -32 -24|72 79 -18 7|0.7 25
6617 共信-KY|生技醫療|-31 29 11|65 70 -23 -24|1.0 11
6625 必應|其他|144 64 -9|81 81 0 2|1.5 20
6629 泰金-KY|居家生活|80 26 24|85 85 44 55|0.4 9
6640 均華|半導體業|-52 59 16|68 68 -18 16|0.3 71
6642 富致|電子零組|-5 -5 -15|74 87 -4 -12|0.9 9
6643 M31|半導體業|102 24 12|54 81 -12 -13|0.9 283
6649 台生材|生技醫療|93 202 47|67 67 2 34|0.2 14
6651 全宇昕|半導體業|-11 -14 -28|73 89 8 -10|0.8 9
6657 華安|生技醫療|29 10 -3|54 64 -22 -31|1.0 13
6658 聯策|其他電子|12 26 -30|54 54 -23 -37|0.6 8
6664 群翊|電子零組|-1 2 2|94 94 -5 42|0.3 97
6667 信紘科|其他電子|34 39 -44|80 80 -12 23|0.3 85
6668 中揚光|光電業|34 14 -3|69 77 -18 -17|0.3 10
6669 緯穎|電腦及週|158 169 14|94 94 54 85|0.8 8202
6670 復盛應用|運動休閒|-0 -12 -22|71 86 -5 -13|0.7 66
6672 騰輝電子-KY|電子零組|5 5 6|74 74 -18 22|0.2 44
6679 鈺太|半導體業|-9 -8 -2|57 82 -7 -10|0.5 50
6683 雍智科技|半導體業|21 21 -10|92 100 3 37|1.6 119
6684 安格|半導體業|-25 -21 -2|70 78 -9 -7|0.3 13
6689 伊雲谷|數位雲端|-10 -8 -15|52 73 -14 -27|0.3 12
6691 洋基工程|其他電子|44 44 -14|96 96 -3 25|1.5 311
6693 廣閎科|半導體業|38 30 -3|93 98 49 43|1.4 40
6695 芯鼎|半導體業|-14 -6 -25|63 79 -14 5|0.2 18
6706 惠特|光電業|-66 -56 -96|52 100 52 41|1.6 241
6712 長聖|生技醫療|12 5 -14|92 92 11 11|0.7 29
6719 力智|半導體業|29 25 4|84 93 11 -0|0.5 76
6727 亞泰金屬|電子零組|-38 1 1|72 72 -15 191|0.5 45
6732 昇佳電子|半導體業|-13 -21 -13|61 72 2 1|0.2 15
6733 博晟生醫|生技醫療|-1 22 -21|78 78 -16 24|0.2 10
6739 竹陞科技|其他電子|102 102 6|65 65 9 157|0.3 257
6741 91APP*-KY|數位雲端|11 11 -1|69 81 -8 -8|0.6 12
6742 澤米|光電業|-47 -43 -33|55 71 -28 -15|0.5 11
6751 智聯服務|資訊服務|-43 -27 -37|83 86 19 23|1.0 8
6752 叡揚|資訊服務|15 11 -4|63 79 -16 -16|0.9 7
6753 龍德造船|航運業|22 15 -1|61 61 -14 25|0.6 137
6756 威鋒電子|半導體業|6 -13 -1|56 73 -16 -26|0.6 11
6757 台灣虎航|航運業|20 6 2|69 84 -11 -16|0.5 71
6761 穩得|電子零組|-17 -10 -14|79 79 -13 44|0.3 51
6763 綠界科技*|數位雲端|5 10 1|79 87 2 13|0.3 88
6768 志強-KY|運動休閒|-7 -3 -19|75 95 17 13|0.5 93
6770 力積電|半導體業|6 3 1|93 93 121 117|0.7 7359
6776 展碁國際|電子通路|9 8 -9|83 83 -9 -6|1.0 6
6781 AES-KY|電子零組|52 64 3|100 100 20 48|1.3 3536
6782 視陽|生技醫療|-15 0 -13|81 81 -15 -2|0.6 38
6785 昱展新藥|生技醫療|na na na|93 93 22 90|0.7 45
6788 華景電|半導體業|12 3 -33|76 76 -19 6|0.3 82
6789 采鈺|半導體業|-18 -17 -16|78 81 -3 26|0.7 228
6799 來頡|半導體業|-2 6 4|63 80 -5 -17|0.6 18
6803 崑鼎|綠能環保|2 15 -2|99 99 4 4|0.6 17
6805 富世達|電子零組|43 66 11|100 100 56 142|0.9 3242
6806 森崴能源|綠能環保|-44 164 58|30 43 -29 -56|0.8 79
6811 宏碁資訊|數位雲端|1 2 -12|70 80 -17 -6|0.5 16
6823 濾能|半導體業|81 81 21|73 73 -3 58|0.2 13
6829 千附精密|半導體業|48 37 5|69 78 -18 -6|0.8 19
6830 汎銓|其他電子|7 12 4|91 91 -6 32|0.3 30
6834 天二科技|電子零組|12 6 -20|73 87 -3 -14|0.5 5
6841 長佳智能|生技醫療|7 -21 -46|73 81 -16 -2|0.4 13
6854 錼創科技-KY創|半導體業|-35 -37 -64|48 65 -30 -9|0.9 40
6859 伯特光|光電業|0 -4 -60|47 61 -21 -34|0.3 8
6862 三集瑞-KY|電子零組|-11 -15 -27|79 79 16 31|0.4 67
6863 永道-KY|通信網路|-26 -29 -33|43 74 -20 -25|0.9 15
6869 雲豹能源|綠能環保|33 129 15|52 57 -25 -42|0.8 98
6870 騰雲|數位雲端|1 17 -7|72 77 -7 5|0.6 8
6873 泓德能源|綠能環保|-1 16 -47|39 39 -30 -57|0.4 79
6877 鏵友益|其他電子|1 -2 -124|87 91 -1 26|0.6 17
6885 全福生技|生技醫療|2455 1587 na|na 71 -22 -15|0.3 7
6890 來億-KY|運動休閒|4 -6 -21|60 88 30 4|2.3 350
6895 宏碩系統|半導體業|228 200 87|65 65 -20 54|0.3 47
6901 鑽石投資|其他|78 28 14|41 71 -19 -20|0.9 9
6902 GOGOLOOK|數位雲端|37 25 2|54 92 5 -8|0.9 7
6903 巨漢|其他電子|189 115 107|93 93 15 42|0.8 39
6913 鴻呈|電子零組|-6 18 -13|72 76 -19 23|0.4 63
6914 阜爾運通|其他|21 29 8|95 95 4 17|0.3 12
6919 康霈*|生技醫療|na na na|61 61 -32 60|0.7 1122
6922 宸曜|電腦及週|13 34 2|77 80 -5 9|0.3 17
6923 中台|綠能環保|-1 -18 13|80 80 -6 41|0.3 33
6925 意藍|數位雲端|23 12 1|na 52 -33 -28|0.6 11
6928 攸泰科技|電腦及週|-18 -7 -10|65 67 -27 4|0.6 7
6931 青松健康|生技醫療|19 15 1|na 99 35 22|5.0 28
6933 AMAX-KY|電腦及週|2 25 -6|61 65 -15 19|0.4 50
6937 天虹|半導體業|41 29 -4|54 74 7 17|0.2 58
6944 兆聯實業|綠能環保|70 79 24|na 86 -4 16|0.7 423
6949 沛爾生醫-創|生技醫療|54 42 -42|77 77 -4 174|0.7 30
6957 裕慶-KY|其他|-2 -1 -16|96 96 25 38|0.8 43
6962 奕力-KY|半導體業|-21 -9 6|na 72 -7 -28|0.6 123
6965 中傑-KY|運動休閒|-25 -28 -18|na 75 -15 -13|0.7 7
6982 大井泵浦|電機機械|7 -5 -7|na 83 -9 21|0.3 6
6994 富威電力|綠能環保|415 211 128|na 75 5 -26|0.5 16
6996 力領科技|半導體業|15 -2 5|na 96 3 2|0.9 12
7402 邑錡|光電業|13 27 18|82 82 19 69|3.0 81
7703 銳澤|其他電子|39 24 -18|67 67 -31 40|0.3 18
7712 博盛半導體|半導體業|7 -2 1|na 54 -42 -33|6.2 19
7714 創泓科技|數位雲端|66 59 -1|na 89 32 58|2.0 19
7722 LINEPAY|數位雲端|26 27 -0|na 74 -5 3|0.6 40
7723 築間|觀光餐旅|-15 -18 -6|na 67 -11 -33|0.7 5
7728 光焱科技|其他電子|17 -18 -10|na 100 20 39|2.3 18
7734 印能科技|半導體業|-34 46 11|na 75 -12 -12|0.4 68
7740 熙特爾-創|綠能環保|194 468 na|na na -44 na|0.7 21
7749 意騰-KY|半導體業|62 83 na|na na -26 na|1.0 115
7751 竑騰|半導體業|106 90 na|na na 11 na|1.0 56
8011 台通|通信網路|5 5 22|82 86 -8 1|0.6 25
8016 矽創|半導體業|6 2 -2|78 78 -12 -10|0.5 126
8021 尖點|其他電子|39 30 9|96 96 65 371|1.0 4135
8027 鈦昇|電機機械|12 4 7|100 100 21 28|2.3 85
8028 昇陽半導體|半導體業|18 24 -10|83 83 -2 19|0.2 544
8033 雷虎|其他|14 9 -14|77 77 -8 135|2.6 709
8034 榮群|通信網路|17 255 144|100 100 19 48|2.6 62
8038 長園科|電子零組|50 188 -397|65 65 -30 13|0.5 26
8039 台虹|電子零組|29 15 9|100 100 59 91|2.8 515
8040 九暘|半導體業|-4 -2 -7|60 80 -18 -18|1.2 7
8042 金山電|電子零組|7 7 -2|98 98 80 87|3.7 345
8043 蜜望實|電子零組|59 21 7|95 95 207 252|0.2 219
8044 網家|數位雲端|-1 -2 2|52 79 -10 -21|0.3 19
8045 達運光電|通信網路|-58 40 57|na 60 -26 9|0.4 11
8046 南電|電子零組|42 28 11|91 91 35 159|0.5 4464
8047 星雲|其他電子|-9 -21 -20|99 99 294 309|2.4 22
8048 德勝|通信網路|41 36 39|95 95 50 61|4.2 78
8050 廣積|電腦及週|-2 -13 -32|62 77 -15 -21|0.8 12
8054 安國|半導體業|30 69 44|97 97 46 62|1.5 770
8059 凱碩|通信網路|5259 9604 6644|44 53 -20 -48|0.3 9
8064 東捷|光電業|43 15 21|74 94 3 11|0.6 39
8069 元太|光電業|-34 -8 -41|64 72 -21 -8|0.9 999
8070 長華*|電子通路|10 10 -1|93 94 11 13|0.5 160
8072 陞泰|電子通路|75 38 7|59 59 -19 -38|0.6 8
8074 鉅橡|電子零組|-2 -1 -5|90 90 10 72|3.1 161
8076 伍豐|電腦及週|41 9 14|67 86 -11 -10|0.6 8
8081 致新|半導體業|2 -3 -10|86 86 -10 -4|0.8 68
8083 瑞穎|電機機械|13 12 13|95 99 0 4|0.6 6
8086 宏捷科|半導體業|63 28 44|86 86 -4 35|0.7 243
8088 品安|半導體業|103 68 27|80 80 34 9|0.2 230
8089 康全電訊|通信網路|-89 -90 -103|32 66 -25 -31|0.5 10
8091 翔名|半導體業|16 13 8|89 94 3 9|0.5 16
8096 擎亞|電子通路|39 4 -19|59 78 22 4|0.2 438
8097 常珵|通信網路|-73 -68 -132528|66 78 -4 -13|0.8 8
8104 錸寶|光電業|-5 7 -46|51 66 -31 -17|0.6 14
8105 凌巨|光電業|-17 -7 -10|63 74 -19 -13|0.4 7
8109 博大|電子零組|28 24 18|92 92 0 25|0.9 16
8110 華東|半導體業|-14 -5 4|96 96 199 218|1.2 835
8111 立碁|光電業|14 10 -0|97 97 35 32|1.7 926
8112 至上|電子通路|10 -3 7|84 84 62 43|0.5 2104
8114 振樺電|電腦及週|-25 -17 -100|51 61 -26 -33|1.2 111
8121 越峰|電子零組|2 -1 4|76 76 13 15|0.2 14
8131 福懋科|半導體業|26 29 23|83 83 55 59|1.1 341
8147 正淩|電子零組|2 14 -14|72 80 -10 -6|0.2 10
8150 南茂|半導體業|22 10 9|89 89 79 51|0.9 1140
8155 博智|電子零組|43 33 -3|97 97 21 34|1.4 269
8163 達方|電腦及週|8 17 0|63 79 -12 -10|0.4 36
8171 天宇|綠能環保|-55 -72 2|52 72 -21 -27|0.7 7
8183 精星|其他電子|-14 -9 -23|81 91 10 26|0.6 18
8210 勤誠|電腦及週|91 58 17|85 85 60 176|0.8 1896
8213 志超|電子零組|-2 1 0|89 89 -7 11|0.4 11
8215 明基材|光電業|-10 -6 -11|60 79 -17 -15|0.4 7
8222 寶一|電機機械|8 -0 -14|63 71 -23 -23|2.0 21
8227 巨有科技|半導體業|24 148 77|74 74 -12 7|0.2 64
8234 新漢|電腦及週|-2 -12 -29|62 62 -24 -10|0.5 67
8249 菱光|電子零組|-29 -32 -52|80 81 -14 7|0.2 32
8255 朋程|電機機械|7 3 -8|78 82 -7 7|0.1 29
8261 富鼎|半導體業|-4 2 -11|86 86 9 13|0.4 166
8271 宇瞻|半導體業|77 72 34|79 79 57 80|0.7 1055
8279 生展|生技醫療|15 8 -0|96 96 9 2|0.9 6
8299 群聯|半導體業|90 54 42|84 84 130 108|1.2 10733
8341 日友|綠能環保|18 16 4|90 92 10 9|0.5 14
8358 金居|電子零組|34 19 7|87 87 6 306|0.3 643
8374 羅昇|電機機械|-0 6 -44|50 64 -29 -26|0.5 21
8383 千附|半導體業|33 20 -9|71 92 -6 -4|1.2 9
8390 金益鼎|綠能環保|-9 -23 -23|98 98 24 43|2.1 96
8404 百和興業-KY|其他|1 5 -12|81 90 19 25|0.5 23
8415 大國鋼|鋼鐵工業|4 1 0|91 94 1 4|0.8 10
8422 可寧衛*|綠能環保|5 -4 -10|96 96 23 32|5.1 463
8431 匯鑽科|其他電子|-14 -8 -31|64 86 -3 7|0.7 15
8436 大江|生技醫療|-6 -3 -1|78 91 -5 2|0.5 46
8446 華研|文化創意|-1 -17 5|82 92 -4 -3|0.6 6
8454 富邦媒|數位雲端|-4 -4 -2|59 76 -12 -22|0.9 92
8462 柏文|運動休閒|22 20 2|92 92 -4 23|0.4 22
8464 億豐|居家生活|-2 -6 -11|75 75 -17 -15|0.6 204
8467 波力-KY|運動休閒|-15 4 -11|46 79 -9 -8|1.0 7
8473 山林水|綠能環保|81 144 71|84 84 -0 11|0.3 17
8478 東哥遊艇|運動休閒|-21 36 -27|82 85 2 37|0.4 46
8499 鼎炫-KY|其他電子|99 76 50|89 89 4 96|1.1 25
8924 大田|運動休閒|42 38 42|96 97 16 17|0.3 6
8926 台汽電|油電燃氣|2 -19 -20|82 82 -12 -3|0.5 57
8927 北基|油電燃氣|58 17 20|52 57 -33 -36|0.5 28
8932 智通*|數位雲端|37 47 -21|75 75 -11 48|0.5 252
8935 邦泰|其他|-28 -5 -3|61 61 -39 -7|0.5 8
8936 國統|其他|55 56 32|81 81 6 4|0.4 144
8937 合騏*|其他|-74 -33 7|81 86 6 2|0.3 23
8938 明安|運動休閒|15 5 -7|88 100 15 5|0.7 17
8942 森鉅|其他|-59 -51 -50|63 80 -7 -20|0.3 7
8996 高力|電機機械|95 62 20|78 78 44 118|0.9 1162
9802 鈺齊-KY|運動休閒|11 8 -19|78 99 14 8|1.5 208
9902 台火|其他|537 371 155|76 84 4 -13|0.5 10
9904 寶成|運動休閒|-10 -11 -10|74 93 11 6|0.7 271
9907 統一實|其他|-19 -10 -22|92 92 3 -1|0.7 68
9910 豐泰|運動休閒|-2 -2 1|93 94 13 9|0.6 88
9911 櫻花|居家生活|-2 2 -4|94 94 -3 -1|0.5 17
9914 美利達|運動休閒|-16 -14 -15|53 81 -18 -16|1.4 149
9917 中保科|其他|4 5 -3|80 91 -5 -6|0.7 43
9921 巨大|運動休閒|-6 -15 -3|62 87 -1 -11|1.0 170
9924 福興|居家生活|-15 -14 -5|81 94 4 -5|0.5 10
9925 新保|其他|0 2 0|99 99 -0 3|0.6 6
9927 泰銘|其他|-6 -10 -2|73 81 -14 -18|0.4 10
9930 中聯資源|綠能環保|2 -0 -9|92 95 -1 -3|0.7 10
9933 中鼎|其他|-29 -25 -5|80 95 3 27|1.3 97
9938 百和|其他|-5 -4 -12|70 92 5 11|0.6 49
9939 宏全|其他|-5 -2 -8|78 81 -6 -14|0.6 111
9940 信義|其他|3 -4 25|79 84 -7 -15|0.9 13
9941 裕融|其他|-5 -6 -1|80 90 -2 -11|1.1 78
9942 茂順|其他|-4 -0 -2|91 92 -4 -4|0.4 6
9945 潤泰新|其他|25 4 -10|66 93 0 2|0.7 115
9955 佳龍|綠能環保|15 34 13|92 100 5 14|1.0 15
9958 世紀鋼|鋼鐵工業|11 6 -6|60 60 -19 -33|0.6 153