# 2025-06-02 全池(1074 檔)。欄位:代碼 名稱|產業|最新月YoY 3月YoY均 加速度|距52週高% 距120日高% 60日漲% 120日漲%|量能比 日均值M
1101 台泥|水泥工業|9 33 -22|79 79 -20 -17|2.7 621
1102 亞泥|水泥工業|10 10 7|87 88 -5 -2|0.9 340
1104 環泥|水泥工業|2 3 1|81 97 -1 3|1.9 10
1210 大成|食品工業|2 5 9|97 97 15 20|1.5 228
1215 卜蜂|食品工業|9 2 4|100 100 12 16|2.8 155
1216 統一|食品工業|7 5 -4|88 91 -3 -9|1.5 1123
1217 愛之味|食品工業|7 4 -2|85 92 -7 -5|0.7 7
1218 泰山|食品工業|-10 -5 4|90 93 5 0|0.8 26
1219 福壽|食品工業|-1 6 13|79 90 2 -10|0.6 9
1220 台榮|食品工業|5 14 10|70 70 -20 -20|0.4 5
1227 佳格|食品工業|-3 5 4|79 88 -6 -11|1.1 28
1229 聯華|食品工業|-2 -13 -2|63 76 -14 -24|1.0 49
1231 聯華食|食品工業|16 7 -7|76 76 2 12|0.4 32
1232 大統益|食品工業|2 2 6|99 99 7 12|1.1 23
1234 黑松|食品工業|20 -1 5|91 97 -0 -2|0.8 7
1268 漢來美食|觀光餐旅|6 -7 -21|93 98 -1 2|0.9 6
1301 台塑|塑膠工業|-3 6 4|49 78 -11 -23|0.8 399
1303 南亞|塑膠工業|6 15 9|49 69 -14 -30|1.3 272
1305 華夏|塑膠工業|-9 -8 7|56 74 -21 -28|0.6 6
1307 三芳|塑膠工業|1 17 8|70 70 -26 -6|0.5 54
1308 亞聚|塑膠工業|-16 2 13|58 70 -20 -30|0.7 8
1312 國喬|塑膠工業|56 103 68|68 83 0 -9|0.4 29
1316 上曜|建材營造|167 251 52|63 75 -6 0|0.2 114
1319 東陽|汽車工業|11 26 17|94 94 10 15|0.5 425
1321 大洋|塑膠工業|-18 -6 -5|83 95 2 10|0.7 6
1325 恆大|塑膠工業|17 9 27|100 100 33 50|9.3 56
1326 台化|塑膠工業|-22 -8 -8|40 66 -18 -34|0.8 208
1342 八貫|其他|35 24 14|80 84 -13 -4|0.6 16
1402 遠東新|紡織纖維|-9 -4 -6|83 91 0 -8|2.7 664
1409 新纖|紡織纖維|-13 -5 -13|71 79 -17 -21|2.7 20
1414 東和|紡織纖維|-7 -2 9|74 74 -15 -17|0.8 6
1419 新紡|紡織纖維|-4 13 -16|84 84 61 50|3.3 65
1434 福懋|紡織纖維|4 10 6|67 78 -16 -22|1.2 16
1436 華友聯|建材營造|-82 1316 -1037|60 78 -18 -5|0.5 32
1440 南紡|紡織纖維|-11 -1 4|71 86 -11 -12|1.8 37
1442 名軒|建材營造|-78 -10 -304|83 83 -14 -11|0.5 44
1446 宏和|紡織纖維|68 -20 -2255|44 45 -41 -52|0.3 8
1463 強盛新|紡織纖維|-24 196 -99|68 68 -28 -15|0.3 8
1464 得力|紡織纖維|7 41 9|69 69 -30 -14|0.4 11
1466 聚隆|紡織纖維|10 20 -0|91 91 30 24|0.8 22
1472 三洋實業|建材營造|109 73 44|91 91 30 49|0.6 11
1473 台南|紡織纖維|14 12 2|54 78 -22 -18|0.5 6
1476 儒鴻|紡織纖維|18 20 -2|71 73 -21 -23|1.0 448
1477 聚陽|紡織纖維|6 8 -2|60 71 -28 -14|0.9 458
1503 士電|電機機械|-13 -4 -11|57 84 -5 -13|1.4 1103
1504 東元|電機機械|4 6 10|93 95 -3 -1|0.6 171
1513 中興電|電機機械|14 10 -4|64 93 2 -6|0.6 904
1514 亞力|電機機械|2 4 9|66 89 -3 -7|0.5 506
1515 力山|電機機械|-17 -40 -7|62 81 -18 -4|1.6 7
1516 川飛|其他|-100 -92 na|79 100 28 25|2.0 6
1519 華城|電機機械|44 39 -9|44 67 -27 -20|0.8 1944
1522 堤維西|汽車工業|-17 -6 -5|63 68 -29 -28|0.3 41
1524 耿鼎|汽車工業|2 11 4|73 73 -12 -15|0.2 63
1527 鑽全|電機機械|5 6 -8|78 85 -15 -12|0.6 6
1528 恩德|電機機械|-32 -23 -13|60 74 -24 -24|0.3 17
1529 樂事綠能|電機機械|78 163 105|75 99 18 15|1.0 57
1532 勤美|電機機械|-53 -47 -31|51 76 -20 -23|0.5 21
1536 和大|汽車工業|-10 -11 0|67 67 -26 -6|0.5 322
1537 廣隆|電機機械|-7 -3 -20|88 89 -8 -11|0.4 10
1540 喬福|電機機械|12 13 -4|60 74 -24 -24|0.3 15
1560 中砂|電機機械|29 20 5|72 88 3 -8|0.7 704
1563 巧新|汽車工業|-9 -0 7|68 81 -16 -6|0.3 17
1565 精華|生技醫療|10 13 6|69 71 -13 -26|0.8 24
1569 濱川|電腦及週|8 34 30|57 57 -43 -22|0.2 163
1580 新麥|電機機械|15 26 15|92 92 -4 -2|0.5 7
1582 信錦|電子零組|-7 5 1|66 73 -25 -14|0.6 43
1584 精剛|其他|-15 6 -1|64 85 -0 -14|0.2 47
1590 亞德客-KY|電機機械|11 33 26|77 94 -0 16|0.9 768
1591 駿吉-KY|電機機械|-66 -56 -226|58 73 -17 -9|0.5 5
1597 直得|電機機械|21 12 4|69 69 -16 -4|0.9 332
1598 岱宇|運動休閒|10 5 3|67 67 -26 -22|0.4 6
1603 華電|電器電纜|70 79 47|75 94 -1 -3|0.8 14
1604 聲寶|電器電纜|0 -1 -6|94 97 -2 -1|0.6 8
1605 華新|電器電纜|16 16 11|55 70 -24 -24|0.6 311
1608 華榮|電器電纜|-7 8 -8|54 79 -16 -19|0.3 24
1609 大亞|電器電纜|9 12 -1|63 80 -14 -20|0.5 118
1612 宏泰|電器電纜|-2 16 7|82 91 -4 -4|0.5 13
1616 億泰|電器電纜|1 14 2|99 99 34 20|0.6 69
1618 合機|電器電纜|225 113 69|76 91 -2 4|0.8 232
1702 南僑|食品工業|1 4 -1|73 87 -8 -13|2.0 27
1707 葡萄王|生技醫療|-7 -2 -4|86 86 -10 -12|0.7 14
1708 東鹼|化學工業|-6 7 -4|80 82 -16 -16|1.1 49
1709 和益|化學工業|-32 -12 -19|69 82 -17 -18|0.9 6
1710 東聯|化學工業|3 29 9|68 74 -23 -21|0.5 12
1711 永光|化學工業|4 9 5|60 73 -20 -25|6.2 13
1712 興農|化學工業|7 3 3|94 94 -6 -1|0.3 15
1713 國化|化學工業|-33 -9 -14|87 90 -4 12|1.1 13
1717 長興|化學工業|-5 6 3|76 89 -7 -11|3.7 29
1720 生達|生技醫療|9 13 6|76 89 -7 -10|0.5 6
1721 三晃|化學工業|-31 -9 -13|45 63 -26 -36|2.9 8
1722 台肥|化學工業|8 9 14|83 89 -2 -8|0.9 115
1723 中碳|化學工業|-31 -17 -16|80 92 -6 -5|0.8 15
1727 中華化|化學工業|13 9 -13|54 66 -25 -34|3.1 6
1732 毛寶|化學工業|5 9 3|96 96 15 17|8.7 19
1734 杏輝|生技醫療|12 13 4|87 98 5 6|0.7 7
1736 喬山|運動休閒|22 27 -2|65 65 -31 -6|0.6 122
1760 寶齡富錦|生技醫療|9 7 3|81 92 -0 -8|6.4 12
1773 勝一|化學工業|3 11 1|83 90 -4 -8|1.5 25
1784 訊聯|生技醫療|2 4 0|46 69 -17 -25|0.4 7
1785 光洋科|其他電子|47 55 21|76 82 -11 -6|0.3 213
1786 科妍|生技醫療|2 5 -7|72 77 -21 7|0.7 34
1789 神隆|生技醫療|0 -17 -12|59 73 -23 -25|3.8 9
1795 美時|生技醫療|24 18 -1|75 80 -13 -17|1.3 276
1799 易威|生技醫療|6 87 -98|25 70 -18 -15|0.2 9
1802 台玻|玻璃陶瓷|0 9 14|70 72 -9 -26|2.9 66
1806 冠軍|玻璃陶瓷|7 18 14|81 97 18 11|1.0 15
1808 潤隆|建材營造|-98 -98 -20|23 73 -18 -25|0.7 34
1809 中釉|玻璃陶瓷|43 21 16|57 77 -14 -24|3.8 6
1810 和成|玻璃陶瓷|-4 4 6|79 83 -5 -7|0.3 22
1815 富喬|電子零組|50 72 8|99 99 4 28|3.2 1393
1903 士紙|造紙工業|-11 -5 2|85 85 23 15|4.5 203
1904 正隆|造紙工業|-2 7 0|59 79 -14 -21|0.9 12
1905 華紙|造紙工業|-7 -3 -0|54 68 -26 -31|0.8 14
1907 永豐餘|造紙工業|-3 7 1|80 87 -10 -13|1.2 27
2002 中鋼|鋼鐵工業|-8 -7 -2|77 78 -19 -12|1.2 523
2006 東和鋼鐵|鋼鐵工業|7 10 13|84 86 -10 -5|0.6 53
2009 第一銅|鋼鐵工業|-2 9 -6|54 68 -21 -19|0.2 32
2010 春源|鋼鐵工業|5 15 3|97 97 13 15|0.5 23
2014 中鴻|鋼鐵工業|-18 -27 -0|59 59 -37 -26|0.7 94
2015 豐興|鋼鐵工業|-8 3 6|78 88 -7 -11|0.7 15
2020 美亞|鋼鐵工業|-5 -2 21|72 89 -8 -4|0.8 12
2023 燁輝|鋼鐵工業|-5 -3 1|87 87 -11 -2|0.9 21
2027 大成鋼|鋼鐵工業|7 13 14|71 71 -21 7|0.9 657
2029 盛餘|鋼鐵工業|18 22 10|83 85 -11 -6|0.5 5
2031 新光鋼|鋼鐵工業|49 71 61|59 76 -21 -17|0.5 18
2032 新鋼|鋼鐵工業|13 26 15|70 70 -25 2|0.4 5
2034 允強|鋼鐵工業|10 18 9|80 80 -17 8|0.7 31
2038 海光|鋼鐵工業|6 19 9|69 76 -22 -10|0.6 7
2049 上銀|電機機械|1 5 3|60 60 -28 -5|0.5 999
2059 川湖|電子零組|82 108 21|95 95 1 43|0.5 1772
2062 橋椿|居家生活|-25 -13 2|59 67 -23 -25|0.8 12
2066 世德|電機機械|-9 -6 -3|55 67 -26 -28|0.2 5
2070 精湛|電機機械|-20 -2 -16|38 50 -33 -53|0.6 7
2101 南港|橡膠工業|9 10 -73|60 77 -19 -18|0.6 90
2102 泰豐|橡膠工業|19 59 11|82 91 9 -9|1.0 15
2103 台橡|橡膠工業|14 22 -0|71 79 -15 -22|0.9 10
2104 國際中橡|橡膠工業|9 0 -1|60 71 -14 -30|0.8 10
2105 正新|橡膠工業|-3 3 3|80 91 -6 -6|2.2 275
2106 建大|橡膠工業|2 6 5|68 81 -16 -18|1.2 10
2107 厚生|橡膠工業|-10 46 19|92 98 -1 2|0.8 7
2108 南帝|橡膠工業|1 4 -25|56 74 -23 -24|3.9 9
2109 華豐|橡膠工業|-11 7 1|92 94 -2 1|0.7 6
2201 裕隆|汽車工業|-27 -15 -11|51 61 -27 -36|0.8 90
2204 中華|汽車工業|-26 -28 -8|49 77 -17 -22|0.9 104
2206 三陽工業|汽車工業|3 1 4|88 97 2 -1|0.8 59
2207 和泰車|汽車工業|3 8 6|86 94 1 -2|1.9 184
2208 台船|航運業|-38 -0 23|85 90 -6 -4|0.5 22
2211 長榮鋼|鋼鐵工業|57 44 4|57 75 -7 -11|1.1 83
2228 劍麟|汽車工業|-1 2 3|76 90 -4 -8|0.5 20
2230 泰茂|居家生活|-15 10 -132|65 73 0 -22|0.9 29
2231 為升|汽車工業|-20 -18 -25|59 72 -13 -26|0.4 19
2233 宇隆|汽車工業|-11 8 2|55 55 -30 -13|0.4 120
2236 百達-KY|汽車工業|605 573 427|66 66 -26 -22|0.4 12
2247 汎德永業|汽車工業|36 29 10|89 89 -6 1|0.4 25
2250 IKKA-KY|汽車工業|1 6 7|61 61 -33 3|0.2 29
2258 鴻華先進-創|汽車工業|-63 126 -602|83 83 -10 4|1.8 22
2301 光寶科|電腦及週|27 28 22|87 92 -5 -1|1.4 720
2302 麗正|半導體業|-2 15 -4|68 68 -25 -12|0.3 7
2303 聯電|半導體業|4 6 0|81 95 8 6|2.1 1873
2308 台達電|電子零組|22 33 19|84 84 -3 -5|0.8 2392
2312 金寶|其他電子|-7 13 0|61 68 -21 -39|1.1 207
2313 華通|電子零組|11 15 8|67 85 -8 -1|0.8 505
2316 楠梓電|電子零組|17 19 18|70 81 -9 -18|0.5 10
2317 鴻海|其他電子|26 35 13|67 76 -11 -22|0.7 6373
2324 仁寶|電腦及週|-19 -1 3|70 71 -24 -25|2.4 1110
2327 國巨*|電子零組|7 11 -1|60 80 -13 -8|0.8 1054
2328 廣宇|電子零組|21 30 30|68 68 -22 0|0.5 370
2329 華泰|半導體業|23 10 17|59 94 3 5|2.2 152
2330 台積電|半導體業|48 46 6|84 84 -5 -5|0.9 28723
2331 精英|電腦及週|22 5 5|48 74 -18 -25|0.5 48
2332 友訊|通信網路|-17 -9 -2|61 61 -18 -28|2.2 47
2337 旺宏|半導體業|10 9 4|73 93 2 1|1.0 207
2338 光罩|半導體業|-18 -10 -6|34 51 -39 -50|0.9 25
2340 台亞|半導體業|6 7 2|44 60 -28 -37|0.6 14
2344 華邦電|半導體業|-2 0 -3|63 80 -9 2|0.5 787
2345 智邦|通信網路|153 141 66|93 93 6 10|0.8 3277
2347 聯強|電子通路|3 1 -1|80 94 4 -6|1.2 360
2348 海悅|其他|55 17 -23|34 50 -35 -28|0.7 63
2351 順德|半導體業|3 11 7|41 68 -25 -33|0.8 62
2352 佳世達|電腦及週|7 8 5|66 68 -29 -30|0.5 70
2353 宏碁|電腦及週|4 6 -2|61 84 -10 -9|0.8 313
2354 鴻準|其他電子|290 298 163|60 67 -22 -28|0.9 451
2355 敬鵬|電子零組|4 3 8|64 82 -14 -16|0.6 36
2356 英業達|電腦及週|22 27 -0|68 77 -15 -17|1.7 599
2357 華碩|電腦及週|35 31 7|88 88 -7 5|1.0 1893
2359 所羅門|其他電子|10 37 29|78 78 -11 3|0.6 748
2360 致茂|其他電子|32 48 17|72 74 2 -18|0.7 600
2362 藍天|電腦及週|-29 -23 -24|72 85 -2 -14|0.9 51
2363 矽統|半導體業|1017 1259 537|50 62 -27 -33|0.5 100
2364 倫飛|電腦及週|13 36 4|61 84 -14 -7|0.4 6
2365 昆盈|電腦及週|-15 7 -13|55 72 -23 -16|0.7 239
2367 燿華|電子零組|-14 1 -15|58 75 -16 -22|1.2 121
2368 金像電|電子零組|56 51 20|98 98 15 37|2.0 2741
2369 菱生|半導體業|-5 -6 4|56 74 -22 -24|0.4 7
2371 大同|電機機械|10 -1 2|69 86 -0 -14|0.7 658
2374 佳能|光電業|58 40 12|70 70 -20 5|0.5 234
2375 凱美|電子零組|9 14 4|70 70 -9 -6|0.4 18
2376 技嘉|電腦及週|6 19 -46|82 93 3 -2|2.2 883
2377 微星|電腦及週|28 21 12|66 66 -28 -21|2.3 957
2379 瑞昱|半導體業|14 30 9|92 92 -4 10|1.5 1241
2382 廣達|電腦及週|58 75 21|79 91 5 -5|0.7 4775
2383 台光電|電子零組|42 65 10|100 100 25 62|1.1 3830
2385 群光|電子零組|3 4 0|86 95 4 8|1.1 538
2387 精元|電腦及週|-27 -8 -9|70 70 -30 -18|0.5 38
2388 威盛|半導體業|-50 -20 -37|45 57 -30 -38|0.6 123
2392 正崴|電子零組|-6 8 -3|58 65 -23 -36|0.8 82
2393 億光|光電業|-7 -0 -12|89 89 -4 3|0.9 109
2395 研華|電腦及週|29 31 22|81 81 -14 -2|1.0 461
2397 友通|電腦及週|46 41 34|68 76 -23 -16|0.7 12
2399 映泰|電腦及週|-1 -7 5|44 58 -24 -35|1.2 24
2401 凌陽|半導體業|0 20 4|51 63 -31 -31|2.3 32
2402 毅嘉|電子零組|24 24 8|85 93 -6 -6|1.2 44
2404 漢唐|其他電子|7 4 23|99 99 21 35|0.7 878
2405 輔信|電腦及週|-3 5 9|59 72 -26 -20|0.4 23
2406 國碩|光電業|-48 -41 -100|42 69 -21 -32|0.6 14
2408 南亞科|半導體業|-3 -16 -11|61 99 20 31|1.2 3443
2409 友達|光電業|-3 14 2|66 78 -15 -20|1.0 297
2412 中華電|通信網路|6 3 0|99 99 4 6|1.3 1413
2414 精技|電子通路|42 36 20|97 97 9 9|0.6 7
2417 圓剛|電腦及週|-9 -3 -1|65 68 -22 -9|0.4 16
2419 仲琦|通信網路|-35 -23 -32|51 54 -31 -45|1.4 7
2420 新巨|電子零組|10 9 2|68 79 -18 -20|0.5 9
2421 建準|電子零組|33 51 25|85 93 9 3|0.5 227
2423 固緯|其他電子|16 12 14|90 90 -4 -2|0.9 6
2424 隴華|通信網路|-0 246 143|83 83 47 9|0.8 10
2425 承啟|電腦及週|104 88 74|74 95 1 -2|1.1 92
2426 鼎元|光電業|14 20 12|62 64 -23 -33|0.5 7
2427 三商電|資訊服務|19 6 1|71 84 -10 -4|0.3 18
2428 興勤|電子零組|11 20 6|74 78 -18 -14|0.8 44
2429 銘旺科|光電業|28 70 30|90 90 56 112|0.4 178
2436 偉詮電|半導體業|26 32 21|68 73 -16 -14|1.1 21
2438 翔耀|光電業|70 81 -149|36 73 -12 -27|0.3 8
2439 美律|通信網路|-6 13 -5|88 98 2 19|1.0 239
2441 超豐|半導體業|8 13 2|83 83 -14 -4|0.9 29
2442 新美齊|建材營造|352 170 76|65 88 -7 -3|0.4 13
2449 京元電子|半導體業|34 26 9|66 73 -11 -25|1.0 1039
2451 創見|半導體業|26 25 26|78 98 18 12|0.9 129
2453 凌群|資訊服務|13 8 0|79 79 -6 14|0.2 70
2454 聯發科|半導體業|16 16 -1|81 81 -16 3|1.5 8644
2455 全新|通信網路|-19 -9 -8|50 56 -32 -40|0.3 300
2457 飛宏|電子零組|-7 -2 6|43 51 -34 -47|2.4 38
2458 義隆|半導體業|1 -0 -0|81 84 -12 -7|1.0 257
2464 盟立|其他電子|2 21 17|62 65 -23 -22|1.2 167
2465 麗臺|電腦及週|27 3 4|43 73 -16 -14|1.0 31
2466 冠西電|光電業|65 95 50|79 79 16 154|0.5 137
2467 志聖|電子零組|12 19 -13|59 69 -15 -28|1.8 84
2468 華經|資訊服務|0 40 20|78 78 68 191|0.3 978
2471 資通|資訊服務|47 34 12|84 84 2 23|0.2 87
2472 立隆電|電子零組|16 31 10|73 73 -15 -2|0.5 100
2474 可成|其他電子|2 19 4|90 95 2 12|3.3 919
2476 鉅祥|電子零組|25 27 7|64 76 -22 -15|0.4 78
2478 大毅|電子零組|16 37 20|76 90 0 -6|0.5 6
2480 敦陽科|資訊服務|17 16 7|95 95 1 31|0.5 77
2481 強茂|半導體業|8 7 5|74 83 -11 -6|0.9 98
2484 希華|電子零組|43 29 23|71 79 -16 -16|0.8 5
2486 一詮|光電業|31 30 16|54 63 -24 -32|0.9 379
2488 漢平|其他電子|18 36 4|76 76 -17 -21|0.6 8
2489 瑞軒|光電業|14 24 -11|52 68 -29 -32|0.7 35
2492 華新科|電子零組|6 11 4|61 77 -18 -17|0.7 63
2493 揚博|電子零組|10 10 -1|80 93 5 -8|0.9 13
2495 普安|電腦及週|-3 -16 -8|59 63 -22 -39|0.7 19
2497 怡利電|汽車工業|14 22 -3|49 68 -25 -32|0.6 10
2498 宏達電|通信網路|-9 26 36|63 63 -16 -19|0.8 192
2501 國建|建材營造|-42 -48 -59|51 75 -23 -24|0.9 23
2504 國產|建材營造|11 13 8|73 75 -7 -22|1.0 197
2515 中工|建材營造|-14 -2 -21|67 91 -5 -0|1.0 58
2516 新建|建材營造|31 30 12|71 71 -27 33|0.4 13
2520 冠德|建材營造|12 -11 -62|86 89 -3 -3|1.2 147
2524 京城|建材營造|266 849 495|36 63 -23 -35|0.7 25
2528 皇普|建材營造|4039242 2973548 -38094|70 75 -22 -7|0.6 18
2530 華建|建材營造|-76 -87 -37440|56 76 -21 -23|0.9 19
2534 宏盛|建材營造|987 691 462|83 90 -1 -7|1.0 18
2535 達欣工|建材營造|109 83 64|96 96 10 30|1.1 29
2536 宏普|建材營造|9378 3934 2901|81 91 -4 -3|0.9 7
2537 聯上發|建材營造|-100 4012 -19154|44 81 -9 -13|3.6 29
2539 櫻花建|建材營造|54 360 na|73 88 12 11|0.6 40
2540 愛山林|建材營造|-29 -11 -34|34 75 -19 -14|0.7 66
2542 興富發|建材營造|-93 -84 -68|61 82 -10 -13|0.9 115
2543 皇昌|建材營造|-9 1 -7|78 78 -15 19|1.0 1013
2545 皇翔|建材營造|-57 192 -62|65 67 -31 -33|1.0 27
2546 根基|建材營造|43 40 25|83 94 -3 8|0.4 5
2547 日勝生|建材營造|-22 -4 3|92 92 22 24|0.4 50
2548 華固|建材營造|-2 53 -518|65 88 -4 -7|1.3 170
2597 潤弘|建材營造|17 28 10|75 94 2 27|0.9 55
2603 長榮|航運業|-6 6 -54|95 95 13 15|0.7 4919
2605 新興|航運業|13 -2 -3|70 83 -16 -12|0.5 53
2606 裕民|航運業|3 -5 -10|74 74 -25 -6|0.5 478
2607 榮運|航運業|-13 -7 -28|100 100 14 12|1.3 96
2609 陽明|航運業|-16 -9 -60|91 91 9 10|1.4 5111
2610 華航|航運業|8 4 -5|83 83 -5 -10|0.6 686
2611 志信|航運業|7 5 -0|58 85 -14 -10|0.5 6
2612 中航|航運業|10 15 -3|95 95 1 11|0.8 39
2613 中櫃|航運業|6 5 2|64 85 -10 -8|0.8 75
2614 東森|其他|1 -7 -3|79 93 3 -5|0.8 6
2615 萬海|航運業|13 19 -48|87 87 30 30|2.8 8640
2617 台航|航運業|-1 -1 -9|73 88 -12 -8|0.5 17
2618 長榮航|航運業|3 2 -4|86 86 -7 -1|0.7 1236
2630 亞航|航運業|-13 -12 -16|82 82 1 20|0.4 237
2633 台灣高鐵|航運業|2 -2 -6|89 96 -1 -5|0.9 83
2634 漢翔|航運業|-6 -16 -9|78 82 4 2|0.4 357
2636 台驊控股|航運業|-13 4 -58|72 93 -2 -1|0.6 34
2637 慧洋-KY|航運業|-25 -26 -31|75 75 -25 -14|0.6 578
2641 正德|航運業|43 37 14|83 83 -17 5|0.4 94
2645 長榮航太|航運業|18 21 9|99 100 9 21|1.0 180
2646 星宇航空|航運業|35 29 na|na 88 -9 -8|0.6 92
2704 國賓|觀光餐旅|4 -0 -7|60 77 -19 -22|1.7 10
2707 晶華|觀光餐旅|12 3 6|86 96 4 8|0.3 32
2719 燦星旅|觀光餐旅|6 -1 -50|62 80 -4 3|0.9 20
2723 美食-KY|觀光餐旅|5 4 6|86 86 -14 -6|0.7 12
2727 王品|觀光餐旅|4 0 -2|100 100 6 10|2.7 107
2729 瓦城|觀光餐旅|-3 -10 -17|95 99 1 4|1.0 5
2731 雄獅|觀光餐旅|5 9 -10|98 98 23 37|1.6 535
2734 易飛網|觀光餐旅|-31 -39 -1|56 71 -11 -27|1.0 38
2739 寒舍|觀光餐旅|2 -3 -5|59 77 -20 -16|0.4 5
2743 山富|觀光餐旅|-7 -15 -22|73 92 26 38|1.9 369
2745 五福|觀光餐旅|14 14 -14|93 93 14 31|1.1 313
2753 八方雲集|觀光餐旅|16 17 6|96 96 18 33|0.5 127
2801 彰銀|金融保險|16 15 6|98 98 1 3|0.8 387
2809 京城銀|金融保險|-13 -24 -10|75 97 0 5|0.8 92
2812 台中銀|金融保險|-9 1 -6|95 95 1 9|0.7 107
2820 華票|金融保險|173 70 34|97 98 0 1|0.9 12
2832 台產|金融保險|-1 1 -4|94 94 13 21|0.5 23
2834 臺企銀|金融保險|13 9 3|78 94 -5 -2|0.8 275
2836 高雄銀|金融保險|21 21 1|90 98 -1 -0|0.8 10
2838 聯邦銀|金融保險|4 -4 -8|97 97 4 8|0.8 33
2845 遠東銀|金融保險|-12 -7 -4|76 91 -9 -6|0.9 63
2850 新產|金融保險|1 1 -1|90 90 2 3|1.0 31
2851 中再保|金融保險|-39 -23 -16|85 85 -10 -5|1.1 39
2852 第一保|金融保險|-21 -8 -7|88 88 -1 11|0.3 15
2855 統一證|金融保險|-50 -59 -109|77 79 -19 -15|0.6 30
2880 華南金|金融保險|-5 1 -7|92 92 -5 -0|1.4 300
2881 富邦金|金融保險|-145 -24 -102|87 87 -10 -8|1.4 2604
2882 國泰金|金融保險|-70 -34 -38|86 86 -11 -9|3.2 4380
2883 凱基金|金融保險|-80 120 -70|91 91 -6 -1|1.2 1017
2884 玉山金|金融保險|19 33 13|100 100 4 11|1.5 811
2885 元大金|金融保險|-9 -1 -19|85 85 -13 -5|1.5 1146
2886 兆豐金|金融保險|-11 -14 -13|94 95 -2 -2|1.6 973
2887 台新新光金|金融保險|10 19 -8|83 93 -5 -5|1.5 770
2888 新光金|金融保險|-256 -145 859|87 93 -5 0|1.3 560
2889 國票金|金融保險|-93 -38 -40|74 82 -9 -12|0.8 29
2890 永豐金|金融保險|3 9 -5|86 93 -1 -2|3.2 1099
2891 中信金|金融保險|-23 17 -9|97 97 2 11|2.4 3464
2892 第一金|金融保險|2 2 -4|93 95 -4 -3|3.2 728
2903 遠百|貿易百貨|-3 -9 -5|67 88 -7 -10|0.7 50
2905 三商|貿易百貨|-13 -12 -55|61 77 -19 -22|0.8 8
2908 特力|貿易百貨|-3 -5 -5|97 98 -1 1|1.0 11
2912 統一超|貿易百貨|6 3 -3|84 93 -3 -7|0.9 299
2913 農林|貿易百貨|48 41 11|68 73 -18 -24|2.8 36
2915 潤泰全|貿易百貨|2 -9 -20|61 64 -27 -35|0.9 147
3003 健和興|電子零組|4 4 -5|56 66 -21 -28|0.4 22
3004 豐達科|鋼鐵工業|18 18 6|94 94 53 70|5.6 408
3005 神基|電腦及週|7 14 11|95 95 -3 15|0.8 265
3006 晶豪科|半導體業|-12 -11 -13|48 73 -23 -19|0.5 44
3008 大立光|光電業|27 36 8|73 82 -14 -5|0.9 1195
3010 華立|電子通路|9 10 -6|71 82 -7 -12|3.0 49
3013 晟銘電|電腦及週|14 68 4|57 60 -30 -32|1.0 803
3014 聯陽|半導體業|29 23 13|72 82 -15 -5|0.9 104
3015 全漢|電子零組|25 22 22|83 83 -15 -6|2.8 109
3016 嘉晶|半導體業|-6 -9 -4|42 58 -29 -42|1.2 13
3017 奇鋐|電腦及週|76 73 40|78 88 18 -0|0.7 3671
3019 亞光|光電業|29 29 -4|63 63 -32 25|0.5 1471
3022 威強電|電腦及週|21 22 21|70 70 -30 3|0.3 141
3023 信邦|電子零組|-9 -1 -4|65 68 -27 -16|1.1 284
3024 憶聲|光電業|57 79 -26|60 67 -20 -26|0.5 11
3025 星通|通信網路|6 -11 -47|57 57 -27 -32|0.3 8
3026 禾伸堂|電子零組|7 24 17|85 90 -5 -6|0.5 16
3027 盛達|通信網路|170 84 61|88 94 25 3|0.6 51
3028 增你強|電子通路|-2 7 0|98 98 3 9|0.4 9
3029 零壹|資訊服務|87 80 22|69 69 -20 5|0.2 233
3030 德律|其他電子|2 19 -24|61 85 -11 -15|0.8 127
3032 偉訓|電子零組|36 27 31|65 65 -30 -18|0.4 142
3033 威健|電子通路|46 53 18|86 89 -7 -5|0.6 42
3034 聯詠|半導體業|9 16 18|78 88 -9 2|2.2 1196
3035 智原|半導體業|98 218 163|46 64 -33 -25|0.6 800
3036 文曄|電子通路|35 41 -11|100 100 16 12|0.6 448
3037 欣興|電子零組|17 19 4|47 66 -11 -33|2.1 1609
3040 遠見|其他|-2 3 11|80 80 -15 -8|0.4 8
3041 揚智|半導體業|-22 -15 -27|62 62 -25 -12|0.6 17
3042 晶技|電子零組|28 20 3|79 90 -6 -9|1.2 84
3044 健鼎|電子零組|17 22 8|90 95 -3 9|1.3 287
3045 台灣大|通信網路|2 2 -4|95 95 -1 -1|1.7 987
3047 訊舟|通信網路|-39 17 -48|43 60 -30 -39|0.9 44
3048 益登|電子通路|27 29 18|50 78 -13 -21|0.6 11
3050 鈺德|光電業|2 -1 -8|49 69 -24 -30|0.7 8
3051 力特|光電業|20 30 20|81 81 -5 -12|0.5 11
3052 夆典|建材營造|24 26 37|94 98 8 7|0.6 6
3055 蔚華科|電子通路|60 -16 23|49 62 -33 -22|0.7 13
3056 富華新|建材營造|332 12782 -1555|85 85 -5 1|0.7 115
3057 喬鼎|電腦及週|-18 -8 -4|64 88 -5 -5|1.8 9
3059 華晶科|光電業|30 33 37|80 80 -17 22|0.8 192
3060 銘異|電腦及週|10 25 -2|61 76 -6 -5|0.2 19
3062 建漢|通信網路|33 23 4|58 68 -27 -30|0.5 49
3073 天方能源|綠能環保|73 44 1|39 65 -14 -29|2.1 23
3078 僑威|電子零組|53 59 57|85 85 -6 28|0.4 375
3081 聯亞|通信網路|79 65 26|53 53 -19 -16|0.1 201
3083 網龍|文化創意|-49 -53 -67|62 79 -13 -18|0.5 6
3086 華義*|文化創意|-15 -9 -9|56 79 -9 -3|0.3 14
3088 艾訊|電腦及週|1 20 9|59 59 -35 -15|0.5 50
3090 日電貿|電子零組|52 49 26|98 98 8 9|1.1 125
3093 港建*|其他電子|216 428 306|92 98 16 12|3.3 8
3105 穩懋|半導體業|-29 -21 -12|46 69 -23 -28|0.6 255
3128 昇銳|光電業|15 30 8|84 84 1 8|3.8 53
3130 一零四|數位雲端|5 10 3|94 95 1 4|0.6 7
3131 弘塑|半導體業|65 55 27|55 63 -3 -29|1.6 1151
3138 耀登|通信網路|-0 -8 -3|67 75 -20 -9|0.6 7
3141 晶宏|半導體業|-5 -4 3|54 67 -29 -32|0.5 9
3147 大綜|資訊服務|105 281 191|68 68 -5 48|0.7 366
3149 正達|光電業|29 21 0|69 79 -12 0|0.7 216
3152 璟德|通信網路|-7 -2 -7|50 59 -33 -35|0.9 11
3162 精確|電機機械|147 210 113|77 77 1 13|0.2 311
3163 波若威|通信網路|13 16 39|76 76 -4 36|0.3 2012
3167 大量|電機機械|164 147 26|51 72 -9 -27|2.3 245
3169 亞信|半導體業|-5 33 30|65 75 -20 -11|0.3 7
3188 鑫龍騰|建材營造|-35 -59 na|56 95 0 11|1.1 6
3189 景碩|半導體業|35 31 9|58 71 -21 -17|2.2 152
3205 佰研|生技醫療|-8 -6 -7|86 93 35 24|2.1 8
3207 耀勝|電子零組|26 26 -32|39 50 -45 -39|1.1 39
3209 全科|電子通路|-20 42 37|87 93 0 3|0.3 36
3211 順達|電腦及週|-24 -24 2|89 89 16 15|0.5 1172
3213 茂訊|電腦及週|15 3 7|75 75 -25 28|0.5 191
3217 優群|電子零組|40 44 21|89 93 -5 2|0.5 61
3218 大學光|生技醫療|-1 -1 -4|79 88 -9 0|0.5 19
3219 倚強科|其他電子|68 119 80|71 92 23 7|5.4 77
3227 原相|半導體業|28 34 -5|75 75 -19 5|0.5 446
3228 金麗科|半導體業|5 -16 -40|37 77 -15 -17|0.9 75
3230 錦明|光電業|-8 24 47|52 52 -33 -38|0.4 21
3231 緯創|電腦及週|84 60 26|92 97 6 2|1.4 3207
3234 光環|通信網路|6 36 35|56 56 -29 -36|0.5 19
3257 虹冠電|半導體業|30 9 31|89 93 14 3|1.5 146
3260 威剛|半導體業|2 -1 -4|81 93 6 5|0.4 338
3264 欣銓|半導體業|7 1 7|92 92 1 38|0.6 554
3265 台星科|半導體業|3 8 -3|67 79 -14 -9|0.4 15
3287 廣寰科|電腦及週|57 20 5|71 80 18 10|0.2 43
3289 宜特|其他電子|13 10 -3|54 69 -21 -26|0.5 24
3290 東浦|電子零組|11 32 18|69 80 -18 -20|0.5 8
3293 鈊象|文化創意|28 27 -5|74 80 -10 -13|0.5 1390
3294 英濟|電子零組|-25 -19 -10|83 87 -5 26|7.8 62
3297 杭特|光電業|30 25 17|88 88 77 67|3.3 118
3303 岱稜|其他電子|-1 15 -3|69 85 -13 -12|0.4 10
3305 昇貿|其他電子|44 55 7|77 90 -8 -1|0.6 35
3312 弘憶股|電子通路|28 51 29|46 77 -7 -17|0.4 104
3317 尼克森|半導體業|19 31 19|77 77 -10 -14|1.0 6
3323 加百裕|電腦及週|-2 -2 14|71 71 -6 -20|0.7 200
3324 雙鴻|其他電子|66 65 24|60 78 -15 -15|0.4 1325
3325 旭品|電腦及週|-10 -18 3|49 77 -23 -24|1.0 6
3338 泰碩|電子零組|4 23 22|58 71 -9 -26|0.5 12
3339 泰谷|光電業|11 1 -15|78 95 13 -2|2.3 41
3346 麗清|汽車工業|-0 15 6|60 67 -24 -32|0.7 6
3356 奇偶|光電業|-11 -14 -1|65 74 -16 -15|0.4 80
3357 臺慶科|電子零組|36 46 11|71 82 -18 -11|0.6 13
3362 先進光|光電業|8 15 7|42 54 -40 -39|0.4 46
3363 上詮|通信網路|81 55 28|68 68 -22 16|1.6 448
3373 熱映|其他電子|-21 -1 -8|78 78 4 10|6.5 11
3374 精材|半導體業|44 30 16|47 57 -26 -30|0.9 273
3376 新日興|電子零組|-13 -7 -22|59 59 -37 -7|0.5 1002
3379 彬台|電機機械|72 175 22|91 91 -6 124|1.5 584
3380 明泰|通信網路|-13 -11 4|70 70 -20 -29|3.8 13
3402 漢科|其他電子|-9 -3 -14|73 78 -11 -12|0.5 11
3406 玉晶光|光電業|-1 0 -4|58 74 -20 -13|0.6 211
3413 京鼎|半導體業|47 47 5|75 91 -4 -5|0.6 214
3416 融程電|電腦及週|-10 3 -15|74 74 -19 -8|1.0 15
3430 奇鈦科|化學工業|5 4 -9|54 75 -21 -19|1.2 6
3434 哲固|光電業|46 32 13|75 75 85 98|1.1 437
3443 創意|半導體業|-1 17 11|65 74 -15 -7|0.6 1317
3444 利機|電子通路|24 27 4|48 64 -22 -35|0.4 9
3447 展達|通信網路|105 97 34|47 62 -32 -34|0.2 39
3450 聯鈞|半導體業|3 85 21|54 54 -31 -25|0.5 2539
3454 晶睿|光電業|27 27 23|69 69 -21 -19|0.2 25
3455 由田|光電業|6 25 22|59 67 -22 -30|0.7 14
3466 德晉|通信網路|-47 -48 11|43 61 -27 -30|0.8 55
3479 安勤|電腦及週|20 26 18|81 81 -13 -4|0.4 22
3481 群創|光電業|-1 8 6|75 77 -13 -16|1.0 914
3483 力致|電腦及週|2 5 1|47 63 -28 -30|0.5 50
3484 崧騰|電子零組|28 26 -8|71 71 -24 -8|0.3 17
3491 昇達科|通信網路|-15 40 -17|65 65 -29 4|0.6 608
3492 長盛|電子零組|20 25 7|74 85 -9 -7|2.1 6
3498 陽程|其他電子|106 94 -37|52 62 -26 -26|0.4 18
3501 維熹|電子零組|-3 13 2|74 87 -9 -11|0.4 8
3504 揚明光|光電業|23 38 35|61 61 -30 -22|0.6 15
3511 矽瑪|電子零組|41 49 22|45 49 -31 -48|0.3 5
3515 華擎|電腦及週|207 131 58|80 80 -14 -10|1.2 106
3526 凡甲|電子零組|30 68 27|82 82 -16 -12|0.6 44
3528 安馳|電子通路|47 56 40|86 86 48 61|0.4 733
3529 力旺|半導體業|11 7 -6|63 64 -20 -22|1.2 1614
3530 晶相光|半導體業|24 26 10|53 64 -27 -34|0.5 11
3532 台勝科|半導體業|-1 2 13|38 59 -26 -40|2.3 25
3533 嘉澤|電子零組|16 31 5|62 62 -27 -25|1.0 1914
3535 晶彩科|光電業|-34 -28 -355|40 58 -30 -36|0.4 16
3537 堡達|電子零組|47 18 15|66 77 -8 -13|0.4 11
3540 曜越|電腦及週|36 24 24|62 79 -15 -12|1.5 16
3545 敦泰|半導體業|4 -5 -7|64 65 -23 -30|0.7 39
3546 宇峻|文化創意|1 -9 -11|76 76 24 27|0.6 773
3548 兆利|電子零組|21 23 17|54 54 -34 -37|0.5 70
3551 世禾|綠能環保|16 13 -1|82 85 -4 -2|0.5 111
3557 嘉威|居家生活|-31 1 -9|63 63 -26 -30|0.4 8
3558 神準|通信網路|60 65 62|68 68 -31 -15|0.4 192
3563 牧德|光電業|219 214 117|94 94 14 48|1.1 1064
3564 其陽|通信網路|51 23 -9|55 85 -11 -8|8.0 18
3570 大塚|資訊服務|8 63 26|77 77 20 27|0.5 86
3580 友威科|其他電子|-61 -14 -5|54 67 -21 -30|0.3 61
3583 辛耘|半導體業|18 24 -11|54 61 -18 -34|0.9 252
3587 閎康|其他電子|7 6 0|49 54 -35 -44|1.2 46
3591 艾笛森|光電業|9 9 -15|61 72 -20 -19|0.3 12
3592 瑞鼎|半導體業|-6 -4 -17|79 84 -12 -5|0.8 67
3594 磐儀|電腦及週|24 46 28|64 64 -27 -8|0.4 12
3596 智易|通信網路|10 9 15|86 86 2 25|1.1 278
3605 宏致|電子零組|16 30 7|74 74 -16 -2|0.4 144
3617 碩天|其他電子|-8 8 -1|64 64 -19 -30|0.9 108
3622 洋華|光電業|1 -11 -15|65 71 -16 -27|0.4 8
3630 新鉅科|光電業|52 27 9|69 76 -9 -12|1.4 16
3645 達邁|電子零組|10 14 -18|68 68 -21 35|1.9 513
3653 健策|電子零組|66 73 35|84 84 4 -1|1.1 1591
3661 世芯-KY|半導體業|-22 -6 -52|74 74 -10 26|0.8 6720
3663 鑫科|其他電子|122 138 20|47 66 -24 -34|0.9 88
3665 貿聯-KY|其他電子|38 34 16|88 88 9 3|1.0 2157
3673 TPK-KY|光電業|14 -1 -1|56 73 -21 -25|1.6 45
3675 德微|半導體業|-13 -7 -27|37 55 -27 -43|2.1 42
3679 新至陞|電子零組|8 44 20|84 84 -11 7|0.6 7
3680 家登|半導體業|9 30 -6|59 68 -26 -30|1.2 284
3687 歐買尬|數位雲端|5 11 6|61 76 -16 -20|0.3 8
3689 湧德|電子零組|30 39 34|82 82 -17 9|0.4 149
3691 碩禾|光電業|-52 -45 -131|43 76 -16 -22|0.5 14
3693 營邦|電腦及週|5 51 37|76 80 -16 -16|1.1 144
3694 海華|通信網路|33 29 23|74 74 -20 16|2.1 68
3701 大眾控|電腦及週|-23 -6 3|56 72 -17 -19|0.4 10
3702 大聯大|電子通路|34 48 15|67 89 -2 -7|3.1 500
3703 欣陸|建材營造|-14 13 7|62 73 -26 -22|0.6 20
3704 合勤控|通信網路|-5 3 -2|64 64 -31 -30|1.1 49
3705 永信|生技醫療|4 25 8|91 91 15 11|0.3 91
3706 神達|電腦及週|97 122 5|67 67 -13 -29|2.2 1371
3707 漢磊|半導體業|-11 -8 7|48 62 -34 -37|2.2 42
3708 上緯投控|綠能環保|5 13 3|58 90 5 -7|2.3 36
3709 鑫聯大投控|電腦及週|117 100 45|82 82 37 39|1.8 227
3711 日月光投控|半導體業|14 15 9|70 73 -18 -11|1.1 1292
3712 永崴投控|電腦及週|-3 60 -6|67 72 -23 -30|0.6 108
3714 富采|光電業|-10 3 -0|66 66 -22 -25|0.9 72
3715 定穎投控|電子零組|9 6 -5|54 64 -29 -32|1.2 79
3716 中化控股|生技醫療|na na na|na 97 -0 2|1.5 7
4104 佳醫|生技醫療|-1 10 5|96 96 2 3|0.5 10
4105 東洋|生技醫療|-4 29 21|98 98 -1 8|0.4 28
4107 邦特|生技醫療|7 11 5|83 91 -9 -5|0.4 5
4111 濟生|生技醫療|29 28 12|94 94 2 9|0.4 8
4113 聯上|建材營造|-93 -17 -377025|34 66 -28 -34|0.5 6
4114 健喬|生技醫療|7 28 15|90 98 5 0|0.5 17
4119 旭富|生技醫療|2 12 -26|68 68 -23 -30|0.9 8
4123 晟德|生技醫療|-2 17 3|70 78 -3 -22|1.6 39
4128 中天|生技醫療|9 8 -2|52 56 -27 -42|0.6 18
4129 聯合|生技醫療|27 30 9|96 100 11 6|1.9 38
4137 麗豐-KY|生技醫療|-2 1 13|75 92 -1 -1|0.6 12
4142 國光生|生技醫療|-41 -45 -224|62 72 -20 -14|2.2 26
4147 中裕|生技醫療|-32 -16 -16|76 76 -21 -10|0.4 30
4162 智擎|生技醫療|16 12 -104|74 74 -22 -6|0.4 42
4164 承業醫|生技醫療|14 65 44|75 75 -23 6|0.5 35
4167 松瑞藥|生技醫療|2 12 -1|84 100 10 8|1.1 22
4173 久裕|生技醫療|15 42 22|94 94 18 24|0.5 8
4174 浩鼎|生技醫療|20 52 -0|38 54 -42 -45|1.9 42
4303 信立|塑膠工業|304 507 201|85 85 31 65|0.5 1546
4306 炎洲|塑膠工業|-12 2 -18|70 87 -11 -11|0.5 9
4417 金洲|紡織纖維|61 44 17|97 97 1 17|0.5 5
4420 光明|紡織纖維|68 63 24|89 89 5 16|0.3 8
4438 廣越|紡織纖維|12 15 3|73 75 -24 -17|0.7 7
4503 金雨|電機機械|151 153 103|81 81 -12 9|0.2 18
4506 崇友|電機機械|12 22 11|95 100 5 12|1.0 11
4510 高鋒|電機機械|-21 -16 3|77 77 -18 -9|0.7 537
4526 東台|電機機械|16 29 40|64 73 -26 -25|0.5 54
4532 瑞智|電機機械|9 28 0|92 92 3 16|0.4 90
4533 協易機|電機機械|-18 38 10|50 62 -38 -31|0.3 15
4534 慶騰|電機機械|-12 12 -6|58 58 -39 -11|0.3 8
4536 拓凱|運動休閒|29 41 16|86 90 -8 2|0.9 54
4540 全球傳動|電機機械|11 -5 -1|63 63 -29 -2|0.7 84
4541 晟田|其他|19 43 16|87 87 35 43|0.4 896
4542 科嶠|電子零組|-13 17 52|51 60 -37 -37|0.3 6
4545 銘鈺|電子零組|-8 6 -20|49 67 -23 -32|0.7 12
4549 桓達|電機機械|4 9 12|50 50 -29 -17|0.6 14
4551 智伸科|汽車工業|8 24 6|63 76 -18 -22|0.3 16
4554 橙的|其他電子|40 27 16|77 77 32 29|1.5 10
4555 氣立|電機機械|14 23 7|59 80 -11 4|0.5 7
4557 永新-KY|汽車工業|35 41 11|73 77 -15 -23|0.4 8
4560 強信-KY|電機機械|18 32 2|100 100 14 17|1.7 13
4561 健椿|電機機械|-25 -16 -2|57 57 -33 -28|0.4 26
4562 穎漢|電機機械|4 15 2|68 76 -12 -21|2.1 235
4563 百德|電機機械|-6 24 7|50 59 -31 -28|0.4 10
4564 元翎|電機機械|-3 39 21|58 68 -25 -27|0.3 8
4566 時碩工業|電機機械|14 25 3|52 71 -19 -24|0.2 32
4569 六方科-KY|汽車工業|31 36 11|47 65 -20 -33|0.4 10
4571 鈞興-KY|電機機械|-26 -4 -25|54 54 -27 -12|1.0 177
4572 駐龍|電機機械|-8 -21 -16|89 89 7 10|0.2 92
4576 大銀微系統|電機機械|24 34 15|73 73 -15 9|0.5 366
4583 台灣精銳|電機機械|2 10 0|81 81 3 15|0.7 709
4588 玖鼎電力|其他電子|203 63 29|60 87 -12 -2|0.5 9
4714 永捷|化學工業|87 136 29|71 88 -1 -8|0.4 22
4716 大立|化學工業|4 22 13|46 68 -22 -31|1.2 5
4721 美琪瑪|化學工業|91 15 14|71 77 -11 -15|0.7 19
4722 國精化|化學工業|-2 7 -2|85 85 -7 40|1.4 106
4726 永昕|生技醫療|-50 -7 -72|60 75 -17 -15|1.3 8
4728 雙美|生技醫療|-1 5 -10|80 80 32 43|0.4 17
4736 泰博|生技醫療|0 -4 -8|90 96 4 -2|3.5 21
4737 華廣|生技醫療|12 5 -3|99 99 18 10|2.9 7
4739 康普|化學工業|40 3 11|64 74 -19 -21|0.3 7
4743 合一|生技醫療|-9 10 -16|32 53 -22 -46|0.6 99
4746 台耀|生技醫療|38 14 5|63 91 -9 -7|0.5 21
4749 新應材|半導體業|37 46 na|na na -5 na|2.4 640
4755 三福化|化學工業|8 11 1|71 75 -10 -18|4.1 6
4760 勤凱科技|其他電子|32 54 1|66 83 -12 -9|0.5 9
4763 材料*-KY|化學工業|32 31 6|75 75 -9 2|0.6 1355
4766 南寶|化學工業|8 18 6|93 95 7 9|0.7 127
4768 晶呈科技|化學工業|-14 -24 -41|41 52 -37 -47|1.1 23
4770 上品|化學工業|-22 -21 -33|57 65 -31 -22|0.7 110
4771 望隼|生技醫療|14 21 13|64 94 6 9|0.5 20
4772 台特化|化學工業|48 29 na|na 79 -17 33|1.9 374
4903 聯光通|通信網路|120 112 61|47 61 -26 -31|0.2 11
4904 遠傳|通信網路|6 4 -3|92 92 -5 -6|1.8 549
4906 正文|通信網路|-37 -21 -20|56 69 -23 -29|0.6 28
4908 前鼎|通信網路|-31 14 23|62 62 -21 -18|0.3 12
4909 新復興|通信網路|-94 -85 -317|33 50 -40 -42|0.3 117
4912 聯德控股-KY|電子零組|-19 12 -10|48 48 -40 -25|0.5 16
4915 致伸|電子零組|-4 21 20|69 84 -12 -5|1.3 109
4916 事欣科|電腦及週|-18 -15 -10|85 85 -14 36|0.6 531
4919 新唐|半導體業|-4 0 9|54 67 -24 -22|0.8 54
4927 泰鼎-KY|電子零組|-7 5 -0|36 48 -44 -48|0.3 29
4931 新盛力|電腦及週|-22 36 -15|85 85 14 45|0.6 2211
4933 友輝|光電業|8 30 15|96 96 6 30|0.4 51
4934 太極|光電業|-88 -80 1|43 79 -17 -20|1.7 6
4938 和碩|電腦及週|15 17 16|69 84 -13 -13|1.1 482
4946 辣椒|文化創意|870 1053 617|76 76 166 395|0.7 51
4949 有成精密|光電業|-14 -10 16|90 90 96 138|2.3 573
4953 緯致|資訊服務|9 12 -1|69 69 -12 -13|0.3 13
4956 光鋐|光電業|3 23 1|58 69 -16 -30|1.4 42
4958 臻鼎-KY|電子零組|23 31 12|67 82 -10 -11|0.8 441
4960 誠美材|光電業|-10 9 11|73 91 -5 -1|0.5 10
4961 天鈺|半導體業|14 29 1|73 86 -9 -11|0.7 100
4966 譜瑞-KY|半導體業|14 14 -1|63 70 -15 -19|0.6 212
4967 十銓|半導體業|-45 36 -8|40 75 -20 -21|0.5 73
4968 立積|半導體業|3 7 -7|49 53 -43 -37|0.7 230
4971 IET-KY|半導體業|30 39 26|53 53 -44 -2|0.4 179
4973 廣穎電通|半導體業|1 9 12|52 73 -23 -24|0.5 7
4974 亞泰|電子零組|2 21 -14|64 64 -22 2|0.3 27
4976 佳凌|光電業|-5 -1 -22|44 65 -29 -29|0.5 8
4977 眾達-KY|通信網路|87 114 51|51 51 -30 -32|0.3 132
4979 華星光|通信網路|42 63 37|64 64 -14 -5|0.4 2244
4991 環宇-KY|半導體業|-14 29 2|52 52 -37 -26|0.4 557
5009 榮剛|鋼鐵工業|-11 -8 0|79 84 -14 -12|0.6 112
5201 凱衛|資訊服務|43 24 18|68 68 28 59|0.5 202
5202 力新|資訊服務|18 8 -18|70 72 -14 -3|0.1 54
5203 訊連|資訊服務|22 14 2|80 80 -12 34|0.6 35
5210 寶碩|資訊服務|38 7 12|68 89 9 -7|0.6 6
5213 亞昕|建材營造|1037 848 480|65 89 -9 4|0.5 19
5222 全訊|半導體業|-42 -19 -14|64 78 -13 -19|0.4 26
5225 東科-KY|其他電子|-11 -2 -10|62 69 -30 -25|1.6 67
5234 達興材料|光電業|11 20 18|83 95 -1 -5|2.0 208
5236 凌陽創新|半導體業|4 47 28|62 77 -22 -17|0.7 20
5243 乙盛-KY|光電業|1 5 -15|64 67 -18 -31|0.5 19
5244 弘凱|光電業|0 5 7|79 79 1 1|0.8 102
5251 天鉞電|光電業|-34 32 -16|88 88 103 67|1.2 450
5258 虹堡|電腦及週|2 -6 -2|44 62 -35 -31|0.6 21
5263 智崴|文化創意|23 20 -37|51 63 -13 -37|1.1 18
5269 祥碩|半導體業|62 45 15|81 85 -5 18|0.7 1186
5274 信驊|半導體業|69 96 -20|74 93 9 0|0.9 1586
5284 jpp-KY|其他|54 43 21|85 85 -1 -0|0.3 104
5288 豐祥-KY|電機機械|-13 8 6|61 69 -24 -26|0.5 19
5289 宜鼎|電腦及週|28 30 15|70 81 -17 0|0.5 84
5306 桂盟|運動休閒|4 26 10|62 76 -22 -22|1.8 18
5309 系統電|電子零組|10 5 9|68 72 -21 -26|0.4 53
5312 寶島科|生技醫療|2 -2 -3|93 93 12 48|1.1 27
5314 世紀*|其他|368 243 na|68 68 24 246|0.9 461
5315 光聯|光電業|36 65 27|94 94 6 5|0.7 22
5324 士開|建材營造|124 47 -254|75 84 2 -5|2.3 10
5340 建榮|電子零組|38 28 -23|68 91 8 -6|5.3 27
5347 世界|半導體業|8 21 3|60 79 -17 -10|2.5 842
5351 鈺創|半導體業|-16 -20 -29|47 66 -28 -27|0.8 30
5371 中光電|光電業|-16 -9 -7|47 61 -31 -21|0.5 99
5381 光譜|電機機械|17 -10 -170|57 80 -10 -19|0.8 11
5386 青雲|電腦及週|278 146 -17|63 76 -9 -18|0.9 18
5388 中磊|通信網路|-16 -26 -9|70 70 -28 -12|0.5 201
5392 能率|光電業|-6 1 5|69 74 -18 6|0.2 33
5403 中菲|資訊服務|27 28 10|93 93 -5 17|2.4 8
5410 國眾|資訊服務|7 135 84|75 79 -6 -8|0.2 6
5425 台半|半導體業|32 45 27|58 74 -14 -25|0.4 27
5426 振發|電腦及週|43 61 29|53 67 -28 -33|0.7 10
5432 新門|綠能環保|-7 14 32|40 72 -17 -27|0.6 19
5434 崇越|電子通路|24 28 2|81 84 -10 -13|0.8 102
5438 東友|電腦及週|73 50 22|47 61 -19 -39|0.4 6
5439 高技|電子零組|126 92 69|87 87 21 78|0.9 2116
5443 均豪|半導體業|-0 2 -37|47 58 -22 -40|2.2 128
5452 佶優|其他電子|-1 4 2|65 77 -12 -21|0.6 38
5457 宣德|電子零組|21 31 -6|68 68 -15 -20|0.3 7
5465 富驊|電腦及週|34 39 47|91 91 -0 -4|1.3 17
5469 瀚宇博|電子零組|51 32 24|91 91 8 16|4.6 167
5474 聰泰|電腦及週|-9 -6 -2|63 63 -28 -5|0.5 55
5478 智冠|文化創意|-8 -12 -18|72 80 -18 -15|0.7 25
5483 中美晶|半導體業|6 1 2|46 67 -18 -34|1.1 371
5484 慧友|光電業|-7 23 -5|34 58 -26 -24|2.0 14
5489 彩富|其他電子|6 4 -15|77 77 19 19|0.6 65
5490 同亨|電腦及週|37 40 -27|79 90 12 10|4.4 113
5493 三聯|其他電子|38 30 9|67 77 -20 -12|0.9 8
5508 永信建|建材營造|-84 -69 -45|41 76 -17 -24|0.5 44
5515 建國|建材營造|45 32 -20|86 86 1 3|0.3 14
5519 隆大|建材營造|-21 -37 -34|59 92 4 0|0.4 10
5521 工信|建材營造|81 70 29|96 96 9 14|0.4 23
5522 遠雄|建材營造|-99 -92 -281|67 75 -22 2|0.8 84
5530 龍巖|其他|-2 19 15|70 70 -3 22|0.2 40
5534 長虹|建材營造|-68 91 -24|61 79 -9 -0|0.7 113
5536 聖暉*|其他電子|45 66 28|83 83 -9 22|0.7 207
5607 遠雄港|航運業|19 16 -1|63 81 -12 -14|2.4 18
5608 四維航|航運業|2 -4 -8|70 76 -23 -6|0.3 30
5609 中菲行|航運業|31 32 -6|87 100 1 1|1.8 15
5706 鳳凰|觀光餐旅|6 5 -36|74 88 -11 -3|0.5 37
5871 中租-KY|其他|-3 -2 -4|73 93 -6 -2|3.1 901
5876 上海商銀|金融保險|13 10 2|96 96 7 19|2.5 313
5880 合庫金|金融保險|14 17 8|90 94 -2 -5|1.7 204
5903 全家|居家生活|3 1 -3|97 97 7 8|0.4 20
5904 寶雅|居家生活|7 2 -5|96 98 -2 8|0.6 131
6005 群益證|金融保險|-10 -4 -25|85 85 -9 12|0.7 61
6015 宏遠證|金融業|-112 -95 -305|83 93 -1 -5|0.4 6
6016 康和證|金融業|-216 -191 -173|74 76 -24 -16|0.5 7
6023 元大期貨|金融業|-3 9 0|89 93 -6 -6|1.0 14
6024 群益期|金融保險|40 38 11|83 83 -10 -13|0.3 13
6101 寬魚國際|文化創意|6 -13 -45|81 98 11 6|0.6 5
6104 創惟|半導體業|66 77 33|90 90 -2 27|0.8 797
6111 光聚晶電|文化創意|18 1 -39|69 82 -16 -11|0.3 35
6112 邁達特|資訊服務|16 8 13|64 64 -19 -2|0.3 78
6113 亞矽|電子通路|28 14 39|78 84 23 13|0.4 72
6114 久威|電子零組|6 17 37|85 85 8 33|2.3 80
6117 迎廣|電腦及週|0 1 -5|59 78 -1 -12|1.9 309
6120 達運|光電業|5 2 -3|66 78 -21 -18|0.7 9
6121 新普|電腦及週|9 13 13|90 92 -2 2|0.7 233
6122 擎邦|電機機械|-12 -1 19|92 95 -2 4|0.5 9
6125 廣運|電機機械|-25 -8 25|51 69 -23 -20|1.5 115
6136 富爾特|通信網路|4 11 9|88 88 0 7|0.4 5
6138 茂達|半導體業|28 22 11|75 85 -8 -2|0.5 55
6139 亞翔|其他電子|-26 -29 -23|90 90 -8 12|1.0 558
6140 訊達電腦|資訊服務|29 92 69|82 82 21 83|0.3 397
6141 柏承|電子零組|-23 -26 2|63 65 -28 -8|1.4 7
6143 振曜|通信網路|11 30 4|80 87 -9 4|1.2 178
6146 耕興|其他電子|-2 -1 1|74 85 -13 -10|2.0 41
6147 頎邦|半導體業|9 18 9|81 92 -6 -4|1.2 240
6148 驊宏資|資訊服務|306 274 200|86 86 67 151|0.3 946
6150 撼訊|電腦及週|146 70 63|83 88 -9 -5|0.5 14
6151 晉倫|其他電子|-8 20 9|46 61 -22 -39|1.3 9
6153 嘉聯益|電子零組|-14 -9 15|45 65 -24 -35|0.6 10
6156 松上|電子零組|36 81 30|69 89 -7 -8|0.8 25
6160 欣技|電腦及週|7 -10 -25|70 90 -8 -2|1.1 12
6163 華電網|資訊服務|-23 -5 -31|70 81 -10 -15|0.5 13
6165 浪凡|數位雲端|8 10 4|96 96 35 27|0.8 164
6166 凌華|電腦及週|12 29 24|71 71 -22 -11|0.5 47
6169 昱泉|文化創意|63 104 64|82 82 14 7|1.3 12
6170 統振|通信網路|15 16 -8|79 79 -19 -5|0.6 12
6173 信昌電|電子零組|9 14 8|63 73 -15 -14|0.4 6
6175 立敦|電子零組|6 15 -0|73 73 -21 -21|0.4 17
6176 瑞儀|光電業|0 12 -5|66 72 -27 -24|1.0 312
6177 達麗|建材營造|17 77 -250|69 94 9 13|0.7 130
6179 亞通|其他|110 78 14|73 87 -6 -13|0.8 6
6180 橘子|文化創意|-13 -16 -22|83 83 -10 -11|0.4 43
6182 合晶|半導體業|14 16 15|50 68 -21 -32|0.9 38
6185 幃翔|電子零組|52 31 40|92 92 -1 13|0.9 10
6186 新潤|建材營造|14 164 -3|59 85 -7 -4|1.6 63
6187 萬潤|半導體業|46 52 -241|56 66 -10 -31|1.3 850
6188 廣明|電腦及週|14 16 29|66 74 -19 -11|0.4 92
6189 豐藝|電子通路|-23 -24 -24|67 84 -9 -16|0.8 34
6190 萬泰科|通信網路|6 28 -4|92 94 3 16|1.0 85
6191 精成科|電子零組|66 28 26|84 84 13 42|4.2 874
6192 巨路|其他電子|30 25 7|82 93 -2 -1|0.3 12
6196 帆宣|其他電子|-3 2 -3|96 96 1 14|0.7 227
6197 佳必琪|電子零組|43 31 -2|72 87 -2 -6|0.7 156
6199 天品|其他|1 12 14|76 76 2 23|1.6 14
6202 盛群|半導體業|45 79 42|68 80 -15 -16|0.7 20
6203 海韻電|電子零組|4 49 67|88 88 -7 22|0.5 21
6204 艾華|電子零組|13 41 33|41 83 -7 -14|0.5 12
6205 詮欣|電子零組|-0 11 -10|63 63 -28 -31|0.4 8
6206 飛捷|電腦及週|-1 25 -3|65 65 -25 36|0.4 268
6207 雷科|電子零組|-4 16 7|45 64 -30 -33|0.4 8
6209 今國光|光電業|5 30 26|74 77 -19 3|0.6 15
6213 聯茂|電子零組|35 38 11|64 97 21 12|5.4 473
6214 精誠|資訊服務|27 12 3|70 70 -16 -11|0.3 69
6215 和椿|其他電子|92 85 -8|71 71 -13 69|0.8 1102
6216 居易|通信網路|-24 -17 -35|61 75 -13 -22|0.5 5
6217 中探針|電子零組|26 32 3|53 70 -19 -29|1.2 9
6219 富旺|建材營造|-100 -99 -492|49 60 -40 -34|0.5 6
6221 晉泰|資訊服務|52 25 9|66 66 -27 -15|0.9 15
6223 旺矽|半導體業|31 37 5|77 77 5 0|1.6 1766
6227 茂綸|電子通路|125 88 67|69 69 7 32|0.6 353
6228 全譜|電腦及週|-77 104 41|60 81 74 43|0.8 46
6230 尼得科超眾|電腦及週|11 19 25|33 57 -34 -42|0.6 8
6231 系微|資訊服務|-7 8 -5|35 45 -41 -55|0.7 141
6234 高僑|光電業|-18 -44 -6|68 74 -16 -20|0.9 5
6235 華孚|電腦及週|1 2 8|57 75 -14 -24|0.9 29
6237 驊訊|半導體業|10 5 -13|62 63 -29 -23|5.6 15
6239 力成|半導體業|-12 -14 -8|59 83 -10 -8|0.7 543
6243 迅杰|半導體業|4 3 16|57 72 -14 -20|0.6 9
6244 茂迪|光電業|-6 2 13|55 76 -14 -22|0.8 40
6245 立端|通信網路|12 8 6|66 66 -32 -14|0.6 83
6257 矽格|半導體業|4 9 -7|93 93 -7 11|0.8 141
6261 久元|半導體業|-22 -5 -8|76 92 -3 -4|0.3 5
6263 普萊德|通信網路|0 15 11|82 93 -2 -2|0.5 8
6266 泰詠|電子零組|12 11 7|98 98 -0 3|1.0 6
6269 台郡|電子零組|-32 -25 -1|55 73 -23 -22|0.9 57
6271 同欣電|半導體業|2 3 -1|66 76 -13 -17|0.5 62
6274 台燿|電子零組|29 45 -3|99 99 11 11|1.9 993
6275 元山|電子零組|30 29 18|60 79 -13 -15|0.2 7
6276 安鈦克|電腦及週|48 58 27|71 92 15 42|5.5 10
6278 台表科|光電業|9 16 17|78 90 -2 7|0.9 134
6279 胡連|電子零組|22 29 7|74 74 -22 -16|0.9 92
6282 康舒|電子零組|-5 5 -2|65 76 -18 -24|0.6 41
6284 佳邦|電子零組|12 13 4|70 79 -15 -11|0.6 63
6285 啟碁|通信網路|-1 8 8|69 76 -20 1|0.5 277
6288 聯嘉|汽車工業|5 6 -14|61 68 -23 -33|0.6 8
6290 良維|電子零組|37 44 26|96 96 14 36|1.7 628
6405 悅城|光電業|-99 -99 -42|50 63 -14 -39|0.4 5
6409 旭隼|其他電子|-4 9 -13|57 67 -23 -30|1.3 287
6411 晶焱|半導體業|-13 -1 -7|68 73 -14 -24|0.7 9
6412 群電|電子零組|15 11 5|83 95 -0 0|1.7 173
6414 樺漢|電腦及週|5 10 -7|87 90 -7 -3|0.6 144
6415 矽力*-KY|半導體業|5 16 -1|62 73 -21 -19|0.8 709
6416 瑞祺電通|通信網路|13 27 7|58 68 -32 -23|0.3 19
6425 易發|電機機械|-59 -42 -58|49 50 -36 -45|0.4 9
6426 統新|通信網路|92 74 65|68 68 -7 2|1.4 26
6435 大中|半導體業|36 31 20|83 83 -12 7|0.5 18
6438 迅得|其他電子|11 20 17|74 74 -11 -17|0.8 691
6441 廣錠|電腦及週|-41 -19 -2|70 83 -7 -18|4.8 6
6442 光聖|通信網路|195 126 -62|64 64 -13 -16|0.4 631
6443 元晶|光電業|-78 -46 -2|47 71 -23 -22|0.7 74
6446 藥華藥|生技醫療|84 90 -5|66 66 -20 -10|1.3 1075
6449 鈺邦|電子零組|37 39 16|52 63 -25 -31|0.5 18
6451 訊芯-KY|半導體業|53 124 83|44 44 -33 -43|0.4 111
6456 GIS-KY|光電業|6 6 3|62 78 -16 -9|1.0 26
6462 神盾|半導體業|18 16 -8|31 48 -30 -46|0.7 144
6469 大樹|生技醫療|9 10 2|64 79 -19 -12|0.7 33
6470 宇智|通信網路|30 51 36|84 84 -6 1|0.6 7
6472 保瑞|生技醫療|23 71 1|84 87 -12 -1|1.1 703
6477 安集|光電業|-10 -6 9|62 72 -19 -3|0.3 18
6482 弘煜科|文化創意|8 9 -21|71 71 25 32|0.7 34
6485 點序|半導體業|30 49 45|66 68 -27 -2|0.4 12
6488 環球晶|半導體業|10 4 7|51 70 -21 -30|0.9 576
6491 晶碩|生技醫療|9 -1 3|66 84 -12 -11|0.6 44
6499 益安|生技醫療|73 111 31|89 89 149 156|1.6 198
6505 台塑化|油電燃氣|-9 -4 1|51 86 -5 -14|0.8 270
6509 聚和|化學工業|27 22 12|79 87 -7 -15|0.5 8
6510 精測|半導體業|82 79 29|92 92 15 20|2.0 466
6515 穎崴|半導體業|40 105 14|73 73 -27 -9|1.7 1687
6516 勤崴國際|資訊服務|28 40 26|89 89 8 27|1.1 18
6517 保勝光學|光電業|41 30 20|79 79 24 14|3.6 60
6525 捷敏-KY|半導體業|19 19 8|91 96 -1 2|1.6 13
6526 達發|半導體業|14 23 -21|61 67 -24 -18|0.7 134
6530 創威|通信網路|25 25 10|57 58 -21 -34|0.3 16
6531 愛普*|半導體業|37 26 16|68 80 -9 -9|2.3 260
6533 晶心科|半導體業|-36 11 -47|56 56 -35 -29|0.7 106
6535 順藥|生技醫療|-88 721 568|41 43 -32 -57|1.4 29
6538 倉和|電子零組|-36 -23 -11|52 86 -6 -8|0.7 9
6541 泰福-KY|生技醫療|404 2491 1787|65 65 -31 -21|0.9 16
6546 正基|通信網路|9 16 7|37 56 -38 -36|0.3 37
6547 高端疫苗|生技醫療|3 72 na|89 89 2 28|1.8 161
6548 長科*|半導體業|15 22 11|80 92 1 2|1.0 38
6550 北極星藥業-KY|生技醫療|-81 -57 na|52 76 -15 -25|0.6 34
6558 興能高|其他電子|7 3 2|75 75 -21 31|0.7 398
6560 欣普羅|光電業|606 545 397|85 87 44 54|4.7 6
6561 是方|通信網路|28 16 -4|77 79 -8 -19|0.4 13
6568 宏觀|半導體業|-11 0 -16|61 61 -32 -17|0.8 6
6569 醫揚|生技醫療|-7 7 15|51 64 -30 -23|0.7 5
6576 逸達|生技醫療|18 44 na|64 73 -25 -19|0.8 7
6577 勁豐|電腦及週|-11 -4 5|69 69 -23 -3|0.3 5
6579 研揚|電腦及週|6 21 27|65 81 -16 0|0.6 10
6584 南俊國際|電子零組|20 39 1|54 66 -14 -32|1.3 41
6585 鼎基|其他|-17 -5 -13|54 64 -32 -7|0.7 25
6589 台康生技|生技醫療|50 31 16|63 65 -21 -32|0.8 16
6591 動力-KY|電腦及週|45 70 61|96 96 38 49|1.4 146
6592 和潤企業|其他|-22 -21 -10|58 82 -15 -18|0.6 16
6593 台灣銘板|資訊服務|-48 -26 -11|62 86 21 -7|8.5 6
6596 寬宏藝術|文化創意|-74 -60 -135|92 92 48 82|1.0 63
6605 帝寶|汽車工業|5 3 -4|65 73 -18 -26|0.5 58
6609 瀧澤科|電機機械|-16 29 5|38 51 -43 -46|0.6 13
6613 朋億*|其他電子|-43 -18 -18|64 64 -26 -11|0.4 33
6617 共信-KY|生技醫療|42 43 -76|na 93 7 -5|0.8 14
6625 必應|其他|94 107 64|88 94 15 3|2.3 42
6640 均華|半導體業|-14 -11 -102|41 53 -15 -45|3.4 45
6643 M31|半導體業|-9 25 26|34 61 -30 -26|0.5 277
6651 全宇昕|半導體業|38 54 30|81 81 -13 -4|0.3 13
6654 天正國際|其他電子|25 105 97|99 99 53 81|0.8 8
6657 華安|生技醫療|-17 -10 -30|85 85 -5 22|0.5 38
6658 聯策|其他電子|77 92 35|75 90 12 0|2.0 174
6664 群翊|電子零組|-3 -3 -3|56 72 -18 -26|0.5 35
6667 信紘科|其他電子|87 132 51|84 91 -2 9|0.6 183
6668 中揚光|光電業|33 27 20|65 82 -10 -8|0.9 34
6669 緯穎|電腦及週|190 169 65|81 87 25 26|1.2 5422
6670 復盛應用|運動休閒|4 20 -7|92 92 1 10|1.4 290
6672 騰輝電子-KY|電子零組|3 2 10|80 80 -12 3|1.4 28
6679 鈺太|半導體業|-16 -3 -7|45 60 -32 -35|1.2 46
6683 雍智科技|半導體業|36 25 -5|61 61 -24 -3|1.5 134
6684 安格|半導體業|-3 -5 6|55 68 -13 -12|0.6 25
6689 伊雲谷|數位雲端|21 19 -9|65 65 -21 -10|0.9 16
6690 安碁資訊|數位雲端|19 17 -0|70 80 -12 -11|0.3 8
6691 洋基工程|其他電子|79 63 36|88 88 -2 43|0.6 171
6692 進能服|綠能環保|-29 150 38|71 84 -4 2|0.3 13
6693 廣閎科|半導體業|49 38 12|64 67 -22 -28|1.8 18
6695 芯鼎|半導體業|40 33 27|51 58 -31 -25|0.6 19
6706 惠特|光電業|50 118 83|35 39 -33 -59|0.5 55
6712 長聖|生技醫療|21 14 -4|85 96 -2 3|1.1 27
6715 嘉基|電子零組|9 -4 0|61 63 -18 -28|0.3 6
6716 應廣|半導體業|2 -1 -0|45 64 -31 -35|1.1 5
6719 力智|半導體業|59 36 9|60 79 -12 -15|0.5 39
6720 久昌|半導體業|-9 12 na|na na -11 na|0.5 9
6728 上洋|居家生活|53 59 18|97 97 17 35|1.9 20
6732 昇佳電子|半導體業|4 5 6|49 58 -18 -33|0.5 16
6739 竹陞科技|其他電子|61 84 na|na 78 -15 43|0.6 174
6741 91APP*-KY|數位雲端|9 11 -4|76 76 -18 -6|0.4 14
6742 澤米|光電業|1 0 -28|61 62 -28 -14|0.8 32
6752 叡揚|資訊服務|28 27 11|80 80 20 39|0.2 145
6753 龍德造船|航運業|-27 -12 -24|60 79 -14 -4|0.2 82
6756 威鋒電子|半導體業|-4 11 24|50 76 -17 -23|1.2 10
6757 台灣虎航|航運業|-2 -1 -18|88 88 16 20|0.8 1126
6761 穩得|電子零組|4 20 6|84 87 -5 6|0.3 25
6763 綠界科技*|數位雲端|10 15 10|57 69 -24 -23|0.4 18
6768 志強-KY|運動休閒|17 46 6|65 65 -28 -24|1.2 131
6770 力積電|半導體業|4 3 -2|53 71 -18 -14|0.9 197
6781 AES-KY|電子零組|75 65 39|82 82 4 27|1.1 1872
6782 視陽|生技醫療|50 32 -13|63 91 5 -8|0.4 43
6785 昱展新藥|生技醫療|na na na|50 90 -2 -3|0.6 10
6788 華景電|半導體業|68 78 4|74 88 1 -5|1.4 197
6789 采鈺|半導體業|12 6 -26|54 60 -27 -24|0.6 191
6790 永豐實|造紙工業|3 12 5|75 92 -2 -8|0.6 8
6799 來頡|半導體業|5 12 19|64 79 -12 7|0.5 156
6803 崑鼎|綠能環保|14 14 0|96 96 -3 6|0.5 15
6805 富世達|電子零組|40 43 8|53 53 -21 -34|0.9 1437
6806 森崴能源|綠能環保|8 83 -11|48 68 -14 -30|0.7 107
6811 宏碁資訊|數位雲端|-2 25 6|69 73 -15 -4|0.5 86
6821 聯寶|電子零組|94 58 34|70 80 -2 -14|0.7 19
6829 千附精密|半導體業|-8 26 6|73 73 -4 4|0.2 222
6830 汎銓|其他電子|15 11 4|53 66 -16 -28|0.3 21
6834 天二科技|電子零組|28 41 3|67 87 10 6|0.8 46
6835 圓裕|電子零組|8 1 -6|76 79 -21 -5|0.6 13
6838 台新藥|生技醫療|na na na|na 62 -23 -31|2.1 10
6841 長佳智能|生技醫療|13 20 -206|57 73 -22 -10|0.3 18
6854 錼創科技-KY創|半導體業|-33 18 -62|52 52 -35 -3|0.5 63
6859 伯特光|光電業|25 114 69|69 69 -19 -22|0.4 37
6862 三集瑞-KY|電子零組|55 50 na|na 68 -16 -17|0.5 13
6863 永道-KY|通信網路|-8 12 -45|55 57 -35 -26|0.5 32
6869 雲豹能源|綠能環保|555 183 153|49 83 -2 -7|0.9 381
6870 騰雲|數位雲端|20 22 -6|60 60 -20 -30|1.3 7
6873 泓德能源|綠能環保|345 146 -102|80 95 8 16|1.0 281
6877 鏵友益|其他電子|-56 17 -112|70 70 -11 2|0.2 43
6890 來億-KY|運動休閒|55 36 2|na 58 -32 -21|1.3 577
6895 宏碩系統|半導體業|81 75 43|43 57 -24 -28|0.3 6
6901 鑽石投資|其他|59 42 32|46 52 -33 -45|2.2 17
6902 GOGOLOOK|數位雲端|41 30 12|52 61 -33 -37|4.6 9
6906 現觀科|數位雲端|5 3 -3|72 79 -6 -19|0.7 18
6913 鴻呈|電子零組|43 58 na|na 58 -33 -20|0.7 13
6916 華凌|光電業|-5 11 5|66 66 -26 -17|0.3 10
6919 康霈*|生技醫療|na na na|na 91 -9 51|0.7 974
6922 宸曜|電腦及週|39 40 -1|74 74 -12 32|0.4 27
6933 AMAX-KY|電腦及週|-30 27 23|36 54 -35 -45|0.4 12
6937 天虹|半導體業|3 -1 -59|44 44 -37 -43|0.8 44
6949 沛爾生醫-創|生技醫療|-34 -28 -83|82 85 -14 50|0.7 7
6957 裕慶-KY|其他|-17 -31 na|na 74 -18 -14|0.6 20
6962 奕力-KY|半導體業|-23 -12 na|na 83 -5 -3|1.2 464
6994 富威電力|綠能環保|17 32 na|na na -23 na|0.7 44
6996 力領科技|半導體業|-7 -4 na|na na -23 na|0.8 7
7402 邑錡|光電業|-8 -5 2|69 73 -15 4|0.1 42
7556 意德士科技|半導體業|33 39 7|82 82 1 33|0.4 17
7714 創泓科技|數位雲端|53 99 na|na na 21 na|0.5 32
7722 LINEPAY|數位雲端|33 28 na|na na -30 na|0.8 71
7734 印能科技|半導體業|68 58 na|na na -25 na|0.7 80
8011 台通|通信網路|-30 -32 -38|72 81 -5 -18|0.7 15
8016 矽創|半導體業|7 13 7|74 94 -2 2|0.7 135
8021 尖點|其他電子|15 19 -8|70 80 -12 -14|1.3 7
8027 鈦昇|電機機械|-5 22 6|55 82 -12 -15|0.6 42
8028 昇陽半導體|半導體業|35 43 15|78 78 -10 2|0.6 1302
8032 光菱|電子通路|40 45 19|48 59 -23 -43|0.3 11
8033 雷虎|其他|-26 26 5|73 82 -7 4|0.4 188
8038 長園科|電子零組|1198 725 386|88 94 14 -12|1.6 9
8039 台虹|電子零組|11 15 -0|63 92 -5 -4|0.6 44
8040 九暘|半導體業|20 28 21|59 73 -17 -16|0.7 9
8044 網家|數位雲端|-1 -1 8|62 68 -18 -31|0.3 13
8045 達運光電|通信網路|26 2 na|na na -44 na|0.6 27
8046 南電|電子零組|19 28 30|47 68 -27 -19|2.6 217
8048 德勝|通信網路|14 -9 34|60 79 -17 -19|0.5 5
8050 廣積|電腦及週|43 64 46|72 78 -15 -14|0.4 13
8054 安國|半導體業|8 3 -9|40 51 -34 -36|0.4 124
8059 凱碩|通信網路|1035 439 240|76 76 -6 7|1.9 23
8064 東捷|光電業|-13 -9 -5|49 60 -31 -37|0.6 60
8069 元太|光電業|50 71 26|64 66 -28 -28|1.1 1547
8070 長華*|電子通路|13 18 8|68 91 13 -5|1.5 143
8072 陞泰|電子通路|78 58 57|88 88 82 73|1.1 417
8076 伍豐|電腦及週|31 -7 6|68 72 -22 -21|0.4 10
8081 致新|半導體業|11 13 6|69 88 -9 -1|0.4 58
8085 福華|其他電子|18 28 24|21 53 -33 -46|0.3 6
8086 宏捷科|半導體業|-33 -35 -44|53 65 -24 -25|0.5 53
8088 品安|半導體業|22 16 31|79 92 42 66|0.9 236
8089 康全電訊|通信網路|-84 10 -277|33 47 -32 -49|0.4 32
8091 翔名|半導體業|26 10 1|66 83 -14 -11|0.4 16
8093 保銳|電子零組|59 -7 8|62 84 -12 -9|3.2 5
8096 擎亞|電子通路|30 75 40|56 56 -36 10|0.3 425
8097 常珵|通信網路|172 526837 393834|75 75 -12 -13|0.2 8
8103 瀚荃|電子零組|11 28 15|62 90 -4 -5|2.2 27
8104 錸寶|光電業|57 61 57|58 58 -15 -39|0.5 31
8105 凌巨|光電業|25 15 8|53 74 -15 -26|0.5 6
8110 華東|半導體業|-15 -13 -15|55 79 -13 -20|0.5 10
8111 立碁|光電業|8 14 6|70 70 2 24|0.5 453
8112 至上|電子通路|5 -13 -40|59 75 -21 -20|1.2 80
8114 振樺電|電腦及週|193 193 94|82 82 2 0|1.1 225
8147 正淩|電子零組|45 48 25|64 75 -25 1|0.2 14
8150 南茂|半導體業|-0 1 -2|60 81 -11 -14|0.8 45
8155 博智|電子零組|41 65 23|75 75 6 9|0.6 174
8163 達方|電腦及週|35 18 23|50 72 -21 -29|0.6 13
8171 天宇|綠能環保|-85 -85 -79|76 80 -10 -24|0.3 10
8183 精星|其他電子|30 37 15|59 64 -33 -31|0.8 6
8210 勤誠|電腦及週|91 91 43|95 100 10 13|2.1 557
8213 志超|電子零組|3 13 15|77 82 -10 -18|0.9 6
8215 明基材|光電業|9 7 -1|69 70 -17 -28|0.6 9
8222 寶一|電機機械|55 37 7|85 85 44 47|0.3 780
8227 巨有科技|半導體業|31 53 70|50 66 -28 -15|0.5 22
8234 新漢|電腦及週|51 47 25|73 73 -19 53|0.5 341
8249 菱光|電子零組|-14 41 -30|65 71 -19 -10|0.7 85
8255 朋程|電機機械|30 25 -1|54 73 -22 -26|1.9 38
8261 富鼎|半導體業|21 30 17|80 81 -12 -15|0.4 29
8271 宇瞻|半導體業|27 18 12|73 95 -2 6|0.4 7
8299 群聯|半導體業|16 -1 -7|82 82 -9 12|0.8 1022
8341 日友|綠能環保|6 22 -0|75 85 -11 -15|0.6 5
8349 恒耀國際|鋼鐵工業|-9 -9 -8|75 82 -13 -18|0.2 6
8358 金居|電子零組|20 17 -6|71 86 -5 -10|1.6 87
8374 羅昇|電機機械|68 70 22|61 63 -19 -27|1.0 211
8383 千附|半導體業|8 38 6|73 73 -2 7|0.2 43
8390 金益鼎|綠能環保|23 28 -12|74 83 -4 -12|0.2 30
8404 百和興業-KY|其他|15 49 16|60 67 -27 -28|0.5 15
8410 森田|電腦及週|6 18 16|52 57 -39 -41|1.6 8
8415 大國鋼|鋼鐵工業|6 5 8|88 88 -9 0|0.7 7
8422 可寧衛*|綠能環保|-18 6 -24|98 98 2 6|0.9 87
8431 匯鑽科|其他電子|14 55 25|63 63 -31 -29|0.5 8
8433 弘帆|居家生活|-31 -3 -3|66 71 -24 -24|0.6 5
8436 大江|生技醫療|-20 2 8|79 79 -12 2|0.3 75
8440 綠電|綠能環保|1 19 10|59 83 -8 -11|0.8 5
8442 威宏-KY|其他|-11 9 4|69 73 -25 -20|0.5 8
8446 華研|文化創意|-25 -16 -29|82 86 -12 -12|0.5 18
8454 富邦媒|數位雲端|1 0 -0|66 75 -24 -21|1.1 92
8462 柏文|運動休閒|17 21 2|93 96 14 17|0.5 10
8464 億豐|居家生活|12 17 4|87 96 -1 10|1.1 441
8467 波力-KY|運動休閒|-13 12 -6|49 49 -36 -39|0.4 24
8473 山林水|綠能環保|16 66 49|59 84 -12 -7|0.5 11
8478 東哥遊艇|運動休閒|45 -3 23|37 61 -21 -37|0.3 17
8489 三貝德|其他|-7 -6 -4|100 100 36 50|3.7 18
8499 鼎炫-KY|其他電子|5 17 2|87 87 -12 27|0.2 5
8926 台汽電|油電燃氣|-4 0 -44|92 97 7 4|0.8 57
8927 北基|油電燃氣|-46 7 -42|72 82 -10 -3|0.3 9
8931 大汽電|油電燃氣|2 17 13|97 97 10 9|1.3 6
8932 智通*|數位雲端|47 57 -9|59 96 3 21|1.4 86
8936 國統|其他|39 27 2|65 88 -2 7|0.4 101
8937 合騏*|其他|-67 -39 -42|71 71 -21 -3|0.7 67
8938 明安|運動休閒|9 30 13|79 84 -14 -8|0.6 19
8942 森鉅|其他|18 22 27|75 79 -19 -10|0.7 9
8996 高力|電機機械|60 55 42|47 68 -20 -28|1.1 334
9802 鈺齊-KY|運動休閒|39 53 33|65 65 -33 -11|1.0 141
9902 台火|其他|297 67 -178|83 90 26 18|7.6 24
9904 寶成|運動休閒|2 1 -8|70 70 -21 -26|1.3 332
9906 欣巴巴|建材營造|-100 108051 -9469|37 61 -27 -34|0.5 8
9907 統一實|其他|21 25 -8|95 95 23 29|1.0 129
9910 豐泰|運動休閒|3 4 3|69 80 -16 -14|1.1 113
9911 櫻花|居家生活|4 15 3|92 95 2 6|0.6 32
9914 美利達|運動休閒|-14 10 -16|47 62 -35 -27|0.8 169
9917 中保科|其他|8 10 4|79 85 -7 -12|1.0 54
9919 康那香|其他|-7 4 3|89 96 11 18|7.1 32
9921 巨大|運動休閒|-17 3 4|49 71 -27 -22|0.4 93
9924 福興|居家生活|-3 -2 9|81 91 -6 -7|0.8 10
9925 新保|其他|3 3 1|97 98 -1 -0|1.0 7
9927 泰銘|其他|-10 8 14|88 88 -2 5|0.5 11
9930 中聯資源|綠能環保|21 23 8|96 96 9 17|1.1 18
9933 中鼎|其他|-16 -18 -16|48 61 -37 -36|0.5 169
9934 成霖|居家生活|-8 1 1|52 72 -27 -26|0.5 7
9935 慶豐富|居家生活|-2 4 -11|68 69 -29 -23|0.7 13
9938 百和|其他|13 29 6|66 66 -21 -28|0.7 63
9939 宏全|其他|5 15 6|85 87 -11 -2|0.7 103
9940 信義|其他|-46 -31 -16|77 91 -8 -7|1.6 6
9941 裕融|其他|0 -3 1|69 88 -11 -10|0.9 44
9945 潤泰新|其他|-8 12 -4|55 63 -31 -35|1.4 212
9946 三發地產|建材營造|-99 -53 -110|43 79 -17 -16|1.0 6
9955 佳龍|綠能環保|-23 13 10|73 82 -7 -7|0.1 28
9958 世紀鋼|鋼鐵工業|31 37 41|50 92 -2 0|1.8 626