# 2025-11-03 全池(1119 檔)。欄位:代碼 名稱|產業|最新月YoY 3月YoY均 加速度|距52週高% 距120日高% 60日漲% 120日漲%|量能比 日均值M
1101 台泥|水泥工業|-0 -4 -34|63 72 -11 -27|0.9 514
1102 亞泥|水泥工業|-2 -10 -9|79 83 -12 -18|1.0 136
1104 環泥|水泥工業|18 1 3|95 95 17 13|0.4 29
1210 大成|食品工業|1 -4 -2|83 83 -11 -13|1.1 123
1215 卜蜂|食品工業|5 1 -0|95 95 16 31|0.9 131
1216 統一|食品工業|1 -1 -6|90 93 -2 -0|0.7 475
1218 泰山|食品工業|-10 -6 0|87 88 -3 -10|1.1 17
1227 佳格|食品工業|3 -5 -6|85 87 -3 -15|0.7 19
1229 聯華|食品工業|35 16 23|82 97 8 9|0.9 66
1231 聯華食|食品工業|16 7 -5|62 71 -23 -19|0.8 47
1232 大統益|食品工業|3 -1 2|91 91 -4 -7|1.2 11
1234 黑松|食品工業|-7 -14 -6|92 92 -7 -5|1.1 5
1256 鮮活果汁-KY|食品工業|-3 11 17|84 84 29 32|0.8 11
1295 生合|食品工業|-5 -20 na|na na -3 na|0.2 31
1301 台塑|塑膠工業|-16 -17 -12|78 88 -0 5|0.8 648
1303 南亞|塑膠工業|3 -3 -8|89 89 10 35|0.5 1689
1304 台聚|塑膠工業|-13 -18 -10|71 89 0 -2|0.9 30
1305 華夏|塑膠工業|-19 -8 6|68 86 0 -4|0.8 10
1307 三芳|塑膠工業|1 -8 -11|63 84 -6 -15|1.1 29
1308 亞聚|塑膠工業|41 7 9|62 89 3 0|0.9 24
1309 台達化|塑膠工業|-31 -34 -28|57 86 -4 -11|0.8 7
1312 國喬|塑膠工業|76 18 -10|81 81 8 -18|0.7 40
1313 聯成|塑膠工業|3 -8 4|88 91 5 19|0.5 22
1316 上曜|建材營造|172 224 10|79 94 10 -5|0.5 74
1319 東陽|汽車工業|-11 -15 -17|73 75 -7 -19|0.9 206
1325 恆大|塑膠工業|-8 -13 -5|76 76 2 14|0.6 14
1326 台化|塑膠工業|-16 -20 -6|74 93 9 15|0.7 376
1342 八貫|其他|10 5 -7|76 86 -4 -13|0.9 11
1402 遠東新|紡織纖維|-2 -9 -5|74 83 -7 -18|1.2 219
1409 新纖|紡織纖維|-18 -15 -13|78 78 8 5|0.5 52
1414 東和|紡織纖維|-20 -19 -6|69 88 -1 -9|0.5 9
1419 新紡|紡織纖維|12 13 -6|71 71 8 35|2.3 43
1434 福懋|紡織纖維|-9 -8 -8|75 88 -8 -12|1.0 17
1436 華友聯|建材營造|-92 -46 -1321|45 54 -16 -45|0.5 19
1440 南紡|紡織纖維|-22 -29 -16|83 88 -2 -9|0.6 11
1442 名軒|建材營造|-80 -78 -23|44 46 -46 -49|0.7 51
1449 佳和|紡織纖維|-37 -29 -20|38 75 -14 -22|1.0 8
1463 強盛新|紡織纖維|-0 -15 -308|61 83 -10 -22|0.5 6
1464 得力|紡織纖維|-3 -5 -22|58 80 -17 -19|1.0 5
1466 聚隆|紡織纖維|-24 -26 -30|81 82 4 -2|0.6 9
1473 台南|紡織纖維|-34 -23 -19|74 84 2 -2|0.8 18
1476 儒鴻|紡織纖維|2 -4 -12|75 92 8 2|0.6 228
1477 聚陽|紡織纖維|-28 -15 -17|73 92 2 0|0.7 204
1503 士電|電機機械|-1 4 -5|96 100 12 26|4.0 209
1504 東元|電機機械|19 9 6|97 97 113 134|0.7 6087
1513 中興電|電機機械|3 6 -5|92 92 -3 19|2.3 613
1514 亞力|電機機械|28 44 34|98 100 12 11|4.8 171
1515 力山|電機機械|28 0 34|76 83 -8 -13|0.4 6
1517 利奇|電機機械|8 -17 -39|78 82 16 1|0.6 9
1519 華城|電機機械|7 9 -22|100 100 22 72|3.1 1174
1522 堤維西|汽車工業|59 45 37|76 96 13 4|2.5 87
1524 耿鼎|汽車工業|-17 -13 -13|74 92 9 -4|2.3 34
1528 恩德|電機機械|-15 -18 -0|66 66 -15 11|0.2 22
1529 樂事綠能|電機機械|-32 79 20|73 73 -14 -14|3.3 18
1532 勤美|電機機械|96 76 85|72 93 3 0|0.8 13
1536 和大|汽車工業|-13 -18 3|68 81 -2 -3|0.3 89
1537 廣隆|電機機械|-30 -27 -20|80 90 -8 -8|0.6 13
1558 伸興|電機機械|2 -7 -13|86 93 -5 -1|1.1 7
1560 中砂|電機機械|9 12 -3|86 87 1 18|0.5 988
1563 巧新|汽車工業|-2 -1 5|69 77 -12 -23|0.7 13
1565 精華|生技醫療|-22 -18 -18|57 79 -17 -20|0.7 16
1569 濱川|電腦及週|1 -5 -18|79 97 17 39|0.7 281
1570 力肯|電機機械|-46 -35 -44|88 88 35 43|0.9 32
1582 信錦|電子零組|1 -11 -7|70 93 -4 -1|0.8 30
1584 精剛|其他|4 -22 -10|71 85 -1 -15|0.4 18
1587 吉茂|汽車工業|20 23 4|85 91 23 33|0.4 25
1589 永冠-KY|電機機械|5 14 -3|46 64 -16 -35|0.8 30
1590 亞德客-KY|電機機械|22 12 1|96 99 19 6|0.8 777
1591 駿吉-KY|電機機械|-63 -41 -55|83 88 -0 29|0.3 11
1595 川寶|半導體業|-80 -54 -46|45 83 -13 -5|0.5 6
1597 直得|電機機械|13 2 -4|62 83 -11 -8|0.4 22
1598 岱宇|運動休閒|-24 -18 -12|68 91 3 0|1.4 9
1603 華電|電器電纜|24 10 -20|99 99 7 17|1.0 15
1605 華新|電器電纜|-1 -6 -8|90 90 37 40|1.1 3517
1608 華榮|電器電纜|3 -2 -4|100 100 32 46|1.7 176
1609 大亞|電器電纜|13 1 -5|92 98 21 19|0.7 275
1611 中電|電器電纜|-4 -7 1|73 84 -4 -10|1.0 6
1612 宏泰|電器電纜|28 22 1|100 100 9 34|1.4 68
1616 億泰|電器電纜|8 29 11|84 84 -5 46|0.3 59
1618 合機|電器電纜|46 -1 -36|89 90 -9 5|0.5 32
1702 南僑|食品工業|-6 -6 -7|72 84 -5 -16|1.4 20
1707 葡萄王|生技醫療|-36 -13 -7|83 91 -4 -8|0.8 15
1708 東鹼|化學工業|-5 -4 -6|73 84 -4 -9|0.9 20
1710 東聯|化學工業|-16 -17 -19|65 84 -6 -16|1.1 16
1711 永光|化學工業|-8 -11 -9|72 85 14 12|0.4 76
1712 興農|化學工業|2 -6 -4|94 95 3 3|1.0 17
1713 國化|化學工業|9 7 11|84 84 -6 -4|0.4 6
1717 長興|化學工業|-5 -11 -8|88 88 46 53|1.3 401
1720 生達|生技醫療|9 2 -2|90 98 1 -2|0.6 10
1721 三晃|化學工業|-21 -26 -6|49 84 -4 -7|0.5 7
1722 台肥|化學工業|7 2 -1|85 90 -5 -11|1.1 49
1723 中碳|化學工業|-2 -29 -14|86 89 -4 -6|0.9 30
1727 中華化|化學工業|-11 -11 -14|83 83 7 44|0.3 83
1732 毛寶|化學工業|18 20 7|87 91 -5 17|0.4 5
1733 五鼎|生技醫療|-3 -15 -27|88 88 13 14|0.6 21
1734 杏輝|生技醫療|57 20 9|99 99 1 4|1.7 7
1736 喬山|運動休閒|1 -0 -23|75 86 1 1|0.9 184
1760 寶齡富錦|生技醫療|4 1 1|72 81 -7 -3|0.6 8
1773 勝一|化學工業|0 2 -5|82 93 15 8|0.5 86
1784 訊聯|生技醫療|-1 -1 -6|100 100 44 44|3.1 54
1785 光洋科|其他電子|19 39 4|89 92 15 13|0.3 370
1786 科妍|生技醫療|0 -0 -8|72 72 -22 -8|0.7 63
1789 神隆|生技醫療|-33 3 12|72 86 2 -7|0.8 13
1795 美時|生技醫療|2 -7 -17|94 94 34 29|1.3 1201
1799 易威|生技醫療|14 -6 -88|37 64 -18 -37|0.9 7
1802 台玻|玻璃陶瓷|15 6 7|78 78 20 99|0.7 1330
1808 潤隆|建材營造|-100 -99 -3|86 100 34 33|1.8 111
1809 中釉|玻璃陶瓷|14 18 11|82 85 15 13|0.3 14
1810 和成|玻璃陶瓷|-10 -8 -7|75 75 6 1|0.1 21
1815 富喬|電子零組|29 38 -22|94 94 41 155|1.2 4111
1903 士紙|造紙工業|9 -2 -0|74 74 2 5|2.7 26
1904 正隆|造紙工業|-31 -14 -13|72 91 -5 -6|0.9 10
1905 華紙|造紙工業|-2 -10 -1|63 86 2 -11|1.0 17
1907 永豐餘|造紙工業|-3 -8 -6|84 93 5 -7|0.7 17
2002 中鋼|鋼鐵工業|-9 -14 -5|76 86 -4 -12|0.9 465
2006 東和鋼鐵|鋼鐵工業|5 -6 -3|83 93 -3 -7|0.9 75
2009 第一銅|鋼鐵工業|-3 -0 1|89 89 26 22|1.0 272
2010 春源|鋼鐵工業|-2 1 -8|86 86 -3 -1|0.6 15
2014 中鴻|鋼鐵工業|-18 -37 -3|58 86 -3 -9|0.8 66
2015 豐興|鋼鐵工業|-17 -19 -10|77 91 -6 2|1.0 12
2020 美亞|鋼鐵工業|-0 34 41|81 87 2 -11|0.6 7
2023 燁輝|鋼鐵工業|-10 -4 1|86 91 -2 -7|1.6 19
2027 大成鋼|鋼鐵工業|27 19 10|72 87 -6 -2|0.4 429
2031 新光鋼|鋼鐵工業|23 14 -9|71 88 -2 1|0.7 22
2034 允強|鋼鐵工業|-14 -22 -25|73 82 -12 -8|0.8 18
2049 上銀|電機機械|-3 -5 -7|63 94 7 9|0.6 653
2059 川湖|電子零組|83 70 -9|100 100 66 129|0.7 2154
2062 橋椿|居家生活|2 -10 8|61 88 -6 -8|0.5 6
2070 精湛|電機機械|-9 -9 -2|42 80 -10 -18|0.3 8
2101 南港|橡膠工業|-91 -39 -33|65 77 -17 -15|0.8 64
2102 泰豐|橡膠工業|-29 -14 -45|89 90 -7 -1|0.8 9
2103 台橡|橡膠工業|-11 -13 -21|62 79 -17 -21|0.9 16
2104 國際中橡|橡膠工業|-23 -23 -11|65 80 -13 -9|1.1 14
2105 正新|橡膠工業|-6 -7 -4|61 63 -23 -36|1.5 220
2106 建大|橡膠工業|4 -7 -5|69 84 -10 -17|0.8 9
2108 南帝|橡膠工業|-26 -25 -28|61 79 -9 -19|1.2 15
2201 裕隆|汽車工業|-17 -16 -1|57 85 1 -17|0.7 62
2204 中華|汽車工業|-1 -3 22|69 83 5 -13|0.6 56
2206 三陽工業|汽車工業|-5 -3 2|87 88 -4 -11|0.8 40
2207 和泰車|汽車工業|4 6 4|89 91 4 -8|1.0 96
2208 台船|航運業|62 21 -19|69 69 24 21|0.3 166
2211 長榮鋼|鋼鐵工業|45 21 -19|97 97 34 38|1.0 145
2228 劍麟|汽車工業|-13 -8 -7|76 76 5 9|0.3 71
2230 泰茂|居家生活|49 38 -66|68 91 0 13|1.0 22
2231 為升|汽車工業|-26 -21 -18|71 71 42 16|0.3 115
2233 宇隆|汽車工業|-11 -18 -13|76 77 10 30|0.5 226
2236 百達-KY|汽車工業|425 476 151|63 79 -10 -8|1.6 49
2241 艾姆勒|汽車工業|33 11 21|97 97 47 48|1.5 48
2247 汎德永業|汽車工業|-30 -19 -26|87 87 -7 3|0.3 22
2250 IKKA-KY|汽車工業|-10 -13 -7|56 80 -11 -13|0.3 11
2258 鴻華先進-創|汽車工業|-68 -75 -347|78 87 -6 -0|1.8 22
2301 光寶科|電腦及週|30 22 4|92 92 50 82|1.6 4622
2302 麗正|半導體業|24 11 -13|83 95 21 13|2.3 30
2303 聯電|半導體業|5 -2 -6|100 100 16 11|1.3 1919
2305 全友|電腦及週|-5 -11 -15|55 85 -4 -1|0.8 6
2308 台達電|電子零組|54 34 9|91 91 66 168|1.1 14653
2312 金寶|其他電子|5 -12 -17|70 96 23 17|1.8 829
2313 華通|電子零組|16 -0 -4|97 97 34 49|0.5 2754
2314 台揚|通信網路|80 27 41|21 71 -4 -26|0.4 7
2316 楠梓電|電子零組|62 18 7|90 90 31 161|1.1 674
2317 鴻海|其他電子|14 11 -7|96 96 40 79|1.2 19085
2324 仁寶|電腦及週|-17 -23 -10|87 91 11 17|1.1 1744
2327 國巨*|電子零組|12 4 -3|100 100 83 120|1.9 14343
2328 廣宇|電子零組|-8 -10 -13|90 90 30 53|0.8 805
2329 華泰|半導體業|31 33 21|97 97 30 62|0.9 493
2330 台積電|半導體業|31 30 -7|100 100 34 60|1.0 51808
2331 精英|電腦及週|32 20 12|82 92 12 20|0.6 39
2332 友訊|通信網路|-3 -6 2|61 90 -4 1|1.9 50
2337 旺宏|半導體業|9 6 1|80 80 68 53|3.8 2712
2338 光罩|半導體業|-34 -19 -7|65 88 17 27|0.4 55
2340 台亞|半導體業|-10 0 -4|66 78 23 16|0.5 81
2342 茂矽|半導體業|-1 -2 -38|89 89 66 44|1.6 176
2344 華邦電|半導體業|10 2 3|100 100 226 264|0.3 11983
2345 智邦|通信網路|142 159 31|96 96 21 64|1.2 5030
2347 聯強|電子通路|-9 -8 -2|79 81 -15 -18|1.0 266
2348 海悅|其他|19 -39 -57|36 68 -10 -28|0.5 43
2351 順德|半導體業|-5 -13 -11|67 93 17 28|2.7 184
2352 佳世達|電腦及週|3 3 -2|73 81 1 5|0.4 162
2353 宏碁|電腦及週|12 1 -1|76 87 -5 -7|0.8 425
2354 鴻準|其他電子|131 111 -87|74 93 7 22|1.2 772
2355 敬鵬|電子零組|-6 -5 -0|81 81 -4 5|0.4 54
2356 英業達|電腦及週|8 8 -18|88 96 4 14|1.2 709
2357 華碩|電腦及週|33 20 -5|97 97 4 21|0.8 1643
2359 所羅門|其他電子|-17 -4 -29|75 79 -8 0|0.2 163
2360 致茂|其他電子|27 14 -14|99 99 64 162|1.5 3122
2362 藍天|電腦及週|-29 -22 -9|69 84 -12 -13|0.8 13
2363 矽統|半導體業|112 960 -177|66 87 2 13|1.0 306
2364 倫飛|電腦及週|15 9 -17|59 59 -33 -14|0.3 12
2365 昆盈|電腦及週|-1 -6 -7|75 75 -9 1|0.2 65
2367 燿華|電子零組|-7 -18 -17|82 82 -2 6|0.4 117
2368 金像電|電子零組|80 68 27|98 98 36 123|1.4 2823
2369 菱生|半導體業|8 5 10|97 97 41 52|1.5 154
2371 大同|電機機械|9 11 12|71 82 -7 -9|1.5 612
2374 佳能|光電業|85 60 19|79 79 38 76|0.5 1109
2375 凱美|電子零組|7 4 -2|92 92 66 71|1.0 1209
2376 技嘉|電腦及週|5 16 -16|89 89 1 17|0.7 1178
2377 微星|電腦及週|-1 12 -3|56 74 -24 -21|1.5 609
2379 瑞昱|半導體業|2 -4 -17|90 90 -4 2|1.0 1022
2382 廣達|電腦及週|19 17 -36|95 96 6 22|0.7 6585
2383 台光電|電子零組|35 44 -7|100 100 29 110|1.4 4703
2385 群光|電子零組|-14 -10 -10|80 83 -4 -11|0.8 227
2387 精元|電腦及週|-18 -22 -12|61 84 -7 -11|0.5 23
2388 威盛|半導體業|-62 -45 -35|39 70 -14 -29|0.4 132
2392 正崴|電子零組|63 8 -0|59 81 -15 4|0.7 130
2393 億光|光電業|-7 -10 -9|71 75 -15 -20|1.3 66
2395 研華|電腦及週|25 19 0|78 89 -2 -5|0.9 567
2397 友通|電腦及週|14 11 -19|82 82 -6 15|0.1 13
2399 映泰|電腦及週|-17 -4 12|53 87 24 15|1.3 189
2401 凌陽|半導體業|-4 -12 -15|68 84 11 0|0.3 59
2402 毅嘉|電子零組|13 10 -6|84 84 28 45|0.6 223
2404 漢唐|其他電子|102 73 56|68 68 2 93|0.8 1744
2405 輔信|電腦及週|26 13 13|82 93 9 9|0.5 46
2406 國碩|光電業|-9 -10 17|71 71 29 55|0.3 52
2408 南亞科|半導體業|158 131 109|100 100 213 299|1.5 16343
2409 友達|光電業|-6 -10 -13|70 84 2 -10|1.2 688
2412 中華電|通信網路|4 4 0|95 95 0 4|1.2 768
2413 環科|電子零組|14 23 16|68 88 15 7|0.5 9
2414 精技|電子通路|15 17 -7|91 91 -4 13|0.7 6
2417 圓剛|電腦及週|5 -3 -2|71 82 -7 2|0.2 16
2419 仲琦|通信網路|0 5 -4|69 98 14 22|4.3 20
2420 新巨|電子零組|0 -9 -10|70 90 -4 2|0.4 13
2421 建準|電子零組|38 23 -5|100 100 46 83|1.6 909
2423 固緯|其他電子|9 5 3|96 96 22 39|0.9 9
2425 承啟|電腦及週|0 40 -6|67 76 -15 -14|0.6 11
2426 鼎元|光電業|-12 -13 -12|67 89 11 8|0.8 8
2427 三商電|資訊服務|-37 -10 -52|78 78 -14 4|0.2 16
2428 興勤|電子零組|7 1 -10|93 93 38 52|1.3 315
2429 銘旺科|光電業|20 63 -25|63 63 7 75|0.7 160
2431 聯昌|電子零組|-43 -23 -24|61 84 2 3|0.2 8
2436 偉詮電|半導體業|8 9 -7|79 80 -0 9|0.4 59
2439 美律|通信網路|10 1 -3|86 86 -5 -10|1.0 182
2441 超豐|半導體業|12 10 -0|100 100 22 37|1.9 112
2442 新美齊|建材營造|271 49 -14|84 84 -8 0|0.6 15
2449 京元電子|半導體業|40 32 8|100 100 91 159|1.3 4945
2451 創見|半導體業|89 64 37|95 95 41 45|1.0 438
2453 凌群|資訊服務|8 8 1|80 91 -2 -3|0.4 38
2454 聯發科|半導體業|22 8 -4|85 85 -2 0|1.2 7852
2455 全新|通信網路|29 13 22|85 86 -2 45|1.2 785
2457 飛宏|電子零組|2 -6 -3|69 93 34 16|2.6 328
2458 義隆|半導體業|2 -3 -1|79 91 -1 -1|0.8 174
2462 良得電|電子零組|-2 -5 -10|75 91 -5 12|0.7 6
2464 盟立|其他電子|-30 -25 -24|72 83 7 6|0.2 88
2465 麗臺|電腦及週|338 102 79|79 88 8 40|1.0 64
2466 冠西電|光電業|-48 -22 -47|47 55 -41 -38|1.1 30
2467 志聖|電子零組|49 46 17|81 86 24 33|0.3 144
2468 華經|資訊服務|-11 19 -7|57 63 -18 -37|0.3 34
2471 資通|資訊服務|18 9 -6|78 85 -6 -15|0.4 6
2472 立隆電|電子零組|4 0 -12|96 96 46 54|1.5 535
2474 可成|其他電子|7 -4 -20|89 90 -8 -6|1.2 511
2476 鉅祥|電子零組|11 6 -7|83 83 27 41|0.6 223
2478 大毅|電子零組|8 2 -13|98 98 46 41|1.5 223
2480 敦陽科|資訊服務|4 12 -5|89 89 -2 6|0.6 30
2481 強茂|半導體業|-0 -2 -4|81 81 66 85|1.2 3095
2484 希華|電子零組|0 -2 -10|79 95 6 6|0.8 8
2485 兆赫|通信網路|217 119 128|75 92 20 12|2.6 14
2486 一詮|光電業|1 6 -6|56 86 0 -7|0.7 279
2488 漢平|其他電子|3 -15 -37|80 97 5 -0|0.4 7
2489 瑞軒|光電業|6 -8 -20|60 89 4 -1|0.7 42
2492 華新科|電子零組|-0 1 -4|89 89 45 55|2.3 2074
2493 揚博|電子零組|-11 -4 -7|54 54 -10 4|0.3 65
2495 普安|電腦及週|46 0 10|63 90 4 2|0.7 57
2497 怡利電|汽車工業|-23 -10 -18|60 83 11 -6|0.2 13
2498 宏達電|通信網路|-11 -5 -4|69 69 24 36|0.2 593
2501 國建|建材營造|88 34 6|90 94 19 16|0.5 49
2504 國產|建材營造|10 4 -0|69 84 -3 -10|1.0 87
2515 中工|建材營造|-18 -21 -26|100 100 39 35|6.2 61
2520 冠德|建材營造|-21 -10 -5|57 62 -30 -33|0.5 88
2524 京城|建材營造|-53 -61 -319|50 79 -2 -20|0.4 9
2527 宏璟|建材營造|-77 -58 -1407|71 93 8 -6|1.9 8
2528 皇普|建材營造|7227 343549 -2766832|66 81 14 -17|1.4 29
2530 華建|建材營造|-81 -0 -4190|72 87 6 -14|1.0 28
2534 宏盛|建材營造|-15 -3 -325|80 84 -9 -12|0.6 13
2535 達欣工|建材營造|59 59 25|100 100 6 14|1.0 28
2536 宏普|建材營造|701 642 -692|80 85 -6 -15|1.0 6
2537 聯上發|建材營造|19374 6433 -4365|70 82 -0 -3|0.8 10
2539 櫻花建|建材營造|na na na|70 70 -27 -23|0.6 46
2540 愛山林|建材營造|-3 11 -28|51 60 -37 -35|0.6 61
2542 興富發|建材營造|-1 -13 -2|83 86 -6 -4|0.5 233
2543 皇昌|建材營造|20 9 15|64 78 -4 -9|0.9 185
2545 皇翔|建材營造|-91 -86 -132|56 79 2 -15|0.4 26
2546 根基|建材營造|81 89 43|96 96 11 14|1.0 9
2547 日勝生|建材營造|-17 -15 -1|77 77 -6 -17|1.2 12
2548 華固|建材營造|364 68 54|87 91 8 5|0.7 86
2597 潤弘|建材營造|39 18 1|85 85 -1 -2|0.9 80
2603 長榮|航運業|-33 -36 -46|85 85 -2 5|1.8 1824
2605 新興|航運業|7 -4 6|89 94 9 9|1.1 77
2606 裕民|航運業|-1 -2 4|77 93 5 6|0.9 211
2607 榮運|航運業|-35 -36 -25|89 89 -3 21|0.6 76
2608 嘉里大榮|航運業|3 2 -3|86 96 0 -5|1.2 5
2609 陽明|航運業|-41 -42 -42|73 73 -7 -12|2.4 964
2610 華航|航運業|-1 -2 -7|77 91 -4 -8|1.4 288
2611 志信|航運業|-8 -8 -9|69 76 -7 -21|1.4 6
2612 中航|航運業|2 -2 -13|92 92 18 40|1.8 71
2613 中櫃|航運業|4 3 1|72 75 -6 -11|2.4 12
2614 東森|其他|-1 -1 3|91 91 31 22|0.9 24
2615 萬海|航運業|-26 -35 -50|67 67 -7 -2|2.8 961
2617 台航|航運業|4 -6 -3|92 96 6 6|1.5 27
2618 長榮航|航運業|-10 -8 -9|81 88 -5 -11|1.2 786
2630 亞航|航運業|12 4 -1|73 73 24 22|0.2 177
2633 台灣高鐵|航運業|-5 1 -0|97 97 -1 3|1.3 78
2634 漢翔|航運業|34 4 7|80 80 20 17|0.2 531
2636 台驊控股|航運業|-36 -37 -43|86 86 -2 -1|1.5 17
2637 慧洋-KY|航運業|-9 -19 1|80 95 9 14|1.1 282
2641 正德|航運業|48 68 30|92 96 16 7|1.0 64
2645 長榮航太|航運業|20 12 -5|75 75 16 49|0.2 332
2646 星宇航空|航運業|5 11 -21|na 90 -8 -8|0.9 111
2707 晶華|觀光餐旅|0 9 3|93 93 -1 -4|0.7 27
2723 美食-KY|觀光餐旅|-11 -9 -7|69 77 -13 -21|0.7 17
2727 王品|觀光餐旅|-2 2 -1|87 87 -7 1|1.1 80
2731 雄獅|觀光餐旅|-8 -8 -15|92 92 6 13|0.7 68
2743 山富|觀光餐旅|4 -2 2|86 86 -6 12|0.5 19
2745 五福|觀光餐旅|15 14 -2|77 77 -9 -10|0.4 19
2753 八方雲集|觀光餐旅|7 7 -3|94 94 4 3|0.7 79
2755 揚秦|觀光餐旅|20 18 -2|81 81 -3 9|0.4 8
2801 彰銀|金融保險|5 5 -2|98 98 5 11|1.1 394
2812 台中銀|金融保險|21 14 8|91 91 -6 7|0.9 175
2820 華票|金融保險|53 32 -14|98 98 8 17|0.6 11
2832 台產|金融保險|-3 1 1|96 96 18 14|1.2 27
2834 臺企銀|金融保險|-6 -3 -4|94 94 -4 7|0.9 200
2836 高雄銀|金融保險|18 12 -5|98 98 4 6|0.9 15
2838 聯邦銀|金融保險|10 6 6|92 92 11 10|0.7 72
2845 遠東銀|金融保險|15 2 4|93 93 -4 0|0.5 128
2850 新產|金融保險|1 7 3|93 93 15 15|0.5 23
2851 中再保|金融保險|8 20 23|92 99 4 2|0.8 26
2852 第一保|金融保險|8 0 2|93 97 6 2|0.6 7
2855 統一證|金融保險|99 76 24|89 97 26 8|0.7 77
2880 華南金|金融保險|9 9 5|98 98 4 10|0.8 293
2881 富邦金|金融保險|57 491 311|100 100 10 25|0.8 1390
2882 國泰金|金融保險|72 52 44|96 96 2 22|0.9 1127
2883 凱基金|金融保險|42 116 800|91 95 5 5|0.8 545
2884 玉山金|金融保險|17 10 -2|87 87 -8 5|3.2 991
2885 元大金|金融保險|30 17 3|97 98 7 14|0.8 509
2886 兆豐金|金融保險|9 4 9|94 94 -2 8|1.2 588
2887 台新新光金|金融保險|237 116 78|96 96 21 24|0.7 1406
2889 國票金|金融保險|71 42 38|92 92 7 29|0.8 42
2890 永豐金|金融保險|22 16 4|100 100 7 18|0.8 825
2891 中信金|金融保險|78 47 10|96 96 -1 11|1.0 1140
2892 第一金|金融保險|20 11 5|95 95 -3 13|1.0 382
2903 遠百|貿易百貨|-2 -1 2|84 95 1 -6|0.9 41
2905 三商|貿易百貨|90 65 -16|84 95 21 9|2.8 15
2908 特力|貿易百貨|-12 -5 -0|99 99 0 2|0.9 5
2912 統一超|貿易百貨|2 1 -3|83 91 -9 -7|1.6 365
2913 農林|貿易百貨|8 -3 -28|65 80 -4 -19|1.0 15
2915 潤泰全|貿易百貨|37 -5 -13|69 98 1 12|1.0 81
3002 歐格|電腦及週|63 45 30|98 98 83 86|2.1 66
3003 健和興|電子零組|-7 -11 -13|63 86 -6 -11|0.6 15
3004 豐達科|鋼鐵工業|21 14 2|68 68 -14 8|0.4 88
3005 神基|電腦及週|9 7 -1|84 84 16 31|0.4 320
3006 晶豪科|半導體業|6 5 9|93 93 81 82|2.2 2019
3008 大立光|光電業|-4 -6 -15|82 89 -5 5|0.8 1245
3010 華立|電子通路|-6 -10 -13|75 86 -4 1|0.6 46
3011 今皓|電子零組|-46 -49 -27|40 78 -17 -4|0.6 8
3013 晟銘電|電腦及週|24 -5 -37|75 93 -1 37|0.6 430
3014 聯陽|半導體業|-5 -3 -14|86 94 -3 3|0.9 60
3015 全漢|電子零組|18 12 -1|85 94 3 14|4.5 16
3016 嘉晶|半導體業|-4 -8 1|92 92 69 69|0.5 351
3017 奇鋐|電腦及週|128 104 38|100 100 61 185|1.2 9068
3019 亞光|光電業|16 5 -17|75 89 1 18|0.4 530
3022 威強電|電腦及週|-13 -18 -16|61 82 -13 -13|0.6 32
3023 信邦|電子零組|-7 -10 -10|73 93 -4 4|1.3 265
3024 憶聲|光電業|-33 -16 -115|53 74 -15 -25|1.1 12
3025 星通|通信網路|17 -34 -23|55 86 -5 -7|0.4 14
3026 禾伸堂|電子零組|12 0 -7|95 95 41 43|1.4 390
3027 盛達|通信網路|-11 -24 -43|59 59 -19 -35|0.8 5
3028 增你強|電子通路|23 15 7|100 100 7 14|3.6 16
3029 零壹|資訊服務|11 31 -22|71 89 -0 -8|0.7 113
3030 德律|其他電子|1 28 -6|77 77 9 65|0.5 282
3031 佰鴻|光電業|37 8 12|89 96 23 18|0.4 11
3032 偉訓|電子零組|68 105 66|86 86 -8 49|1.5 72
3033 威健|電子通路|15 10 -19|85 86 -11 -5|0.5 59
3034 聯詠|半導體業|-7 -12 -11|74 76 -17 -19|1.1 929
3035 智原|半導體業|44 13 -58|67 95 16 1|2.3 947
3036 文曄|電子通路|60 27 2|100 100 6 31|1.6 886
3037 欣興|電子零組|5 7 -6|100 100 32 92|1.2 3537
3040 遠見|其他|-14 -9 -4|81 81 -9 34|0.6 25
3041 揚智|半導體業|73 -14 5|71 90 10 13|0.5 28
3042 晶技|電子零組|-5 -5 -14|78 91 3 4|0.8 110
3044 健鼎|電子零組|18 10 -3|100 100 25 86|0.9 1016
3045 台灣大|通信網路|-1 -2 -2|97 97 3 1|1.0 749
3046 建碁|電腦及週|31 -7 -4|90 97 8 16|0.7 12
3047 訊舟|通信網路|-63 -67 -60|55 86 8 -1|2.8 24
3048 益登|電子通路|-6 -7 -14|80 80 45 48|0.6 155
3050 鈺德|光電業|4 -4 -8|61 86 -12 -12|0.8 5
3051 力特|光電業|-16 -12 -23|60 68 -21 -32|1.1 8
3052 夆典|建材營造|-5 26 9|81 81 -5 -4|0.8 6
3055 蔚華科|電子通路|-27 -51 -12|69 86 -0 12|1.6 29
3056 富華新|建材營造|57 73 -14295|51 55 -39 -45|0.4 44
3058 立德|電子零組|10 -2 3|60 80 10 -2|0.6 8
3059 華晶科|光電業|39 29 13|80 80 24 42|0.3 202
3060 銘異|電腦及週|-31 -13 -23|76 82 8 -13|0.5 37
3062 建漢|通信網路|47 1 -25|71 96 3 28|7.2 44
3071 協禧|電腦及週|-12 -14 -11|78 89 32 26|1.3 9
3078 僑威|電子零組|-6 4 -19|85 85 -10 3|0.5 81
3081 聯亞|通信網路|69 71 15|77 81 4 40|1.5 1536
3086 華義*|文化創意|-7 5 6|92 92 48 44|1.8 60
3088 艾訊|電腦及週|-11 -8 -16|57 85 -1 -15|0.6 22
3090 日電貿|電子零組|33 23 -8|92 92 17 34|3.3 453
3094 聯傑|半導體業|-1 10 1|77 88 3 6|0.6 5
3105 穩懋|半導體業|26 5 20|90 100 37 33|2.0 502
3128 昇銳|光電業|6 -4 -22|63 63 -22 19|0.1 8
3130 一零四|數位雲端|3 4 -3|96 96 0 3|0.5 6
3131 弘塑|半導體業|39 51 4|84 87 10 65|0.7 1324
3138 耀登|通信網路|12 3 8|82 90 3 13|0.6 10
3141 晶宏|半導體業|24 19 11|48 74 -13 -19|0.6 15
3147 大綜|資訊服務|5 19 -69|74 85 14 -14|0.9 37
3149 正達|光電業|12 -8 -13|81 81 21 19|0.3 214
3152 璟德|通信網路|-22 -21 -14|66 84 1 3|0.8 18
3162 精確|電機機械|32 45 -56|82 82 27 7|0.6 99
3163 波若威|通信網路|13 19 20|94 94 38 56|1.2 1547
3167 大量|電機機械|73 98 -24|81 81 4 146|0.4 429
3169 亞信|半導體業|15 16 7|85 92 16 6|0.5 12
3189 景碩|半導體業|36 27 4|92 92 37 82|1.1 3601
3205 佰研|生技醫療|-46 -19 -13|84 84 11 114|0.6 13
3207 耀勝|電子零組|59 38 -4|52 91 15 -1|0.7 17
3209 全科|電子通路|-1 -12 -11|82 88 -7 -11|0.7 15
3211 順達|電腦及週|2 1 21|75 75 28 71|0.7 1729
3213 茂訊|電腦及週|5 12 8|80 83 -10 7|0.3 43
3217 優群|電子零組|12 9 -16|100 100 21 40|1.5 120
3218 大學光|生技醫療|-0 -5 -6|62 66 -32 -20|0.8 36
3219 倚強科|其他電子|3 46 -2|55 55 32 48|0.2 25
3221 台嘉碩|通信網路|7 -2 -3|90 93 29 22|3.4 24
3227 原相|半導體業|1 -2 -21|85 91 15 14|0.4 692
3228 金麗科|半導體業|15 -8 14|54 76 -4 -2|0.5 28
3230 錦明|光電業|-2 -17 -3|71 71 -8 18|0.2 32
3231 緯創|電腦及週|110 108 31|92 92 20 39|1.2 9670
3234 光環|通信網路|8 14 3|67 98 16 15|2.6 16
3236 千如|電子零組|6 12 2|90 90 44 40|2.8 59
3257 虹冠電|半導體業|43 39 34|91 91 22 31|0.9 131
3260 威剛|半導體業|61 55 39|95 95 111 138|1.4 4219
3264 欣銓|半導體業|13 7 7|100 100 36 31|1.8 576
3265 台星科|半導體業|5 9 -3|92 100 5 19|2.6 30
3289 宜特|其他電子|13 16 2|63 88 -5 12|1.1 62
3290 東浦|電子零組|16 15 -0|92 93 29 33|0.9 65
3293 鈊象|文化創意|14 15 -10|68 85 -9 -11|1.0 1079
3294 英濟|電子零組|-8 -10 3|71 71 -13 47|0.1 72
3297 杭特|光電業|5 24 13|68 68 -7 56|0.1 17
3303 岱稜|其他電子|-5 -8 -13|67 89 -3 -4|0.3 8
3305 昇貿|其他電子|28 22 -16|71 71 45 80|0.3 662
3306 鼎天|通信網路|48 32 30|90 90 23 54|0.7 49
3311 閎暉|通信網路|-1 -6 -12|84 84 -7 -7|0.3 33
3312 弘憶股|電子通路|9 10 -10|56 74 -15 -22|1.2 32
3313 斐成|建材營造|-37 -20 39|80 80 18 16|0.5 28
3317 尼克森|半導體業|12 4 -13|93 93 38 38|2.4 117
3323 加百裕|電腦及週|-10 -5 2|71 71 11 29|0.3 185
3324 雙鴻|其他電子|64 41 6|100 100 64 108|0.9 4548
3332 幸康|電子零組|31 47 18|100 100 41 90|1.7 8
3338 泰碩|電子零組|4 -5 -4|75 78 -10 8|0.4 16
3339 泰谷|光電業|14 31 7|65 65 -25 -25|0.7 16
3346 麗清|汽車工業|-29 -17 -15|54 76 -11 -25|0.8 5
3356 奇偶|光電業|-2 -10 1|74 93 1 -13|1.0 24
3357 臺慶科|電子零組|15 12 -14|91 91 46 45|1.3 402
3362 先進光|光電業|-13 -8 -10|42 73 -17 -24|1.1 39
3363 上詮|通信網路|43 33 -7|91 91 20 62|0.6 1237
3372 典範|半導體業|50 32 22|96 99 48 43|1.0 13
3374 精材|半導體業|10 -3 -5|69 100 4 15|1.8 298
3376 新日興|電子零組|-32 -28 -19|73 80 -6 14|0.4 799
3379 彬台|電機機械|115 61 -50|72 72 -21 -18|0.4 22
3380 明泰|通信網路|19 18 19|90 98 21 33|2.6 139
3402 漢科|其他電子|2 -3 1|81 81 29 43|0.3 69
3406 玉晶光|光電業|3 3 8|84 91 -4 17|0.5 303
3413 京鼎|半導體業|27 20 -17|98 98 20 30|2.6 794
3416 融程電|電腦及週|32 29 5|81 81 10 29|0.2 60
3430 奇鈦科|化學工業|47 31 17|84 86 50 45|0.7 70
3434 哲固|光電業|-18 -7 -17|50 58 -14 -41|0.3 8
3437 榮創|光電業|-6 -27 -12|56 88 6 -7|1.1 7
3443 創意|半導體業|105 41 29|94 94 26 46|1.6 6831
3444 利機|電子通路|8 1 -15|68 81 7 -4|0.3 13
3447 展達|通信網路|47 50 -19|59 71 6 18|0.2 39
3450 聯鈞|半導體業|-19 -11 -58|84 94 46 38|0.8 3915
3454 晶睿|光電業|-15 -6 -21|54 71 -12 -28|1.3 11
3455 由田|光電業|2 9 9|64 82 -7 -2|0.3 26
3466 德晉|通信網路|-18 -41 10|52 82 -0 -5|0.5 40
3479 安勤|電腦及週|25 8 -3|96 96 14 18|0.6 57
3481 群創|光電業|3 4 0|87 87 18 4|0.6 775
3483 力致|電腦及週|2 1 -5|79 97 12 17|0.8 54
3484 崧騰|電子零組|7 1 -22|74 90 6 -1|0.4 8
3490 單井|光電業|7 9 11|66 95 22 13|1.8 11
3491 昇達科|通信網路|-11 -24 -38|90 92 27 22|0.8 686
3498 陽程|其他電子|-53 -24 -182|61 79 6 12|0.2 15
3501 維熹|電子零組|3 -12 -12|84 93 -6 -4|0.6 6
3504 揚明光|光電業|-4 -7 -13|72 86 -4 20|0.7 25
3511 矽瑪|電子零組|-31 -25 -42|43 86 3 -11|0.5 6
3515 華擎|電腦及週|151 87 -11|95 95 13 80|1.5 401
3518 柏騰|其他電子|11 -13 -7|64 83 33 20|0.2 6
3520 華盈|電子零組|17 2 -22|72 91 27 24|2.2 16
3526 凡甲|電子零組|12 6 -27|90 94 3 4|0.5 62
3528 安馳|電子通路|97 80 33|85 85 -5 -9|0.5 28
3529 力旺|半導體業|53 16 6|57 78 -4 -18|1.0 1592
3530 晶相光|半導體業|-14 -19 -16|58 88 7 -4|0.3 9
3532 台勝科|半導體業|2 1 8|77 81 15 29|0.6 354
3533 嘉澤|電子零組|4 4 -14|72 82 -1 16|0.8 959
3535 晶彩科|光電業|4028 1295 831|98 98 26 141|0.4 217
3537 堡達|電子零組|-10 -0 -1|80 94 12 11|4.4 26
3540 曜越|電腦及週|23 48 23|79 82 -1 3|0.4 6
3543 州巧|光電業|-5 -13 -15|99 99 33 167|2.6 176
3545 敦泰|半導體業|-26 -18 -14|65 83 -9 -7|0.8 62
3546 宇峻|文化創意|-10 7 10|68 69 -10 -26|0.5 19
3548 兆利|電子零組|3 -5 -17|48 76 -10 -16|0.4 36
3551 世禾|綠能環保|24 16 2|93 93 2 50|0.6 292
3552 同致|其他電子|5 1 8|73 100 22 13|2.2 11
3555 博士旺|半導體業|658 806 558|81 81 91 130|1.1 22
3558 神準|通信網路|17 22 -9|62 79 -10 -13|0.5 32
3563 牧德|光電業|77 124 -49|85 85 11 25|0.9 417
3564 其陽|通信網路|7 -8 -25|55 75 -13 -0|0.8 7
3570 大塚|資訊服務|21 21 -16|72 82 -6 -19|0.8 7
3577 泓格|電腦及週|-29 -17 -28|59 59 -37 12|0.3 9
3580 友威科|其他電子|-37 -31 -9|57 83 -9 -11|0.5 14
3581 博磊|半導體業|22 17 15|72 78 55 47|0.8 66
3583 辛耘|半導體業|17 14 -10|77 86 4 33|0.3 335
3587 閎康|其他電子|12 9 3|75 95 6 41|0.5 133
3588 通嘉|半導體業|-21 -24 -19|55 84 9 -3|0.3 12
3592 瑞鼎|半導體業|-15 -12 -10|64 67 -30 -21|1.6 101
3594 磐儀|電腦及週|47 44 6|64 90 -2 -11|0.8 9
3596 智易|通信網路|15 14 11|81 81 -12 -11|1.5 111
3605 宏致|電子零組|4 4 -15|84 84 17 34|0.3 146
3609 三一東林|電子零組|-27 4 -19|74 82 -8 10|1.9 16
3611 鼎翰|電腦及週|49 24 -13|92 98 7 8|1.0 11
3617 碩天|其他電子|23 -0 -4|66 90 4 -1|1.4 99
3622 洋華|光電業|33 5 3|79 99 3 12|0.6 11
3624 光頡|電子零組|2 0 -2|87 87 3 37|2.2 46
3625 西勝|電腦及週|-11 -16 12|72 72 49 74|1.6 136
3628 盈正|其他電子|71 33 17|100 100 129 158|3.5 100
3630 新鉅科|光電業|28 16 1|74 74 28 40|0.2 34
3645 達邁|電子零組|5 -0 -24|73 76 -16 19|0.1 83
3653 健策|電子零組|41 41 -10|86 86 65 94|0.6 2809
3661 世芯-KY|半導體業|-68 -55 -44|82 82 -7 51|1.1 6998
3663 鑫科|其他電子|-14 -7 -75|46 67 -26 -17|0.5 16
3665 貿聯-KY|其他電子|46 31 4|100 100 71 140|0.7 3685
3673 TPK-KY|光電業|-9 -13 -4|85 90 11 20|0.4 35
3675 德微|半導體業|-7 -8 -8|49 89 29 1|1.3 178
3679 新至陞|電子零組|10 -1 -21|81 92 7 -3|2.2 6
3680 家登|半導體業|-2 -12 -19|63 91 15 -10|0.9 282
3685 元創精密|電機機械|7 -8 -1|94 94 274 248|0.8 52
3687 歐買尬|數位雲端|19 6 1|67 96 8 3|1.3 23
3689 湧德|電子零組|-0 5 -15|93 93 6 25|1.1 180
3691 碩禾|光電業|-11 -12 15|68 68 -10 3|0.3 12
3693 營邦|電腦及週|-15 -38 -40|100 100 20 33|4.9 178
3694 海華|通信網路|38 34 14|74 74 26 71|0.6 91
3701 大眾控|電腦及週|-38 -34 -17|71 75 3 17|0.1 14
3702 大聯大|電子通路|-16 -4 -24|80 84 -11 -8|1.2 349
3703 欣陸|建材營造|-11 -15 -12|68 85 -7 -15|1.3 19
3704 合勤控|通信網路|-2 1 -6|82 89 23 20|1.2 96
3705 永信|生技醫療|-1 -8 -17|86 87 -10 -13|0.3 24
3706 神達|電腦及週|90 63 -65|100 100 41 99|1.4 4346
3707 漢磊|半導體業|11 4 11|80 80 44 50|0.3 491
3708 上緯投控|綠能環保|18 3 -4|82 82 0 66|0.3 227
3709 鑫聯大投控|電腦及週|37 25 -35|76 76 26 3|1.6 167
3711 日月光投控|半導體業|9 5 -1|99 99 67 86|1.9 4750
3712 永崴投控|電腦及週|275 97 23|52 73 -25 -23|0.4 27
3714 富采|光電業|-12 -16 -9|68 84 -4 -6|0.7 56
3715 定穎投控|電子零組|10 2 -6|81 81 12 118|0.7 2563
4104 佳醫|生技醫療|4 7 2|96 96 0 -4|0.8 8
4105 東洋|生技醫療|45 16 3|97 97 2 5|1.1 57
4107 邦特|生技醫療|2 -6 -6|97 99 9 0|0.9 7
4114 健喬|生技醫療|22 8 -8|85 85 -14 13|0.7 32
4119 旭富|生技醫療|-7 -38 -40|59 81 -3 -20|1.2 8
4123 晟德|生技醫療|23 -6 -8|74 91 -2 5|1.1 44
4128 中天|生技醫療|10 11 0|54 77 -16 -7|0.6 19
4129 聯合|生技醫療|30 32 10|100 100 26 42|0.6 25
4130 健亞|生技醫療|-15 -9 -6|81 85 12 -2|0.9 5
4137 麗豐-KY|生技醫療|5 -0 10|74 89 -1 -4|0.7 12
4142 國光生|生技醫療|-52 -49 -216|74 93 8 2|1.2 32
4147 中裕|生技醫療|35 7 8|71 74 -16 -11|0.9 47
4162 智擎|生技醫療|18 -3 -95|63 83 -4 -16|1.1 28
4164 承業醫|生技醫療|9 16 -1|77 86 -7 7|0.8 57
4167 松瑞藥|生技醫療|-40 -12 -8|77 79 -10 -15|0.8 9
4174 浩鼎|生技醫療|15 -45 -23|36 64 -31 -37|0.8 25
4303 信立|塑膠工業|104 412 -27|87 87 5 3|0.4 222
4306 炎洲|塑膠工業|-9 -20 -2|74 84 -10 -15|0.7 15
4438 廣越|紡織纖維|24 11 -9|73 91 4 -0|3.5 16
4440 宜新實業|紡織纖維|2 -9 -6|74 86 13 1|0.7 6
4503 金雨|電機機械|165 206 83|81 85 -11 -6|0.3 12
4506 崇友|電機機械|-11 21 -2|94 94 12 19|0.8 10
4510 高鋒|電機機械|-12 -15 2|65 71 -22 -26|0.1 33
4513 福裕|電機機械|8 20 29|44 75 -5 -26|0.4 5
4526 東台|電機機械|-14 -12 -11|80 80 -2 41|0.2 62
4532 瑞智|電機機械|-24 -22 -29|73 73 -5 -25|0.9 31
4533 協易機|電機機械|-9 5 -20|52 78 -15 -21|0.6 10
4536 拓凱|運動休閒|-13 -7 -23|85 94 0 6|0.5 41
4540 全球傳動|電機機械|34 37 21|62 78 -6 -2|0.2 29
4541 晟田|其他|-3 9 -15|68 68 -8 -17|0.1 58
4549 桓達|電機機械|13 8 9|54 80 -12 0|0.6 15
4551 智伸科|汽車工業|-8 -12 -21|84 84 0 57|0.6 154
4555 氣立|電機機械|3 4 -7|84 84 10 20|0.2 21
4557 永新-KY|汽車工業|-27 -15 -35|50 65 -21 -31|0.3 14
4562 穎漢|電機機械|-15 -12 -24|54 64 -28 -23|0.4 11
4563 百德|電機機械|-31 -37 -34|48 72 -17 -28|0.4 7
4564 元翎|電機機械|12 -21 -42|74 84 13 -4|0.3 22
4566 時碩工業|電機機械|12 -1 -11|61 83 -4 -9|0.3 20
4569 六方科-KY|汽車工業|32 22 -3|58 78 14 24|0.2 12
4571 鈞興-KY|電機機械|22 12 -1|65 85 5 25|0.2 58
4572 駐龍|電機機械|-35 -28 -10|80 81 -10 -13|1.1 14
4576 大銀微系統|電機機械|13 16 -5|68 81 -0 -2|0.3 56
4577 達航科技|其他電子|19 17 -37|91 91 37 86|1.8 31
4580 捷流閥業|電機機械|-5 -1 -5|88 88 9 12|0.4 7
4583 台灣精銳|電機機械|-0 -8 -11|68 75 -6 -3|1.1 154
4714 永捷|化學工業|40 92 -23|84 84 -8 11|0.2 44
4716 大立|化學工業|-21 -22 -20|46 83 4 -7|0.5 6
4721 美琪瑪|化學工業|62 17 -4|80 80 -13 26|0.3 51
4722 國精化|化學工業|-9 -8 -4|85 85 156 250|0.6 335
4726 永昕|生技醫療|-61 -39 -53|65 83 -12 3|0.9 7
4736 泰博|生技醫療|-16 -13 -9|83 92 7 5|0.4 17
4739 康普|化學工業|110 80 58|87 87 14 40|0.3 66
4743 合一|生技醫療|-36 28 16|47 84 -5 6|0.5 95
4744 皇將|生技醫療|78 10 -2|80 80 9 28|0.3 12
4746 台耀|生技醫療|14 13 3|69 88 -5 0|0.8 31
4749 新應材|半導體業|32 24 na|na 94 37 81|0.8 1743
4755 三福化|化學工業|17 -3 -14|78 82 -6 6|0.9 23
4760 勤凱科技|其他電子|2 13 -33|88 88 27 85|0.9 104
4763 材料*-KY|化學工業|-48 -44 -47|54 63 -20 -28|0.7 400
4764 雙鍵|化學工業|-7 -8 -25|88 88 75 76|3.1 6
4766 南寶|化學工業|0 -3 -9|83 83 -4 12|0.4 210
4768 晶呈科技|化學工業|99 31 30|97 97 135 154|0.9 241
4770 上品|化學工業|-44 -19 -9|68 78 -13 4|0.2 105
4771 望隼|生技醫療|22 15 5|87 88 1 -10|1.5 14
4772 台特化|化學工業|295 194 125|99 99 52 80|0.7 942
4903 聯光通|通信網路|63 121 60|58 81 -2 1|1.6 22
4904 遠傳|通信網路|11 6 2|99 99 14 13|1.0 582
4906 正文|通信網路|-19 -40 -18|75 96 7 5|2.1 80
4908 前鼎|通信網路|1 17 16|69 85 -11 3|0.3 30
4909 新復興|通信網路|-92 -93 -111|35 70 -23 -30|1.7 35
4912 聯德控股-KY|電子零組|12 -2 -14|47 85 -1 -10|0.9 19
4915 致伸|電子零組|1 -1 -1|93 99 14 14|2.7 124
4916 事欣科|電腦及週|32 1 9|77 77 -10 22|0.1 171
4919 新唐|半導體業|-2 -9 -2|59 80 -7 -15|0.6 95
4927 泰鼎-KY|電子零組|-10 -14 -11|46 75 -6 1|0.7 101
4931 新盛力|電腦及週|-10 2 -22|81 81 18 58|0.3 680
4933 友輝|光電業|8 6 -10|80 82 2 -12|0.7 9
4934 太極|光電業|12 -41 31|85 85 38 41|0.5 21
4938 和碩|電腦及週|5 -14 -14|74 89 -8 -6|1.4 629
4939 亞電|電子零組|-2 -8 -0|94 94 31 28|0.8 17
4946 辣椒|文化創意|1602 1539 593|46 46 -11 -38|0.3 10
4949 有成精密|光電業|-9 -6 -2|61 61 -18 -24|0.3 12
4951 精拓科|半導體業|4 8 -2|87 87 1 21|0.2 7
4953 緯致|資訊服務|19 14 4|94 97 26 29|0.8 58
4956 光鋐|光電業|-2 3 -10|42 66 -17 -26|0.8 9
4958 臻鼎-KY|電子零組|0 -6 -16|84 84 35 68|0.4 1950
4960 誠美材|光電業|1 -7 -4|91 91 -1 6|0.4 12
4961 天鈺|半導體業|-22 -19 -31|57 70 -17 -27|1.0 64
4966 譜瑞-KY|半導體業|10 -1 -7|78 78 2 21|0.9 747
4967 十銓|半導體業|64 -16 -11|100 100 98 104|0.4 624
4968 立積|半導體業|7 9 7|69 93 18 19|1.4 383
4971 IET-KY|半導體業|89 86 31|82 82 3 39|0.8 121
4973 廣穎電通|半導體業|18 0 2|96 96 52 52|2.4 197
4974 亞泰|電子零組|-34 -27 -34|56 78 -9 -16|0.5 14
4976 佳凌|光電業|-12 -19 -16|60 60 17 24|0.1 29
4977 眾達-KY|通信網路|-26 -20 -72|78 94 32 36|0.7 309
4979 華星光|通信網路|-10 14 -16|84 90 10 28|1.2 1556
4989 榮科|電子零組|6 -14 11|94 94 67 143|2.1 214
4991 環宇-KY|半導體業|6 20 1|96 96 14 100|2.4 799
5009 榮剛|鋼鐵工業|6 -12 -2|73 79 -4 -19|1.2 62
5201 凱衛|資訊服務|20 44 6|77 88 21 -11|0.7 29
5203 訊連|資訊服務|14 22 9|70 84 -0 -9|1.4 14
5209 新鼎|其他|-9 -15 13|100 100 15 52|1.0 14
5213 亞昕|建材營造|30 61 -467|73 76 -7 -26|0.6 7
5222 全訊|半導體業|-14 -35 -11|84 84 1 36|0.4 118
5225 東科-KY|其他電子|-1 -5 -2|82 94 15 15|0.5 41
5234 達興材料|光電業|13 11 -1|89 89 55 133|0.4 419
5236 凌陽創新|半導體業|11 -0 -21|76 95 9 13|1.6 23
5243 乙盛-KY|光電業|-8 -18 -27|94 94 27 81|2.7 161
5244 弘凱|光電業|-4 -4 1|77 82 -10 -9|0.2 11
5251 天鉞電|光電業|15 48 -3|66 66 -15 -15|0.1 13
5258 虹堡|電腦及週|2 0 4|58 88 -3 3|0.5 17
5263 智崴|文化創意|-12 -13 -44|48 83 0 -10|0.8 17
5269 祥碩|半導體業|169 97 45|68 75 -20 -17|0.7 773
5274 信驊|半導體業|15 18 -58|96 96 14 59|0.9 1855
5278 尚凡*|數位雲端|15 21 -2|73 73 -27 8|0.4 10
5283 禾聯碩|電器電纜|-7 -14 -19|59 72 -19 -27|1.7 16
5284 jpp-KY|其他|61 55 0|95 95 45 104|1.3 483
5285 界霖|半導體業|1 4 -2|85 100 18 26|2.2 26
5288 豐祥-KY|電機機械|9 -9 -7|59 87 -3 -9|0.6 12
5289 宜鼎|電腦及週|92 65 33|97 97 99 84|1.0 1969
5292 華懋|綠能環保|19 39 6|88 88 -1 6|0.5 8
5299 杰力|半導體業|-22 -16 -10|84 97 13 5|2.2 10
5306 桂盟|運動休閒|-17 -19 -22|67 85 -3 -6|0.4 10
5309 系統電|電子零組|34 17 15|85 85 38 77|0.2 944
5312 寶島科|生技醫療|3 2 2|61 61 -29 -28|0.4 7
5314 世紀*|其他|1056 888 322|82 82 43 94|0.4 1808
5315 光聯|光電業|33 23 -25|92 92 -0 -4|0.5 11
5328 華容|電子零組|-6 -7 -17|88 88 47 39|1.2 192
5340 建榮|電子零組|8 4 -18|83 83 6 28|0.5 107
5347 世界|半導體業|11 4 -9|93 93 -0 13|1.3 630
5351 鈺創|半導體業|69 21 29|93 95 33 34|0.8 394
5371 中光電|光電業|1 -7 -3|69 69 2 51|0.6 1606
5381 光譜|電機機械|-12 44 15|86 86 0 27|2.0 10
5386 青雲|電腦及週|-50 -53 -155|82 100 7 24|1.9 32
5388 中磊|通信網路|10 10 21|68 82 -12 -12|1.6 84
5392 能率|光電業|-1 -8 -2|84 84 39 57|0.4 311
5403 中菲|資訊服務|-3 3 -13|95 97 0 3|0.7 6
5410 國眾|資訊服務|32 37 -12|89 89 27 25|0.9 46
5425 台半|半導體業|24 14 -14|84 84 15 23|1.1 269
5426 振發|電腦及週|21 19 -19|57 76 -14 -11|0.6 9
5432 新門|綠能環保|20 3 11|51 93 10 -1|1.3 27
5434 崇越|電子通路|15 14 -11|100 100 25 47|1.4 263
5438 東友|電腦及週|-31 -10 -34|55 75 11 9|0.2 12
5439 高技|電子零組|209 199 102|100 100 43 108|1.2 1124
5443 均豪|半導體業|69 30 -11|73 82 7 35|0.2 251
5452 佶優|其他電子|-12 -15 -8|56 73 -4 -26|0.4 8
5457 宣德|電子零組|10 0 -25|76 90 9 12|0.7 39
5465 富驊|電腦及週|-1 54 23|68 68 -31 -11|0.8 5
5468 凱鈺|半導體業|265 72 54|77 77 7 6|3.2 7
5469 瀚宇博|電子零組|36 33 8|92 92 38 100|1.1 795
5471 松翰|半導體業|-8 -5 -4|75 83 7 2|0.3 11
5474 聰泰|電腦及週|57 70 48|78 82 2 13|0.2 28
5475 德宏|電子零組|127 66 -5|100 100 95 503|1.8 283
5478 智冠|文化創意|-5 -12 -7|78 87 3 -8|0.7 9
5483 中美晶|半導體業|18 -5 -3|82 97 22 16|0.5 829
5484 慧友|光電業|100 35 29|57 72 2 -3|0.4 9
5490 同亨|電腦及週|65 25 -6|83 83 22 3|0.3 16
5493 三聯|其他電子|24 21 -0|89 94 -4 20|0.5 13
5498 凱崴|電子零組|38 23 11|88 88 37 174|1.1 219
5508 永信建|建材營造|-79 -87 -8|39 64 -5 -34|0.2 40
5511 德昌|建材營造|-5 24 17|98 98 4 10|1.4 5
5515 建國|建材營造|34 34 -6|88 95 3 -5|0.9 7
5519 隆大|建材營造|224 540 422|80 84 -2 -13|0.7 6
5521 工信|建材營造|0 15 -24|90 90 13 -3|1.0 12
5522 遠雄|建材營造|-50 -1 42|66 73 -17 -10|0.8 50
5530 龍巖|其他|-25 -8 -19|58 74 -15 -26|0.8 13
5534 長虹|建材營造|-42 -38 -62|76 87 -0 -9|0.4 39
5536 聖暉*|其他電子|29 47 -1|77 77 57 104|0.9 1810
5607 遠雄港|航運業|27 23 6|94 94 7 39|0.7 21
5608 四維航|航運業|-17 -18 -14|79 88 10 6|1.1 28
5609 中菲行|航運業|-5 -4 -25|98 98 5 9|1.2 12
5706 鳳凰|觀光餐旅|6 -7 -36|79 85 -9 -15|1.1 9
5864 致和證|金融業|1088 868 605|98 99 28 38|1.5 20
5871 中租-KY|其他|-7 -8 -5|68 82 -12 -11|1.1 657
5876 上海商銀|金融保險|13 -0 -8|84 84 -11 -13|1.3 185
5880 合庫金|金融保險|18 4 -1|93 93 -5 -2|1.0 224
5903 全家|居家生活|2 4 0|95 95 -4 -3|0.7 9
5904 寶雅|居家生活|2 4 -2|92 93 -2 -3|2.0 72
6005 群益證|金融保險|25 17 8|92 96 18 -2|0.7 145
6016 康和證|金融業|143 333 276|94 94 17 24|0.5 11
6023 元大期貨|金融業|6 -21 -13|100 100 9 13|2.0 10
6024 群益期|金融保險|31 -6 -24|87 100 2 4|0.7 8
6026 福邦證|金融業|102 210 126|94 98 5 7|1.6 6
6104 創惟|半導體業|1 8 -32|60 60 -22 -27|0.5 66
6109 亞元|通信網路|47 16 20|77 81 12 15|1.0 8
6111 光聚晶電|文化創意|111 85 59|75 84 -1 -15|0.8 21
6112 邁達特|資訊服務|39 32 14|76 95 1 12|1.3 51
6117 迎廣|電腦及週|10 29 19|71 77 -9 4|0.4 32
6118 建達|電子通路|10 5 -6|75 75 18 12|0.1 5
6120 達運|光電業|-15 -33 -19|77 91 6 -0|1.0 20
6121 新普|電腦及週|-4 -7 -5|85 85 -15 -2|1.5 126
6122 擎邦|電機機械|1 0 9|91 91 -6 -0|0.6 8
6125 廣運|電機機械|52 55 47|72 80 -7 8|0.3 83
6126 信音|電子零組|12 3 -4|93 98 25 33|0.9 41
6127 九豪|電子零組|-34 -19 -25|83 85 31 45|0.4 31
6130 上亞科技|生技醫療|-32 -28 -28|90 90 -0 30|0.6 6
6133 金橋|電子零組|21 12 -6|61 81 -3 11|0.2 6
6138 茂達|半導體業|22 22 6|100 100 39 63|0.5 201
6139 亞翔|其他電子|80 59 72|98 98 49 100|1.1 2911
6140 訊達電腦|資訊服務|74 65 4|67 67 -21 -23|0.3 13
6143 振曜|通信網路|65 29 0|90 90 13 30|0.4 142
6146 耕興|其他電子|-1 -1 2|87 95 6 11|0.8 21
6147 頎邦|半導體業|7 0 -9|95 96 11 -0|1.8 145
6148 驊宏資|資訊服務|-58 157 59|57 58 -15 -40|0.1 19
6150 撼訊|電腦及週|85 154 88|83 83 8 13|0.6 73
6153 嘉聯益|電子零組|-21 -28 -4|73 90 6 27|0.6 56
6155 鈞寶|電子零組|9 4 -10|87 87 22 32|2.0 21
6156 松上|電子零組|-13 -6 -45|57 76 -18 -12|0.7 8
6161 捷波|電腦及週|62 39 36|94 94 37 33|0.7 23
6163 華電網|資訊服務|-20 38 13|100 100 17 16|3.8 39
6165 浪凡|數位雲端|28 19 8|85 85 1 -13|0.6 22
6166 凌華|電腦及週|24 27 7|65 80 -12 -19|0.4 21
6168 宏齊|光電業|9 6 4|83 84 13 27|0.3 12
6170 統振|通信網路|1 11 -6|91 94 0 9|0.7 11
6173 信昌電|電子零組|7 9 -1|100 100 62 80|1.6 577
6175 立敦|電子零組|-3 -14 -16|88 88 37 38|2.8 166
6176 瑞儀|光電業|-15 -11 -20|67 89 -2 -2|1.4 188
6177 達麗|建材營造|58 250 178|93 93 15 11|0.3 48
6179 亞通|其他|-19 14 -62|83 83 2 22|0.3 22
6180 橘子|文化創意|-12 -27 -13|73 85 -8 -15|0.8 21
6182 合晶|半導體業|10 8 -0|87 87 32 50|0.6 392
6184 大豐電|其他|6 2 -0|89 89 -2 -3|0.4 6
6186 新潤|建材營造|-53 134 -14|87 87 8 1|0.5 22
6187 萬潤|半導體業|-19 -11 -118|81 92 5 37|0.5 625
6188 廣明|電腦及週|51 34 21|83 83 19 30|0.2 200
6189 豐藝|電子通路|-18 -19 -4|56 63 -18 -30|0.7 27
6190 萬泰科|通信網路|3 -7 -24|86 86 3 24|1.0 84
6191 精成科|電子零組|65 62 32|80 80 5 80|1.1 1041
6192 巨路|其他電子|-10 -14 -20|87 87 2 2|0.5 10
6194 育富|電子零組|-13 -11 -20|93 93 6 8|0.5 13
6196 帆宣|其他電子|-28 -26 -13|92 92 27 61|0.6 349
6197 佳必琪|電子零組|22 12 -1|95 95 22 32|0.5 246
6199 天品|其他|359 262 186|72 81 -2 -10|0.5 10
6202 盛群|半導體業|3 11 -30|66 84 1 -9|1.2 31
6203 海韻電|電子零組|70 131 85|87 92 -6 10|1.2 9
6204 艾華|電子零組|0 -9 -14|83 95 34 9|2.8 44
6205 詮欣|電子零組|6 -2 -4|52 78 -6 -16|1.1 6
6206 飛捷|電腦及週|29 12 -12|65 80 -6 3|0.5 65
6207 雷科|電子零組|-11 -1 -0|70 76 11 22|0.1 32
6209 今國光|光電業|102 72 36|100 100 70 84|1.3 308
6213 聯茂|電子零組|1 -3 -16|87 87 23 68|1.5 588
6214 精誠|資訊服務|59 37 22|82 95 16 16|1.3 234
6215 和椿|其他電子|62 59 -24|76 76 1 24|0.2 178
6217 中探針|電子零組|13 13 -16|92 92 68 80|0.9 972
6219 富旺|建材營造|-100 -59 -110|48 76 -0 -23|2.0 9
6221 晉泰|資訊服務|-4 6 -17|59 77 3 -23|1.4 19
6223 旺矽|半導體業|13 26 -9|96 96 102 193|0.8 2618
6224 聚鼎|電子零組|-28 -19 -26|63 91 9 9|0.9 18
6227 茂綸|電子通路|23 45 -1|67 78 -6 -19|0.2 25
6230 尼得科超眾|電腦及週|1 8 -0|64 89 14 7|0.4 16
6231 系微|資訊服務|-5 5 -2|39 78 -6 -5|0.3 113
6234 高僑|光電業|-13 -22 6|68 68 -28 -3|0.2 6
6235 華孚|電腦及週|57 26 26|94 94 31 39|0.9 250
6237 驊訊|半導體業|35 16 -6|68 80 0 10|0.2 10
6239 力成|半導體業|17 9 15|95 95 41 60|2.8 1372
6244 茂迪|光電業|10 11 16|67 77 -10 -10|2.0 22
6245 立端|通信網路|6 -8 -6|70 93 1 2|0.6 38
6257 矽格|半導體業|4 6 -6|100 100 44 68|1.8 317
6261 久元|半導體業|8 9 14|85 97 1 2|0.8 9
6263 普萊德|通信網路|-19 -2 -6|82 87 -12 -10|0.6 9
6265 方土昶|電子通路|121 152 120|92 92 36 28|1.2 23
6269 台郡|電子零組|9 -4 17|82 94 -1 17|0.5 100
6271 同欣電|半導體業|-1 -7 -2|95 100 26 24|1.9 238
6274 台燿|電子零組|26 22 -11|100 100 50 140|1.3 4583
6275 元山|電子零組|4 1 -12|92 99 8 11|1.3 10
6278 台表科|光電業|25 16 7|95 98 2 11|1.7 191
6279 胡連|電子零組|11 8 -8|78 96 7 -2|0.9 58
6281 全國電|電子通路|-11 -12 -8|83 90 -7 -10|1.6 5
6282 康舒|電子零組|-3 -5 -2|88 88 47 58|3.6 2078
6284 佳邦|電子零組|-8 1 -5|100 100 27 30|3.6 160
6285 啟碁|通信網路|17 6 5|86 98 3 4|1.5 268
6290 良維|電子零組|18 18 -9|100 100 83 117|1.6 1710
6291 沛亨|半導體業|35 28 24|65 65 -4 67|0.2 42
6405 悅城|光電業|-99 -99 -12|57 89 19 10|2.1 8
6409 旭隼|其他電子|-11 -22 -19|55 80 -4 -20|1.3 1175
6411 晶焱|半導體業|-19 -17 -14|89 89 35 28|6.1 41
6412 群電|電子零組|-16 -13 -14|71 72 -22 -9|1.9 57
6414 樺漢|電腦及週|-7 -12 -14|90 90 -3 12|0.7 138
6415 矽力*-KY|半導體業|2 -3 -9|39 53 -35 -47|0.9 707
6416 瑞祺電通|通信網路|3 -15 -21|56 93 2 3|1.0 10
6417 韋僑|通信網路|9 6 -8|92 92 8 21|0.5 9
6418 詠昇|電子零組|26 -2 -1|72 72 140 209|0.5 43
6425 易發|電機機械|29 -18 -23|80 97 36 41|1.2 82
6426 統新|通信網路|64 81 42|71 95 5 10|1.3 9
6432 今展科|電子零組|22 7 -5|87 87 20 31|6.0 24
6435 大中|半導體業|12 15 -3|94 95 13 14|1.0 33
6438 迅得|其他電子|12 27 9|68 78 3 2|0.4 127
6442 光聖|通信網路|86 53 -103|96 96 61 128|1.5 4085
6443 元晶|光電業|-54 -72 -12|61 78 -15 -9|1.2 34
6446 藥華藥|生技醫療|41 44 -30|65 87 0 -3|0.6 913
6449 鈺邦|電子零組|24 26 -4|87 87 72 98|0.4 740
6451 訊芯-KY|半導體業|9 25 -32|58 91 8 9|0.8 73
6456 GIS-KY|光電業|-29 -11 -18|72 72 7 2|0.3 48
6462 神盾|半導體業|9 19 -5|66 86 5 37|1.9 568
6469 大樹|生技醫療|6 7 -3|65 75 -25 -22|1.0 42
6472 保瑞|生技醫療|-15 -12 -49|69 73 -12 -13|0.8 426
6477 安集|光電業|17 -3 10|82 82 10 28|0.2 26
6485 點序|半導體業|-2 -5 -17|92 92 48 39|1.2 177
6488 環球晶|半導體業|15 -8 -8|94 94 44 61|0.7 2152
6491 晶碩|生技醫療|8 14 15|89 100 11 4|2.4 72
6492 生華科|生技醫療|95 32 24|84 89 26 38|1.3 25
6498 久禾光|光電業|3 18 na|na na -29 na|0.3 7
6499 益安|生技醫療|58 16 -46|70 70 -5 48|0.5 83
6505 台塑化|油電燃氣|-2 -5 3|91 94 11 13|0.8 269
6509 聚和|化學工業|-0 0 -6|72 88 -2 -5|1.0 10
6510 精測|半導體業|32 36 -26|85 85 89 104|1.0 1639
6515 穎崴|半導體業|-6 -6 -73|93 93 127 173|0.9 2351
6517 保勝光學|光電業|-18 -33 -37|61 74 -22 -6|0.3 11
6525 捷敏-KY|半導體業|16 16 3|97 97 24 29|0.6 25
6526 達發|半導體業|-1 1 -25|70 86 -7 -1|0.8 130
6530 創威|通信網路|16 18 -1|70 81 3 12|0.3 25
6531 愛普*|半導體業|50 21 -4|96 96 12 65|1.7 2003
6533 晶心科|半導體業|-8 23 -3|58 82 -4 -8|0.6 155
6534 正瀚-創|生技醫療|95 62 9|87 87 10 33|0.5 8
6535 順藥|生技醫療|1057 470 161|55 66 65 33|1.5 222
6538 倉和|電子零組|-38 -42 -7|61 71 -17 -21|0.9 5
6541 泰福-KY|生技醫療|3916 1879 708|67 85 8 -5|0.7 58
6546 正基|通信網路|-20 -17 -19|44 72 -19 -27|0.7 14
6547 高端疫苗|生技醫療|-15 -16 -33|62 62 -20 -29|1.2 34
6548 長科*|半導體業|14 12 -0|100 100 27 16|2.7 197
6550 北極星藥業-KY|生技醫療|310 76 na|62 77 -6 -21|0.7 17
6558 興能高|其他電子|-25 -17 -15|63 70 -18 -19|0.2 43
6561 是方|通信網路|-2 -6 -21|70 80 -19 -10|2.4 48
6568 宏觀|半導體業|17 -2 -18|67 75 -7 8|0.6 9
6569 醫揚|生技醫療|35 17 6|68 76 6 -3|0.5 7
6576 逸達|生技醫療|-75 164 56|90 93 -2 20|0.5 12
6579 研揚|電腦及週|37 33 23|93 94 9 7|0.6 31
6582 申豐|橡膠工業|-81 -74 -80|48 78 0 -20|0.8 7
6584 南俊國際|電子零組|37 28 0|98 98 35 121|1.3 375
6585 鼎基|其他|-11 -18 -8|54 78 -7 -15|0.5 6
6589 台康生技|生技醫療|5 -7 1|70 89 5 7|0.6 66
6591 動力-KY|電腦及週|11 28 -1|82 82 27 72|0.4 59
6592 和潤企業|其他|-9 -18 2|68 86 -6 -8|2.1 29
6596 寬宏藝術|文化創意|69 389 261|97 97 17 41|1.0 67
6603 富強鑫|電機機械|55 20 3|100 100 27 25|1.5 33
6605 帝寶|汽車工業|-3 -13 -12|59 74 -21 -19|1.6 104
6609 瀧澤科|電機機械|-73 -52 -50|31 67 -18 -32|0.3 6
6613 朋億*|其他電子|-39 -23 -18|70 77 -5 7|0.3 16
6617 共信-KY|生技醫療|82 40 19|81 84 -9 -3|0.8 9
6625 必應|其他|-13 18 -39|75 75 -13 8|0.9 12
6629 泰金-KY|居家生活|12 -6 -1|100 100 79 46|1.6 10
6640 均華|半導體業|95 80 -3|79 79 2 71|0.5 178
6642 富致|電子零組|-3 -6 -18|79 96 0 -5|2.2 9
6643 M31|半導體業|-12 -6 -4|49 74 -18 -19|0.6 177
6649 台生材|生技醫療|436 203 10|87 87 59 77|0.3 30
6651 全宇昕|半導體業|-9 -14 -31|71 82 -7 -16|1.1 7
6654 天正國際|其他電子|54 12 -22|100 100 29 30|3.2 5
6657 華安|生技醫療|70 -6 -21|55 60 -21 -24|1.6 14
6658 聯策|其他電子|69 14 -46|53 62 -21 -13|0.4 8
6664 群翊|電子零組|13 2 2|96 98 29 56|0.5 158
6667 信紘科|其他電子|57 45 -42|88 88 4 48|0.3 174
6668 中揚光|光電業|11 11 -5|75 83 -11 27|1.2 10
6669 緯穎|電腦及週|150 173 24|99 99 63 102|0.7 7360
6670 復盛應用|運動休閒|-8 -16 -28|70 70 -15 -21|0.7 71
6672 騰輝電子-KY|電子零組|1 3 5|79 79 11 41|0.2 63
6679 鈺太|半導體業|-9 -8 -3|58 88 -5 -4|0.9 46
6683 雍智科技|半導體業|19 23 -9|85 94 18 47|1.0 151
6684 安格|半導體業|-13 -15 4|76 85 4 11|1.0 92
6689 伊雲谷|數位雲端|-1 -10 -20|59 81 -12 -17|0.8 11
6690 安碁資訊|數位雲端|15 11 -2|82 94 -0 -3|0.8 7
6691 洋基工程|其他電子|37 49 -9|90 90 7 16|0.6 231
6693 廣閎科|半導體業|29 26 -6|79 96 19 22|1.3 17
6695 芯鼎|半導體業|-3 -1 -21|71 89 -4 10|0.4 51
6698 旭暉應材|其他電子|91 73 50|76 86 9 20|0.4 6
6706 惠特|光電業|-55 -49 -95|36 78 4 -4|0.2 85
6712 長聖|生技醫療|1 7 -12|86 86 4 9|0.5 32
6719 力智|半導體業|20 19 -3|71 86 -7 -3|0.6 54
6727 亞泰金屬|電子零組|37 18 11|77 77 103 211|0.3 73
6732 昇佳電子|半導體業|-19 -19 -13|63 74 6 2|0.5 38
6733 博晟生醫|生技醫療|56 40 -2|87 87 39 53|0.4 18
6735 美達科技|其他電子|88 38 58|76 76 46 47|0.2 6
6739 竹陞科技|其他電子|102 103 13|74 74 67 162|0.6 546
6741 91APP*-KY|數位雲端|12 11 -1|69 81 -15 -13|0.8 15
6742 澤米|光電業|-41 -42 -36|58 76 -20 -9|0.2 14
6752 叡揚|資訊服務|16 10 -5|70 79 -7 -23|0.7 7
6753 龍德造船|航運業|32 23 8|61 61 20 21|0.3 200
6756 威鋒電子|半導體業|-10 -26 -11|48 74 -9 -16|0.7 10
6757 台灣虎航|航運業|1 -6 -9|68 73 -15 -32|1.2 145
6761 穩得|電子零組|-2 -3 -10|87 87 57 56|0.4 124
6763 綠界科技*|數位雲端|20 8 -0|66 89 -6 6|0.7 62
6768 志強-KY|運動休閒|28 -2 -24|74 93 11 12|0.6 152
6770 力積電|半導體業|1 2 0|91 91 101 108|2.4 8200
6781 AES-KY|電子零組|63 75 16|90 90 6 35|1.2 1823
6782 視陽|生技醫療|39 12 -10|92 96 17 16|0.8 40
6785 昱展新藥|生技醫療|-100 na na|92 92 75 86|0.4 57
6788 華景電|半導體業|-7 -8 -52|84 84 -8 27|0.4 93
6789 采鈺|半導體業|-18 -18 -23|77 80 11 27|0.5 452
6796 晉弘|生技醫療|64 48 4|98 98 15 23|1.6 8
6799 來頡|半導體業|7 7 6|69 74 -0 -13|1.1 19
6803 崑鼎|綠能環保|20 16 -1|99 99 -1 3|1.0 15
6805 富世達|電子零組|58 81 25|100 100 59 193|0.6 3156
6806 森崴能源|綠能環保|525 193 73|47 64 -27 -31|0.9 77
6811 宏碁資訊|數位雲端|-6 7 -9|77 89 -7 -4|0.9 17
6823 濾能|半導體業|77 113 58|100 100 79 81|2.6 18
6829 千附精密|半導體業|21 40 9|71 81 -6 -13|0.2 26
6830 汎銓|其他電子|16 11 3|82 96 21 35|0.3 50
6838 台新藥|生技醫療|-79 na na|60 69 -11 14|0.5 7
6841 長佳智能|生技醫療|-32 -22 -61|72 80 2 -9|0.3 14
6854 錼創科技-KY創|半導體業|-36 -29 -73|57 78 6 10|0.4 32
6859 伯特光|光電業|-27 -5 -63|49 61 -21 -33|0.8 12
6861 睿生光電|生技醫療|15 15 3|83 83 9 17|1.1 15
6862 三集瑞-KY|電子零組|-12 -18 -34|na 88 27 37|2.3 115
6863 永道-KY|通信網路|-30 -29 -38|50 77 -10 -20|0.7 14
6869 雲豹能源|綠能環保|276 201 89|56 70 -11 -18|0.6 77
6870 騰雲|數位雲端|8 29 0|72 77 -4 2|0.5 10
6873 泓德能源|綠能環保|46 -13 -104|49 49 -29 -38|1.1 130
6875 國邑*|生技醫療|-100 na na|80 85 35 5|2.4 13
6877 鏵友益|其他電子|23 -3 -130|88 92 4 21|0.5 29
6885 全福生技|生技醫療|1106 na na|na 74 -3 35|0.4 12
6890 來億-KY|運動休閒|1 -12 -28|45 67 -17 -22|0.4 136
6895 宏碩系統|半導體業|186 183 85|75 75 38 99|1.4 149
6901 鑽石投資|其他|95 12 33|45 75 -10 -22|0.8 8
6903 巨漢|其他電子|91 57 66|97 97 44 33|0.3 19
6906 現觀科|數位雲端|-33 -17 -17|51 69 -21 -28|1.0 6
6909 創控|半導體業|-38 -23 na|na na -22 na|1.0 6
6913 鴻呈|電子零組|34 27 -9|90 95 30 33|1.0 67
6914 阜爾運通|其他|44 28 9|97 97 8 11|0.6 12
6919 康霈*|生技醫療|-100 na na|57 57 20 89|0.3 1231
6922 宸曜|電腦及週|24 32 -2|78 81 5 0|0.2 13
6923 中台|綠能環保|-31 -28 4|77 77 -2 31|0.5 105
6925 意藍|數位雲端|1 10 na|na na -28 na|0.3 15
6928 攸泰科技|電腦及週|20 24 25|69 71 -24 15|0.1 10
6933 AMAX-KY|電腦及週|37 28 -3|82 93 4 47|3.3 32
6937 天虹|半導體業|108 22 -11|66 91 29 33|0.5 175
6944 兆聯實業|綠能環保|102 84 na|na na 38 na|0.7 355
6949 沛爾生醫-創|生技醫療|8 53 -25|77 77 62 201|0.2 36
6953 家碩|半導體業|7 10 1|80 80 28 19|0.4 11
6957 裕慶-KY|其他|-20 4 -16|85 98 18 23|1.2 28
6962 奕力-KY|半導體業|1 -12 na|na 76 -7 -11|1.8 111
6965 中傑-KY|運動休閒|-24 -32 na|na 77 -21 -20|1.0 9
6982 大井泵浦|電機機械|-13 -14 na|na 86 1 41|0.3 10
6994 富威電力|綠能環保|144 71 na|na 72 -4 -15|0.9 15
6996 力領科技|半導體業|-4 -16 na|na 90 3 -7|1.1 7
7402 邑錡|光電業|65 15 8|70 70 18 36|0.6 83
7547 碩網|數位雲端|1 -2 na|na na -40 na|0.2 5
7642 昶瑞機電|電機機械|-47 -27 na|na na -18 na|0.2 6
7703 銳澤|其他電子|11 35 -14|na 73 27 62|0.3 38
7712 博盛半導體|半導體業|-11 -10 na|na 69 -7 -21|1.6 6
7714 創泓科技|數位雲端|22 62 na|na 74 28 -4|0.3 15
7722 LINEPAY|數位雲端|24 26 na|na 75 -22 -8|0.4 31
7723 築間|觀光餐旅|-25 -20 na|na 78 -3 -25|1.0 7
7728 光焱科技|其他電子|-11 -40 na|na 87 9 26|1.7 16
7734 印能科技|半導體業|96 82 na|na 87 -1 13|1.2 86
7740 熙特爾-創|綠能環保|1197 480 na|na na -6 na|0.6 26
7749 意騰-KY|半導體業|101 91 na|na na -8 na|0.6 117
8011 台通|通信網路|19 11 30|80 90 9 14|3.3 27
8016 矽創|半導體業|4 1 -3|85 85 -4 -1|1.6 109
8021 尖點|其他電子|30 21 2|100 100 79 360|1.4 4023
8027 鈦昇|電機機械|22 -6 -2|80 97 13 16|1.0 60
8028 昇陽半導體|半導體業|23 24 -10|94 94 14 35|0.3 1275
8033 雷虎|其他|-12 16 -9|68 68 26 100|0.4 238
8034 榮群|通信網路|-57 276 173|87 87 21 45|0.5 9
8038 長園科|電子零組|176 374 -208|73 73 0 92|0.4 38
8039 台虹|電子零組|19 2 -2|100 100 51 69|1.6 467
8040 九暘|半導體業|2 4 -1|62 79 -12 -17|1.1 6
8042 金山電|電子零組|8 4 -4|78 85 40 30|0.9 104
8043 蜜望實|電子零組|8 1 -8|89 89 88 93|0.3 343
8044 網家|數位雲端|-1 1 5|58 89 0 -7|2.0 33
8045 達運光電|通信網路|173 45 na|na 60 -28 3|0.2 18
8046 南電|電子零組|19 19 8|98 98 61 185|1.2 7799
8047 星雲|其他電子|-3 -27 -29|100 100 267 266|1.2 21
8048 德勝|通信網路|26 34 44|83 94 15 12|0.6 6
8050 廣積|電腦及週|2 -8 -27|66 81 -14 -18|1.0 14
8054 安國|半導體業|102 74 52|87 88 14 66|1.6 1227
8059 凱碩|通信網路|2271 8366 5836|53 59 -25 -21|0.4 10
8064 東捷|光電業|3 2 11|56 86 1 4|0.6 76
8069 元太|光電業|3 13 -29|68 77 -5 1|1.0 818
8070 長華*|電子通路|12 12 1|79 95 15 8|1.3 278
8071 能率網通|電子零組|3 -2 -4|74 87 -1 -3|0.2 9
8072 陞泰|電子通路|16 24 3|60 60 -23 -30|0.2 10
8074 鉅橡|電子零組|1 -1 -5|74 74 -4 43|0.2 20
8076 伍豐|電腦及週|15 -14 -1|69 89 -7 -8|0.9 9
8081 致新|半導體業|-0 -3 -10|98 98 6 13|0.6 67
8084 巨虹|電子通路|-30 -18 -24|67 92 6 33|1.2 6
8085 福華|其他電子|28 -2 -11|45 75 -7 -22|0.6 5
8086 宏捷科|半導體業|22 3 26|100 100 21 53|1.1 218
8088 品安|半導體業|67 60 31|88 88 41 40|1.1 499
8089 康全電訊|通信網路|-89 -91 -149|34 72 -10 -23|3.2 10
8091 翔名|半導體業|15 8 3|77 89 4 -2|0.6 13
8096 擎亞|電子通路|-22 -19 -39|66 89 21 -2|3.5 528
8097 常珵|通信網路|-45 -73 -132613|68 80 -8 -10|0.4 6
8099 大世科|資訊服務|-22 71 52|88 88 11 2|0.5 14
8103 瀚荃|電子零組|11 -1 -11|96 96 78 80|0.5 140
8104 錸寶|光電業|7 65 14|56 73 -15 -10|0.3 21
8105 凌巨|光電業|-7 -10 -16|67 80 -15 -12|0.6 13
8109 博大|電子零組|30 17 16|90 90 21 24|0.3 16
8110 華東|半導體業|2 -5 1|96 96 87 101|1.1 936
8111 立碁|光電業|3 10 3|86 95 18 21|1.8 134
8112 至上|電子通路|-19 -10 -1|100 100 63 46|3.1 2073
8114 振樺電|電腦及週|-17 -2 -93|60 69 -14 -21|1.2 68
8121 越峰|電子零組|8 -8 -4|80 85 53 49|1.4 26
8131 福懋科|半導體業|43 27 22|96 96 43 51|3.5 103
8147 正淩|電子零組|43 14 -15|83 93 8 13|0.8 22
8150 南茂|半導體業|11 2 2|96 96 28 35|2.8 199
8155 博智|電子零組|24 25 -9|98 98 33 35|0.8 336
8162 微矽電子-創|半導體業|14 21 -3|78 78 3 11|0.5 6
8163 達方|電腦及週|27 22 6|75 95 7 4|1.0 30
8171 天宇|綠能環保|-70 -78 -8|58 72 -17 -25|1.3 7
8183 精星|其他電子|-5 -4 -21|81 99 34 24|3.6 10
8210 勤誠|電腦及週|49 33 0|100 100 105 245|1.4 3006
8213 志超|電子零組|5 -1 -2|95 95 10 18|0.5 13
8215 明基材|光電業|-5 1 -6|61 81 -7 -9|1.7 14
8222 寶一|電機機械|10 -3 -23|67 68 -15 -32|0.2 30
8227 巨有科技|半導體業|307 210 142|84 84 -1 21|0.4 242
8234 新漢|電腦及週|-16 -17 -38|69 69 -24 3|0.2 85
8240 華宏|光電業|-15 -9 -11|67 77 -12 5|0.2 5
8249 菱光|電子零組|-25 -37 -74|75 83 -1 24|0.1 64
8255 朋程|電機機械|12 1 -13|86 92 6 8|0.3 104
8261 富鼎|半導體業|10 3 -10|94 94 26 34|1.9 239
8271 宇瞻|半導體業|89 70 40|92 92 89 127|0.3 518
8277 商丞|半導體業|12 7 -22|88 88 37 45|0.9 42
8279 生展|生技醫療|17 1 -5|98 98 9 3|1.3 5
8299 群聯|半導體業|47 30 29|100 100 110 142|2.0 4166
8341 日友|綠能環保|9 8 -4|88 99 11 10|1.0 21
8349 恒耀國際|鋼鐵工業|-8 -16 -6|71 87 -13 -9|1.4 6
8358 金居|電子零組|15 11 2|98 98 132 403|0.2 5222
8374 羅昇|電機機械|17 27 -30|59 75 -12 -1|0.2 25
8383 千附|半導體業|0 13 -17|69 87 -5 -9|0.6 10
8390 金益鼎|綠能環保|-27 -31 -39|80 90 2 6|0.4 73
8404 百和興業-KY|其他|10 3 -16|73 90 22 22|0.9 43
8415 大國鋼|鋼鐵工業|6 0 -0|89 93 -3 5|0.7 7
8422 可寧衛*|綠能環保|6 -6 -11|98 98 25 33|1.4 217
8431 匯鑽科|其他電子|-5 -1 -26|63 84 4 -12|0.7 11
8436 大江|生技醫療|-5 -3 -2|76 90 -10 -5|0.4 34
8446 華研|文化創意|-13 -31 -12|79 91 -6 -8|0.7 6
8454 富邦媒|數位雲端|-4 -4 -2|63 80 -13 -21|1.1 75
8462 柏文|運動休閒|20 19 1|97 97 12 27|0.7 19
8464 億豐|居家生活|-7 -7 -13|76 76 -12 0|1.2 368
8467 波力-KY|運動休閒|-0 13 -5|46 79 5 -4|0.2 6
8473 山林水|綠能環保|357 125 59|95 95 19 34|0.7 22
8478 東哥遊艇|運動休閒|-2 356 290|70 86 -3 37|0.4 57
8489 三貝德|其他|-4 -0 4|82 82 2 18|0.7 8
8499 鼎炫-KY|其他電子|129 39 19|87 87 7 96|0.4 50
8924 大田|運動休閒|44 16 23|95 100 42 24|0.8 9
8926 台汽電|油電燃氣|-30 -35 -47|97 97 9 14|0.8 79
8927 北基|油電燃氣|15 -13 -6|48 58 -34 -33|0.8 37
8932 智通*|數位雲端|36 66 -6|77 77 15 100|0.5 295
8935 邦泰|其他|10 3 -1|66 66 14 15|0.3 11
8936 國統|其他|57 45 28|95 100 18 6|1.6 112
8937 合騏*|其他|-57 -36 -6|81 86 -1 17|0.3 48
8938 明安|運動休閒|7 -2 -15|77 83 -6 -15|0.6 10
8942 森鉅|其他|-60 -31 -34|57 70 -26 -30|0.6 8
8996 高力|電機機械|67 50 14|100 100 110 195|0.4 1509
9802 鈺齊-KY|運動休閒|-1 6 -20|66 86 -6 6|1.8 136
9902 台火|其他|179 180 12|73 73 -1 10|2.4 11
9904 寶成|運動休閒|-9 -12 -12|69 86 1 -9|0.6 304
9906 欣巴巴|建材營造|-89 -89 -27375|38 56 -30 -44|1.4 6
9907 統一實|其他|-2 -6 -23|91 92 -1 -9|0.6 34
9910 豐泰|運動休閒|-1 -4 -1|90 91 2 6|1.2 140
9911 櫻花|居家生活|6 3 -4|97 97 -1 -1|0.9 19
9914 美利達|運動休閒|-11 -17 -21|54 77 -12 -22|0.6 87
9917 中保科|其他|5 5 -2|79 92 -6 -7|1.1 55
9921 巨大|運動休閒|-13 -24 -12|56 79 -9 -18|0.8 161
9924 福興|居家生活|12 -7 3|80 94 -0 -0|0.7 10
9927 泰銘|其他|-15 -15 -6|76 82 -14 -19|0.6 12
9930 中聯資源|綠能環保|3 -3 -13|92 92 -4 -1|1.0 9
9933 中鼎|其他|-12 -25 -7|69 87 -2 11|0.4 61
9935 慶豐富|居家生活|-18 -16 -15|59 82 -5 -11|1.1 8
9938 百和|其他|-2 -3 -13|72 95 14 7|0.6 86
9939 宏全|其他|4 1 -7|78 80 -13 -17|1.0 138
9940 信義|其他|-2 -19 12|79 85 -10 -14|0.9 9
9941 裕融|其他|-5 -6 -1|70 85 -3 -10|1.2 70
9942 茂順|其他|4 5 4|93 93 -5 -4|0.5 8
9943 好樂迪|觀光餐旅|-14 -10 -5|78 81 -17 -17|1.3 5
9945 潤泰新|其他|13 10 -0|65 94 -3 0|0.5 142
9955 佳龍|綠能環保|54 33 14|81 90 -1 -6|0.4 35
9958 世紀鋼|鋼鐵工業|4 5 -3|65 65 -17 -11|0.7 242