# 2025-07-01 全池(1035 檔)。欄位:代碼 名稱|產業|最新月YoY 3月YoY均 加速度|距52週高% 距120日高% 60日漲% 120日漲%|量能比 日均值M
1101 台泥|水泥工業|-9 0 -50|74 74 -19 -19|0.8 480
1102 亞泥|水泥工業|-1 4 1|91 92 -8 6|0.9 326
1104 環泥|水泥工業|-13 -6 -5|81 96 0 2|1.0 14
1210 大成|食品工業|-4 -0 3|100 100 13 24|1.2 112
1215 卜蜂|食品工業|3 3 5|98 98 30 42|1.8 138
1216 統一|食品工業|5 7 -1|91 98 -0 -1|1.7 1769
1218 泰山|食品工業|1 -5 4|96 96 5 9|1.0 24
1225 福懋油|食品工業|-1 -5 2|18 30 -22 -71|1.1 37
1227 佳格|食品工業|-6 -4 -5|78 87 -6 -11|0.6 15
1229 聯華|食品工業|-19 -19 -7|62 82 -13 -15|0.8 52
1231 聯華食|食品工業|10 12 -1|81 81 10 9|1.2 28
1232 大統益|食品工業|-10 -2 2|97 97 7 10|0.5 15
1301 台塑|塑膠工業|-15 -7 -7|60 87 -7 -4|0.9 466
1303 南亞|塑膠工業|-3 3 -3|54 80 -12 -11|2.4 558
1307 三芳|塑膠工業|-6 1 -7|71 71 -14 1|0.5 29
1308 亞聚|塑膠工業|6 2 10|58 76 -16 -18|0.7 7
1316 上曜|建材營造|183 194 -8|60 70 -21 -3|0.2 41
1319 東陽|汽車工業|-16 2 -5|74 74 -21 -9|0.5 471
1321 大洋|塑膠工業|-36 -24 -18|83 95 -2 11|0.7 6
1325 恆大|塑膠工業|9 16 30|76 76 17 14|0.2 40
1326 台化|塑膠工業|-28 -19 -14|45 76 -16 -18|1.0 232
1342 八貫|其他|3 21 13|75 79 -16 -13|1.0 15
1402 遠東新|紡織纖維|-14 -9 -9|85 94 -2 5|0.7 219
1409 新纖|紡織纖維|-19 -13 -18|69 79 -12 -18|0.9 25
1414 東和|紡織纖維|-19 -10 2|72 72 -9 -24|0.5 5
1419 新紡|紡織纖維|6 8 -16|76 76 44 38|2.0 79
1434 福懋|紡織纖維|-9 1 -2|71 81 -12 -17|1.0 18
1436 華友聯|建材營造|-91 1152 -928|61 80 -5 -5|0.8 26
1440 南紡|紡織纖維|-20 -12 -5|72 90 -2 -7|1.0 15
1442 名軒|建材營造|-76 -61 -295|84 84 -10 4|0.5 77
1446 宏和|紡織纖維|-63 -8 -2148|43 55 -20 -38|0.5 5
1464 得力|紡織纖維|-2 9 -20|65 65 -29 -23|0.4 9
1466 聚隆|紡織纖維|-30 -7 -23|80 80 -10 28|0.7 9
1472 三洋實業|建材營造|18 59 31|88 88 -3 52|0.2 7
1476 儒鴻|紡織纖維|-9 10 -8|70 72 -7 -19|0.9 310
1477 聚陽|紡織纖維|-8 3 -6|54 63 -25 -22|1.2 651
1503 士電|電機機械|15 1 -8|59 88 16 -7|0.5 594
1504 東元|電機機械|6 5 9|90 90 0 -9|2.1 227
1513 中興電|電機機械|12 9 -6|69 98 21 6|0.6 1213
1514 亞力|電機機械|60 17 18|69 92 3 8|0.4 557
1515 力山|電機機械|-21 -27 14|59 77 -12 -9|0.3 5
1519 華城|電機機械|30 34 -8|57 87 31 6|0.7 2376
1522 堤維西|汽車工業|-14 -8 -6|65 70 -14 -26|0.9 32
1524 耿鼎|汽車工業|-31 -6 -10|67 67 -27 -23|0.2 32
1528 恩德|電機機械|-8 -24 -13|57 69 -19 -18|0.5 8
1529 樂事綠能|電機機械|46 48 -18|70 92 11 14|0.2 27
1532 勤美|電機機械|-61 -54 -20|56 81 -9 -15|0.9 19
1536 和大|汽車工業|-18 -15 -5|66 66 -10 -13|0.4 160
1537 廣隆|電機機械|-26 -11 -24|86 89 -7 -10|0.4 10
1540 喬福|電機機械|-12 4 -13|58 71 -11 -24|0.3 9
1560 中砂|電機機械|15 18 3|86 99 43 12|2.0 1069
1563 巧新|汽車工業|-17 -7 1|68 75 -19 -4|0.5 11
1565 精華|生技醫療|-4 2 -5|65 78 -22 -22|0.6 27
1569 濱川|電腦及週|28 22 13|63 63 -29 -3|0.6 182
1582 信錦|電子零組|-26 -14 -14|64 71 -22 -18|0.5 72
1584 精剛|其他|-16 -2 -6|60 81 -19 -9|0.4 26
1590 亞德客-KY|電機機械|-1 10 4|83 89 -3 4|0.6 459
1591 駿吉-KY|電機機械|-55 -70 -184|70 83 9 -6|0.8 17
1597 直得|電機機械|7 3 -7|67 67 -1 -25|0.4 58
1598 岱宇|運動休閒|-29 -3 -3|67 67 -18 -18|0.3 8
1603 華電|電器電纜|-10 52 25|82 94 12 6|0.8 22
1605 華新|電器電纜|0 6 -0|61 74 -10 -13|1.7 275
1608 華榮|電器電纜|-4 5 -7|60 88 1 -1|0.8 39
1609 大亞|電器電纜|-1 4 -7|67 85 -3 -12|0.5 86
1612 宏泰|電器電纜|61 21 7|96 97 13 11|0.9 158
1616 億泰|電器電纜|41 23 7|88 88 61 92|1.3 652
1618 合機|電器電纜|-45 60 27|77 91 12 7|0.3 130
1702 南僑|食品工業|-1 2 -2|71 84 -10 -13|0.8 31
1707 葡萄王|生技醫療|-13 -8 -9|84 86 -8 -12|0.6 18
1708 東鹼|化學工業|-19 -10 -18|74 75 -12 -15|0.4 23
1710 東聯|化學工業|-18 11 -6|62 68 -23 -19|0.8 12
1711 永光|化學工業|-17 -7 -9|58 75 -16 -25|0.4 20
1712 興農|化學工業|-6 -0 1|92 92 -1 2|0.5 14
1713 國化|化學工業|-26 -13 -12|90 94 4 18|1.0 12
1717 長興|化學工業|-14 -7 -8|73 85 -11 -10|0.8 33
1720 生達|生技醫療|3 5 -0|76 91 -5 -7|0.6 7
1721 三晃|化學工業|-44 -25 -26|43 70 -16 -31|0.4 6
1722 台肥|化學工業|-2 6 10|86 92 3 4|0.9 86
1723 中碳|化學工業|-46 -32 -25|83 92 -5 -1|0.8 16
1732 毛寶|化學工業|18 11 3|78 78 0 -12|0.1 10
1736 喬山|運動休閒|21 20 -9|80 80 -20 -4|2.5 181
1760 寶齡富錦|生技醫療|-2 4 1|71 82 -2 -13|0.3 15
1773 勝一|化學工業|3 4 -6|68 77 -11 -22|0.7 42
1784 訊聯|生技醫療|-4 0 -3|47 78 -17 -13|0.5 6
1785 光洋科|其他電子|29 39 4|73 84 -16 -13|0.5 265
1786 科妍|生技醫療|-1 2 -8|69 73 -18 -2|0.3 16
1789 神隆|生技醫療|4 -1 7|59 74 -18 -23|1.0 14
1795 美時|生技醫療|-27 12 -4|71 78 -4 -19|0.4 184
1799 易威|生技醫療|-6 19 -152|22 62 -24 -24|0.7 6
1802 台玻|玻璃陶瓷|-11 -4 2|75 88 -5 -6|0.6 231
1806 冠軍|玻璃陶瓷|6 4 -2|83 97 10 15|1.1 9
1808 潤隆|建材營造|-100 -99 -12|25 87 -4 -13|1.9 39
1809 中釉|玻璃陶瓷|-14 12 9|58 76 -9 -22|0.3 5
1810 和成|玻璃陶瓷|-1 -0 1|77 77 -20 -12|0.5 13
1815 富喬|電子零組|25 50 -13|90 90 16 34|0.5 2104
1903 士紙|造紙工業|12 -5 1|78 78 9 8|0.5 59
1904 正隆|造紙工業|-11 -3 -9|63 88 -4 -6|1.1 13
1905 華紙|造紙工業|-18 -12 -7|54 70 -23 -28|0.7 11
1907 永豐餘|造紙工業|-11 -4 -8|71 77 -19 -21|1.3 29
2002 中鋼|鋼鐵工業|-8 -9 -3|77 77 -17 -5|0.8 336
2006 東和鋼鐵|鋼鐵工業|0 1 4|82 85 -12 -4|1.2 93
2009 第一銅|鋼鐵工業|-7 0 -10|66 73 -16 -9|1.9 30
2010 春源|鋼鐵工業|3 2 -9|92 92 -4 12|0.4 13
2014 中鴻|鋼鐵工業|-30 -24 4|57 57 -31 -21|0.4 40
2015 豐興|鋼鐵工業|-12 -10 -6|82 93 1 1|2.2 51
2020 美亞|鋼鐵工業|-36 -16 8|71 82 -7 -7|0.3 10
2023 燁輝|鋼鐵工業|-9 -2 3|89 89 -1 5|0.5 20
2027 大成鋼|鋼鐵工業|1 9 10|65 65 -31 13|0.4 371
2029 盛餘|鋼鐵工業|7 14 2|85 86 -9 0|0.7 5
2031 新光鋼|鋼鐵工業|1 34 23|60 77 -12 -10|0.9 29
2034 允強|鋼鐵工業|-8 -0 -9|80 80 -10 10|0.4 16
2049 上銀|電機機械|-6 -1 -4|57 57 -15 -35|0.7 577
2059 川湖|電子零組|60 74 -11|91 91 23 37|0.8 1275
2062 橋椿|居家生活|-25 -19 -3|58 73 -18 -29|0.3 6
2070 精湛|電機機械|-6 -6 -15|36 53 -27 -45|0.9 6
2101 南港|橡膠工業|-6 2 -78|66 78 -4 -18|0.8 61
2102 泰豐|橡膠工業|-4 17 -35|84 92 16 8|1.0 14
2103 台橡|橡膠工業|4 15 -6|71 82 -10 -12|0.9 10
2104 國際中橡|橡膠工業|-11 -6 -6|61 82 -9 -18|0.6 8
2105 正新|橡膠工業|-5 -4 -3|75 77 -20 -19|0.9 388
2106 建大|橡膠工業|-4 -0 0|66 80 -14 -15|0.8 12
2107 厚生|橡膠工業|-29 -7 -28|93 98 -1 1|0.4 8
2108 南帝|橡膠工業|-1 -2 -28|54 71 -20 -29|0.4 11
2201 裕隆|汽車工業|-24 -21 -13|50 66 -20 -33|0.7 68
2204 中華|汽車工業|-32 -29 -5|47 75 -17 -21|0.9 54
2206 三陽工業|汽車工業|-14 -3 1|78 86 -13 -12|0.7 64
2207 和泰車|汽車工業|-3 -1 -2|82 90 -4 -5|1.1 227
2208 台船|航運業|526 183 161|94 95 1 16|1.2 66
2211 長榮鋼|鋼鐵工業|-8 16 -23|58 86 -7 -20|1.2 100
2228 劍麟|汽車工業|-4 1 2|78 96 8 -4|0.6 18
2230 泰茂|居家生活|-9 -14 -148|74 100 18 13|1.5 38
2231 為升|汽車工業|-15 -12 -18|54 61 -13 -37|0.6 21
2233 宇隆|汽車工業|-9 -8 -12|64 64 -0 -31|2.9 116
2236 百達-KY|汽車工業|443 539 357|72 72 1 -19|0.9 10
2247 汎德永業|汽車工業|-14 2 -14|88 88 -6 -3|1.1 32
2250 IKKA-KY|汽車工業|-9 -3 1|60 60 -16 -32|0.5 20
2258 鴻華先進-創|汽車工業|-74 -56 -606|86 86 1 6|0.7 12
2301 光寶科|電腦及週|22 24 15|100 100 18 12|1.1 757
2303 聯電|半導體業|-0 4 -1|81 94 3 7|1.1 2497
2305 全友|電腦及週|1 12 -2|41 69 -15 -33|0.5 6
2308 台達電|電子零組|17 25 10|100 100 18 2|1.0 3013
2312 金寶|其他電子|1 3 -10|60 74 -9 -25|0.5 116
2313 華通|電子零組|5 10 4|67 85 0 -14|0.6 364
2316 楠梓電|電子零組|-6 10 8|88 99 29 9|4.4 70
2317 鴻海|其他電子|12 20 -1|73 87 8 -12|1.1 5933
2324 仁寶|電腦及週|-25 -16 -10|76 76 -11 -21|1.4 789
2327 國巨*|電子零組|-5 5 -6|63 85 -2 -6|0.9 1393
2328 廣宇|電子零組|-7 8 8|76 76 -11 -1|1.8 556
2329 華泰|半導體業|36 22 26|63 95 12 11|1.0 415
2330 台積電|半導體業|40 45 4|96 96 16 1|1.0 35823
2331 精英|電腦及週|7 9 7|53 81 3 -16|0.3 19
2332 友訊|通信網路|-9 -12 -6|64 67 -7 -35|1.6 82
2337 旺宏|半導體業|5 7 2|71 91 -2 3|0.6 295
2338 光罩|半導體業|-21 -18 -11|35 56 -29 -44|5.3 29
2340 台亞|半導體業|12 10 3|47 63 -14 -33|3.4 23
2342 茂矽|半導體業|11 26 -20|61 68 -20 -31|0.6 5
2344 華邦電|半導體業|-0 -1 -2|74 94 6 28|1.9 1586
2345 智邦|通信網路|108 130 49|95 95 30 1|0.9 3146
2347 聯強|電子通路|-11 -4 -4|80 90 -7 -6|1.6 544
2348 海悅|其他|-28 31 -5|29 47 -30 -58|0.9 149
2349 錸德|光電業|17 13 21|51 72 -13 -28|0.6 14
2351 順德|半導體業|-9 3 -1|43 72 -15 -25|0.7 83
2352 佳世達|電腦及週|7 7 3|68 70 -11 -25|0.7 67
2353 宏碁|電腦及週|-9 0 -4|64 77 -15 -18|2.2 507
2354 鴻準|其他電子|250 274 116|67 82 2 -16|0.7 523
2355 敬鵬|電子零組|-12 -1 4|64 82 -4 -19|0.6 26
2356 英業達|電腦及週|17 20 -9|73 81 -0 -15|0.8 466
2357 華碩|電腦及週|41 35 9|92 92 13 11|2.6 3447
2359 所羅門|其他電子|20 29 16|76 81 -6 -19|0.5 261
2360 致茂|其他電子|-9 23 -3|98 99 54 12|2.6 924
2362 藍天|電腦及週|7 -15 -17|72 87 1 -9|0.4 30
2363 矽統|半導體業|1064 1168 358|52 67 -10 -33|1.2 134
2364 倫飛|電腦及週|64 43 6|68 93 8 12|0.5 11
2365 昆盈|電腦及週|-28 -10 -22|55 75 -2 -26|0.5 73
2367 燿華|電子零組|-22 -13 -25|58 75 -9 -23|0.7 70
2368 金像電|電子零組|39 49 18|100 100 54 28|1.1 2948
2369 菱生|半導體業|2 -2 6|62 82 -3 -17|0.5 14
2371 大同|電機機械|4 7 9|65 81 -12 -14|1.4 853
2374 佳能|光電業|38 29 3|76 81 3 -18|0.5 241
2375 凱美|電子零組|-1 7 -2|68 80 -9 -20|0.4 13
2376 技嘉|電腦及週|108 35 -27|93 99 16 2|0.7 1207
2377 微星|電腦及週|33 28 17|72 72 -14 -22|0.7 590
2379 瑞昱|半導體業|-1 14 -5|99 99 6 1|0.7 1049
2382 廣達|電腦及週|58 69 12|86 100 26 1|1.2 4832
2383 台光電|電子零組|42 49 -3|100 100 71 49|1.1 5748
2385 群光|電子零組|-5 -1 -4|77 82 -14 -7|1.1 993
2387 精元|電腦及週|-20 -23 -23|66 66 -21 -20|1.4 44
2388 威盛|半導體業|-18 -28 -45|44 61 -22 -41|0.7 136
2392 正崴|電子零組|-28 -11 -17|58 72 -9 -29|0.5 148
2393 億光|光電業|-14 -7 -16|79 79 -18 -14|2.1 200
2395 研華|電腦及週|18 24 13|81 81 -13 -2|0.7 303
2397 友通|電腦及週|22 34 22|69 76 -12 -17|0.7 10
2399 映泰|電腦及週|-30 -13 2|43 69 -13 -29|0.9 16
2401 凌陽|半導體業|-5 -0 -14|49 62 -26 -36|1.1 25
2402 毅嘉|電子零組|21 25 8|89 98 5 5|1.6 76
2404 漢唐|其他電子|28 6 19|97 97 37 40|0.8 1929
2405 輔信|電腦及週|-7 -2 3|57 70 -18 -25|0.6 20
2406 國碩|光電業|-44 -43 -79|42 75 -10 -24|0.5 8
2408 南亞科|半導體業|-1 -7 1|66 82 20 61|1.0 7299
2409 友達|光電業|-5 5 -6|65 80 -14 -19|1.1 311
2412 中華電|通信網路|2 5 2|99 99 4 9|0.8 1250
2417 圓剛|電腦及週|-0 -2 0|63 66 -12 -23|0.3 11
2419 仲琦|通信網路|43 -6 -22|58 73 -10 -28|0.4 31
2420 新巨|電子零組|0 1 -5|66 78 -14 -20|0.9 10
2421 建準|電子零組|16 30 4|91 96 15 7|0.6 216
2423 固緯|其他電子|-3 3 5|97 97 -0 12|0.6 5
2424 隴華|通信網路|18 262 172|85 85 19 53|1.1 8
2425 承啟|電腦及週|97 97 73|72 93 7 7|0.3 35
2426 鼎元|光電業|3 11 5|62 69 -8 -30|0.8 9
2427 三商電|資訊服務|386 119 81|83 97 9 7|0.7 53
2428 興勤|電子零組|3 14 0|74 78 -10 -14|0.3 20
2429 銘旺科|光電業|166 62 4|90 90 19 123|0.9 503
2436 偉詮電|半導體業|25 24 11|79 91 5 -3|1.6 88
2439 美律|通信網路|0 3 -14|80 89 -10 4|1.0 308
2441 超豐|半導體業|7 10 -0|88 88 -1 -3|1.4 34
2442 新美齊|建材營造|96 228 118|65 87 -1 -4|0.6 9
2449 京元電子|半導體業|25 28 9|74 86 12 -11|1.1 1305
2450 神腦|通信網路|-4 -8 -7|81 90 -7 -7|0.4 5
2451 創見|半導體業|38 33 30|77 94 -1 16|2.0 419
2453 凌群|資訊服務|4 7 -0|77 77 -15 -2|0.2 34
2454 聯發科|半導體業|7 11 -3|82 82 -11 -8|0.9 9195
2455 全新|通信網路|-25 -18 -12|65 75 10 -24|1.6 754
2457 飛宏|電子零組|-17 -6 2|42 56 -23 -44|1.0 27
2458 義隆|半導體業|-9 -5 -4|78 78 -11 -19|1.1 385
2459 敦吉|其他電子|-14 3 27|81 90 -6 -9|0.8 5
2464 盟立|其他電子|-7 5 1|62 69 -11 -32|1.3 103
2465 麗臺|電腦及週|15 10 10|48 75 7 -14|0.9 14
2466 冠西電|光電業|-46 55 22|79 79 3 31|0.3 40
2467 志聖|電子零組|47 24 -9|62 75 5 -25|0.5 127
2468 華經|資訊服務|27 35 9|77 77 20 119|0.4 404
2471 資通|資訊服務|8 28 7|81 81 -6 3|0.1 23
2472 立隆電|電子零組|2 13 -7|74 74 -10 -13|0.7 63
2474 可成|其他電子|8 9 -9|91 96 -3 13|0.9 1290
2476 鉅祥|電子零組|-3 13 -5|63 75 -13 -18|0.4 63
2480 敦陽科|資訊服務|15 16 4|95 95 18 19|0.4 40
2481 強茂|半導體業|2 2 0|77 86 -5 -3|0.4 53
2486 一詮|光電業|13 23 10|53 67 -16 -26|1.0 219
2488 漢平|其他電子|-2 21 -9|76 76 -10 -21|0.5 6
2489 瑞軒|光電業|22 21 -13|54 74 -10 -26|0.4 24
2492 華新科|電子零組|6 7 0|64 83 -10 -13|0.8 60
2493 揚博|電子零組|2 4 -6|80 94 5 -2|0.3 19
2495 普安|電腦及週|-27 -21 -9|58 69 -18 -32|0.4 18
2497 怡利電|汽車工業|-14 13 -7|46 65 -22 -33|0.5 8
2498 宏達電|通信網路|15 24 29|66 66 -6 -20|0.8 158
2501 國建|建材營造|-15 -40 -45|59 77 -9 -17|0.8 16
2504 國產|建材營造|4 9 4|72 78 -2 -13|2.4 379
2515 中工|建材營造|-27 -21 -37|74 95 6 6|1.1 51
2516 新建|建材營造|-6 10 -1|64 64 -15 29|0.3 7
2520 冠德|建材營造|-66 -29 -63|79 86 -5 -1|0.7 150
2524 京城|建材營造|-42 829 473|34 62 -25 -34|0.3 12
2528 皇普|建材營造|53210 2568188 -447732|61 66 -23 -22|0.5 12
2530 華建|建材營造|2450 759 -35410|57 76 -16 -16|1.1 32
2534 宏盛|建材營造|660 689 402|83 93 -4 -3|1.1 31
2535 達欣工|建材營造|9 84 67|91 91 4 14|0.3 18
2537 聯上發|建材營造|-87 -96 -23231|41 75 -13 -8|0.5 16
2539 櫻花建|建材營造|158 349 na|83 100 9 31|1.3 29
2540 愛山林|建材營造|148 24 -8|36 80 -3 -14|0.7 49
2542 興富發|建材營造|-95 -92 -66|64 91 -4 -1|1.4 142
2543 皇昌|建材營造|-42 -16 -15|72 72 -2 13|0.3 325
2545 皇翔|建材營造|101 -9 -242|60 62 -25 -26|0.6 63
2547 日勝生|建材營造|-24 -23 -13|85 85 -10 11|0.3 20
2548 華固|建材營造|-100 -34 -593|65 91 0 -12|0.4 61
2597 潤弘|建材營造|5 13 -4|76 95 1 18|1.3 113
2603 長榮|航運業|-18 -4 -60|88 88 1 -1|0.6 6071
2605 新興|航運業|-26 -2 5|68 78 -13 -13|0.5 46
2606 裕民|航運業|-17 -7 -10|68 68 -21 -10|0.6 377
2607 榮運|航運業|-20 -14 -31|100 100 9 13|1.1 114
2608 嘉里大榮|航運業|-2 2 -2|83 91 -5 -8|0.8 6
2609 陽明|航運業|-27 -19 -64|84 84 -6 -5|0.6 3494
2610 華航|航運業|3 5 -3|81 82 -4 -18|0.8 605
2612 中航|航運業|10 12 -6|87 87 -2 10|0.3 15
2613 中櫃|航運業|5 4 1|62 79 -10 -17|0.1 17
2615 萬海|航運業|-2 12 -52|75 75 13 15|0.3 1720
2617 台航|航運業|-12 -4 -10|70 86 -9 -5|0.5 11
2618 長榮航|航運業|1 2 -3|84 84 -3 -13|0.8 1713
2630 亞航|航運業|22 2 -3|78 78 -12 7|0.2 61
2633 台灣高鐵|航運業|6 3 -1|93 99 6 3|0.5 81
2634 漢翔|航運業|-0 -13 -7|79 79 -17 -2|0.2 150
2636 台驊控股|航運業|-12 -7 -62|76 89 -2 -6|0.3 16
2637 慧洋-KY|航運業|-34 -29 -29|68 68 -16 -11|0.3 386
2641 正德|航運業|42 42 17|79 79 -11 6|0.5 44
2645 長榮航太|航運業|5 16 5|91 91 3 10|0.4 74
2646 星宇航空|航運業|32 34 -12|na 90 -1 -7|0.6 87
2704 國賓|觀光餐旅|14 7 -1|59 78 -12 -22|0.6 7
2707 晶華|觀光餐旅|24 13 13|95 95 -3 8|0.4 19
2723 美食-KY|觀光餐旅|-3 3 4|81 81 -10 -13|0.9 16
2727 王品|觀光餐旅|8 5 3|96 96 7 2|1.5 110
2731 雄獅|觀光餐旅|13 10 -7|97 97 30 35|1.1 339
2734 易飛網|觀光餐旅|-15 -30 8|61 81 5 -17|0.6 8
2743 山富|觀光餐旅|-10 -11 -12|80 91 35 25|1.2 167
2745 五福|觀光餐旅|7 12 -11|100 100 51 38|1.6 134
2753 八方雲集|觀光餐旅|8 13 3|92 92 1 25|0.3 63
2755 揚秦|觀光餐旅|27 23 3|100 100 17 45|0.9 8
2756 聯發國際|觀光餐旅|92 66 44|94 97 42 51|0.6 6
2801 彰銀|金融保險|1 8 -1|100 100 6 8|1.2 523
2809 京城銀|金融保險|-7 -18 -6|78 100 6 5|1.1 347
2812 台中銀|金融保險|-1 -3 -9|100 100 7 18|0.9 119
2820 華票|金融保險|49 87 47|100 100 6 6|2.0 11
2832 台產|金融保險|-14 -6 -9|92 92 -4 17|0.5 17
2834 臺企銀|金融保險|2 6 -1|82 99 7 4|1.0 191
2836 高雄銀|金融保險|9 18 -1|94 100 4 4|2.8 10
2838 聯邦銀|金融保險|-14 -16 -19|100 100 3 18|1.3 26
2845 遠東銀|金融保險|-10 -9 -5|77 93 -3 -1|1.6 113
2850 新產|金融保險|7 3 0|94 94 -4 4|2.3 74
2851 中再保|金融保險|-42 -32 -22|85 85 -10 -4|1.8 43
2852 第一保|金融保險|3 -8 -7|94 94 -5 17|0.6 13
2855 統一證|金融保險|-27 -51 -97|79 80 -7 -12|1.8 37
2880 華南金|金融保險|-17 -9 -14|97 97 -2 5|1.9 662
2881 富邦金|金融保險|-161 -94 -154|93 93 -0 -4|1.3 3887
2882 國泰金|金融保險|-11 -37 -43|95 96 9 -3|0.7 4367
2883 凱基金|金融保險|-10022 -3231 -2593|87 87 -9 -8|1.9 1115
2884 玉山金|金融保險|8 17 -0|100 100 13 21|1.5 952
2885 元大金|金融保險|-24 -15 -29|92 92 -0 -1|2.2 950
2886 兆豐金|金融保險|-2 -14 -11|100 100 5 7|1.4 706
2887 台新新光金|金融保險|1 10 -16|79 88 -9 -11|1.0 736
2888 新光金|金融保險|-668 -346 712|84 90 -9 -4|1.7 537
2889 國票金|金融保險|-4 -40 -40|79 89 4 -10|0.4 97
2890 永豐金|金融保險|5 0 -13|93 100 10 4|0.7 886
2891 中信金|金融保險|-12 1 -23|99 99 9 12|0.7 2498
2892 第一金|金融保險|1 -2 -8|100 100 8 6|1.1 1220
2903 遠百|貿易百貨|-3 -3 1|68 88 -8 -3|1.1 50
2905 三商|貿易百貨|191 60 1|60 76 -8 -20|0.5 5
2908 特力|貿易百貨|-14 -8 -5|99 99 3 3|0.9 11
2912 統一超|貿易百貨|7 6 -0|86 97 2 -3|0.9 329
2913 農林|貿易百貨|24 37 7|67 77 -14 -23|0.9 22
2915 潤泰全|貿易百貨|3 3 -9|65 74 -11 -26|0.7 103
3003 健和興|電子零組|-9 -3 -11|54 68 -16 -33|0.5 11
3004 豐達科|鋼鐵工業|2 12 2|84 84 36 52|0.3 343
3005 神基|電腦及週|14 17 12|89 89 2 5|1.8 353
3006 晶豪科|半導體業|-10 -15 -15|52 79 -9 -15|0.6 142
3008 大立光|光電業|-7 20 -4|75 85 -4 -10|0.8 1020
3010 華立|電子通路|-13 1 -10|68 80 0 -21|1.9 101
3013 晟銘電|電腦及週|14 23 -33|77 82 17 -8|1.2 2089
3014 聯陽|半導體業|15 17 5|76 87 -1 -6|1.9 77
3015 全漢|電子零組|23 23 19|81 82 -1 -8|0.3 40
3016 嘉晶|半導體業|-10 -7 -2|47 67 -10 -34|1.7 15
3017 奇鋐|電腦及週|87 77 36|99 99 62 18|0.7 6439
3019 亞光|光電業|19 23 -10|66 66 -6 -23|0.7 1485
3022 威強電|電腦及週|-10 13 10|66 66 -15 -3|0.3 53
3023 信邦|電子零組|-9 -7 -10|67 70 -13 -15|1.6 437
3024 憶聲|光電業|-12 41 -62|56 70 -19 -31|0.6 8
3025 星通|通信網路|-10 -19 -55|61 61 -11 -28|2.1 7
3026 禾伸堂|電子零組|-3 10 3|84 90 -6 -2|0.6 28
3027 盛達|通信網路|25 82 53|73 78 1 4|0.2 13
3028 增你強|電子通路|6 2 -4|99 99 3 15|0.8 7
3029 零壹|資訊服務|13 42 -11|65 72 -15 -20|0.2 127
3030 德律|其他電子|73 28 -17|85 96 29 20|2.3 1032
3032 偉訓|電子零組|26 33 33|87 87 24 -3|4.2 265
3033 威健|電子通路|37 44 7|88 92 -2 -1|0.7 29
3034 聯詠|半導體業|2 7 7|86 96 2 7|1.1 1841
3035 智原|半導體業|94 168 104|53 74 -18 -19|1.3 716
3036 文曄|電子通路|-2 22 -20|99 99 38 23|4.0 835
3037 欣興|電子零組|10 15 0|52 73 16 -23|1.0 2002
3040 遠見|其他|-1 -0 8|100 100 42 31|2.4 42
3041 揚智|半導體業|-33 -25 -30|70 70 -0 -18|1.2 14
3042 晶技|電子零組|13 18 2|76 87 -3 -12|1.8 169
3044 健鼎|電子零組|16 16 2|99 99 22 24|1.4 892
3045 台灣大|通信網路|-1 1 -4|96 96 -1 0|1.9 893
3046 建碁|電腦及週|9 -4 -15|75 90 1 -2|0.6 10
3047 訊舟|通信網路|-58 -10 -58|39 60 -21 -41|0.4 24
3048 益登|電子通路|1 15 4|51 84 -3 -17|1.1 37
3051 力特|光電業|1 12 1|75 77 -13 -22|0.4 6
3052 夆典|建材營造|125 43 43|99 99 13 21|1.8 16
3055 蔚華科|電子通路|25 4 36|61 78 -5 1|1.5 41
3056 富華新|建材營造|288 521 -13802|82 82 -13 2|0.3 59
3059 華晶科|光電業|44 39 37|80 80 1 -4|0.4 99
3060 銘異|電腦及週|11 13 -11|62 73 -22 -15|0.3 9
3062 建漢|通信網路|32 29 11|60 71 -3 -28|1.1 59
3073 天方能源|綠能環保|40 51 2|48 90 37 -10|1.6 68
3078 僑威|電子零組|42 46 38|87 87 -3 15|0.7 357
3081 聯亞|通信網路|170 104 53|62 62 14 -12|1.0 866
3086 華義*|文化創意|0 -7 -7|63 90 7 9|1.1 16
3088 艾訊|電腦及週|-3 8 -3|59 59 -26 -24|0.3 28
3090 日電貿|電子零組|36 37 12|98 98 7 10|2.0 101
3093 港建*|其他電子|110 239 103|84 89 11 3|0.4 8
3105 穩懋|半導體業|-24 -26 -13|48 72 -15 -24|0.7 156
3128 昇銳|光電業|6 19 -4|98 98 81 61|3.1 392
3130 一零四|數位雲端|4 6 -1|95 96 3 6|0.7 7
3131 弘塑|半導體業|74 67 34|77 93 67 15|1.3 2172
3138 耀登|通信網路|4 -3 1|66 72 -8 -23|0.7 9
3141 晶宏|半導體業|22 3 7|53 67 -18 -30|0.6 9
3147 大綜|資訊服務|-12 141 52|69 69 12 11|0.5 436
3149 正達|光電業|-2 16 -2|68 79 -0 -9|0.4 70
3152 璟德|通信網路|-14 -10 -12|58 66 -16 -35|1.4 21
3162 精確|電機機械|102 126 21|74 74 -13 22|0.3 63
3163 波若威|通信網路|24 22 40|86 86 11 41|0.8 2199
3167 大量|電機機械|165 144 16|75 96 54 13|1.9 2399
3169 亞信|半導體業|-2 8 5|65 73 -14 -20|1.1 9
3189 景碩|半導體業|26 30 7|63 77 0 -19|0.7 269
3205 佰研|生技醫療|-5 -5 -6|100 100 73 65|3.0 70
3207 耀勝|電子零組|-15 12 -40|44 56 -27 -23|0.8 34
3209 全科|電子通路|-4 37 31|87 93 -3 7|0.4 24
3211 順達|電腦及週|-17 -24 2|94 94 38 11|3.6 1287
3213 茂訊|電腦及週|-24 -19 -11|70 70 -16 16|0.7 66
3217 優群|電子零組|41 38 12|92 96 3 0|1.1 69
3218 大學光|生技醫療|1 -0 -3|82 88 -0 4|0.7 16
3219 倚強科|其他電子|9 58 27|58 74 26 -6|0.3 68
3227 原相|半導體業|15 25 -9|84 84 3 -6|1.8 587
3228 金麗科|半導體業|-70 -34 -32|41 75 0 -17|0.7 46
3230 錦明|光電業|-25 -11 11|49 52 -36 -51|0.5 13
3231 緯創|電腦及週|162 106 60|96 96 23 17|1.5 5546
3234 光環|通信網路|11 16 13|58 64 -15 -27|0.6 16
3257 虹冠電|半導體業|32 22 40|89 94 22 17|0.5 70
3260 威剛|半導體業|29 8 6|86 95 3 19|0.9 628
3264 欣銓|半導體業|-0 2 8|95 95 7 41|0.8 457
3265 台星科|半導體業|13 10 -1|71 83 2 -13|1.7 22
3287 廣寰科|電腦及週|-16 16 13|65 74 -12 -4|0.1 10
3289 宜特|其他電子|12 9 -6|56 79 -4 -23|1.1 26
3290 東浦|電子零組|3 16 1|71 82 -13 -8|1.2 7
3293 鈊象|文化創意|21 25 -5|77 87 6 -11|0.5 1363
3294 英濟|電子零組|-7 -23 -13|92 94 29 35|1.4 141
3297 杭特|光電業|-9 15 12|100 100 143 156|2.6 340
3303 岱稜|其他電子|-7 2 -14|69 85 -1 -3|0.8 9
3305 昇貿|其他電子|10 36 -10|70 81 -8 -12|0.4 22
3312 弘憶股|電子通路|8 30 9|46 78 0 -15|0.3 42
3317 尼克森|半導體業|25 21 7|80 92 -3 -8|0.3 8
3323 加百裕|電腦及週|-20 -11 4|82 87 9 -3|3.0 220
3324 雙鴻|其他電子|18 45 8|74 92 20 -7|0.6 1658
3325 旭品|電腦及週|-7 -2 17|59 81 1 -9|1.3 6
3332 幸康|電子零組|23 26 15|80 80 13 12|0.9 6
3338 泰碩|電子零組|-7 -2 -1|57 82 -3 -19|0.7 14
3339 泰谷|光電業|55 18 1|73 85 11 -2|0.9 100
3356 奇偶|光電業|-19 -12 1|68 76 -5 -11|0.2 18
3357 臺慶科|電子零組|10 28 -6|68 79 -12 -18|0.6 9
3362 先進光|光電業|-2 6 -1|43 56 -23 -45|1.5 93
3363 上詮|通信網路|65 64 32|78 78 28 17|1.4 200
3373 熱映|其他電子|6 0 -6|64 64 -8 -12|0.3 6
3374 精材|半導體業|-17 22 12|54 64 -2 -26|3.4 392
3376 新日興|電子零組|-19 -17 -27|72 72 -13 2|1.1 2082
3379 彬台|電機機械|50 101 -42|91 91 31 90|0.5 478
3380 明泰|通信網路|10 -9 3|74 79 -6 -20|0.4 53
3402 漢科|其他電子|-8 -6 -14|80 85 6 -3|1.6 10
3406 玉晶光|光電業|-20 -8 -1|63 83 2 -20|1.1 389
3413 京鼎|半導體業|38 43 -2|78 95 12 0|1.1 235
3416 融程電|電腦及週|-2 2 -13|74 74 -6 -12|1.1 20
3430 奇鈦科|化學工業|5 -3 -16|55 78 -10 -16|1.4 22
3434 哲固|光電業|-20 17 1|73 73 11 87|1.1 130
3443 創意|半導體業|-14 5 2|79 92 20 -1|2.3 1550
3447 展達|通信網路|36 81 13|54 70 -8 -18|1.2 19
3450 聯鈞|半導體業|11 40 -23|62 62 -10 -27|0.8 3123
3454 晶睿|光電業|22 22 12|72 72 -17 -9|0.4 16
3455 由田|光電業|-4 31 28|64 76 -8 -23|1.0 23
3466 德晉|通信網路|-41 -30 26|43 63 -19 -33|0.3 22
3467 台灣精材|半導體業|-8 -6 na|na na 10 na|3.9 9
3479 安勤|電腦及週|-3 15 8|86 86 -13 11|0.8 22
3481 群創|光電業|-1 -3 -5|74 76 -20 -14|0.9 477
3483 力致|電腦及週|27 7 1|52 74 -9 -21|0.4 110
3484 崧騰|電子零組|4 17 -15|69 69 -14 -16|0.4 7
3491 昇達科|通信網路|-11 2 -48|71 71 -17 6|1.7 616
3498 陽程|其他電子|70 99 -44|51 64 -14 -37|1.1 9
3501 維熹|電子零組|-15 -6 -14|77 90 -6 -5|3.0 10
3504 揚明光|光電業|-2 10 6|62 62 -15 -30|0.5 8
3515 華擎|電腦及週|140 148 68|100 100 62 30|3.2 271
3526 凡甲|電子零組|7 29 -9|85 85 -6 -4|0.9 67
3528 安馳|電子通路|26 39 20|79 79 -4 47|0.2 85
3529 力旺|半導體業|-4 5 -8|72 73 6 -26|0.8 1371
3532 台勝科|半導體業|-7 -3 8|45 79 -3 -24|1.2 25
3533 嘉澤|電子零組|9 16 -8|67 70 -5 -29|0.5 1400
3535 晶彩科|光電業|-96 -38 -313|65 95 40 1|5.0 179
3540 曜越|電腦及週|28 30 27|63 77 -6 -13|0.5 7
3545 敦泰|半導體業|12 2 -2|71 72 -6 -27|3.1 34
3546 宇峻|文化創意|-19 -4 -4|80 80 25 34|0.4 142
3548 兆利|電子零組|30 27 19|55 60 -19 -34|0.8 101
3551 世禾|綠能環保|11 14 0|98 98 49 20|2.4 622
3552 同致|其他電子|-13 -3 12|53 62 -23 -40|0.6 5
3558 神準|通信網路|55 62 52|67 67 -16 -18|1.1 107
3563 牧德|光電業|216 220 101|91 91 9 40|0.5 923
3564 其陽|通信網路|15 31 -1|62 81 12 -13|0.9 81
3570 大塚|資訊服務|11 36 -0|75 75 20 17|0.3 19
3577 泓格|電腦及週|50 18 -6|93 93 22 19|6.9 6
3580 友威科|其他電子|-61 -47 -27|59 80 5 -17|1.1 46
3583 辛耘|半導體業|25 24 -10|70 88 27 -12|1.4 565
3587 閎康|其他電子|2 4 -2|54 63 -9 -37|1.5 81
3591 艾笛森|光電業|-11 1 -18|57 69 -20 -30|0.2 7
3592 瑞鼎|半導體業|-11 -8 -18|86 92 5 -5|1.5 144
3594 磐儀|電腦及週|34 40 19|62 62 -19 -25|0.4 7
3596 智易|通信網路|9 10 15|85 85 -9 15|1.4 387
3605 宏致|電子零組|18 23 -1|83 83 7 15|1.3 231
3609 三一東林|電子零組|43 -8 -10|86 86 13 19|2.7 6
3617 碩天|其他電子|-23 -2 -8|65 66 -10 -35|2.0 164
3622 洋華|光電業|-38 -13 -9|65 81 -2 -14|0.5 9
3630 新鉅科|光電業|17 33 16|64 72 -7 -31|0.6 8
3645 達邁|電子零組|19 11 -21|74 74 9 44|1.8 328
3653 健策|電子零組|46 59 19|93 93 41 -2|0.8 2003
3661 世芯-KY|半導體業|-34 -21 -59|87 87 20 -0|1.5 7206
3663 鑫科|其他電子|24 108 -3|59 86 17 -10|2.3 152
3665 貿聯-KY|其他電子|20 31 11|100 100 65 41|0.9 3747
3673 TPK-KY|光電業|9 5 5|58 77 -12 -22|0.4 32
3675 德微|半導體業|-21 -16 -32|38 63 -11 -37|1.2 47
3679 新至陞|電子零組|28 20 -6|85 85 -3 7|0.6 15
3680 家登|半導體業|4 30 -1|64 75 -12 -22|1.9 248
3687 歐買尬|數位雲端|1 8 2|63 83 -6 -14|2.8 6
3689 湧德|電子零組|51 40 28|90 90 9 -4|0.8 377
3691 碩禾|光電業|-47 -46 -99|45 84 -2 -13|0.6 7
3693 營邦|電腦及週|-27 14 4|81 86 6 -1|2.1 262
3694 海華|通信網路|25 30 22|85 85 14 4|0.8 113
3701 大眾控|電腦及週|-18 -14 -4|64 75 -5 -15|0.5 9
3702 大聯大|電子通路|12 35 3|75 100 14 4|1.1 362
3703 欣陸|建材營造|-10 -4 -10|62 73 -14 -22|0.6 13
3704 合勤控|通信網路|-12 -3 -8|63 65 -22 -31|0.3 27
3705 永信|生技醫療|1 19 3|90 90 5 14|0.3 46
3706 神達|電腦及週|118 120 -4|78 89 18 -2|1.9 2444
3707 漢磊|半導體業|-6 -8 5|53 68 -18 -31|1.8 47
3708 上緯投控|綠能環保|-0 4 -5|46 78 -7 -23|0.4 48
3709 鑫聯大投控|電腦及週|51 90 33|74 74 -4 19|0.3 71
3711 日月光投控|半導體業|3 12 6|75 79 -2 -12|1.4 1910
3712 永崴投控|電腦及週|-40 -6 -60|63 69 -10 -25|0.3 36
3714 富采|光電業|-12 -7 -9|70 70 -10 -15|1.0 62
3715 定穎投控|電子零組|2 5 -4|59 73 -2 -24|4.4 66
4104 佳醫|生技醫療|-4 -0 -4|95 95 0 3|0.5 7
4105 東洋|生技醫療|21 20 9|97 97 1 10|0.4 28
4107 邦特|生技醫療|-1 3 -3|82 89 -4 -6|0.8 8
4111 濟生|生技醫療|24 28 11|97 97 6 13|0.4 9
4114 健喬|生技醫療|10 11 -2|97 100 8 6|1.0 41
4119 旭富|生技醫療|-0 7 -32|68 73 -15 -27|0.6 5
4120 友華|生技醫療|11 6 8|95 95 14 17|2.5 10
4123 晟德|生技醫療|-15 -12 -22|67 86 -0 -12|0.4 20
4128 中天|生技醫療|10 9 0|52 67 -16 -32|0.5 29
4129 聯合|生技醫療|6 18 -1|93 93 11 9|0.4 28
4133 亞諾法|生技醫療|-2 1 4|79 81 -4 -10|0.3 8
4137 麗豐-KY|生技醫療|-11 -8 5|77 94 -0 9|0.8 7
4142 國光生|生技醫療|223 30 -170|56 65 -19 -21|0.3 18
4147 中裕|生技醫療|-3 -11 -6|91 91 4 5|0.6 91
4161 聿新科|生技醫療|-31 -16 -7|79 85 -13 -5|3.7 6
4162 智擎|生技醫療|-79 -13 -104|65 65 -21 -15|0.6 36
4164 承業醫|生技醫療|-22 48 33|78 78 -6 10|0.7 129
4167 松瑞藥|生技醫療|-20 -5 -6|73 86 -3 -7|0.3 10
4168 醣聯|生技醫療|109350 na na|81 82 16 -3|0.8 20
4173 久裕|生技醫療|5 9 -10|87 87 -13 9|0.2 5
4174 浩鼎|生技醫療|-44 -11 -37|37 52 -47 -43|0.5 29
4303 信立|塑膠工業|386 320 -7|80 80 -4 55|0.2 276
4306 炎洲|塑膠工業|-49 -23 -32|69 85 -10 -9|0.7 11
4417 金洲|紡織纖維|17 44 15|98 98 7 14|1.1 6
4503 金雨|電機機械|92 132 83|80 80 2 2|0.4 11
4506 崇友|電機機械|31 28 13|98 98 7 10|0.8 7
4510 高鋒|電機機械|-1 -15 2|79 79 2 0|1.2 296
4523 永彰|電機機械|50 32 13|74 97 9 -2|0.6 6
4526 東台|電機機械|-23 5 15|63 72 -6 -21|0.6 35
4532 瑞智|電機機械|-14 6 -17|78 78 -17 2|0.5 46
4533 協易機|電機機械|68 1 -37|54 64 -25 -31|0.5 19
4536 拓凱|運動休閒|-15 20 -5|81 85 -6 -6|0.5 44
4540 全球傳動|電機機械|1 2 4|60 60 -17 -37|0.6 40
4541 晟田|其他|36 12 -17|81 81 -17 28|0.1 225
4549 桓達|電機機械|-1 -4 -0|61 61 0 -34|2.5 67
4551 智伸科|汽車工業|-8 7 -11|84 95 19 12|2.3 217
4554 橙的|其他電子|7 23 15|79 79 28 37|0.5 8
4557 永新-KY|汽車工業|26 28 -4|73 77 -8 -14|0.5 8
4560 強信-KY|電機機械|1 21 -8|96 96 16 12|0.8 11
4561 健椿|電機機械|-43 -24 -3|54 57 -18 -42|0.3 11
4562 穎漢|電機機械|33 12 -3|71 84 18 -15|0.5 215
4563 百德|電機機械|13 11 -5|52 66 -13 -33|0.9 14
4564 元翎|電機機械|25 27 4|56 65 -30 -29|1.1 11
4566 時碩工業|電機機械|-5 10 -9|54 74 -10 -25|1.8 35
4569 六方科-KY|汽車工業|30 35 8|51 72 -3 -27|0.8 12
4571 鈞興-KY|電機機械|3 -3 -19|64 64 8 -33|1.9 179
4572 駐龍|電機機械|-17 -16 -10|86 86 -3 9|0.1 32
4576 大銀微系統|電機機械|17 18 -2|70 70 -5 -26|0.9 149
4583 台灣精銳|電機機械|1 4 -5|84 86 10 -16|1.1 650
4714 永捷|化學工業|87 81 -26|76 92 1 4|1.1 21
4720 德淵|化學工業|-7 -1 -9|66 77 -18 -14|0.8 5
4721 美琪瑪|化學工業|44 32 28|81 96 14 -2|5.6 20
4722 國精化|化學工業|-17 -4 -10|86 86 12 49|0.8 233
4726 永昕|生技醫療|18 -1 -71|63 86 5 -9|1.4 9
4728 雙美|生技醫療|4 1 -13|79 79 3 43|0.9 9
4736 泰博|生技醫療|-1 -7 -13|78 84 -14 -14|0.3 37
4737 華廣|生技醫療|-2 0 -7|90 90 17 11|0.7 7
4739 康普|化學工業|23 21 26|75 88 1 -3|6.5 11
4743 合一|生技醫療|3 -15 -40|35 70 -12 -30|1.0 216
4746 台耀|生技醫療|-17 2 -2|61 89 0 -3|0.6 22
4749 新應材|半導體業|50 43 na|na na 25 na|0.8 670
4755 三福化|化學工業|5 9 -2|78 90 8 -9|1.3 9
4760 勤凱科技|其他電子|1 25 -26|69 88 3 -2|0.6 9
4763 材料*-KY|化學工業|21 21 -4|77 77 -4 -3|3.5 1394
4766 南寶|化學工業|-3 4 -6|87 87 -12 4|0.8 129
4768 晶呈科技|化學工業|-25 -16 -30|44 60 -16 -39|1.3 19
4770 上品|化學工業|-27 -26 -34|61 69 -8 -15|1.5 210
4771 望隼|生技醫療|10 18 13|59 83 -15 6|0.8 15
4772 台特化|化學工業|27 33 5|na 83 7 30|2.1 610
4903 聯光通|通信網路|-6 85 40|44 59 -19 -28|0.3 6
4904 遠傳|通信網路|0 4 -3|95 95 -4 -2|1.8 743
4906 正文|通信網路|-44 -35 -30|58 77 -13 -23|1.0 22
4908 前鼎|通信網路|-31 -10 5|66 76 -6 -26|1.1 18
4909 新復興|通信網路|-89 -91 -290|37 64 -22 -37|0.9 120
4912 聯德控股-KY|電子零組|-5 -5 -23|46 46 -27 -51|0.7 9
4915 致伸|電子零組|-5 -0 -2|70 86 -8 -1|1.6 318
4916 事欣科|電腦及週|-26 -19 -10|76 76 0 33|0.3 226
4919 新唐|半導體業|-4 -4 5|57 74 -11 -19|0.9 75
4923 力士|半導體業|1 1 -2|76 76 9 2|1.4 6
4927 泰鼎-KY|電子零組|-8 -2 -7|38 51 -31 -35|0.6 19
4931 新盛力|電腦及週|-5 2 -47|100 100 24 40|1.7 1166
4933 友輝|光電業|12 16 -0|89 89 -7 14|0.5 32
4934 太極|光電業|-94 -86 -2|44 79 0 -20|0.5 5
4938 和碩|電腦及週|-8 7 6|68 83 -6 -13|1.6 858
4945 陞達科技|半導體業|111 79 46|74 95 7 10|1.0 14
4946 辣椒|文化創意|510 950 482|62 62 76 317|0.5 31
4949 有成精密|光電業|27 0 20|89 89 41 142|0.4 445
4953 緯致|資訊服務|5 9 -3|73 85 2 -14|1.0 15
4956 光鋐|光電業|-2 9 -11|57 71 2 -31|0.3 19
4958 臻鼎-KY|電子零組|11 21 3|68 85 -3 -16|0.9 479
4960 誠美材|光電業|-15 -5 -3|76 95 5 1|1.0 18
4961 天鈺|半導體業|3 11 -16|73 88 -2 -12|2.9 86
4966 譜瑞-KY|半導體業|4 7 -7|67 76 -4 -23|1.0 214
4967 十銓|半導體業|-54 -6 -34|46 78 -12 -10|0.5 99
4968 立積|半導體業|-12 -1 -10|48 55 -28 -48|0.5 127
4971 IET-KY|半導體業|66 55 35|69 69 5 39|2.3 292
4973 廣穎電通|半導體業|-20 -1 4|56 75 -6 -15|0.3 12
4974 亞泰|電子零組|-12 6 -27|60 60 -14 -32|0.4 31
4976 佳凌|光電業|-16 -7 -24|48 72 -9 -30|0.7 5
4977 眾達-KY|通信網路|25 71 2|58 58 -14 -38|0.7 348
4979 華星光|通信網路|32 39 12|73 73 10 -1|0.7 3433
4991 環宇-KY|半導體業|-23 7 -7|82 82 7 -11|2.0 2201
5009 榮剛|鋼鐵工業|-9 -12 -2|73 74 -21 -17|2.5 93
5201 凱衛|資訊服務|79 74 58|62 62 -0 36|0.1 26
5202 力新|資訊服務|-2 3 -25|66 67 -19 -10|0.2 13
5203 訊連|資訊服務|9 14 3|73 73 -11 12|0.5 42
5209 新鼎|其他|-31 -33 -8|61 67 -29 -33|2.2 13
5210 寶碩|資訊服務|-21 8 14|78 93 23 2|0.6 9
5213 亞昕|建材營造|220 832 452|61 85 -14 -3|1.0 14
5222 全訊|半導體業|-41 -32 -23|69 84 -4 -4|0.6 26
5225 東科-KY|其他電子|-20 -11 -16|55 61 -26 -30|0.3 24
5234 達興材料|光電業|9 12 8|92 92 58 38|1.1 659
5236 凌陽創新|半導體業|29 21 -1|67 83 -7 -11|1.1 14
5243 乙盛-KY|光電業|11 6 -16|75 80 9 -18|0.6 44
5244 弘凱|光電業|-4 0 3|82 91 -1 -11|0.8 54
5251 天鉞電|光電業|34 17 -25|99 99 90 139|1.1 1185
5258 虹堡|電腦及週|-9 -7 -2|45 64 -23 -27|0.5 23
5263 智崴|文化創意|23 17 -38|47 63 -11 -36|0.4 11
5269 祥碩|半導體業|38 39 12|80 84 4 -6|0.9 1277
5274 信驊|半導體業|75 85 -30|93 100 64 43|1.3 2263
5284 jpp-KY|其他|94 66 34|95 95 37 33|0.9 707
5288 豐祥-KY|電機機械|-21 -7 -8|60 68 -20 -29|0.8 17
5289 宜鼎|電腦及週|51 36 17|77 85 -8 7|0.7 95
5306 桂盟|運動休閒|-8 7 -8|62 76 -14 -20|0.6 13
5309 系統電|電子零組|5 6 11|77 82 -3 -11|3.3 56
5312 寶島科|生技醫療|-1 -1 -2|87 87 9 35|1.0 15
5314 世紀*|其他|423 335 na|61 61 -32 73|0.4 154
5315 光聯|光電業|23 36 -4|91 91 -5 10|0.9 13
5340 建榮|電子零組|22 23 -23|73 92 22 9|0.9 61
5347 世界|半導體業|-1 12 -5|74 97 3 -1|1.1 944
5351 鈺創|半導體業|-29 -25 -30|53 76 -2 -21|0.7 129
5371 中光電|光電業|-6 -9 -6|60 60 -25 -37|0.6 84
5386 青雲|電腦及週|173 213 33|66 90 5 -10|0.4 12
5388 中磊|通信網路|-11 -20 -3|71 71 -19 -23|1.0 225
5392 能率|光電業|-14 -8 -2|75 80 -4 -14|1.2 85
5403 中菲|資訊服務|17 22 3|95 95 2 9|0.4 6
5425 台半|半導體業|30 37 17|63 84 -2 -15|0.6 25
5426 振發|電腦及週|25 43 8|69 80 -1 -18|1.8 50
5432 新門|綠能環保|32 -2 12|40 79 -14 -19|0.6 15
5434 崇越|電子通路|20 25 -1|90 95 9 -1|1.8 116
5439 高技|電子零組|90 99 68|100 100 28 107|1.2 2759
5443 均豪|半導體業|51 8 -35|56 76 15 -25|0.8 501
5452 佶優|其他電子|-14 -3 -4|57 74 -14 -23|0.3 15
5457 宣德|電子零組|10 18 -18|63 68 -14 -32|0.6 6
5465 富驊|電腦及週|48 41 41|92 92 13 1|2.4 28
5469 瀚宇博|電子零組|53 41 28|95 95 16 19|1.4 238
5471 松翰|半導體業|-3 3 2|62 77 -16 -21|1.3 5
5474 聰泰|電腦及週|43 4 8|72 72 -1 -21|1.5 90
5475 德宏|電子零組|10 39 -7|100 100 146 143|2.6 130
5478 智冠|文化創意|-3 -9 -14|74 84 -2 -13|0.7 16
5483 中美晶|半導體業|-5 -2 -1|42 69 -21 -32|1.8 365
5484 慧友|光電業|-44 -8 -23|32 56 -12 -45|0.5 8
5489 彩富|其他電子|-22 -8 -21|83 83 22 28|1.3 16
5490 同亨|電腦及週|-32 14 -42|73 83 14 8|0.4 21
5498 凱崴|電子零組|2 8 0|72 100 23 5|6.8 6
5508 永信建|建材營造|-88 -73 -38|40 78 -14 -15|0.4 47
5515 建國|建材營造|13 22 -27|84 84 -15 1|0.6 8
5519 隆大|建材營造|-69 -30 -23|55 86 -10 -4|0.3 14
5521 工信|建材營造|56 60 16|88 88 -6 10|0.3 10
5522 遠雄|建材營造|-89 -91 -90|75 83 -1 -20|0.6 115
5530 龍巖|其他|75 38 27|72 72 -18 15|0.1 20
5534 長虹|建材營造|-80 -13 -113|61 78 -12 -1|0.4 60
5536 聖暉*|其他電子|45 48 7|90 90 15 11|1.4 263
5607 遠雄港|航運業|13 13 -4|68 93 6 -3|0.5 15
5608 四維航|航運業|-7 -3 -8|68 69 -19 -10|0.3 11
5609 中菲行|航運業|7 23 -14|84 94 -2 -3|0.3 6
5706 鳳凰|觀光餐旅|-5 15 -18|80 92 9 -2|1.1 14
5871 中租-KY|其他|-6 -3 -4|77 98 5 13|0.7 695
5876 上海商銀|金融保險|-4 7 -0|100 100 5 18|1.3 465
5880 合庫金|金融保險|-3 11 3|93 99 2 0|1.3 216
5903 全家|居家生活|6 4 -0|97 97 5 10|0.3 10
5904 寶雅|居家生活|10 7 -0|92 95 5 -1|0.7 346
6005 群益證|金融保險|4 -9 -25|77 77 -15 -13|1.4 452
6016 康和證|金融業|2 -156 -142|74 76 -13 -14|0.5 6
6023 元大期貨|金融業|-27 -11 -17|91 95 7 0|0.5 9
6024 群益期|金融保險|16 31 11|84 86 3 -11|0.4 15
6026 福邦證|金融業|-4 -81 -144|81 88 -9 -2|0.4 8
6104 創惟|半導體業|46 63 18|86 86 0 -10|0.7 400
6111 光聚晶電|文化創意|-19 1 -37|66 79 -6 -12|0.4 12
6112 邁達特|資訊服務|40 23 24|76 76 16 11|0.8 94
6113 亞矽|電子通路|-10 2 25|82 82 5 26|0.1 13
6114 久威|電子零組|6 2 19|76 76 6 12|0.4 22
6117 迎廣|電腦及週|18 18 13|80 92 26 16|1.1 454
6120 達運|光電業|-18 -5 -7|67 78 -11 -16|0.5 6
6121 新普|電腦及週|-2 5 6|90 92 -3 -4|2.0 403
6122 擎邦|電機機械|10 8 25|89 92 6 -4|0.4 6
6125 廣運|電機機械|-36 -27 4|57 65 -8 -29|0.5 61
6127 九豪|電子零組|-3 12 -11|55 68 -8 -33|2.4 12
6138 茂達|半導體業|19 21 10|84 96 5 4|2.6 64
6139 亞翔|其他電子|-27 -24 -6|92 92 29 51|2.2 1573
6140 訊達電腦|資訊服務|51 52 26|86 86 18 68|0.4 107
6141 柏承|電子零組|-34 -33 -3|67 70 -3 -19|1.2 14
6143 振曜|通信網路|-8 19 -3|77 83 -12 2|0.2 83
6146 耕興|其他電子|-4 -2 1|72 83 -9 -15|0.7 32
6147 頎邦|半導體業|3 11 0|83 84 -15 -12|1.1 230
6148 驊宏資|資訊服務|-23 81 2|73 73 8 115|0.2 263
6150 撼訊|電腦及週|91 94 79|80 85 -2 -4|0.4 7
6153 嘉聯益|電子零組|-23 -17 6|58 83 7 -10|7.4 13
6156 松上|電子零組|27 46 -4|69 89 -3 4|0.4 18
6163 華電網|資訊服務|-38 -15 -30|73 89 -3 -7|0.5 8
6165 浪凡|數位雲端|2 7 1|89 89 14 28|0.3 69
6166 凌華|電腦及週|-7 15 9|66 66 -30 -22|0.4 24
6167 久正|光電業|56 32 40|78 83 0 -5|0.5 10
6170 統振|通信網路|12 12 -10|89 89 -6 8|1.0 10
6173 信昌電|電子零組|11 9 2|65 83 -8 -14|0.6 7
6175 立敦|電子零組|-2 1 -12|76 76 -10 -15|0.7 10
6176 瑞儀|光電業|8 6 -12|66 72 -21 -27|0.9 573
6177 達麗|建材營造|-94 36 -48|68 92 1 7|0.4 59
6179 亞通|其他|53 96 28|75 90 4 -6|1.9 24
6180 橘子|文化創意|-25 -16 -18|85 92 2 -4|0.9 30
6182 合晶|半導體業|5 12 10|52 75 -2 -24|0.7 25
6186 新潤|建材營造|217 266 117|58 84 -11 -5|0.3 26
6187 萬潤|半導體業|26 39 -228|74 92 45 -3|1.6 1648
6188 廣明|電腦及週|23 18 27|76 79 1 -19|0.7 141
6189 豐藝|電子通路|-26 -31 -27|73 97 11 -4|2.2 39
6190 萬泰科|通信網路|5 16 -15|89 92 1 6|0.5 91
6191 精成科|電子零組|82 52 43|94 94 35 69|2.6 1764
6192 巨路|其他電子|-15 4 -10|81 91 -2 -5|0.4 10
6196 帆宣|其他電子|-25 -9 -10|100 100 15 24|1.0 218
6197 佳必琪|電子零組|-8 16 -10|75 98 6 -2|1.6 165
6199 天品|其他|-3 8 6|77 77 -22 -11|0.4 13
6202 盛群|半導體業|24 37 -1|67 79 -6 -13|0.7 17
6203 海韻電|電子零組|24 16 28|87 87 -13 1|0.3 8
6205 詮欣|電子零組|-3 5 -12|58 61 -29 -40|0.5 6
6206 飛捷|電腦及週|8 9 -19|70 70 -2 36|1.2 276
6207 雷科|電子零組|-30 9 9|49 71 -11 -25|2.6 23
6209 今國光|光電業|15 8 2|76 76 -18 -17|0.8 9
6213 聯茂|電子零組|11 28 6|65 97 33 8|0.7 548
6214 精誠|資訊服務|-4 4 -2|68 77 -11 -21|0.7 80
6215 和椿|其他電子|62 80 -15|74 74 24 12|0.4 465
6217 中探針|電子零組|3 26 -2|56 77 2 -22|1.5 7
6219 富旺|建材營造|-100 -100 -156|41 50 -36 -46|0.6 5
6221 晉泰|資訊服務|8 23 4|58 58 -25 -24|0.9 13
6223 旺矽|半導體業|51 39 4|95 95 39 6|0.8 2301
6224 聚鼎|電子零組|22 25 9|60 80 -2 -18|0.4 6
6227 茂綸|電子通路|119 94 61|71 71 -6 16|0.5 121
6228 全譜|電腦及週|-32 4 -58|58 79 14 54|0.3 10
6230 尼得科超眾|電腦及週|6 12 15|39 64 -15 -33|0.7 12
6231 系微|資訊服務|18 10 -4|43 58 -12 -36|1.1 222
6234 高僑|光電業|-29 -30 8|68 78 -13 -21|1.8 5
6235 華孚|電腦及週|-4 1 9|55 75 -1 -24|0.6 24
6237 驊訊|半導體業|17 7 -15|68 68 -7 -24|1.2 26
6239 力成|半導體業|-7 -11 -4|68 96 3 4|0.6 608
6243 迅杰|半導體業|-1 2 14|61 81 0 -19|0.7 6
6244 茂迪|光電業|-14 -9 3|52 77 -16 -16|0.5 22
6245 立端|通信網路|-9 2 -1|64 64 -21 -19|0.4 51
6257 矽格|半導體業|3 5 -8|97 97 4 15|2.8 515
6261 久元|半導體業|-18 -11 -9|76 91 -5 -6|0.6 5
6263 普萊德|通信網路|-22 -3 -5|82 96 -1 1|0.3 7
6266 泰詠|電子零組|7 10 5|96 96 -1 3|0.5 10
6269 台郡|電子零組|-32 -30 -5|64 84 0 -7|4.5 52
6271 同欣電|半導體業|-5 0 -3|69 80 -4 -20|0.9 66
6274 台燿|電子零組|10 22 -24|100 100 53 41|1.7 3696
6276 安鈦克|電腦及週|10 55 23|87 87 49 88|1.1 51
6277 宏正|電腦及週|-8 -3 -4|75 77 -20 -21|1.4 7
6278 台表科|光電業|10 9 8|76 88 -6 -5|1.1 190
6279 胡連|電子零組|1 17 -3|69 69 -19 -26|0.6 92
6282 康舒|電子零組|1 -4 -8|66 79 -14 -16|0.7 35
6284 佳邦|電子零組|14 13 4|71 80 -10 -12|0.6 39
6285 啟碁|通信網路|-13 -2 -0|70 77 -14 -16|1.1 291
6288 聯嘉|汽車工業|-16 -6 -21|60 71 -14 -28|0.4 6
6290 良維|電子零組|38 32 11|90 90 15 31|0.7 490
6409 旭隼|其他電子|-15 -5 -26|55 67 -14 -31|1.1 304
6411 晶焱|半導體業|-9 -5 -12|64 77 -15 -24|0.5 8
6412 群電|電子零組|1 8 2|80 87 2 -4|1.3 391
6414 樺漢|電腦及週|-9 -1 -14|90 92 5 1|2.7 201
6415 矽力*-KY|半導體業|-6 1 -13|64 75 -13 -15|0.6 541
6416 瑞祺電通|通信網路|-9 5 -14|55 65 -12 -19|0.4 12
6425 易發|電機機械|-34 -40 -51|50 57 -28 -43|1.2 8
6426 統新|通信網路|20 47 39|67 84 6 -12|0.7 17
6435 大中|半導體業|18 25 13|78 78 -14 -3|0.5 7
6438 迅得|其他電子|34 22 15|70 70 -11 -20|0.5 269
6442 光聖|通信網路|61 112 -72|71 71 15 -27|0.8 1466
6443 元晶|光電業|-57 -63 -18|50 75 -11 -14|0.9 38
6446 藥華藥|生技醫療|49 81 -10|71 71 2 -10|0.8 961
6449 鈺邦|電子零組|46 40 15|60 76 -6 -23|1.0 30
6451 訊芯-KY|半導體業|95 100 50|51 55 -14 -42|0.5 139
6456 GIS-KY|光電業|30 7 -2|55 70 -17 -20|0.8 22
6461 益得|生技醫療|680 210 -28|56 66 -20 -33|0.7 6
6462 神盾|半導體業|6 12 -11|40 67 5 -35|2.2 679
6469 大樹|生技醫療|12 11 3|65 78 -10 -2|0.6 28
6470 宇智|通信網路|17 29 10|83 89 -5 -6|0.4 7
6472 保瑞|生技醫療|-11 36 -29|89 92 20 10|0.8 857
6477 安集|光電業|-8 0 11|63 72 -10 4|0.3 9
6482 弘煜科|文化創意|22 16 -11|67 67 11 24|0.3 8
6485 點序|半導體業|-14 16 12|67 69 -14 16|0.2 22
6488 環球晶|半導體業|-4 1 3|54 75 -7 -19|1.5 383
6491 晶碩|生技醫療|-15 -3 3|63 80 -13 -14|0.6 56
6499 益安|生技醫療|70 83 -1|97 97 200 235|0.2 134
6505 台塑化|油電燃氣|-28 -12 -4|58 94 2 9|1.1 242
6509 聚和|化學工業|-3 11 1|71 79 -5 -18|1.9 15
6510 精測|半導體業|79 71 14|90 90 24 -5|1.0 347
6515 穎崴|半導體業|37 54 -41|88 88 34 9|0.7 1316
6516 勤崴國際|資訊服務|64 33 12|77 77 -3 8|0.5 8
6517 保勝光學|光電業|46 31 17|70 70 -27 -3|0.2 172
6525 捷敏-KY|半導體業|16 16 4|90 95 1 6|0.7 7
6526 達發|半導體業|12 13 -28|66 75 -8 -25|1.1 121
6530 創威|通信網路|24 22 5|61 74 -0 -26|1.5 53
6531 愛普*|半導體業|51 38 21|76 94 16 -7|1.5 838
6532 瑞耘|半導體業|-10 7 -4|76 90 -8 -8|7.0 5
6533 晶心科|半導體業|-10 -12 -62|62 62 -14 -32|3.2 113
6535 順藥|生技醫療|-95 689 539|38 55 -18 -28|0.6 22
6538 倉和|電子零組|-46 -34 -13|51 84 -4 -3|0.7 12
6541 泰福-KY|生技醫療|-9 2160 1469|68 68 -12 -10|2.0 13
6546 正基|通信網路|-4 4 -5|36 54 -22 -45|0.4 32
6547 高端疫苗|生技醫療|-45 10 na|74 74 -14 9|0.4 67
6548 長科*|半導體業|6 14 3|75 84 -11 -6|0.3 14
6550 北極星藥業-KY|生技醫療|-116 -72 na|53 78 10 -14|0.5 20
6558 興能高|其他電子|12 3 0|86 86 6 33|3.2 142
6560 欣普羅|光電業|204 491 321|74 76 32 31|1.0 18
6561 是方|通信網路|56 32 8|77 87 -5 -12|0.7 24
6568 宏觀|半導體業|34 4 -13|86 86 24 18|3.2 18
6574 霈方|生技醫療|-2 12 10|82 82 55 53|1.4 6
6579 研揚|電腦及週|14 16 20|69 84 -11 -4|1.5 10
6584 南俊國際|電子零組|20 21 -13|75 95 12 3|0.5 119
6585 鼎基|其他|-37 -17 -21|56 60 -22 -20|0.9 15
6589 台康生技|生技醫療|-38 22 21|64 74 -14 -13|0.8 21
6591 動力-KY|電腦及週|52 53 41|84 84 35 29|2.7 275
6592 和潤企業|其他|-21 -21 -8|59 86 -4 -8|1.0 18
6593 台灣銘板|資訊服務|-60 -44 -24|66 90 41 -6|3.5 48
6596 寬宏藝術|文化創意|38 -26 -103|100 100 71 85|0.6 86
6603 富強鑫|電機機械|36 4 -20|75 95 1 1|0.7 6
6605 帝寶|汽車工業|2 5 -2|70 87 -2 -11|1.6 196
6609 瀧澤科|電機機械|10 -1 -26|37 53 -29 -48|2.8 9
6613 朋億*|其他電子|-24 -31 -29|66 66 -11 -4|1.0 24
6617 共信-KY|生技醫療|-26 12 -75|na 73 -12 -21|0.7 11
6625 必應|其他|41 35 0|99 99 41 16|2.2 73
6637 醫影|生技醫療|956 296 208|na 89 21 9|2.5 44
6640 均華|半導體業|85 3 -90|63 92 55 -0|1.8 645
6643 M31|半導體業|10 18 21|36 65 -11 -31|1.1 225
6651 全宇昕|半導體業|19 27 2|77 77 -15 -2|0.5 7
6654 天正國際|其他電子|64 78 60|87 87 6 75|0.5 6
6657 華安|生技醫療|-8 -20 -39|82 82 -4 34|1.4 29
6658 聯策|其他電子|75 48 -8|81 96 25 8|1.3 386
6664 群翊|電子零組|3 -2 -3|63 90 9 -12|1.8 65
6667 信紘科|其他電子|98 94 5|98 100 13 26|1.7 347
6668 中揚光|光電業|71 27 11|74 86 -9 -15|0.6 26
6669 緯穎|電腦及週|187 202 86|85 90 45 -2|1.4 4673
6670 復盛應用|運動休閒|11 19 -8|82 82 -15 -4|0.8 360
6672 騰輝電子-KY|電子零組|-2 1 9|84 84 -1 18|0.6 22
6674 鋐寶科技|通信網路|-10 -37 -28|83 94 25 10|0.8 11
6679 鈺太|半導體業|-16 -14 -14|52 70 -13 -30|2.2 73
6683 雍智科技|半導體業|38 30 -2|67 67 0 -16|0.8 144
6684 安格|半導體業|-24 -9 6|60 83 16 -17|1.8 68
6689 伊雲谷|數位雲端|-0 12 -13|65 65 -12 -28|0.7 20
6690 安碁資訊|數位雲端|11 14 -3|70 85 -3 -13|0.6 8
6691 洋基工程|其他電子|60 59 25|89 89 9 5|1.2 981
6693 廣閎科|半導體業|23 29 1|64 67 -15 -30|0.7 18
6695 芯鼎|半導體業|42 36 25|53 63 -14 -36|1.7 29
6706 惠特|光電業|13 56 15|32 45 -28 -54|0.7 71
6712 長聖|生技醫療|21 17 -1|82 94 1 -1|0.4 13
6715 嘉基|電子零組|-15 -2 5|61 72 -14 -29|0.6 6
6719 力智|半導體業|31 44 16|67 84 7 -11|1.4 45
6720 久昌|半導體業|-18 -3 na|na 80 -8 -2|0.8 8
6728 上洋|居家生活|75 61 14|100 100 32 54|1.0 15
6732 昇佳電子|半導體業|8 11 12|54 79 -3 -22|1.1 20
6739 竹陞科技|其他電子|85 71 -139|na 93 70 87|1.0 147
6741 91APP*-KY|數位雲端|4 7 -7|81 81 3 1|0.7 26
6742 澤米|光電業|5 6 -16|73 75 7 5|4.2 36
6747 亨泰光|生技醫療|-13 -5 -8|100 100 41 52|0.8 19
6752 叡揚|資訊服務|9 24 8|73 73 10 20|0.1 28
6753 龍德造船|航運業|-12 -14 -20|59 77 -17 -6|0.3 37
6756 威鋒電子|半導體業|-6 -6 6|49 75 -6 -26|0.8 8
6757 台灣虎航|航運業|2 1 -13|80 80 -4 9|0.5 528
6761 穩得|電子零組|4 5 -8|84 87 -3 3|0.7 14
6763 綠界科技*|數位雲端|7 12 6|69 83 6 2|6.5 50
6768 志強-KY|運動休閒|9 22 -16|68 68 -10 -7|0.8 141
6770 力積電|半導體業|-2 0 -4|56 75 -2 -6|0.8 178
6781 AES-KY|電子零組|86 73 39|89 89 26 -7|1.2 1443
6782 視陽|生技醫療|22 38 -1|62 93 8 0|0.5 34
6785 昱展新藥|生技醫療|na na na|53 87 6 -2|1.2 19
6788 華景電|半導體業|25 44 -23|86 100 33 11|3.1 132
6789 采鈺|半導體業|-19 1 -26|62 68 2 -21|2.0 271
6799 來頡|半導體業|-1 8 15|60 73 -25 -6|0.2 54
6803 崑鼎|綠能環保|20 16 1|97 97 2 5|1.6 14
6805 富世達|電子零組|72 49 9|74 97 38 0|0.7 2363
6806 森崴能源|綠能環保|-49 5 -72|44 66 -8 -31|0.4 93
6811 宏碁資訊|數位雲端|12 9 -10|72 81 2 -16|0.7 28
6829 千附精密|半導體業|-4 15 -4|72 72 -18 0|0.2 57
6830 汎銓|其他電子|0 12 6|55 69 -10 -25|1.1 22
6834 天二科技|電子零組|4 21 -14|61 79 2 -6|0.2 7
6835 圓裕|電子零組|15 7 -1|86 86 -2 15|1.7 20
6838 台新藥|生技醫療|734 na na|na 91 26 -4|1.2 131
6841 長佳智能|生技醫療|-13 8 -162|57 74 -11 -8|0.4 12
6854 錼創科技-KY創|半導體業|-45 -29 -107|71 71 27 10|2.5 92
6859 伯特光|光電業|104 94 37|67 67 -18 -25|0.3 18
6862 三集瑞-KY|電子零組|19 29 na|na 80 -6 -18|1.9 13
6863 永道-KY|通信網路|-36 -7 -52|52 54 -23 -35|0.7 29
6869 雲豹能源|綠能環保|193 241 200|50 89 5 -8|0.3 286
6870 騰雲|數位雲端|19 21 -7|85 93 14 5|2.6 20
6873 泓德能源|綠能環保|172 185 -81|81 89 18 18|0.6 354
6877 鏵友益|其他電子|25 10 -117|76 76 -9 -6|0.5 47
6885 全福生技|生技醫療|na na na|na 82 27 4|3.0 49
6890 來億-KY|運動休閒|1 34 4|58 58 -24 -23|0.7 443
6895 宏碩系統|半導體業|94 97 57|64 85 37 -4|1.7 32
6901 鑽石投資|其他|-19 -82 -85|46 62 -24 -37|0.5 17
6902 GOGOLOOK|數位雲端|16 30 11|45 57 -36 -42|0.9 8
6903 巨漢|其他電子|-46 -46 -19|61 84 -2 -10|0.5 5
6906 現觀科|數位雲端|4 -1 -5|68 77 5 -8|0.2 9
6913 鴻呈|電子零組|18 29 -9|na 82 10 14|4.3 38
6914 阜爾運通|其他|24 19 6|93 99 8 25|1.2 10
6919 康霈*|生技醫療|-100 na na|na 100 75 121|1.1 1676
6922 宸曜|電腦及週|-12 14 -22|71 71 0 -14|1.0 22
6933 AMAX-KY|電腦及週|-17 5 1|37 58 -19 -42|0.3 11
6937 天虹|半導體業|32 2 -57|52 58 -4 -42|2.4 127
6949 沛爾生醫-創|生技醫療|55 -1 -60|98 98 10 87|2.3 12
6957 裕慶-KY|其他|-11 -24 -48|na 74 -10 -21|0.9 15
6962 奕力-KY|半導體業|-27 -18 na|na 80 -1 -2|0.6 262
6965 中傑-KY|運動休閒|-24 -8 na|na na -27 na|0.8 22
6982 大井泵浦|電機機械|-0 4 na|na 79 11 -20|1.7 11
6994 富威電力|綠能環保|-48 1 na|na na -13 na|0.9 28
6996 力領科技|半導體業|-36 -16 na|na 63 -18 -35|0.3 5
7402 邑錡|光電業|21 7 10|76 77 -19 15|0.2 26
7556 意德士科技|半導體業|17 25 -8|86 86 13 31|0.3 11
7714 創泓科技|數位雲端|49 87 na|na na -8 na|0.2 7
7722 LINEPAY|數位雲端|33 30 na|na 79 14 48|4.3 209
7728 光焱科技|其他電子|7 -5 na|na na -2 na|0.5 16
7734 印能科技|半導體業|-2 20 na|na na 1 na|0.8 60
8011 台通|通信網路|-36 -35 -22|70 87 -7 -14|0.7 15
8016 矽創|半導體業|-2 13 7|76 96 11 -2|1.1 115
8021 尖點|其他電子|14 15 -9|96 96 51 30|7.1 73
8027 鈦昇|電機機械|-55 -0 -2|60 90 13 -6|0.7 81
8028 昇陽半導體|半導體業|21 35 4|79 79 11 2|0.5 695
8033 雷虎|其他|27 19 -3|81 81 -9 -1|0.4 164
8034 榮群|通信網路|206 136 85|78 86 5 -2|1.6 8
8038 長園科|電子零組|1363 864 404|90 90 57 36|1.3 58
8039 台虹|電子零組|-8 3 -8|63 90 2 -1|0.5 33
8040 九暘|半導體業|3 14 7|56 76 -14 -26|0.5 5
8044 網家|數位雲端|-2 -1 7|58 70 -15 -28|0.3 5
8045 達運光電|通信網路|-37 -1 na|na 45 -43 -12|0.5 22
8046 南電|電子零組|21 19 17|56 77 6 -8|0.6 247
8048 德勝|通信網路|4 1 39|60 80 -17 -18|1.4 5
8050 廣積|電腦及週|7 39 20|70 77 -13 -19|0.5 12
8054 安國|半導體業|-40 -7 -11|64 85 41 -17|3.3 1200
8059 凱碩|通信網路|1663 932 605|76 84 25 -18|0.5 32
8064 東捷|光電業|1 -9 -7|54 67 -4 -32|1.4 83
8069 元太|光電業|21 53 6|70 71 -18 -18|0.8 994
8070 長華*|電子通路|10 13 2|59 83 -6 -14|1.0 237
8071 能率網通|電子零組|-15 -3 -1|70 76 -9 -19|3.3 9
8072 陞泰|電子通路|31 41 36|91 91 51 95|0.8 406
8076 伍豐|電腦及週|-4 2 17|69 73 -11 -18|0.4 6
8081 致新|半導體業|11 8 1|74 92 -3 -6|2.4 115
8085 福華|其他電子|32 24 17|20 60 -21 -41|0.4 8
8086 宏捷科|半導體業|-26 -31 -28|55 68 -8 -28|0.8 60
8088 品安|半導體業|33 26 34|79 87 12 65|0.1 196
8089 康全電訊|通信網路|-88 -11 -235|32 58 -16 -42|0.3 16
8091 翔名|半導體業|-7 3 -5|69 87 -6 -7|0.6 15
8096 擎亞|電子通路|-39 29 2|56 56 -36 13|0.2 160
8097 常珵|通信網路|-13 1066 -131938|70 74 -7 -28|0.4 6
8103 瀚荃|電子零組|9 8 -5|62 90 1 -5|0.6 13
8104 錸寶|光電業|125 96 80|65 84 4 -20|1.5 52
8105 凌巨|光電業|18 17 8|55 83 -4 -17|0.9 7
8110 華東|半導體業|-17 -16 -16|59 85 -3 -6|1.7 23
8111 立碁|光電業|9 7 -2|73 73 -0 -7|0.4 292
8112 至上|電子通路|-35 -19 -35|55 73 -16 -24|3.5 204
8114 振樺電|電腦及週|69 155 52|79 79 4 -17|0.9 218
8131 福懋科|半導體業|-7 -10 -17|73 90 -3 -2|1.8 10
8147 正淩|電子零組|99 68 37|67 78 4 -4|0.6 18
8150 南茂|半導體業|0 2 -0|61 82 -4 -13|0.7 44
8155 博智|電子零組|24 45 6|74 74 -9 2|0.4 95
8163 達方|電腦及週|31 26 27|50 78 -12 -19|0.8 17
8171 天宇|綠能環保|-64 -81 -69|66 70 -24 -18|0.4 11
8210 勤誠|電腦及週|47 67 19|99 99 96 85|1.4 2176
8213 志超|電子零組|-10 0 3|78 87 -5 -11|0.6 7
8222 寶一|電機機械|14 38 11|76 76 -6 32|0.1 281
8227 巨有科技|半導體業|149 91 90|69 97 25 -3|5.3 107
8234 新漢|電腦及週|17 39 14|76 76 -2 36|1.9 212
8249 菱光|電子零組|-16 1 -68|70 80 0 -23|1.0 129
8255 朋程|電機機械|-2 12 -7|52 70 -18 -25|0.7 21
8261 富鼎|半導體業|16 22 8|82 85 -2 -14|0.5 19
8271 宇瞻|半導體業|47 30 21|77 94 10 15|0.6 39
8299 群聯|半導體業|6 2 1|83 83 -10 4|0.9 1109
8341 日友|綠能環保|-12 9 -13|75 87 -5 -11|0.9 6
8358 金居|電子零組|10 17 -4|77 98 10 -1|1.6 180
8374 羅昇|電機機械|48 55 2|62 70 2 -33|0.6 87
8383 千附|半導體業|10 25 -7|74 74 -11 1|0.2 14
8390 金益鼎|綠能環保|0 12 -24|73 81 -10 -2|0.1 26
8404 百和興業-KY|其他|-3 12 -16|58 67 -26 -22|0.4 8
8410 森田|電腦及週|1 8 5|48 54 -39 -46|2.6 15
8415 大國鋼|鋼鐵工業|-2 5 7|90 90 -2 3|0.9 10
8422 可寧衛*|綠能環保|-14 -14 -43|100 100 2 9|0.7 57
8431 匯鑽科|其他電子|-3 21 -9|58 58 -35 -32|0.6 9
8436 大江|生技醫療|-21 -10 -2|76 76 -19 -2|0.4 40
8440 綠電|綠能環保|-11 2 -5|59 83 -7 -3|1.4 6
8442 威宏-KY|其他|-15 -3 -6|70 75 -12 -19|1.1 9
8446 華研|文化創意|-27 -21 -29|78 83 -11 -14|0.6 7
8454 富邦媒|數位雲端|-4 -1 -2|64 72 -21 -20|0.8 114
8462 柏文|運動休閒|14 16 -2|94 96 5 18|0.8 7
8464 億豐|居家生活|-2 8 -3|81 90 2 11|0.5 277
8467 波力-KY|運動休閒|35 10 -8|49 57 -7 -41|0.3 12
8473 山林水|綠能環保|41 58 34|57 81 1 -13|0.4 6
8478 東哥遊艇|運動休閒|-1 -8 22|47 91 9 -10|6.2 32
8489 三貝德|其他|-10 -7 -4|85 85 31 35|0.6 67
8499 鼎炫-KY|其他電子|-5 9 -5|99 99 4 47|3.1 8
8926 台汽電|油電燃氣|32 10 -38|93 96 8 8|1.3 44
8927 北基|油電燃氣|-30 -6 -45|74 84 -2 -0|1.3 10
8932 智通*|數位雲端|37 55 -13|73 93 28 39|0.9 661
8936 國統|其他|-6 18 -3|63 86 -0 8|0.3 53
8937 合騏*|其他|-52 -46 -44|76 76 -16 8|0.3 51
8938 明安|運動休閒|11 17 -0|80 83 -15 -8|0.2 9
8942 森鉅|其他|-6 7 8|71 75 -21 -12|0.4 7
8996 高力|電機機械|42 53 34|52 80 12 -20|1.1 557
9802 鈺齊-KY|運動休閒|35 50 25|72 72 -12 -7|0.7 168
9902 台火|其他|1432 564 192|77 83 27 17|1.5 22
9904 寶成|運動休閒|-7 -0 -8|73 82 -10 -16|2.5 555
9906 欣巴巴|建材營造|-56 -85 -117608|36 64 -20 -34|0.8 8
9907 統一實|其他|12 20 -12|95 95 13 32|0.5 73
9910 豐泰|運動休閒|-23 -7 -5|76 90 4 -7|1.8 145
9911 櫻花|居家生活|4 7 -5|93 96 -2 9|0.4 18
9914 美利達|運動休閒|-38 -15 -37|42 56 -33 -33|0.7 148
9917 中保科|其他|7 9 2|78 91 -6 -9|2.9 109
9919 康那香|其他|-4 -4 -5|75 81 -0 -7|0.1 14
9921 巨大|運動休閒|-29 -17 -14|45 65 -24 -25|0.7 107
9924 福興|居家生活|-6 -5 7|82 92 -4 -3|0.5 7
9925 新保|其他|2 3 1|98 99 1 1|0.6 5
9927 泰銘|其他|3 -3 2|90 90 -7 9|0.5 6
9930 中聯資源|綠能環保|5 16 1|94 94 8 14|0.5 12
9933 中鼎|其他|-36 -26 -19|48 61 -36 -34|0.2 71
9935 慶豐富|居家生活|-10 -6 -18|67 68 -20 -19|1.3 14
9938 百和|其他|-12 6 -13|64 73 -18 -20|0.7 70
9939 宏全|其他|-3 5 -3|91 94 4 6|1.2 210
9940 信義|其他|-49 -40 -20|75 89 -8 -5|1.2 10
9941 裕融|其他|-5 -2 1|66 84 -7 2|2.1 81
9945 潤泰新|其他|30 5 -15|56 68 -17 -31|0.9 178
9955 佳龍|綠能環保|29 26 17|73 82 -3 -1|0.1 19
9958 世紀鋼|鋼鐵工業|31 27 31|65 97 31 37|1.4 2150