# 2025-01-02 全池(1118 檔)。欄位:代碼 名稱|產業|最新月YoY 3月YoY均 加速度|距52週高% 距120日高% 60日漲% 120日漲%|量能比 日均值M
1101 台泥|水泥工業|88 71 38|90 90 -6 -9|0.7 281
1102 亞泥|水泥工業|4 -0 6|84 84 -15 -5|0.9 305
1104 環泥|水泥工業|-12 -6 -8|77 78 -9 -23|2.2 13
1210 大成|食品工業|-4 -5 2|88 91 -2 -8|1.0 53
1215 卜蜂|食品工業|1 -1 4|80 88 -8 -12|2.0 48
1216 統一|食品工業|7 9 -6|89 89 -8 -1|0.9 423
1217 愛之味|食品工業|17 10 6|88 90 -6 -11|0.8 7
1218 泰山|食品工業|-14 -10 -4|83 91 -4 -10|0.5 9
1220 台榮|食品工業|17 11 4|89 89 5 10|0.5 14
1225 福懋油|食品工業|-7 -10 2|23 23 -68 -67|4.1 31
1227 佳格|食品工業|3 -1 -2|86 90 -8 -12|0.9 11
1229 聯華|食品工業|-6 -10 -17|72 73 -17 -28|1.4 74
1231 聯華食|食品工業|23 19 9|100 100 27 23|1.6 37
1268 漢來美食|觀光餐旅|20 19 -3|91 91 -1 -8|1.7 5
1301 台塑|塑膠工業|11 2 3|44 58 -33 -39|1.0 724
1303 南亞|塑膠工業|5 2 4|45 59 -34 -38|1.1 516
1304 台聚|塑膠工業|8 -3 0|52 61 -33 -34|1.0 22
1305 華夏|塑膠工業|-17 -14 3|51 63 -33 -30|1.1 11
1307 三芳|塑膠工業|10 7 0|78 78 -6 24|0.1 46
1308 亞聚|塑膠工業|4 -14 -4|57 67 -26 -24|0.4 12
1309 台達化|塑膠工業|35 17 -6|62 62 -38 -24|0.6 13
1312 國喬|塑膠工業|8 -8 -12|67 67 -23 -28|0.8 26
1316 上曜|建材營造|69 167 66|62 71 -2 -15|2.6 26
1319 東陽|汽車工業|5 4 -6|88 95 5 6|0.6 269
1321 大洋|塑膠工業|-36 -2 3|75 75 -10 -11|0.4 6
1325 恆大|塑膠工業|-6 -17 1|60 90 5 -15|5.8 7
1326 台化|塑膠工業|-5 -9 -15|43 53 -38 -45|1.3 410
1336 台翰|電子零組|29 19 11|88 88 -5 17|0.2 10
1342 八貫|其他|-5 -10 -8|70 86 -1 -14|0.7 27
1402 遠東新|紡織纖維|6 2 -4|82 82 -15 -12|1.2 458
1409 新纖|紡織纖維|22 9 -5|83 83 -9 -16|0.7 19
1414 東和|紡織纖維|-25 -21 -16|96 96 8 2|1.3 9
1432 大魯閣|運動休閒|4 -7 -4|85 98 7 15|0.9 6
1434 福懋|紡織纖維|6 2 3|73 81 -13 -18|1.3 16
1436 華友聯|建材營造|-64 755 -454|63 63 -9 -34|0.6 33
1438 三地開發|建材營造|-100 na na|57 57 -11 -12|2.1 14
1440 南紡|紡織纖維|-10 -10 2|69 75 -14 -22|1.0 8
1442 名軒|建材營造|-84 104 -1103|88 88 8 25|1.4 290
1446 宏和|紡織纖維|-90 3210 62|67 69 -13 -15|0.5 59
1449 佳和|紡織纖維|-10 -1 -19|80 80 30 18|0.4 115
1464 得力|紡織纖維|25 29 8|95 95 18 19|0.8 34
1471 首利|電子零組|-22 24 12|72 80 -1 -19|0.2 6
1473 台南|紡織纖維|-15 1 -14|64 84 -4 -17|0.8 7
1476 儒鴻|紡織纖維|-4 15 -2|88 88 -6 -6|0.5 176
1477 聚陽|紡織纖維|7 10 -1|72 72 -8 -20|1.2 395
1503 士電|電機機械|24 19 10|55 62 -15 -35|0.6 134
1504 東元|電機機械|-2 -10 -3|91 98 6 2|1.4 416
1513 中興電|電機機械|25 21 4|66 66 -7 -23|0.7 416
1514 亞力|電機機械|-33 -22 -23|56 63 -19 -31|0.7 192
1515 力山|電機機械|-67 -58 -132|57 64 -18 -37|0.6 8
1519 華城|電機機械|-0 23 -57|54 57 -17 -40|1.0 1892
1522 堤維西|汽車工業|2 -1 -5|87 88 0 -7|0.6 116
1524 耿鼎|汽車工業|7 9 -2|92 92 7 9|0.4 156
1527 鑽全|電機機械|1 10 -2|87 87 -12 -2|0.6 7
1528 恩德|電機機械|5 11 11|66 66 0 -10|0.1 54
1529 樂事綠能|電機機械|17 -0 -43|63 63 -17 -28|0.7 7
1532 勤美|電機機械|1 -6 -47|58 69 -19 -29|0.6 35
1536 和大|汽車工業|-22 -17 -6|89 89 15 -5|1.4 440
1537 廣隆|電機機械|20 23 -4|94 94 -0 12|0.3 23
1540 喬福|電機機械|-32 -34 -68|73 73 -19 56|0.2 78
1558 伸興|電機機械|9 7 -4|94 94 -1 15|1.9 8
1560 中砂|電機機械|16 12 3|75 75 -15 -18|0.4 343
1563 巧新|汽車工業|-13 -12 na|na 84 -0 -17|3.9 30
1565 精華|生技醫療|4 12 8|82 82 -7 10|0.3 34
1569 濱川|電腦及週|-3 -8 11|68 68 23 82|0.4 198
1570 力肯|電機機械|129 133 22|66 81 -6 -9|1.9 6
1580 新麥|電機機械|16 7 -2|94 94 -1 -4|0.5 5
1582 信錦|電子零組|-2 -13 -23|76 76 -13 -14|0.4 38
1584 精剛|其他|-22 -17 -24|67 67 -25 -12|1.0 35
1587 吉茂|汽車工業|3 15 15|44 61 -19 -41|0.2 22
1589 永冠-KY|電機機械|1 -2 14|55 76 -19 -22|1.0 13
1590 亞德客-KY|電機機械|2 -2 -8|70 84 -16 -17|0.4 478
1591 駿吉-KY|電機機械|-36 34 -231|68 81 18 -18|0.7 29
1595 川寶|半導體業|30 -9 25|63 63 -2 20|0.2 113
1597 直得|電機機械|37 14 16|100 100 29 39|3.0 574
1603 華電|電器電纜|35 -1 -19|70 81 -6 -17|0.2 8
1605 華新|電器電纜|25 3 8|61 66 -30 -33|1.7 591
1608 華榮|電器電纜|-19 -1 -17|58 60 -20 -33|0.6 22
1609 大亞|電器電纜|23 17 0|71 77 -10 -16|0.8 115
1611 中電|電器電纜|-25 -21 -9|74 74 -7 -17|0.2 11
1612 宏泰|電器電纜|43 23 9|76 87 -2 -9|0.6 21
1616 億泰|電器電纜|-0 24 10|69 76 -14 -17|0.5 7
1618 合機|電器電纜|-60 -29 -50|72 74 2 -20|1.0 34
1702 南僑|食品工業|3 5 0|78 82 -18 -14|0.6 24
1707 葡萄王|生技醫療|-8 20 13|93 93 1 -3|0.4 23
1708 東鹼|化學工業|17 24 13|85 85 -9 7|0.2 35
1709 和益|化學工業|5 -1 -15|79 79 -15 -12|0.4 7
1710 東聯|化學工業|11 9 -6|69 74 -25 -20|0.7 16
1711 永光|化學工業|8 -2 -6|73 73 -21 0|0.3 37
1712 興農|化學工業|-13 -8 -7|90 90 -1 -3|0.4 12
1717 長興|化學工業|3 -1 -6|79 79 -17 -14|0.4 30
1720 生達|生技醫療|2 8 -0|81 81 -6 -12|0.9 10
1721 三晃|化學工業|-37 -9 -15|61 61 -39 7|0.2 26
1722 台肥|化學工業|3 4 17|77 81 -11 -18|1.1 82
1723 中碳|化學工業|12 -2 3|74 86 -10 -15|0.6 15
1727 中華化|化學工業|3 30 11|68 68 -29 -11|0.2 16
1734 杏輝|生技醫療|4 1 -5|82 83 -5 -17|1.6 9
1736 喬山|運動休閒|39 34 12|93 93 12 95|0.7 175
1760 寶齡富錦|生技醫療|-6 -0 -11|74 82 -7 -17|1.7 9
1773 勝一|化學工業|15 14 1|81 84 -15 -3|0.6 24
1783 和康生|生技醫療|33 37 32|99 100 13 7|1.5 6
1784 訊聯|生技醫療|21 9 -0|54 54 -19 -41|0.5 29
1785 光洋科|其他電子|48 31 1|82 82 -7 -16|0.5 545
1786 科妍|生技醫療|31 24 -9|77 77 -19 -16|2.3 44
1789 神隆|生技醫療|-28 -15 -28|74 76 -13 -25|0.9 7
1795 美時|生技醫療|-7 36 24|79 90 2 -12|0.7 315
1799 易威|生技醫療|452 204 9|28 28 -45 -54|1.4 33
1802 台玻|玻璃陶瓷|-3 -12 -6|76 76 -15 -15|0.5 194
1808 潤隆|建材營造|-99 -96 -606|29 29 -28 -66|0.4 67
1809 中釉|玻璃陶瓷|2 -5 -9|55 73 -19 -25|0.3 10
1810 和成|玻璃陶瓷|-6 -1 -2|80 89 -9 -8|1.6 10
1815 富喬|電子零組|80 55 31|85 85 9 3|0.3 1032
1904 正隆|造紙工業|-0 14 8|63 66 -23 -35|0.5 25
1905 華紙|造紙工業|-8 -11 -12|65 75 -22 -25|0.5 11
1907 永豐餘|造紙工業|5 2 -4|89 89 -10 -7|0.6 16
1909 榮成|造紙工業|7 4 1|71 76 -24 -19|0.5 10
2002 中鋼|鋼鐵工業|-3 -5 -4|72 81 -19 -17|0.9 382
2006 東和鋼鐵|鋼鐵工業|-12 -13 -14|83 83 -17 -6|0.9 61
2009 第一銅|鋼鐵工業|7 10 -10|61 72 -19 -28|0.4 19
2010 春源|鋼鐵工業|26 21 7|78 93 -7 -8|0.4 8
2014 中鴻|鋼鐵工業|-26 -32 -18|62 76 -21 -19|0.3 44
2015 豐興|鋼鐵工業|0 -6 -5|79 79 -21 -13|1.3 27
2020 美亞|鋼鐵工業|-19 -16 1|71 77 -7 -21|0.9 9
2023 燁輝|鋼鐵工業|-8 -10 -12|81 90 -10 -4|1.1 24
2027 大成鋼|鋼鐵工業|-4 -8 4|78 79 -15 -15|0.4 132
2031 新光鋼|鋼鐵工業|-26 -15 -9|66 75 -25 -24|0.5 21
2033 佳大|鋼鐵工業|14 3 3|84 84 -1 43|0.6 9
2034 允強|鋼鐵工業|32 10 15|73 77 -19 -21|0.4 12
2049 上銀|電機機械|12 7 7|94 94 41 43|2.2 3166
2059 川湖|電子零組|66 62 -9|92 92 38 8|1.0 1558
2062 橋椿|居家生活|-30 -21 -31|78 78 -20 20|0.4 59
2066 世德|電機機械|-14 3 2|62 66 -12 -32|0.6 15
2070 精湛|電機機械|3 19 -18|62 62 -34 25|0.2 46
2101 南港|橡膠工業|2 296 208|70 83 -10 -11|0.6 75
2102 泰豐|橡膠工業|89 124 122|77 77 -17 -12|0.5 9
2103 台橡|橡膠工業|10 23 6|78 78 -20 -16|0.5 22
2104 國際中橡|橡膠工業|-11 -14 -14|64 70 -25 -29|1.0 13
2105 正新|橡膠工業|-5 -2 -2|82 91 -8 4|0.4 147
2106 建大|橡膠工業|-14 -7 -7|77 79 -16 -22|0.4 12
2107 厚生|橡膠工業|25 36 26|91 91 0 1|0.7 6
2108 南帝|橡膠工業|45 42 16|73 76 -6 -27|1.5 15
2201 裕隆|汽車工業|-13 -9 -16|70 81 -14 -18|0.8 94
2204 中華|汽車工業|-41 -32 -41|55 61 12 -37|0.4 242
2206 三陽工業|汽車工業|-8 -6 -9|83 88 -6 -9|0.4 97
2207 和泰車|汽車工業|3 3 0|85 85 -9 -1|0.9 108
2208 台船|航運業|-12 -34 -2|72 79 -17 -15|0.7 19
2211 長榮鋼|鋼鐵工業|114 84 57|58 64 -22 -33|4.4 539
2227 裕日車|汽車工業|-25 -28 -20|41 57 -38 -43|0.8 6
2228 劍麟|汽車工業|5 3 -4|79 79 -14 -14|0.2 21
2230 泰茂|居家生活|320 269 100|58 63 -35 -33|0.4 83
2231 為升|汽車工業|78 48 39|79 90 3 -10|0.8 58
2233 宇隆|汽車工業|-2 2 -10|97 97 71 92|3.3 1351
2236 百達-KY|汽車工業|-9 -20 -14|89 89 7 23|0.4 47
2241 艾姆勒|汽車工業|-41 -41 -26|56 74 -7 -23|0.5 12
2243 宏旭-KY|汽車工業|-44 -57 -147|54 54 -41 -8|0.3 6
2247 汎德永業|汽車工業|70 37 25|89 99 3 0|0.9 11
2250 IKKA-KY|汽車工業|-15 -9 -12|92 92 36 28|2.9 102
2254 巨鎧精密-創|汽車工業|-1 -39 -86|83 83 6 -2|1.3 18
2258 鴻華先進-創|汽車工業|367 538 -488|85 91 -9 -8|0.9 11
2301 光寶科|電腦及週|1 -4 5|85 92 -0 -5|0.6 546
2302 麗正|半導體業|58 37 34|90 90 4 -2|0.6 13
2303 聯電|半導體業|7 6 4|76 78 -17 -21|0.6 2431
2305 全友|電腦及週|-20 15 -25|49 57 -30 -38|2.6 7
2308 台達電|電子零組|9 9 6|96 96 12 4|0.7 2822
2312 金寶|其他電子|4 12 13|77 77 18 9|0.2 623
2313 華通|電子零組|-3 -7 -16|77 77 6 -20|0.8 1665
2314 台揚|通信網路|7 -23 26|96 96 31 15|3.2 141
2316 楠梓電|電子零組|-5 1 6|78 78 -15 -15|0.3 41
2317 鴻海|其他電子|3 8 0|81 81 -8 -19|0.5 9392
2323 中環|光電業|-5 -1 -2|75 78 -17 -23|0.7 30
2324 仁寶|電腦及週|-6 -3 0|88 91 4 3|1.0 640
2327 國巨*|電子零組|7 11 -2|67 67 -14 -29|0.7 915
2328 廣宇|電子零組|-22 -15 -0|97 97 17 7|3.3 344
2329 華泰|半導體業|-13 -17 -20|42 61 -13 -39|0.2 59
2330 台積電|半導體業|34 34 5|98 98 6 4|0.7 33498
2331 精英|電腦及週|-10 -4 8|58 65 -12 -36|0.7 25
2332 友訊|通信網路|-10 -9 2|88 88 27 26|2.4 421
2337 旺宏|半導體業|8 4 12|61 66 -26 -31|0.8 151
2338 光罩|半導體業|1 -4 -10|59 59 -20 -38|0.6 47
2340 台亞|半導體業|10 6 -5|62 67 -24 -33|1.0 31
2342 茂矽|半導體業|75 54 35|86 86 -5 -7|0.5 16
2344 華邦電|半導體業|-2 0 -9|47 56 -30 -44|0.4 365
2345 智邦|通信網路|83 56 35|97 97 49 37|0.6 4413
2347 聯強|電子通路|-3 8 -2|82 95 -1 0|0.7 298
2348 海悅|其他|91 165 5|57 57 21 -16|2.3 766
2349 錸德|光電業|-19 -21 -18|69 74 -16 -31|0.2 51
2351 順德|半導體業|4 0 2|56 56 -35 -25|0.2 94
2352 佳世達|電腦及週|0 1 4|72 87 -11 -10|0.6 111
2353 宏碁|電腦及週|13 1 -10|72 86 1 -13|1.6 461
2354 鴻準|其他電子|223 75 84|78 78 16 7|0.2 1627
2355 敬鵬|電子零組|-10 -8 -6|73 77 -6 -24|0.7 64
2356 英業達|電腦及週|38 39 18|83 86 17 -10|0.4 692
2357 華碩|電腦及週|29 25 6|97 97 4 24|0.5 1585
2359 所羅門|其他電子|65 16 21|91 92 14 -0|1.5 2872
2360 致茂|其他電子|32 13 -2|85 85 2 24|0.3 1081
2362 藍天|電腦及週|5 3 -8|77 77 -23 -4|0.2 42
2363 矽統|半導體業|1584 941 691|67 76 -1 -12|0.4 567
2364 倫飛|電腦及週|-17 14 0|62 62 -17 -4|0.4 9
2365 昆盈|電腦及週|3 4 -23|69 69 -13 -16|0.9 303
2367 燿華|電子零組|16 19 -3|76 81 -5 -24|1.9 352
2368 金像電|電子零組|5 9 -19|87 97 23 5|1.4 2874
2369 菱生|半導體業|-7 -11 -9|62 75 -5 -27|0.4 13
2371 大同|電機機械|-15 -3 -6|68 82 -4 -16|1.2 521
2374 佳能|光電業|28 19 -6|91 91 33 8|3.8 2943
2375 凱美|電子零組|3 8 -1|81 81 1 -6|0.5 173
2376 技嘉|電腦及週|40 53 -55|72 86 -0 -12|0.4 866
2377 微星|電腦及週|4 6 -2|93 97 6 3|1.1 438
2379 瑞昱|半導體業|12 12 -7|93 96 14 2|1.3 1595
2382 廣達|電腦及週|36 48 24|82 82 5 -12|0.5 4441
2383 台光電|電子零組|50 40 -20|95 95 38 22|0.8 3966
2385 群光|電子零組|5 8 5|62 90 -6 -9|0.7 366
2387 精元|電腦及週|5 5 -2|93 95 7 3|0.4 31
2388 威盛|半導體業|29 85 50|61 69 -24 -18|0.9 724
2392 正崴|電子零組|-3 1 -8|80 80 13 -11|0.2 489
2393 億光|光電業|9 14 -4|99 99 13 15|1.8 490
2395 研華|電腦及週|4 3 12|87 92 9 -6|0.4 220
2397 友通|電腦及週|23 10 41|80 80 -2 -18|0.3 16
2399 映泰|電腦及週|-47 -35 -22|59 59 -34 11|0.1 85
2401 凌陽|半導體業|1 8 -8|77 78 -6 -22|1.9 75
2402 毅嘉|電子零組|14 13 2|84 84 -10 4|0.2 45
2404 漢唐|其他電子|-45 -47 -19|95 95 39 19|1.2 776
2405 輔信|電腦及週|-18 -8 -9|76 80 3 -24|0.8 71
2406 國碩|光電業|-7 31 -76|53 53 -26 -45|1.1 15
2408 南亞科|半導體業|-24 -16 -39|36 39 -37 -62|0.7 425
2409 友達|光電業|15 6 -8|77 77 -16 -18|0.8 279
2412 中華電|通信網路|-0 3 1|96 97 -1 3|0.8 730
2413 環科|電子零組|-9 -15 16|85 86 20 4|0.4 19
2415 錩新|電子零組|-16 -19 -24|89 89 14 13|1.4 16
2417 圓剛|電腦及週|-10 -10 -10|85 94 15 -7|2.4 211
2419 仲琦|通信網路|-24 45 41|76 76 -9 -8|0.4 49
2420 新巨|電子零組|5 -2 -4|81 81 -19 -1|0.5 22
2421 建準|電子零組|9 13 3|69 88 1 -12|0.3 160
2423 固緯|其他電子|-21 -12 -6|93 95 5 1|0.6 8
2425 承啟|電腦及週|-31 -18 -6|66 66 -34 -12|0.1 25
2426 鼎元|光電業|-5 1 -8|86 86 -6 16|0.5 60
2427 三商電|資訊服務|-35 14 -14|82 89 6 -12|1.0 39
2428 興勤|電子零組|4 11 7|83 84 -12 -15|0.7 13
2429 銘旺科|光電業|24 25 61|67 79 4 -15|1.4 44
2431 聯昌|電子零組|0 -13 14|76 76 11 13|0.2 23
2436 偉詮電|半導體業|2 0 -8|74 80 -14 -13|0.5 64
2438 翔耀|光電業|595 392 175|38 38 -30 -54|0.7 6
2439 美律|通信網路|7 -0 -22|77 77 -9 -23|0.4 129
2441 超豐|半導體業|6 8 -5|94 94 0 -4|1.2 70
2442 新美齊|建材營造|25 26 -1292|66 66 -4 -19|0.4 19
2444 兆勁|通信網路|-26 -28 -3|93 93 21 21|1.3 21
2449 京元電子|半導體業|16 13 3|81 81 1 -15|0.5 2210
2451 創見|半導體業|-6 -14 -12|65 83 -16 -22|1.1 103
2453 凌群|資訊服務|4 4 -6|84 84 9 -16|0.5 116
2454 聯發科|半導體業|5 16 -12|92 94 10 -3|0.7 7699
2455 全新|通信網路|-27 -20 -66|81 81 2 -16|0.6 794
2457 飛宏|電子零組|3 -13 2|59 73 -10 -28|0.4 44
2458 義隆|半導體業|-9 -5 -17|90 97 5 2|0.9 330
2462 良得電|電子零組|-5 -6 -8|67 74 -18 -26|0.5 5
2464 盟立|其他電子|-4 3 18|87 87 3 -6|1.6 759
2465 麗臺|電腦及週|-52 -32 -34|47 60 -20 -38|0.6 25
2466 冠西電|光電業|29 48 39|98 98 88 85|1.6 28
2467 志聖|電子零組|29 26 -9|80 80 -14 2|0.4 301
2468 華經|資訊服務|-5 -7 -4|88 91 12 -3|1.6 140
2471 資通|資訊服務|15 22 13|91 91 11 -2|0.5 94
2472 立隆電|電子零組|16 20 4|90 90 6 -1|1.5 156
2474 可成|其他電子|18 22 24|83 83 -14 -10|0.8 1077
2476 鉅祥|電子零組|13 19 6|74 76 -6 -22|0.5 99
2477 美隆電|其他電子|-3 16 5|73 73 -7 24|0.1 13
2480 敦陽科|資訊服務|15 8 7|99 99 9 18|1.3 59
2481 強茂|半導體業|2 -1 -1|74 78 -15 -17|0.6 37
2484 希華|電子零組|-17 -5 2|73 82 -15 -18|0.9 5
2485 兆赫|通信網路|-64 -76 -23|63 68 -17 -33|1.4 9
2486 一詮|光電業|7 9 -3|76 76 -1 -22|0.9 1646
2488 漢平|其他電子|73 39 11|93 93 12 15|0.5 23
2489 瑞軒|光電業|32 27 -13|70 70 -10 -10|0.3 41
2492 華新科|電子零組|2 4 -2|72 72 -14 -23|0.7 108
2493 揚博|電子零組|8 11 2|79 79 -0 -1|0.2 36
2495 普安|電腦及週|-5 -25 -20|81 81 -10 -8|0.5 120
2497 怡利電|汽車工業|15 23 1|66 66 -31 -2|0.3 37
2498 宏達電|通信網路|-6 -16 5|87 92 -7 0|4.0 209
2501 國建|建材營造|25 46 -25|58 72 -6 -21|0.7 35
2504 國產|建材營造|-4 -1 -5|92 92 5 17|2.1 282
2511 太子|建材營造|60 15 14|76 78 -6 -13|0.8 8
2515 中工|建材營造|40 31 10|60 69 -6 -24|0.8 46
2520 冠德|建材營造|5 28 -25|78 78 5 -8|0.6 212
2524 京城|建材營造|266 849 495|51 51 -25 27|1.5 41
2527 宏璟|建材營造|438 5773 4155|62 76 5 -12|0.4 16
2528 皇普|建材營造|157 36484 26933|78 80 10 -7|1.8 17
2530 華建|建材營造|20204 34073 -25172|68 68 1 -22|0.7 19
2534 宏盛|建材營造|-48 -48 -5|85 85 -2 -1|0.7 24
2535 達欣工|建材營造|0 -16 -21|88 91 8 -5|0.8 18
2536 宏普|建材營造|-98 -47 -1836|81 87 2 -4|1.4 7
2537 聯上發|建材營造|54 -48 -14120|45 45 -27 -39|0.6 15
2538 基泰|建材營造|15 17 -269|67 67 -14 -12|1.0 6
2539 櫻花建|建材營造|na na na|63 63 5 -31|0.5 28
2540 愛山林|建材營造|-36 78 19|42 42 -10 -51|1.9 140
2542 興富發|建材營造|98 26 20|67 67 -3 -20|1.0 338
2543 皇昌|建材營造|0 -6 -24|76 76 -19 23|0.3 290
2545 皇翔|建材營造|-63 183 -236|81 81 5 14|0.6 46
2546 根基|建材營造|-24 13 15|57 73 -4 -22|0.7 6
2547 日勝生|建材營造|-16 -1 -12|90 94 8 6|0.7 28
2548 華固|建材營造|-99 -91 -729|69 69 -10 -16|2.4 406
2597 潤弘|建材營造|16 18 2|62 62 8 -11|1.2 71
2603 長榮|航運業|59 73 12|95 95 21 29|0.7 4060
2605 新興|航運業|-11 -12 -19|77 85 -11 -10|0.4 80
2606 裕民|航運業|3 20 -0|94 95 5 6|1.6 580
2607 榮運|航運業|2 8 -24|88 98 4 -0|0.7 29
2609 陽明|航運業|60 68 18|92 92 20 13|0.6 4714
2610 華航|航運業|15 10 -1|99 99 28 13|0.9 1215
2611 志信|航運業|10 8 -11|63 80 -7 -20|0.5 7
2612 中航|航運業|25 19 4|75 85 -12 -10|0.4 8
2613 中櫃|航運業|8 -1 -6|75 91 5 -8|0.5 44
2614 東森|其他|-3 -4 -2|73 74 -13 -23|0.5 7
2615 萬海|航運業|56 69 15|78 78 -2 7|0.3 991
2617 台航|航運業|-0 4 -7|74 81 -9 -20|0.5 17
2618 長榮航|航運業|3 4 -8|98 98 28 31|0.8 2964
2630 亞航|航運業|44 11 -4|87 99 17 3|8.4 20
2633 台灣高鐵|航運業|7 5 -2|90 90 -5 -10|0.9 58
2634 漢翔|航運業|24 1 1|76 85 -7 -17|1.7 125
2636 台驊控股|航運業|60 69 -2|73 86 -4 -10|0.5 28
2637 慧洋-KY|航運業|-0 13 -12|82 82 -10 -2|1.5 613
2640 大車隊|數位雲端|1 1 -5|99 99 13 12|0.8 7
2641 正德|航運業|11 15 -14|78 87 -7 -14|0.4 18
2645 長榮航太|航運業|14 7 -1|81 88 -1 -13|2.5 39
2707 晶華|觀光餐旅|-0 -4 2|79 90 -6 -8|1.0 31
2718 全心投控|建材營造|-48 15 -493|55 57 -24 -29|0.9 8
2722 夏都|觀光餐旅|-13 -15 1|49 61 -15 -38|1.6 7
2723 美食-KY|觀光餐旅|-5 -5 2|96 96 2 13|0.5 42
2727 王品|觀光餐旅|8 2 0|91 96 4 8|0.4 54
2731 雄獅|觀光餐旅|18 9 -39|78 79 -5 -12|0.9 30
2734 易飛網|觀光餐旅|-37 -45 -58|65 80 9 -19|1.4 5
2739 寒舍|觀光餐旅|3 1 -4|66 75 -7 -18|0.9 13
2743 山富|觀光餐旅|19 -4 -74|61 68 0 -28|1.4 10
2745 五福|觀光餐旅|17 15 -73|79 87 25 -6|1.0 21
2748 雲品|觀光餐旅|-0 -2 -7|73 92 -1 -7|0.9 21
2753 八方雲集|觀光餐旅|11 9 0|87 91 -3 -8|0.5 12
2762 世界健身-KY|運動休閒|5 4 -1|na 89 7 10|0.2 6
2801 彰銀|金融保險|-2 3 -2|98 98 2 -1|2.3 227
2809 京城銀|金融保險|-12 5 -32|76 82 -9 -17|1.9 346
2812 台中銀|金融保險|6 12 -1|95 95 1 -0|0.5 62
2820 華票|金融保險|4 37 28|95 97 -1 -2|0.7 9
2832 台產|金融保險|10 8 -1|94 94 2 4|0.5 6
2834 臺企銀|金融保險|5 6 -1|78 79 -5 -22|0.5 130
2836 高雄銀|金融保險|23 20 7|89 89 -3 -9|0.8 8
2838 聯邦銀|金融保險|-2 10 -0|90 90 -2 -8|1.0 12
2845 遠東銀|金融保險|-17 -4 -3|78 80 -4 -22|0.9 85
2850 新產|金融保險|11 7 1|98 98 11 15|0.7 28
2851 中再保|金融保險|4 6 2|92 93 -2 1|0.4 16
2852 第一保|金融保險|0 3 -4|97 97 10 7|0.7 7
2855 統一證|金融保險|-29 257 147|89 90 -3 -10|1.1 69
2880 華南金|金融保險|-11 8 -5|96 96 3 0|1.1 499
2881 富邦金|金融保險|484 210 84|96 96 -0 8|0.5 1119
2882 國泰金|金融保險|169 63 20|97 97 0 9|0.6 1163
2883 凱基金|金融保險|325 531 266|92 92 1 5|1.4 766
2884 玉山金|金融保險|-14 -1 -16|92 92 -4 -4|0.4 343
2885 元大金|金融保險|66 53 28|98 98 8 4|0.7 579
2886 兆豐金|金融保險|-29 4 -9|91 91 -3 -6|0.9 852
2887 台新新光金|金融保險|16 50 24|88 88 -4 -6|0.6 655
2888 新光金|金融保險|86 -25 867|88 88 -2 17|0.6 473
2889 國票金|金融保險|6 30 7|87 87 -4 -13|0.8 120
2890 永豐金|金融保險|-7 18 -3|86 86 -6 -12|0.8 530
2891 中信金|金融保險|101 54 -31|97 97 11 1|0.5 1342
2892 第一金|金融保險|-4 9 2|95 95 1 -2|0.4 322
2903 遠百|貿易百貨|-0 -3 2|67 69 -18 -32|1.7 78
2905 三商|貿易百貨|555 188 -22|72 72 -17 -9|0.3 8
2908 特力|貿易百貨|-3 -0 -2|94 95 -3 -4|1.0 10
2912 統一超|貿易百貨|6 6 -1|87 87 -10 -3|0.7 337
2913 農林|貿易百貨|37 31 21|85 86 -6 -13|0.5 20
2915 潤泰全|貿易百貨|12 7 7|88 88 -7 4|1.0 370
2929 淘帝-KY|貿易百貨|-10 -10 -0|87 87 2 31|0.6 48
3003 健和興|電子零組|11 15 7|78 78 -8 0|0.5 101
3005 神基|電腦及週|2 -0 -3|71 90 -7 -7|0.6 161
3006 晶豪科|半導體業|-10 6 -10|57 60 -14 -41|0.5 64
3008 大立光|光電業|-11 3 -23|82 82 4 -12|1.1 1589
3010 華立|電子通路|23 12 -8|82 82 -4 -11|0.6 158
3011 今皓|電子零組|12 -1 -2|57 64 -23 -25|0.4 23
3013 晟銘電|電腦及週|31 23 -13|81 81 9 55|0.4 1122
3014 聯陽|半導體業|18 12 4|80 84 6 -16|0.8 283
3015 全漢|電子零組|-8 -10 3|84 84 1 -1|0.5 66
3016 嘉晶|半導體業|-4 1 6|64 64 -22 -33|1.4 17
3017 奇鋐|電腦及週|29 25 1|77 86 1 -16|0.5 3747
3019 亞光|光電業|24 31 5|94 94 54 125|0.3 1671
3021 鴻名|電子零組|17 18 -0|69 69 -9 1|0.2 13
3022 威強電|電腦及週|-1 -2 10|81 81 2 -2|0.5 34
3023 信邦|電子零組|10 7 8|77 77 -11 -12|1.0 241
3024 憶聲|光電業|278 121 84|78 78 0 -14|0.4 42
3025 星通|通信網路|88 52 -49|96 96 5 18|0.4 155
3026 禾伸堂|電子零組|4 0 5|86 91 -8 -9|1.4 26
3027 盛達|通信網路|12 6 -21|60 72 -23 -28|0.3 11
3028 增你強|電子通路|5 3 -9|82 84 -11 -16|1.6 9
3029 零壹|資訊服務|65 48 20|79 79 48 28|0.8 2717
3030 德律|其他電子|44 62 -6|65 74 -15 -27|0.3 112
3031 佰鴻|光電業|-5 -10 -16|96 96 18 10|2.7 14
3032 偉訓|電子零組|8 -7 -3|87 87 30 24|1.8 678
3033 威健|電子通路|28 32 7|89 89 -5 -10|0.4 33
3034 聯詠|半導體業|-8 -8 -3|79 84 -1 -17|0.7 906
3035 智原|半導體業|-1 -2 7|52 66 -11 -31|1.2 1276
3036 文曄|電子通路|7 29 -32|65 94 6 -4|0.5 222
3037 欣興|電子零組|10 18 10|68 68 4 -19|0.6 1710
3040 遠見|其他|-8 -10 3|99 99 14 61|2.1 37
3041 揚智|半導體業|-2 10 -10|66 90 9 -2|2.0 311
3042 晶技|電子零組|9 11 -5|85 85 -8 -9|0.8 164
3043 科風|其他電子|72 32 60|81 81 16 1|0.5 80
3044 健鼎|電子零組|12 9 -1|87 96 6 -4|1.0 389
3045 台灣大|通信網路|6 8 -1|95 95 0 10|0.8 679
3046 建碁|電腦及週|-13 -2 -41|68 74 -16 -22|0.5 5
3047 訊舟|通信網路|43 58 5|64 64 -21 -31|0.5 93
3048 益登|電子通路|-3 -0 -4|59 59 -25 -38|0.3 18
3050 鈺德|光電業|28 10 0|64 66 -13 -36|0.4 13
3051 力特|光電業|14 3 16|82 94 8 6|0.8 35
3055 蔚華科|電子通路|-90 -56 -19|60 67 -6 -31|0.1 17
3056 富華新|建材營造|59770 35167 26370|85 85 6 -4|0.7 54
3058 立德|電子零組|-20 -20 -3|66 83 -15 -19|0.6 5
3059 華晶科|光電業|-13 -16 6|91 92 12 -7|4.2 274
3060 銘異|電腦及週|14 13 -20|66 71 -10 -27|0.4 12
3062 建漢|通信網路|58 -9 -1|85 85 1 0|0.3 201
3073 天方能源|綠能環保|349 115 96|52 52 -27 -19|0.3 6
3078 僑威|電子零組|-22 -30 -11|88 96 4 -3|2.0 155
3081 聯亞|通信網路|-19 33 12|95 95 8 127|0.2 211
3083 網龍|文化創意|-10 -13 -45|73 81 -6 -20|0.5 6
3086 華義*|文化創意|-52 -13 -33|57 57 -40 1|0.2 6
3088 艾訊|電腦及週|28 25 24|91 91 16 12|1.8 101
3090 日電貿|電子零組|11 16 3|88 88 10 8|0.3 180
3094 聯傑|半導體業|-36 -25 4|72 72 -14 -25|0.5 5
3105 穩懋|半導體業|-22 -19 -41|61 61 -18 -38|0.7 189
3122 笙泉|半導體業|-25 -14 -18|51 61 -17 -36|0.7 10
3131 弘塑|半導體業|-25 4 -7|66 66 -26 -4|1.0 854
3138 耀登|通信網路|-3 -2 -1|72 83 -8 -11|1.1 13
3141 晶宏|半導體業|1 -4 15|71 74 -20 -24|0.5 22
3147 大綜|資訊服務|41 29 6|96 96 20 41|3.0 428
3149 正達|光電業|25 23 7|72 72 -14 4|0.6 102
3152 璟德|通信網路|14 10 -6|72 89 0 -10|0.9 57
3162 精確|電機機械|57 72 41|76 90 6 16|0.3 35
3163 波若威|通信網路|-44 -39 -14|79 79 -17 2|1.1 323
3167 大量|電機機械|102 111 21|61 61 -30 48|0.7 320
3169 亞信|半導體業|-5 -13 -12|70 84 -8 -20|1.2 26
3188 鑫龍騰|建材營造|-83 -54 na|51 51 -20 -19|0.5 7
3189 景碩|半導體業|-0 12 -0|76 76 -8 6|0.9 568
3207 耀勝|電子零組|109 68 37|56 56 -35 -37|0.5 23
3209 全科|電子通路|-3 -15 -1|81 81 -9 -3|0.1 19
3211 順達|電腦及週|-39 -28 -10|94 94 107 117|1.9 5284
3213 茂訊|電腦及週|-14 -21 -22|77 77 -15 -14|0.3 10
3217 優群|電子零組|24 20 3|83 92 3 -3|0.3 105
3218 大學光|生技醫療|4 1 -2|68 78 -18 -22|0.9 21
3219 倚強科|其他電子|5 1 0|59 67 -21 -33|0.1 6
3224 三顧|電子通路|21 8 13|91 92 -1 -5|0.4 6
3227 原相|半導體業|32 30 -20|90 90 -7 38|1.2 665
3228 金麗科|半導體業|-18 -15 -62|36 52 -14 -49|0.6 110
3230 錦明|光電業|-49 -49 -10|91 91 5 216|1.8 176
3231 緯創|電腦及週|25 24 7|78 83 1 -7|0.6 2500
3234 光環|通信網路|-18 -20 -12|76 76 -14 -4|0.2 69
3257 虹冠電|半導體業|-44 -42 -41|71 71 -5 -11|0.3 16
3260 威剛|半導體業|-15 -9 -37|66 74 -13 -30|0.7 145
3264 欣銓|半導體業|-14 -16 -8|68 80 -7 -18|2.0 341
3265 台星科|半導體業|26 21 3|82 83 -3 -14|1.4 164
3284 太普高|其他|-22 8 -41|47 47 -19 -19|0.2 6
3289 宜特|其他電子|27 26 13|68 68 -23 -11|0.4 100
3290 東浦|電子零組|5 3 -3|75 75 -12 7|0.2 30
3293 鈊象|文化創意|35 34 4|86 86 0 49|0.3 1353
3294 英濟|電子零組|-12 -13 -20|56 74 3 -8|4.6 7
3296 勝德|電子零組|37 9 2|79 79 9 1|0.3 25
3303 岱稜|其他電子|9 5 -17|69 69 -14 10|0.2 32
3305 昇貿|其他電子|52 48 21|78 82 -12 -19|0.4 21
3306 鼎天|通信網路|-9 -24 -13|89 89 0 -7|3.9 12
3312 弘憶股|電子通路|14 5 -10|50 50 -28 -40|0.4 57
3317 尼克森|半導體業|12 3 6|83 83 -7 -6|0.3 20
3323 加百裕|電腦及週|-1 -12 11|82 82 55 18|1.6 667
3324 雙鴻|其他電子|21 18 -6|71 80 -6 -20|0.5 1512
3338 泰碩|電子零組|-9 -17 -20|69 72 -10 -28|0.2 40
3339 泰谷|光電業|8 20 -4|66 69 -10 -26|1.5 21
3346 麗清|汽車工業|8 2 -14|65 79 -14 -17|0.8 8
3356 奇偶|光電業|-11 -10 -5|74 75 -10 -18|0.2 13
3357 臺慶科|電子零組|29 35 14|84 84 -5 -11|0.8 31
3362 先進光|光電業|-5 1 -9|70 70 -14 -28|2.4 148
3363 上詮|通信網路|39 18 7|99 99 16 57|0.1 183
3374 精材|半導體業|3 3 -8|69 69 -14 -7|0.4 491
3376 新日興|電子零組|2 18 -20|76 87 7 -4|0.6 725
3379 彬台|電機機械|35 136 45|78 78 7 9|1.0 33
3380 明泰|通信網路|-30 -12 9|88 89 -2 -4|0.3 69
3390 旭軟|電子零組|-17 -16 -24|73 74 -12 -18|0.5 5
3402 漢科|其他電子|-0 11 -18|87 90 5 -9|1.1 24
3406 玉晶光|光電業|-18 -22 -56|74 80 1 -18|4.7 616
3413 京鼎|半導體業|44 49 26|77 78 -12 -23|0.5 180
3416 融程電|電腦及週|37 33 15|100 100 15 7|1.3 27
3419 譁裕|通信網路|21 2 1|91 91 8 -9|0.9 12
3430 奇鈦科|化學工業|1 4 -10|64 64 -30 4|0.1 7
3437 榮創|光電業|0 -14 -19|60 74 -16 -19|1.2 8
3441 聯一光電|光電業|35 17 4|91 91 -3 -1|4.7 7
3443 創意|半導體業|-7 -21 -11|70 79 16 -17|0.7 3269
3444 利機|電子通路|26 21 5|60 68 -11 -29|0.2 11
3447 展達|通信網路|125 105 101|62 62 46 78|0.6 218
3450 聯鈞|半導體業|63 66 34|94 94 41 104|0.9 5880
3454 晶睿|光電業|26 18 38|71 76 -7 -16|0.4 14
3455 由田|光電業|-16 -0 1|81 81 -10 -12|0.3 50
3466 德晉|通信網路|-72 -73 -10|58 66 -14 -34|0.6 25
3479 安勤|電腦及週|7 -2 6|75 80 -15 -18|1.0 32
3481 群創|光電業|8 1 -4|80 84 -13 -6|0.5 576
3483 力致|電腦及週|20 10 -1|67 78 -13 -19|0.9 101
3484 崧騰|電子零組|70 43 20|88 88 -2 3|0.5 34
3490 單井|光電業|-15 -21 5|67 71 -11 -33|0.1 8
3491 昇達科|通信網路|31 59 13|92 92 1 7|0.7 370
3498 陽程|其他電子|713 301 266|78 78 -1 -8|0.4 68
3501 維熹|電子零組|1 4 -6|80 81 -9 -17|0.4 19
3504 揚明光|光電業|-4 -4 10|88 98 14 3|7.9 14
3511 矽瑪|電子零組|30 41 54|69 69 -1 10|0.1 40
3515 華擎|電腦及週|59 43 13|76 91 9 -2|0.4 111
3518 柏騰|其他電子|1 3 4|62 62 -21 -17|0.3 8
3520 華盈|電子零組|18 23 -5|76 77 -3 -24|0.2 6
3522 御嵿|觀光餐旅|35 40 20|82 82 11 55|0.9 16
3526 凡甲|電子零組|24 33 -1|92 92 3 14|0.5 62
3529 力旺|半導體業|14 12 -9|87 87 2 18|0.6 1849
3530 晶相光|半導體業|-21 9 1|67 84 -7 -9|0.8 11
3532 台勝科|半導體業|-21 -17 -3|52 54 -29 -45|1.4 71
3533 嘉澤|電子零組|21 27 6|95 95 24 25|0.6 1601
3535 晶彩科|光電業|2180 669 338|68 68 -2 -7|0.4 51
3537 堡達|電子零組|-13 -4 -3|75 80 -15 -25|0.7 18
3540 曜越|電腦及週|-8 -7 3|66 77 -5 -24|0.9 8
3545 敦泰|半導體業|30 20 9|74 92 -3 -4|2.5 202
3546 宇峻|文化創意|11 5 2|88 90 -3 -10|0.9 6
3548 兆利|電子零組|17 -8 -32|61 80 -4 -6|0.3 392
3550 聯穎|電子零組|14 -2 2|60 60 -26 10|0.2 14
3551 世禾|綠能環保|11 15 4|82 82 20 14|0.5 119
3552 同致|其他電子|-25 -26 -20|68 83 0 -9|0.2 32
3557 嘉威|居家生活|19 1 -20|90 90 -3 -6|0.6 14
3558 神準|通信網路|-12 -16 16|82 82 16 11|0.6 318
3563 牧德|光電業|184 102 110|85 89 4 2|0.6 248
3564 其陽|通信網路|2 15 2|57 70 -23 -24|0.4 16
3570 大塚|資訊服務|41 47 25|95 95 27 14|0.8 11
3576 聯合再生|光電業|-61 -57 1|66 70 -20 -31|0.8 21
3580 友威科|其他電子|-41 -1 -2|70 70 -12 -3|0.3 106
3581 博磊|半導體業|-12 0 4|68 68 -18 -6|0.1 20
3583 辛耘|半導體業|46 44 0|77 77 -21 -12|0.4 601
3587 閎康|其他電子|4 8 1|80 84 -14 -12|0.4 43
3588 通嘉|半導體業|-2 9 -23|56 72 -26 -28|0.2 14
3591 艾笛森|光電業|27 26 -2|79 82 -13 -18|0.5 72
3592 瑞鼎|半導體業|12 20 -16|78 96 10 -2|1.9 319
3594 磐儀|電腦及週|38 12 24|100 100 35 15|3.1 185
3596 智易|通信網路|-14 -15 -14|89 97 17 7|0.6 195
3597 映興|電子零組|93 86 68|77 77 30 66|0.4 49
3605 宏致|電子零組|23 23 11|79 79 -10 2|0.3 51
3607 谷崧|電子零組|17 27 9|78 78 -8 -5|0.6 24
3609 三一東林|電子零組|-37 14 39|81 84 5 -16|3.3 9
3611 鼎翰|電腦及週|15 7 5|86 88 -11 -9|0.6 7
3615 安可|光電業|-13 -14 -11|70 70 -15 -13|0.1 20
3617 碩天|其他電子|21 12 5|96 96 21 36|1.4 301
3622 洋華|光電業|-45 -11 -35|74 81 -18 -18|0.2 30
3624 光頡|電子零組|-4 3 3|74 74 -17 -20|0.5 6
3625 西勝|電腦及週|-65 -64 -25|80 80 35 28|1.9 28
3628 盈正|其他電子|-21 5 1|89 89 6 -7|0.3 6
3630 新鉅科|光電業|1 2 -26|77 86 6 -10|6.0 21
3631 晟楠|電子零組|-38 -23 23|70 70 -21 -18|0.6 7
3645 達邁|電子零組|84 56 6|83 83 8 10|6.8 18
3652 精聯|電腦及週|-2 5 -2|71 71 -2 -17|0.3 5
3653 健策|電子零組|45 29 16|92 92 3 10|0.5 1078
3661 世芯-KY|半導體業|51 60 -22|71 93 66 26|0.8 9936
3663 鑫科|其他電子|121 106 33|68 68 -17 26|0.5 59
3665 貿聯-KY|其他電子|19 12 9|83 83 33 61|0.7 2171
3673 TPK-KY|光電業|-10 -6 -7|71 71 -14 -22|0.9 44
3675 德微|半導體業|38 35 4|59 63 -15 -36|0.5 75
3679 新至陞|電子零組|11 17 -4|89 89 -1 4|0.8 7
3680 家登|半導體業|77 23 -13|79 79 -21 -7|0.5 221
3687 歐買尬|數位雲端|2 4 -1|73 73 -3 -11|0.1 8
3689 湧德|電子零組|16 2 18|98 98 15 31|0.7 467
3691 碩禾|光電業|-0 67 -107|43 50 -27 -47|0.6 9
3693 營邦|電腦及週|-8 -13 -16|72 81 -5 -16|0.3 79
3694 海華|通信網路|1 -1 2|100 100 39 23|3.2 400
3701 大眾控|電腦及週|-5 -7 -7|56 78 -3 -23|0.6 17
3702 大聯大|電子通路|17 28 1|75 75 -3 -17|0.8 293
3703 欣陸|建材營造|-2 -8 -10|75 83 -5 -11|0.4 18
3704 合勤控|通信網路|-13 -11 5|75 91 1 -2|0.4 78
3705 永信|生技醫療|0 11 -5|86 86 -11 4|0.5 12
3706 神達|電腦及週|201 128 74|80 80 55 56|0.4 5094
3707 漢磊|半導體業|-10 -11 7|65 72 -14 -24|1.0 42
3708 上緯投控|綠能環保|12 8 0|56 59 -29 -38|0.7 38
3709 鑫聯大投控|電腦及週|57 45 19|77 77 13 7|0.2 8
3710 連展投控|電子零組|10 12 -10|65 65 -19 -11|0.2 11
3711 日月光投控|半導體業|-3 0 -1|83 83 4 -7|0.4 1708
3712 永崴投控|電腦及週|56 53 -6|81 81 13 8|0.2 118
3714 富采|光電業|-1 -4 -16|88 88 -9 -8|0.6 84
3715 定穎投控|電子零組|14 7 -6|69 77 -20 -5|0.3 188
4104 佳醫|生技醫療|-4 4 0|92 93 -2 -5|0.8 7
4105 東洋|生技醫療|-6 -2 -9|93 95 -1 -5|0.7 20
4107 邦特|生技醫療|4 2 -5|86 86 -4 -4|0.6 12
4109 加捷生醫|生技醫療|-2 16 -34|60 60 -19 -27|0.9 8
4113 聯上|建材營造|2326932 1217349 810598|47 52 -13 -36|0.5 12
4114 健喬|生技醫療|12 12 6|90 90 -8 -5|2.0 21
4119 旭富|生技醫療|43 54 19|90 92 -2 -1|0.7 15
4123 晟德|生技醫療|5 14 -13|76 76 -9 -23|0.5 61
4126 太醫|生技醫療|29 8 9|99 99 10 9|2.5 9
4127 天良|生技醫療|-9 -19 -4|93 98 14 13|0.9 18
4128 中天|生技醫療|9 7 -1|67 74 -20 -16|0.9 46
4129 聯合|生技醫療|16 18 -1|86 91 -3 -11|0.7 13
4137 麗豐-KY|生技醫療|-20 -23 -25|56 70 -30 -27|0.4 15
4142 國光生|生技醫療|-87 -16 -0|60 67 -26 -31|2.1 17
4147 中裕|生技醫療|1 -10 -53|76 97 12 1|0.7 33
4157 太景*-KY|生技醫療|1 33 -12|69 75 -24 -24|1.5 9
4160 訊聯基因|生技醫療|-6 1 -13|50 50 -23 -42|0.4 6
4162 智擎|生技醫療|9 16 -4|86 88 5 -5|0.4 48
4164 承業醫|生技醫療|-22 -2 -2|67 80 -12 -21|0.6 7
4167 松瑞藥|生技醫療|11 8 -19|78 88 -6 -18|1.3 13
4174 浩鼎|生技醫療|-70 -49 -1242|64 64 -22 -11|0.6 33
4303 信立|塑膠工業|433 485 345|83 93 7 24|1.4 249
4306 炎洲|塑膠工業|-27 -6 -33|76 76 -12 -21|0.5 15
4503 金雨|電機機械|25 3 -32|77 84 5 -18|2.1 24
4510 高鋒|電機機械|-12 -23 -12|88 88 13 105|0.8 641
4513 福裕|電機機械|-26 -26 -15|39 39 -32 -9|0.3 16
4523 永彰|電機機械|44 20 13|57 72 -16 -27|3.1 13
4526 東台|電機機械|-17 -22 1|79 79 -7 -7|0.4 78
4527 方方土霖|電機機械|-41 14 -4|69 69 -16 -0|0.2 10
4532 瑞智|電機機械|22 33 3|78 78 -10 -16|0.5 19
4533 協易機|電機機械|41 5 1|72 75 -9 -21|0.5 63
4534 慶騰|電機機械|14 15 -5|75 75 -4 -17|1.1 27
4536 拓凱|運動休閒|36 39 35|92 92 2 15|1.2 23
4540 全球傳動|電機機械|40 11 25|97 97 55 68|0.6 280
4541 晟田|其他|49 34 18|95 95 24 19|4.4 58
4542 科嶠|電子零組|-43 -61 -35|80 80 -9 0|0.1 15
4543 萬在|電機機械|-8 -3 -1|60 75 -20 -30|0.6 5
4545 銘鈺|電子零組|15 35 19|61 61 -21 -26|0.1 10
4549 桓達|電機機械|-2 -19 -15|93 93 27 47|5.0 241
4551 智伸科|汽車工業|15 22 19|76 76 -11 3|0.4 29
4555 氣立|電機機械|9 20 9|61 68 0 -30|1.8 22
4557 永新-KY|汽車工業|22 30 7|85 85 -7 11|0.3 10
4560 強信-KY|電機機械|34 33 5|96 97 8 -2|1.2 9
4561 健椿|電機機械|-13 -21 -28|88 88 7 35|0.8 153
4562 穎漢|電機機械|16 19 14|82 82 3 -9|0.4 279
4563 百德|電機機械|-5 8 -19|75 75 -25 55|0.6 149
4564 元翎|電機機械|43 8 25|77 77 -10 -13|0.6 6
4566 時碩工業|電機機械|19 21 8|70 70 -13 -12|2.2 102
4569 六方科-KY|汽車工業|1 11 -9|68 68 -16 111|0.2 49
4571 鈞興-KY|電機機械|51 33 0|95 95 52 89|0.8 484
4572 駐龍|電機機械|-5 4 -7|89 93 -3 -3|0.5 8
4576 大銀微系統|電機機械|-5 3 4|92 92 48 85|1.9 1130
4577 達航科技|其他電子|274 97 97|75 75 35 29|0.4 24
4583 台灣精銳|電機機械|6 7 0|92 92 28 211|2.6 2510
4588 玖鼎電力|其他電子|45 19 19|na 66 -6 -29|1.2 6
4714 永捷|化學工業|75 141 82|62 74 -13 -24|0.8 12
4716 大立|化學工業|-13 -5 -15|67 67 -16 3|1.0 19
4720 德淵|化學工業|-5 7 -2|76 76 -8 -17|0.3 6
4721 美琪瑪|化學工業|6 1 11|77 81 -8 -21|0.8 31
4726 永昕|生技醫療|151 47 8|70 71 -8 -27|0.5 18
4729 熒茂|光電業|-6 7 19|72 72 -9 45|0.4 48
4736 泰博|生技醫療|9 11 14|82 90 -7 -8|0.9 11
4739 康普|化學工業|-20 -16 5|69 76 -9 -26|0.6 22
4743 合一|生技醫療|6 33 -7|46 49 -38 -43|0.6 180
4746 台耀|生技醫療|37 9 -2|62 64 -26 -29|0.9 63
4755 三福化|化學工業|141 41 29|79 88 -5 -16|0.2 35
4760 勤凱科技|其他電子|110 99 55|67 67 -33 -28|0.3 8
4763 材料*-KY|化學工業|25 21 -54|86 91 1 1|0.7 1801
4766 南寶|化學工業|10 10 -2|84 93 0 -7|0.5 71
4768 晶呈科技|化學工業|23 42 20|63 70 -24 -29|0.4 49
4770 上品|化學工業|25 30 17|66 74 -9 -27|0.5 34
4771 望隼|生技醫療|-14 -4 na|na 61 -29 -40|1.1 17
4772 台特化|化學工業|59 47 na|na na 3 na|0.9 64
4903 聯光通|通信網路|-75 -47 -72|57 57 -38 31|0.1 62
4904 遠傳|通信網路|6 7 -4|95 95 -0 -2|0.5 488
4906 正文|通信網路|4 -2 0|73 73 -13 -18|0.4 79
4908 前鼎|通信網路|-3 -22 -33|79 81 -8 -7|0.8 330
4909 新復興|通信網路|784 448 84|56 56 -36 -4|0.3 315
4912 聯德控股-KY|電子零組|25 8 -17|98 98 57 30|4.4 186
4915 致伸|電子零組|-10 -6 -1|70 78 -16 -13|0.6 90
4916 事欣科|電腦及週|-16 -11 -14|85 85 9 -3|2.2 17
4919 新唐|半導體業|-15 -16 -7|65 74 7 -26|0.2 191
4927 泰鼎-KY|電子零組|7 6 6|55 55 -44 -17|0.4 42
4931 新盛力|電腦及週|42 56 30|92 92 104 134|2.9 1911
4933 友輝|光電業|25 15 -7|89 89 -3 11|0.6 30
4934 太極|光電業|-80 -86 -3|50 58 -25 -43|1.2 5
4935 茂林-KY|光電業|20 13 -2|80 80 -18 -4|0.3 6
4938 和碩|電腦及週|-9 -15 -1|74 83 -13 -16|1.3 585
4952 凌通|半導體業|-9 -3 -18|74 81 -3 -16|0.6 33
4953 緯致|資訊服務|11 13 -4|77 81 -2 -13|0.7 157
4956 光鋐|光電業|41 32 20|76 76 18 31|0.6 112
4958 臻鼎-KY|電子零組|3 4 -12|79 79 7 -14|0.4 481
4960 誠美材|光電業|-6 -12 -8|74 74 -1 -25|0.6 12
4961 天鈺|半導體業|35 31 17|81 82 -17 -11|0.4 85
4966 譜瑞-KY|半導體業|14 10 -14|57 84 -0 -13|0.6 551
4967 十銓|半導體業|-56 -34 -103|44 54 -24 -47|0.4 81
4968 立積|半導體業|-0 12 -16|82 85 10 -12|1.5 1133
4971 IET-KY|半導體業|30 -5 -9|88 88 6 45|0.3 170
4974 亞泰|電子零組|64 60 36|96 96 37 83|5.0 666
4976 佳凌|光電業|8 20 -1|62 68 -14 -38|4.8 18
4977 眾達-KY|通信網路|109 105 113|100 100 40 92|1.6 2960
4979 華星光|通信網路|-6 1 -25|89 89 22 54|1.2 4092
4987 科誠|電腦及週|4 8 -2|86 86 12 33|0.2 7
4991 環宇-KY|半導體業|13 9 -34|95 95 179 188|1.7 2131
5009 榮剛|鋼鐵工業|-10 -13 -8|86 94 -2 -3|1.0 92
5014 建錩|鋼鐵工業|18 16 8|69 69 -29 -17|0.2 5
5202 力新|資訊服務|-36 -13 -20|73 73 0 3|0.1 27
5203 訊連|資訊服務|5 5 -8|87 87 -3 -9|2.0 26
5210 寶碩|資訊服務|24 14 12|38 82 -18 -4|0.5 5
5213 亞昕|建材營造|-17 -67 -398|66 66 2 -13|1.0 16
5222 全訊|半導體業|-24 -14 -21|68 72 -13 -25|0.5 32
5225 東科-KY|其他電子|-6 1 -18|76 76 -4 -5|0.3 77
5230 雷笛克光學|光電業|10 13 -11|65 73 -23 -29|0.2 7
5234 達興材料|光電業|3 -2 2|76 76 -24 30|0.5 194
5236 凌陽創新|半導體業|-6 6 -2|72 73 -24 -9|0.3 24
5243 乙盛-KY|光電業|32 31 22|90 90 3 3|0.9 258
5244 弘凱|光電業|-14 -4 -5|84 85 9 -1|0.7 162
5258 虹堡|電腦及週|-10 -5 -3|57 61 -35 -37|0.3 36
5263 智崴|文化創意|96 96 45|71 71 -19 -10|0.2 31
5269 祥碩|半導體業|42 10 -28|76 92 21 2|0.6 1970
5274 信驊|半導體業|99 110 19|63 63 -25 -27|1.7 2782
5278 尚凡*|數位雲端|26 12 5|75 75 32 65|2.5 26
5284 jpp-KY|其他|49 27 25|70 92 33 26|0.9 224
5285 界霖|半導體業|-14 2 5|69 69 -25 -28|0.3 5
5288 豐祥-KY|電機機械|11 -7 -6|86 86 -14 2|1.1 5
5289 宜鼎|電腦及週|5 5 -4|66 69 -23 -32|0.9 50
5292 華懋|綠能環保|14 14 4|84 84 -16 -16|0.5 8
5306 桂盟|運動休閒|12 13 10|75 75 -15 -13|0.6 14
5309 系統電|電子零組|-13 -15 -11|86 86 14 14|0.8 413
5314 世紀*|其他|397 1013 na|100 100 264 300|1.5 281
5315 光聯|光電業|68 51 54|84 84 6 10|0.2 36
5328 華容|電子零組|14 4 22|87 87 5 -10|1.0 115
5340 建榮|電子零組|38 45 -20|60 72 -18 -26|0.4 10
5347 世界|半導體業|18 23 7|75 82 1 -16|0.7 659
5351 鈺創|半導體業|0 2 -32|64 75 -10 -27|1.7 59
5353 台林|通信網路|-10 -12 -4|81 84 2 -5|0.2 7
5356 協益|電腦及週|-25 17 -11|78 79 -21 -18|0.7 6
5371 中光電|光電業|-3 -5 -4|76 97 20 4|3.9 1452
5381 光譜|電機機械|54 270 -112|60 64 -16 -30|0.7 8
5386 青雲|電腦及週|253 245 123|70 70 -13 20|0.1 25
5388 中磊|通信網路|-19 -24 -13|83 94 9 1|2.1 388
5392 能率|光電業|-10 -7 -8|86 93 19 -10|4.9 216
5398 慕康生醫|其他|139 93 71|77 77 4 7|0.2 9
5403 中菲|資訊服務|23 6 -4|86 97 1 -2|0.6 6
5425 台半|半導體業|12 8 11|57 69 -17 -31|0.9 54
5426 振發|電腦及週|51 28 27|72 81 8 -8|0.3 52
5432 新門|綠能環保|-37 -48 -36|43 44 -53 -57|0.5 19
5434 崇越|電子通路|32 26 14|88 88 -1 1|1.0 159
5438 東友|電腦及週|52 52 38|63 63 23 47|0.5 42
5439 高技|電子零組|4 2 7|86 86 14 17|0.7 995
5443 均豪|半導體業|70 98 36|69 69 -31 5|0.3 219
5452 佶優|其他電子|1 -2 -4|73 75 -9 -24|0.1 26
5457 宣德|電子零組|58 54 22|81 89 10 -2|0.3 56
5465 富驊|電腦及週|-27 -23 -5|75 85 8 -3|0.6 29
5469 瀚宇博|電子零組|-2 -3 2|74 88 -8 -7|3.2 43
5471 松翰|半導體業|4 -6 -14|72 78 -10 -24|0.6 12
5474 聰泰|電腦及週|24 11 -0|94 94 13 4|3.6 437
5478 智冠|文化創意|-2 9 -1|70 88 -6 -12|0.4 10
5481 新華|其他|-9 -3 -5|100 100 32 116|1.7 53
5483 中美晶|半導體業|-4 -2 -3|57 59 -20 -39|1.7 1250
5484 慧友|光電業|64 20 -11|52 64 -0 -42|1.6 65
5488 松普|電子零組|20 66 61|71 79 -3 -9|0.1 7
5508 永信建|建材營造|-71 -34 -229|48 48 -34 -32|0.9 97
5511 德昌|建材營造|-16 -10 -2|87 98 13 -4|0.9 7
5515 建國|建材營造|36 69 31|78 90 2 -3|0.6 10
5519 隆大|建材營造|13 -5 -227|56 56 -11 -29|0.7 16
5521 工信|建材營造|13 30 -2|69 79 -16 -16|0.4 7
5522 遠雄|建材營造|-6 26 -244|80 84 6 -9|2.0 710
5530 龍巖|其他|-23 15 11|94 96 16 -2|0.9 33
5531 鄉林|建材營造|-53 -2 25|71 84 -5 -6|0.5 8
5534 長虹|建材營造|7 5 -87|61 61 -13 -21|0.3 51
5536 聖暉*|其他電子|39 30 15|99 99 21 41|1.3 635
5603 陸海|航運業|-22 -8 -8|75 75 -15 -2|0.2 6
5607 遠雄港|航運業|14 17 -1|69 71 -7 -28|1.8 19
5608 四維航|航運業|17 11 13|70 84 -7 -18|0.5 14
5609 中菲行|航運業|44 43 18|85 87 -7 -11|0.4 7
5706 鳳凰|觀光餐旅|68 35 -20|83 91 13 -2|1.5 21
5864 致和證|金融業|-138 9 -19|73 74 -22 -26|0.5 11
5871 中租-KY|其他|1 3 -3|64 73 -27 -21|1.2 1121
5876 上海商銀|金融保險|2 0 -3|87 91 -0 -9|0.9 486
5880 合庫金|金融保險|-14 2 -6|91 91 -7 -7|0.7 194
5903 全家|居家生活|5 6 -1|96 96 -1 -0|1.5 7
5904 寶雅|居家生活|9 5 -2|90 90 -9 -3|0.6 71
5905 南仁湖|觀光餐旅|1 -0 3|60 60 -17 1|0.5 10
5907 大洋-KY|貿易百貨|-21 -18 -6|79 79 -19 10|0.2 17
6005 群益證|金融保險|12 27 -16|96 99 19 3|3.1 387
6015 宏遠證|金融業|-75 916 620|80 82 -8 -19|0.4 5
6016 康和證|金融業|-52 102 1|81 87 -7 -14|0.6 7
6023 元大期貨|金融業|9 8 -9|91 94 -0 -6|1.4 7
6024 群益期|金融保險|21 21 -3|96 96 2 0|0.8 16
6101 寬魚國際|文化創意|323 144 -536|83 83 8 -8|2.0 9
6104 創惟|半導體業|35 33 8|91 91 8 62|1.6 481
6108 競國|電子零組|-23 -25 -13|71 83 -1 -16|0.7 17
6111 光聚晶電|文化創意|16 59 -39|67 79 -10 -23|0.6 13
6112 邁達特|資訊服務|-8 -13 -5|70 74 4 -23|0.3 53
6117 迎廣|電腦及週|-0 4 -23|58 67 -6 -21|0.3 66
6118 建達|電子通路|22 10 5|81 87 -7 -5|4.6 13
6120 達運|光電業|19 3 -28|67 78 -15 -23|0.5 10
6121 新普|電腦及週|-13 -7 -1|76 99 13 5|1.4 422
6122 擎邦|電機機械|-28 -31 -21|78 89 -1 -6|0.5 11
6125 廣運|電機機械|-35 -41 9|67 79 -2 -17|1.2 167
6126 信音|電子零組|4 0 -3|73 73 -7 -24|0.2 13
6127 九豪|電子零組|27 32 8|77 78 3 -23|0.3 53
6133 金橋|電子零組|11 18 2|71 71 -19 -10|0.2 17
6134 萬旭|電子零組|48 68 35|65 65 -15 11|0.1 23
6138 茂達|半導體業|-4 -0 -20|74 79 -19 -12|0.4 105
6139 亞翔|其他電子|-65 -40 -101|64 90 -5 -9|1.5 488
6140 訊達電腦|資訊服務|45 12 14|52 78 -7 -23|0.5 15
6141 柏承|電子零組|-36 -34 -39|79 99 25 -4|5.9 12
6142 友勁|通信網路|112 46 82|83 83 2 -7|0.8 15
6143 振曜|通信網路|44 6 6|75 75 -13 -8|0.3 93
6146 耕興|其他電子|-4 -4 2|74 84 -7 -14|0.9 25
6147 頎邦|半導體業|8 8 9|84 93 -5 -7|0.7 101
6150 撼訊|電腦及週|-37 -35 -23|70 83 -1 -9|0.1 18
6151 晉倫|其他電子|8 8 -1|61 61 -8 37|0.4 47
6152 百一|通信網路|-9 -16 -17|65 65 -30 -27|0.3 8
6153 嘉聯益|電子零組|-22 -27 -4|58 61 -29 -42|1.1 16
6156 松上|電子零組|36 37 14|63 63 -23 -1|0.2 25
6160 欣技|電腦及週|19 13 17|72 84 -2 -20|0.6 5
6163 華電網|資訊服務|45 47 22|79 79 -10 -5|0.4 17
6165 浪凡|數位雲端|11 3 -0|80 85 14 11|0.2 11
6166 凌華|電腦及週|12 3 13|85 93 9 -6|2.0 53
6168 宏齊|光電業|-9 -6 -5|79 90 -2 -6|2.4 8
6170 統振|通信網路|20 26 -3|87 89 14 -8|1.1 7
6173 信昌電|電子零組|3 3 2|73 73 -12 -18|0.4 20
6174 安碁|電子零組|28 25 25|79 79 10 1|0.5 13
6175 立敦|電子零組|12 13 -2|84 84 3 -5|0.6 23
6176 瑞儀|光電業|25 20 7|89 90 -2 5|0.6 356
6177 達麗|建材營造|151 87 -892|62 62 -7 -22|0.8 55
6179 亞通|其他|40 81 70|75 78 -15 -21|0.3 12
6180 橘子|文化創意|5 9 -6|88 88 1 1|0.6 68
6182 合晶|半導體業|0 -2 12|61 68 -13 -33|0.6 39
6186 新潤|建材營造|260 223 -14358|61 61 -5 -23|0.8 19
6187 萬潤|半導體業|350 390 59|74 74 -26 23|0.4 1038
6188 廣明|電腦及週|-13 -28 -6|85 92 5 -5|2.7 708
6189 豐藝|電子通路|-2 3 -30|74 85 -3 -13|0.5 49
6190 萬泰科|通信網路|37 35 13|82 82 -1 -14|0.7 17
6191 精成科|電子零組|-14 -11 -6|82 88 4 -16|4.5 165
6192 巨路|其他電子|50 31 12|86 90 -5 -13|2.7 16
6196 帆宣|其他電子|3 3 -7|86 87 -3 -13|0.7 50
6197 佳必琪|電子零組|8 14 -27|74 78 -10 -14|0.2 105
6199 天品|其他|23 15 34|96 96 149 370|2.1 38
6202 盛群|半導體業|54 34 41|73 76 -10 -24|0.4 24
6203 海韻電|電子零組|-29 -32 1|75 86 -5 -15|1.0 18
6204 艾華|電子零組|-14 -0 -9|37 42 -37 -57|0.8 7
6205 詮欣|電子零組|28 26 14|87 93 3 -3|1.2 25
6206 飛捷|電腦及週|27 21 -9|88 96 0 -8|0.7 15
6207 雷科|電子零組|-35 -8 -27|63 68 -31 -30|0.1 26
6209 今國光|光電業|19 -1 13|84 95 9 -9|4.4 84
6213 聯茂|電子零組|20 16 -1|58 68 3 -35|1.3 260
6214 精誠|資訊服務|35 19 5|87 87 13 17|1.7 814
6215 和椿|其他電子|168 108 51|100 100 48 46|2.1 1497
6216 居易|通信網路|87 22 -39|77 77 -20 -15|0.1 17
6217 中探針|電子零組|54 43 31|74 81 -14 -23|0.8 9
6219 富旺|建材營造|500 140 -2150|79 79 10 6|1.1 9
6220 岳豐|電子零組|-14 5 4|92 92 7 15|0.4 11
6223 旺矽|半導體業|44 40 16|95 95 17 62|0.7 1722
6224 聚鼎|電子零組|4 16 14|69 69 -18 3|0.2 12
6227 茂綸|電子通路|34 11 17|90 90 17 9|1.6 90
6230 尼得科超眾|電腦及週|-6 -10 17|53 59 -12 -39|0.7 8
6231 系微|資訊服務|13 18 -1|64 64 -28 7|0.5 226
6234 高僑|光電業|-12 -35 -13|84 91 5 -13|0.7 12
6235 華孚|電腦及週|-9 -18 -23|59 72 -7 -26|0.3 73
6237 驊訊|半導體業|52 51 46|71 92 0 -5|4.0 13
6239 力成|半導體業|-12 -7 -14|62 62 -12 -37|1.5 355
6243 迅杰|半導體業|-20 -9 6|54 75 -13 -21|0.9 20
6244 茂迪|光電業|-7 -8 11|61 64 -21 -37|0.8 35
6245 立端|通信網路|-10 9 20|92 100 16 11|4.7 47
6248 沛波|鋼鐵工業|9 26 -2|83 84 -13 -7|0.3 6
6257 矽格|半導體業|24 21 5|83 83 -9 -14|0.6 186
6261 久元|半導體業|-18 -8 -27|80 83 -10 -20|0.7 13
6263 普萊德|通信網路|-10 2 1|80 80 -13 -14|0.5 9
6266 泰詠|電子零組|21 18 26|93 93 -1 -0|0.7 9
6269 台郡|電子零組|-28 -36 -18|66 67 -19 -29|0.6 59
6271 同欣電|半導體業|-0 6 -1|86 86 -5 -10|1.0 193
6274 台燿|電子零組|44 46 5|92 94 1 0|0.8 1071
6278 台表科|光電業|2 -9 -7|79 80 -1 -20|0.6 99
6279 胡連|電子零組|26 20 1|93 93 -4 13|0.4 168
6282 康舒|電子零組|-3 -6 -34|71 79 -9 -22|0.4 70
6283 淳安|其他電子|50 30 10|74 84 -4 -12|0.3 6
6284 佳邦|電子零組|2 8 -6|84 84 -10 -12|1.6 50
6285 啟碁|通信網路|-8 -8 -9|79 90 15 -8|1.8 480
6288 聯嘉|汽車工業|26 22 -10|72 80 -8 -15|0.1 25
6290 良維|電子零組|9 11 3|72 81 -10 -17|0.4 40
6405 悅城|光電業|-29 -34 -4|64 64 -28 14|0.1 30
6409 旭隼|其他電子|7 18 -1|76 76 -17 2|0.4 238
6411 晶焱|半導體業|8 22 13|72 80 -14 -12|0.6 13
6412 群電|電子零組|8 7 6|68 84 -8 -14|0.8 93
6414 樺漢|電腦及週|18 19 -1|81 87 -1 -11|0.4 142
6415 矽力*-KY|半導體業|10 8 -9|68 68 -32 -11|0.6 861
6416 瑞祺電通|通信網路|-9 2 2|69 69 -29 -21|0.5 57
6425 易發|電機機械|172 74 -53|79 83 -8 7|0.2 172
6426 統新|通信網路|-19 -26 -19|76 76 7 13|1.0 138
6438 迅得|其他電子|-5 -0 10|87 87 15 58|0.4 350
6442 光聖|通信網路|256 196 90|92 92 51 52|0.3 310
6443 元晶|光電業|-56 -50 -6|56 58 -26 -42|0.7 55
6446 藥華藥|生技醫療|139 113 11|82 82 -4 4|0.7 594
6449 鈺邦|電子零組|24 24 5|75 75 -11 -10|0.7 63
6451 訊芯-KY|半導體業|-2 19 23|84 85 1 -9|0.8 2091
6456 GIS-KY|光電業|2 -2 6|67 67 -16 -31|0.7 24
6462 神盾|半導體業|63 49 20|51 56 -16 -31|0.6 339
6469 大樹|生技醫療|7 6 -1|49 69 -28 -29|1.0 30
6470 宇智|通信網路|20 5 25|89 89 3 -2|0.3 13
6472 保瑞|生技醫療|49 78 45|79 79 -1 -14|0.4 553
6477 安集|光電業|-29 -13 17|66 66 -14 -31|0.9 6
6488 環球晶|半導體業|-2 -3 6|63 66 -15 -34|0.7 617
6491 晶碩|生技醫療|-24 -14 -16|73 84 -12 -11|1.1 66
6505 台塑化|油電燃氣|-8 -21 -14|41 51 -39 -49|0.8 304
6509 聚和|化學工業|21 13 9|85 85 -2 -12|0.4 21
6510 精測|半導體業|73 63 44|89 89 46 66|0.9 678
6515 穎崴|半導體業|78 107 57|76 76 -13 4|1.3 671
6517 保勝光學|光電業|-32 9 10|82 84 -6 0|3.4 11
6523 達爾膚|生技醫療|5 14 -4|84 96 4 -3|0.4 6
6525 捷敏-KY|半導體業|4 3 -3|83 83 2 -7|0.2 9
6526 達發|半導體業|61 37 -1|83 90 6 -9|0.9 554
6530 創威|通信網路|25 19 8|80 80 -20 38|0.1 133
6531 愛普*|半導體業|3 7 2|58 78 1 -18|1.2 670
6532 瑞耘|半導體業|17 1 -1|80 80 -6 -16|0.2 8
6533 晶心科|半導體業|16 200 122|71 92 1 -8|1.3 267
6535 順藥|生技醫療|-59 -23 10|61 61 -24 10|1.6 115
6538 倉和|電子零組|-43 -28 -43|52 65 -22 -36|0.3 9
6541 泰福-KY|生技醫療|-81 210 -94|87 87 -1 -4|0.6 10
6546 正基|通信網路|8 7 -1|63 63 -28 -5|0.8 243
6547 高端疫苗|生技醫療|-44 -24 na|50 67 -21 -34|1.8 27
6548 長科*|半導體業|5 12 10|78 79 -14 -14|0.4 20
6550 北極星藥業-KY|生技醫療|na na na|57 64 -16 -37|0.7 22
6558 興能高|其他電子|-6 -3 -1|85 85 66 47|2.4 660
6561 是方|通信網路|16 29 12|87 87 -2 25|0.6 31
6570 維田|電腦及週|-12 -6 3|71 71 -6 -12|1.5 7
6576 逸達|生技醫療|-64 229 na|72 92 -6 -8|1.2 13
6579 研揚|電腦及週|-1 -15 -6|68 69 -15 -29|0.5 6
6581 鋼聯|綠能環保|175 95 62|92 92 -5 0|0.5 5
6582 申豐|橡膠工業|164 138 41|81 84 -9 -19|0.6 6
6584 南俊國際|電子零組|33 35 -12|74 74 -0 -25|0.2 17
6585 鼎基|其他|5 -1 -25|64 79 -6 -16|0.8 59
6588 東典光電|通信網路|51 69 53|78 78 2 15|0.6 16
6589 台康生技|生技醫療|-63 -36 -52|71 77 -18 -22|0.5 75
6591 動力-KY|電腦及週|-16 -13 -6|77 94 4 -8|0.5 9
6592 和潤企業|其他|-19 -17 -23|62 66 -19 -32|1.1 39
6593 台灣銘板|資訊服務|-15 -22 -24|39 71 -9 -30|0.1 5
6596 寬宏藝術|文化創意|77 24 -91|100 100 29 31|3.1 56
6603 富強鑫|電機機械|21 15 -5|73 73 -13 -10|0.4 10
6605 帝寶|汽車工業|0 6 -3|78 78 -17 -14|0.8 55
6609 瀧澤科|電機機械|5 48 47|67 67 -8 60|0.2 71
6613 朋億*|其他電子|-1 17 1|83 91 11 -6|0.4 21
6617 共信-KY|生技醫療|37 15 na|na 80 1 -16|1.5 15
6625 必應|其他|80 35 8|75 90 5 -10|1.5 8
6629 泰金-KY|居家生活|40 28 -17|82 82 -8 11|0.6 13
6640 均華|半導體業|173 231 64|57 57 -38 -18|0.5 184
6642 富致|電子零組|19 23 -0|90 90 -0 0|0.4 9
6643 M31|半導體業|-3 -22 -25|43 49 -14 -44|0.6 604
6651 全宇昕|半導體業|12 19 15|80 80 -20 22|0.5 9
6657 華安|生技醫療|11 3 -20|81 86 -7 -9|1.8 9
6658 聯策|其他電子|145 64 36|69 69 -9 0|0.1 63
6664 群翊|電子零組|5 -0 -3|71 71 -24 -20|0.7 45
6667 信紘科|其他電子|93 105 55|74 74 -20 -16|0.3 31
6668 中揚光|光電業|-38 1 -2|66 81 1 -20|2.8 40
6669 緯穎|電腦及週|93 100 57|86 96 50 -8|0.5 6831
6670 復盛應用|運動休閒|29 25 11|98 98 14 18|1.0 164
6672 騰輝電子-KY|電子零組|-10 -9 2|65 82 -11 -19|1.7 12
6679 鈺太|半導體業|-3 -4 -29|63 79 -6 -19|0.6 82
6683 雍智科技|半導體業|50 40 22|93 93 17 2|3.3 176
6684 安格|半導體業|-35 -21 -70|53 69 -2 -26|0.5 88
6689 伊雲谷|數位雲端|22 25 -3|95 100 28 27|3.5 184
6690 安碁資訊|數位雲端|17 14 -2|81 81 -3 2|0.9 45
6691 洋基工程|其他電子|89 46 50|100 100 44 -0|1.3 347
6693 廣閎科|半導體業|39 26 18|90 90 -10 13|0.8 11
6695 芯鼎|半導體業|6 -2 4|67 81 11 -8|1.3 274
6698 旭暉應材|其他電子|-8 -19 -0|69 75 -15 -23|0.7 7
6703 軒郁|生技醫療|1 -3 -38|53 61 -17 -40|0.3 8
6706 惠特|光電業|63 26 56|65 65 -33 0|0.5 342
6712 長聖|生技醫療|41 19 -4|82 82 -5 -15|0.7 21
6715 嘉基|電子零組|-4 5 9|73 79 -10 -20|0.5 44
6719 力智|半導體業|12 25 5|69 74 -15 -23|0.9 69
6727 亞泰金屬|電子零組|-5 10 -5|89 89 3 24|0.4 12
6732 昇佳電子|半導體業|-13 -6 -27|55 76 -16 -30|0.4 46
6739 竹陞科技|其他電子|80 605 na|na na 9 na|0.3 54
6741 91APP*-KY|數位雲端|13 15 -0|77 86 -7 -13|0.3 16
6742 澤米|光電業|9 14 -9|75 82 -2 -7|1.6 16
6743 安普新|其他電子|27 75 -1|59 59 -29 -34|0.4 10
6752 叡揚|資訊服務|9 8 -1|86 86 9 11|0.7 51
6753 龍德造船|航運業|30 12 6|62 70 -13 -28|0.4 29
6756 威鋒電子|半導體業|-41 -31 -19|44 63 -29 -36|2.1 19
6757 台灣虎航|航運業|12 12 -32|100 100 48 18|1.2 429
6761 穩得|電子零組|8 14 -0|79 79 -13 -16|0.7 7
6763 綠界科技*|數位雲端|2 5 2|66 66 44 51|0.4 177
6768 志強-KY|運動休閒|11 33 3|81 81 24 49|0.2 76
6770 力積電|半導體業|-4 3 3|51 59 -24 -41|0.7 266
6776 展碁國際|電子通路|25 25 15|89 98 5 -0|0.6 6
6781 AES-KY|電子零組|28 18 21|94 94 107 83|3.0 1119
6782 視陽|生技醫療|33 49 -10|61 62 -29 -39|0.5 27
6785 昱展新藥|生技醫療|na na na|na 61 -23 -42|0.5 19
6788 華景電|半導體業|67 78 23|71 71 -19 0|0.4 93
6789 采鈺|半導體業|34 56 18|83 83 7 -17|2.7 238
6790 永豐實|造紙工業|-10 1 -4|71 74 -14 -25|1.4 8
6791 虎門科技|資訊服務|10 14 1|89 89 66 72|0.7 35
6799 來頡|半導體業|-17 -19 -10|46 65 -20 -37|1.2 16
6803 崑鼎|綠能環保|19 16 8|95 95 1 -4|0.6 9
6805 富世達|電子零組|70 53 -1|72 72 -13 1|0.8 1612
6806 森崴能源|綠能環保|88 67 -20|62 62 -13 -25|0.5 109
6807 峰源-KY|居家生活|36 40 7|89 89 20 45|0.2 7
6811 宏碁資訊|數位雲端|38 29 12|87 87 17 5|0.8 182
6821 聯寶|電子零組|12 36 33|74 74 4 13|0.1 6
6829 千附精密|半導體業|15 22 13|89 89 -2 10|0.6 51
6830 汎銓|其他電子|2 5 2|72 72 -11 8|0.4 87
6834 天二科技|電子零組|63 39 9|61 61 -25 -38|0.4 6
6838 台新藥|生技醫療|na na na|na na -22 na|0.6 7
6841 長佳智能|生技醫療|147 233 -100|60 66 -14 -38|1.3 17
6854 錼創科技-KY創|半導體業|283 213 111|100 100 106 182|1.7 120
6855 數泓科|其他電子|27 22 -2|94 94 -6 34|0.6 6
6859 伯特光|光電業|94 73 77|87 87 32 46|0.9 120
6863 永道-KY|通信網路|71 60 -16|79 79 -21 3|0.4 102
6869 雲豹能源|綠能環保|-21 -19 3|54 54 -24 -28|0.4 219
6870 騰雲|數位雲端|68 64 43|78 78 1 2|0.7 15
6873 泓德能源|綠能環保|38 136 -74|71 71 -16 -7|0.5 186
6877 鏵友益|其他電子|328 117 40|91 91 26 60|0.9 174
6890 來億-KY|運動休閒|37 32 na|na 93 6 23|0.5 174
6895 宏碩系統|半導體業|45 32 32|67 67 5 -25|0.5 21
6901 鑽石投資|其他|-149 -199 19|64 70 -20 -29|0.5 17
6903 巨漢|其他電子|-17 -21 na|na 70 -13 -31|3.1 7
6906 現觀科|數位雲端|21 7 -8|na 72 -23 -4|0.2 20
6913 鴻呈|電子零組|41 40 na|na na 15 na|0.3 17
6919 康霈*|生技醫療|7768 na na|na na 15 na|1.4 431
6922 宸曜|電腦及週|40 35 5|87 87 26 -7|5.0 36
6923 中台|綠能環保|-44 5 na|na na -11 na|0.3 5
6933 AMAX-KY|電腦及週|-12 -15 -8|55 63 -9 -36|0.3 20
6937 天虹|半導體業|-68 -31 -68|88 88 22 40|0.4 702
6957 裕慶-KY|其他|42 57 na|na 72 -8 -12|2.2 49
7402 邑錡|光電業|12 -2 -6|63 79 1 -23|7.3 9
8011 台通|通信網路|-51 -29 -69|71 78 -15 -7|0.2 27
8016 矽創|半導體業|0 4 -6|68 85 -9 -13|2.1 342
8021 尖點|其他電子|20 20 -8|83 83 -3 -3|0.2 18
8027 鈦昇|電機機械|20 10 -7|61 66 -22 -32|0.5 71
8028 昇陽半導體|半導體業|46 32 28|94 94 4 18|1.2 809
8032 光菱|電子通路|23 29 27|67 67 55 110|0.2 115
8033 雷虎|其他|17 21 -1|83 97 16 1|6.3 109
8038 長園科|電子零組|-21 2 0|72 78 -2 -12|0.3 6
8039 台虹|電子零組|0 -0 -26|62 62 -25 -28|0.7 49
8040 九暘|半導體業|-4 -5 5|72 85 -12 -14|0.6 24
8042 金山電|電子零組|2 3 -4|70 70 10 9|0.7 100
8043 蜜望實|電子零組|5 0 9|63 63 -18 26|0.1 13
8044 網家|數位雲端|-11 -13 -4|73 73 45 23|0.4 114
8046 南電|電子零組|-15 -19 7|53 68 -6 -28|1.7 244
8047 星雲|其他電子|14 22 21|85 85 38 36|1.3 48
8050 廣積|電腦及週|34 10 23|86 88 -2 -13|0.8 20
8054 安國|半導體業|51 18 -13|66 71 -4 -12|1.1 959
8059 凱碩|通信網路|43 90 83|76 76 4 -0|4.8 29
8064 東捷|光電業|-15 4 17|75 75 -7 -7|0.8 126
8069 元太|光電業|70 58 43|82 82 -13 2|0.4 950
8070 長華*|電子通路|4 11 9|68 68 -21 4|1.9 392
8071 能率網通|電子零組|7 -0 4|86 92 10 -14|5.0 50
8076 伍豐|電腦及週|-0 -29 -17|81 81 -13 -14|0.4 15
8081 致新|半導體業|12 5 2|74 84 1 -16|1.0 155
8083 瑞穎|電機機械|13 -6 -46|91 96 5 -1|1.1 9
8084 巨虹|電子通路|-60 -20 4|58 63 6 -37|0.7 7
8085 福華|其他電子|6 -5 11|33 47 -20 -48|0.4 15
8086 宏捷科|半導體業|-29 -14 -148|69 77 2 -22|1.3 212
8089 康全電訊|通信網路|202 326 33|54 54 -25 -37|0.2 73
8091 翔名|半導體業|-1 12 2|71 73 -19 -22|0.3 13
8096 擎亞|電子通路|-2 -3 -50|66 66 -18 -8|0.3 54
8097 常珵|通信網路|3810 1883 388|87 87 11 21|0.8 202
8099 大世科|資訊服務|-8 8 15|67 76 -2 -27|0.3 17
8103 瀚荃|電子零組|19 9 4|63 63 -16 -19|0.6 18
8104 錸寶|光電業|-21 -14 -4|72 72 -8 -22|0.4 117
8105 凌巨|光電業|2 10 16|64 64 -14 -14|0.4 12
8110 華東|半導體業|-7 10 -0|61 65 -18 -35|0.7 14
8111 立碁|光電業|26 10 6|94 94 15 100|1.1 768
8112 至上|電子通路|-27 20 -48|61 71 -12 -27|0.6 161
8114 振樺電|電腦及週|110 69 41|96 96 65 94|0.5 341
8121 越峰|電子零組|4 15 -7|55 58 -24 -34|1.0 22
8131 福懋科|半導體業|5 8 -7|71 73 -23 -28|0.6 11
8147 正淩|電子零組|9 15 -6|68 68 -12 -10|2.4 18
8150 南茂|半導體業|-2 -4 -14|61 72 -18 -29|0.4 43
8155 博智|電子零組|20 27 3|75 77 -12 -17|0.6 16
8163 達方|電腦及週|-1 -10 7|61 72 -12 -27|0.4 44
8171 天宇|綠能環保|-72 -29 -52|74 74 4 -14|0.4 52
8176 智捷|通信網路|142 84 44|69 69 -5 -12|0.8 6
8183 精星|其他電子|34 24 21|79 86 3 -4|0.5 10
8210 勤誠|電腦及週|-33 7 -46|77 83 -1 -12|0.3 218
8213 志超|電子零組|-1 -4 3|75 86 -14 -14|0.7 13
8215 明基材|光電業|51 20 12|83 87 -7 -10|0.5 15
8222 寶一|電機機械|3 34 0|79 90 1 -11|3.7 11
8227 巨有科技|半導體業|-32 -30 -31|42 69 -2 -25|1.0 158
8234 新漢|電腦及週|31 21 27|100 100 30 7|7.1 186
8240 華宏|光電業|9 5 5|84 84 24 25|0.6 45
8249 菱光|電子零組|170 128 85|81 81 -9 84|1.2 731
8255 朋程|電機機械|18 22 -19|72 75 -7 -23|1.8 41
8261 富鼎|半導體業|28 10 8|92 92 8 6|0.3 80
8271 宇瞻|半導體業|-1 -11 -14|60 72 -15 -30|0.6 10
8299 群聯|半導體業|-20 -20 -53|71 86 8 -13|1.7 1262
8341 日友|綠能環保|20 30 17|74 83 -11 -13|0.5 10
8358 金居|電子零組|-4 -4 -18|77 77 -5 -16|0.6 63
8367 建新國際|航運業|26 22 -7|85 85 -10 -10|2.3 7
8374 羅昇|電機機械|78 61 46|87 87 1 13|0.6 726
8383 千附|半導體業|83 51 43|94 96 -0 -4|0.7 16
8390 金益鼎|綠能環保|33 58 19|74 74 -17 -19|0.4 18
8401 白紗科|其他|4 1 -5|100 100 12 22|1.6 8
8404 百和興業-KY|其他|33 28 -5|80 80 -6 36|0.8 53
8422 可寧衛*|綠能環保|29 12 -14|92 94 -3 -2|0.6 18
8429 金麗-KY|貿易百貨|-47 -52 -53|76 76 -10 0|0.5 24
8431 匯鑽科|其他電子|44 21 13|93 93 4 5|0.7 14
8436 大江|生技醫療|-1 -4 5|71 82 -10 -17|0.9 18
8446 華研|文化創意|-17 9 -23|90 90 -4 9|0.6 14
8454 富邦媒|數位雲端|3 3 -0|65 79 -16 -18|0.9 110
8464 億豐|居家生活|5 9 0|74 74 -24 -7|0.9 252
8467 波力-KY|運動休閒|13 16 -10|81 81 11 51|0.6 201
8473 山林水|綠能環保|80 11 21|63 63 -19 -27|0.6 7
8478 東哥遊艇|運動休閒|-97 -44 -37|49 51 -32 -48|0.8 34
8482 商億-KY|居家生活|7 6 6|97 97 39 39|3.0 24
8924 大田|運動休閒|4 8 -3|80 80 -12 -20|2.5 6
8926 台汽電|油電燃氣|58 67 -6|84 86 -11 -10|0.5 15
8927 北基|油電燃氣|8 6 -59|74 74 -24 -8|0.4 30
8929 富堡|其他|-14 2 -9|71 71 8 3|0.1 6
8932 智通*|數位雲端|34 66 8|53 53 9 -39|0.6 46
8936 國統|其他|5 8 -27|54 57 -23 -35|0.7 62
8937 合騏*|其他|-34 10 -1|91 91 92 400|1.1 66
8938 明安|運動休閒|15 14 16|87 88 -8 -8|1.0 11
8942 森鉅|其他|43 1 25|81 81 -11 -18|1.2 20
8996 高力|電機機械|-10 9 18|61 66 -12 -35|0.6 665
9802 鈺齊-KY|運動休閒|-4 5 22|87 96 -4 4|0.7 173
9904 寶成|運動休閒|10 12 6|86 86 4 10|1.3 501
9906 欣巴巴|建材營造|1686 358400 268063|54 54 -16 12|0.4 34
9907 統一實|其他|37 47 22|88 88 -11 -3|0.5 13
9910 豐泰|運動休閒|11 1 -2|78 87 -8 -5|0.7 87
9911 櫻花|居家生活|0 10 -7|86 86 -5 -5|0.7 23
9914 美利達|運動休閒|25 29 23|61 61 -28 -27|0.3 96
9917 中保科|其他|5 5 1|86 86 -7 -5|2.8 133
9919 康那香|其他|4 -0 4|60 79 -10 -22|8.0 7
9921 巨大|運動休閒|-16 -9 0|58 58 -32 -30|0.5 214
9924 福興|居家生活|-21 -32 -28|85 85 -15 -1|0.3 8
9927 泰銘|其他|-20 -15 -12|81 87 -8 -12|0.3 13
9933 中鼎|其他|2 -9 -25|73 74 -16 -27|1.6 129
9934 成霖|居家生活|-5 -3 0|66 69 -24 -26|0.7 9
9935 慶豐富|居家生活|9 15 -1|81 81 -17 12|0.3 12
9938 百和|其他|19 19 -7|84 84 -8 15|0.3 119
9939 宏全|其他|15 10 3|84 86 -10 -11|0.5 112
9940 信義|其他|-39 -27 -18|80 80 -10 -14|0.5 5
9941 裕融|其他|-9 -6 -7|63 75 -23 -19|1.5 342
9942 茂順|其他|-10 -16 2|82 88 -4 -12|0.5 5
9945 潤泰新|其他|-2 12 -5|81 81 -12 -0|0.6 151
9950 萬國通|塑膠工業|11 -13 -3|62 86 6 -10|0.7 6
9955 佳龍|綠能環保|-1 -1 -11|74 74 -22 -20|0.2 8
9958 世紀鋼|鋼鐵工業|-34 -24 -30|45 59 -27 -40|0.8 370