# 2026-05-04 全池(1243 檔)。欄位:代碼 名稱|產業|最新月YoY 3月YoY均 加速度|距52週高% 距120日高% 60日漲% 120日漲%|量能比 日均值M
1101 台泥|水泥工業|-9 -5 4|81 92 -5 7|0.9 648
1102 亞泥|水泥工業|-18 -11 -2|81 89 -2 -4|0.9 334
1104 環泥|水泥工業|-17 -9 -6|86 88 -6 -12|1.2 15
1201 味全|食品工業|-5 -3 4|72 81 -15 -19|1.4 6
1210 大成|食品工業|5 4 4|83 95 0 -1|1.0 128
1215 卜蜂|食品工業|8 7 3|86 86 -8 2|1.3 159
1216 統一|食品工業|3 4 2|83 86 -6 -12|1.1 714
1218 泰山|食品工業|6 6 7|88 96 2 1|0.8 14
1219 福壽|食品工業|1 -0 -0|84 92 0 -2|0.9 6
1225 福懋油|食品工業|2 2 6|63 94 12 4|1.0 8
1227 佳格|食品工業|5 13 13|80 92 -1 -7|1.0 29
1229 聯華|食品工業|21 8 -2|82 83 -11 -14|1.5 107
1231 聯華食|食品工業|-3 9 3|57 77 -8 -23|0.8 30
1232 大統益|食品工業|4 9 8|94 97 1 1|1.0 12
1256 鮮活果汁-KY|食品工業|57 60 36|91 97 6 11|0.7 8
1264 德麥|食品工業|1 6 6|88 92 -2 -8|0.9 9
1301 台塑|塑膠工業|2 -11 3|93 93 17 28|0.4 1138
1303 南亞|塑膠工業|18 5 6|93 93 14 109|0.8 8131
1304 台聚|塑膠工業|1 -11 5|74 74 18 22|0.5 259
1305 華夏|塑膠工業|29 9 19|74 74 15 19|0.5 189
1307 三芳|塑膠工業|-1 1 3|84 87 -3 1|0.6 23
1308 亞聚|塑膠工業|-16 -14 -8|72 72 4 6|0.5 123
1309 台達化|塑膠工業|-8 -21 7|72 72 63 71|1.3 375
1312 國喬|塑膠工業|18 39 3|79 79 -14 10|0.4 180
1313 聯成|塑膠工業|11 -3 10|80 80 4 5|0.3 72
1316 上曜|建材營造|111 151 -34|65 67 -22 -30|1.2 22
1319 東陽|汽車工業|-20 -22 -10|58 65 -32 -24|0.9 189
1321 大洋|塑膠工業|1 -11 12|81 84 -10 -15|1.4 6
1323 永裕|塑膠工業|4 1 15|80 80 5 1|1.9 5
1325 恆大|塑膠工業|-39 -31 -19|64 74 -9 -13|0.5 5
1326 台化|塑膠工業|22 3 19|93 93 45 67|0.5 1455
1342 八貫|其他|32 17 5|94 94 4 22|1.3 34
1402 遠東新|紡織纖維|-3 -4 3|76 87 -10 -6|0.7 381
1409 新纖|紡織纖維|5 -5 9|95 95 10 16|1.0 125
1419 新紡|紡織纖維|42 36 19|81 81 -16 12|0.6 6
1434 福懋|紡織纖維|-5 -9 -1|87 87 -2 4|0.6 29
1436 華友聯|建材營造|-59 -75 -21|43 75 -21 -22|1.0 12
1440 南紡|紡織纖維|-4 -20 0|86 86 -7 -1|0.9 20
1442 名軒|建材營造|-86 -76 -14|35 74 -11 -25|1.2 20
1449 佳和|紡織纖維|34 22 12|80 80 10 12|0.6 42
1471 首利|電子零組|-59 -54 -12|77 77 2 25|0.3 8
1476 儒鴻|紡織纖維|6 2 3|75 75 -19 -22|0.8 444
1477 聚陽|紡織纖維|-9 -10 -1|64 64 -33 -23|1.0 381
1503 士電|電機機械|35 13 4|82 82 -15 15|0.6 278
1504 東元|電機機械|3 4 -4|57 59 -23 -41|1.0 537
1513 中興電|電機機械|5 1 -5|84 84 -15 4|1.0 637
1514 亞力|電機機械|3 29 0|85 85 -14 24|0.5 202
1515 力山|電機機械|-29 8 -10|67 74 -24 -21|1.0 6
1519 華城|電機機械|3 9 -7|85 85 -15 48|0.9 2640
1522 堤維西|汽車工業|47 36 4|59 59 -41 -38|0.7 24
1524 耿鼎|汽車工業|-30 -24 -5|82 82 -15 -12|0.3 22
1527 鑽全|電機機械|-4 -23 -9|87 87 -12 -3|0.7 6
1528 恩德|電機機械|31 31 41|89 89 1 92|0.9 726
1529 樂事綠能|電機機械|-69 53 6|77 78 -15 10|0.3 17
1532 勤美|電機機械|14 11 1|73 73 -18 -24|1.2 14
1536 和大|汽車工業|10 -6 6|75 84 -13 -11|1.2 68
1537 廣隆|電機機械|-8 -1 17|90 97 -2 -1|1.3 8
1540 喬福|電機機械|-41 -32 -33|66 75 -21 -9|1.0 6
1560 中砂|電機機械|31 30 9|100 100 29 78|1.1 1518
1563 巧新|汽車工業|-1 -2 4|69 84 -14 -14|0.7 26
1565 精華|生技醫療|-19 -18 -5|62 76 -12 -21|0.6 14
1568 倉佑|汽車工業|27 -10 -11|100 100 18 31|2.4 10
1569 濱川|電腦及週|11 -3 -2|92 95 13 -4|2.3 108
1570 力肯|電機機械|40 -0 31|90 90 27 15|1.2 15
1580 新麥|電機機械|-15 1 2|87 88 -7 -9|1.4 8
1582 信錦|電子零組|-0 -6 3|87 87 37 33|0.6 842
1584 精剛|其他|-35 -24 -8|69 78 -17 -12|0.5 16
1586 和勤|電機機械|-7 1 7|72 72 -18 -15|0.7 5
1587 吉茂|汽車工業|15 36 7|57 57 -37 -20|0.6 15
1590 亞德客-KY|電機機械|18 25 10|100 100 45 62|1.7 1956
1591 駿吉-KY|電機機械|2218 1215 934|98 98 33 29|3.3 59
1595 川寶|半導體業|-21 -17 1|100 100 95 121|4.9 119
1597 直得|電機機械|39 32 13|100 100 90 107|1.9 353
1598 岱宇|運動休閒|17 -11 7|84 87 2 -12|1.1 7
1603 華電|電器電纜|-2 -7 -22|75 75 -23 -18|0.5 8
1604 聲寶|電器電纜|-0 -4 2|88 95 1 -2|0.9 13
1605 華新|電器電纜|3 -8 -2|72 72 -19 2|0.4 558
1608 華榮|電器電纜|14 23 19|83 83 -13 3|0.6 65
1609 大亞|電器電纜|20 18 11|70 70 -30 -19|0.5 88
1611 中電|電器電纜|-7 -11 -1|86 89 -10 -2|0.7 6
1612 宏泰|電器電纜|6 9 -5|90 90 -5 -7|1.1 21
1616 億泰|電器電纜|-4 10 -2|54 64 -25 -36|0.5 10
1618 合機|電器電纜|-35 115 66|77 77 -22 -13|0.4 22
1623 大東電|電器電纜|8 13 na|na na -12 na|0.5 34
1702 南僑|食品工業|0 -1 3|75 88 -7 -10|1.0 10
1707 葡萄王|生技醫療|-7 2 7|84 88 -9 -8|1.9 19
1708 東鹼|化學工業|5 4 7|85 85 20 30|1.1 211
1709 和益|化學工業|2 -8 5|96 96 10 11|0.6 9
1710 東聯|化學工業|4 -12 0|81 81 3 5|0.3 89
1711 永光|化學工業|28 5 12|97 97 158 200|0.2 1268
1712 興農|化學工業|8 -2 -1|94 94 -4 3|0.9 23
1713 國化|化學工業|23 1 10|88 89 -5 4|0.9 8
1717 長興|化學工業|5 1 9|97 97 20 88|0.8 5187
1720 生達|生技醫療|3 1 -2|93 93 -1 9|0.7 17
1721 三晃|化學工業|-23 -21 4|81 81 28 98|1.1 67
1722 台肥|化學工業|19 12 7|86 95 3 0|2.8 120
1723 中碳|化學工業|14 -21 4|84 87 7 -6|0.5 107
1725 元禎|化學工業|23 2 7|86 86 6 17|0.6 7
1727 中華化|化學工業|53 14 14|100 100 75 123|2.8 488
1734 杏輝|生技醫療|5 2 -6|97 97 2 1|0.8 11
1735 日勝化|化學工業|11 -4 9|84 84 55 79|0.8 42
1736 喬山|運動休閒|12 10 0|68 74 -17 -18|2.1 72
1760 寶齡富錦|生技醫療|17 12 6|79 93 2 -2|2.4 13
1773 勝一|化學工業|17 12 6|97 97 11 24|1.7 306
1784 訊聯|生技醫療|15 8 5|64 64 -26 -26|0.4 13
1785 光洋科|其他電子|96 75 31|98 98 164 183|1.1 2002
1786 科妍|生技醫療|1 0 1|47 64 -28 -36|1.1 17
1789 神隆|生技醫療|3 -3 -4|71 71 -22 12|0.5 20
1795 美時|生技醫療|174 100 68|62 62 -28 -22|0.4 503
1799 易威|生技醫療|31 70 53|55 85 11 -13|0.7 8
1802 台玻|玻璃陶瓷|16 5 5|89 89 29 129|1.0 8500
1808 潤隆|建材營造|68260 63925 45796|66 66 -12 -17|1.6 45
1809 中釉|玻璃陶瓷|-15 4 -2|87 87 7 49|0.4 85
1810 和成|玻璃陶瓷|-12 -8 -0|73 86 -12 -4|0.6 14
1815 富喬|電子零組|33 38 3|86 86 16 57|0.7 6760
1903 士紙|造紙工業|8 -2 -1|68 83 -14 -11|0.5 8
1904 正隆|造紙工業|10 2 5|88 88 -0 2|0.6 29
1905 華紙|造紙工業|4 -9 0|68 68 4 -0|1.0 86
1907 永豐餘|造紙工業|5 -1 5|85 85 -6 -9|1.0 31
2002 中鋼|鋼鐵工業|-2 -5 6|86 88 -2 -2|0.8 835
2006 東和鋼鐵|鋼鐵工業|-0 -6 -2|85 85 -1 14|0.8 174
2009 第一銅|鋼鐵工業|3 34 31|69 69 -22 -11|0.3 56
2010 春源|鋼鐵工業|16 16 12|96 96 16 28|0.8 33
2013 中鋼構|鋼鐵工業|-14 -11 -12|95 95 3 3|0.6 5
2014 中鴻|鋼鐵工業|-25 -21 12|87 87 7 13|0.3 97
2015 豐興|鋼鐵工業|-10 -13 2|90 90 -0 -1|1.3 23
2020 美亞|鋼鐵工業|-17 -4 -2|87 92 -0 -2|0.9 19
2023 燁輝|鋼鐵工業|-9 -12 -2|86 89 -6 -6|0.9 24
2027 大成鋼|鋼鐵工業|25 20 5|86 94 5 1|0.8 861
2030 彰源|鋼鐵工業|-3 -1 15|90 90 1 14|0.5 11
2031 新光鋼|鋼鐵工業|0 -5 -9|91 99 7 1|0.9 30
2032 新鋼|鋼鐵工業|4 5 4|89 89 1 11|0.4 7
2034 允強|鋼鐵工業|0 -21 -0|90 92 1 5|0.9 27
2038 海光|鋼鐵工業|-11 -23 -8|83 84 -5 -6|0.3 6
2049 上銀|電機機械|17 9 9|100 100 36 45|1.0 2330
2059 川湖|電子零組|39 38 -21|94 94 16 5|1.5 2755
2062 橋椿|居家生活|20 7 15|83 88 -7 -6|1.0 7
2070 精湛|電機機械|23 7 5|100 100 43 63|3.4 40
2101 南港|橡膠工業|438 138 117|72 86 -9 -10|1.4 54
2102 泰豐|橡膠工業|-51 -41 -26|85 88 -6 -7|0.8 9
2103 台橡|橡膠工業|4 -1 5|87 87 29 26|0.9 66
2104 國際中橡|橡膠工業|-12 -16 -0|76 76 -13 -2|0.5 35
2105 正新|橡膠工業|7 1 6|62 92 -1 -4|0.6 322
2106 建大|橡膠工業|8 -2 1|71 80 -17 -15|0.8 13
2107 厚生|橡膠工業|4 -7 -1|100 100 5 10|1.4 8
2108 南帝|橡膠工業|24 14 26|95 95 16 23|1.5 30
2201 裕隆|汽車工業|-7 -5 8|62 62 -16 -18|0.6 79
2204 中華|汽車工業|4 18 17|78 89 -4 -9|0.8 63
2206 三陽工業|汽車工業|-6 -0 2|83 89 -5 -7|1.5 64
2207 和泰車|汽車工業|1 -3 -2|75 76 -10 -18|0.9 174
2208 台船|航運業|-25 29 -30|69 83 -10 -0|0.6 63
2211 長榮鋼|鋼鐵工業|16 -12 -21|81 81 -2 -9|1.2 57
2221 大甲|其他|-4 17 16|86 86 14 25|2.4 13
2228 劍麟|汽車工業|-2 -5 -1|71 79 -14 -11|0.7 16
2230 泰茂|居家生活|186 94 66|26 27 -69 -72|0.9 9
2231 為升|汽車工業|-27 -14 6|81 84 17 14|0.9 146
2233 宇隆|汽車工業|3 -7 5|100 100 34 58|1.5 239
2236 百達-KY|汽車工業|69 24 -301|100 100 25 50|1.3 64
2241 艾姆勒|汽車工業|4 25 4|73 73 -14 -22|1.7 11
2243 宏旭-KY|汽車工業|52 296 202|90 90 117 105|2.4 30
2247 汎德永業|汽車工業|-32 -33 -17|66 74 -22 -24|1.4 19
2258 鴻華先進-創|汽車工業|-14 -48 14|62 65 -26 -27|0.6 21
2301 光寶科|電腦及週|23 19 -1|90 90 -1 -7|1.3 4193
2302 麗正|半導體業|5 14 6|92 92 -6 1|1.2 11
2303 聯電|半導體業|5 6 3|100 100 20 77|1.4 12943
2305 全友|電腦及週|75 50 31|82 82 11 45|0.8 60
2308 台達電|電子零組|38 34 2|100 100 78 107|1.1 23274
2312 金寶|其他電子|-13 -15 -5|79 79 -8 21|2.2 861
2313 華通|電子零組|11 17 9|94 94 73 212|1.0 21696
2314 台揚|通信網路|98 53 22|50 56 -37 -39|0.5 6
2316 楠梓電|電子零組|16 16 1|95 95 16 15|1.5 772
2317 鴻海|其他電子|46 30 10|87 87 2 -9|1.3 12348
2323 中環|光電業|6 16 15|79 79 -4 13|0.4 51
2324 仁寶|電腦及週|17 1 16|83 88 -9 -12|0.7 1027
2327 國巨*|電子零組|23 23 10|100 100 16 39|1.2 10520
2328 廣宇|電子零組|-28 -26 -15|88 93 -0 -2|2.5 135
2329 華泰|半導體業|10 20 -7|86 86 -4 24|0.8 1152
2330 台積電|半導體業|45 35 4|100 100 30 55|1.3 88212
2331 精英|電腦及週|31 44 18|69 69 -25 -2|0.4 40
2332 友訊|通信網路|5 3 8|76 80 -17 -16|1.6 39
2337 旺宏|半導體業|96 69 41|97 97 110 324|1.3 21185
2338 光罩|半導體業|-1 -6 13|85 85 14 21|0.6 164
2340 台亞|半導體業|-10 -0 -1|93 93 44 51|2.6 332
2342 茂矽|半導體業|-11 -12 -7|93 93 -7 -5|2.2 48
2344 華邦電|半導體業|91 91 58|74 74 -8 78|1.0 15384
2345 智邦|通信網路|44 66 -49|100 100 118 160|1.0 8937
2347 聯強|電子通路|64 37 28|96 96 22 40|0.9 453
2348 海悅|其他|-62 38 38|59 83 -8 -15|0.7 22
2349 錸德|光電業|-8 -4 -10|76 76 -17 24|0.5 48
2351 順德|半導體業|13 11 15|95 95 78 67|1.8 1192
2352 佳世達|電腦及週|10 3 1|64 74 -5 -25|0.8 108
2353 宏碁|電腦及週|2 23 14|81 91 6 -9|0.6 530
2354 鴻準|其他電子|-61 -9 -102|70 73 -11 -25|1.2 297
2355 敬鵬|電子零組|6 5 6|93 93 44 53|0.8 1124
2356 英業達|電腦及週|47 27 16|91 91 -9 -1|1.2 970
2357 華碩|電腦及週|34 44 12|83 83 16 -17|0.8 2044
2359 所羅門|其他電子|-44 -23 -30|75 89 -5 -7|1.9 119
2360 致茂|其他電子|63 74 37|100 100 129 211|1.2 8867
2362 藍天|電腦及週|4 20 32|82 89 -2 -5|0.7 18
2363 矽統|半導體業|31 138 -453|86 90 -1 -5|1.0 402
2364 倫飛|電腦及週|-13 -10 -18|54 83 -3 -9|0.8 9
2365 昆盈|電腦及週|1 4 5|72 87 -0 -5|2.0 310
2367 燿華|電子零組|-15 -10 6|76 76 47 117|0.5 4235
2368 金像電|電子零組|63 62 1|100 100 130 241|0.8 7376
2369 菱生|半導體業|33 40 24|87 87 2 45|0.6 499
2371 大同|電機機械|8 8 -0|70 71 -24 -15|0.8 484
2374 佳能|光電業|92 78 5|77 87 -5 -6|1.5 293
2375 凱美|電子零組|3 11 6|82 82 -17 -12|1.4 268
2376 技嘉|電腦及週|75 60 21|90 97 17 -3|0.9 2478
2377 微星|電腦及週|-12 6 -10|65 84 -6 -12|1.7 538
2379 瑞昱|半導體業|4 4 3|92 92 3 2|0.9 1723
2382 廣達|電腦及週|88 65 15|94 94 12 5|0.9 6187
2383 台光電|電子零組|57 52 8|100 100 186 279|1.1 11837
2385 群光|電子零組|4 -2 4|80 97 7 -2|1.0 481
2387 精元|電腦及週|13 -7 12|91 97 12 7|0.3 25
2388 威盛|半導體業|69 6 33|100 100 52 54|3.6 1022
2392 正崴|電子零組|0 -13 -5|61 73 -8 -27|1.0 76
2393 億光|光電業|-4 1 7|92 97 27 21|0.7 192
2395 研華|電腦及週|22 17 0|100 100 38 20|1.1 966
2397 友通|電腦及週|29 17 2|68 81 -7 -19|1.0 11
2399 映泰|電腦及週|-22 -12 -2|100 100 61 71|2.4 862
2401 凌陽|半導體業|22 13 14|99 99 11 12|2.1 131
2402 毅嘉|電子零組|13 16 3|93 93 29 43|1.0 1605
2404 漢唐|其他電子|101 76 15|80 85 -1 15|0.9 3621
2405 輔信|電腦及週|1 -2 -7|77 79 -12 -20|0.6 25
2406 國碩|光電業|160 169 105|85 85 14 64|0.3 307
2408 南亞科|半導體業|560 585 315|73 73 -11 82|1.3 22580
2409 友達|光電業|1 -4 1|82 82 10 29|0.6 5683
2412 中華電|通信網路|8 7 3|98 98 2 3|1.0 1276
2413 環科|電子零組|18 2 -5|76 76 1 106|0.3 143
2414 精技|電子通路|47 30 8|99 99 13 10|0.8 9
2415 錩新|電子零組|2 16 5|87 87 -4 14|0.8 6
2417 圓剛|電腦及週|33 15 8|100 100 33 30|3.5 56
2419 仲琦|通信網路|55 9 5|81 81 1 32|0.3 306
2420 新巨|電子零組|3 1 3|97 99 3 7|0.8 14
2421 建準|電子零組|22 20 -4|79 79 -3 2|0.7 611
2423 固緯|其他電子|35 29 15|100 100 13 11|1.5 15
2425 承啟|電腦及週|61 73 21|78 93 -0 2|1.0 11
2426 鼎元|光電業|-14 -10 -3|100 100 232 250|1.8 322
2427 三商電|資訊服務|-56 92 7|64 72 -20 -18|0.7 12
2428 興勤|電子零組|11 7 3|89 92 2 -8|0.9 195
2429 銘旺科|光電業|30 -9 -56|34 54 -28 -44|2.7 24
2431 聯昌|電子零組|-57 -34 -18|61 61 -19 -13|0.2 6
2436 偉詮電|半導體業|26 32 13|93 93 45 48|2.0 296
2439 美律|通信網路|24 24 14|75 78 -19 -12|1.4 201
2440 太空梭|電子零組|15 14 24|98 98 14 38|4.1 6
2441 超豐|半導體業|14 22 9|86 86 -7 30|1.3 753
2442 新美齊|建材營造|611 3480 2384|61 69 -20 -30|1.1 42
2444 兆勁|通信網路|-27 -31 -10|90 90 -10 18|0.6 7
2449 京元電子|半導體業|36 39 5|100 100 21 76|1.6 7459
2450 神腦|通信網路|31 16 8|96 97 2 1|1.0 5
2451 創見|半導體業|381 356 199|85 85 14 101|1.1 2261
2453 凌群|資訊服務|9 7 -0|84 85 -7 -6|0.4 18
2454 聯發科|半導體業|13 -4 -12|100 100 93 122|1.6 27409
2455 全新|通信網路|17 21 9|97 97 100 138|1.2 3153
2457 飛宏|電子零組|-12 -7 3|64 64 -36 -23|0.4 57
2458 義隆|半導體業|20 4 6|98 98 20 11|0.8 408
2459 敦吉|其他電子|5 6 6|98 98 -2 2|1.8 6
2460 建通|電子零組|50 68 54|88 88 55 101|2.3 101
2461 光群雷|其他電子|-13 2 4|88 88 -1 8|0.9 15
2462 良得電|電子零組|-12 1 4|75 75 -16 -14|0.6 7
2464 盟立|其他電子|8 8 19|100 100 73 75|2.9 775
2465 麗臺|電腦及週|83 95 53|100 100 44 20|2.8 105
2466 冠西電|光電業|-47 -8 12|52 82 -7 13|0.4 57
2467 志聖|電子零組|78 68 28|95 95 134 230|0.9 1167
2468 華經|資訊服務|-15 -20 -25|43 74 -16 -27|0.3 9
2471 資通|資訊服務|3 15 1|81 96 -1 2|0.7 10
2472 立隆電|電子零組|9 9 4|98 98 53 60|0.9 719
2474 可成|其他電子|-25 -13 -10|90 90 4 6|2.3 851
2476 鉅祥|電子零組|42 31 14|92 92 24 20|2.2 760
2477 美隆電|其他電子|-23 1 8|81 82 -16 -8|1.6 6
2478 大毅|電子零組|14 10 4|92 92 1 15|0.6 151
2480 敦陽科|資訊服務|8 17 5|81 89 4 -11|2.0 38
2481 強茂|半導體業|19 11 5|84 84 2 11|0.7 2642
2484 希華|電子零組|-5 -7 -13|84 84 49 78|0.5 322
2485 兆赫|通信網路|200 149 49|79 79 86 381|0.6 2541
2486 一詮|光電業|19 20 8|100 100 210 281|0.9 701
2488 漢平|其他電子|-14 6 15|97 97 10 10|0.9 15
2489 瑞軒|光電業|11 9 4|88 88 81 186|1.0 1028
2492 華新科|電子零組|11 9 4|88 88 -12 0|0.7 1257
2493 揚博|電子零組|-6 1 -0|74 81 6 34|1.1 353
2495 普安|電腦及週|61 35 30|90 90 17 69|0.7 454
2497 怡利電|汽車工業|11 6 12|88 88 1 17|1.4 45
2498 宏達電|通信網路|-8 -7 1|55 79 -13 -21|1.0 267
2501 國建|建材營造|286 164 100|85 85 -0 -4|2.5 73
2504 國產|建材營造|-10 -6 -8|80 88 -4 -2|0.9 86
2505 國揚|建材營造|-39 171 -22454|85 91 -8 -4|2.1 9
2515 中工|建材營造|30 34 38|71 71 -2 -3|0.3 79
2520 冠德|建材營造|8 4 12|54 82 -12 -12|1.0 46
2527 宏璟|建材營造|3888 1295 1022|88 88 18 44|1.0 23
2528 皇普|建材營造|-100 -99 -645349|62 74 -20 -22|0.9 14
2530 華建|建材營造|1041 292 50|61 67 -27 -28|1.7 25
2534 宏盛|建材營造|-88 -89 -228|74 88 -6 -11|1.4 8
2535 達欣工|建材營造|25 77 15|96 96 10 20|1.6 43
2536 宏普|建材營造|-54 20 -3081|69 78 -10 -20|0.9 6
2537 聯上發|建材營造|60177 20209 13576|77 83 -5 -9|1.1 6
2539 櫻花建|建材營造|-93 90 na|59 81 -18 -19|2.0 43
2540 愛山林|建材營造|28 -12 -26|64 91 7 -2|1.8 77
2542 興富發|建材營造|1538 1598 1193|89 99 4 3|3.7 219
2543 皇昌|建材營造|20 20 17|50 58 -32 -35|1.0 106
2545 皇翔|建材營造|96 16 49|73 91 0 -9|0.8 10
2546 根基|建材營造|-4 10 -36|91 93 -6 -1|0.6 10
2547 日勝生|建材營造|51 20 26|75 90 -6 -2|1.0 19
2548 華固|建材營造|81839 45235 28816|93 93 12 19|1.0 198
2597 潤弘|建材營造|2 20 0|79 84 -12 -10|1.2 87
2603 長榮|航運業|-18 -21 4|91 94 7 10|0.6 1715
2605 新興|航運業|35 49 31|81 81 19 46|0.2 284
2606 裕民|航運業|18 14 11|90 90 -2 13|0.5 215
2607 榮運|航運業|-4 -13 9|73 79 -20 -18|0.9 28
2608 嘉里大榮|航運業|5 1 -0|84 88 -9 -12|1.1 8
2609 陽明|航運業|-6 -14 14|64 76 -10 -9|0.5 792
2610 華航|航運業|20 9 6|78 78 -21 -11|0.6 455
2611 志信|航運業|308 114 87|70 88 -9 -6|0.8 6
2612 中航|航運業|6 1 -1|73 73 -11 0|0.3 27
2613 中櫃|航運業|5 7 3|69 84 -4 -6|0.3 7
2614 東森|其他|-1 -3 -0|85 85 -5 -8|0.8 13
2615 萬海|航運業|-11 -9 8|62 86 -1 -3|0.4 627
2616 山隆|油電燃氣|12 -1 8|58 58 2 -2|0.4 10
2617 台航|航運業|12 6 6|87 87 -7 2|0.7 19
2618 長榮航|航運業|18 11 10|82 86 -14 -7|0.8 681
2630 亞航|航運業|-15 -10 -13|69 89 -10 -6|0.6 45
2633 台灣高鐵|航運業|4 4 0|92 92 -2 -4|0.9 131
2634 漢翔|航運業|-7 3 4|73 85 -14 -10|0.7 197
2636 台驊控股|航運業|-5 -13 10|83 95 -1 -2|0.5 16
2637 慧洋-KY|航運業|35 24 28|96 96 1 16|0.6 146
2640 大車隊|數位雲端|2 6 2|91 91 42 34|0.4 12
2641 正德|航運業|11 20 -20|77 78 -15 -18|0.4 21
2645 長榮航太|航運業|12 14 1|79 90 -10 5|0.6 165
2646 星宇航空|航運業|33 25 4|77 84 -14 -16|1.1 83
2702 華園|觀光餐旅|2 2 5|89 89 33 35|0.6 6
2704 國賓|觀光餐旅|7 4 -0|83 93 -7 -1|1.0 5
2705 六福|觀光餐旅|-2 0 1|88 95 3 -1|2.5 5
2707 晶華|觀光餐旅|6 7 -2|90 94 -4 -5|1.5 50
2723 美食-KY|觀光餐旅|-21 -17 -7|70 84 -16 -9|0.8 20
2727 王品|觀光餐旅|8 10 4|91 97 4 6|0.8 54
2731 雄獅|觀光餐旅|11 14 8|88 88 -7 3|0.7 104
2743 山富|觀光餐旅|-25 7 4|68 77 -14 -20|0.5 8
2745 五福|觀光餐旅|18 16 1|73 90 -2 -4|0.8 19
2748 雲品|觀光餐旅|-6 10 7|79 89 -5 -10|0.8 6
2753 八方雲集|觀光餐旅|7 4 -4|84 84 -3 -3|1.0 33
2755 揚秦|觀光餐旅|18 21 1|92 92 18 23|0.4 6
2801 彰銀|金融保險|24 16 4|95 95 3 4|1.0 335
2812 台中銀|金融保險|8 10 2|84 91 -3 -9|1.6 280
2820 華票|金融保險|46 99 28|97 97 4 2|1.2 19
2832 台產|金融保險|1 -0 0|95 95 6 10|0.9 8
2834 臺企銀|金融保險|5 3 -1|96 96 4 5|1.0 437
2836 高雄銀|金融保險|-12 8 -5|91 91 -2 -4|1.0 20
2838 聯邦銀|金融保險|8 13 2|95 95 9 4|0.8 35
2845 遠東銀|金融保險|13 11 6|90 94 -4 -5|1.2 72
2850 新產|金融保險|19 10 4|98 98 12 14|1.5 40
2851 中再保|金融保險|-41 55 37|95 95 12 23|0.7 49
2852 第一保|金融保險|1 -3 -0|92 92 -6 -2|0.8 8
2855 統一證|金融保險|-66 176 104|100 100 30 56|1.4 181
2880 華南金|金融保險|33 22 13|84 84 -4 9|1.5 695
2881 富邦金|金融保險|139 73 -53|93 93 -2 0|1.3 1859
2882 國泰金|金融保險|200 63 39|96 96 1 18|1.1 2072
2883 凱基金|金融保險|275 99 855|97 97 21 33|1.1 785
2884 玉山金|金融保險|10 18 -3|89 89 -7 3|1.2 1008
2885 元大金|金融保險|70 78 51|100 100 28 55|1.2 1352
2886 兆豐金|金融保險|18 12 6|91 94 -2 -5|1.3 1016
2887 台新新光金|金融保險|1119 509 305|92 92 6 24|0.9 1537
2889 國票金|金融保險|50 56 34|83 83 -12 -5|1.0 44
2890 永豐金|金融保險|51 40 17|92 92 5 18|1.2 756
2891 中信金|金融保險|32 31 -2|94 94 4 26|1.0 2552
2892 第一金|金融保險|19 17 4|94 94 -3 -1|1.7 542
2897 王道銀行|金融保險|38 34 20|97 97 10 11|0.8 36
2903 遠百|貿易百貨|-3 2 4|91 91 1 1|0.7 42
2905 三商|貿易百貨|-56 -10 -15|78 78 -14 -11|0.8 9
2912 統一超|貿易百貨|5 5 1|87 93 6 -8|0.8 551
2913 農林|貿易百貨|-6 -7 -7|60 78 -15 -21|1.1 19
2915 潤泰全|貿易百貨|-35 -34 -15|77 77 -15 -19|1.0 99
3003 健和興|電子零組|26 27 23|96 99 10 9|1.3 39
3004 豐達科|鋼鐵工業|31 29 9|73 97 -0 5|1.0 54
3005 神基|電腦及週|-7 -2 -10|63 73 -12 -26|0.7 467
3006 晶豪科|半導體業|188 149 99|80 80 17 93|1.0 2688
3008 大立光|光電業|11 6 6|91 91 8 19|1.4 3936
3010 華立|電子通路|24 18 17|96 96 16 49|0.9 162
3011 今皓|電子零組|-37 -37 3|80 90 -1 -3|1.3 17
3013 晟銘電|電腦及週|41 20 12|76 76 -11 -14|1.4 337
3014 聯陽|半導體業|8 0 -2|93 96 5 -4|1.2 108
3015 全漢|電子零組|-10 0 -9|83 83 -7 -14|0.9 13
3016 嘉晶|半導體業|20 18 15|100 100 40 64|1.2 246
3017 奇鋐|電腦及週|112 112 6|98 98 113 122|0.9 9818
3019 亞光|光電業|12 15 1|83 87 -5 -6|1.8 387
3022 威強電|電腦及週|10 -11 -3|86 99 5 4|0.8 57
3023 信邦|電子零組|8 1 7|99 99 53 35|1.2 577
3024 憶聲|光電業|-58 -57 -24|87 95 19 17|2.1 27
3025 星通|通信網路|86 63 37|80 80 -15 33|0.4 42
3026 禾伸堂|電子零組|0 7 4|89 89 104 90|1.7 1093
3027 盛達|通信網路|-40 -46 -35|46 65 -31 -23|1.1 6
3028 增你強|電子通路|125 93 57|98 98 69 96|1.1 257
3029 零壹|資訊服務|26 7 -16|78 88 -5 -5|1.4 128
3030 德律|其他電子|15 26 -8|100 100 109 142|1.0 2314
3031 佰鴻|光電業|23 12 8|93 93 55 50|1.9 238
3032 偉訓|電子零組|0 14 -40|55 63 -12 -29|0.9 36
3033 威健|電子通路|13 20 2|100 100 21 26|1.9 132
3034 聯詠|半導體業|-10 -15 -6|80 96 8 2|0.9 1368
3035 智原|半導體業|-69 -58 -63|85 91 -2 1|4.2 874
3036 文曄|電子通路|119 100 58|82 82 42 49|0.7 1580
3037 欣興|電子零組|23 25 8|100 100 179 461|0.8 7214
3038 全台|光電業|-1 -7 7|96 97 1 15|0.8 8
3040 遠見|其他|5 9 11|58 67 -12 -31|0.3 9
3041 揚智|半導體業|12 11 16|75 80 -9 -19|1.2 18
3042 晶技|電子零組|3 6 2|99 99 87 82|0.7 657
3044 健鼎|電子零組|24 22 8|96 96 34 42|1.4 1859
3045 台灣大|通信網路|6 3 3|97 97 3 -1|1.3 865
3046 建碁|電腦及週|2 1 -13|88 88 -12 2|0.7 7
3047 訊舟|通信網路|-53 -38 15|61 68 -25 -18|0.9 16
3048 益登|電子通路|27 17 13|82 85 -7 -5|0.6 86
3049 精金|光電業|-46 -23 -17|74 74 21 102|0.4 110
3050 鈺德|光電業|-13 -7 -7|80 80 -16 0|0.6 8
3051 力特|光電業|-15 -17 -9|96 100 8 46|4.9 20
3052 夆典|建材營造|21 16 -15|78 87 -9 -4|1.1 7
3054 立萬利|食品工業|1091 655 421|74 74 121 180|1.4 38
3055 蔚華科|電子通路|19 15 7|92 92 9 26|2.4 57
3056 富華新|建材營造|-57 -35 -80|38 70 -21 -30|0.9 18
3057 喬鼎|電腦及週|100 31 15|84 84 7 61|2.1 8
3059 華晶科|光電業|-3 10 -9|65 82 -9 -16|2.8 70
3060 銘異|電腦及週|-5 9 4|75 75 -18 25|0.4 65
3062 建漢|通信網路|31 26 4|79 79 -1 6|0.6 470
3066 李洲|光電業|-8 27 13|78 78 27 29|0.6 12
3071 協禧|電腦及週|29 31 29|90 90 21 25|0.6 26
3078 僑威|電子零組|-55 -40 -37|61 72 -14 -28|0.5 44
3081 聯亞|通信網路|89 101 -1|91 91 251 470|1.2 8456
3086 華義*|文化創意|-12 -23 -25|95 95 77 99|2.5 42
3088 艾訊|電腦及週|31 32 25|100 100 31 38|2.3 171
3090 日電貿|電子零組|34 19 -8|97 97 4 8|1.1 621
3092 鴻碩|電子零組|7 -9 7|83 83 24 110|0.5 26
3093 港建*|其他電子|-86 -13 -46|77 77 131 133|1.2 322
3094 聯傑|半導體業|-11 -8 -12|99 99 9 13|2.6 22
3105 穩懋|半導體業|34 28 19|85 85 127 419|0.9 16328
3130 一零四|數位雲端|10 4 -1|95 97 -1 -1|0.9 6
3131 弘塑|半導體業|0 31 -25|88 88 75 109|0.9 2903
3135 凌航|半導體業|141 196 na|na 99 23 228|1.9 293
3138 耀登|通信網路|32 21 11|71 71 -11 61|0.5 529
3141 晶宏|半導體業|14 9 -1|79 92 1 7|1.1 22
3147 大綜|資訊服務|-40 41 8|67 88 2 4|0.4 29
3149 正達|光電業|-25 33 21|85 85 -14 36|1.1 206
3152 璟德|通信網路|-1 -9 8|93 93 6 38|2.5 311
3162 精確|電機機械|21 8 -37|90 90 19 42|1.8 405
3163 波若威|通信網路|24 26 2|97 97 229 410|1.2 2461
3167 大量|電機機械|147 130 19|99 99 282 426|0.9 739
3169 亞信|半導體業|-15 -5 -7|93 93 7 9|2.2 29
3171 炎洲流通|居家生活|97 77 26|95 95 44 33|0.8 9
3176 基亞|生技醫療|-68 -32 -22|95 95 1 12|2.7 10
3178 公準|半導體業|37 -7 -0|100 100 22 26|0.9 23
3188 鑫龍騰|建材營造|1428 940 512|83 83 -4 3|0.7 10
3189 景碩|半導體業|25 30 -1|100 100 158 286|1.2 15219
3205 佰研|生技醫療|74 45 56|90 90 15 11|0.5 25
3206 志豐|電子零組|-14 -13 3|83 83 8 1|0.2 6
3207 耀勝|電子零組|20 13 -13|73 73 -18 -12|0.5 18
3209 全科|電子通路|12 21 17|95 95 54 63|2.1 171
3211 順達|電腦及週|76 43 28|87 87 13 13|0.8 2830
3213 茂訊|電腦及週|57 5 2|82 95 3 1|0.6 29
3217 優群|電子零組|5 2 -11|83 83 7 -5|1.2 137
3218 大學光|生技醫療|1 -2 -0|67 93 -4 2|2.7 33
3219 倚強科|其他電子|5 70 14|62 90 3 14|0.8 15
3221 台嘉碩|通信網路|-4 -0 -2|81 81 56 79|0.2 218
3224 三顧|電子通路|18 8 2|90 90 2 1|5.8 6
3227 原相|半導體業|-5 -6 -7|81 89 -3 -12|1.0 247
3228 金麗科|半導體業|11 4 12|92 92 53 40|1.4 107
3229 晟鈦|電子零組|73 47 25|100 100 85 205|1.5 19
3230 錦明|光電業|8 -14 0|55 76 6 -26|0.4 21
3231 緯創|電腦及週|118 149 17|89 89 4 -5|0.9 5125
3234 光環|通信網路|-9 -11 -18|87 87 105 192|0.5 270
3236 千如|電子零組|13 19 3|81 81 -9 17|0.5 81
3257 虹冠電|半導體業|-36 -33 -58|69 72 -25 -31|0.6 14
3260 威剛|半導體業|181 165 86|87 87 45 141|1.8 10822
3264 欣銓|半導體業|27 24 10|100 100 42 142|0.8 3383
3265 台星科|半導體業|25 21 6|100 100 30 96|0.8 690
3289 宜特|其他電子|-11 -4 -13|92 92 63 78|0.7 625
3290 東浦|電子零組|68 52 28|92 94 9 -1|0.9 43
3293 鈊象|文化創意|18 17 0|86 93 1 2|0.8 1265
3294 英濟|電子零組|0 -1 9|52 70 -25 -27|0.4 16
3303 岱稜|其他電子|3 4 5|97 100 6 9|1.8 10
3305 昇貿|其他電子|73 60 26|70 86 -7 5|0.5 450
3306 鼎天|通信網路|-19 26 8|67 74 -14 -28|0.5 7
3310 佳穎|電子零組|-61 -46 -98|77 77 -11 4|0.4 7
3311 閎暉|通信網路|-12 -13 -4|74 87 -11 -11|0.7 7
3312 弘憶股|電子通路|3 -0 -9|78 87 2 5|1.1 75
3317 尼克森|半導體業|13 12 3|100 100 11 7|3.6 134
3322 建舜電|電子零組|17 3 1|74 74 -21 2|1.3 15
3323 加百裕|電腦及週|-14 -8 2|61 77 -18 -18|0.4 23
3324 雙鴻|其他電子|92 93 32|98 98 28 18|0.9 4680
3338 泰碩|電子零組|5 -8 -0|87 87 32 32|3.1 133
3339 泰谷|光電業|54 53 6|84 84 100 112|0.3 268
3346 麗清|汽車工業|-11 -19 -3|62 73 -22 -21|1.1 7
3354 律勝|電子零組|14 10 25|86 86 -2 74|0.4 18
3356 奇偶|光電業|11 8 15|89 100 10 16|1.7 34
3357 臺慶科|電子零組|12 11 -4|83 83 -1 9|0.7 467
3362 先進光|光電業|17 8 7|77 89 -11 8|0.8 84
3363 上詮|通信網路|-26 -3 -30|85 85 103 130|0.2 1845
3372 典範|半導體業|33 36 6|73 73 -16 7|0.5 14
3374 精材|半導體業|14 25 16|93 93 14 32|2.4 1752
3376 新日興|電子零組|-10 -16 6|79 89 -7 -0|0.9 1071
3379 彬台|電機機械|-66 -32 -110|49 66 -25 -31|3.6 10
3380 明泰|通信網路|50 16 4|81 81 -1 3|0.5 280
3388 崇越電|電子零組|26 12 11|95 95 83 86|1.5 113
3390 旭軟|電子零組|23 19 22|87 87 3 13|2.6 19
3402 漢科|其他電子|7 11 11|92 95 0 14|1.1 75
3406 玉晶光|光電業|14 14 2|99 99 17 28|1.4 774
3413 京鼎|半導體業|27 14 -7|87 87 16 -0|1.0 639
3416 融程電|電腦及週|14 20 -1|79 97 1 -3|1.2 60
3419 譁裕|通信網路|0 5 -10|85 85 3 10|0.9 7
3430 奇鈦科|化學工業|74 33 11|100 100 83 83|1.0 147
3437 榮創|光電業|-22 -24 0|92 92 80 78|1.9 150
3438 類比科|半導體業|-24 -23 -18|96 96 5 18|5.5 7
3441 聯一光電|光電業|40 21 -7|82 82 -11 8|0.4 6
3443 創意|半導體業|33 67 14|100 100 82 217|0.5 6744
3444 利機|電子通路|9 5 -1|86 86 19 50|0.9 62
3447 展達|通信網路|10 9 -23|48 65 -16 -36|0.8 7
3450 聯鈞|半導體業|-26 -24 -13|87 87 30 21|0.9 7075
3455 由田|光電業|-84 -44 -26|100 100 133 200|1.5 467
3466 德晉|通信網路|711 276 227|75 79 -5 -8|0.7 23
3467 台灣精材|半導體業|26 10 10|96 100 53 63|1.4 15
3479 安勤|電腦及週|22 11 2|80 83 1 -17|1.1 29
3481 群創|光電業|33 19 12|75 75 -2 80|0.3 6641
3483 力致|電腦及週|35 12 8|81 82 3 -16|1.4 86
3484 崧騰|電子零組|-5 -5 -5|83 87 -13 -8|1.1 12
3490 單井|光電業|-14 12 16|92 92 12 9|1.0 63
3491 昇達科|通信網路|36 69 54|94 94 58 298|1.4 3220
3498 陽程|其他電子|157 100 4|100 100 92 101|0.8 338
3501 維熹|電子零組|-12 -14 -3|81 81 -14 -10|0.5 7
3504 揚明光|光電業|22 5 3|87 87 12 16|1.0 45
3508 位速|其他電子|29 1 -16|43 43 -7 -7|0.2 13
3511 矽瑪|電子零組|8 1 5|95 99 6 7|4.2 7
3515 華擎|電腦及週|55 22 -50|70 70 3 -28|2.1 132
3518 柏騰|其他電子|-40 -12 -0|100 100 55 62|1.3 24
3526 凡甲|電子零組|19 18 3|100 100 50 56|2.7 183
3527 聚積|半導體業|-20 -9 8|81 93 2 -1|0.8 13
3528 安馳|電子通路|132 102 18|86 100 16 7|1.7 25
3529 力旺|半導體業|30 21 13|95 95 175 96|0.5 3150
3530 晶相光|半導體業|52 55 32|84 84 -9 7|1.0 16
3532 台勝科|半導體業|16 11 9|100 100 55 97|0.7 413
3533 嘉澤|電子零組|23 20 8|96 96 79 88|0.9 3496
3535 晶彩科|光電業|-9 4770 2975|95 95 40 93|0.8 785
3537 堡達|電子零組|0 7 -1|79 79 -16 -18|0.5 7
3540 曜越|電腦及週|-11 -2 -26|71 78 -17 -13|1.4 6
3543 州巧|光電業|-9 -6 -2|73 73 -22 -2|0.5 54
3545 敦泰|半導體業|-14 -17 -1|73 84 -8 -17|0.8 79
3546 宇峻|文化創意|48 58 39|61 83 -12 -10|0.7 12
3548 兆利|電子零組|-37 -35 -24|79 88 10 1|0.8 89
3550 聯穎|電子零組|30 21 15|100 100 42 51|0.9 64
3551 世禾|綠能環保|13 19 1|90 90 -1 11|0.9 240
3552 同致|其他電子|-26 -14 -10|71 71 -10 -20|0.5 27
3555 博士旺|半導體業|4721 4183 2762|100 100 218 222|0.2 32
3556 禾瑞亞|半導體業|24 34 22|88 88 23 34|1.0 22
3558 神準|通信網路|-28 -23 -36|55 70 -22 -29|0.6 17
3563 牧德|光電業|11 9 -79|93 93 81 68|0.7 2419
3576 聯合再生|光電業|-41 -48 -0|58 58 49 117|0.5 456
3577 泓格|電腦及週|90 26 15|84 100 40 36|1.8 19
3580 友威科|其他電子|-22 -30 4|100 100 37 53|1.8 119
3581 博磊|半導體業|40 14 -1|100 100 166 265|0.4 95
3583 辛耘|半導體業|6 11 -3|89 89 140 126|1.3 1541
3587 閎康|其他電子|21 15 3|91 91 75 65|1.0 1265
3588 通嘉|半導體業|29 15 19|90 90 15 25|2.7 35
3591 艾笛森|光電業|12 2 12|86 86 17 31|0.7 103
3592 瑞鼎|半導體業|1 -7 2|66 94 2 -0|1.1 113
3594 磐儀|電腦及週|60 31 2|97 97 49 31|1.7 44
3596 智易|通信網路|2 1 -7|69 82 -6 -17|0.4 211
3605 宏致|電子零組|3 9 3|99 99 32 21|4.1 248
3611 鼎翰|電腦及週|1 -3 -23|87 87 -6 -5|0.8 6
3615 安可|光電業|-28 -14 -5|88 88 25 45|0.8 54
3617 碩天|其他電子|7 2 7|69 74 -2 -21|0.8 53
3622 洋華|光電業|-2 2 -13|76 76 -21 2|0.6 18
3624 光頡|電子零組|31 18 10|78 78 -15 14|0.5 84
3625 西勝|電腦及週|14 15 10|48 57 -18 -43|1.1 6
3628 盈正|其他電子|4 16 3|68 68 -2 -27|0.8 13
3630 新鉅科|光電業|14 26 2|67 72 -21 -11|0.3 18
3645 達邁|電子零組|24 2 -0|85 85 47 62|0.7 1107
3653 健策|電子零組|19 11 -20|98 98 107 145|0.3 5943
3661 世芯-KY|半導體業|-47 -60 -7|100 100 30 39|1.2 10294
3663 鑫科|其他電子|65 119 71|94 94 9 57|0.6 201
3665 貿聯-KY|其他電子|22 28 -3|100 100 107 103|0.7 6710
3669 圓展|通信網路|29 23 18|100 100 12 45|1.7 7
3673 TPK-KY|光電業|24 31 28|85 85 44 66|1.2 802
3675 德微|半導體業|13 9 14|88 88 44 24|0.8 174
3679 新至陞|電子零組|-9 -16 -11|88 94 5 -0|1.0 5
3680 家登|半導體業|-23 21 6|100 100 28 70|2.5 1874
3685 元創精密|電機機械|90 45 33|66 67 -14 -32|0.6 11
3687 歐買尬|數位雲端|13 14 5|77 78 -22 -19|0.6 5
3689 湧德|電子零組|42 28 8|98 98 15 36|0.9 752
3691 碩禾|光電業|169 182 110|96 96 8 84|0.7 99
3693 營邦|電腦及週|-25 -37 -8|90 90 90 79|0.7 1810
3694 海華|通信網路|27 27 2|59 78 -0 -15|0.6 56
3701 大眾控|電腦及週|-30 -30 -2|85 85 19 82|0.8 422
3702 大聯大|電子通路|29 28 14|100 100 63 70|0.8 1479
3703 欣陸|建材營造|1 -14 -21|84 85 -12 -6|0.9 24
3704 合勤控|通信網路|25 -9 0|88 88 -10 1|0.7 103
3705 永信|生技醫療|-24 -15 -11|84 96 -3 -4|0.5 13
3706 神達|電腦及週|43 34 -24|77 77 -2 -11|0.6 816
3707 漢磊|半導體業|22 20 13|98 100 7 18|3.1 433
3708 上緯投控|綠能環保|7 -43 -12|81 93 -3 1|0.7 122
3709 鑫聯大投控|電腦及週|23 44 -1|100 100 39 91|1.0 217
3711 日月光投控|半導體業|15 17 7|100 100 76 159|1.2 10447
3712 永崴投控|電腦及週|-9 -39 -50|39 53 -28 -48|1.5 21
3714 富采|光電業|-7 -7 3|100 100 125 122|0.6 1436
3715 定穎投控|電子零組|42 25 10|88 88 31 88|0.4 4492
3717 聯嘉投控|汽車工業|na na na|na 84 4 5|0.5 27
4104 佳醫|生技醫療|15 9 5|84 88 -5 -12|1.4 24
4105 東洋|生技醫療|6 3 -4|91 91 -7 -1|0.9 64
4107 邦特|生技醫療|12 6 2|89 89 -5 -5|1.1 7
4114 健喬|生技醫療|17 12 -0|78 92 -7 -8|1.0 25
4119 旭富|生技醫療|-24 12 19|66 81 -12 -20|1.2 9
4123 晟德|生技醫療|56 30 28|79 79 -8 14|0.4 91
4128 中天|生技醫療|8 10 0|54 70 -27 -29|1.0 24
4129 聯合|生技醫療|18 15 -5|76 76 -12 -19|0.9 26
4130 健亞|生技醫療|-26 -17 -11|76 76 -20 42|0.2 27
4137 麗豐-KY|生技醫療|4 29 22|91 91 1 5|0.5 13
4142 國光生|生技醫療|2103 667 429|81 81 -11 -9|0.5 24
4147 中裕|生技醫療|0 -7 -7|51 68 -19 -31|0.6 48
4162 智擎|生技醫療|6 62 55|65 75 -21 -17|1.0 19
4164 承業醫|生技醫療|3 21 3|56 64 -17 -33|1.4 29
4166 友霖|生技醫療|15 4 na|na 93 -7 0|0.8 5
4167 松瑞藥|生技醫療|-9 -11 -13|86 86 -13 9|0.4 17
4174 浩鼎|生技醫療|-10 15 -14|32 50 -40 -39|1.0 14
4303 信立|塑膠工業|25 5 -201|65 71 -11 -25|0.9 35
4306 炎洲|塑膠工業|15 9 18|85 92 -5 -2|0.8 13
4417 金洲|紡織纖維|-31 -17 -21|82 82 -11 -8|1.0 7
4441 振大環球|紡織纖維|11 26 na|na 63 -33 -32|0.8 14
4503 金雨|電機機械|105 33 -77|71 81 3 -12|1.3 9
4506 崇友|電機機械|9 16 7|89 94 3 -7|1.1 6
4510 高鋒|電機機械|36 34 23|94 100 3 29|2.4 90
4513 福裕|電機機械|-0 70 56|61 66 -30 -23|0.9 5
4523 永彰|電機機械|27 133 106|77 77 1 -11|0.5 6
4526 東台|電機機械|-34 -28 -13|94 100 2 14|2.4 117
4532 瑞智|電機機械|-3 -9 7|77 89 -5 5|1.1 31
4533 協易機|電機機械|29 -10 -15|75 75 -11 43|0.3 50
4534 慶騰|電機機械|27 6 8|77 77 10 54|0.5 22
4536 拓凱|運動休閒|-8 -4 4|77 80 -9 -20|1.0 29
4540 全球傳動|電機機械|75 65 29|100 100 41 74|2.8 343
4541 晟田|其他|84 43 20|74 96 0 11|0.6 44
4542 科嶠|電子零組|33 29 -43|100 100 116 260|1.0 188
4543 萬在|電機機械|49 42 26|100 100 25 87|1.2 36
4549 桓達|電機機械|9 -7 -4|69 72 -4 -14|0.8 19
4551 智伸科|汽車工業|20 13 13|81 92 11 -10|1.0 65
4555 氣立|電機機械|-6 8 2|82 90 4 -6|1.7 14
4556 旭然|其他|3 20 16|91 91 27 56|2.5 13
4557 永新-KY|汽車工業|-31 -29 -17|48 63 -33 -28|0.9 5
4560 強信-KY|電機機械|2 3 2|89 95 9 13|1.2 13
4561 健椿|電機機械|8 16 27|77 86 -14 16|2.3 9
4562 穎漢|電機機械|6 -11 -1|59 86 -9 -10|2.1 16
4563 百德|電機機械|-28 -33 -10|74 78 -22 3|1.8 6
4564 元翎|電機機械|-50 -37 -17|89 89 12 9|0.5 19
4566 時碩工業|電機機械|13 8 6|97 97 19 29|1.8 109
4569 六方科-KY|汽車工業|9 7 -12|84 88 21 9|0.7 29
4571 鈞興-KY|電機機械|-7 -8 -4|95 96 15 13|2.0 41
4572 駐龍|電機機械|10 8 22|80 90 -1 -10|0.9 5
4576 大銀微系統|電機機械|50 47 21|100 100 89 106|2.3 390
4577 達航科技|其他電子|83 60 32|90 90 167 309|0.7 226
4583 台灣精銳|電機機械|4 7 7|90 97 4 25|1.0 169
4585 達明|其他電子|2 -3 na|na 81 5 -17|1.0 92
4707 磐亞|化學工業|-16 -3 7|91 91 49 56|1.2 55
4714 永捷|化學工業|98 98 8|70 81 -11 -19|0.5 14
4716 大立|化學工業|19 5 12|82 87 -6 -3|0.9 8
4720 德淵|化學工業|25 1 5|93 93 50 71|3.0 200
4721 美琪瑪|化學工業|121 68 28|93 93 24 15|1.0 137
4722 國精化|化學工業|-11 -2 6|85 85 10 4|0.6 282
4726 永昕|生技醫療|79 73 46|71 80 -20 -15|0.8 8
4736 泰博|生技醫療|49 11 15|93 93 -3 4|0.8 19
4737 華廣|生技醫療|5 -16 -7|75 83 11 -4|0.5 12
4739 康普|化學工業|104 135 45|87 87 12 34|1.3 346
4741 泓瀚|化學工業|8 7 15|85 85 132 97|1.8 45
4743 合一|生技醫療|129 60 33|69 72 -22 -14|1.0 101
4744 皇將|生技醫療|-30 17 3|85 85 10 15|0.5 13
4746 台耀|生技醫療|-6 -8 -10|79 83 -5 -9|1.3 41
4749 新應材|半導體業|33 30 3|100 100 19 18|1.0 1899
4755 三福化|化學工業|-7 -1 4|88 88 17 38|0.9 158
4760 勤凱科技|其他電子|72 53 22|93 93 39 45|0.9 279
4763 材料*-KY|化學工業|-36 -34 -10|44 69 -15 -27|1.0 310
4764 雙鍵|化學工業|50 26 18|100 100 144 254|0.2 276
4766 南寶|化學工業|17 4 5|85 100 18 0|2.2 285
4768 晶呈科技|化學工業|155 159 81|93 93 26 91|0.2 650
4770 上品|化學工業|15 12 26|77 92 1 -0|0.8 94
4771 望隼|生技醫療|18 28 5|90 95 6 7|0.8 32
4772 台特化|化學工業|290 291 99|84 84 -7 -4|0.9 527
4903 聯光通|通信網路|25 99 -63|85 85 20 36|0.4 249
4904 遠傳|通信網路|4 7 0|96 96 6 2|0.9 606
4906 正文|通信網路|-40 -40 2|84 84 23 29|0.5 1493
4908 前鼎|通信網路|6 29 25|100 100 216 184|0.2 296
4909 新復興|通信網路|3 -45 35|80 80 -11 8|0.3 107
4912 聯德控股-KY|電子零組|9 14 7|76 76 -17 0|0.7 35
4915 致伸|電子零組|4 10 5|83 83 -6 -7|0.6 163
4916 事欣科|電腦及週|22 24 12|91 91 -1 20|0.6 228
4919 新唐|半導體業|-6 -4 1|100 100 179 149|0.4 1210
4927 泰鼎-KY|電子零組|-11 -12 -0|90 90 47 146|2.3 1026
4931 新盛力|電腦及週|36 23 -6|81 81 -5 10|1.3 722
4933 友輝|光電業|4 -1 0|91 93 20 12|5.4 18
4934 太極|光電業|152 134 131|77 77 -2 7|0.3 16
4938 和碩|電腦及週|-1 -10 -5|96 96 17 7|0.8 884
4939 亞電|電子零組|-2 -7 2|86 86 -5 104|0.3 91
4946 辣椒|文化創意|-54 -33 -695|44 70 3 -7|0.1 5
4949 有成精密|光電業|42 36 26|100 100 161 188|0.9 195
4951 精拓科|半導體業|10 5 0|100 100 95 82|6.6 27
4952 凌通|半導體業|10 13 21|87 87 22 18|0.7 15
4953 緯致|資訊服務|31 29 11|89 89 -11 1|0.6 35
4956 光鋐|光電業|13 17 12|90 90 135 154|0.2 250
4958 臻鼎-KY|電子零組|7 1 -3|100 100 163 160|2.1 12573
4960 誠美材|光電業|-24 -13 -5|87 87 182 181|0.4 472
4961 天鈺|半導體業|2 -4 8|72 92 1 -1|1.1 181
4966 譜瑞-KY|半導體業|3 -4 -3|68 84 3 -22|1.9 778
4967 十銓|半導體業|120 70 43|94 94 38 119|2.0 2218
4968 立積|半導體業|3 11 6|69 72 -7 -22|1.1 137
4971 IET-KY|半導體業|16 24 -28|93 93 143 411|0.1 342
4973 廣穎電通|半導體業|99 74 58|88 88 74 142|1.7 510
4974 亞泰|電子零組|-21 -13 9|75 92 -3 -3|0.8 11
4976 佳凌|光電業|1 1 10|50 82 -8 -17|0.5 14
4977 眾達-KY|通信網路|-19 -27 -15|87 87 81 81|0.8 1871
4979 華星光|通信網路|20 12 -6|94 94 130 215|0.1 1488
4989 榮科|電子零組|54 101 73|88 88 69 167|0.4 773
4991 環宇-KY|半導體業|40 68 31|94 94 231 291|1.1 607
5009 榮剛|鋼鐵工業|-5 -5 3|77 94 -1 1|1.3 60
5016 松和|鋼鐵工業|6 -3 -3|80 80 2 4|0.5 11
5203 訊連|資訊服務|0 2 -13|59 65 -22 -33|0.8 16
5209 新鼎|其他|-18 -23 -12|88 88 -9 -4|1.0 6
5213 亞昕|建材營造|-89 -75 -288|77 93 3 4|0.7 11
5222 全訊|半導體業|-77 -35 -2|85 91 -6 -1|0.7 129
5225 東科-KY|其他電子|-2 -14 -0|73 75 -22 -22|0.7 23
5228 鈺鎧|電子零組|82 51 17|93 93 33 83|0.6 13
5234 達興材料|光電業|6 9 -2|94 94 31 21|0.6 464
5236 凌陽創新|半導體業|40 16 9|96 96 29 17|2.0 66
5243 乙盛-KY|光電業|-3 -7 6|83 83 29 34|1.8 457
5244 弘凱|光電業|-19 -10 -6|82 82 7 -2|0.7 67
5258 虹堡|電腦及週|19 -0 -2|60 64 -23 -36|0.8 23
5263 智崴|文化創意|74 25 21|77 77 -18 4|0.5 15
5269 祥碩|半導體業|40 39 -33|70 93 13 -4|1.5 1681
5272 笙科|半導體業|-31 -16 -15|91 91 17 21|0.7 6
5274 信驊|半導體業|64 53 14|100 100 98 238|1.0 4282
5278 尚凡*|數位雲端|20 17 -2|52 71 -25 -28|1.0 11
5283 禾聯碩|電器電纜|-1 -4 -3|60 72 -13 -28|1.5 6
5284 jpp-KY|其他|47 45 -15|91 91 28 24|1.2 675
5285 界霖|半導體業|-3 2 -2|97 97 1 3|1.0 14
5287 數字|數位雲端|-3 1 -1|88 91 -6 -10|0.9 10
5288 豐祥-KY|電機機械|23 7 13|94 94 7 34|1.2 56
5289 宜鼎|電腦及週|485 398 244|97 97 74 208|1.6 4903
5291 邑昇|電子零組|42 25 12|88 88 79 176|0.3 106
5292 華懋|綠能環保|-1 -14 -33|90 90 9 61|1.1 134
5299 杰力|半導體業|3 -5 8|100 100 15 11|1.8 23
5302 太欣|半導體業|133 170 79|82 82 -8 24|0.9 6
5306 桂盟|運動休閒|1 1 10|78 85 -15 -9|1.5 12
5309 系統電|電子零組|-6 -1 -11|81 84 -13 -3|0.5 228
5314 世紀*|其他|133 178 -286|52 61 -21 -40|0.7 308
5315 光聯|光電業|-4 -6 -20|88 88 -10 6|0.8 8
5328 華容|電子零組|8 13 10|77 77 -11 25|0.8 108
5340 建榮|電子零組|18 23 6|91 91 29 147|0.1 584
5347 世界|半導體業|7 5 -1|93 93 3 53|1.3 4890
5351 鈺創|半導體業|400 334 218|84 84 20 92|1.3 1236
5371 中光電|光電業|8 11 6|54 67 -30 -21|1.1 319
5381 光譜|電機機械|-33 -29 -31|60 60 -30 -7|0.3 21
5386 青雲|電腦及週|547 660 444|90 90 374 446|1.4 912
5388 中磊|通信網路|87 47 31|73 81 -3 -18|0.7 323
5392 能率|光電業|2 3 9|73 83 -15 -18|2.3 56
5403 中菲|資訊服務|-21 -8 -10|79 82 -13 -18|1.1 11
5410 國眾|資訊服務|103 37 26|83 92 8 -8|1.3 10
5425 台半|半導體業|0 -3 -14|85 85 -6 10|2.0 369
5426 振發|電腦及週|-15 3 -4|64 82 -13 -19|0.8 6
5432 新門|綠能環保|20 40 16|76 76 -23 0|1.2 11
5434 崇越|電子通路|31 18 2|96 96 27 29|0.8 410
5439 高技|電子零組|60 84 -51|89 89 33 25|1.2 3185
5443 均豪|半導體業|64 26 4|100 100 50 45|2.4 1287
5452 佶優|其他電子|-14 -19 -2|81 81 -1 37|0.4 78
5457 宣德|電子零組|-2 -5 -6|73 79 -7 -22|0.7 39
5464 霖宏|電子零組|52 19 19|100 100 38 38|4.3 10
5469 瀚宇博|電子零組|47 48 3|75 75 -20 -9|0.6 370
5471 松翰|半導體業|24 26 22|93 93 18 21|1.6 27
5474 聰泰|電腦及週|-2 0 -27|78 95 3 -4|4.1 28
5475 德宏|電子零組|105 91 28|89 89 246 499|0.4 1199
5478 智冠|文化創意|19 21 18|86 90 -1 1|0.4 13
5483 中美晶|半導體業|9 -0 1|95 95 11 9|2.2 1692
5484 慧友|光電業|16 113 39|72 85 -6 -2|0.6 17
5490 同亨|電腦及週|-12 6 -5|76 91 2 -10|1.0 11
5493 三聯|其他電子|25 17 -3|94 94 -0 9|1.1 24
5498 凱崴|電子零組|48 49 19|89 89 19 194|0.2 758
5508 永信建|建材營造|-33 -9 40|41 65 -18 -34|1.0 22
5511 德昌|建材營造|16 29 2|93 93 1 13|0.3 10
5515 建國|建材營造|84 39 15|90 90 17 53|0.7 22
5519 隆大|建材營造|-7 -13 -121|92 92 1 13|0.8 13
5521 工信|建材營造|18 4 -17|41 41 -52 -5|0.5 57
5522 遠雄|建材營造|17 1244 864|85 85 2 28|0.8 68
5530 龍巖|其他|-18 -6 -3|61 76 -18 -15|1.4 18
5534 長虹|建材營造|-6 -26 14|87 89 -3 -1|0.7 74
5536 聖暉*|其他電子|60 34 -1|87 88 25 12|0.8 1899
5607 遠雄港|航運業|39 35 10|84 84 -3 -3|0.5 16
5608 四維航|航運業|6 -1 7|74 74 -14 -10|0.4 16
5609 中菲行|航運業|3 1 0|95 95 -2 -3|1.7 12
5706 鳳凰|觀光餐旅|-21 4 6|83 89 3 -1|0.7 15
5864 致和證|金融業|-50 3391 -312|100 100 38 86|0.9 68
5871 中租-KY|其他|-3 -3 2|93 95 10 9|1.0 858
5876 上海商銀|金融保險|-3 -1 -1|82 93 -2 -4|1.3 275
5880 合庫金|金融保險|5 11 -3|89 92 -3 -4|1.0 356
5904 寶雅|居家生活|21 14 5|100 100 43 23|1.5 156
6005 群益證|金融保險|53 79 47|90 90 2 15|1.7 412
6015 宏遠證|金融業|788 432 268|100 100 17 39|0.9 20
6016 康和證|金融業|57 15381 11455|100 100 23 56|1.0 91
6021 美好證|金融業|-88 752 600|100 100 20 45|1.5 7
6023 元大期貨|金融業|41 33 32|100 100 6 13|0.8 14
6024 群益期|金融保險|34 -7 -11|99 99 10 15|1.0 19
6026 福邦證|金融業|111 72 -17|100 100 6 32|1.2 20
6104 創惟|半導體業|-4 0 -16|57 93 1 -8|1.2 121
6108 競國|電子零組|22 5 14|94 94 28 29|6.0 14
6109 亞元|通信網路|4 33 10|89 92 1 1|1.2 6
6111 光聚晶電|文化創意|116 139 53|75 90 -7 -6|0.9 20
6112 邁達特|資訊服務|40 27 1|80 85 -1 -8|0.5 20
6113 亞矽|電子通路|61 43 39|78 98 7 16|0.7 8
6115 鎰勝|電子零組|5 5 4|95 98 1 3|1.4 7
6117 迎廣|電腦及週|32 19 1|82 98 10 7|3.2 83
6120 達運|光電業|8 -4 12|83 83 -2 11|0.8 60
6121 新普|電腦及週|5 0 -2|89 96 1 3|0.8 170
6122 擎邦|電機機械|-6 -9 -10|78 78 -14 7|0.6 13
6125 廣運|電機機械|50 30 -5|67 77 -15 -18|0.7 71
6126 信音|電子零組|41 48 30|84 84 -8 13|0.4 29
6127 九豪|電子零組|10 -4 1|88 88 25 68|0.6 596
6129 普誠|半導體業|70 60 40|93 95 -0 18|0.8 10
6130 上亞科技|生技醫療|32 30 41|51 51 -44 -42|0.4 7
6133 金橋|電子零組|-1 8 -6|77 77 5 34|0.2 24
6134 萬旭|電子零組|35 50 22|89 89 -2 36|0.3 23
6136 富爾特|通信網路|47 29 -6|90 90 4 7|3.3 8
6138 茂達|半導體業|16 11 -10|91 91 0 3|1.0 97
6139 亞翔|其他電子|47 72 10|93 93 25 58|0.7 3834
6141 柏承|電子零組|9 3 11|100 100 192 206|0.3 49
6143 振曜|通信網路|17 27 7|62 69 -15 -30|0.7 82
6146 耕興|其他電子|6 6 6|100 100 38 34|1.1 113
6147 頎邦|半導體業|11 12 8|100 100 209 203|1.8 2696
6148 驊宏資|資訊服務|15 -22 -125|44 73 -16 -22|0.3 7
6150 撼訊|電腦及週|-41 1 -72|62 72 -11 -31|1.0 14
6151 晉倫|其他電子|-0 2 3|96 96 21 34|0.9 17
6152 百一|通信網路|-22 -4 18|64 64 3 60|0.4 67
6153 嘉聯益|電子零組|1 -6 15|87 87 10 17|0.8 103
6155 鈞寶|電子零組|7 4 -2|75 75 -25 53|0.9 80
6156 松上|電子零組|2 0 -2|70 87 -9 -6|0.8 9
6163 華電網|資訊服務|69 68 45|79 79 -14 154|0.4 348
6164 華興|光電業|-27 -10 3|88 88 -7 18|0.6 8
6165 浪凡|數位雲端|3 7 -6|83 96 17 -4|3.6 22
6166 凌華|電腦及週|29 29 9|100 100 30 37|2.1 113
6167 久正|光電業|50 25 -4|74 74 -2 -4|0.4 12
6168 宏齊|光電業|-1 8 0|91 91 26 32|0.7 284
6170 統振|通信網路|5 1 -5|97 99 5 5|0.9 11
6173 信昌電|電子零組|13 8 -1|98 98 20 45|0.5 282
6174 安碁|電子零組|31 15 -14|100 100 52 50|2.1 31
6175 立敦|電子零組|19 4 8|95 95 21 21|1.0 281
6176 瑞儀|光電業|-4 -0 7|67 75 -20 -22|3.6 400
6177 達麗|建材營造|154 788 440|81 81 -11 -9|1.0 42
6179 亞通|其他|64 48 15|70 76 -16 -20|0.4 26
6180 橘子|文化創意|-29 -10 8|54 64 -27 -36|0.8 17
6182 合晶|半導體業|8 9 -2|98 98 15 38|2.3 674
6186 新潤|建材營造|52 -49 -78|60 67 -18 -31|1.4 21
6187 萬潤|半導體業|20 14 18|96 96 242 268|1.1 4776
6188 廣明|電腦及週|-13 -11 -24|66 73 -20 -19|1.5 188
6189 豐藝|電子通路|7 -6 9|65 92 7 1|0.6 32
6190 萬泰科|通信網路|12 10 8|97 97 39 59|1.1 690
6191 精成科|電子零組|78 81 6|67 75 -16 -9|1.4 1003
6192 巨路|其他電子|-1 3 6|93 93 -1 24|0.6 27
6196 帆宣|其他電子|18 8 18|96 96 29 65|0.9 1126
6197 佳必琪|電子零組|12 21 7|100 100 54 35|1.8 632
6199 天品|其他|2279 1144 690|73 77 -17 -1|1.0 39
6202 盛群|半導體業|20 9 -2|88 88 26 32|0.8 145
6203 海韻電|電子零組|-54 -22 -62|80 80 2 1|1.2 9
6204 艾華|電子零組|-8 -6 -3|78 78 -15 -12|2.0 7
6205 詮欣|電子零組|-17 -21 -11|100 100 64 134|3.7 399
6206 飛捷|電腦及週|18 11 5|83 100 19 2|1.0 97
6207 雷科|電子零組|14 -7 8|93 98 16 20|2.7 112
6208 日揚|半導體業|-18 -10 -6|93 93 88 87|1.1 54
6209 今國光|光電業|76 47 -8|79 79 -2 45|1.1 285
6213 聯茂|電子零組|14 22 8|98 98 138 158|0.4 6068
6214 精誠|資訊服務|31 21 1|90 93 4 -8|1.5 131
6215 和椿|其他電子|49 60 3|73 92 -5 -6|1.6 158
6217 中探針|電子零組|15 38 16|94 94 357 393|0.2 585
6218 豪勉|通信網路|-16 15 0|98 98 66 110|4.4 67
6220 岳豐|電子零組|-20 -8 9|67 67 13 44|0.2 14
6223 旺矽|半導體業|39 39 7|99 99 103 158|0.9 5381
6224 聚鼎|電子零組|2 -1 3|100 100 70 56|1.4 32
6226 光鼎|光電業|-1 -4 3|78 78 31 90|0.8 26
6227 茂綸|電子通路|68 47 -1|84 99 5 4|1.0 56
6229 研通|半導體業|85 42 23|95 95 9 8|1.4 7
6230 尼得科超眾|電腦及週|12 8 -2|85 85 29 10|1.0 25
6231 系微|資訊服務|15 7 2|92 92 52 36|1.3 434
6233 旺玖|半導體業|9 -7 3|95 95 15 37|1.3 15
6234 高僑|光電業|64 40 40|100 100 110 156|3.3 155
6235 華孚|電腦及週|-7 17 -6|57 60 -30 -40|1.0 29
6237 驊訊|半導體業|40 27 10|78 89 -2 -5|1.0 12
6239 力成|半導體業|35 38 22|85 85 -13 26|1.4 2621
6243 迅杰|半導體業|-48 -45 -23|80 87 -2 1|2.5 8
6244 茂迪|光電業|5 -4 -2|76 76 24 54|0.3 183
6245 立端|通信網路|19 -11 -5|93 93 14 0|1.1 115
6257 矽格|半導體業|17 13 5|100 100 41 98|1.1 3167
6259 百徽|電子零組|37 55 29|88 88 20 32|1.7 14
6261 久元|半導體業|2 7 -0|100 100 42 72|4.9 339
6263 普萊德|通信網路|-2 -1 -0|90 92 9 3|1.4 14
6265 方土昶|電子通路|511 419 225|79 79 -12 219|1.5 162
6266 泰詠|電子零組|-13 -4 -7|88 90 -8 -10|1.1 8
6269 台郡|電子零組|9 4 11|97 97 15 4|1.2 204
6270 倍微|電子通路|-19 -0 -2|86 86 7 25|0.5 12
6271 同欣電|半導體業|-5 -3 2|94 94 28 50|0.5 1489
6272 驊陞|電子零組|-30 -26 na|na na -23 na|0.6 9
6274 台燿|電子零組|72 58 22|100 100 122 214|0.4 5408
6275 元山|電子零組|4 15 2|87 87 -5 18|0.8 25
6277 宏正|電腦及週|-0 8 8|97 97 17 19|0.7 27
6278 台表科|光電業|-3 1 -6|100 100 85 66|1.4 1037
6279 胡連|電子零組|-14 -9 -13|74 76 -15 -21|0.6 42
6281 全國電|電子通路|-1 1 5|71 79 -15 -22|1.7 7
6282 康舒|電子零組|18 20 15|77 77 -17 5|0.6 973
6284 佳邦|電子零組|-14 -11 -10|83 83 -16 -11|0.8 148
6285 啟碁|通信網路|4 3 4|85 85 61 83|0.7 7294
6290 良維|電子零組|16 12 -10|92 92 73 62|0.7 1917
6291 沛亨|半導體業|43 50 19|86 86 136 227|0.6 871
6292 迅德|電子零組|44 25 20|93 93 12 6|0.6 7
6405 悅城|光電業|-76 -60 29|100 100 79 89|2.3 50
6409 旭隼|其他電子|-22 -16 -2|52 63 -16 -32|0.8 584
6411 晶焱|半導體業|1 13 20|77 77 -5 -18|0.6 25
6412 群電|電子零組|-5 -8 2|71 91 6 -6|1.6 84
6414 樺漢|電腦及週|19 8 10|100 100 15 14|1.4 490
6415 矽力*-KY|半導體業|12 20 15|96 100 70 94|0.5 1609
6416 瑞祺電通|通信網路|8 -6 1|89 91 -3 -0|1.0 16
6417 韋僑|通信網路|23 16 7|92 92 2 13|0.6 15
6418 詠昇|電子零組|-20 3 2|44 60 -11 -41|3.1 7
6419 京晨科|光電業|174 68 84|100 100 114 224|0.8 36
6423 億而得|半導體業|-66 -30 -26|90 90 10 49|0.5 19
6425 易發|電機機械|7 57 45|87 87 2 17|1.2 242
6426 統新|通信網路|70 59 -0|88 88 142 215|1.1 815
6432 今展科|電子零組|-6 3 -3|87 87 6 5|1.1 34
6435 大中|半導體業|11 4 -14|98 98 31 86|1.3 164
6438 迅得|其他電子|16 12 -13|87 96 18 15|0.8 521
6441 廣錠|電腦及週|-24 -57 1|77 88 29 20|5.5 9
6442 光聖|通信網路|76 38 -21|88 88 61 120|0.7 5963
6443 元晶|光電業|-64 -48 13|69 69 -6 152|0.1 455
6446 藥華藥|生技醫療|64 57 3|83 83 16 29|0.7 972
6449 鈺邦|電子零組|15 25 -3|75 86 -11 -14|1.0 139
6451 訊芯-KY|半導體業|-25 -19 -41|93 93 212 227|0.3 517
6456 GIS-KY|光電業|-15 7 8|93 93 83 50|0.4 288
6462 神盾|半導體業|100 111 72|79 86 7 -12|1.1 207
6465 威潤|通信網路|82 83 -51|79 79 27 195|0.7 24
6469 大樹|生技醫療|7 4 -4|53 69 -18 -32|0.7 34
6472 保瑞|生技醫療|6 -16 -6|48 63 -21 -36|0.5 328
6477 安集|光電業|65 51 37|77 86 -0 -8|0.5 18
6485 點序|半導體業|-13 -14 -16|70 70 -17 14|0.9 40
6486 互動|通信網路|78 22 15|94 94 2 15|1.3 19
6488 環球晶|半導體業|0 -11 -4|98 98 15 19|2.0 4857
6491 晶碩|生技醫療|18 19 8|80 80 -0 -11|1.0 120
6492 生華科|生技醫療|-4 -4 -10|77 77 -9 14|0.5 23
6494 九齊|半導體業|39 34 32|93 93 45 31|1.2 18
6498 久禾光|光電業|45 34 13|na 92 0 -1|1.4 7
6499 益安|生技醫療|-7 13 -25|58 68 -10 -19|0.5 49
6505 台塑化|油電燃氣|8 -7 1|79 79 15 19|0.5 605
6509 聚和|化學工業|7 4 2|84 84 14 26|0.4 122
6510 精測|半導體業|26 18 -11|90 90 29 103|1.2 3300
6515 穎崴|半導體業|69 33 8|99 99 185 347|0.7 3121
6517 保勝光學|光電業|19 -17 -18|71 73 -19 -4|0.5 12
6523 達爾膚|生技醫療|-46 -12 -4|76 83 -15 -14|1.4 8
6525 捷敏-KY|半導體業|12 12 -2|99 99 18 18|2.1 48
6526 達發|半導體業|6 4 1|97 97 38 19|2.2 364
6530 創威|通信網路|11 17 1|90 90 103 98|0.7 564
6531 愛普*|半導體業|113 118 59|100 100 94 144|1.0 3624
6532 瑞耘|半導體業|-4 -19 -6|94 94 74 75|2.3 148
6533 晶心科|半導體業|40 20 3|73 84 0 -11|1.6 275
6534 正瀚-創|生技醫療|2 2 -20|82 92 13 -7|0.6 27
6535 順藥|生技醫療|-94 3219 2269|45 66 -21 -37|1.7 27
6538 倉和|電子零組|-24 -27 7|80 100 21 12|1.6 8
6541 泰福-KY|生技醫療|135 261 -1802|60 62 -22 -33|0.7 14
6546 正基|通信網路|-3 -16 -8|69 71 -4 -8|0.3 42
6547 高端疫苗|生技醫療|-5 -9 -3|82 82 34 39|0.5 133
6548 長科*|半導體業|20 15 3|85 85 -11 36|0.7 450
6550 北極星藥業-KY|生技醫療|-60 513 401|40 49 -43 -51|0.5 21
6552 易華電|半導體業|-25 -34 -2|96 96 22 27|2.1 5
6558 興能高|其他電子|20 -17 -5|51 70 -23 -30|0.5 12
6561 是方|通信網路|3 3 -1|74 86 -4 -12|1.4 34
6568 宏觀|半導體業|66 28 16|90 90 87 118|0.5 245
6576 逸達|生技醫療|43 -1 -42|91 91 -1 1|0.8 10
6579 研揚|電腦及週|16 24 -0|88 92 12 -7|1.5 27
6584 南俊國際|電子零組|53 81 40|83 83 123 146|1.1 838
6585 鼎基|其他|-13 -15 3|68 83 -10 -11|0.4 8
6588 東典光電|通信網路|146 263 174|100 100 227 446|0.8 632
6589 台康生技|生技醫療|28 82 57|56 56 -27 -32|1.9 53
6591 動力-KY|電腦及週|-44 -23 -47|58 70 -18 -27|0.9 17
6592 和潤企業|其他|-5 -5 9|86 93 3 -3|0.3 30
6596 寬宏藝術|文化創意|53 38 -70|64 66 -18 -28|0.4 39
6603 富強鑫|電機機械|1 3 -8|71 71 -19 29|1.2 45
6605 帝寶|汽車工業|-14 -4 2|68 76 -23 -10|1.0 40
6609 瀧澤科|電機機械|-12 -15 12|77 85 -7 10|1.6 11
6613 朋億*|其他電子|65 14 21|92 92 19 37|0.7 76
6617 共信-KY|生技醫療|11 20 7|60 71 -13 -28|2.2 18
6620 漢達|生技醫療|11 16 na|na na -15 na|1.0 39
6625 必應|其他|134 53 -18|73 86 -12 -2|0.6 16
6629 泰金-KY|居家生活|100 74 44|76 76 -4 -5|0.6 6
6640 均華|半導體業|250 120 53|84 84 107 130|0.7 1381
6642 富致|電子零組|16 4 3|96 99 8 3|1.4 10
6643 M31|半導體業|-25 -9 -24|96 96 40 46|0.4 501
6651 全宇昕|半導體業|13 3 3|95 95 32 51|3.2 11
6657 華安|生技醫療|50 11 -8|55 72 -7 -10|0.3 8
6658 聯策|其他電子|61 33 10|96 96 158 146|2.5 156
6664 群翊|電子零組|23 17 8|100 100 63 69|2.2 1078
6667 信紘科|其他電子|41 16 -41|89 91 3 4|0.9 208
6668 中揚光|光電業|8 17 -16|71 80 -10 -14|0.9 10
6669 緯穎|電腦及週|14 80 -68|99 99 29 19|1.7 8576
6670 復盛應用|運動休閒|-2 5 5|73 91 -8 7|0.9 108
6672 騰輝電子-KY|電子零組|33 22 14|100 100 127 150|2.1 1736
6679 鈺太|半導體業|7 3 10|100 100 58 42|0.8 140
6683 雍智科技|半導體業|45 46 16|100 100 424 474|1.1 573
6684 安格|半導體業|9 -9 5|70 81 -4 -20|1.1 10
6689 伊雲谷|數位雲端|-8 -6 0|79 83 18 0|0.3 28
6690 安碁資訊|數位雲端|25 21 6|90 95 1 -3|0.8 8
6691 洋基工程|其他電子|113 77 19|94 94 9 43|0.8 428
6693 廣閎科|半導體業|112 67 28|90 90 60 112|0.7 161
6695 芯鼎|半導體業|-5 6 -6|91 100 16 -3|4.2 19
6698 旭暉應材|其他電子|-31 -7 -43|77 83 -17 -14|0.6 6
6703 軒郁|生技醫療|11 9 11|94 95 10 11|0.6 9
6706 惠特|光電業|-60 -62 -31|100 100 48 138|1.0 1262
6712 長聖|生技醫療|15 7 -4|73 79 -16 -16|1.2 32
6715 嘉基|電子零組|10 18 32|91 91 286 339|1.0 877
6716 應廣|半導體業|47 91 75|84 84 66 50|0.8 36
6719 力智|半導體業|-10 0 -20|84 84 -7 -7|1.3 61
6720 久昌|半導體業|-34 -34 -7|94 94 10 32|0.6 10
6725 矽科宏晟|其他電子|20 36 na|na na 36 na|0.7 536
6727 亞泰金屬|電子零組|31 260 176|80 80 96 102|1.3 324
6732 昇佳電子|半導體業|-8 -10 -3|59 76 -14 -22|0.7 25
6733 博晟生醫|生技醫療|10 15 -15|60 66 -22 -31|1.1 6
6735 美達科技|其他電子|300 98 54|83 83 75 74|4.8 31
6739 竹陞科技|其他電子|88 93 -2|85 85 105 90|0.7 1325
6741 91APP*-KY|數位雲端|36 31 15|74 83 -5 -9|1.1 18
6742 澤米|光電業|-54 -42 -11|64 81 -14 -18|0.6 10
6743 安普新|其他電子|-6 -9 9|84 96 9 -2|4.4 8
6752 叡揚|資訊服務|-11 8 -5|57 82 -10 -16|0.7 5
6753 龍德造船|航運業|18 6 0|68 85 -10 12|0.6 150
6756 威鋒電子|半導體業|17 6 12|80 96 7 4|2.6 20
6757 台灣虎航|航運業|27 21 14|51 71 -29 -26|0.7 43
6761 穩得|電子零組|-15 -15 -7|97 97 48 47|0.9 328
6763 綠界科技*|數位雲端|12 13 2|72 72 -13 -18|0.8 16
6768 志強-KY|運動休閒|-3 -12 -9|65 65 -27 -29|1.5 49
6770 力積電|半導體業|28 22 13|69 69 -17 66|0.4 5735
6776 展碁國際|電子通路|24 20 4|78 78 -7 9|0.3 25
6781 AES-KY|電子零組|26 32 -25|76 76 -7 1|1.7 1339
6782 視陽|生技醫療|32 31 10|95 95 28 17|1.0 88
6785 昱展新藥|生技醫療|na na na|45 45 -48 -46|1.1 19
6788 華景電|半導體業|2 16 0|84 84 38 93|0.7 854
6789 采鈺|半導體業|6 8 16|100 100 119 146|2.5 4745
6790 永豐實|造紙工業|-2 -3 1|98 98 5 4|0.8 6
6791 虎門科技|資訊服務|8 12 -5|85 90 21 9|0.6 9
6799 來頡|半導體業|0 -2 -5|76 97 2 10|2.7 19
6803 崑鼎|綠能環保|3 3 -7|94 94 -5 1|0.8 16
6805 富世達|電子零組|95 87 21|100 100 57 55|1.3 4001
6806 森崴能源|綠能環保|-16 -50 -84|23 35 -59 -65|0.3 25
6811 宏碁資訊|數位雲端|28 11 1|77 87 -4 -11|0.8 13
6821 聯寶|電子零組|-18 -12 -11|75 75 33 47|0.9 77
6823 濾能|半導體業|54 14 -30|100 100 65 39|2.8 38
6829 千附精密|半導體業|107 43 19|100 100 139 138|0.7 221
6830 汎銓|其他電子|23 25 10|100 100 419 463|0.7 534
6831 邁科|電腦及週|38 51 na|na na 101 na|1.0 679
6834 天二科技|電子零組|33 19 9|100 100 8 31|0.9 23
6835 圓裕|電子零組|-2 -5 -0|75 90 -5 -6|2.2 15
6838 台新藥|生技醫療|na na na|69 88 -10 -3|0.5 7
6840 東研信超|其他電子|15 7 -2|87 87 -10 14|0.6 11
6841 長佳智能|生技醫療|15 -1 -3|73 85 -9 -8|0.5 13
6854 錼創科技-KY創|半導體業|-30 -53 -16|79 82 39 2|0.9 148
6859 伯特光|光電業|-55 -37 -39|73 96 15 12|0.7 5
6861 睿生光電|生技醫療|53 47 24|100 100 450 430|0.9 260
6862 三集瑞-KY|電子零組|-17 -22 -17|76 76 -13 -18|0.5 94
6863 永道-KY|通信網路|7 1 19|57 71 -11 -28|0.7 10
6869 雲豹能源|綠能環保|99 64 -80|50 70 -21 -28|0.6 45
6870 騰雲|數位雲端|22 37 12|69 69 -10 -7|1.5 12
6873 泓德能源|綠能環保|11 -5 -37|35 70 -21 -28|0.8 62
6874 倍力|資訊服務|138 97 82|93 93 32 21|0.6 5
6877 鏵友益|其他電子|-68 -72 -46|96 96 104 101|1.2 177
6885 全福生技|生技醫療|3548 2733 na|58 77 -13 -22|0.9 7
6890 來億-KY|運動休閒|-21 -27 -21|42 54 -36 -29|0.5 87
6894 衛司特|綠能環保|69 59 10|86 86 52 58|0.4 57
6895 宏碩系統|半導體業|-31 -3 -102|51 63 -15 -35|0.5 18
6901 鑽石投資|其他|87 8 -8|57 72 -23 -25|0.9 9
6902 GOGOLOOK|數位雲端|26 27 2|85 85 28 30|3.6 31
6903 巨漢|其他電子|320 381 231|96 96 50 191|1.0 374
6909 創控|半導體業|-10 -25 -16|na 88 25 59|1.1 195
6913 鴻呈|電子零組|14 23 3|84 88 10 -4|3.2 62
6914 阜爾運通|其他|12 9 -9|94 94 2 -4|1.3 12
6919 康霈*|生技醫療|na na na|40 57 -35 -36|0.9 1107
6921 嘉雨思-創|半導體業|-44 -52 na|na na 36 na|0.6 6
6922 宸曜|電腦及週|23 23 7|83 93 17 5|4.3 11
6923 中台|綠能環保|4 4 24|68 76 -15 -19|0.8 14
6928 攸泰科技|電腦及週|-18 -11 -6|62 83 -14 -14|0.6 5
6931 青松健康|生技醫療|22 18 3|67 67 -18 -8|1.1 6
6933 AMAX-KY|電腦及週|-12 -5 -21|69 74 19 -1|0.8 112
6937 天虹|半導體業|27 26 10|100 100 54 23|1.9 377
6944 兆聯實業|綠能環保|23 59 -10|na 92 24 61|0.9 961
6949 沛爾生醫-創|生技醫療|75 19 -13|88 88 71 107|0.7 107
6953 家碩|半導體業|-33 24 9|100 100 17 42|3.4 47
6957 裕慶-KY|其他|78 34 25|74 74 -11 -12|1.0 13
6962 奕力-KY|半導體業|-13 -15 1|61 75 -11 -22|2.1 116
6967 汎瑋材料|電子零組|42 27 14|98 98 13 41|2.1 12
6994 富威電力|綠能環保|187 107 -47|49 64 -31 -29|0.7 33
6996 力領科技|半導體業|16 15 18|98 98 11 26|0.9 26
7402 邑錡|光電業|-13 -20 -19|75 86 -11 -2|0.5 62
7547 碩網|數位雲端|46 47 na|na 84 22 -7|0.3 17
7556 意德士科技|半導體業|12 11 -3|92 92 78 83|1.4 57
7610 聯友金屬-創|綠能環保|959 545 na|na 99 250 497|0.4 419
7631 聚賢研發-創|其他電子|55 110 60|85 85 3 -6|0.7 10
7703 銳澤|其他電子|-12 8 -21|71 82 -6 -5|0.8 58
7704 明遠精密|半導體業|-2 11 16|96 96 36 34|1.5 14
7709 榮田|電機機械|10 8 26|95 95 69 100|0.2 52
7711 永擎|電腦及週|206 90 na|na na 78 na|3.3 219
7712 博盛半導體|半導體業|4 5 8|73 88 36 -3|0.4 46
7714 創泓科技|數位雲端|-8 8 -27|72 72 -20 6|0.5 7
7717 萊德光電-KY|通信網路|-2 29 na|na na 43 na|1.0 724
7721 微程式|數位雲端|30 20 na|na 85 60 30|1.6 91
7722 LINEPAY|數位雲端|15 16 -8|37 49 -41 -50|1.0 33
7728 光焱科技|其他電子|-19 27 25|82 82 6 158|0.5 305
7730 暉盛-創|半導體業|-25 88 na|na na 59 na|0.7 15
7734 印能科技|半導體業|66 88 40|98 98 265 231|0.5 640
7738 東聯互動|數位雲端|15 18 na|na 83 6 -9|0.6 7
7740 熙特爾-創|綠能環保|3063 1394 na|na 88 11 -8|1.1 47
7744 崴寶|電子零組|93 65 na|na na 59 na|0.5 81
7749 意騰-KY|半導體業|109 76 -4|na 95 11 -4|1.2 105
7750 新代|電機機械|49 51 na|na 100 212 220|1.5 1055
7751 竑騰|半導體業|66 74 na|na 98 232 457|0.9 762
7765 中華資安|數位雲端|23 17 na|na 77 -14 -23|0.9 12
7769 鴻勁|半導體業|111 81 na|na na 45 na|1.1 5129
7777 能率亞洲|其他|-151 21 na|na na -12 na|0.9 18
7780 大研生醫*|食品工業|41 40 na|na 64 -31 -8|0.3 54
7786 東方風能|綠能環保|80 48 na|na na -14 na|1.0 28
7788 松川精密|電子零組|13 15 na|na 85 7 29|0.9 62
7795 長廣|電子零組|-13 -17 na|na na 1 na|0.5 264
7799 禾榮科|生技醫療|349 na na|na 53 -15 -47|0.5 155
7805 威聯通|數位雲端|2 10 na|na na 24 na|0.8 79
7810 捷創科技|半導體業|45 40 na|na na -8 na|0.3 51
8011 台通|通信網路|-28 -2 1|77 77 -15 -15|1.0 32
8016 矽創|半導體業|29 22 11|97 97 21 12|1.6 250
8021 尖點|其他電子|51 51 19|90 90 76 248|0.2 1874
8027 鈦昇|電機機械|-10 32 16|100 100 85 120|2.9 1949
8028 昇陽半導體|半導體業|26 20 -1|100 100 40 44|1.9 3377
8033 雷虎|其他|5 20 3|81 94 -1 26|0.9 562
8034 榮群|通信網路|-56 188 41|82 82 -8 23|0.3 15
8038 長園科|電子零組|478 435 -79|70 74 -19 -1|0.5 16
8039 台虹|電子零組|10 8 1|83 83 52 111|0.6 2990
8040 九暘|半導體業|46 22 17|100 100 44 46|3.1 107
8042 金山電|電子零組|21 31 18|90 90 -1 43|0.6 99
8043 蜜望實|電子零組|170 78 42|89 89 -0 84|0.2 89
8044 網家|數位雲端|7 7 5|58 64 -23 -35|0.7 11
8045 達運光電|通信網路|29 58 46|57 86 5 -8|0.9 19
8046 南電|電子零組|39 32 4|98 98 166 257|1.5 17571
8047 星雲|其他電子|-36 -19 -11|89 89 10 24|0.8 6
8048 德勝|通信網路|20 8 -7|85 85 13 39|0.4 35
8050 廣積|電腦及週|-14 -20 -11|72 87 -3 -14|1.2 15
8054 安國|半導體業|232 362 240|69 69 -13 -18|0.8 254
8059 凱碩|通信網路|2900 1327 -2170|50 80 -7 -18|0.9 11
8064 東捷|光電業|27 30 7|100 100 102 181|1.4 1417
8068 全達|電子通路|82 85 54|84 84 1 23|0.8 11
8069 元太|光電業|1 8 -0|52 66 -22 -32|1.0 830
8070 長華*|電子通路|32 20 6|98 98 -0 10|0.8 177
8072 陞泰|電子通路|40 41 -2|54 81 -12 -14|0.9 6
8074 鉅橡|電子零組|32 20 13|100 100 38 218|0.9 582
8076 伍豐|電腦及週|26 56 44|83 83 -7 -8|1.0 20
8081 致新|半導體業|-1 -2 -4|99 99 12 14|2.3 121
8083 瑞穎|電機機械|32 25 10|98 98 2 19|0.7 12
8085 福華|其他電子|-5 10 -1|54 69 -28 -30|0.9 7
8086 宏捷科|半導體業|48 60 35|100 100 20 34|0.9 1236
8088 品安|半導體業|56 75 1|70 70 -16 14|0.5 91
8091 翔名|半導體業|62 38 21|100 100 44 80|1.2 226
8096 擎亞|電子通路|-5 -30 -21|91 91 93 61|0.6 1251
8097 常珵|通信網路|-32 -35 -11|64 78 -10 -20|0.5 5
8099 大世科|資訊服務|63 27 -8|77 83 -9 -14|1.2 11
8103 瀚荃|電子零組|26 22 13|96 96 21 69|2.2 201
8104 錸寶|光電業|-37 -39 -76|76 81 -10 2|0.4 28
8105 凌巨|光電業|5 4 4|88 88 -5 9|0.6 31
8109 博大|電子零組|27 21 0|100 100 12 30|1.9 26
8110 華東|半導體業|12 10 12|53 53 -40 96|0.4 476
8111 立碁|光電業|-9 -1 -5|85 85 6 25|0.8 324
8112 至上|電子通路|192 134 97|87 87 10 25|0.8 1282
8114 振樺電|電腦及週|-51 -37 -42|58 83 -7 -13|1.3 85
8121 越峰|電子零組|19 19 15|92 93 -0 2|1.8 12
8131 福懋科|半導體業|34 32 10|78 78 -5 70|0.9 251
8147 正淩|電子零組|15 27 -6|98 98 64 43|1.5 156
8150 南茂|半導體業|23 25 14|96 96 16 115|1.0 1844
8155 博智|電子零組|33 37 3|100 100 125 148|1.8 1699
8162 微矽電子-創|半導體業|2 -5 -19|95 95 31 38|4.0 25
8163 達方|電腦及週|21 10 -7|68 68 -18 -29|1.1 22
8182 加高|電子零組|-2 -4 -0|87 87 33 44|0.4 33
8183 精星|其他電子|18 14 14|82 82 -1 10|1.1 18
8210 勤誠|電腦及週|45 77 17|95 95 22 27|1.1 2676
8213 志超|電子零組|-3 8 3|94 94 2 4|0.5 30
8215 明基材|光電業|-3 0 3|88 88 25 13|0.6 100
8222 寶一|電機機械|-10 -7 -16|55 78 -17 -19|0.9 12
8227 巨有科技|半導體業|54 103 -21|79 93 10 -5|1.7 171
8234 新漢|電腦及週|-32 -31 -22|60 86 -8 -13|1.7 36
8240 華宏|光電業|-8 -15 -4|88 88 60 93|2.2 360
8249 菱光|電子零組|8 -7 11|79 80 -17 -7|0.4 24
8255 朋程|電機機械|-2 -3 -5|93 100 7 2|2.0 72
8261 富鼎|半導體業|11 9 4|93 93 20 19|0.8 289
8271 宇瞻|半導體業|293 240 139|94 94 89 115|0.2 1092
8289 泰藝|電子零組|2 2 -11|83 83 80 123|0.3 67
8299 群聯|半導體業|221 193 114|84 84 0 93|1.4 14095
8341 日友|綠能環保|7 15 9|81 81 -7 -11|0.9 14
8349 恒耀國際|鋼鐵工業|4 1 11|93 97 2 3|1.6 14
8358 金居|電子零組|43 47 23|100 100 47 77|0.4 4562
8374 羅昇|電機機械|44 25 -2|73 89 -2 -6|1.2 60
8383 千附|半導體業|58 24 10|92 92 57 66|1.6 215
8390 金益鼎|綠能環保|35 50 45|81 81 -10 34|0.4 62
8404 百和興業-KY|其他|-6 -2 -4|61 66 -31 -35|0.9 8
8415 大國鋼|鋼鐵工業|14 12 8|94 98 -1 1|1.1 15
8422 可寧衛*|綠能環保|2 -24 -8|54 54 -32 36|0.4 324
8431 匯鑽科|其他電子|-9 8 10|80 80 -1 56|0.6 108
8433 弘帆|居家生活|5 11 13|74 92 2 15|0.5 9
8436 大江|生技醫療|0 3 6|75 75 -23 7|0.6 72
8438 昶昕|綠能環保|21 36 19|100 100 50 199|0.1 158
8446 華研|文化創意|2 -4 14|87 90 -5 -4|1.1 23
8454 富邦媒|數位雲端|2 1 3|55 71 -8 -23|1.3 84
8462 柏文|運動休閒|22 20 1|87 87 1 -8|1.1 16
8464 億豐|居家生活|9 0 2|72 84 -12 -5|0.7 313
8473 山林水|綠能環保|9 10 -45|83 85 -11 -15|0.8 15
8476 台境*|綠能環保|-11 53 37|70 70 -18 -11|0.4 8
8478 東哥遊艇|運動休閒|96 52 -290|72 80 -12 -14|0.8 24
8499 鼎炫-KY|其他電子|62 75 20|65 65 -14 -11|1.1 25
8908 欣雄|油電燃氣|-9 -9 -27|83 83 -4 0|0.3 6
8924 大田|運動休閒|30 14 3|92 92 -5 -7|0.9 6
8926 台汽電|油電燃氣|594 654 506|91 92 4 -5|1.1 55
8927 北基|油電燃氣|41 27 24|48 77 -18 -18|2.5 12
8932 智通*|數位雲端|8 18 -25|37 42 -49 -57|0.9 171
8935 邦泰|其他|55 1 5|61 81 -4 -15|0.5 7
8936 國統|其他|25 27 0|75 75 -1 -10|1.0 101
8937 合騏*|其他|1219 800 633|80 87 -5 -9|2.0 28
8938 明安|運動休閒|-14 -11 -11|83 83 -14 3|0.8 14
8942 森鉅|其他|-33 -56 -18|86 93 9 24|0.8 25
8996 高力|電機機械|205 243 125|100 100 72 128|0.8 2692
9802 鈺齊-KY|運動休閒|1 1 -10|71 71 -17 -17|1.1 93
9904 寶成|運動休閒|-11 -4 3|77 80 -17 -12|1.5 347
9907 統一實|其他|-17 -9 -4|88 88 -5 -3|1.1 57
9908 大台北|油電燃氣|0 -1 -2|85 85 -1 -2|0.3 11
9910 豐泰|運動休閒|-8 -7 -1|52 54 -29 -44|0.9 164
9911 櫻花|居家生活|3 5 0|95 95 3 2|0.8 30
9914 美利達|運動休閒|-17 -28 -7|44 56 -35 -45|0.8 94
9917 中保科|其他|-1 1 -4|96 97 5 4|0.7 55
9918 欣天然|油電燃氣|-1 -9 -9|70 70 9 10|0.1 9
9919 康那香|其他|-2 -0 7|68 72 -12 -17|0.4 6
9921 巨大|運動休閒|-17 -26 -5|53 66 -27 -34|1.0 121
9925 新保|其他|8 7 2|98 98 -2 -1|1.8 9
9927 泰銘|其他|23 5 9|79 94 -3 -6|0.8 7
9931 欣高|油電燃氣|-12 3 4|68 68 3 3|0.3 6
9933 中鼎|其他|-24 -21 3|94 94 14 17|0.5 172
9938 百和|其他|-8 -4 -1|74 78 -16 -22|1.3 81
9939 宏全|其他|-4 -6 -3|72 87 -6 -14|0.7 143
9940 信義|其他|15 34 20|74 84 -11 -13|1.0 9
9941 裕融|其他|-7 -2 2|68 76 -4 -24|1.0 109
9942 茂順|其他|10 14 7|98 98 5 10|0.7 10
9943 好樂迪|觀光餐旅|-27 -5 3|75 90 -7 -7|1.5 5
9945 潤泰新|其他|22 27 -1|73 76 -20 -23|1.0 129
9946 三發地產|建材營造|2176 21515 16169|71 80 -11 -12|1.2 7
9955 佳龍|綠能環保|49 67 21|72 72 -20 2|0.3 12
9958 世紀鋼|鋼鐵工業|24 17 2|43 65 -26 -35|0.9 162