# 2026-04-01 全池(1192 檔)。欄位:代碼 名稱|產業|最新月YoY 3月YoY均 加速度|距52週高% 距120日高% 60日漲% 120日漲%|量能比 日均值M
1101 台泥|水泥工業|-6 -7 1|73 89 5 -1|0.7 626
1102 亞泥|水泥工業|-17 -9 -2|79 91 -3 -5|1.1 317
1104 環泥|水泥工業|-15 -2 -1|90 90 -2 -4|0.8 18
1210 大成|食品工業|-6 4 4|86 98 7 5|1.2 116
1215 卜蜂|食品工業|-0 9 5|85 85 3 -0|1.1 138
1216 統一|食品工業|8 4 1|86 89 -8 -8|1.0 758
1217 愛之味|食品工業|2 -2 -1|88 95 -2 -3|1.0 5
1218 泰山|食品工業|6 9 11|92 100 7 2|1.1 18
1225 福懋油|食品工業|-17 -0 5|62 92 8 6|0.8 10
1227 佳格|食品工業|17 5 6|85 91 2 2|1.1 24
1229 聯華|食品工業|-13 5 -1|89 89 -6 -8|1.1 103
1231 聯華食|食品工業|32 8 0|61 72 -5 -28|0.7 33
1232 大統益|食品工業|2 8 8|95 98 4 2|0.8 11
1256 鮮活果汁-KY|食品工業|88 66 47|81 83 6 -15|0.7 9
1264 德麥|食品工業|9 2 2|90 93 -1 -7|1.0 6
1294 漢田生技|食品工業|3 56 36|88 88 4 -2|0.3 5
1301 台塑|塑膠工業|-33 -16 -1|87 87 17 20|0.9 1815
1303 南亞|塑膠工業|-16 -3 -1|83 83 35 92|0.8 6640
1304 台聚|塑膠工業|-32 -18 -2|95 95 53 67|3.7 383
1305 華夏|塑膠工業|-8 -5 8|92 92 52 44|3.6 387
1307 三芳|塑膠工業|-17 1 2|74 90 -1 6|1.3 55
1308 亞聚|塑膠工業|-29 -13 -9|92 92 34 50|4.2 267
1309 台達化|塑膠工業|-43 -29 -3|97 97 108 117|3.8 257
1310 台苯|塑膠工業|-13 -26 -2|89 89 29 24|2.1 238
1312 國喬|塑膠工業|16 55 5|92 92 16 38|1.5 258
1313 聯成|塑膠工業|-40 -13 2|93 93 22 18|1.5 218
1316 上曜|建材營造|109 183 -11|63 74 -25 -19|0.5 18
1319 東陽|汽車工業|-43 -18 -9|61 71 -14 -13|0.5 213
1321 大洋|塑膠工業|-36 -20 5|89 92 -4 -8|1.3 5
1325 恆大|塑膠工業|-36 -22 -15|68 78 -8 -8|0.5 6
1326 台化|塑膠工業|-15 -10 7|89 89 41 53|1.6 1863
1342 八貫|其他|1 16 4|88 88 3 5|0.4 29
1402 遠東新|紡織纖維|-9 -5 2|81 93 -2 -2|1.3 463
1409 新纖|紡織纖維|-18 -18 -2|91 92 2 9|0.7 79
1414 東和|紡織纖維|-20 -6 5|74 83 -3 -9|0.6 6
1419 新紡|紡織纖維|15 23 8|78 78 -9 11|0.4 6
1432 大魯閣|運動休閒|-33 -27 -25|89 90 -4 0|0.5 14
1434 福懋|紡織纖維|-27 -9 -2|88 90 5 9|0.5 33
1436 華友聯|建材營造|-83 -51 -305|43 74 -17 -26|0.6 12
1440 南紡|紡織纖維|-39 -20 -0|88 88 -5 -6|0.8 17
1442 名軒|建材營造|-83 -30 27|34 61 -14 -40|0.4 13
1449 佳和|紡織纖維|22 58 52|63 84 3 -4|0.7 12
1471 首利|電子零組|-61 -53 -13|84 84 40 27|0.6 18
1476 儒鴻|紡織纖維|-7 -1 -2|69 73 -14 -26|1.3 407
1477 聚陽|紡織纖維|-1 -10 -3|70 70 -21 -20|1.8 481
1503 士電|電機機械|-3 7 2|74 74 6 -0|0.3 409
1504 東元|電機機械|-0 8 -0|52 52 -28 -37|0.4 505
1513 中興電|電機機械|-13 2 -4|78 78 -3 -8|0.5 588
1514 亞力|電機機械|15 31 4|72 72 1 -0|0.2 284
1515 力山|電機機械|20 51 34|70 81 -13 -17|0.5 5
1519 華城|電機機械|16 11 -7|75 75 4 39|0.8 2635
1522 堤維西|汽車工業|24 44 15|58 61 -31 -24|0.4 31
1524 耿鼎|汽車工業|-41 -21 -6|73 86 8 7|0.7 22
1527 鑽全|電機機械|-46 -24 -11|81 88 -0 -1|0.3 7
1528 恩德|電機機械|19 12 27|82 82 43 65|3.1 98
1529 樂事綠能|電機機械|-51 124 69|80 81 24 1|0.3 67
1532 勤美|電機機械|16 3 -1|75 77 -19 -21|0.9 15
1536 和大|汽車工業|-34 -7 8|68 76 -14 -23|0.4 75
1537 廣隆|電機機械|9 -4 13|85 95 -1 -4|0.6 6
1540 喬福|電機機械|-24 -1 -5|62 80 -3 -14|0.3 5
1560 中砂|電機機械|24 25 6|86 86 22 33|0.5 898
1563 巧新|汽車工業|-12 -7 -1|64 86 -9 -15|2.3 16
1565 精華|生技醫療|-30 -20 -8|56 74 -11 -26|0.7 12
1569 濱川|電腦及週|-16 -13 -13|61 73 -8 -18|0.7 29
1582 信錦|電子零組|-23 -13 -3|100 100 64 56|3.8 899
1584 精剛|其他|-33 -14 -3|72 83 -2 -13|0.4 14
1586 和勤|電機機械|-8 -0 6|75 75 -11 -17|0.4 8
1587 吉茂|汽車工業|43 39 10|64 64 -31 -12|0.3 19
1590 亞德客-KY|電機機械|-8 26 10|82 82 8 36|0.8 747
1591 駿吉-KY|電機機械|417 467 379|70 70 -18 -27|0.6 8
1595 川寶|半導體業|-43 -14 1|90 92 12 11|0.6 9
1597 直得|電機機械|19 35 21|93 98 19 7|1.8 44
1598 岱宇|運動休閒|-16 -24 -5|73 82 -5 -12|1.0 6
1603 華電|電器電纜|-37 10 -12|75 75 -13 -20|0.5 17
1604 聲寶|電器電纜|-6 -10 -5|93 100 4 2|1.0 9
1605 華新|電器電纜|-23 -5 2|70 70 -3 18|0.2 950
1608 華榮|電器電纜|25 18 12|78 78 -14 -3|0.2 84
1609 大亞|電器電纜|-6 12 6|69 69 -14 -20|0.3 119
1611 中電|電器電纜|-28 -14 -6|83 93 3 -1|0.8 11
1612 宏泰|電器電纜|-21 12 -1|86 86 1 -8|0.4 18
1616 億泰|電器電纜|-22 8 -7|56 62 -18 -33|0.3 21
1618 合機|電器電纜|-74 106 55|77 78 -6 -17|0.3 23
1702 南僑|食品工業|1 -5 -1|76 92 -6 -8|0.7 13
1707 葡萄王|生技醫療|-1 -6 -1|88 96 -1 -4|1.1 12
1708 東鹼|化學工業|-19 0 5|91 91 27 37|2.2 455
1709 和益|化學工業|-21 -12 2|92 97 9 10|1.0 16
1710 東聯|化學工業|-39 -21 -13|90 93 21 16|2.7 180
1711 永光|化學工業|-25 -7 2|90 90 103 97|0.2 516
1712 興農|化學工業|-9 -4 -1|98 98 6 6|0.7 39
1713 國化|化學工業|-8 -8 1|87 89 7 -4|0.2 11
1717 長興|化學工業|-19 -3 5|85 85 48 47|0.3 1308
1720 生達|生技醫療|-16 2 -2|98 98 7 14|0.7 20
1721 三晃|化學工業|-40 -9 15|79 79 36 30|0.3 27
1722 台肥|化學工業|-6 3 -1|82 93 -3 -7|1.1 195
1723 中碳|化學工業|-34 -32 -3|93 97 27 6|4.4 71
1725 元禎|化學工業|-24 -10 -3|79 84 9 10|0.9 7
1727 中華化|化學工業|-0 5 11|81 81 11 37|0.6 376
1734 杏輝|生技醫療|-17 4 -5|97 98 3 2|1.3 8
1735 日勝化|化學工業|-44 -10 5|80 80 36 73|0.4 18
1736 喬山|運動休閒|5 12 1|62 71 -9 -24|0.6 64
1760 寶齡富錦|生技醫療|-4 12 6|78 90 0 -11|0.8 8
1773 勝一|化學工業|-10 7 1|84 84 3 4|0.4 119
1784 訊聯|生技醫療|-14 8 5|68 68 -30 -2|0.4 20
1785 光洋科|其他電子|63 58 18|91 91 31 47|2.3 3309
1786 科妍|生技醫療|0 1 1|48 54 -21 -38|1.3 14
1789 神隆|生技醫療|26 -10 -10|77 77 26 13|0.3 24
1795 美時|生技醫療|132 64 44|59 59 -23 -8|0.5 692
1802 台玻|玻璃陶瓷|-18 -2 -1|80 80 54 88|0.6 2407
1808 潤隆|建材營造|117766 43167 30734|72 72 -9 -3|0.4 26
1809 中釉|玻璃陶瓷|1 7 -1|80 80 49 33|0.4 95
1810 和成|玻璃陶瓷|-23 -7 -1|72 84 0 -11|0.3 13
1815 富喬|電子零組|61 29 -9|85 85 8 53|0.6 2045
1903 士紙|造紙工業|-16 -5 -2|69 81 -8 -6|1.1 9
1904 正隆|造紙工業|-25 -6 -2|93 93 8 6|4.8 37
1905 華紙|造紙工業|-36 -14 -3|90 90 43 35|5.9 27
1907 永豐餘|造紙工業|-21 -6 1|92 95 4 4|3.1 30
1909 榮成|造紙工業|-23 1 5|89 89 2 -0|5.2 19
2002 中鋼|鋼鐵工業|-13 -9 3|81 92 5 -1|0.9 758
2006 東和鋼鐵|鋼鐵工業|-31 -9 -4|87 87 14 20|1.0 352
2009 第一銅|鋼鐵工業|42 34 30|74 74 -9 7|0.1 63
2010 春源|鋼鐵工業|1 7 5|98 98 21 22|0.8 42
2013 中鋼構|鋼鐵工業|-10 -9 -10|90 98 6 4|0.5 9
2014 中鴻|鋼鐵工業|-24 -27 7|75 92 18 12|0.5 125
2015 豐興|鋼鐵工業|-42 -18 -3|90 93 6 -1|1.9 37
2020 美亞|鋼鐵工業|-35 3 4|92 100 7 1|1.7 9
2023 燁輝|鋼鐵工業|-22 -15 -6|87 91 -2 -11|0.8 32
2027 大成鋼|鋼鐵工業|14 19 4|72 92 6 -5|1.9 585
2030 彰源|鋼鐵工業|-5 -3 13|90 91 15 14|0.6 9
2031 新光鋼|鋼鐵工業|-39 -15 -23|81 94 6 -7|0.7 33
2032 新鋼|鋼鐵工業|-29 3 1|83 92 14 7|1.1 8
2034 允強|鋼鐵工業|-41 -30 -9|79 90 -2 1|0.5 19
2038 海光|鋼鐵工業|-56 -26 -11|79 93 10 -1|0.6 9
2049 上銀|電機機械|-3 6 7|83 90 19 6|1.2 952
2059 川湖|電子零組|31 43 -19|80 80 -7 9|0.8 2175
2070 精湛|電機機械|-15 25 25|65 83 1 3|0.4 5
2101 南港|橡膠工業|-24 -6 9|76 93 -2 -8|0.7 69
2102 泰豐|橡膠工業|-64 -17 -10|91 95 3 5|0.8 10
2103 台橡|橡膠工業|-17 -6 -2|88 88 25 19|0.8 172
2104 國際中橡|橡膠工業|-23 -17 -1|89 89 7 10|0.9 56
2105 正新|橡膠工業|-17 -4 2|64 84 7 -17|0.8 389
2106 建大|橡膠工業|-12 -5 -2|70 88 -7 -10|1.3 16
2107 厚生|橡膠工業|-47 -16 -10|98 98 4 6|1.2 6
2108 南帝|橡膠工業|0 0 14|84 97 19 14|2.4 26
2201 裕隆|汽車工業|-4 -8 5|62 64 -21 -22|0.6 77
2204 中華|汽車工業|4 24 26|76 89 -7 -11|1.1 70
2206 三陽工業|汽車工業|-11 1 2|86 94 -2 -6|0.9 53
2207 和泰車|汽車工業|-15 -5 -4|78 79 -13 -17|1.2 271
2208 台船|航運業|39 62 -5|69 84 1 -14|0.7 78
2211 長榮鋼|鋼鐵工業|-31 -19 -26|83 83 -2 3|0.7 71
2228 劍麟|汽車工業|-5 -4 -1|71 79 -17 -19|0.2 18
2230 泰茂|居家生活|89 29 18|30 30 -66 -69|0.6 10
2231 為升|汽車工業|-17 -5 12|82 88 27 4|4.4 51
2233 宇隆|汽車工業|-22 -11 2|78 78 12 6|0.3 151
2236 百達-KY|汽車工業|-1 69 -297|93 93 -3 4|1.0 30
2241 艾姆勒|汽車工業|45 47 26|71 71 -22 0|0.8 10
2243 宏旭-KY|汽車工業|739 270 180|96 96 90 83|1.8 17
2247 汎德永業|汽車工業|-47 -26 -11|72 80 -15 -18|0.3 15
2258 鴻華先進-創|汽車工業|-30 -56 7|55 63 -33 -30|1.4 28
2301 光寶科|電腦及週|17 15 -5|77 77 -9 -13|0.6 2415
2302 麗正|半導體業|39 18 8|77 83 2 1|0.4 12
2303 聯電|半導體業|6 4 2|75 75 16 30|0.4 3702
2305 全友|電腦及週|34 31 19|92 92 45 35|2.7 34
2308 台達電|電子零組|31 34 2|95 95 54 67|1.1 18387
2312 金寶|其他電子|-19 -10 -2|63 63 -3 10|0.3 315
2313 華通|電子零組|0 18 10|99 99 169 258|1.5 17570
2314 台揚|通信網路|3 21 1|25 74 -17 -25|1.3 7
2316 楠梓電|電子零組|-4 19 3|82 82 -3 0|0.7 431
2317 鴻海|其他電子|8 25 7|75 75 -12 -14|0.8 11467
2323 中環|光電業|13 13 13|84 84 5 21|0.7 124
2324 仁寶|電腦及週|-22 -4 13|78 79 -5 -22|1.4 993
2327 國巨*|電子零組|18 25 13|84 84 13 48|0.4 5141
2328 廣宇|電子零組|-34 -21 -14|73 77 -7 -21|0.3 119
2329 華泰|半導體業|12 25 -2|72 72 -2 10|0.4 668
2330 台積電|半導體業|22 26 -5|92 92 24 41|1.1 75406
2331 精英|電腦及週|67 37 14|72 72 -7 1|0.2 54
2332 友訊|通信網路|-1 3 9|72 86 -2 -13|1.1 45
2337 旺宏|半導體業|60 52 32|79 79 226 398|0.2 7398
2338 光罩|半導體業|-14 -14 5|77 77 20 7|0.7 181
2340 台亞|半導體業|-3 -1 -3|79 86 -5 -9|0.8 83
2342 茂矽|半導體業|-15 -15 -15|74 74 -0 -8|0.3 39
2344 華邦電|半導體業|88 79 53|72 72 22 180|1.0 19190
2345 智邦|通信網路|83 74 -48|99 99 39 70|1.0 7512
2347 聯強|電子通路|6 20 17|96 96 33 23|0.9 424
2348 海悅|其他|240 86 75|53 90 -5 -10|0.5 29
2349 錸德|光電業|-22 -3 -10|80 80 -10 22|0.4 59
2351 順德|半導體業|2 5 8|99 99 37 28|1.6 262
2352 佳世達|電腦及週|-7 0 -2|61 66 -3 -34|0.7 114
2353 宏碁|電腦及週|26 27 18|74 87 8 -14|0.5 508
2354 鴻準|其他電子|-24 8 -113|69 72 -14 -27|0.7 215
2355 敬鵬|電子零組|-5 6 7|100 100 65 49|3.5 685
2356 英業達|電腦及週|-1 7 -1|80 80 -5 -13|0.7 560
2357 華碩|電腦及週|19 48 16|79 79 4 -18|0.7 2402
2359 所羅門|其他電子|-38 -3 -17|67 78 -13 -25|0.4 99
2360 致茂|其他電子|86 72 37|98 98 109 170|1.4 5149
2362 藍天|電腦及週|19 11 25|75 88 -6 -10|0.7 17
2363 矽統|半導體業|211 181 -526|75 77 1 -17|0.3 137
2364 倫飛|電腦及週|-1 -11 -25|51 78 -11 -22|0.5 5
2365 昆盈|電腦及週|1 10 11|62 74 -11 -27|0.3 59
2367 燿華|電子零組|-19 -10 5|95 95 172 174|1.7 4909
2368 金像電|電子零組|54 56 -4|94 94 42 116|0.7 8340
2369 菱生|半導體業|26 42 28|85 85 35 60|0.7 520
2371 大同|電機機械|-2 10 1|71 72 -2 -22|0.4 420
2374 佳能|光電業|32 83 19|64 72 -10 -24|0.3 235
2375 凱美|電子零組|5 14 7|71 71 -15 -3|0.3 74
2376 技嘉|電腦及週|47 59 27|74 74 -1 -21|0.7 1403
2377 微星|電腦及週|-3 22 3|53 76 -10 -25|0.6 530
2379 瑞昱|半導體業|-7 1 -2|84 84 -1 -10|0.7 1410
2382 廣達|電腦及週|43 67 17|94 94 10 2|0.9 4287
2383 台光電|電子零組|45 45 1|97 97 69 128|0.9 10112
2385 群光|電子零組|-13 -5 1|74 87 2 -14|0.8 515
2387 精元|電腦及週|-33 -17 4|72 95 11 5|1.5 83
2388 威盛|半導體業|-4 -29 5|56 79 -4 -9|1.3 229
2392 正崴|電子零組|-21 -23 -15|59 70 -5 -26|0.7 41
2393 億光|光電業|-5 2 8|86 98 24 7|0.6 257
2395 研華|電腦及週|6 14 -4|85 88 16 3|0.8 909
2397 友通|電腦及週|3 8 -7|65 77 -12 -24|0.6 7
2399 映泰|電腦及週|3 -9 0|86 86 23 66|0.4 158
2401 凌陽|半導體業|-7 7 10|70 84 -0 -15|0.6 43
2402 毅嘉|電子零組|11 16 2|77 77 -21 -1|0.7 238
2404 漢唐|其他電子|69 56 5|68 73 -10 -12|0.9 3647
2405 輔信|電腦及週|-21 1 -4|70 77 -16 -19|0.9 27
2406 國碩|光電業|160 179 131|85 85 23 54|0.7 1044
2408 南亞科|半導體業|587 547 325|65 65 12 175|1.5 26813
2409 友達|光電業|-17 -3 -0|92 92 39 13|0.4 2132
2412 中華電|通信網路|3 3 -2|97 97 3 0|0.8 1387
2413 環科|電子零組|-24 -2 -7|85 85 29 127|0.9 215
2414 精技|電子通路|-12 17 -2|94 97 5 -1|0.8 7
2415 錩新|電子零組|29 21 11|99 99 17 17|1.2 7
2417 圓剛|電腦及週|10 19 14|71 82 -3 -18|0.3 11
2419 仲琦|通信網路|-7 -5 -2|99 99 41 51|3.1 98
2420 新巨|電子零組|-11 1 4|83 94 2 -0|0.5 10
2421 建準|電子零組|2 23 -3|68 68 -19 2|1.0 709
2425 承啟|電腦及週|114 61 7|68 80 -13 -15|0.6 10
2426 鼎元|光電業|-15 -6 -2|91 91 105 91|0.4 160
2427 三商電|資訊服務|-32 110 24|71 79 -14 -16|0.5 15
2428 興勤|電子零組|-13 2 -4|76 76 -10 -9|0.4 72
2429 銘旺科|光電業|-54 3 -40|27 32 -49 -69|0.7 16
2431 聯昌|電子零組|-66 -18 -13|67 67 3 -15|0.2 11
2436 偉詮電|半導體業|9 27 8|88 88 28 13|0.8 280
2439 美律|通信網路|16 19 10|72 75 -13 -16|0.4 131
2441 超豐|半導體業|19 18 5|82 82 2 39|0.7 411
2442 新美齊|建材營造|9886 3953 2889|70 79 -21 -19|0.8 42
2444 兆勁|通信網路|-45 -11 8|78 82 7 3|0.4 8
2449 京元電子|半導體業|41 38 5|86 86 28 69|0.8 5174
2451 創見|半導體業|246 310 181|73 73 26 106|0.2 1385
2453 凌群|資訊服務|5 7 -1|73 84 -0 -13|0.4 28
2454 聯發科|半導體業|-16 -0 -8|75 75 8 11|1.0 11858
2455 全新|通信網路|16 25 15|96 96 71 65|1.9 4943
2457 飛宏|電子零組|-5 -13 -5|64 64 -15 -1|0.2 71
2458 義隆|半導體業|-11 -5 -0|87 92 5 3|1.7 490
2460 建通|電子零組|14 56 44|88 88 26 36|0.3 9
2461 光群雷|其他電子|-6 9 11|95 100 22 9|1.5 13
2462 良得電|電子零組|-5 -1 0|78 78 -3 -14|0.4 6
2464 盟立|其他電子|8 -2 8|86 86 10 -4|0.5 194
2465 麗臺|電腦及週|127 46 12|66 66 -13 -7|0.6 21
2466 冠西電|光電業|-31 -8 -4|43 68 -31 -31|0.4 21
2467 志聖|電子零組|3 56 20|96 96 71 105|1.9 842
2468 華經|資訊服務|-31 -19 -32|43 65 -18 -33|0.5 24
2471 資通|資訊服務|29 23 7|80 96 4 4|0.7 11
2472 立隆電|電子零組|0 9 3|100 100 25 52|1.0 479
2474 可成|其他電子|-21 -13 -14|89 89 -10 3|0.8 421
2476 鉅祥|電子零組|14 26 11|72 79 -3 -18|0.6 98
2478 大毅|電子零組|-20 7 -0|80 80 7 13|0.3 153
2480 敦陽科|資訊服務|11 13 0|77 78 -8 -21|0.6 24
2481 強茂|半導體業|-1 8 4|85 85 9 24|0.9 2241
2484 希華|電子零組|-18 -6 -13|100 100 51 38|2.5 33
2485 兆赫|通信網路|85 126 46|100 100 184 501|0.2 4302
2486 一詮|光電業|6 17 5|89 89 58 80|0.1 785
2488 漢平|其他電子|0 -2 2|95 100 7 10|0.8 5
2489 瑞軒|光電業|7 4 -2|77 77 129 149|2.3 886
2492 華新科|電子零組|-4 8 3|75 75 2 17|0.4 695
2493 揚博|電子零組|1 7 5|65 84 5 -1|0.5 93
2495 普安|電腦及週|7 13 15|87 87 9 48|0.4 147
2497 怡利電|汽車工業|15 -4 -1|88 91 8 4|1.6 11
2498 宏達電|通信網路|-14 -13 -11|54 64 -20 -34|0.6 222
2501 國建|建材營造|194 62 26|93 93 -6 -1|1.4 55
2504 國產|建材營造|-11 -3 -6|82 91 -7 -3|1.3 99
2515 中工|建材營造|-13 25 33|73 73 0 24|0.3 196
2520 冠德|建材營造|9 16 27|57 89 -10 -12|0.6 53
2527 宏璟|建材營造|-4 -11 40|91 93 4 19|0.6 8
2528 皇普|建材營造|-100 -99 -946366|60 82 -17 -10|0.6 20
2530 華建|建材營造|-98 -87 -233|65 81 -13 -15|0.6 13
2534 宏盛|建材營造|-88 -89 -270|77 89 -5 -9|1.1 12
2535 達欣工|建材營造|18 98 28|95 95 13 18|1.2 26
2536 宏普|建材營造|-62 27 -3241|69 81 -16 -19|0.7 7
2537 聯上發|建材營造|273 158 -1453|68 84 -15 -6|0.5 8
2539 櫻花建|建材營造|-34 181 na|70 96 -1 -1|0.7 30
2540 愛山林|建材營造|-33 -35 -43|55 62 -6 -38|0.7 35
2542 興富發|建材營造|775 1163 893|79 86 -11 -14|0.9 115
2543 皇昌|建材營造|6 21 19|61 74 -7 -20|0.7 296
2545 皇翔|建材營造|8 -35 12|55 79 -10 -17|0.8 10
2546 根基|建材營造|-21 22 -27|86 87 -9 -7|2.9 8
2547 日勝生|建材營造|-9 5 17|76 92 -5 -5|1.0 28
2548 華固|建材營造|19257 21818 12219|100 100 2 28|2.0 196
2597 潤弘|建材營造|-5 33 12|79 84 -10 -2|1.0 75
2603 長榮|航運業|-21 -22 1|90 94 8 14|0.6 2992
2605 新興|航運業|87 47 31|95 95 57 74|1.2 1519
2606 裕民|航運業|16 13 13|85 85 -2 3|0.6 296
2607 榮運|航運業|-15 -17 5|80 86 -10 -13|0.6 29
2608 嘉里大榮|航運業|-15 -1 -3|84 90 -7 -10|0.5 9
2609 陽明|航運業|-15 -20 9|68 80 -5 -4|0.5 1753
2610 華航|航運業|15 3 1|78 80 -8 -12|0.6 602
2612 中航|航運業|-4 1 -1|73 73 -8 0|0.3 52
2613 中櫃|航運業|2 7 3|72 88 4 -6|0.3 19
2614 東森|其他|3 -4 -1|88 88 -10 -2|0.6 17
2615 萬海|航運業|-0 -10 4|65 91 1 5|0.7 1058
2616 山隆|油電燃氣|-23 -5 9|70 70 23 14|2.5 42
2617 台航|航運業|6 6 7|91 91 -0 12|0.5 28
2618 長榮航|航運業|14 5 5|85 89 -4 -9|0.6 1067
2630 亞航|航運業|21 -7 -11|67 80 -10 -10|0.5 52
2633 台灣高鐵|航運業|13 3 -0|93 93 -4 -4|1.2 142
2634 漢翔|航運業|-13 8 11|70 81 -8 -20|0.5 244
2636 台驊控股|航運業|-14 -17 5|85 97 4 -1|0.7 29
2637 慧洋-KY|航運業|30 18 27|91 91 2 13|0.5 122
2640 大車隊|數位雲端|15 5 0|96 96 42 46|3.2 26
2641 正德|航運業|16 30 -13|80 82 -10 -16|0.4 40
2645 長榮航太|航運業|-6 8 -5|73 84 1 -9|0.3 196
2646 星宇航空|航運業|41 19 -2|78 85 -11 -15|0.7 84
2707 晶華|觀光餐旅|24 6 -3|92 94 -1 -6|0.9 22
2723 美食-KY|觀光餐旅|-13 -14 -7|75 91 0 -6|0.5 24
2727 王品|觀光餐旅|24 10 4|92 98 6 1|0.8 78
2731 雄獅|觀光餐旅|41 13 7|88 88 -2 2|1.0 105
2743 山富|觀光餐旅|49 23 19|71 77 -6 -17|0.6 7
2745 五福|觀光餐旅|32 16 1|73 90 0 -5|0.7 14
2753 八方雲集|觀光餐旅|-6 3 -5|85 85 -5 -8|0.6 43
2755 揚秦|觀光餐旅|22 23 2|96 96 18 12|0.7 13
2801 彰銀|金融保險|4 11 1|95 95 -1 5|0.7 306
2812 台中銀|金融保險|12 10 3|88 91 -1 -10|0.9 191
2820 華票|金融保險|31 94 23|96 96 -0 4|0.6 13
2832 台產|金融保險|-5 2 2|87 87 -7 4|0.6 8
2834 臺企銀|金融保險|-5 2 -1|93 93 -6 -3|1.0 378
2836 高雄銀|金融保險|5 15 -0|94 94 -3 2|0.7 16
2838 聯邦銀|金融保險|11 15 7|99 99 7 16|0.9 34
2845 遠東銀|金融保險|12 10 7|93 97 -3 1|0.7 74
2850 新產|金融保險|7 6 1|97 97 0 -1|0.6 36
2851 中再保|金融保險|103 75 55|98 98 18 27|1.4 63
2852 第一保|金融保險|-7 -1 3|91 92 -7 -3|0.7 11
2855 統一證|金融保險|221 217 146|96 96 36 42|0.6 166
2880 華南金|金融保險|8 15 8|88 88 5 15|1.2 515
2881 富邦金|金融保險|69 29 -87|89 89 -10 2|0.9 1765
2882 國泰金|金融保險|-11 -5 -10|90 90 -5 9|1.0 1631
2883 凱基金|金融保險|25 -7 738|90 90 13 33|0.8 820
2884 玉山金|金融保險|4 20 -2|92 92 -5 -3|0.7 1015
2885 元大金|金融保險|52 66 47|96 96 17 36|1.1 995
2886 兆豐金|金融保險|-1 8 6|91 92 -4 -7|1.5 802
2887 台新新光金|金融保險|187 212 100|94 94 16 36|0.9 1661
2889 國票金|金融保險|16 47 30|85 85 -7 1|1.0 77
2890 永豐金|金融保險|13 28 10|95 95 10 29|1.0 662
2891 中信金|金融保險|14 35 2|96 96 7 26|1.1 1959
2892 第一金|金融保險|3 15 5|95 95 -3 -4|0.9 590
2897 王道銀行|金融保險|7 23 13|100 100 9 11|1.0 42
2903 遠百|貿易百貨|25 1 2|94 94 4 2|0.4 46
2905 三商|貿易百貨|5 1 -9|85 85 -9 19|0.6 10
2912 統一超|貿易百貨|9 5 1|87 90 2 -9|0.9 568
2913 農林|貿易百貨|2 -9 -13|64 85 -9 -13|1.2 16
2915 潤泰全|貿易百貨|-27 -45 -29|78 86 -13 -8|0.6 94
3002 歐格|電腦及週|23 23 -4|64 64 -30 10|0.3 6
3003 健和興|電子零組|-3 21 20|74 95 3 -6|0.7 17
3004 豐達科|鋼鐵工業|20 25 6|67 77 5 -20|0.4 20
3005 神基|電腦及週|-0 4 -7|63 66 -13 -34|1.6 945
3006 晶豪科|半導體業|128 122 90|72 72 62 118|0.2 2271
3008 大立光|光電業|-3 3 -0|87 87 -1 -5|0.5 1868
3010 華立|電子通路|22 11 12|86 86 5 23|0.5 153
3011 今皓|電子零組|-46 -37 0|69 81 -14 -17|0.9 8
3013 晟銘電|電腦及週|-31 10 3|71 71 -23 -15|1.7 217
3014 聯陽|半導體業|-14 -3 -5|81 86 0 -13|0.5 85
3015 全漢|電子零組|-12 1 -12|81 82 -5 -9|0.4 11
3016 嘉晶|半導體業|15 17 17|73 73 4 -11|0.3 92
3017 奇鋐|電腦及週|75 112 9|93 93 41 120|0.9 10945
3019 亞光|光電業|7 10 -4|72 75 -11 -24|0.2 312
3022 威強電|電腦及週|-31 -9 -2|62 88 -4 -9|0.8 39
3023 信邦|電子零組|-5 -2 5|95 95 30 10|1.6 427
3024 憶聲|光電業|-65 -69 -47|60 75 -12 -27|0.9 7
3025 星通|通信網路|113 93 79|76 76 -14 33|0.2 33
3026 禾伸堂|電子零組|-2 10 5|94 94 42 51|3.7 416
3027 盛達|通信網路|-48 -51 -48|49 69 -15 -25|0.3 8
3028 增你強|電子通路|45 59 34|86 86 32 58|0.4 242
3029 零壹|資訊服務|-37 -3 -26|70 81 -10 -19|1.2 163
3030 德律|其他電子|25 34 0|92 92 33 40|1.1 1569
3031 佰鴻|光電業|-18 6 5|93 93 14 10|1.9 40
3032 偉訓|電子零組|1 31 -26|54 63 -18 -35|0.5 33
3033 威健|電子通路|-10 15 -6|91 91 7 15|0.6 122
3034 聯詠|半導體業|-24 -16 -10|74 90 4 -11|1.5 1334
3035 智原|半導體業|-74 -39 -76|59 78 -12 -12|0.7 334
3036 文曄|電子通路|29 61 27|88 88 58 62|0.8 2457
3037 欣興|電子零組|16 26 9|84 84 125 211|0.2 5898
3038 全台|光電業|-13 -13 2|77 88 -9 -3|0.5 5
3040 遠見|其他|22 7 9|69 78 -9 -22|0.5 11
3041 揚智|半導體業|31 51 59|68 72 -9 -25|0.4 14
3042 晶技|電子零組|7 4 -1|95 100 14 4|1.2 148
3044 健鼎|電子零組|11 18 5|85 85 10 18|0.6 1193
3045 台灣大|通信網路|-0 3 3|96 97 1 3|0.8 787
3046 建碁|電腦及週|-16 23 8|84 84 -10 4|0.3 7
3047 訊舟|通信網路|-40 -36 7|63 75 -14 -16|0.7 17
3048 益登|電子通路|11 7 4|74 76 -15 -15|0.4 91
3049 精金|光電業|-74 -3 -2|65 65 60 67|1.4 247
3050 鈺德|光電業|-13 6 5|84 87 -2 3|0.8 10
3051 力特|光電業|-34 -18 -12|66 72 9 -13|0.2 14
3054 立萬利|食品工業|751 288 149|82 82 168 198|0.9 32
3055 蔚華科|電子通路|-18 38 37|71 71 -26 4|0.3 14
3056 富華新|建材營造|-97 -48 -177|39 71 -18 -25|0.7 24
3059 華晶科|光電業|11 9 -15|57 69 -11 -32|0.4 47
3060 銘異|電腦及週|-4 11 4|78 78 -14 15|0.3 88
3062 建漢|通信網路|-20 12 -9|100 100 36 35|5.6 77
3066 李洲|光電業|43 39 23|80 80 37 24|0.4 15
3071 協禧|電腦及週|39 26 26|93 93 23 20|1.8 32
3078 僑威|電子零組|-47 -36 -42|62 71 -19 -29|0.6 60
3081 聯亞|通信網路|91 124 24|100 100 186 277|1.4 2661
3086 華義*|文化創意|-18 -13 -15|98 98 31 99|0.5 36
3088 艾訊|電腦及週|15 28 22|65 94 6 1|0.6 27
3090 日電貿|電子零組|9 18 -8|86 86 -1 25|0.3 200
3092 鴻碩|電子零組|-27 -14 2|76 76 58 79|0.3 32
3093 港建*|其他電子|-45 -5 -77|90 90 88 88|0.5 83
3094 聯傑|半導體業|-10 -13 -23|78 80 -5 -15|0.5 5
3105 穩懋|半導體業|26 27 22|96 96 100 286|1.9 7399
3130 一零四|數位雲端|-12 4 -2|95 97 -1 -2|1.1 5
3131 弘塑|半導體業|52 66 5|100 100 95 81|1.4 2795
3135 凌航|半導體業|104 189 na|na 68 53 198|1.0 595
3138 耀登|通信網路|19 20 14|78 78 56 70|0.9 693
3141 晶宏|半導體業|5 -1 -9|55 78 -22 -15|0.4 11
3147 大綜|資訊服務|-43 43 -21|61 81 -5 -15|0.3 44
3149 正達|光電業|73 51 35|75 75 34 6|0.7 226
3152 璟德|通信網路|-16 -15 2|78 78 -6 11|0.4 42
3162 精確|電機機械|-29 3 -50|86 86 1 10|0.6 81
3163 波若威|通信網路|5 29 6|90 90 123 296|0.3 850
3167 大量|電機機械|123 101 -6|99 99 81 113|0.8 400
3169 亞信|半導體業|-4 -4 -9|80 86 -5 -8|0.8 13
3171 炎洲流通|居家生活|54 62 19|100 100 42 21|2.0 11
3176 基亞|生技醫療|-24 -13 -26|90 91 0 10|0.9 8
3188 鑫龍騰|建材營造|508 592 289|89 89 0 8|1.2 28
3189 景碩|半導體業|10 30 -1|87 87 131 199|0.2 5248
3205 佰研|生技醫療|27 -1 16|96 96 17 11|7.5 6
3206 志豐|電子零組|-38 -14 1|98 99 24 17|1.9 15
3207 耀勝|電子零組|-28 30 4|62 80 -5 -7|0.2 32
3209 全科|電子通路|35 39 25|93 93 32 32|1.8 118
3211 順達|電腦及週|0 29 23|87 94 9 -3|2.0 3224
3213 茂訊|電腦及週|-13 -7 -1|77 87 -2 -13|0.7 28
3217 優群|電子零組|-8 8 -8|75 75 -4 -12|0.6 87
3218 大學光|生技醫療|3 -2 1|65 90 -1 -11|0.9 30
3219 倚強科|其他電子|57 104 40|59 79 8 -23|0.3 23
3221 台嘉碩|通信網路|-4 7 4|100 100 85 77|2.7 143
3227 原相|半導體業|-14 -4 -8|71 71 -10 -25|0.6 132
3228 金麗科|半導體業|21 4 16|70 83 5 -17|1.2 35
3230 錦明|光電業|-26 -26 -11|61 72 -0 -28|0.6 30
3231 緯創|電腦及週|177 157 29|80 80 -13 1|0.6 4474
3234 光環|通信網路|-27 -2 -11|82 82 75 152|0.8 307
3236 千如|電子零組|-3 29 14|82 82 7 48|0.4 46
3257 虹冠電|半導體業|-44 -8 -37|68 68 -24 -24|0.3 13
3260 威剛|半導體業|114 138 75|73 73 70 152|0.5 4768
3264 欣銓|半導體業|22 23 11|100 100 78 95|0.9 948
3265 台星科|半導體業|18 18 5|98 98 24 50|1.2 231
3289 宜特|其他電子|-7 5 -5|89 89 24 12|0.9 326
3290 東浦|電子零組|69 32 11|85 85 1 8|0.5 17
3293 鈊象|文化創意|19 16 -2|89 95 8 -4|2.0 1233
3294 英濟|電子零組|-15 -8 5|54 69 -21 -34|0.3 21
3303 岱稜|其他電子|-10 2 2|88 90 0 -8|0.7 9
3305 昇貿|其他電子|62 52 20|68 84 -5 -5|0.5 239
3306 鼎天|通信網路|28 44 22|68 68 -9 -18|0.4 7
3308 聯德|電子零組|-4 100 na|79 79 32 27|0.2 5
3311 閎暉|通信網路|-24 -13 -8|78 87 3 -8|0.6 7
3312 弘憶股|電子通路|-24 6 -7|60 81 -2 -20|0.2 19
3317 尼克森|半導體業|4 8 -1|88 88 12 2|1.6 26
3322 建舜電|電子零組|-22 1 -1|72 72 -18 -9|0.7 7
3323 加百裕|電腦及週|-13 -14 -4|59 62 -21 -39|0.6 33
3324 雙鴻|其他電子|67 99 40|80 80 -10 7|1.2 4553
3338 泰碩|電子零組|-38 -15 -7|87 91 23 3|0.6 56
3339 泰谷|光電業|32 59 17|89 95 45 15|4.6 159
3349 寶德|電腦及週|-83 -51 -49|87 87 -11 45|0.7 7
3354 律勝|電子零組|-10 12 30|75 75 -5 39|0.3 19
3356 奇偶|光電業|12 5 14|80 95 4 -2|0.6 19
3357 臺慶科|電子零組|-3 16 -1|72 72 1 14|0.4 370
3360 尚立|電子通路|44 101 67|82 82 13 10|0.5 12
3362 先進光|光電業|-9 4 3|52 78 3 -15|0.3 31
3363 上詮|通信網路|28 13 -20|82 82 46 75|0.2 964
3372 典範|半導體業|15 39 11|74 74 -6 25|0.2 18
3374 精材|半導體業|16 29 18|82 82 18 9|0.3 461
3376 新日興|電子零組|-22 -19 4|74 75 -3 -18|0.7 1122
3379 彬台|電機機械|-15 -1 -100|46 60 -26 -38|0.4 5
3380 明泰|通信網路|-9 6 0|99 99 14 18|1.3 256
3388 崇越電|電子零組|-7 7 9|100 100 7 5|1.0 5
3390 旭軟|電子零組|-62 14 19|82 83 -8 9|0.2 6
3402 漢科|其他電子|9 9 10|77 79 -6 -15|0.5 71
3406 玉晶光|光電業|5 37 26|95 95 6 5|0.6 334
3413 京鼎|半導體業|4 6 -16|80 80 3 -4|1.2 521
3416 融程電|電腦及週|38 25 3|71 80 -5 -21|0.7 33
3419 譁裕|通信網路|-4 -1 -17|92 92 22 9|0.8 6
3430 奇鈦科|化學工業|3 16 2|83 83 18 9|0.4 44
3437 榮創|光電業|-32 -28 -5|91 91 58 43|0.5 31
3443 創意|半導體業|60 81 28|85 85 16 80|0.8 4678
3444 利機|電子通路|-5 11 4|78 78 1 6|0.5 8
3447 展達|通信網路|21 8 -31|47 55 -28 -43|0.5 7
3450 聯鈞|半導體業|-37 -16 -17|74 74 -7 -9|0.7 4601
3455 由田|光電業|-40 -35 -31|97 97 38 31|0.7 302
3466 德晉|通信網路|141 8 18|64 69 -22 -33|0.8 13
3479 安勤|電腦及週|-9 6 -4|73 73 -8 -24|0.8 22
3481 群創|光電業|6 14 11|76 76 89 69|0.4 13430
3483 力致|電腦及週|-20 -0 -2|63 68 -17 -30|0.8 33
3484 崧騰|電子零組|-12 -5 -7|73 87 -6 -11|0.7 9
3490 單井|光電業|59 6 7|92 95 0 7|2.5 12
3491 昇達科|通信網路|57 69 55|87 87 118 230|2.1 694
3498 陽程|其他電子|116 64 -30|92 92 51 48|1.4 374
3501 維熹|電子零組|-32 -13 -3|79 83 -2 -7|0.2 8
3504 揚明光|光電業|-19 -2 -3|82 82 3 -13|0.5 25
3508 位速|其他電子|-56 -2 -21|77 77 75 62|1.1 100
3515 華擎|電腦及週|-30 19 -57|61 61 -16 -23|0.7 119
3526 凡甲|電子零組|-15 17 -1|92 92 14 13|0.8 160
3527 聚積|半導體業|-16 -10 6|71 81 -10 -21|0.3 6
3528 安馳|電子通路|22 101 24|69 82 -4 -10|0.6 9
3529 力旺|半導體業|12 -1 -7|93 93 58 24|1.0 2830
3530 晶相光|半導體業|33 60 40|73 73 -18 -11|0.2 8
3532 台勝科|半導體業|-4 7 6|87 87 47 28|0.5 319
3533 嘉澤|電子零組|5 22 10|94 94 63 36|1.4 4893
3535 晶彩科|光電業|4842 5093 3296|71 71 16 30|0.3 691
3537 堡達|電子零組|-5 18 10|79 79 -20 9|0.1 5
3540 曜越|電腦及週|15 5 -22|68 75 -12 -24|0.5 5
3543 州巧|光電業|-20 -2 -0|86 86 8 32|0.3 104
3545 敦泰|半導體業|-22 -23 -7|65 72 -4 -27|2.1 59
3546 宇峻|文化創意|127 65 49|62 83 -10 -15|0.4 10
3548 兆利|電子零組|-45 -34 -28|49 78 -10 -23|0.7 22
3550 聯穎|電子零組|-28 11 6|90 90 30 22|0.7 36
3551 世禾|綠能環保|16 22 4|78 78 -12 8|0.5 82
3552 同致|其他電子|-1 -8 -7|76 78 -6 -12|4.9 8
3555 博士旺|半導體業|4102 2693 1672|70 70 83 214|0.3 29
3556 禾瑞亞|半導體業|-36 28 18|93 93 15 10|0.6 5
3558 神準|通信網路|-23 -14 -35|47 70 -16 -31|0.6 17
3563 牧德|光電業|5 8 -98|92 92 56 46|2.3 2358
3576 聯合再生|光電業|-56 -59 -13|80 80 128 207|1.0 858
3577 泓格|電腦及週|-17 8 3|68 98 15 -3|2.8 8
3580 友威科|其他電子|-57 -25 8|91 91 15 7|0.8 50
3581 博磊|半導體業|-14 29 17|84 84 -5 68|0.5 78
3583 辛耘|半導體業|13 17 1|93 93 42 15|2.3 1497
3587 閎康|其他電子|6 11 1|90 90 24 8|0.7 307
3588 通嘉|半導體業|2 10 16|77 80 -2 -13|0.3 11
3591 艾笛森|光電業|-4 -10 0|81 93 11 11|1.9 39
3592 瑞鼎|半導體業|-13 -9 1|62 80 -2 -22|0.8 88
3594 磐儀|電腦及週|22 6 -22|72 88 5 -9|0.4 11
3596 智易|通信網路|-7 2 -7|71 80 -2 -19|2.0 548
3605 宏致|電子零組|7 8 -1|68 78 -6 -21|0.4 70
3611 鼎翰|電腦及週|-16 -2 -28|86 86 -10 -2|0.8 8
3615 安可|光電業|-43 -13 -6|86 86 32 30|0.7 95
3617 碩天|其他電子|1 -3 1|56 67 -18 -19|0.6 34
3622 洋華|光電業|31 24 9|78 78 -10 5|0.3 18
3624 光頡|電子零組|-5 14 9|70 70 -11 19|0.1 54
3628 盈正|其他電子|18 12 -4|66 66 -4 7|0.9 9
3630 新鉅科|光電業|18 32 7|68 73 0 -17|0.2 20
3645 達邁|電子零組|-9 -7 -8|86 86 36 4|0.5 875
3653 健策|電子零組|-15 9 -26|98 98 44 80|0.8 6359
3661 世芯-KY|半導體業|-77 -67 -18|65 73 -14 -19|1.4 5468
3663 鑫科|其他電子|134 111 54|90 90 38 35|0.6 303
3665 貿聯-KY|其他電子|28 35 3|100 100 23 91|0.7 6628
3673 TPK-KY|光電業|19 23 23|93 93 4 10|1.6 135
3675 德微|半導體業|7 5 12|87 87 41 19|0.6 153
3679 新至陞|電子零組|-39 -19 -17|84 93 4 2|0.6 7
3680 家登|半導體業|25 46 22|83 83 20 6|0.6 348
3684 榮昌|通信網路|13 13 -9|84 84 -4 23|0.6 8
3685 元創精密|電機機械|-6 30 27|65 65 -30 1|0.6 8
3686 達能|半導體業|9 24 12|77 77 -5 -6|0.3 5
3687 歐買尬|數位雲端|-5 14 5|75 78 -18 -16|0.4 6
3689 湧德|電子零組|12 32 12|89 89 1 14|0.6 253
3691 碩禾|光電業|180 202 148|78 78 35 31|0.5 86
3693 營邦|電腦及週|-49 -34 -12|87 87 77 105|0.3 715
3694 海華|通信網路|-4 25 -1|53 69 -10 -30|0.5 42
3701 大眾控|電腦及週|-38 -23 2|79 79 16 36|0.4 453
3702 大聯大|電子通路|9 22 6|94 94 55 34|1.4 1564
3703 欣陸|建材營造|-31 57 49|81 93 -3 -3|0.8 27
3704 合勤控|通信網路|-18 -30 -19|83 83 0 -4|0.8 67
3705 永信|生技醫療|-17 -8 -10|83 92 -4 -4|1.0 13
3706 神達|電腦及週|25 28 -38|71 71 -8 -14|0.5 971
3707 漢磊|半導體業|13 18 13|71 74 -1 -17|0.4 224
3708 上緯投控|綠能環保|-73 -75 -44|82 92 4 -7|1.0 180
3709 鑫聯大投控|電腦及週|-23 38 -14|84 84 30 54|0.4 205
3711 日月光投控|半導體業|16 16 6|93 93 54 110|0.9 5936
3712 永崴投控|電腦及週|-46 -50 -64|41 55 -15 -37|0.5 12
3714 富采|光電業|-17 -5 5|98 98 49 22|1.6 579
3715 定穎投控|電子零組|23 20 9|88 88 51 104|1.4 8068
3717 聯嘉投控|汽車工業|na na na|na 100 36 15|1.9 32
4104 佳醫|生技醫療|-3 4 1|87 90 -5 -9|0.7 17
4105 東洋|生技醫療|-12 2 -8|91 91 -6 1|1.7 72
4107 邦特|生技醫療|-13 9 6|91 91 -3 0|0.7 5
4114 健喬|生技醫療|-8 7 -4|80 90 -2 -10|0.6 18
4119 旭富|生技醫療|40 52 55|64 86 6 -14|0.6 8
4121 優盛|生技醫療|5 -3 -2|79 79 5 10|0.2 10
4123 晟德|生技醫療|-21 20 24|85 85 13 15|0.4 148
4126 太醫|生技醫療|-18 -4 -7|86 89 -7 -10|1.0 6
4128 中天|生技醫療|14 10 -0|57 75 -9 -25|0.5 16
4129 聯合|生技醫療|7 16 -5|77 77 -9 -17|1.1 26
4130 健亞|生技醫療|-27 -10 -5|94 94 25 51|0.4 45
4137 麗豐-KY|生技醫療|-33 32 25|91 91 6 0|0.6 25
4142 國光生|生技醫療|-20 38 -17|85 87 -3 1|0.7 24
4147 中裕|生技醫療|3 12 11|57 73 -10 -28|1.5 51
4148 全宇生技-KY|生技醫療|11 12 -15|90 100 14 11|1.8 5
4157 太景*-KY|生技醫療|-15 2170 1635|72 72 -7 27|0.3 14
4162 智擎|生技醫療|-28 30 22|60 80 -18 -13|0.5 19
4164 承業醫|生技醫療|23 20 -11|60 64 -19 -35|0.7 24
4167 松瑞藥|生技醫療|-11 27 25|98 98 23 19|0.7 35
4174 浩鼎|生技醫療|-85 16 -13|30 60 -32 -28|0.5 12
4207 環泰|食品工業|-5 3 10|97 97 3 5|1.3 7
4303 信立|塑膠工業|-41 1 -225|68 73 -10 -24|0.8 56
4306 炎洲|塑膠工業|-18 8 19|80 95 -4 -3|2.1 18
4414 如興|紡織纖維|-7 -9 -4|78 99 2 3|1.7 11
4438 廣越|紡織纖維|-7 2 -15|55 68 -27 -20|0.6 5
4441 振大環球|紡織纖維|16 32 na|na 65 -19 -28|0.6 17
4503 金雨|電機機械|-23 -8 -122|65 73 -3 -30|0.9 7
4506 崇友|電機機械|29 5 -7|88 88 -3 -9|0.5 6
4510 高鋒|電機機械|27 39 32|80 87 8 -7|0.6 34
4513 福裕|電機機械|184 67 57|53 74 -8 -18|0.4 6
4523 永彰|電機機械|29 108 81|75 75 2 -13|0.3 8
4526 東台|電機機械|-29 -22 -11|86 92 14 -5|0.7 97
4532 瑞智|電機機械|-11 -11 2|83 95 5 6|1.3 38
4533 協易機|電機機械|-31 -10 -8|76 76 42 37|0.4 136
4534 慶騰|電機機械|-28 4 8|75 75 56 31|0.6 34
4536 拓凱|運動休閒|-20 -10 -6|74 77 -6 -21|0.6 37
4540 全球傳動|電機機械|34 38 8|80 80 20 -2|0.3 65
4541 晟田|其他|-39 28 14|65 83 0 -15|0.3 24
4542 科嶠|電子零組|-42 56 -16|83 83 83 174|0.7 218
4543 萬在|電機機械|-3 36 26|88 94 7 36|2.3 11
4549 桓達|電機機械|-42 -19 -14|59 64 -18 -26|0.9 10
4551 智伸科|汽車工業|12 13 12|78 85 15 -4|0.9 48
4557 永新-KY|汽車工業|-33 -24 -17|51 72 -27 -27|0.7 6
4560 強信-KY|電機機械|-7 3 -3|82 95 0 -3|0.9 10
4562 穎漢|電機機械|-40 -24 -14|49 69 -17 -33|0.2 7
4563 百德|電機機械|-36 -22 -4|50 60 -4 -28|0.3 6
4564 元翎|電機機械|-27 -29 -17|80 89 9 -2|0.7 23
4566 時碩工業|電機機械|-3 6 3|76 93 -1 4|0.6 23
4569 六方科-KY|汽車工業|-11 12 -10|60 75 -15 -19|1.0 16
4571 鈞興-KY|電機機械|-7 -9 -7|74 74 -7 -17|0.4 42
4576 大銀微系統|電機機械|22 37 14|93 95 22 7|2.8 142
4577 達航科技|其他電子|80 39 18|89 89 85 170|1.5 131
4583 台灣精銳|電機機械|-9 7 6|75 80 2 -7|0.7 95
4585 達明|其他電子|-12 15 na|na 59 -13 na|0.4 61
4707 磐亞|化學工業|-39 -8 -11|97 98 12 13|4.0 8
4714 永捷|化學工業|55 102 14|66 68 -17 -33|0.5 17
4720 德淵|化學工業|-21 -9 -4|91 94 18 12|2.4 24
4721 美琪瑪|化學工業|51 24 -3|80 91 7 -0|1.0 38
4722 國精化|化學工業|-21 -7 -0|76 76 -11 -4|0.5 332
4726 永昕|生技醫療|140 99 76|76 83 3 -15|0.7 7
4736 泰博|生技醫療|-16 -3 7|87 90 2 2|0.4 22
4737 華廣|生技醫療|-29 -13 -3|90 100 21 13|1.0 15
4739 康普|化學工業|192 133 51|90 90 14 10|1.3 244
4741 泓瀚|化學工業|21 7 17|99 99 77 67|6.9 12
4743 合一|生技醫療|-16 73 61|68 71 -8 -20|0.4 91
4744 皇將|生技醫療|-33 32 10|99 99 27 22|2.1 20
4746 台耀|生技醫療|-20 -7 -8|79 82 -9 -14|1.0 43
4749 新應材|半導體業|41 23 -5|82 82 1 -8|0.8 2272
4755 三福化|化學工業|-16 1 4|83 83 29 11|0.8 185
4760 勤凱科技|其他電子|19 51 23|100 100 16 21|1.3 77
4763 材料*-KY|化學工業|-48 -30 -10|38 68 -21 -32|0.6 208
4764 雙鍵|化學工業|26 6 2|77 77 8 208|0.7 573
4766 南寶|化學工業|-15 -1 -0|72 79 -1 -22|1.2 150
4768 晶呈科技|化學工業|94 182 118|83 83 26 121|1.1 515
4770 上品|化學工業|-31 4 22|68 74 -4 -26|0.3 126
4771 望隼|生技醫療|21 31 8|87 93 5 3|1.2 26
4772 台特化|化學工業|273 282 112|77 77 -5 -9|0.5 651
4903 聯光通|通信網路|104 73 -98|90 90 -7 45|2.0 219
4904 遠傳|通信網路|5 10 3|98 98 7 8|1.2 545
4906 正文|通信網路|-46 -38 2|100 100 42 59|5.9 606
4908 前鼎|通信網路|13 13 7|89 89 25 16|1.3 659
4909 新復興|通信網路|-77 -76 12|55 79 -8 3|0.2 114
4912 聯德控股-KY|電子零組|22 12 5|74 85 10 15|0.6 32
4915 致伸|電子零組|-17 16 11|81 81 -6 -8|0.6 203
4916 事欣科|電腦及週|41 29 20|82 82 -5 -2|0.4 227
4919 新唐|半導體業|-7 -4 1|87 87 84 48|1.5 1762
4927 泰鼎-KY|電子零組|-16 -12 -1|84 84 21 58|0.4 227
4931 新盛力|電腦及週|-11 41 14|72 72 -24 -14|1.4 582
4933 友輝|光電業|-28 -7 -8|73 89 -2 -6|0.6 13
4934 太極|光電業|130 94 111|80 80 18 13|0.4 33
4938 和碩|電腦及週|-18 -11 -7|90 97 13 9|1.2 827
4939 亞電|電子零組|-37 -7 1|55 55 -27 6|0.2 45
4946 辣椒|文化創意|-5 69 -720|43 70 9 -20|0.5 17
4949 有成精密|光電業|38 24 18|96 96 80 74|2.6 400
4951 精拓科|半導體業|5 2 -2|81 90 2 -10|0.5 8
4952 凌通|半導體業|1 11 19|79 79 13 -5|0.3 25
4953 緯致|資訊服務|20 28 12|80 80 -9 0|0.5 31
4956 光鋐|光電業|-6 10 3|87 87 48 50|1.1 308
4958 臻鼎-KY|電子零組|-4 6 1|95 95 51 27|1.5 5410
4960 誠美材|光電業|-21 -4 2|81 81 62 48|1.8 421
4961 天鈺|半導體業|-10 -11 -1|71 89 6 -12|1.4 90
4966 譜瑞-KY|半導體業|-5 -2 -1|56 62 -15 -37|0.6 276
4967 十銓|半導體業|-22 101 77|79 79 31 153|0.9 2620
4968 立積|半導體業|-7 12 6|55 63 -18 -30|0.7 106
4971 IET-KY|半導體業|43 27 -29|91 91 97 272|1.9 456
4973 廣穎電通|半導體業|43 38 29|69 69 79 129|0.2 123
4974 亞泰|電子零組|-11 -15 3|70 88 -1 -13|0.4 10
4976 佳凌|光電業|1 -5 4|48 72 -8 -29|0.4 12
4977 眾達-KY|通信網路|-17 -34 -33|91 91 25 51|1.1 2603
4979 華星光|通信網路|-10 12 -8|81 81 28 73|0.4 1649
4989 榮科|電子零組|79 111 89|88 88 44 161|0.6 1817
4991 環宇-KY|半導體業|8 59 21|94 94 81 193|0.9 495
5009 榮剛|鋼鐵工業|-19 -6 3|71 90 2 -10|0.5 78
5011 久陽|鋼鐵工業|-14 -14 -28|67 79 31 22|0.4 6
5203 訊連|資訊服務|6 8 -8|55 61 -29 -36|0.6 16
5209 新鼎|其他|-32 -10 3|89 89 -2 5|0.5 6
5213 亞昕|建材營造|-82 -41 -365|80 97 10 5|0.6 23
5222 全訊|半導體業|-16 -19 8|80 82 -4 -7|0.6 84
5225 東科-KY|其他電子|-28 -21 -7|67 75 -16 -25|1.0 29
5234 達興材料|光電業|1 10 -1|82 82 8 -9|0.5 408
5236 凌陽創新|半導體業|-10 3 -3|88 89 12 0|0.5 13
5243 乙盛-KY|光電業|-4 -12 1|100 100 9 14|3.5 97
5244 弘凱|光電業|-16 -5 -3|77 89 -3 -10|4.7 28
5258 虹堡|電腦及週|-21 -5 -4|57 62 -33 -38|1.0 17
5263 智崴|文化創意|1 -6 -5|73 73 -2 2|0.4 18
5269 祥碩|半導體業|18 52 -17|53 73 -5 -27|0.5 990
5272 笙科|半導體業|-1 -13 -18|88 93 9 3|2.1 6
5274 信驊|半導體業|66 38 -4|92 92 65 125|1.0 3100
5278 尚凡*|數位雲端|6 15 -8|54 72 -17 -25|2.3 14
5284 jpp-KY|其他|50 52 -9|85 85 -5 -1|1.2 374
5285 界霖|半導體業|-3 5 0|87 87 1 -2|0.4 6
5287 數字|數位雲端|1 2 -0|92 92 -2 -7|0.5 10
5288 豐祥-KY|電機機械|-25 -1 6|81 88 9 26|0.7 18
5289 宜鼎|電腦及週|403 287 171|70 70 82 177|0.3 1762
5291 邑昇|電子零組|-0 13 3|100 100 189 212|2.9 250
5292 華懋|綠能環保|-43 -4 -30|90 90 56 47|2.9 44
5299 杰力|半導體業|-9 -14 -1|87 92 5 -2|0.8 9
5302 太欣|半導體業|69 168 89|80 80 20 17|0.3 6
5306 桂盟|運動休閒|-15 -3 4|74 92 1 1|0.6 9
5309 系統電|電子零組|-3 8 -2|77 79 -17 -13|0.4 236
5314 世紀*|其他|137 210 -262|54 54 -23 -44|1.2 344
5315 光聯|光電業|-24 -6 -24|88 88 -7 2|0.4 8
5328 華容|電子零組|-6 11 7|71 71 10 41|0.3 115
5340 建榮|電子零組|10 21 4|84 84 55 119|0.4 162
5347 世界|半導體業|-10 8 0|72 72 19 16|0.6 1938
5351 鈺創|半導體業|311 258 178|83 83 69 97|0.2 994
5371 中光電|光電業|12 11 8|58 64 -16 -34|0.3 253
5386 青雲|電腦及週|1025 500 315|65 65 276 342|0.2 213
5388 中磊|通信網路|21 24 18|59 75 -6 -25|0.7 148
5392 能率|光電業|-13 1 7|63 65 -22 -37|0.3 34
5403 中菲|資訊服務|-29 -1 -6|83 84 -9 -15|0.9 13
5410 國眾|資訊服務|-41 10 8|75 75 -1 -12|0.8 6
5425 台半|半導體業|-11 -1 -17|73 73 3 -3|0.6 208
5426 振發|電腦及週|-6 1 -12|68 87 -2 -14|0.5 6
5432 新門|綠能環保|-50 44 24|73 73 -23 4|0.7 14
5434 崇越|電子通路|14 14 -2|93 93 9 -2|0.7 179
5439 高技|電子零組|63 101 -36|76 76 -13 -10|1.6 899
5443 均豪|半導體業|18 5 -10|87 89 17 -10|1.2 454
5452 佶優|其他電子|-31 -20 -5|85 85 39 34|0.6 132
5457 宣德|電子零組|-9 -4 -8|69 73 -12 -26|0.6 16
5469 瀚宇博|電子零組|39 51 7|73 73 -15 -12|0.3 203
5471 松翰|半導體業|-3 16 14|82 82 17 0|0.4 31
5474 聰泰|電腦及週|-12 10 -16|62 73 -17 -27|0.5 16
5475 德宏|電子零組|65 77 15|100 100 154 290|1.1 783
5478 智冠|文化創意|43 19 18|89 94 11 1|0.8 39
5483 中美晶|半導體業|-8 -1 2|82 82 6 -8|0.9 871
5484 慧友|光電業|184 264 190|83 97 17 7|1.6 19
5490 同亨|電腦及週|18 14 -1|77 82 1 -12|1.0 12
5493 三聯|其他電子|-0 16 -5|82 82 -17 -3|0.5 11
5498 凱崴|電子零組|44 49 22|77 77 31 195|0.4 381
5508 永信建|建材營造|-1 17 67|39 59 -24 -41|0.4 23
5511 德昌|建材營造|43 33 5|100 100 13 24|0.6 18
5515 建國|建材營造|-9 2 -16|92 92 4 51|0.5 19
5519 隆大|建材營造|-39 -30 -138|95 95 -1 13|0.8 19
5521 工信|建材營造|-1 2 -20|46 46 -50 4|0.4 64
5522 遠雄|建材營造|1220 1374 1003|89 89 -11 14|0.9 71
5530 龍巖|其他|-10 2 0|53 81 -1 -17|0.5 15
5534 長虹|建材營造|-69 -32 -1|77 90 -10 3|1.2 53
5536 聖暉*|其他電子|3 17 -17|73 82 -4 -6|0.8 948
5607 遠雄港|航運業|26 32 9|82 82 -7 -9|0.6 25
5608 四維航|航運業|1 -6 3|78 79 -7 -5|0.4 33
5609 中菲行|航運業|-4 -2 -5|97 97 -1 -1|0.6 10
5706 鳳凰|觀光餐旅|75 11 7|86 98 4 -2|0.8 13
5864 致和證|金融業|1675 5470 1784|87 87 64 67|0.4 78
5871 中租-KY|其他|-4 -3 2|88 95 -3 -7|1.4 615
5876 上海商銀|金融保險|1 -5 -6|84 93 -4 -7|0.9 239
5880 合庫金|金融保險|18 20 5|93 96 -3 -2|1.1 374
5903 全家|居家生活|14 10 4|94 96 -1 -1|0.5 7
5904 寶雅|居家生活|23 8 0|97 97 15 9|0.7 173
6005 群益證|金融保險|54 74 48|88 88 16 15|0.5 203
6015 宏遠證|金融業|282 199 109|88 88 24 21|0.3 23
6016 康和證|金融業|45935 15379 11478|93 93 29 28|0.4 96
6021 美好證|金融業|2107 823 681|84 84 20 34|0.5 6
6023 元大期貨|金融業|10 23 26|100 100 4 14|2.3 28
6024 群益期|金融保險|153 -26 -31|100 100 9 16|1.2 22
6026 福邦證|金融業|192 52 -12|97 97 16 30|0.4 23
6104 創惟|半導體業|-4 7 -16|51 78 -6 -22|0.5 68
6108 競國|電子零組|-7 -6 8|95 95 12 11|0.6 6
6111 光聚晶電|文化創意|198 136 60|69 82 -12 -20|0.7 10
6112 邁達特|資訊服務|20 18 -6|74 79 -8 -15|0.5 30
6117 迎廣|電腦及週|4 12 -7|64 82 -15 -17|0.6 22
6120 達運|光電業|-28 -9 8|90 90 1 14|0.6 34
6121 新普|電腦及週|-6 7 5|86 94 -5 -3|0.4 169
6122 擎邦|電機機械|-26 -0 -4|80 80 2 1|0.4 18
6124 業強|電子零組|6 20 9|77 77 17 10|0.3 5
6125 廣運|電機機械|15 24 -5|63 72 -25 -29|0.3 67
6126 信音|電子零組|28 41 25|75 75 -3 14|0.2 29
6127 九豪|電子零組|-19 -3 2|91 91 21 63|1.4 328
6129 普誠|半導體業|50 37 24|81 82 6 -5|0.7 7
6133 金橋|電子零組|7 22 6|78 78 6 34|0.2 58
6134 萬旭|電子零組|48 50 23|84 84 -2 20|0.2 23
6138 茂達|半導體業|6 14 -7|80 80 -2 -4|0.4 60
6139 亞翔|其他電子|81 111 55|80 80 -7 46|1.0 1742
6141 柏承|電子零組|-19 -8 4|74 74 90 71|0.7 35
6143 振曜|通信網路|-2 18 -5|63 66 -21 -34|0.8 82
6146 耕興|其他電子|3 5 5|96 96 22 8|0.7 88
6147 頎邦|半導體業|5 9 4|98 98 46 36|3.6 1591
6148 驊宏資|資訊服務|-65 -40 -139|47 73 -16 -25|0.4 15
6150 撼訊|電腦及週|42 10 -71|60 60 -14 -33|0.5 13
6151 晉倫|其他電子|-27 5 3|100 100 22 18|1.5 6
6152 百一|通信網路|-30 1 20|73 73 41 62|0.9 108
6153 嘉聯益|電子零組|-17 -13 9|87 87 6 6|0.7 84
6155 鈞寶|電子零組|-9 9 2|71 71 -1 79|0.3 43
6156 松上|電子零組|-15 -2 -10|65 82 -12 -15|0.5 6
6163 華電網|資訊服務|136 59 41|86 86 11 182|0.9 398
6164 華興|光電業|-14 -10 -1|89 89 -5 15|0.4 7
6165 浪凡|數位雲端|11 10 -2|73 80 -9 -14|0.8 18
6166 凌華|電腦及週|16 13 -8|64 86 -10 -7|0.6 22
6167 久正|光電業|-9 24 -1|84 84 18 8|0.4 6
6168 宏齊|光電業|16 12 3|88 88 16 12|1.7 118
6170 統振|通信網路|1 -0 -7|94 97 3 -1|0.7 16
6173 信昌電|電子零組|-2 6 -3|76 76 -11 20|0.2 89
6175 立敦|電子零組|-3 2 7|86 86 -9 20|1.9 43
6176 瑞儀|光電業|-5 -3 2|54 65 -28 -35|0.7 307
6177 達麗|建材營造|555 1202 852|85 85 -10 -6|0.4 30
6179 亞通|其他|91 5 -34|70 76 -15 -22|0.8 59
6180 橘子|文化創意|-20 5 20|60 68 -16 -29|0.5 28
6182 合晶|半導體業|-2 13 1|82 82 6 3|0.4 195
6186 新潤|建材營造|-100 -100 -172|58 61 -32 -38|1.1 13
6187 萬潤|半導體業|16 -10 -7|92 92 161 127|1.2 1174
6188 廣明|電腦及週|-20 -8 -24|69 76 -10 -31|0.3 103
6189 豐藝|電子通路|-16 -12 7|60 84 -1 -10|0.3 28
6190 萬泰科|通信網路|-3 10 6|97 97 21 35|1.2 352
6191 精成科|電子零組|71 85 16|62 69 -22 -25|0.5 392
6192 巨路|其他電子|-29 16 19|89 89 10 13|0.4 30
6196 帆宣|其他電子|5 0 12|91 91 3 12|0.6 451
6197 佳必琪|電子零組|20 22 7|83 83 19 2|0.9 735
6199 天品|其他|588 527 261|78 92 4 5|0.8 17
6202 盛群|半導體業|-21 0 -13|76 76 26 13|0.4 162
6203 海韻電|電子零組|-56 1 -46|77 77 -2 4|0.6 7
6205 詮欣|電子零組|-36 -18 -10|81 81 22 25|0.9 73
6206 飛捷|電腦及週|9 -1 -6|73 89 7 -6|0.4 81
6207 雷科|電子零組|-27 -33 -22|74 82 7 -18|0.4 56
6209 今國光|光電業|11 47 -2|64 64 -24 37|0.3 101
6213 聯茂|電子零組|9 27 12|100 100 44 52|1.7 2417
6214 精誠|資訊服務|-7 19 2|79 79 -16 -12|0.5 59
6215 和椿|其他電子|51 58 -2|63 79 -5 -25|0.4 103
6217 中探針|電子零組|43 39 15|94 94 256 318|0.3 377
6218 豪勉|通信網路|38 11 -7|89 89 -3 26|0.8 7
6219 富旺|建材營造|22485 11098 8387|41 69 -31 -28|0.5 5
6220 岳豐|電子零組|-26 3 17|72 72 26 73|0.4 33
6223 旺矽|半導體業|46 37 5|100 100 71 133|0.8 4014
6224 聚鼎|電子零組|-15 -10 -8|78 79 -6 -13|0.7 6
6226 光鼎|光電業|-11 -15 -9|87 87 68 77|0.9 19
6227 茂綸|電子通路|-25 30 -16|71 97 14 3|1.6 19
6230 尼得科超眾|電腦及週|-2 11 1|70 79 22 -5|0.5 28
6231 系微|資訊服務|13 3 -2|86 93 22 3|2.0 397
6233 旺玖|半導體業|-21 -15 -4|83 83 16 20|0.4 12
6234 高僑|光電業|26 27 35|85 91 10 12|0.6 19
6235 華孚|電腦及週|-1 36 12|63 63 -23 -26|1.0 26
6237 驊訊|半導體業|5 18 5|70 80 -15 -16|0.6 6
6239 力成|半導體業|35 36 24|74 74 19 30|0.5 1847
6244 茂迪|光電業|-18 -9 -6|73 73 17 49|0.3 567
6245 立端|通信網路|-26 -21 -14|67 85 1 -15|1.3 41
6257 矽格|半導體業|8 11 4|100 100 54 70|1.9 998
6261 久元|半導體業|-7 12 5|99 99 11 24|1.3 40
6263 普萊德|通信網路|-11 -0 -0|81 86 -7 -13|0.8 6
6265 方土昶|電子通路|310 361 205|70 70 70 214|0.4 228
6266 泰詠|電子零組|-9 5 0|90 92 -1 -5|1.5 6
6269 台郡|電子零組|-9 0 10|86 88 -3 -10|1.1 141
6270 倍微|電子通路|-6 5 -1|87 87 15 9|0.8 10
6271 同欣電|半導體業|-9 -3 1|79 79 12 25|0.5 610
6272 驊陞|電子零組|-31 -19 na|na na -37 na|0.5 12
6274 台燿|電子零組|27 54 22|100 100 25 106|1.3 7699
6275 元山|電子零組|0 17 3|77 77 -13 4|0.3 16
6278 台表科|光電業|-5 2 -6|86 86 1 -10|0.7 118
6279 胡連|電子零組|-16 -3 -11|69 78 -14 -15|0.6 46
6281 全國電|電子通路|13 -2 2|77 86 -5 -14|1.2 5
6282 康舒|電子零組|15 16 13|71 71 11 46|0.4 683
6284 佳邦|電子零組|-23 -3 -5|88 88 6 10|0.4 71
6285 啟碁|通信網路|-7 0 1|86 86 75 50|1.3 2912
6290 良維|電子零組|14 8 -14|83 83 9 65|0.6 1849
6291 沛亨|半導體業|28 53 24|100 100 98 131|1.4 589
6405 悅城|光電業|-64 -64 27|95 95 17 26|1.5 11
6409 旭隼|其他電子|-16 -9 4|51 62 -19 -17|0.8 499
6411 晶焱|半導體業|19 13 19|72 72 -4 -2|0.4 24
6412 群電|電子零組|-22 -11 -3|58 71 -23 -27|0.4 93
6414 樺漢|電腦及週|3 3 7|84 90 -8 -8|1.8 134
6415 矽力*-KY|半導體業|2 17 13|62 95 48 6|0.6 1677
6416 瑞祺電通|通信網路|-18 -4 3|73 87 -6 -5|0.6 12
6417 韋僑|通信網路|0 16 8|90 90 3 -5|0.4 6
6419 京晨科|光電業|38 2 35|100 100 13 85|1.9 20
6423 億而得|半導體業|-26 -25 -23|74 74 2 2|0.3 12
6425 易發|電機機械|115 54 46|67 67 -33 6|0.7 20
6426 統新|通信網路|7 45 -11|78 78 42 109|0.1 102
6432 今展科|電子零組|-10 14 4|85 85 -2 19|0.2 7
6435 大中|半導體業|1 12 -8|88 88 36 47|0.6 169
6438 迅得|其他電子|9 19 -7|84 96 26 2|1.4 364
6442 光聖|通信網路|44 8 -51|86 86 57 160|1.1 3525
6443 元晶|光電業|-43 -42 18|79 79 54 170|0.4 3916
6446 藥華藥|生技醫療|57 59 1|82 82 30 22|0.5 1099
6449 鈺邦|電子零組|16 29 -1|68 68 -6 -19|0.5 67
6451 訊芯-KY|半導體業|-45 -13 -49|84 84 81 92|0.8 842
6456 GIS-KY|光電業|8 7 9|80 84 25 -14|1.0 639
6462 神盾|半導體業|33 91 59|69 69 -14 -10|0.9 90
6465 威潤|通信網路|45 142 17|95 95 17 174|0.6 10
6469 大樹|生技醫療|4 3 -5|52 64 -15 -36|0.4 33
6470 宇智|通信網路|-51 -48 -35|88 89 13 17|0.3 6
6472 保瑞|生技醫療|-23 -23 -21|54 66 -7 -32|0.4 300
6477 安集|光電業|79 24 14|74 80 -8 -22|0.3 43
6485 點序|半導體業|-40 -3 -9|65 65 12 27|0.1 38
6486 互動|通信網路|-30 12 14|99 99 3 17|1.3 13
6488 環球晶|半導體業|-17 -10 -4|77 77 9 -15|0.5 1346
6491 晶碩|生技醫療|6 13 4|75 81 1 -12|0.8 63
6492 生華科|生技醫療|-5 -4 -11|77 77 20 26|0.5 22
6494 九齊|半導體業|10 25 25|90 90 21 22|0.6 6
6499 益安|生技醫療|32 31 -16|64 72 -4 -4|0.6 69
6505 台塑化|油電燃氣|-17 -9 -1|82 82 14 39|1.0 1672
6508 惠光|農業科技|-21 19 19|95 95 17 14|0.9 6
6509 聚和|化學工業|-10 3 1|99 99 38 35|2.3 252
6510 精測|半導體業|8 5 -27|84 84 48 86|1.1 2367
6515 穎崴|半導體業|-4 44 18|86 86 177 261|0.3 3072
6517 保勝光學|光電業|-28 -24 -25|56 69 -16 -17|0.1 8
6525 捷敏-KY|半導體業|4 10 -3|93 93 8 -2|0.6 21
6526 達發|半導體業|2 1 -3|79 88 12 -9|0.5 249
6530 創威|通信網路|15 19 2|89 89 33 41|1.1 314
6531 愛普*|半導體業|147 106 54|79 79 10 42|0.7 2279
6532 瑞耘|半導體業|-35 -22 -10|97 97 33 26|1.6 63
6533 晶心科|半導體業|12 16 1|48 58 -26 -42|0.9 86
6534 正瀚-創|生技醫療|2 5 -17|80 84 7 -14|1.0 29
6535 順藥|生技醫療|-25 3244 2099|47 47 -20 -49|0.8 21
6538 倉和|電子零組|-18 -25 8|64 90 6 -10|2.7 6
6541 泰福-KY|生技醫療|219 1527 -1031|57 63 -29 -21|0.6 15
6546 正基|通信網路|-43 -11 -3|53 75 7 -12|0.7 104
6547 高端疫苗|生技醫療|-25 -2 -3|100 100 58 50|1.1 77
6548 長科*|半導體業|12 13 1|79 79 22 39|0.8 245
6550 北極星藥業-KY|生技醫療|323 519 404|46 55 -33 -45|0.7 30
6558 興能高|其他電子|-37 -29 -15|46 58 -27 -42|0.5 12
6561 是方|通信網路|7 3 -1|79 88 2 -14|0.5 35
6568 宏觀|半導體業|11 13 8|98 98 84 88|1.1 344
6574 霈方|生技醫療|40 39 26|81 81 60 49|1.3 9
6576 逸達|生技醫療|-62 -18 -52|89 89 -2 -7|0.5 10
6579 研揚|電腦及週|21 29 4|80 81 7 -8|0.6 16
6584 南俊國際|電子零組|48 79 41|100 100 79 138|0.2 419
6585 鼎基|其他|-22 -12 5|63 91 7 -7|2.1 11
6588 東典光電|通信網路|9 221 144|100 100 157 347|3.4 150
6589 台康生技|生技醫療|101 77 50|70 70 -9 -9|0.7 28
6591 動力-KY|電腦及週|-34 -0 -33|60 71 -24 -25|0.8 15
6592 和潤企業|其他|-8 -6 9|85 91 2 -10|0.6 120
6596 寬宏藝術|文化創意|71 10 -90|64 66 -18 -24|1.6 127
6603 富強鑫|電機機械|9 11 1|62 62 -24 27|0.2 17
6605 帝寶|汽車工業|8 0 4|68 81 -6 2|0.4 36
6609 瀧澤科|電機機械|-28 -18 9|57 83 8 0|2.7 6
6613 朋億*|其他電子|7 -11 4|95 96 6 18|0.9 44
6617 共信-KY|生技醫療|13 27 13|58 67 -22 -33|1.3 18
6620 漢達|生技醫療|4 48 na|na na -21 na|0.5 22
6625 必應|其他|-21 61 4|72 85 -5 -9|0.7 17
6640 均華|半導體業|52 48 7|98 98 130 82|1.6 1081
6643 M31|半導體業|2 30 8|70 96 28 7|1.3 550
6651 全宇昕|半導體業|-28 -7 -8|87 88 10 25|0.5 12
6657 華安|生技醫療|-8 23 11|55 71 -1 -23|0.4 12
6658 聯策|其他電子|-5 16 -1|82 100 48 24|2.3 62
6664 群翊|電子零組|13 17 12|100 100 12 27|2.1 128
6667 信紘科|其他電子|-21 29 -32|80 86 -10 -14|0.6 80
6668 中揚光|光電業|2 29 -1|63 79 -9 -20|0.6 8
6669 緯穎|電腦及週|103 123 -43|72 72 -19 11|1.2 5954
6670 復盛應用|運動休閒|29 6 3|76 94 4 0|1.1 74
6672 騰輝電子-KY|電子零組|5 15 10|99 99 40 31|2.1 361
6679 鈺太|半導體業|-2 -1 7|90 96 38 14|1.2 139
6683 雍智科技|半導體業|47 32 4|99 99 262 284|2.1 399
6684 安格|半導體業|-40 -10 5|63 63 -17 -25|0.8 6
6689 伊雲谷|數位雲端|-11 -9 -4|76 90 24 2|1.0 61
6690 安碁資訊|數位雲端|13 17 3|85 89 -4 -6|0.8 8
6691 洋基工程|其他電子|37 62 10|84 84 2 29|0.8 323
6693 廣閎科|半導體業|43 40 9|100 100 33 72|1.5 148
6695 芯鼎|半導體業|-6 0 -14|71 71 -13 -23|0.7 12
6698 旭暉應材|其他電子|-18 7 -33|75 80 5 -16|0.3 6
6703 軒郁|生技醫療|6 15 19|87 96 8 -0|0.7 14
6706 惠特|光電業|-62 -65 -47|82 82 -18 44|1.0 699
6712 長聖|生技醫療|3 2 -8|76 76 -14 -19|0.5 26
6715 嘉基|電子零組|18 16 31|92 92 233 246|0.6 152
6716 應廣|半導體業|-5 71 61|67 67 40 29|0.3 14
6719 力智|半導體業|-1 8 -16|76 76 -16 -23|0.6 40
6720 久昌|半導體業|-44 -31 -8|98 98 43 34|1.1 25
6727 亞泰金屬|電子零組|482 287 206|99 99 82 90|0.7 222
6732 昇佳電子|半導體業|-25 -5 0|58 66 -15 -36|0.6 25
6733 博晟生醫|生技醫療|1 17 -12|67 72 -13 -18|0.8 6
6739 竹陞科技|其他電子|91 97 5|96 96 66 41|1.3 896
6741 91APP*-KY|數位雲端|28 28 14|67 76 -15 -22|0.9 17
6742 澤米|光電業|-39 -34 -8|60 75 -15 -26|0.4 8
6752 叡揚|資訊服務|4 14 -3|58 81 -11 -19|1.3 6
6753 龍德造船|航運業|-18 -6 -9|63 80 -10 -14|0.4 94
6756 威鋒電子|半導體業|-14 3 11|56 76 -14 -22|0.7 12
6757 台灣虎航|航運業|37 16 12|50 65 -23 -36|0.6 66
6761 穩得|電子零組|-35 -13 -7|87 87 17 8|0.9 296
6763 綠界科技*|數位雲端|-3 14 2|71 71 -17 -17|0.5 15
6768 志強-KY|運動休閒|-25 -13 -13|71 71 -20 -15|0.6 46
6770 力積電|半導體業|12 20 13|71 71 36 138|0.8 13496
6776 展碁國際|電子通路|-3 18 3|79 79 19 10|0.3 36
6781 AES-KY|電子零組|25 34 -27|67 67 -22 -14|0.9 986
6782 視陽|生技醫療|12 33 10|93 93 14 2|0.9 64
6785 昱展新藥|生技醫療|na na na|56 56 -43 -21|0.4 14
6788 華景電|半導體業|9 21 3|91 91 4 41|1.2 772
6789 采鈺|半導體業|7 0 8|85 85 16 7|0.8 1422
6790 永豐實|造紙工業|-8 -4 -1|97 99 5 6|1.4 9
6792 詠業|通信網路|2 4 -4|80 87 10 -6|0.7 6
6796 晉弘|生技醫療|8 -3 -32|70 70 -27 1|0.6 6
6799 來頡|半導體業|-5 4 -1|59 83 -11 -13|0.5 9
6803 崑鼎|綠能環保|-0 4 -7|93 93 -1 1|0.9 19
6805 富世達|電子零組|51 69 7|96 96 21 95|0.6 3099
6806 森崴能源|綠能環保|-50 -63 -103|40 63 -3 -33|0.4 47
6811 宏碁資訊|數位雲端|-26 9 0|71 76 -9 -24|0.5 15
6823 濾能|半導體業|-40 -2 -40|69 69 -27 -4|0.4 13
6829 千附精密|半導體業|17 7 -13|74 94 9 -5|3.7 29
6830 汎銓|其他電子|26 24 10|100 100 198 201|1.8 669
6831 邁科|電腦及週|44 57 na|na na 58 na|1.3 484
6834 天二科技|電子零組|2 9 -1|84 88 11 9|0.3 7
6835 圓裕|電子零組|-13 -8 -4|76 90 -3 -6|1.9 9
6840 東研信超|其他電子|-10 16 7|74 74 -0 -7|0.3 8
6841 長佳智能|生技醫療|-53 6 3|67 82 -9 -26|0.6 17
6854 錼創科技-KY創|半導體業|-68 -44 -9|68 89 8 -10|1.8 156
6859 伯特光|光電業|-59 -20 -39|63 90 -1 4|0.4 10
6861 睿生光電|生技醫療|44 32 11|74 74 128 107|1.0 100
6862 三集瑞-KY|電子零組|-48 -17 -15|71 71 3 4|0.6 124
6863 永道-KY|通信網路|2 -7 10|42 63 -21 -35|0.5 8
6869 雲豹能源|綠能環保|69 68 -65|50 71 -7 -25|0.4 81
6870 騰雲|數位雲端|49 42 16|71 71 -29 -11|0.7 11
6873 泓德能源|綠能環保|3 -13 -47|32 61 -17 -32|1.1 63
6874 倍力|資訊服務|89 65 63|96 96 28 19|0.9 6
6877 鏵友益|其他電子|-62 -62 -47|93 93 34 20|1.8 67
6885 全福生技|生技醫療|1759 2590 na|60 74 -16 -24|0.5 6
6890 來億-KY|運動休閒|-29 -22 -22|44 58 -34 -21|0.6 134
6894 衛司特|綠能環保|55 41 -4|85 85 61 60|1.0 98
6895 宏碩系統|半導體業|-18 23 -89|55 65 -3 -29|1.2 11
6901 鑽石投資|其他|-157 -24 -9|45 72 -15 -29|0.5 6
6903 巨漢|其他電子|236 334 214|89 89 26 111|0.6 481
6909 創控|半導體業|-41 -20 -21|na 81 12 -2|1.0 52
6913 鴻呈|電子零組|13 25 5|68 72 -8 -21|0.5 21
6914 阜爾運通|其他|10 9 -9|96 96 3 4|1.3 12
6919 康霈*|生技醫療|na na na|37 50 -40 -50|2.5 1253
6922 宸曜|電腦及週|-4 2 -13|69 77 -11 -24|0.5 6
6923 中台|綠能環保|-3 -0 25|60 60 -21 -30|0.4 14
6925 意藍|數位雲端|3 11 -2|na 56 -22 -45|0.8 6
6931 青松健康|生技醫療|6 16 1|72 75 -18 -1|0.3 7
6933 AMAX-KY|電腦及週|-23 1 -22|52 55 -15 -32|0.9 12
6937 天虹|半導體業|31 1 -11|84 84 13 -2|0.9 216
6944 兆聯實業|綠能環保|101 75 6|na 97 18 52|0.8 838
6949 沛爾生醫-創|生技醫療|61 3 -21|82 82 59 40|0.5 103
6951 青新-創|綠能環保|18 26 4|98 98 10 5|0.5 5
6953 家碩|半導體業|41 65 46|80 80 -1 2|0.4 10
6957 裕慶-KY|其他|43 9 11|72 72 -20 -9|0.4 10
6962 奕力-KY|半導體業|-27 -11 4|57 72 -16 -23|2.0 72
6994 富威電力|綠能環保|19 202 61|52 72 -22 -23|0.3 60
6996 力領科技|半導體業|-2 15 19|85 92 15 9|0.4 11
7402 邑錡|光電業|-22 -29 -29|73 81 -10 -20|0.4 42
7547 碩網|數位雲端|50 20 na|na 95 39 -8|7.1 34
7556 意德士科技|半導體業|-1 13 -2|89 94 6 1|1.2 10
7610 聯友金屬-創|綠能環保|253 301 na|na 96 194 246|0.9 344
7703 銳澤|其他電子|20 11 -20|74 86 -6 -7|1.9 18
7709 榮田|電機機械|-6 9 31|94 94 93 89|6.6 10
7711 永擎|電腦及週|-0 49 na|na na 1 na|0.8 83
7712 博盛半導體|半導體業|-2 1 4|65 77 26 -23|0.8 109
7714 創泓科技|數位雲端|9 8 -41|72 72 -11 -13|0.3 10
7717 萊德光電-KY|通信網路|36 40 na|na na 95 na|2.2 114
7721 微程式|數位雲端|30 5 na|na 100 52 23|7.7 6
7722 LINEPAY|數位雲端|16 16 -8|40 51 -45 -49|0.7 72
7728 光焱科技|其他電子|52 51 48|79 79 67 129|1.2 251
7730 暉盛-創|半導體業|274 110 na|na na 68 na|1.7 21
7734 印能科技|半導體業|56 67 25|100 100 168 115|2.2 733
7738 東聯互動|數位雲端|31 19 na|na na -0 na|0.4 7
7740 熙特爾-創|綠能環保|515 1508 na|na 75 18 -16|0.7 64
7744 崴寶|電子零組|27 47 na|na na 49 na|0.4 39
7749 意騰-KY|半導體業|75 45 na|na 67 -18 -31|0.8 66
7750 新代|電機機械|3 52 na|na 95 60 52|0.8 423
7751 竑騰|半導體業|74 72 na|na 93 124 157|0.2 173
7765 中華資安|數位雲端|-15 -0 na|na 74 -17 -27|1.9 17
7769 鴻勁|半導體業|57 68 na|na na 18 na|0.8 4507
7777 能率亞洲|其他|-58 199 na|na na 3 na|0.3 18
7780 大研生醫*|食品工業|19 37 na|na 70 14 -16|0.7 52
7786 東方風能|綠能環保|0 22 na|na na -16 na|0.4 30
7788 松川精密|電子零組|14 12 na|na na 5 na|0.7 50
7799 禾榮科|生技醫療|na na na|na 47 -28 -49|0.9 186
7805 威聯通|數位雲端|12 15 na|na na 2 na|0.9 63
7810 捷創科技|半導體業|30 43 na|na na -13 na|1.3 60
8011 台通|通信網路|-21 5 10|82 82 -10 -9|1.4 34
8016 矽創|半導體業|10 19 8|85 90 7 -11|0.8 106
8021 尖點|其他電子|42 49 20|93 93 46 152|0.9 2836
8027 鈦昇|電機機械|63 84 62|100 100 40 76|2.9 401
8028 昇陽半導體|半導體業|19 16 -7|87 87 1 -2|1.5 1904
8033 雷虎|其他|-28 17 -5|74 86 -4 -3|0.4 189
8034 榮群|通信網路|-36 190 29|81 81 -13 -5|0.3 13
8038 長園科|電子零組|183 347 -129|63 67 -13 -21|0.2 19
8039 台虹|電子零組|-5 11 4|87 87 23 78|0.5 1853
8040 九暘|半導體業|-0 3 -0|69 89 1 -13|0.5 7
8042 金山電|電子零組|23 32 18|76 76 -6 36|0.5 44
8043 蜜望實|電子零組|26 38 17|68 68 -23 92|0.2 77
8044 網家|數位雲端|-4 5 4|52 64 -22 -28|0.6 12
8045 達運光電|通信網路|11 48 37|55 81 -5 -19|0.7 14
8046 南電|電子零組|13 35 9|99 99 140 151|1.6 10221
8047 星雲|其他電子|-5 -6 -5|90 90 -10 204|1.3 14
8048 德勝|通信網路|-11 -3 -14|76 76 -6 17|0.5 43
8050 廣積|電腦及週|-41 -18 -16|60 79 -6 -20|0.9 12
8054 安國|半導體業|155 304 200|61 61 -33 -2|0.6 145
8059 凱碩|通信網路|604 729 -2534|44 63 -7 -36|0.5 6
8064 東捷|光電業|29 76 56|86 86 54 50|1.3 582
8068 全達|電子通路|76 71 44|71 72 3 -3|0.2 6
8069 元太|光電業|1 0 -15|49 60 -23 -39|0.8 1037
8070 長華*|電子通路|7 16 3|88 88 4 8|0.6 106
8074 鉅橡|電子零組|-0 14 9|77 77 21 92|0.1 135
8076 伍豐|電腦及週|112 44 36|81 89 1 -5|0.7 25
8081 致新|半導體業|-14 1 -2|93 93 10 -1|0.6 85
8083 瑞穎|電機機械|1 23 15|91 91 5 9|0.6 11
8085 福華|其他電子|-1 21 7|50 71 -8 -28|0.8 7
8086 宏捷科|半導體業|43 66 47|90 90 7 5|0.9 751
8088 品安|半導體業|32 109 39|70 70 18 39|0.3 171
8091 翔名|半導體業|14 25 14|100 100 41 39|1.3 39
8096 擎亞|電子通路|-43 -25 -24|99 99 84 113|1.4 2248
8097 常珵|通信網路|-44 -1 -232|69 82 -10 -16|0.3 7
8103 瀚荃|電子零組|-3 16 9|74 74 -4 37|0.3 97
8104 錸寶|光電業|-54 -33 -82|73 78 3 -13|0.4 25
8105 凌巨|光電業|-11 -1 -1|86 86 14 -7|0.2 21
8109 博大|電子零組|-6 33 13|96 96 10 10|1.3 15
8110 華東|半導體業|7 10 14|58 58 -9 201|0.3 750
8111 立碁|光電業|-9 2 -3|78 78 -22 15|0.3 115
8112 至上|電子通路|137 81 62|81 81 3 73|0.3 1376
8114 振樺電|電腦及週|-37 -35 -60|54 74 -3 -26|0.4 83
8121 越峰|電子零組|-5 24 21|69 69 -16 -16|0.4 7
8131 福懋科|半導體業|24 34 15|72 72 8 99|0.5 289
8147 正淩|電子零組|22 49 12|90 90 24 14|0.6 46
8150 南茂|半導體業|22 26 16|77 77 21 85|0.2 592
8155 博智|電子零組|28 41 5|89 89 38 62|0.4 312
8162 微矽電子-創|半導體業|-20 -6 -23|82 88 13 -11|0.5 5
8163 達方|電腦及週|12 4 -12|67 69 -11 -27|0.8 18
8183 精星|其他電子|6 5 2|80 80 -2 7|0.5 13
8210 勤誠|電腦及週|50 85 24|83 83 -7 52|0.9 2398
8213 志超|電子零組|-8 19 14|87 87 3 -7|0.8 30
8215 明基材|光電業|-14 -1 1|87 90 27 -4|0.9 54
8222 寶一|電機機械|-5 16 2|53 70 -14 -28|0.4 11
8227 巨有科技|半導體業|82 107 -20|58 63 -20 -26|0.6 33
8234 新漢|電腦及週|-33 -25 -23|53 71 -17 -33|0.5 33
8240 華宏|光電業|-27 -16 -6|94 94 65 46|0.4 53
8249 菱光|電子零組|-39 -2 15|75 75 -6 -20|0.3 34
8255 朋程|電機機械|-11 -2 -5|77 79 1 -15|1.5 47
8261 富鼎|半導體業|-3 5 -1|87 87 9 7|0.5 302
8271 宇瞻|半導體業|194 154 76|69 69 43 110|0.1 511
8289 泰藝|電子零組|-13 2 -12|91 91 83 65|2.9 45
8299 群聯|半導體業|169 150 91|69 69 28 148|1.0 11051
8341 日友|綠能環保|13 12 3|83 83 -2 -2|0.3 12
8349 恒耀國際|鋼鐵工業|-6 -9 2|77 87 -7 -13|1.1 8
8358 金居|電子零組|51 39 17|81 81 -7 3|1.8 2056
8374 羅昇|電機機械|4 12 -15|57 69 -15 -33|0.2 15
8383 千附|半導體業|4 17 2|77 96 9 5|2.4 27
8390 金益鼎|綠能環保|55 37 34|85 85 3 33|0.3 78
8404 百和興業-KY|其他|-24 7 2|66 66 -23 -29|0.8 11
8415 大國鋼|鋼鐵工業|12 10 6|92 98 1 1|3.2 10
8422 可寧衛*|綠能環保|-43 -33 -17|56 56 19 50|0.1 327
8431 匯鑽科|其他電子|2 4 1|75 75 -15 44|0.3 114
8436 大江|生技醫療|-3 9 11|80 80 15 11|0.6 58
8438 昶昕|綠能環保|29 37 20|91 91 132 120|1.0 128
8446 華研|文化創意|-17 -14 5|90 98 2 -0|1.5 14
8454 富邦媒|數位雲端|-2 -2 1|51 70 -15 -28|0.6 80
8462 柏文|運動休閒|8 20 2|83 83 -3 -13|0.8 27
8464 億豐|居家生活|-2 -4 -3|72 83 -4 -17|1.0 411
8473 山林水|綠能環保|-3 24 -41|89 89 6 5|0.6 26
8476 台境*|綠能環保|43 112 98|74 77 4 -1|0.2 11
8478 東哥遊艇|運動休閒|151 334 5|68 71 -23 -30|0.7 22
8489 三貝德|其他|41 55 39|50 54 -37 -35|0.7 10
8499 鼎炫-KY|其他電子|80 82 30|65 65 -35 6|0.5 37
8908 欣雄|油電燃氣|-25 -15 -39|86 86 -6 2|0.4 11
8917 欣泰|油電燃氣|-13 1 -10|76 76 -10 -16|0.9 6
8924 大田|運動休閒|-21 24 16|89 89 -7 -4|0.5 5
8926 台汽電|油電燃氣|300 441 343|87 87 6 -7|1.2 76
8927 北基|油電燃氣|6 17 12|51 61 1 -39|0.5 15
8932 智通*|數位雲端|15 19 -29|35 37 -52 -62|0.7 183
8935 邦泰|其他|-55 -19 -11|63 78 -2 -27|0.9 7
8936 國統|其他|25 19 -7|73 73 -9 3|1.4 138
8938 明安|運動休閒|-16 -5 -9|87 90 -2 11|1.6 22
8942 森鉅|其他|-68 -71 -36|65 91 -0 -6|0.7 9
8996 高力|電機機械|206 232 126|96 96 65 181|1.1 3259
9802 鈺齊-KY|運動休閒|8 0 -17|62 70 -23 -20|0.9 84
9904 寶成|運動休閒|15 -3 3|83 90 -5 -1|0.7 210
9906 欣巴巴|建材營造|351 331 313|41 71 -22 -31|1.0 11
9907 統一實|其他|-24 -8 -6|93 93 1 6|0.9 53
9908 大台北|油電燃氣|-7 -3 -4|87 87 -0 -1|0.4 50
9910 豐泰|運動休閒|-12 -5 1|61 61 -28 -30|0.4 177
9911 櫻花|居家生活|1 9 3|97 97 8 4|2.5 41
9914 美利達|運動休閒|-22 -26 -7|39 60 -21 -38|0.9 107
9917 中保科|其他|-2 1 -4|95 100 8 3|1.0 89
9918 欣天然|油電燃氣|-16 -10 -11|76 76 17 18|1.5 70
9919 康那香|其他|-1 -8 -1|75 80 -6 -10|0.5 6
9921 巨大|運動休閒|-40 -25 -4|46 66 -23 -28|0.6 141
9925 新保|其他|4 10 5|99 99 0 0|0.8 8
9926 新海|油電燃氣|-7 -1 -6|87 87 0 -1|0.5 14
9927 泰銘|其他|-21 3 9|73 91 -0 -7|1.1 7
9931 欣高|油電燃氣|8 12 14|72 72 8 8|1.6 42
9933 中鼎|其他|-35 -18 6|87 90 14 10|1.8 255
9937 全國|油電燃氣|-13 -10 -2|86 90 -0 -8|0.6 8
9938 百和|其他|-27 0 2|72 77 -9 -14|0.7 59
9939 宏全|其他|-16 -7 -6|75 88 -3 -9|0.6 151
9940 信義|其他|7 103 92|72 83 -12 -17|0.9 10
9941 裕融|其他|0 -1 2|69 75 -15 -25|1.1 131
9942 茂順|其他|-8 14 8|95 95 7 6|0.5 8
9945 潤泰新|其他|-0 47 22|69 84 -16 -14|0.6 165
9946 三發地產|建材營造|34245 20852 15695|76 90 -8 -5|1.1 7
9955 佳龍|綠能環保|96 84 36|77 77 1 3|0.1 23
9958 世紀鋼|鋼鐵工業|24 7 -8|47 64 -19 -35|0.9 132