# 2026-01-02 全池(1043 檔)。欄位:代碼 名稱|產業|最新月YoY 3月YoY均 加速度|距52週高% 距120日高% 60日漲% 120日漲%|量能比 日均值M
1101 台泥|水泥工業|-20 -12 -25|68 93 -3 -6|1.1 499
1102 亞泥|水泥工業|-18 -10 -7|84 92 1 -3|2.4 491
1104 環泥|水泥工業|-7 8 8|91 91 -2 9|0.6 16
1210 大成|食品工業|-1 -1 1|81 84 0 -15|0.4 53
1215 卜蜂|食品工業|2 1 0|90 90 -4 4|0.9 166
1216 統一|食品工業|-1 -0 -3|92 92 0 -4|1.2 655
1227 佳格|食品工業|-5 0 0|83 89 0 -4|0.6 9
1229 聯華|食品工業|15 24 24|91 93 -3 6|0.7 47
1231 聯華食|食品工業|0 6 -3|54 63 -21 -30|0.7 23
1232 大統益|食品工業|-3 0 3|92 95 -1 -4|0.8 6
1295 生合|食品工業|2 13 3|na 55 -25 -35|0.4 8
1301 台塑|塑膠工業|-26 -19 -9|88 88 5 14|0.6 587
1303 南亞|塑膠工業|-4 -2 -5|84 84 48 113|0.7 3963
1304 台聚|塑膠工業|-28 -19 -8|85 87 8 17|0.7 38
1305 華夏|塑膠工業|-36 -29 -12|78 85 -1 11|0.8 12
1307 三芳|塑膠工業|-6 1 -2|63 88 3 -8|0.7 23
1308 亞聚|塑膠工業|-12 8 11|86 88 12 17|0.5 19
1309 台達化|塑膠工業|-45 -35 -19|72 87 2 10|0.7 11
1312 國喬|塑膠工業|59 84 41|89 93 24 23|1.2 52
1316 上曜|建材營造|266 197 -19|77 91 2 12|0.8 44
1319 東陽|汽車工業|-8 -7 -8|73 90 5 3|1.0 231
1325 恆大|塑膠工業|-9 -11 -2|74 93 -1 5|0.4 10
1326 台化|塑膠工業|-23 -19 -3|87 87 13 36|0.5 323
1342 八貫|其他|5 7 -7|83 97 5 8|0.9 8
1402 遠東新|紡織纖維|-6 -3 3|83 89 1 -9|0.4 120
1409 新纖|紡織纖維|-21 -16 -8|86 86 4 26|0.5 55
1419 新紡|紡織纖維|21 16 -6|84 91 27 18|0.2 18
1434 福懋|紡織纖維|-10 -12 -9|84 93 4 1|0.9 21
1436 華友聯|建材營造|-83 -90 -1358|47 58 -8 -41|0.6 9
1440 南紡|紡織纖維|-19 -23 -8|90 90 -2 3|0.4 16
1442 名軒|建材營造|-37 -65 -10|36 42 -27 -57|1.3 53
1449 佳和|紡織纖維|40 -15 -5|48 81 -9 -7|1.0 6
1476 儒鴻|紡織纖維|2 -1 -8|70 84 -14 -5|0.9 225
1477 聚陽|紡織纖維|0 -16 -15|77 88 4 15|0.8 341
1503 士電|電機機械|3 2 -5|83 83 -5 -3|0.3 147
1504 東元|電機機械|2 13 8|71 71 -26 81|0.4 1480
1513 中興電|電機機械|2 0 -8|87 87 -4 -6|0.3 296
1514 亞力|電機機械|35 27 8|84 84 -1 -4|0.3 186
1515 力山|電機機械|118 60 71|76 83 -3 -1|0.7 6
1519 華城|電機機械|17 13 -17|92 92 30 31|0.5 2707
1522 堤維西|汽車工業|57 61 43|73 91 12 6|0.4 43
1524 耿鼎|汽車工業|-29 -21 -14|66 83 2 0|0.4 19
1528 恩德|電機機械|-34 -26 -1|96 96 50 86|6.1 118
1529 樂事綠能|電機機械|-39 -22 -76|64 69 -15 -28|0.4 7
1532 勤美|電機機械|10 41 47|84 92 -5 6|0.9 11
1536 和大|汽車工業|2 -5 13|65 77 -8 5|0.7 65
1537 廣隆|電機機械|-19 -27 -12|86 93 -4 -2|0.6 5
1540 喬福|電機機械|5 10 10|60 81 -4 -16|0.7 5
1558 伸興|電機機械|-28 -12 -13|95 98 12 7|0.6 7
1560 中砂|電機機械|19 16 -1|100 100 19 17|1.4 1802
1563 巧新|汽車工業|-17 -10 -4|71 91 1 -4|2.3 14
1565 精華|生技醫療|-24 -23 -18|61 75 -17 -21|1.1 14
1569 濱川|電腦及週|-5 -5 -18|66 80 -8 12|0.2 30
1582 信錦|電子零組|-1 2 4|67 92 -4 -5|0.9 16
1584 精剛|其他|3 3 10|74 81 -9 -2|1.2 10
1586 和勤|電機機械|-10 -5 5|79 85 -4 -1|0.8 9
1587 吉茂|汽車工業|41 30 7|88 88 23 77|1.1 121
1589 永冠-KY|電機機械|-1 1 -16|42 69 -25 -27|0.9 9
1590 亞德客-KY|電機機械|18 19 5|97 97 18 15|0.3 437
1597 直得|電機機械|24 21 14|59 80 -7 -7|0.5 10
1603 華電|電器電纜|11 11 -16|91 91 -4 2|0.8 14
1605 華新|電器電纜|-30 -13 -10|96 96 30 67|1.2 2113
1608 華榮|電器電纜|6 3 -0|95 95 22 53|1.6 316
1609 大亞|電器電纜|-4 8 4|86 88 -2 8|0.9 153
1611 中電|電器電纜|-25 -12 -5|82 96 0 2|1.5 7
1612 宏泰|電器電纜|-14 0 -13|85 85 -9 -1|0.5 21
1616 億泰|電器電纜|-12 -2 -17|70 72 -18 -9|0.8 23
1618 合機|電器電纜|24 31 -11|83 84 -5 -9|1.5 23
1702 南僑|食品工業|3 -4 -3|80 94 -1 -3|0.6 11
1707 葡萄王|生技醫療|1 -4 -0|87 94 -1 4|0.4 6
1708 東鹼|化學工業|3 -3 -1|79 95 6 5|0.6 25
1710 東聯|化學工業|-21 -7 -7|71 95 1 9|1.0 11
1711 永光|化學工業|-11 -9 -5|92 92 0 32|1.9 33
1712 興農|化學工業|7 0 2|97 98 1 7|0.9 14
1717 長興|化學工業|-13 -10 -4|91 91 1 76|0.9 219
1720 生達|生技醫療|-3 9 4|93 93 7 12|0.7 15
1721 三晃|化學工業|-46 -31 -8|100 100 32 53|6.7 9
1722 台肥|化學工業|0 6 3|84 91 -3 -6|1.2 91
1723 中碳|化學工業|-32 -20 0|70 73 -18 -23|1.1 33
1727 中華化|化學工業|2 -11 -7|95 95 12 85|1.1 134
1736 喬山|運動休閒|10 6 -12|70 81 -17 -15|0.7 73
1760 寶齡富錦|生技醫療|-1 2 -0|73 87 -8 -10|0.8 5
1773 勝一|化學工業|8 3 -3|91 94 2 11|0.9 39
1784 訊聯|生技醫療|-16 -2 -4|93 93 28 61|1.7 64
1785 光洋科|其他電子|26 31 -4|94 94 7 29|2.6 951
1786 科妍|生技醫療|-2 -2 -4|59 59 -30 -19|0.5 19
1789 神隆|生技醫療|-2 0 2|75 85 -15 4|1.2 8
1795 美時|生技醫療|-0 16 11|89 89 6 39|0.4 520
1802 台玻|玻璃陶瓷|-7 2 2|87 87 25 113|0.6 2406
1808 潤隆|建材營造|20487 6763 5144|78 78 8 10|1.4 67
1809 中釉|玻璃陶瓷|-12 6 -1|82 82 -4 21|1.5 6
1810 和成|玻璃陶瓷|-13 -13 -9|73 73 -8 23|2.0 12
1815 富喬|電子零組|34 36 -20|92 92 36 145|1.2 5908
1903 士紙|造紙工業|-11 2 3|75 87 5 -2|0.4 10
1904 正隆|造紙工業|-2 -9 -9|85 92 -1 -4|1.0 12
1905 華紙|造紙工業|-9 -5 3|66 86 -2 -3|0.8 14
1907 永豐餘|造紙工業|-13 -7 -3|88 94 2 16|1.6 31
2002 中鋼|鋼鐵工業|-13 -11 -0|77 92 -1 1|1.4 447
2006 東和鋼鐵|鋼鐵工業|-14 -3 -0|85 87 6 -0|0.6 118
2009 第一銅|鋼鐵工業|-24 -11 -6|89 89 21 42|2.5 382
2010 春源|鋼鐵工業|-7 -4 -8|93 93 1 12|1.1 19
2014 中鴻|鋼鐵工業|-47 -34 3|62 92 1 11|1.7 55
2015 豐興|鋼鐵工業|-31 -21 -10|85 90 -5 -3|1.1 16
2023 燁輝|鋼鐵工業|-25 -14 -7|86 91 -2 -5|0.9 16
2027 大成鋼|鋼鐵工業|8 16 5|70 85 -4 11|1.4 752
2031 新光鋼|鋼鐵工業|-13 0 -23|74 84 -8 -1|0.8 13
2034 允強|鋼鐵工業|-38 -32 -25|80 92 9 2|2.1 28
2049 上銀|電機機械|2 -2 -2|55 86 -10 -3|0.3 297
2059 川湖|電子零組|64 70 -9|80 80 1 63|0.7 1942
2101 南港|橡膠工業|-22 -48 -36|70 83 -3 -7|1.2 42
2102 泰豐|橡膠工業|-10 -27 -32|90 91 -1 1|0.7 6
2103 台橡|橡膠工業|-7 -12 -14|71 82 -4 -12|0.9 30
2104 國際中橡|橡膠工業|-15 -17 -6|84 89 4 7|0.8 39
2105 正新|橡膠工業|-9 -8 -4|59 70 -19 -25|0.8 224
2106 建大|橡膠工業|3 2 2|71 85 -5 -8|1.1 11
2108 南帝|橡膠工業|-25 -25 -16|69 92 0 0|0.9 6
2201 裕隆|汽車工業|-3 -8 6|65 75 -3 2|0.7 126
2204 中華|汽車工業|22 8 24|76 92 -4 5|0.9 49
2206 三陽工業|汽車工業|2 -0 3|88 91 -2 -0|1.3 40
2207 和泰車|汽車工業|-4 2 1|87 88 -6 -3|1.2 194
2208 台船|航運業|-26 22 -23|68 68 -13 14|0.4 51
2211 長榮鋼|鋼鐵工業|1 28 3|81 81 2 21|1.3 254
2228 劍麟|汽車工業|-7 -9 -6|88 88 4 31|0.7 221
2230 泰茂|居家生活|-9 -9 -54|86 86 -6 -8|0.9 17
2231 為升|汽車工業|-44 -36 -16|63 63 -26 35|0.5 40
2233 宇隆|汽車工業|-21 -15 -6|83 84 14 28|1.4 86
2236 百達-KY|汽車工業|417 430 29|87 100 10 24|0.8 60
2239 英利-KY|汽車工業|-8 -12 -0|93 95 10 21|0.9 6
2241 艾姆勒|汽車工業|75 50 43|91 91 19 55|0.4 22
2247 汎德永業|汽車工業|-30 -18 -16|84 84 -5 -4|1.3 12
2258 鴻華先進-創|汽車工業|-48 -67 -269|83 96 8 3|1.9 25
2301 光寶科|電腦及週|14 22 1|86 86 -3 46|0.7 1684
2302 麗正|半導體業|-16 6 -9|77 88 4 17|0.2 6
2303 聯電|半導體業|6 4 0|96 96 11 11|0.6 2188
2308 台達電|電子零組|38 47 16|93 93 6 121|0.6 7317
2312 金寶|其他電子|-14 -5 -7|86 96 18 23|0.4 358
2313 華通|電子零組|-1 7 2|93 93 25 57|1.2 4225
2316 楠梓電|電子零組|41 36 24|83 83 4 85|0.3 278
2317 鴻海|其他電子|26 17 -3|89 89 2 46|0.6 9068
2323 中環|光電業|12 0 4|100 100 23 44|1.6 88
2324 仁寶|電腦及週|-21 -22 -5|81 85 -4 6|0.4 554
2327 國巨*|電子零組|22 14 7|95 95 37 88|0.6 3905
2328 廣宇|電子零組|-8 -11 -14|80 80 -9 24|0.8 167
2329 華泰|半導體業|22 28 9|99 99 18 49|2.3 859
2330 台積電|半導體業|24 24 -12|100 100 14 46|0.8 40064
2331 精英|電腦及週|58 39 23|88 88 12 26|0.7 89
2332 友訊|通信網路|-6 -2 5|55 82 -16 -14|0.8 31
2337 旺宏|半導體業|25 19 11|100 100 71 106|0.9 3787
2338 光罩|半導體業|-27 -31 -14|71 84 -8 30|0.7 28
2340 台亞|半導體業|1 -3 -7|81 82 1 33|0.5 59
2342 茂矽|半導體業|-24 -11 -33|78 78 -6 45|0.4 30
2344 華邦電|半導體業|39 28 22|100 100 134 379|1.3 26521
2345 智邦|通信網路|80 112 -21|94 94 4 46|0.5 5316
2347 聯強|電子通路|16 3 8|81 84 -5 -14|0.9 382
2348 海悅|其他|-20 -17 10|35 77 -6 -13|0.6 23
2349 錸德|光電業|29 3 -0|92 92 47 47|1.2 135
2351 順德|半導體業|-5 -6 -2|79 81 -5 12|0.5 38
2352 佳世達|電腦及週|-5 -2 -7|58 61 -32 -18|1.0 126
2353 宏碁|電腦及週|8 11 8|68 79 -12 -11|1.6 475
2354 鴻準|其他電子|21 93 -97|80 81 -13 -4|0.4 228
2355 敬鵬|電子零組|-10 -6 -1|79 79 -6 6|1.0 40
2356 英業達|電腦及週|-14 -7 -23|88 94 -3 5|0.8 449
2357 華碩|電腦及週|21 29 4|78 78 -19 -13|1.1 1985
2359 所羅門|其他電子|-10 -0 -21|73 77 -8 -2|0.5 125
2360 致茂|其他電子|31 30 -1|96 96 25 87|0.4 2081
2362 藍天|電腦及週|-28 -31 -12|74 84 -6 -14|1.3 16
2363 矽統|半導體業|20 87 -845|65 74 -16 -5|0.3 89
2364 倫飛|電腦及週|8 17 -12|57 57 -8 -33|0.5 12
2365 昆盈|電腦及週|8 -1 -0|69 69 -14 3|0.5 50
2367 燿華|電子零組|-31 -14 -7|87 87 7 18|1.5 482
2368 金像電|電子零組|72 78 25|92 92 46 99|0.7 4898
2369 菱生|半導體業|15 12 12|98 98 15 66|1.4 207
2371 大同|電機機械|19 11 8|66 71 -19 -14|0.7 606
2374 佳能|光電業|76 92 38|74 74 -8 50|0.5 400
2375 凱美|電子零組|9 5 -1|94 94 19 78|0.3 222
2376 技嘉|電腦及週|38 18 -10|83 83 -17 -4|1.3 640
2377 微星|電腦及週|7 3 -12|49 65 -16 -30|0.6 495
2379 瑞昱|半導體業|2 2 -10|87 87 -8 -11|2.8 816
2382 廣達|電腦及週|36 28 -24|89 89 -8 0|1.0 4446
2383 台光電|電子零組|28 34 -15|94 94 22 68|0.6 3912
2385 群光|電子零組|-10 -15 -11|71 82 -14 -13|2.0 270
2387 精元|電腦及週|-27 -25 -10|57 83 -5 -15|0.7 12
2388 威盛|半導體業|-66 -50 -25|49 77 -5 -12|0.7 217
2392 正崴|電子零組|-29 6 3|52 61 -19 -24|0.6 39
2393 億光|光電業|-4 -9 -4|67 75 -14 -17|2.1 359
2395 研華|電腦及週|10 15 -5|70 81 -10 -14|0.5 393
2397 友通|電腦及週|-11 1 -23|74 74 -13 -2|0.6 6
2399 映泰|電腦及週|10 -14 -3|100 100 42 58|1.5 176
2401 凌陽|半導體業|-1 -4 -5|65 79 -12 12|0.8 27
2402 毅嘉|電子零組|2 8 -6|95 95 22 70|1.7 1068
2404 漢唐|其他電子|100 86 50|78 78 8 41|1.1 4312
2405 輔信|電腦及週|29 20 16|80 90 -4 18|0.6 24
2406 國碩|光電業|163 77 85|91 91 25 122|1.1 433
2408 南亞科|半導體業|365 262 184|100 100 149 328|0.8 10540
2409 友達|光電業|3 -1 -3|84 89 -9 3|2.6 459
2412 中華電|通信網路|6 5 0|96 96 -1 3|0.7 552
2413 環科|電子零組|-19 -3 -10|96 96 127 168|3.6 334
2417 圓剛|電腦及週|7 4 3|70 80 -4 8|5.0 14
2419 仲琦|通信網路|19 -5 -5|77 93 2 8|0.5 27
2420 新巨|電子零組|-5 -4 -3|81 90 -1 3|1.0 6
2421 建準|電子零組|18 30 -0|84 84 23 51|0.4 384
2423 固緯|其他電子|27 13 6|93 93 0 26|1.6 6
2425 承啟|電腦及週|52 10 -39|81 86 5 -6|0.8 5
2426 鼎元|光電業|-8 -10 -8|73 90 -3 12|3.4 7
2427 三商電|資訊服務|52 80 16|81 81 1 -7|0.4 16
2428 興勤|電子零組|2 7 -3|89 89 6 43|0.3 75
2429 銘旺科|光電業|69 43 -48|53 53 -37 28|0.6 51
2436 偉詮電|半導體業|21 9 -8|79 79 -11 -4|0.9 53
2439 美律|通信網路|14 15 7|81 85 -4 -8|0.8 197
2441 超豐|半導體業|11 13 2|100 100 43 63|1.9 1166
2442 新美齊|建材營造|47 114 50|84 84 0 -0|1.4 12
2449 京元電子|半導體業|35 39 10|100 100 58 162|1.6 3875
2451 創見|半導體業|146 118 67|94 94 79 103|2.8 1240
2453 凌群|資訊服務|5 6 -1|74 84 -11 -4|0.5 11
2454 聯發科|半導體業|4 9 -1|96 96 11 8|0.9 9326
2455 全新|通信網路|20 33 31|90 90 -8 16|0.8 518
2457 飛宏|電子零組|-29 -8 -5|75 89 22 45|0.4 107
2458 義隆|半導體業|-3 -3 -1|76 86 -14 -0|1.6 271
2460 建通|電子零組|4 -0 -3|90 100 23 26|1.5 7
2464 盟立|其他電子|-15 -24 -18|72 83 -4 17|0.9 70
2465 麗臺|電腦及週|-10 101 76|78 79 10 12|0.5 20
2466 冠西電|光電業|-25 -44 -50|61 73 9 -26|1.9 105
2467 志聖|電子零組|10 37 8|100 100 41 85|2.0 713
2468 華經|資訊服務|13 10 -24|52 67 -20 -34|0.4 18
2472 立隆電|電子零組|8 2 -8|100 100 35 65|0.6 248
2474 可成|其他電子|9 7 -7|96 96 15 -0|1.5 568
2476 鉅祥|電子零組|19 14 1|77 77 -12 35|0.7 92
2478 大毅|電子零組|-8 4 -9|91 91 22 50|0.3 54
2480 敦陽科|資訊服務|1 1 -14|84 84 -12 -3|0.5 16
2481 強茂|半導體業|13 7 3|81 81 10 75|0.2 969
2485 兆赫|通信網路|53 196 163|86 86 96 126|0.9 1138
2486 一詮|光電業|-2 -1 -12|84 94 12 30|0.7 850
2489 瑞軒|光電業|8 12 1|80 98 16 9|1.1 34
2491 吉祥全|光電業|-9 -16 -6|77 77 53 90|1.3 22
2492 華新科|電子零組|6 3 -2|90 90 21 58|0.4 527
2493 揚博|電子零組|1 -0 -3|74 74 22 31|3.5 343
2495 普安|電腦及週|-1 18 24|99 99 50 55|1.5 348
2497 怡利電|汽車工業|-3 -14 -17|92 100 14 49|5.8 10
2498 宏達電|通信網路|-9 -11 -8|66 66 -21 31|0.5 390
2501 國建|建材營造|-7 55 29|96 96 0 27|0.9 36
2504 國產|建材營造|2 4 -1|77 94 7 -4|1.7 163
2515 中工|建材營造|-45 -26 -21|75 75 22 13|0.4 111
2520 冠德|建材營造|5 -14 -2|59 65 -6 -34|1.5 117
2527 宏璟|建材營造|-23 -67 -1|81 99 20 14|0.5 6
2528 皇普|建材營造|807870 804060 -2506707|64 94 6 -4|0.6 19
2530 華建|建材營造|-86 -80 -321|71 90 -5 -2|0.9 18
2534 宏盛|建材營造|8 15 -319|80 83 -3 -15|0.5 8
2535 達欣工|建材營造|31 49 5|95 95 6 10|1.0 8
2537 聯上發|建材營造|-100 6429 -4365|76 94 8 3|1.5 14
2539 櫻花建|建材營造|-59 na na|70 70 1 -23|0.7 26
2540 愛山林|建材營造|-8 -27 -48|51 59 -6 -35|1.0 42
2542 興富發|建材營造|43 2 23|88 88 -1 1|0.7 165
2543 皇昌|建材營造|1 13 18|55 71 -17 -21|0.7 88
2545 皇翔|建材營造|-87 -90 -105|56 87 -10 -5|0.5 13
2547 日勝生|建材營造|-21 -17 -1|78 92 -1 -8|1.8 13
2548 華固|建材營造|37447 16605 12453|95 95 21 4|1.1 109
2596 綠意|建材營造|-85 -49 -349|90 98 27 12|1.5 5
2597 潤弘|建材營造|16 25 8|87 87 11 -1|0.5 38
2603 長榮|航運業|-23 -30 -23|85 96 7 -3|1.0 1484
2605 新興|航運業|49 30 31|82 82 18 22|0.4 295
2606 裕民|航運業|9 4 10|85 87 12 23|0.5 499
2607 榮運|航運業|-21 -25 -11|87 87 -6 -4|1.3 49
2609 陽明|航運業|-27 -36 -20|72 88 8 -13|0.7 732
2610 華航|航運業|-0 2 -2|79 93 -2 -4|1.2 497
2612 中航|航運業|-5 -3 -10|79 79 22 41|0.3 163
2613 中櫃|航運業|-5 1 -1|70 84 -3 -10|0.5 10
2614 東森|其他|-6 -3 1|94 94 7 42|1.0 35
2615 萬海|航運業|-19 -23 -24|65 85 8 -13|0.3 605
2617 台航|航運業|6 5 8|90 90 13 14|0.3 19
2618 長榮航|航運業|1 -2 -2|81 91 -4 -4|0.8 618
2630 亞航|航運業|-1 15 9|71 71 -8 54|0.8 92
2633 台灣高鐵|航運業|3 6 3|98 98 1 1|0.7 95
2634 漢翔|航運業|-19 5 12|76 76 -11 22|0.8 245
2636 台驊控股|航運業|-26 -31 -22|83 92 -2 -6|0.8 17
2637 慧洋-KY|航運業|10 1 20|85 92 19 26|0.3 308
2641 正德|航運業|38 37 -3|85 89 -2 12|0.3 60
2645 長榮航太|航運業|12 14 -3|71 71 -11 44|0.9 283
2646 星宇航空|航運業|18 14 -14|81 89 -4 -8|0.9 65
2707 晶華|觀光餐旅|7 7 -2|93 93 -3 -2|0.6 15
2723 美食-KY|觀光餐旅|-11 -10 -7|69 82 -3 -18|0.8 21
2727 王品|觀光餐旅|11 8 3|87 87 -4 -9|0.5 43
2731 雄獅|觀光餐旅|7 7 -2|92 92 7 11|0.3 77
2743 山富|觀光餐旅|-21 4 7|79 82 -8 -11|0.3 7
2745 五福|觀光餐旅|13 19 1|75 81 -3 -16|0.4 10
2753 八方雲集|觀光餐旅|12 9 -2|89 89 -2 2|0.5 43
2801 彰銀|金融保險|4 10 -0|96 96 1 5|1.4 361
2812 台中銀|金融保險|16 16 10|89 89 -7 -4|1.1 186
2820 華票|金融保險|81 56 7|99 99 3 10|0.5 10
2832 台產|金融保險|5 1 2|92 92 6 22|0.3 10
2834 臺企銀|金融保險|-9 3 -0|98 98 3 2|0.7 171
2836 高雄銀|金融保險|15 20 3|97 97 2 2|0.8 15
2838 聯邦銀|金融保險|14 25 18|97 97 6 12|0.7 27
2845 遠東銀|金融保險|26 13 13|95 95 5 3|0.6 60
2850 新產|金融保險|4 3 -0|96 96 -3 21|0.9 24
2851 中再保|金融保險|14 21 20|98 98 9 19|0.8 19
2852 第一保|金融保險|-5 -2 2|97 98 4 8|0.6 7
2855 統一證|金融保險|5 87 77|88 94 -1 27|0.5 48
2880 華南金|金融保險|17 11 6|97 97 8 18|1.4 407
2881 富邦金|金融保險|53 58 -81|97 97 11 19|0.4 1521
2882 國泰金|金融保險|26 71 63|98 98 16 23|1.0 2508
2883 凱基金|金融保險|52 81 778|97 97 15 16|0.8 677
2884 玉山金|金融保險|47 40 17|99 99 3 4|1.1 2039
2885 元大金|金融保險|16 24 17|98 98 16 26|1.4 1200
2886 兆豐金|金融保險|15 12 14|94 94 -4 -0|0.7 549
2887 台新新光金|金融保險|187 198 134|95 95 12 33|0.8 1844
2889 國票金|金融保險|17 43 39|93 93 6 4|0.8 68
2890 永豐金|金融保險|40 34 18|98 98 14 21|0.6 622
2891 中信金|金融保險|46 59 24|100 100 20 22|0.8 1827
2892 第一金|金融保險|16 19 11|98 98 0 4|1.0 875
2903 遠百|貿易百貨|-4 -0 2|89 89 -2 3|1.0 82
2905 三商|貿易百貨|-93 -17 -35|92 92 29 29|0.4 21
2908 特力|貿易百貨|2 -4 1|99 99 1 3|0.7 7
2912 統一超|貿易百貨|3 3 -1|85 85 -11 -12|1.0 462
2913 農林|貿易百貨|-15 -6 -23|65 87 -4 -14|1.2 11
2915 潤泰全|貿易百貨|-26 -2 -5|79 97 6 5|1.9 85
3002 歐格|電腦及週|60 51 27|86 86 57 94|0.5 45
3003 健和興|電子零組|-6 -7 -5|63 87 -6 -3|0.8 6
3004 豐達科|鋼鐵工業|23 23 8|68 73 -21 -16|2.4 44
3005 神基|電腦及週|16 12 1|71 71 -20 1|1.7 198
3006 晶豪科|半導體業|45 20 19|100 100 57 158|2.1 502
3008 大立光|光電業|-12 -7 -15|95 100 8 20|2.9 1200
3010 華立|電子通路|-2 -4 -4|88 88 15 11|0.9 185
3011 今皓|電子零組|-40 -43 -14|58 86 -1 16|2.4 19
3013 晟銘電|電腦及週|23 17 -14|83 93 6 5|0.7 475
3014 聯陽|半導體業|-8 -9 -15|76 84 -13 -10|0.9 57
3015 全漢|電子零組|3 8 -7|80 88 1 -3|0.4 17
3016 嘉晶|半導體業|9 2 9|89 89 -4 74|0.4 51
3017 奇鋐|電腦及週|142 134 50|94 94 25 81|0.5 6458
3019 亞光|光電業|19 16 -3|71 84 -7 14|0.8 301
3022 威強電|電腦及週|-27 -14 -11|59 83 -2 -12|0.8 28
3023 信邦|電子零組|-11 -9 -5|62 79 -16 -12|0.6 141
3024 憶聲|光電業|-81 -56 -112|58 83 -12 -11|0.6 6
3025 星通|通信網路|41 36 49|79 96 55 44|1.1 132
3026 禾伸堂|電子零組|1 4 -3|89 89 8 37|0.3 95
3027 盛達|通信網路|-48 -19 -33|56 75 -9 -26|0.9 7
3028 增你強|電子通路|24 28 15|93 93 21 20|0.4 54
3029 零壹|資訊服務|2 11 -34|77 90 -6 2|1.3 71
3030 德律|其他電子|82 29 -1|90 90 18 31|1.3 933
3032 偉訓|電子零組|47 66 16|67 67 -21 -9|0.4 41
3033 威健|電子通路|29 21 -7|91 91 12 -1|1.4 29
3034 聯詠|半導體業|-7 -7 -7|69 73 -12 -28|1.4 761
3035 智原|半導體業|10 15 -56|68 92 8 -5|0.4 341
3036 文曄|電子通路|73 54 24|89 89 5 9|1.2 1345
3037 欣興|電子零組|20 11 -2|96 96 40 81|0.5 4629
3038 全台|光電業|-25 -19 -3|85 100 10 7|1.2 10
3040 遠見|其他|-5 -8 -4|71 71 -20 -20|0.9 12
3041 揚智|半導體業|-43 3 27|66 82 -6 2|1.0 11
3042 晶技|電子零組|4 -1 -9|80 81 -10 -5|1.5 87
3044 健鼎|電子零組|10 13 1|90 90 1 29|1.0 973
3045 台灣大|通信網路|0 -1 -0|95 96 -1 1|1.4 939
3046 建碁|電腦及週|100 57 47|98 98 22 19|0.5 15
3047 訊舟|通信網路|-54 -61 -34|57 78 -2 0|0.3 21
3048 益登|電子通路|-3 -6 -12|97 97 18 77|1.5 277
3050 鈺德|光電業|-17 -2 -1|77 91 8 5|0.9 16
3051 力特|光電業|-10 -9 -18|58 75 -14 -20|1.0 7
3052 夆典|建材營造|38 17 -8|88 88 8 -11|1.1 9
3055 蔚華科|電子通路|59 -3 21|95 95 31 20|2.5 94
3056 富華新|建材營造|-99 -46 -5611|47 53 -8 -44|0.7 19
3057 喬鼎|電腦及週|45 30 15|96 96 47 32|2.1 15
3058 立德|電子零組|9 11 11|62 75 -7 11|0.9 5
3059 華晶科|光電業|12 24 2|65 65 -19 10|0.6 63
3060 銘異|電腦及週|28 10 -4|93 93 31 62|1.0 559
3062 建漢|通信網路|-17 32 3|69 80 0 -9|0.3 48
3078 僑威|電子零組|-9 -7 -33|76 76 -13 -13|1.5 89
3081 聯亞|通信網路|147 97 25|100 100 37 77|0.1 383
3086 華義*|文化創意|29 8 3|83 83 54 45|0.4 14
3088 艾訊|電腦及週|-2 -7 -10|53 86 -3 -9|0.7 14
3090 日電貿|電子零組|15 22 -8|100 100 45 56|1.1 521
3092 鴻碩|電子零組|-12 -13 0|89 100 72 52|5.6 5
3105 穩懋|半導體業|30 28 35|94 94 92 114|0.9 3480
3128 昇銳|光電業|-14 -6 -15|64 70 -6 -33|3.3 9
3131 弘塑|半導體業|60 51 -6|92 92 4 3|0.9 957
3135 凌航|半導體業|30 23 na|na na 126 na|3.1 156
3138 耀登|通信網路|-2 9 11|90 95 13 23|3.2 93
3141 晶宏|半導體業|1 13 4|63 82 13 -11|1.0 32
3147 大綜|資訊服務|5 45 -48|65 83 -9 -3|0.3 19
3149 正達|光電業|6 16 10|84 84 -12 28|1.8 41
3152 璟德|通信網路|-27 -25 -12|82 94 19 32|2.0 133
3162 精確|電機機械|19 29 -67|91 91 19 47|0.4 112
3163 波若威|通信網路|40 24 13|100 100 89 126|0.2 1111
3167 大量|電機機械|53 61 -53|95 95 25 82|1.3 2141
3169 亞信|半導體業|2 8 -3|86 94 3 19|1.1 13
3176 基亞|生技醫療|-17 -3 -25|86 99 13 9|1.1 8
3178 公準|半導體業|-13 1 3|87 93 5 39|4.2 6
3188 鑫龍騰|建材營造|149 534 399|94 94 8 6|1.0 8
3189 景碩|半導體業|40 38 10|98 98 39 72|0.9 2293
3205 佰研|生技醫療|-84 -61 -44|84 84 -5 5|0.4 5
3207 耀勝|電子零組|22 41 8|55 95 1 7|1.9 15
3209 全科|電子通路|-3 4 1|85 92 3 -7|0.5 8
3211 順達|電腦及週|40 24 32|81 81 -10 32|0.9 2456
3213 茂訊|電腦及週|-36 -16 -19|77 81 -8 -5|0.5 23
3217 優群|電子零組|1 6 -15|79 79 -9 9|0.3 68
3218 大學光|生技醫療|-4 -2 -1|63 67 -6 -25|0.4 14
3219 倚強科|其他電子|100 44 -13|68 68 -5 53|4.2 29
3227 原相|半導體業|0 -1 -14|75 80 -20 -2|0.5 133
3228 金麗科|半導體業|-2 14 31|54 70 -23 -30|1.7 24
3229 晟鈦|電子零組|21 25 14|98 98 86 111|1.3 15
3230 錦明|光電業|1 3 8|56 56 -29 20|0.8 9
3231 緯創|電腦及週|195 132 35|99 99 1 29|0.8 4553
3234 光環|通信網路|12 14 -3|90 94 43 34|1.4 92
3236 千如|電子零組|15 11 1|100 100 43 91|0.8 145
3257 虹冠電|半導體業|100 61 37|88 88 1 15|0.5 38
3260 威剛|半導體業|60 51 25|100 100 62 205|1.7 3205
3264 欣銓|半導體業|21 17 12|100 100 57 67|4.1 720
3265 台星科|半導體業|7 9 -1|98 98 31 25|3.8 276
3289 宜特|其他電子|7 10 -2|94 97 10 18|2.4 43
3290 東浦|電子零組|32 27 7|85 85 7 21|0.4 15
3293 鈊象|文化創意|12 12 -8|76 87 -9 -9|0.5 605
3294 英濟|電子零組|-29 -13 0|66 66 -15 -1|0.5 31
3297 杭特|光電業|22 13 -3|59 60 -20 -41|0.2 7
3305 昇貿|其他電子|17 23 -11|70 70 0 98|0.5 516
3306 鼎天|通信網路|-19 8 4|74 74 -5 38|0.4 12
3310 佳穎|電子零組|1018 336 274|93 98 33 12|2.2 6
3312 弘憶股|電子通路|5 8 -12|63 80 -5 -15|1.6 16
3317 尼克森|半導體業|-2 5 -10|79 79 -12 21|0.1 10
3321 同泰|電子零組|7 21 6|63 81 18 67|2.1 8
3322 建舜電|電子零組|-23 -3 -16|85 97 11 29|0.9 10
3323 加百裕|電腦及週|-18 -13 -5|72 72 -15 19|0.5 141
3324 雙鴻|其他電子|78 70 26|91 91 12 55|0.6 2266
3332 幸康|電子零組|-8 14 -16|70 70 10 30|0.5 6
3338 泰碩|電子零組|-11 -7 -7|73 73 -12 -1|1.0 11
3339 泰谷|光電業|31 24 -3|58 67 -22 -29|1.0 9
3349 寶德|電腦及週|-57 5 -23|96 96 60 70|1.4 28
3354 律勝|電子零組|-27 -22 1|92 92 75 75|5.0 41
3356 奇偶|光電業|-19 -14 -0|77 94 0 3|0.7 10
3357 臺慶科|電子零組|17 17 -7|98 98 19 72|0.6 127
3362 先進光|光電業|-1 -4 -7|41 72 -13 -20|1.1 36
3363 上詮|通信網路|-16 19 -19|99 99 24 54|1.4 1087
3372 典範|半導體業|47 39 21|92 92 33 65|3.0 34
3374 精材|半導體業|14 10 7|63 91 2 -1|1.1 199
3376 新日興|電子零組|-34 -34 -17|71 77 -19 -0|0.4 486
3379 彬台|電機機械|41 278 118|62 66 -10 -25|0.3 12
3380 明泰|通信網路|32 13 11|90 93 3 18|0.5 57
3402 漢科|其他電子|1 -0 5|95 95 11 57|3.9 65
3406 玉晶光|光電業|12 10 9|87 95 2 9|1.4 420
3413 京鼎|半導體業|8 17 -15|76 76 -8 -5|0.6 303
3416 融程電|電腦及週|38 22 4|74 74 -15 6|0.6 27
3430 奇鈦科|化學工業|43 33 15|82 82 -15 38|1.2 20
3438 類比科|半導體業|6 -5 -11|89 98 17 27|2.2 13
3441 聯一光電|光電業|21 40 3|92 92 18 28|0.5 11
3443 創意|半導體業|114 123 85|96 96 59 78|0.6 5421
3444 利機|電子通路|1 6 -7|95 100 29 50|4.9 13
3447 展達|通信網路|2 27 -25|64 64 -25 5|1.7 17
3450 聯鈞|半導體業|-20 -19 -51|81 91 -6 35|1.2 3731
3454 晶睿|光電業|-16 -20 -28|65 91 12 -7|0.7 33
3455 由田|光電業|-36 -14 -12|100 100 28 38|5.4 42
3466 德晉|通信網路|-78 20 51|65 81 -8 -6|0.6 20
3479 安勤|電腦及週|7 15 2|78 78 -16 -1|0.4 17
3481 群創|光電業|-9 1 -3|100 100 24 55|5.9 809
3483 力致|電腦及週|-9 -7 -9|71 81 -13 -3|0.8 25
3484 崧騰|電子零組|-21 -5 -17|72 89 -3 11|0.7 5
3490 單井|光電業|-4 -2 -3|85 99 4 34|0.6 10
3491 昇達科|通信網路|47 19 7|100 100 54 108|0.3 764
3498 陽程|其他電子|-15 114 -15|82 89 5 37|1.0 29
3499 環天科|通信網路|-44 -26 -12|88 88 28 38|5.4 9
3504 揚明光|光電業|6 -0 -7|69 83 -11 16|0.6 7
3515 華擎|電腦及週|76 83 -13|74 74 -8 -11|0.4 131
3526 凡甲|電子零組|20 15 -16|88 92 -4 6|0.6 40
3527 聚積|半導體業|-13 -11 6|75 80 -11 -14|0.5 13
3528 安馳|電子通路|101 102 38|73 73 -7 -13|0.3 7
3529 力旺|半導體業|7 24 15|50 69 -17 -29|0.6 1256
3530 晶相光|半導體業|60 23 18|82 99 23 34|3.0 54
3532 台勝科|半導體業|2 5 7|79 79 -10 28|0.5 110
3533 嘉澤|電子零組|4 4 -10|68 76 -14 -5|0.5 660
3535 晶彩科|光電業|83 2210 1705|98 98 21 74|1.2 573
3537 堡達|電子零組|8 -1 -3|97 100 40 26|0.9 53
3543 州巧|光電業|-7 -5 -7|86 86 23 67|0.5 74
3545 敦泰|半導體業|-36 -32 -18|58 73 -19 -20|0.9 36
3546 宇峻|文化創意|-15 -6 -3|69 85 -4 -10|0.5 15
3548 兆利|電子零組|-35 -11 -19|48 74 -11 -16|0.9 19
3550 聯穎|電子零組|-6 -1 -12|85 99 11 17|4.7 15
3551 世禾|綠能環保|28 27 11|95 95 21 32|1.3 433
3552 同致|其他電子|2 6 7|70 82 -4 21|0.7 10
3555 博士旺|半導體業|594 598 259|94 94 27 162|0.8 31
3558 神準|通信網路|-13 1 -31|52 73 -16 -19|0.7 19
3563 牧德|光電業|9 33 -118|81 81 -0 -2|1.7 623
3564 其陽|通信網路|3 5 -10|60 77 -8 -22|0.8 5
3580 友威科|其他電子|-29 -33 -5|79 95 11 7|5.6 9
3581 博磊|半導體業|20 21 15|94 94 18 99|1.0 124
3583 辛耘|半導體業|7 8 -9|79 79 -11 -4|0.8 133
3587 閎康|其他電子|14 15 7|78 88 -5 8|1.0 75
3588 通嘉|半導體業|0 -11 -5|73 87 -4 12|0.6 7
3592 瑞鼎|半導體業|-1 -10 -4|59 61 -20 -37|1.5 248
3596 智易|通信網路|7 11 4|70 70 -20 -14|0.5 68
3605 宏致|電子零組|-0 2 -13|77 77 -12 17|1.3 62
3607 谷崧|電子零組|-36 -27 -26|78 97 9 3|1.8 6
3609 三一東林|電子零組|882 302 197|72 80 -16 -14|0.4 5
3611 鼎翰|電腦及週|5 25 -12|94 94 7 10|0.6 6
3615 安可|光電業|-25 -21 -14|91 95 9 20|2.5 10
3617 碩天|其他電子|-5 -3 -2|56 76 -1 -15|1.2 71
3622 洋華|光電業|37 42 32|86 86 17 23|0.4 31
3624 光頡|電子零組|10 6 3|100 100 65 109|2.1 305
3625 西勝|電腦及週|-18 -3 13|59 59 -31 37|0.4 10
3628 盈正|其他電子|-19 16 0|69 69 -10 64|0.2 38
3630 新鉅科|光電業|21 20 2|68 68 -17 28|0.7 19
3645 達邁|電子零組|1 0 -11|64 66 -19 -9|0.7 45
3653 健策|電子零組|17 29 -19|85 85 9 79|0.6 3903
3661 世芯-KY|半導體業|-61 -63 -34|86 86 10 9|1.0 5728
3663 鑫科|其他電子|17 10 -43|81 91 24 -1|7.2 16
3665 貿聯-KY|其他電子|33 38 7|91 91 44 65|0.5 3590
3673 TPK-KY|光電業|-7 -12 -2|93 93 4 37|0.6 72
3675 德微|半導體業|-8 -7 1|60 77 -5 2|0.7 18
3680 家登|半導體業|46 38 25|74 100 5 17|2.7 394
3684 榮昌|通信網路|-9 20 -12|94 94 36 48|3.3 9
3685 元創精密|電機機械|-25 5 12|89 89 33 265|0.8 28
3687 歐買尬|數位雲端|9 11 5|91 99 9 9|0.8 8
3689 湧德|電子零組|6 1 -18|100 100 32 44|2.2 157
3691 碩禾|光電業|177 83 90|80 80 5 17|2.3 45
3693 營邦|電腦及週|-41 -29 -27|73 73 19 -9|0.5 97
3694 海華|通信網路|3 19 -3|60 60 -22 7|0.5 60
3701 大眾控|電腦及週|-26 -37 -15|96 96 32 58|7.0 158
3702 大聯大|電子通路|7 1 -18|83 84 -9 -14|1.0 691
3703 欣陸|建材營造|9 -9 -6|73 92 -1 1|0.8 14
3704 合勤控|通信網路|-23 -10 -17|78 83 -4 20|0.3 45
3705 永信|生技醫療|3 -1 -7|87 88 -1 -5|0.6 11
3706 神達|電腦及週|-1 53 -52|85 85 1 34|0.5 1411
3707 漢磊|半導體業|11 11 14|77 77 -10 61|0.5 115
3708 上緯投控|綠能環保|-90 -52 -42|75 75 -13 42|0.5 96
3709 鑫聯大投控|電腦及週|25 31 -27|87 87 15 44|0.6 105
3711 日月光投控|半導體業|11 9 1|100 100 56 76|0.8 4293
3712 永崴投控|電腦及週|-62 58 6|39 50 -27 -42|0.5 12
3714 富采|光電業|-7 -9 -2|69 85 -12 -1|2.1 51
3715 定穎投控|電子零組|12 14 5|97 97 36 128|1.1 2495
4104 佳醫|生技醫療|3 1 -3|91 91 -6 -3|1.2 8
4105 東洋|生技醫療|7 12 -1|95 95 3 7|0.8 50
4114 健喬|生技醫療|1 11 -5|83 83 -4 -1|1.0 18
4123 晟德|生技醫療|-13 -7 -1|97 97 13 17|2.9 39
4128 中天|生技醫療|8 9 -2|54 70 -19 -18|0.7 20
4129 聯合|生技醫療|13 19 -4|84 84 -9 8|0.8 19
4130 健亞|生技醫療|14 -2 -1|99 99 18 52|1.0 12
4137 麗豐-KY|生技醫療|5 5 11|86 89 -0 0|0.6 8
4142 國光生|生技醫療|538 170 -52|75 89 2 17|0.4 21
4147 中裕|生技醫療|-34 -2 2|61 69 -18 -29|0.7 29
4157 太景*-KY|生技醫療|31 -17 -13|95 95 44 60|2.1 50
4162 智擎|生技醫療|30 24 -71|65 97 7 4|0.7 29
4164 承業醫|生技醫療|33 28 -2|64 71 -21 -17|0.6 27
4167 松瑞藥|生技醫療|-24 -18 -12|83 93 1 -1|1.6 8
4168 醣聯|生技醫療|-100 -91 na|87 94 6 12|1.9 9
4174 浩鼎|生技醫療|306 179 146|43 75 0 -17|0.4 19
4303 信立|塑膠工業|22 40 -303|74 74 -15 -5|0.3 47
4306 炎洲|塑膠工業|25 5 18|83 95 2 -2|0.6 8
4441 振大環球|紡織纖維|-5 26 na|na na -6 na|0.6 16
4503 金雨|電機機械|-25 98 -34|63 67 -24 -22|0.7 7
4510 高鋒|電機機械|14 19 27|66 73 -7 -11|0.5 32
4523 永彰|電機機械|-45 -27 -37|72 72 -14 -18|0.6 12
4526 東台|電機機械|-53 -19 -16|80 80 -8 13|1.9 76
4532 瑞智|電機機械|-19 -25 -23|77 97 1 3|0.9 17
4533 協易機|電機機械|-10 -3 -30|57 89 0 -5|0.6 11
4536 拓凱|運動休閒|-28 -25 -29|78 83 -14 -8|0.8 33
4540 全球傳動|電機機械|21 46 24|56 71 -13 -0|0.7 12
4541 晟田|其他|-1 6 -14|64 64 -18 -0|0.7 24
4542 科嶠|電子零組|58 139 88|96 96 49 54|1.9 36
4543 萬在|電機機械|11 17 15|71 92 24 10|0.9 10
4545 銘鈺|電子零組|21 5 1|86 92 16 29|1.0 19
4549 桓達|電機機械|-22 1 1|51 77 -6 -10|0.4 15
4551 智伸科|汽車工業|2 -5 -11|68 68 -22 -4|0.3 18
4557 永新-KY|汽車工業|-20 -25 -35|60 80 17 -21|0.8 11
4562 穎漢|電機機械|-53 -29 -30|49 61 -18 -35|0.7 12
4564 元翎|電機機械|-31 -16 -28|72 81 -12 13|0.7 9
4566 時碩工業|電機機械|-4 3 -2|70 85 6 -0|0.8 31
4571 鈞興-KY|電機機械|-17 -1 -4|62 80 -4 5|0.6 24
4576 大銀微系統|電機機械|16 21 -5|62 81 -8 -6|0.7 27
4577 達航科技|其他電子|-39 8 -26|94 94 58 184|1.2 131
4583 台灣精銳|電機機械|7 2 0|69 85 1 -15|0.5 103
4585 達明|其他電子|0 15 na|na na -20 na|0.4 83
4714 永捷|化學工業|103 44 -54|79 79 -14 -7|0.5 16
4721 美琪瑪|化學工業|28 25 5|77 77 -3 4|0.8 21
4722 國精化|化學工業|-1 -4 -0|87 87 -13 199|1.1 678
4736 泰博|生技醫療|-14 -19 -11|86 91 1 6|0.4 10
4737 華廣|生技醫療|-29 -20 -13|73 75 -7 -22|1.6 6
4739 康普|化學工業|148 119 73|90 90 -2 36|0.7 53
4743 合一|生技醫療|-14 -36 -39|63 71 -14 -5|0.7 109
4744 皇將|生技醫療|8 27 14|83 83 3 34|0.6 5
4745 合富-KY|生技醫療|-47 -40 -13|95 95 52 49|0.5 9
4746 台耀|生技醫療|-13 2 -4|82 86 -10 -3|0.7 20
4749 新應材|半導體業|15 26 -6|na 100 5 58|1.6 542
4755 三福化|化學工業|-56 -11 -7|84 84 -11 -0|0.7 13
4760 勤凱科技|其他電子|36 17 -14|94 94 10 68|0.6 99
4763 材料*-KY|化學工業|-48 -47 -39|45 62 -16 -37|0.9 392
4764 雙鍵|化學工業|40 7 -6|98 98 182 169|1.6 505
4766 南寶|化學工業|-5 -3 -6|73 73 -18 6|0.9 76
4768 晶呈科技|化學工業|154 107 93|100 100 70 315|0.8 374
4770 上品|化學工業|-44 -46 -23|64 73 -23 -7|0.8 77
4772 台特化|化學工業|221 251 151|100 100 4 56|1.6 284
4903 聯光通|通信網路|590 389 225|88 88 45 70|0.7 431
4904 遠傳|通信網路|11 11 6|93 93 -0 10|0.7 410
4906 正文|通信網路|-43 -36 -5|84 92 10 10|0.5 76
4908 前鼎|通信網路|-49 -10 -12|77 85 -8 7|0.6 26
4909 新復興|通信網路|-91 -91 -12|54 86 13 -11|2.6 247
4912 聯德控股-KY|電子零組|27 32 15|63 100 34 40|3.0 23
4915 致伸|電子零組|1 7 3|86 86 -1 5|1.2 181
4916 事欣科|電腦及週|52 33 33|85 85 -3 52|1.0 353
4919 新唐|半導體業|-4 -2 2|52 71 -17 -26|0.9 104
4927 泰鼎-KY|電子零組|-20 -13 -8|71 90 18 43|2.2 591
4931 新盛力|電腦及週|133 62 31|96 96 16 80|0.1 345
4934 太極|光電業|-8 -1 58|81 81 -10 37|0.6 10
4938 和碩|電腦及週|-4 0 -2|74 84 -4 -12|1.2 648
4939 亞電|電子零組|-9 -5 2|96 96 66 91|0.7 379
4949 有成精密|光電業|-9 -0 -1|61 70 -5 -31|1.0 12
4953 緯致|資訊服務|18 17 6|94 94 11 28|0.5 44
4956 光鋐|光電業|-3 0 -8|57 86 3 -11|1.3 24
4958 臻鼎-KY|電子零組|-7 -5 -13|72 72 -14 24|0.6 1064
4960 誠美材|光電業|2 2 4|88 88 -10 -2|1.2 8
4961 天鈺|半導體業|-23 -24 -26|62 73 -16 -27|2.0 91
4966 譜瑞-KY|半導體業|-10 -5 -7|67 67 -25 -0|1.3 362
4967 十銓|半導體業|79 45 37|100 100 115 177|1.7 2297
4968 立積|半導體業|3 7 5|55 74 -16 6|0.3 88
4971 IET-KY|半導體業|31 67 4|100 100 107 88|0.2 2169
4973 廣穎電通|半導體業|4 6 7|99 99 13 64|0.9 54
4974 亞泰|電子零組|-44 -40 -31|52 73 -10 -10|0.8 7
4976 佳凌|光電業|-1 -5 -0|53 53 -18 13|1.2 11
4977 眾達-KY|通信網路|-30 -31 -61|91 96 15 55|1.1 1090
4979 華星光|通信網路|13 -0 -32|100 100 54 68|1.4 6678
4989 榮科|電子零組|-3 19 35|100 100 84 244|2.2 545
4991 環宇-KY|半導體業|37 49 18|97 97 62 47|0.5 401
5009 榮剛|鋼鐵工業|-9 -4 5|68 81 -10 -8|1.1 59
5201 凱衛|資訊服務|-8 31 -8|81 92 -8 14|0.4 14
5203 訊連|資訊服務|20 24 6|65 83 -11 -8|0.7 14
5213 亞昕|建材營造|-95 -17 -547|71 86 -3 -12|1.0 6
5222 全訊|半導體業|-11 -13 9|81 81 -8 13|0.7 36
5225 東科-KY|其他電子|-11 -13 -6|75 86 -11 17|0.4 27
5234 達興材料|光電業|9 12 -2|89 89 -1 52|1.0 175
5236 凌陽創新|半導體業|-21 -4 -22|75 80 -9 -5|0.5 14
5243 乙盛-KY|光電業|-21 -19 -17|89 89 4 43|0.5 113
5244 弘凱|光電業|3 0 3|82 85 4 -3|2.9 7
5251 天鉞電|光電業|30 4 -36|60 64 -17 -36|0.6 6
5258 虹堡|電腦及週|16 7 7|71 84 -12 4|0.8 17
5263 智崴|文化創意|-11 -11 -24|77 100 30 23|2.4 16
5269 祥碩|半導體業|85 115 53|53 59 -19 -36|1.2 609
5274 信驊|半導體業|23 15 -45|96 96 33 41|0.6 2230
5284 jpp-KY|其他|60 58 0|89 89 -6 40|0.4 356
5285 界霖|半導體業|7 1 -6|92 92 -2 14|0.9 5
5288 豐祥-KY|電機機械|-23 -1 3|76 100 25 11|2.9 8
5289 宜鼎|電腦及週|110 96 49|100 100 75 159|0.9 1671
5292 華懋|綠能環保|8 4 -27|98 98 7 11|3.6 8
5306 桂盟|運動休閒|-14 -13 -12|71 93 3 -3|0.7 7
5309 系統電|電子零組|17 18 12|89 89 -2 78|0.6 1154
5314 世紀*|其他|385 618 158|68 68 -30 98|0.3 460
5315 光聯|光電業|10 21 -19|98 98 9 14|0.4 15
5328 華容|電子零組|-8 -10 -16|96 96 21 78|0.4 135
5340 建榮|電子零組|14 12 -6|92 92 28 50|1.8 460
5347 世界|半導體業|9 7 -4|88 88 -9 1|1.4 457
5351 鈺創|半導體業|120 101 89|100 100 60 117|2.8 439
5371 中光電|光電業|6 12 12|66 66 -25 61|0.8 477
5381 光譜|電機機械|-35 -19 -22|82 82 7 33|0.6 29
5386 青雲|電腦及週|67 36 -53|100 100 48 44|3.7 65
5388 中磊|通信網路|10 15 19|60 72 -20 -19|1.5 73
5392 能率|光電業|-12 -8 -0|82 82 -12 66|0.8 137
5398 慕康生醫|其他|-38 -1 -4|81 81 18 18|0.5 8
5425 台半|半導體業|1 11 -15|79 79 -1 19|0.2 90
5426 振發|電腦及週|-11 3 -27|62 77 -11 -15|1.2 5
5432 新門|綠能環保|91 43 36|100 100 52 66|1.4 68
5434 崇越|電子通路|10 7 -14|85 85 -4 7|0.8 186
5439 高技|電子零組|135 163 43|83 83 -6 30|0.4 1678
5443 均豪|半導體業|-24 4 -8|80 81 -15 6|1.0 71
5452 佶優|其他電子|-19 -16 -7|94 100 28 30|6.5 11
5457 宣德|電子零組|-7 1 -14|73 81 -9 7|0.5 11
5469 瀚宇博|電子零組|50 45 11|83 83 1 54|0.4 543
5474 聰泰|電腦及週|-11 18 -3|73 76 -7 3|0.9 21
5475 德宏|電子零組|82 92 21|91 91 41 200|1.5 212
5478 智冠|文化創意|17 5 9|80 92 -8 -1|0.5 6
5481 新華|其他|4 -2 -2|67 76 12 -22|0.5 13
5483 中美晶|半導體業|-0 2 5|83 84 -6 17|1.3 489
5484 慧友|光電業|10 52 49|55 70 -7 8|0.6 6
5493 三聯|其他電子|14 17 -4|95 95 13 21|0.5 16
5498 凱崴|電子零組|41 36 19|98 98 156 308|1.6 1376
5508 永信建|建材營造|-32 -55 20|45 57 -22 -42|2.0 95
5511 德昌|建材營造|31 21 5|98 98 7 11|0.6 5
5515 建國|建材營造|13 18 -13|100 100 49 47|0.9 33
5519 隆大|建材營造|-65 37 -70|93 96 13 15|1.1 13
5521 工信|建材營造|11 -2 -38|96 96 106 117|0.9 162
5522 遠雄|建材營造|501 217 204|91 91 23 17|1.1 131
5530 龍巖|其他|-21 -33 -33|54 73 -15 -24|0.8 9
5534 長虹|建材營造|2 -32 -56|83 97 11 5|1.1 55
5536 聖暉*|其他電子|20 22 -23|77 77 -1 58|1.4 2126
5607 遠雄港|航運業|21 24 6|92 92 -4 18|0.5 13
5608 四維航|航運業|-10 -11 -5|80 85 6 19|0.3 34
5609 中菲行|航運業|-7 -9 -20|97 97 2 5|0.7 6
5864 致和證|金融業|-74 8555 6241|93 93 5 32|0.7 8
5871 中租-KY|其他|-5 -6 -2|84 84 -4 -15|1.5 1071
5876 上海商銀|金融保險|12 11 3|87 89 -1 -11|0.5 243
5880 合庫金|金融保險|26 22 11|95 95 -0 -1|0.6 222
5903 全家|居家生活|8 6 2|95 95 -0 -1|1.0 6
5904 寶雅|居家生活|14 10 2|89 91 -2 -7|0.6 40
6005 群益證|金融保險|12 27 17|89 93 -6 19|1.1 161
6016 康和證|金融業|84 92 42|96 96 -1 25|0.7 11
6023 元大期貨|金融業|14 9 15|99 99 13 17|0.8 6
6024 群益期|金融保險|2 12 -4|92 98 5 4|0.8 14
6026 福邦證|金融業|216 141 49|100 100 17 18|2.2 5
6104 創惟|半導體業|8 0 -34|52 63 -18 -33|0.7 138
6111 光聚晶電|文化創意|121 121 78|77 92 -2 1|0.6 14
6112 邁達特|資訊服務|11 23 2|65 82 -9 -18|0.5 17
6117 迎廣|電腦及週|12 15 1|70 85 -1 -13|0.8 36
6118 建達|電子通路|4 9 -2|78 78 -5 43|1.5 11
6120 達運|光電業|-25 -15 2|88 88 2 13|0.8 33
6121 新普|電腦及週|10 2 1|87 87 -3 -2|1.8 270
6122 擎邦|電機機械|34 4 5|98 98 8 8|1.7 12
6125 廣運|電機機械|72 58 33|74 82 -2 19|1.8 203
6126 信音|電子零組|12 10 2|100 100 18 51|0.4 16
6127 九豪|電子零組|-9 -18 -18|100 100 53 94|1.4 389
6130 上亞科技|生技醫療|-23 -20 -20|96 96 9 8|1.7 29
6133 金橋|電子零組|50 29 9|93 93 23 50|1.1 85
6134 萬旭|電子零組|37 23 -3|84 92 14 44|1.3 34
6138 茂達|半導體業|29 27 5|89 89 -2 27|0.3 52
6139 亞翔|其他電子|170 109 93|94 94 49 91|1.0 3450
6143 振曜|通信網路|20 41 10|80 80 -17 11|0.8 58
6146 耕興|其他電子|1 0 2|79 83 -11 -2|1.3 24
6147 頎邦|半導體業|3 2 -5|87 91 -1 -0|1.4 70
6148 驊宏資|資訊服務|539 185 26|55 68 -13 -22|0.4 13
6150 撼訊|電腦及週|76 70 -12|73 73 -19 -5|0.5 9
6152 百一|通信網路|13 -0 18|80 88 12 21|1.3 18
6153 嘉聯益|電子零組|-33 -27 -2|85 90 -0 13|0.8 41
6155 鈞寶|電子零組|1 4 -8|100 100 103 124|1.0 242
6156 松上|電子零組|-6 -16 -46|76 77 2 -13|0.9 11
6163 華電網|資訊服務|-18 -17 -28|93 93 127 157|1.4 178
6164 華興|光電業|-0 -14 -10|94 94 26 21|1.7 16
6165 浪凡|數位雲端|12 18 6|76 79 -14 -14|0.5 24
6166 凌華|電腦及週|27 22 -0|70 90 5 4|0.4 32
6168 宏齊|光電業|7 6 2|83 83 -1 30|1.3 6
6170 統振|通信網路|-2 -1 -13|89 92 -3 1|0.7 7
6173 信昌電|電子零組|5 5 -5|100 100 32 94|0.5 389
6175 立敦|電子零組|1 -5 -4|100 100 38 73|0.5 285
6176 瑞儀|光電業|-26 -22 -22|66 85 -13 -12|2.6 413
6177 達麗|建材營造|-83 -40 -81|98 98 10 19|1.8 68
6179 亞通|其他|39 13 -52|82 82 -4 8|0.5 29
6180 橘子|文化創意|-15 -18 1|71 77 -12 -22|0.9 12
6182 合晶|半導體業|15 13 3|87 87 3 50|0.7 146
6185 幃翔|電子零組|48 57 20|85 86 -9 0|0.9 5
6186 新潤|建材營造|-99 -75 -149|80 80 -13 3|1.4 22
6187 萬潤|半導體業|-42 -34 -76|88 91 -1 -4|1.1 373
6188 廣明|電腦及週|12 30 11|84 84 -2 28|2.6 148
6189 豐藝|電子通路|-7 -15 3|58 58 -8 -39|0.6 17
6190 萬泰科|通信網路|-10 -3 -12|88 88 10 21|0.8 284
6191 精成科|電子零組|84 79 31|75 75 -6 22|0.4 823
6192 巨路|其他電子|-21 -20 -13|97 97 10 14|1.8 14
6196 帆宣|其他電子|6 -11 3|100 100 12 50|1.1 689
6197 佳必琪|電子零組|0 14 1|84 84 -6 0|1.1 93
6199 天品|其他|400 360 229|77 87 6 8|1.4 17
6202 盛群|半導體業|-0 2 -32|70 87 -8 -8|0.7 12
6203 海韻電|電子零組|-11 40 -14|79 79 10 0|0.3 20
6204 艾華|電子零組|-23 -18 -20|100 100 25 39|0.8 15
6205 詮欣|電子零組|-25 -7 -3|79 98 46 47|7.4 7
6206 飛捷|電腦及週|-25 0 -19|55 68 -12 -25|1.5 58
6207 雷科|電子零組|-12 -20 -18|73 73 -14 18|1.2 11
6209 今國光|光電業|73 90 41|98 98 67 174|0.9 841
6213 聯茂|電子零組|11 7 -6|85 85 13 32|0.6 551
6214 精誠|資訊服務|-12 19 8|85 87 -2 10|0.8 81
6215 和椿|其他電子|-17 40 -29|66 66 -12 13|0.4 75
6217 中探針|電子零組|18 14 -8|88 88 3 86|0.8 183
6218 豪勉|通信網路|26 15 -18|95 100 39 31|3.4 11
6220 岳豐|電子零組|2 -20 -4|97 97 34 45|0.6 6
6223 旺矽|半導體業|31 21 -11|95 95 32 111|0.8 1896
6227 茂綸|電子通路|-1 24 -21|63 80 -7 -10|0.5 10
6231 系微|資訊服務|24 3 -4|51 75 -15 -6|0.6 55
6233 旺玖|半導體業|-14 -11 -9|89 99 26 26|6.8 5
6234 高僑|光電業|17 -15 11|89 89 22 19|6.5 49
6235 華孚|電腦及週|31 48 38|82 82 -12 27|0.4 37
6237 驊訊|半導體業|11 17 4|68 80 -4 5|0.6 8
6239 力成|半導體業|25 21 22|100 100 21 42|1.6 1609
6243 迅杰|半導體業|-27 -25 -15|78 96 9 2|1.7 14
6244 茂迪|光電業|-17 8 11|91 91 24 24|1.9 184
6245 立端|通信網路|-13 3 5|60 80 -12 -4|0.9 29
6257 矽格|半導體業|7 5 -4|100 100 30 50|3.6 1194
6261 久元|半導體業|50 24 22|100 100 15 20|1.5 20
6265 方土昶|電子通路|93 120 63|100 100 175 273|3.4 274
6269 台郡|電子零組|-2 3 18|82 86 -3 -5|0.9 72
6271 同欣電|半導體業|-9 -4 1|98 98 21 28|1.2 304
6274 台燿|電子零組|34 33 1|96 96 43 88|0.6 4192
6275 元山|電子零組|23 13 -2|97 97 25 37|0.8 93
6278 台表科|光電業|0 10 -0|83 85 -9 -14|1.6 110
6279 胡連|電子零組|9 11 -4|73 91 -1 9|0.5 27
6282 康舒|電子零組|21 10 9|93 93 44 76|1.1 892
6284 佳邦|電子零組|-10 -9 -12|94 94 12 26|1.1 65
6285 啟碁|通信網路|-11 3 2|67 77 -13 -16|0.8 294
6290 良維|電子零組|12 25 -5|94 94 38 98|0.4 680
6291 沛亨|半導體業|11 27 14|94 94 29 132|1.2 251
6409 旭隼|其他電子|-13 -11 -4|54 80 10 -19|0.7 524
6411 晶焱|半導體業|-7 -17 -8|77 77 8 20|0.2 16
6412 群電|電子零組|-21 -21 -17|70 75 -12 -24|2.0 56
6414 樺漢|電腦及週|0 -4 -2|88 88 -2 -3|0.9 162
6415 矽力*-KY|半導體業|7 5 -0|40 53 -22 -46|0.4 463
6416 瑞祺電通|通信網路|-2 -6 -12|68 98 10 7|1.8 14
6418 詠昇|電子零組|0 8 8|55 55 -44 159|0.4 17
6419 京晨科|光電業|-28 -41 -17|74 89 64 44|3.3 30
6425 易發|電機機械|-4 16 27|87 87 15 94|1.0 108
6426 統新|通信網路|42 58 5|94 94 39 39|1.4 339
6431 光麗-KY|生技醫療|54 5 -27|86 86 65 67|1.6 17
6432 今展科|電子零組|-9 7 -4|92 92 22 37|0.2 14
6435 大中|半導體業|29 20 -4|93 93 10 25|0.5 26
6438 迅得|其他電子|29 23 -1|61 70 -15 -8|0.5 67
6442 光聖|通信網路|46 68 -64|98 98 66 213|0.8 2632
6443 元晶|光電業|-45 -53 6|95 95 89 86|2.4 587
6446 藥華藥|生技醫療|53 49 -16|64 89 -11 -5|1.0 703
6449 鈺邦|電子零組|17 21 -8|79 79 -21 63|0.3 90
6451 訊芯-KY|半導體業|56 32 -29|65 93 10 19|1.0 217
6456 GIS-KY|光電業|-20 -24 -27|62 62 -30 5|0.6 35
6462 神盾|半導體業|-8 -10 -21|65 76 -2 -3|0.3 137
6465 威潤|通信網路|886 314 228|94 94 129 112|1.7 8
6469 大樹|生技醫療|7 7 -3|57 65 -23 -25|0.8 34
6472 保瑞|生技醫療|-11 -15 -38|55 58 -28 -37|0.6 254
6477 安集|光電業|13 26 28|77 77 -12 26|0.8 35
6485 點序|半導體業|23 15 -6|100 100 35 69|1.5 38
6486 互動|通信網路|66 12 12|97 97 11 14|1.3 21
6488 環球晶|半導體業|-8 -6 -2|75 75 -17 34|1.2 791
6491 晶碩|生技醫療|4 10 6|74 81 -11 -5|0.9 68
6492 生華科|生技醫療|-4 29 22|84 84 9 34|0.5 8
6499 益安|生技醫療|69 52 -8|65 73 4 -29|0.6 40
6505 台塑化|油電燃氣|-9 -4 2|83 83 21 27|0.4 242
6509 聚和|化學工業|-21 -3 -6|83 90 -2 7|0.6 11
6510 精測|半導體業|-12 8 -41|96 96 29 158|0.8 1477
6515 穎崴|半導體業|44 14 -37|100 100 30 155|1.2 2217
6517 保勝光學|光電業|72 15 6|68 85 6 3|3.4 12
6525 捷敏-KY|半導體業|9 11 -4|88 88 -11 12|0.5 9
6526 達發|半導體業|-6 -5 -22|63 77 -13 -17|0.7 80
6530 創威|通信網路|1 11 -6|89 89 5 18|0.5 70
6531 愛普*|半導體業|71 45 14|100 100 27 62|1.6 1003
6533 晶心科|半導體業|-28 -13 -29|53 74 -19 -7|0.6 71
6534 正瀚-創|生技醫療|32 48 20|75 75 -19 15|0.3 7
6535 順藥|生技醫療|-96 431 97|59 59 -36 31|0.6 26
6538 倉和|電子零組|-15 -28 6|60 74 -13 -22|1.0 5
6541 泰福-KY|生技醫療|8352 5639 3381|68 85 5 3|0.6 45
6546 正基|通信網路|-7 -13 -13|40 73 -15 -21|0.7 11
6547 高端疫苗|生技醫療|-2 2 -24|66 85 -5 -10|0.6 35
6548 長科*|半導體業|11 11 -1|97 97 27 49|2.0 120
6550 北極星藥業-KY|生技醫療|-81 43 69|62 73 -12 -17|1.5 21
6558 興能高|其他電子|-3 -17 -14|59 67 -19 -26|0.4 29
6561 是方|通信網路|-4 -10 -17|80 82 -7 -6|2.6 41
6568 宏觀|半導體業|12 7 -6|77 94 -0 -2|4.1 38
6576 逸達|生技醫療|34 -40 -81|93 94 -2 23|0.9 7
6579 研揚|電腦及週|28 33 15|76 76 -8 -10|0.3 7
6584 南俊國際|電子零組|31 31 6|82 82 31 82|0.5 374
6588 東典光電|通信網路|0 19 -37|100 100 78 76|1.3 98
6589 台康生技|生技醫療|42 21 16|74 76 -14 1|0.3 35
6591 動力-KY|電腦及週|47 35 -5|76 76 -9 11|0.4 24
6592 和潤企業|其他|-8 -9 10|74 83 -11 -11|1.3 16
6596 寬宏藝術|文化創意|84 44 -83|79 79 -6 -8|0.5 32
6603 富強鑫|電機機械|7 31 14|94 94 56 73|0.8 70
6605 帝寶|汽車工業|-1 -4 -2|65 74 10 -25|0.8 83
6609 瀧澤科|電機機械|-38 -51 -39|43 72 -0 -5|1.3 5
6613 朋億*|其他電子|-5 -21 -14|83 91 14 19|1.2 33
6617 共信-KY|生技醫療|-12 13 -1|70 75 -14 4|1.0 17
6624 萬年清|綠能環保|23 -0 -60|90 90 93 83|1.6 23
6625 必應|其他|-19 37 -27|77 80 -2 -22|0.5 10
6640 均華|半導體業|-30 4 -22|80 80 -6 -10|1.3 71
6643 M31|半導體業|22 37 24|48 73 -10 -26|0.7 131
6651 全宇昕|半導體業|-4 -8 -21|77 100 16 4|0.5 7
6657 華安|生技醫療|-50 16 8|50 65 -21 -32|0.9 7
6658 聯策|其他電子|-21 20 -22|67 83 5 -25|5.8 11
6664 群翊|電子零組|14 9 8|97 97 24 43|1.1 225
6667 信紘科|其他電子|65 52 -28|89 89 3 21|0.7 140
6668 中揚光|光電業|87 44 16|68 77 -10 -18|0.9 8
6669 緯穎|電腦及週|159 156 -5|95 95 29 75|0.6 5029
6670 復盛應用|運動休閒|2 -2 -10|71 87 -2 -11|1.3 128
6672 騰輝電子-KY|電子零組|7 4 4|80 80 0 33|1.7 69
6679 鈺太|半導體業|-8 -9 -3|55 79 -16 -19|0.6 26
6683 雍智科技|半導體業|18 19 -9|84 89 10 18|0.8 241
6684 安格|半導體業|-22 -20 -2|72 75 -13 -6|0.2 8
6689 伊雲谷|數位雲端|-14 -8 -12|50 73 -17 -23|1.2 7
6691 洋基工程|其他電子|-7 25 -25|88 88 27 23|1.1 764
6693 廣閎科|半導體業|30 32 -0|96 100 33 42|0.8 16
6695 芯鼎|半導體業|13 -1 -21|67 81 -13 9|0.5 12
6706 惠特|光電業|-66 -63 -92|97 97 66 126|1.9 1698
6712 長聖|生技醫療|1 5 -11|90 90 -4 12|1.4 19
6719 力智|半導體業|39 29 6|79 88 -9 -7|0.7 29
6727 亞泰金屬|電子零組|69 23 17|81 81 -3 186|0.9 123
6732 昇佳電子|半導體業|-18 -17 -9|68 68 -22 -3|0.7 11
6733 博晟生醫|生技醫療|44 33 -9|79 79 -3 28|0.6 6
6739 竹陞科技|其他電子|101 102 4|79 79 -21 94|0.6 360
6741 91APP*-KY|數位雲端|8 10 -1|71 84 -8 -9|1.3 18
6742 澤米|光電業|-37 -42 -27|57 73 -12 -17|0.6 8
6752 叡揚|資訊服務|26 19 2|66 84 -5 -11|0.8 5
6753 龍德造船|航運業|2 19 5|65 65 -8 44|1.0 207
6756 威鋒電子|半導體業|22 6 13|60 82 -8 -12|0.7 11
6757 台灣虎航|航運業|6 9 6|64 78 -14 -20|0.8 104
6761 穩得|電子零組|-24 -14 -16|83 83 -0 62|0.7 45
6763 綠界科技*|數位雲端|10 12 3|78 86 -0 -5|0.3 21
6768 志強-KY|運動休閒|-1 7 -9|67 85 -9 0|0.7 56
6770 力積電|半導體業|10 6 3|100 100 55 164|0.9 8164
6776 展碁國際|電子通路|1 5 -11|88 89 3 -10|5.3 6
6781 AES-KY|電子零組|41 52 -11|87 87 11 27|0.7 2008
6782 視陽|生技醫療|46 23 9|84 84 -12 9|0.5 16
6785 昱展新藥|生技醫療|na na na|100 100 10 107|0.8 46
6788 華景電|半導體業|29 11 -21|98 98 49 35|0.9 383
6789 采鈺|半導體業|-8 -15 -10|83 86 2 23|1.4 316
6796 晉弘|生技醫療|46 50 -0|91 91 31 21|1.8 12
6799 來頡|半導體業|7 4 0|64 86 -5 -10|0.5 13
6803 崑鼎|綠能環保|9 10 -5|100 100 6 3|2.5 11
6805 富世達|電子零組|47 50 -3|94 94 39 98|0.7 2769
6806 森崴能源|綠能環保|-79 134 42|32 44 -30 -50|0.6 38
6811 宏碁資訊|數位雲端|20 5 -8|73 80 -13 -13|1.4 12
6823 濾能|半導體業|60 73 8|86 86 26 91|0.8 27
6829 千附精密|半導體業|6 25 -6|68 77 -13 0|0.7 12
6830 汎銓|其他電子|23 15 6|99 99 9 49|1.5 69
6841 長佳智能|生技醫療|55 10 -7|76 84 -4 11|1.2 22
6854 錼創科技-KY創|半導體業|-43 -38 -38|49 72 -14 -25|1.0 29
6859 伯特光|光電業|-12 -13 -60|54 77 1 -18|0.3 7
6862 三集瑞-KY|電子零組|-15 -12 -21|79 79 6 29|0.5 26
6863 永道-KY|通信網路|-29 -28 -24|42 74 -17 -22|0.5 9
6869 雲豹能源|綠能環保|53 121 1|52 61 -22 -40|0.8 56
6870 騰雲|數位雲端|28 12 -8|87 87 9 16|1.5 34
6873 泓德能源|綠能環保|-37 3 -55|38 43 -17 -57|1.1 37
6875 國邑*|生技醫療|na na na|85 86 8 29|0.5 9
6877 鏵友益|其他電子|-2 7 -87|87 91 -8 18|1.4 10
6885 全福生技|生技醫療|238 1266 na|73 80 -5 -13|0.8 6
6890 來億-KY|運動休閒|-6 -0 -11|52 83 13 -19|0.3 245
6895 宏碩系統|半導體業|41 152 39|58 58 -27 -2|0.2 16
6901 鑽石投資|其他|121 98 61|48 77 -13 -18|1.2 9
6903 巨漢|其他電子|206 162 135|100 100 79 121|2.5 423
6913 鴻呈|電子零組|-1 9 -19|74 77 -10 0|0.3 15
6919 康霈*|生技醫療|33 na na|60 60 -14 4|0.4 816
6922 宸曜|電腦及週|-15 7 -20|73 76 -11 0|0.4 9
6923 中台|綠能環保|-9 -13 15|83 83 -5 21|0.5 33
6925 意藍|數位雲端|33 19 7|na 52 -28 -47|1.1 8
6931 青松健康|生技醫療|14 16 2|na 92 23 27|0.5 11
6933 AMAX-KY|電腦及週|12 17 -16|61 61 -19 24|0.2 17
6937 天虹|半導體業|37 62 20|68 86 -2 20|1.3 33
6944 兆聯實業|綠能環保|78 83 25|na 98 30 63|0.7 764
6949 沛爾生醫-創|生技醫療|8 23 -43|63 63 -24 96|1.5 51
6957 裕慶-KY|其他|-1 -8 -19|91 91 18 31|0.7 25
6962 奕力-KY|半導體業|-10 -10 4|61 76 -7 -22|0.5 66
6965 中傑-KY|運動休閒|-22 -24 -10|na 84 -6 -8|2.1 6
6967 汎瑋材料|電子零組|9 21 15|87 87 22 37|0.7 25
6994 富威電力|綠能環保|457 339 220|na 86 -1 -5|0.4 23
6996 力領科技|半導體業|-0 4 12|66 95 4 10|1.3 8
7402 邑錡|光電業|-2 25 17|82 82 -9 65|1.4 28
7610 聯友金屬-創|綠能環保|570 229 na|na na 48 na|3.0 77
7703 銳澤|其他電子|42 31 -12|79 79 2 50|0.7 34
7712 博盛半導體|半導體業|-14 -6 -2|na 55 -36 -24|0.6 24
7714 創泓科技|數位雲端|42 43 -17|na 100 33 83|3.6 36
7722 LINEPAY|數位雲端|28 26 -1|62 75 -6 -17|0.5 22
7728 光焱科技|其他電子|36 14 21|na 100 73 133|2.8 46
7734 印能科技|半導體業|6 23 -12|na 85 -5 6|1.3 18
7740 熙特爾-創|綠能環保|416 602 na|na 59 -32 -30|0.8 11
7749 意騰-KY|半導體業|60 74 na|na 64 -9 -21|0.6 78
7750 新代|電機機械|45 32 na|na na 6 na|0.7 99
7751 竑騰|半導體業|97 93 na|na na 48 na|2.3 112
7765 中華資安|數位雲端|34 14 na|na na -2 na|1.6 12
7780 大研生醫*|食品工業|17 25 na|na na 1 na|1.3 54
7799 禾榮科|生技醫療|na na na|na na -27 na|1.5 241
8011 台通|通信網路|25 16 26|89 89 2 11|0.4 19
8016 矽創|半導體業|18 10 4|78 78 -13 -14|1.0 83
8021 尖點|其他電子|39 36 13|100 100 58 256|1.0 5535
8027 鈦昇|電機機械|19 18 20|100 100 32 38|1.9 346
8028 昇陽半導體|半導體業|17 19 -12|99 99 3 40|1.7 882
8033 雷虎|其他|17 6 -17|77 77 -7 129|1.2 362
8034 榮群|通信網路|-44 -28 -141|89 89 7 46|0.5 49
8038 長園科|電子零組|32 86 -504|79 79 1 29|1.4 47
8039 台虹|電子零組|21 23 15|86 86 51 107|0.6 2069
8040 九暘|半導體業|-12 -5 -9|62 79 -11 -17|1.1 9
8042 金山電|電子零組|6 7 -2|95 95 44 96|0.4 321
8043 蜜望實|電子零組|21 29 14|98 98 113 240|0.8 1077
8044 網家|數位雲端|-1 -1 1|62 86 -2 -4|1.3 11
8045 達運光電|通信網路|-53 21 36|55 60 -9 24|1.0 6
8046 南電|電子零組|37 33 11|81 81 -7 71|0.3 2101
8047 星雲|其他電子|3 -3 -1|85 85 148 280|0.7 22
8048 德勝|通信網路|17 28 25|81 81 14 43|0.2 33
8050 廣積|電腦及週|-59 -19 -30|58 76 -15 -23|1.2 12
8054 安國|半導體業|37 57 33|90 90 29 17|0.5 754
8064 東捷|光電業|25 24 26|84 100 13 28|4.3 74
8068 全達|電子通路|36 26 14|96 97 35 54|7.6 8
8069 元太|光電業|-25 -19 -44|66 74 -14 -2|1.1 521
8070 長華*|電子通路|11 11 -0|93 93 5 11|0.7 144
8074 鉅橡|電子零組|-1 -1 -5|97 97 75 127|3.0 691
8076 伍豐|電腦及週|-4 17 23|71 91 -5 -6|1.0 9
8081 致新|半導體業|1 1 -5|88 88 -9 -5|0.5 46
8083 瑞穎|電機機械|12 14 15|97 100 4 4|0.9 5
8084 巨虹|電子通路|-30 -30 -34|97 100 44 87|1.7 17
8085 福華|其他電子|12 19 9|49 71 -19 -12|1.2 6
8086 宏捷科|半導體業|67 51 58|88 88 -5 38|0.6 178
8088 品安|半導體業|37 69 26|94 94 22 48|1.0 179
8089 康全電訊|通信網路|-81 -86 -75|40 68 -15 -27|0.4 6
8091 翔名|半導體業|6 12 6|91 95 5 11|0.8 12
8096 擎亞|電子通路|6 8 -16|68 90 15 27|0.6 241
8099 大世科|資訊服務|47 9 -15|87 87 -12 11|1.0 5
8103 瀚荃|電子零組|1 10 -0|93 93 41 73|0.5 205
8104 錸寶|光電業|21 8 -48|66 70 -12 -20|0.4 23
8105 凌巨|光電業|-6 -10 -12|73 78 -14 -11|1.3 9
8109 博大|電子零組|18 25 16|89 89 -2 22|0.6 8
8110 華東|半導體業|2 -3 5|100 100 193 387|0.1 598
8111 立碁|光電業|-14 1 -5|93 93 35 48|0.6 252
8112 至上|電子通路|81 24 25|94 94 69 78|0.8 1510
8114 振樺電|電腦及週|-49 -31 -100|48 62 -23 -35|0.8 45
8121 越峰|電子零組|22 11 14|86 86 12 56|0.9 11
8131 福懋科|半導體業|47 39 28|100 100 108 157|2.2 1099
8147 正淩|電子零組|14 20 -9|79 88 -8 0|0.3 6
8150 南茂|半導體業|17 16 13|100 100 60 78|1.5 1179
8155 博智|電子零組|37 35 -3|90 90 8 39|0.3 146
8163 達方|電腦及週|-4 10 -6|68 75 -17 -14|0.6 16
8183 精星|其他電子|-19 -13 -22|82 91 13 37|0.4 8
8210 勤誠|電腦及週|68 69 20|89 89 52 83|0.7 1800
8213 志超|電子零組|8 4 2|89 89 -5 12|0.7 7
8215 明基材|光電業|-18 -11 -11|62 75 -18 -13|0.8 8
8222 寶一|電機機械|-7 4 -10|61 69 -17 -15|1.4 14
8227 巨有科技|半導體業|243 191 97|72 72 -19 -17|0.3 34
8234 新漢|電腦及週|-33 -17 -29|63 63 -13 -3|0.5 57
8249 菱光|電子零組|-42 -32 -35|77 78 -22 4|0.5 24
8255 朋程|電機機械|-19 -0 -9|73 77 -10 4|0.4 21
8261 富鼎|半導體業|-13 -2 -11|87 87 -2 20|0.3 69
8271 宇瞻|半導體業|36 67 26|92 92 56 120|1.2 595
8299 群聯|半導體業|62 66 48|100 100 75 195|1.2 9124
8341 日友|綠能環保|0 9 -1|90 90 1 11|0.8 8
8358 金居|電子零組|28 26 11|100 100 24 327|0.7 708
8374 羅昇|電機機械|-8 3 -39|53 67 -18 -14|0.7 17
8383 千附|半導體業|-29 1 -18|70 91 -3 0|0.6 6
8390 金益鼎|綠能環保|14 -7 -6|95 95 35 56|1.6 187
8404 百和興業-KY|其他|-8 1 -13|76 82 -13 13|0.5 15
8415 大國鋼|鋼鐵工業|-1 3 1|89 93 -0 0|0.7 6
8422 可寧衛*|綠能環保|-36 -8 -9|100 100 64 81|6.0 769
8431 匯鑽科|其他電子|-20 -13 -31|100 100 82 100|3.2 326
8436 大江|生技醫療|-25 -12 -8|76 89 -3 -3|0.8 35
8454 富邦媒|數位雲端|-6 -5 -2|55 72 -15 -20|2.1 85
8462 柏文|運動休閒|18 20 2|87 87 -8 12|0.8 12
8464 億豐|居家生活|-5 -5 -9|73 73 -11 -10|0.5 276
8467 波力-KY|運動休閒|-39 -18 -29|53 91 -0 11|3.3 20
8473 山林水|綠能環保|-8 144 78|87 87 3 16|0.7 6
8478 東哥遊艇|運動休閒|1955 644 410|83 83 -7 -14|1.2 39
8499 鼎炫-KY|其他電子|142 123 85|83 83 32 66|1.6 149
8926 台汽電|油電燃氣|-23 -17 -11|81 81 -14 -2|0.4 32
8927 北基|油電燃氣|80 51 47|49 53 -25 -40|0.5 10
8932 智通*|數位雲端|28 34 -34|70 70 -19 32|0.6 117
8935 邦泰|其他|-25 -14 -10|62 62 -20 23|0.9 6
8936 國統|其他|38 50 24|79 79 12 5|0.5 69
8937 合騏*|其他|-19 -50 -11|80 86 -7 5|0.7 15
8938 明安|運動休閒|6 9 -2|90 99 17 11|0.8 10
8996 高力|電機機械|123 95 42|86 86 39 117|1.1 1322
9802 鈺齊-KY|運動休閒|7 5 -22|70 89 -2 -5|0.6 69
9904 寶成|運動休閒|-6 -8 -5|79 96 6 5|0.9 257
9907 統一實|其他|-15 -12 -20|89 89 1 -5|1.1 68
9910 豐泰|運動休閒|-12 -5 -0|83 83 -14 -6|2.2 85
9911 櫻花|居家生活|4 3 -3|94 94 -2 -2|0.7 11
9914 美利達|運動休閒|-16 -15 -12|44 68 -22 -21|0.9 92
9917 中保科|其他|6 5 -3|83 93 -2 -4|0.9 39
9921 巨大|運動休閒|-10 -10 2|54 76 -6 -17|0.8 74
9933 中鼎|其他|-29 -23 -2|74 87 -3 19|0.7 72
9938 百和|其他|-9 -5 -10|71 83 -12 -5|1.0 64
9939 宏全|其他|-12 -4 -8|75 79 -4 -21|0.6 96
9940 信義|其他|39 13 35|80 85 -6 -10|0.4 6
9941 裕融|其他|-1 -4 1|71 81 -14 -13|2.2 136
9942 茂順|其他|-2 -1 -3|93 93 -3 -3|0.8 5
9945 潤泰新|其他|47 28 10|70 93 2 0|1.6 124
9949 琉園|文化創意|15 -13 3|99 99 22 55|1.6 5
9955 佳龍|綠能環保|43 37 13|89 96 4 10|1.2 22
9958 世紀鋼|鋼鐵工業|13 9 -6|61 72 -14 -27|0.8 78