# 2022-08-01 全池(896 檔)。欄位:代碼 名稱|產業|最新月YoY 3月YoY均 加速度|距52週高% 距120日高% 60日漲% 120日漲%|量能比 日均值M
1101 台泥|水泥工業|8 -9 -9|86 89 -1 -5|0.7 565
1102 亞泥|水泥工業|9 8 -2|90 92 -5 -0|1.8 413
1104 環泥|水泥工業|41 21 8|100 100 16 8|0.6 12
1201 味全|食品工業|2 -1 -4|87 91 -6 -3|0.7 10
1210 大成|食品工業|4 3 -13|87 87 -7 -6|0.7 23
1215 卜蜂|食品工業|15 12 -4|95 95 2 -4|1.4 23
1216 統一|食品工業|13 11 4|96 99 4 4|0.8 522
1217 愛之味|食品工業|-13 -5 -6|87 87 -1 5|0.8 15
1218 泰山|食品工業|10 11 -5|93 93 12 29|0.3 49
1219 福壽|食品工業|31 25 6|78 78 -13 11|0.5 26
1220 台榮|食品工業|8 6 -6|70 70 -19 6|0.4 9
1227 佳格|食品工業|-31 -19 -8|82 85 -8 -14|0.6 27
1229 聯華|食品工業|33 21 -0|84 84 7 -1|1.2 63
1231 聯華食|食品工業|11 14 6|96 96 2 25|0.5 23
1232 大統益|食品工業|50 24 6|95 97 4 3|0.5 6
1236 宏亞|食品工業|37 36 26|88 94 7 11|0.5 17
1258 其祥-KY|食品工業|36 17 13|85 85 -3 25|3.0 9
1301 台塑|塑膠工業|4 3 -23|85 91 -5 -6|0.6 999
1303 南亞|塑膠工業|-7 -9 -35|81 81 -13 -16|0.5 745
1304 台聚|塑膠工業|1 1 -20|61 79 -8 -13|1.2 101
1305 華夏|塑膠工業|-11 7 -18|61 77 -15 -18|1.9 40
1308 亞聚|塑膠工業|13 1 -44|59 73 -10 -20|1.4 51
1309 台達化|塑膠工業|-2 -9 -17|67 78 -11 -21|2.5 15
1310 台苯|塑膠工業|4 11 -28|63 79 -12 -19|0.4 9
1312 國喬|塑膠工業|-6 -7 -14|71 76 -14 -21|0.3 78
1313 聯成|塑膠工業|-0 -2 -28|58 73 -11 -25|0.5 17
1314 中石化|塑膠工業|-27 -11 -75|77 77 -7 -14|0.6 95
1316 上曜|建材營造|920 413 249|58 63 -19 -35|0.2 24
1319 東陽|汽車工業|21 22 12|97 97 58 57|0.5 552
1325 恆大|塑膠工業|-66 -63 13|40 56 -28 -43|0.6 8
1326 台化|塑膠工業|19 13 -15|88 90 -6 -7|0.5 402
1338 廣華-KY|汽車工業|20 3 -5|90 98 17 5|0.9 17
1339 昭輝|汽車工業|8 6 16|98 98 20 25|0.7 12
1342 八貫|其他|16 38 -7|92 92 -1 7|0.5 5
1402 遠東新|紡織纖維|20 18 2|97 97 5 8|1.0 293
1409 新纖|紡織纖維|9 10 -17|86 86 -7 -6|0.5 21
1410 南染|紡織纖維|-16 -13 -11|91 91 -6 -7|2.1 6
1434 福懋|紡織纖維|13 8 -5|85 94 1 -5|0.7 26
1440 南紡|紡織纖維|2 6 -1|70 74 -6 -24|0.4 25
1444 力麗|紡織纖維|18 46 4|82 91 0 -3|0.6 10
1451 年興|紡織纖維|15 34 17|100 100 11 18|0.8 7
1453 大將|建材營造|50 20848 -13318|61 61 3 150|1.7 36
1455 集盛|紡織纖維|-3 -7 -33|52 66 -18 -29|0.7 8
1467 南緯|紡織纖維|15 5 21|81 81 -11 -11|2.2 16
1471 首利|電子零組|10 -17 37|95 95 53 25|4.2 8
1473 台南|紡織纖維|113 98 59|99 99 18 22|4.1 6
1476 儒鴻|紡織纖維|26 15 1|64 69 -12 -28|0.9 393
1477 聚陽|紡織纖維|19 24 5|58 65 -12 -33|1.0 208
1503 士電|電機機械|20 8 2|99 99 19 26|2.7 21
1504 東元|電機機械|22 14 0|91 91 -1 2|0.6 78
1513 中興電|電機機械|12 11 -2|100 100 20 45|1.7 990
1514 亞力|電機機械|55 46 19|92 92 32 46|1.3 273
1515 力山|電機機械|-82 -81 -54|44 77 -7 -19|0.8 38
1516 川飛|其他|-100 -35 -95|78 78 1 -1|0.4 6
1517 利奇|電機機械|32 11 -10|73 86 5 -11|1.0 30
1519 華城|電機機械|-4 -15 -9|83 87 3 2|1.2 33
1522 堤維西|汽車工業|22 20 5|100 100 63 70|1.3 570
1524 耿鼎|汽車工業|40 54 36|100 100 86 160|1.1 598
1526 日馳|電機機械|25 26 -16|81 91 -3 -5|0.7 10
1527 鑽全|電機機械|-20 -5 -12|89 90 1 2|0.2 10
1529 樂事綠能|電機機械|-64 -19 -105|50 50 -13 -40|0.2 9
1532 勤美|電機機械|15 -4 -36|87 87 -2 -6|0.8 11
1533 車王電|汽車工業|56 13 3|84 87 1 4|0.3 80
1536 和大|汽車工業|32 16 3|81 98 10 -1|2.4 133
1537 廣隆|電機機械|1 4 25|95 100 3 4|1.5 11
1539 巨庭|電機機械|22 1 -24|90 90 35 66|2.0 114
1558 伸興|電機機械|8 -14 10|88 95 3 -3|2.0 5
1560 中砂|電機機械|34 25 7|90 90 23 54|0.9 2161
1565 精華|生技醫療|-6 -9 -15|66 89 -3 -9|0.8 18
1568 倉佑|汽車工業|4 11 11|100 100 60 49|2.5 124
1569 濱川|電腦及週|21 41 18|86 89 -4 12|0.4 6
1584 精剛|其他|103 89 3|85 85 -15 32|0.5 33
1589 永冠-KY|電機機械|12 5 11|79 79 -10 -13|0.3 14
1590 亞德客-KY|電機機械|-3 3 -9|72 77 1 -12|1.0 532
1598 岱宇|運動休閒|-49 -50 -7|48 83 -0 -8|0.3 11
1603 華電|電器電纜|92 70 39|86 86 -8 4|0.3 5
1604 聲寶|電器電纜|1 5 -10|90 90 -6 -6|0.5 6
1605 華新|電器電纜|10 29 -15|73 73 -16 33|0.5 1333
1608 華榮|電器電纜|-5 5 -24|62 69 -21 -17|0.3 8
1609 大亞|電器電纜|-18 -1 -24|77 77 -12 -0|0.5 105
1611 中電|電器電纜|-1 -7 3|91 95 6 7|0.3 71
1612 宏泰|電器電纜|-19 -12 -36|61 61 -32 -20|0.3 20
1701 中化|生技醫療|5 2 4|79 79 -5 0|0.5 12
1702 南僑|食品工業|13 5 0|91 94 -1 -5|0.5 7
1707 葡萄王|生技醫療|8 9 1|82 88 -4 -11|1.9 19
1708 東鹼|化學工業|83 72 -0|71 71 -19 55|0.5 306
1709 和益|化學工業|-3 7 -5|76 76 -7 7|0.7 31
1710 東聯|化學工業|-33 -25 -42|68 79 -6 -14|0.6 15
1711 永光|化學工業|-1 -1 -10|69 77 -11 -15|1.3 48
1712 興農|化學工業|26 29 11|90 90 8 27|0.6 50
1717 長興|化學工業|-0 -0 -13|83 83 -9 -10|0.8 82
1720 生達|生技醫療|73 32 17|100 100 4 10|1.0 25
1721 三晃|化學工業|-16 26 10|54 67 -15 -27|1.1 28
1722 台肥|化學工業|17 46 -14|78 78 -16 -4|0.6 126
1723 中碳|化學工業|62 66 3|94 94 3 4|0.3 67
1727 中華化|化學工業|16 21 -8|57 64 -19 -21|0.6 38
1732 毛寶|化學工業|8 -2 -0|60 60 -23 -22|0.5 19
1733 五鼎|生技醫療|21 26 15|99 99 10 7|1.4 11
1734 杏輝|生技醫療|19 18 10|66 88 -1 1|0.7 19
1736 喬山|運動休閒|-5 -0 -1|68 95 -1 4|0.5 7
1760 寶齡富錦|生技醫療|35 58 30|72 72 -7 43|0.7 1033
1762 中化生|生技醫療|4 48 8|73 90 8 -3|2.0 19
1773 勝一|化學工業|10 10 -28|81 81 -8 10|0.5 52
1783 和康生|生技醫療|30 28 -3|59 91 18 -2|0.5 49
1784 訊聯|生技醫療|-15 0 -2|83 95 3 9|0.7 5
1785 光洋科|其他電子|-6 -9 -13|69 73 -21 -21|0.6 47
1789 神隆|生技醫療|17 6 5|90 90 8 10|4.3 24
1795 美時|生技醫療|-10 -16 -11|88 88 17 60|0.7 1667
1802 台玻|玻璃陶瓷|-23 -21 -25|45 76 -12 -18|0.4 42
1808 潤隆|建材營造|-84 -87 -69|93 93 5 22|0.4 10
1815 富喬|電子零組|-19 -6 -34|63 79 -3 -19|0.4 7
1903 士紙|造紙工業|8 -30 -23|74 86 -0 -11|1.1 6
1904 正隆|造紙工業|-3 0 -7|69 79 -13 -17|0.4 32
1905 華紙|造紙工業|16 8 -0|64 73 -13 -25|0.3 15
1906 寶隆|造紙工業|1376 2164 1056|82 88 -7 -8|0.1 6
1907 永豐餘|造紙工業|-7 -11 -8|63 73 -17 -25|0.3 24
1909 榮成|造紙工業|-7 -4 -22|56 73 -15 -25|0.4 29
2002 中鋼|鋼鐵工業|15 16 -21|79 79 -11 -7|1.3 1222
2006 東和鋼鐵|鋼鐵工業|8 8 -15|70 70 -14 -20|0.4 135
2007 燁興|鋼鐵工業|6 28 3|35 58 -22 -34|1.3 11
2009 第一銅|鋼鐵工業|-21 -2 -31|51 57 -17 -30|1.0 47
2010 春源|鋼鐵工業|2 -3 -23|57 67 -21 -22|0.7 10
2013 中鋼構|鋼鐵工業|29 25 -4|77 97 6 -0|0.7 10
2014 中鴻|鋼鐵工業|-4 21 -17|60 62 -13 -25|1.4 261
2015 豐興|鋼鐵工業|-1 11 -22|72 72 -16 -16|0.7 14
2017 官田鋼|鋼鐵工業|-35 -14 -5|50 71 -11 -20|1.1 7
2023 燁輝|鋼鐵工業|-21 1 -37|47 66 -15 -24|1.5 55
2027 大成鋼|鋼鐵工業|15 27 -23|70 70 -14 -19|0.8 256
2028 威致|鋼鐵工業|-10 4 -34|49 58 -26 -30|0.7 14
2029 盛餘|鋼鐵工業|-12 2 -33|56 65 -19 -10|0.7 19
2030 彰源|鋼鐵工業|10 20 -24|58 64 -19 -12|1.1 45
2031 新光鋼|鋼鐵工業|2 7 -20|56 56 -30 -24|0.9 51
2032 新鋼|鋼鐵工業|-2 -10 -14|54 57 -25 -6|1.5 8
2034 允強|鋼鐵工業|-10 14 -29|76 86 3 6|2.8 38
2038 海光|鋼鐵工業|18 13 -21|46 63 -22 -28|1.4 14
2049 上銀|電機機械|13 17 -3|60 78 -4 -18|0.6 663
2059 川湖|電子零組|45 30 -9|87 95 12 0|1.9 69
2069 運錩|鋼鐵工業|28 20 -48|58 64 -15 -25|0.9 15
2101 南港|橡膠工業|23 17 32|83 87 1 -14|1.5 28
2102 泰豐|橡膠工業|21 15 58|62 65 -11 -30|0.3 9
2103 台橡|橡膠工業|8 5 -14|67 73 -8 -24|0.7 44
2104 國際中橡|橡膠工業|-2 -1 -18|73 74 -9 -17|0.6 19
2105 正新|橡膠工業|5 -6 3|87 100 11 3|0.6 154
2106 建大|橡膠工業|26 14 6|100 100 22 26|1.0 98
2108 南帝|橡膠工業|-55 -52 -36|36 55 -22 -45|1.0 42
2201 裕隆|汽車工業|22 3 9|90 90 15 9|0.5 441
2204 中華|汽車工業|7 -4 3|75 87 -5 -9|0.9 57
2206 三陽工業|汽車工業|50 23 19|100 100 44 46|0.7 180
2207 和泰車|汽車工業|-12 -15 -9|93 96 9 2|0.5 102
2208 台船|航運業|-11 -15 -4|72 82 -11 -13|0.4 14
2211 長榮鋼|鋼鐵工業|4 29 -12|99 99 7 17|0.9 24
2227 裕日車|汽車工業|18 -25 -4|84 87 -11 -12|0.2 6
2231 為升|汽車工業|31 -8 -8|75 79 3 -21|1.3 22
2233 宇隆|汽車工業|-1 -3 -12|92 95 11 11|0.3 95
2247 汎德永業|汽車工業|20 8 11|97 98 3 1|0.9 6
2301 光寶科|電腦及週|9 6 -0|95 95 0 4|0.9 304
2302 麗正|半導體業|26 13 14|84 87 7 7|0.4 15
2303 聯電|半導體業|43 41 9|61 77 -12 -21|1.2 4226
2305 全友|電腦及週|-7 -36 -21|100 100 190 179|0.2 63
2308 台達電|電子零組|23 14 5|86 98 13 -2|1.3 1548
2312 金寶|其他電子|40 34 20|74 74 -7 -17|0.4 55
2313 華通|電子零組|58 33 14|95 95 13 16|0.5 705
2314 台揚|通信網路|-11 3 3|49 66 -19 -26|1.2 266
2317 鴻海|其他電子|31 13 7|99 99 10 11|0.6 2900
2324 仁寶|電腦及週|34 2 -8|92 92 2 -0|0.6 221
2327 國巨*|電子零組|12 13 -9|60 72 -13 -22|0.6 946
2328 廣宇|電子零組|14 19 -7|80 87 2 -5|0.3 62
2329 華泰|半導體業|3 3 -8|53 71 -15 -26|0.8 29
2330 台積電|半導體業|18 46 16|75 78 -4 -20|0.8 15809
2331 精英|電腦及週|52 44 14|86 97 16 10|1.4 47
2332 友訊|通信網路|18 25 18|80 100 11 6|2.7 26
2337 旺宏|半導體業|8 -0 -26|78 78 -8 -14|1.5 324
2338 光罩|半導體業|28 34 -1|66 71 -4 -26|0.4 253
2340 台亞|半導體業|-20 2 4|55 72 3 -27|0.3 243
2342 茂矽|半導體業|15 21 2|67 80 1 -15|0.2 31
2344 華邦電|半導體業|2 6 -29|66 66 -15 -22|0.6 396
2345 智邦|通信網路|53 33 17|76 92 12 -2|0.8 893
2347 聯強|電子通路|25 7 -8|75 75 -24 -14|0.6 229
2348 海悅|其他|1 13 -13|80 86 -2 -14|1.7 8
2351 順德|半導體業|6 12 -11|67 74 -10 -21|0.7 408
2352 佳世達|電腦及週|16 12 -1|91 91 -3 2|1.5 211
2353 宏碁|電腦及週|3 -10 -12|80 81 -12 -14|0.6 412
2354 鴻準|其他電子|-24 -15 -10|72 79 -15 -15|0.3 116
2355 敬鵬|電子零組|2 2 -9|71 77 -4 -18|0.4 23
2356 英業達|電腦及週|26 18 5|93 95 -2 -1|0.6 147
2357 華碩|電腦及週|16 -2 -14|86 86 -9 -11|1.7 952
2358 廷鑫|其他|-35 9 -23|63 68 -7 -26|0.7 13
2359 所羅門|其他電子|87 65 34|99 99 23 42|0.8 292
2360 致茂|其他電子|19 11 4|79 84 12 -16|2.0 106
2362 藍天|電腦及週|-11 -27 -41|94 94 0 8|0.4 5
2363 矽統|半導體業|-12 2 -32|66 82 -13 -13|0.8 42
2364 倫飛|電腦及週|56 7 9|100 100 258 282|3.4 247
2367 燿華|電子零組|67 52 44|78 90 5 -5|0.5 36
2368 金像電|電子零組|43 33 8|89 89 2 5|0.4 983
2369 菱生|半導體業|-28 -17 -34|55 67 -21 -29|0.8 19
2371 大同|電機機械|2 -6 -12|88 93 0 15|0.5 298
2374 佳能|光電業|161 113 56|78 88 13 -8|1.6 69
2375 凱美|電子零組|-22 -26 -48|49 61 -13 -38|0.8 40
2376 技嘉|電腦及週|-10 -27 -41|58 61 -16 -36|1.2 654
2377 微星|電腦及週|6 4 -15|69 73 -7 -24|0.7 413
2379 瑞昱|半導體業|2 19 -6|58 68 -15 -31|1.3 1454
2382 廣達|電腦及週|37 3 1|89 89 -1 -9|1.3 644
2383 台光電|電子零組|1 4 -23|58 58 -22 -38|1.1 578
2385 群光|電子零組|21 13 1|92 92 3 -3|0.6 82
2387 精元|電腦及週|10 -18 -17|65 86 6 -12|1.2 27
2388 威盛|半導體業|20 43 17|77 100 48 13|2.4 1093
2390 云辰|其他電子|-2 -10 -12|57 67 -27 -23|0.4 14
2392 正崴|電子零組|41 26 26|80 87 1 -11|0.6 15
2393 億光|光電業|-26 -24 -21|64 74 -5 -23|1.1 44
2395 研華|電腦及週|27 18 -3|89 91 4 -6|0.9 317
2399 映泰|電腦及週|-17 -22 -33|56 64 -15 -23|4.3 14
2401 凌陽|半導體業|-20 -5 -14|68 83 -11 -13|0.5 107
2404 漢唐|其他電子|47 74 63|81 83 -8 -6|0.5 79
2405 輔信|電腦及週|12 14 -3|67 89 13 -5|1.0 39
2406 國碩|光電業|9 -6 12|63 82 5 -14|0.5 66
2408 南亞科|半導體業|-31 -20 -44|67 67 -16 -27|0.6 553
2409 友達|光電業|-39 -34 -38|62 65 -19 -30|1.2 772
2412 中華電|通信網路|3 6 4|95 95 -0 7|0.6 1347
2417 圓剛|電腦及週|6 -9 27|49 66 -20 -27|0.4 8
2419 仲琦|通信網路|96 33 42|100 100 54 43|5.4 323
2421 建準|電子零組|35 5 0|87 87 15 -7|2.4 53
2425 承啟|電腦及週|19 6 -10|86 86 -10 -5|0.8 16
2426 鼎元|光電業|-21 -20 -23|60 65 -15 -29|0.6 9
2427 三商電|資訊服務|77 37 11|94 96 4 0|0.7 7
2428 興勤|電子零組|-1 -3 -10|59 90 8 -5|0.4 63
2430 燦坤|電子通路|-11 1 -8|68 76 -15 -1|0.7 6
2436 偉詮電|半導體業|-38 -26 -43|48 56 -20 -40|1.0 98
2439 美律|通信網路|17 -1 9|78 90 0 -7|3.8 25
2441 超豐|半導體業|-8 -3 -22|68 84 -10 -12|1.3 50
2449 京元電子|半導體業|63 34 6|88 91 1 -4|0.6 335
2451 創見|半導體業|-14 -21 -27|93 93 -3 -1|0.6 18
2454 聯發科|半導體業|7 26 -6|64 66 -9 -31|0.8 4683
2455 全新|通信網路|-20 -18 -28|49 56 -18 -41|1.4 107
2457 飛宏|電子零組|45 20 -6|74 79 -4 -13|0.6 123
2458 義隆|半導體業|-13 -18 -12|65 69 -16 -27|0.9 157
2462 良得電|電子零組|14 2 -2|72 72 2 -8|0.3 6
2464 盟立|其他電子|18 15 3|90 93 1 -5|0.6 7
2465 麗臺|電腦及週|-43 -59 -77|39 47 -33 -47|2.2 29
2467 志聖|電子零組|-4 -12 -16|82 97 12 1|0.9 6
2472 立隆電|電子零組|15 17 -7|77 82 -2 -12|1.0 14
2474 可成|其他電子|-34 -48 3|97 98 13 10|0.6 342
2476 鉅祥|電子零組|8 -1 -22|66 83 10 -14|1.3 58
2478 大毅|電子零組|-25 -20 -17|65 75 -14 -23|0.4 9
2480 敦陽科|資訊服務|10 8 -8|95 95 3 12|1.4 27
2481 強茂|半導體業|-3 -3 -19|55 63 -16 -28|0.6 324
2482 連宇|其他電子|20 94 67|99 99 163 96|1.4 634
2483 百容|電子零組|11 21 -4|84 91 9 8|0.2 10
2484 希華|電子零組|5 12 -3|84 93 -0 12|0.3 84
2485 兆赫|通信網路|-6 -9 5|77 90 3 -8|1.0 10
2486 一詮|光電業|-9 -6 -22|41 54 -29 -41|0.6 31
2489 瑞軒|光電業|-7 -7 -21|62 72 -6 -26|0.4 14
2492 華新科|電子零組|-19 -16 -9|49 62 -12 -35|0.5 176
2493 揚博|電子零組|71 40 19|99 99 12 19|0.9 14
2497 怡利電|汽車工業|78 37 -12|64 64 -3 -11|0.5 321
2498 宏達電|通信網路|-25 -24 -14|72 96 32 -2|1.6 6827
2501 國建|建材營造|134 102 101|86 89 -6 -10|0.4 7
2504 國產|建材營造|9 -4 -6|82 82 -11 1|0.6 45
2511 太子|建材營造|55 37 21|83 85 -2 -8|0.9 6
2520 冠德|建材營造|-80 4 15|71 78 -12 -17|2.4 33
2534 宏盛|建材營造|-12 30 -17|95 95 -2 3|1.2 28
2535 達欣工|建材營造|36 16 3|89 89 -5 -4|0.7 8
2538 基泰|建材營造|230 149 103|91 100 12 12|0.9 9
2540 愛山林|建材營造|-21 -7 -6|89 89 0 60|0.3 16
2542 興富發|建材營造|-93 -87 -92|91 91 -2 -2|0.5 161
2545 皇翔|建材營造|30 6 -35|79 79 -11 21|0.3 14
2548 華固|建材營造|1303 850 -1137|99 99 6 6|0.4 33
2597 潤弘|建材營造|42 13 -8|64 64 -23 -25|0.7 14
2603 長榮|航運業|60 77 -41|70 70 -25 -7|0.6 8666
2605 新興|航運業|-15 -3 -23|58 76 -17 -3|0.7 75
2606 裕民|航運業|18 12 -29|62 66 -31 -20|0.4 198
2607 榮運|航運業|180 172 64|75 75 -18 7|0.6 84
2608 嘉里大榮|航運業|-3 0 -3|75 88 -1 -6|0.6 17
2609 陽明|航運業|41 50 -47|74 85 -13 5|0.6 4646
2610 華航|航運業|34 27 -10|73 73 -18 -9|0.4 1176
2611 志信|航運業|19 15 -19|63 80 -11 16|0.5 17
2612 中航|航運業|45 52 21|49 76 -18 -13|0.4 19
2613 中櫃|航運業|14 8 -0|66 66 -28 19|0.3 13
2614 東森|其他|10 8 -5|37 76 -7 -21|0.9 63
2615 萬海|航運業|41 57 -88|57 69 -11 -17|0.8 2094
2617 台航|航運業|31 24 -7|57 79 -18 -9|0.4 41
2618 長榮航|航運業|44 38 -10|88 88 -9 25|0.5 3015
2633 台灣高鐵|航運業|430 132 119|97 98 8 5|0.6 111
2634 漢翔|航運業|36 23 2|99 99 16 28|0.9 462
2636 台驊控股|航運業|-25 5 -94|45 63 -22 -20|0.4 160
2637 慧洋-KY|航運業|71 75 3|67 67 -33 -7|0.3 455
2641 正德|航運業|47 39 -47|65 76 -19 -9|0.3 53
2642 宅配通|航運業|-7 1 -6|55 61 -29 -33|0.3 14
2702 華園|觀光餐旅|94 88 34|90 90 6 15|0.5 7
2704 國賓|觀光餐旅|138 26 44|95 95 4 5|0.7 15
2705 六福|觀光餐旅|395 113 94|83 83 -2 -3|0.5 6
2707 晶華|觀光餐旅|58 11 22|96 96 8 23|0.6 51
2723 美食-KY|觀光餐旅|-3 -10 -6|69 89 15 0|0.6 106
2727 王品|觀光餐旅|42 1 1|75 90 12 -6|0.5 20
2731 雄獅|觀光餐旅|769 247 211|86 86 -7 3|0.3 46
2734 易飛網|觀光餐旅|194 118 128|88 88 19 56|0.4 11
2736 富野|觀光餐旅|572 171 149|92 92 63 83|0.9 146
2743 山富|觀光餐旅|60 12 42|84 84 -0 161|0.8 129
2745 五福|觀光餐旅|410 112 127|69 69 10 74|0.7 10
2748 雲品|觀光餐旅|309 114 102|93 93 16 21|0.9 14
2753 八方雲集|觀光餐旅|25 17 na|na 89 10 19|0.5 30
2801 彰銀|金融保險|18 23 7|90 90 -2 -1|0.6 99
2809 京城銀|金融保險|-90 -59 -20|82 88 -5 -11|0.5 70
2812 台中銀|金融保險|9 11 -1|90 90 1 5|0.5 61
2820 華票|金融保險|-23 -52 -35|94 94 -4 -3|0.8 14
2834 臺企銀|金融保險|25 14 2|88 88 3 19|1.3 267
2836 高雄銀|金融保險|23 8 5|90 90 4 1|1.0 10
2838 聯邦銀|金融保險|-40 -9 -10|83 83 -7 0|0.4 32
2845 遠東銀|金融保險|-3 7 11|88 88 -3 2|0.8 43
2850 新產|金融保險|3 0 -5|97 97 4 15|0.4 14
2851 中再保|金融保險|-6 17 7|72 72 -23 -21|0.8 13
2855 統一證|金融保險|-67 -24 -11|70 77 -13 -21|0.5 13
2880 華南金|金融保險|-9 4 -3|92 92 2 4|1.0 208
2881 富邦金|金融保險|-20 -27 -17|74 77 -16 -22|1.0 1346
2882 國泰金|金融保險|-20 -33 -12|72 74 -20 -26|0.6 945
2883 凱基金|金融保險|-28 -29 -7|71 71 -20 -27|0.5 555
2884 玉山金|金融保險|-33 -15 -16|84 84 -7 -1|1.0 836
2885 元大金|金融保險|-20 -27 -4|80 80 -15 -15|0.4 395
2886 兆豐金|金融保險|-29 -3 -3|79 79 -10 -6|0.7 457
2887 台新新光金|金融保險|-38 3 -38|75 75 -14 -21|0.8 282
2889 國票金|金融保險|-69 -25 -8|86 86 -6 -8|0.7 35
2890 永豐金|金融保險|1 5 -4|88 88 -5 -1|0.8 297
2891 中信金|金融保險|15 14 -11|79 79 -13 -15|0.6 966
2892 第一金|金融保險|8 10 9|91 91 1 5|0.9 377
2903 遠百|貿易百貨|42 6 10|87 93 -3 -5|0.5 8
2906 高林|貿易百貨|11 40 12|70 70 13 32|0.9 62
2912 統一超|貿易百貨|18 12 8|95 95 3 8|1.1 464
2913 農林|貿易百貨|89 20 5|88 88 1 -12|1.9 8
2915 潤泰全|貿易百貨|36 16 3|53 53 -35 -34|2.0 226
2929 淘帝-KY|貿易百貨|5 -10 -8|74 76 30 5|0.4 6
2939 永邑-KY|貿易百貨|137 61 63|72 89 25 26|0.4 6
3003 健和興|電子零組|12 8 -17|82 94 18 -0|1.7 148
3005 神基|電腦及週|44 2 -1|83 83 -2 -10|1.4 41
3006 晶豪科|半導體業|-21 -20 -42|45 51 -27 -37|0.6 527
3008 大立光|光電業|1 -4 9|73 98 30 4|1.2 1835
3010 華立|電子通路|12 9 -7|84 84 -8 -8|0.5 24
3011 今皓|電子零組|-4 -7 -31|93 93 21 114|1.4 41
3014 聯陽|半導體業|-38 -25 -38|57 65 -22 -26|0.5 51
3016 嘉晶|半導體業|20 24 -8|55 67 -10 -25|0.6 153
3017 奇鋐|電腦及週|27 9 -7|94 94 9 21|1.2 983
3019 亞光|光電業|-11 -7 -15|66 75 -6 -22|0.6 77
3022 威強電|電腦及週|12 1 -0|100 100 32 29|2.7 78
3023 信邦|電子零組|17 16 3|92 95 9 4|1.6 95
3026 禾伸堂|電子零組|-9 -13 -8|75 83 -13 -13|0.5 31
3028 增你強|電子通路|3 3 -2|84 84 -9 3|0.7 11
3029 零壹|資訊服務|19 11 -21|85 85 -7 -4|1.5 11
3030 德律|其他電子|21 20 -7|90 90 2 6|1.4 36
3033 威健|電子通路|9 -6 -15|87 87 -5 -3|0.9 63
3034 聯詠|半導體業|-30 -7 -50|57 66 -19 -31|0.7 1740
3035 智原|半導體業|96 99 14|49 49 -42 -25|1.4 5874
3036 文曄|電子通路|31 28 1|78 78 11 -12|0.3 122
3037 欣興|電子零組|51 48 11|62 62 -24 -21|1.8 6279
3038 全台|光電業|16 15 -0|100 100 31 26|2.8 23
3041 揚智|半導體業|24 7 -24|57 62 -12 -32|0.7 33
3042 晶技|電子零組|-10 -18 -23|77 93 3 1|1.0 190
3044 健鼎|電子零組|9 10 1|81 81 -12 -15|0.5 146
3045 台灣大|通信網路|5 8 -6|96 96 -0 5|0.7 532
3046 建碁|電腦及週|118 50 0|56 75 -2 -13|0.7 8
3047 訊舟|通信網路|9 15 18|91 92 24 -7|1.3 67
3048 益登|電子通路|22 18 11|87 87 -5 1|0.5 18
3050 鈺德|光電業|17 7 -0|87 87 -9 -7|0.9 11
3051 力特|光電業|-16 -10 -16|45 59 -13 -37|0.6 26
3056 富華新|建材營造|27253 9043 6777|75 80 -8 -20|1.1 17
3059 華晶科|光電業|70 36 -13|72 72 -1 -19|0.5 182
3062 建漢|通信網路|93 23 37|86 98 35 13|1.7 676
3071 協禧|電腦及週|15 2 -12|88 93 7 -3|0.7 7
3078 僑威|電子零組|-38 -38 -18|65 83 -8 -14|0.6 5
3081 聯亞|通信網路|46 14 39|59 72 0 -27|5.2 174
3083 網龍|文化創意|71 50 45|66 81 -7 -15|0.3 6
3088 艾訊|電腦及週|47 45 6|84 84 1 -2|1.4 110
3090 日電貿|電子零組|-8 3 -7|91 94 -4 -2|0.9 10
3092 鴻碩|電子零組|42 52 12|55 59 -31 -19|0.4 13
3093 港建*|其他電子|99 74 -4|82 82 60 64|0.6 148
3094 聯傑|半導體業|45 13 -3|60 73 -5 -20|0.7 17
3105 穩懋|半導體業|-23 -15 -11|43 48 -16 -50|2.1 683
3122 笙泉|半導體業|-48 -28 -61|54 54 -32 -23|0.4 15
3131 弘塑|半導體業|23 11 -25|56 71 -16 -27|1.5 29
3138 耀登|通信網路|31 4 -16|50 64 -18 -32|0.5 48
3141 晶宏|半導體業|32 34 -40|45 63 -10 -30|0.8 661
3149 正達|光電業|-8 3 8|37 61 -30 -37|0.4 7
3152 璟德|通信網路|-60 -55 -34|39 59 -21 -42|0.9 15
3162 精確|電機機械|51 42 8|78 97 25 0|2.1 25
3163 波若威|通信網路|76 68 54|93 93 19 37|2.0 171
3167 大量|電機機械|-48 -47 -53|51 72 -1 -28|1.3 8
3169 亞信|半導體業|5 24 -42|45 56 -16 -37|0.4 189
3176 基亞|生技醫療|49 14 -517|60 72 -21 -23|0.4 8
3178 公準|半導體業|3 3 -14|74 85 10 -9|0.4 8
3189 景碩|半導體業|25 32 -5|55 61 -19 -32|1.6 2038
3205 佰研|生技醫療|-16 -12 -10|94 94 132 114|3.9 116
3207 耀勝|電子零組|25 33 -9|100 100 36 75|0.7 50
3209 全科|電子通路|40 31 16|96 96 4 40|0.4 31
3211 順達|電腦及週|0 -14 -6|71 71 -7 -16|0.7 14
3217 優群|電子零組|-6 -7 -17|55 62 -17 -39|0.4 23
3218 大學光|生技醫療|53 30 3|88 100 36 26|0.9 187
3221 台嘉碩|通信網路|110 82 35|92 96 10 20|1.0 112
3227 原相|半導體業|-40 -38 -13|48 71 -12 -27|0.9 54
3228 金麗科|半導體業|-2 -44 -34|64 73 -7 -29|1.5 438
3231 緯創|電腦及週|41 21 5|90 90 -1 -9|0.6 183
3234 光環|通信網路|-25 -17 -1|76 93 21 -2|1.3 53
3252 海灣|觀光餐旅|72 58 0|88 88 39 40|1.3 15
3260 威剛|半導體業|-11 -18 -23|54 64 -13 -26|0.6 78
3264 欣銓|半導體業|28 25 3|63 80 -4 -16|1.1 166
3265 台星科|半導體業|65 59 25|89 89 2 66|0.3 70
3289 宜特|其他電子|33 19 4|93 100 9 9|1.2 11
3293 鈊象|文化創意|-7 1 -13|89 94 1 3|3.7 489
3294 英濟|電子零組|21 -31 -14|53 74 -5 -18|0.7 6
3296 勝德|電子零組|-24 -15 -12|64 87 4 -10|0.8 8
3305 昇貿|其他電子|13 31 -16|64 69 -19 -23|0.5 49
3306 鼎天|通信網路|-9 -13 -44|61 78 6 -17|0.5 6
3312 弘憶股|電子通路|-14 2 -22|73 73 -14 -12|0.5 13
3317 尼克森|半導體業|8 6 -0|69 83 4 -8|0.6 52
3322 建舜電|電子零組|-37 -43 -42|61 69 -9 -18|0.4 10
3323 加百裕|電腦及週|-12 -40 -25|67 82 -8 -16|0.4 5
3324 雙鴻|其他電子|26 11 -0|71 71 11 -22|0.6 598
3338 泰碩|電子零組|6 -3 -5|70 71 -1 -26|0.7 10
3346 麗清|汽車工業|29 -4 -11|59 74 4 -22|1.3 7
3354 律勝|電子零組|2 2 18|80 91 2 -1|1.8 5
3356 奇偶|光電業|29 7 -2|71 82 -12 3|0.1 10
3357 臺慶科|電子零組|-20 -12 -27|53 76 -12 -21|0.6 7
3362 先進光|光電業|9 20 10|93 99 28 13|0.9 212
3374 精材|半導體業|23 42 41|75 87 -4 2|0.6 409
3376 新日興|電子零組|28 7 21|73 89 2 -8|0.6 20
3380 明泰|通信網路|41 9 24|92 95 11 -1|3.4 141
3390 旭軟|電子零組|31 39 0|83 100 39 12|1.1 31
3402 漢科|其他電子|63 44 8|96 96 8 8|1.3 16
3406 玉晶光|光電業|1 16 -4|68 81 10 -16|1.6 1471
3413 京鼎|半導體業|34 7 -15|77 86 -6 -11|0.8 68
3419 譁裕|通信網路|9 5 -1|54 74 -1 -24|0.9 7
3438 類比科|半導體業|-42 -27 -23|49 69 -18 -26|0.8 9
3441 聯一光電|光電業|9 18 -30|93 99 35 17|1.3 69
3443 創意|半導體業|56 64 27|81 90 10 22|1.3 2878
3444 利機|電子通路|-24 -9 -15|76 92 4 10|0.3 23
3450 聯鈞|半導體業|5 -2 -6|73 81 -0 -16|0.7 9
3454 晶睿|光電業|44 39 16|98 98 -1 9|0.9 7
3455 由田|光電業|45 31 17|71 71 -1 -16|0.4 29
3466 德晉|通信網路|-54 -28 -32|88 88 43 57|0.5 10
3479 安勤|電腦及週|77 63 20|99 99 10 22|0.9 49
3481 群創|光電業|-39 -38 -31|55 65 -18 -33|0.7 743
3483 力致|電腦及週|15 9 -18|58 68 -16 -28|0.4 13
3484 崧騰|電子零組|-11 -9 -22|62 68 -9 -29|1.6 7
3491 昇達科|通信網路|54 17 -6|75 85 14 -0|1.5 625
3494 誠研|電腦及週|59 48 25|100 100 110 140|3.7 31
3504 揚明光|光電業|47 16 -1|64 96 44 -1|1.6 1134
3508 位速|其他電子|59 18 -25|64 87 31 -7|2.0 358
3511 矽瑪|電子零組|25 27 -161|68 82 -11 -7|2.3 11
3515 華擎|電腦及週|-34 -33 -29|39 45 -29 -53|0.9 82
3520 華盈|電子零組|34 52 17|90 90 28 19|0.6 36
3521 台鋼建設|建材營造|175 39 21|96 96 16 13|1.4 21
3526 凡甲|電子零組|-9 -27 -36|77 77 -2 -22|1.0 36
3527 聚積|半導體業|-27 -2 -54|46 66 -18 -25|0.7 32
3529 力旺|半導體業|55 49 10|45 58 -7 -32|1.1 1590
3530 晶相光|半導體業|-67 -46 -28|44 77 -21 -15|1.2 27
3532 台勝科|半導體業|41 42 21|46 46 -20 -32|0.4 832
3533 嘉澤|電子零組|38 38 9|81 81 -9 -7|0.6 689
3535 晶彩科|光電業|87 91 56|76 76 51 48|0.8 183
3545 敦泰|半導體業|-44 -42 -53|29 53 -29 -43|1.8 453
3546 宇峻|文化創意|-31 9 -5|74 85 -6 -12|0.4 6
3548 兆利|電子零組|-4 -20 -41|80 80 -1 -9|0.5 10
3551 世禾|綠能環保|16 15 10|78 81 -5 -15|0.8 8
3552 同致|其他電子|29 9 8|61 79 -6 1|0.3 297
3556 禾瑞亞|半導體業|-33 -10 -37|64 78 -10 -7|1.1 11
3557 嘉威|居家生活|18 11 -17|85 91 -4 -5|1.7 5
3558 神準|通信網路|76 57 22|100 100 20 96|1.0 1724
3563 牧德|光電業|-26 -23 -31|52 61 -17 -38|0.6 12
3564 其陽|通信網路|83 86 37|97 100 21 18|0.9 7
3576 聯合再生|光電業|-6 7 -25|82 89 4 7|0.9 149
3580 友威科|其他電子|74 43 13|93 93 0 9|0.8 17
3583 辛耘|半導體業|65 41 5|66 77 -6 -18|0.3 35
3587 閎康|其他電子|13 10 -4|75 81 -5 -13|0.6 20
3588 通嘉|半導體業|-25 -6 -37|45 51 -28 -43|0.5 46
3591 艾笛森|光電業|-11 -19 -15|63 83 10 -12|5.1 11
3592 瑞鼎|半導體業|-10 13 na|na 47 -33 -51|0.9 179
3594 磐儀|電腦及週|13 6 0|96 96 20 33|1.7 118
3596 智易|通信網路|25 15 8|98 99 20 5|0.8 361
3605 宏致|電子零組|1 -2 -19|62 71 -6 -17|0.4 14
3622 洋華|光電業|103 65 21|90 90 -2 17|0.6 8
3624 光頡|電子零組|11 12 -25|59 59 -27 -25|0.4 177
3630 新鉅科|光電業|-49 -35 -2|65 80 2 -16|0.8 15
3631 晟楠|電子零組|-12 -13 -5|86 97 18 -2|1.5 5
3645 達邁|電子零組|-10 5 -0|68 68 -29 -1|0.7 84
3653 健策|電子零組|45 31 -6|86 91 0 -4|1.3 892
3661 世芯-KY|半導體業|32 11 -7|52 54 -24 -31|1.2 4568
3663 鑫科|其他電子|-27 9 4|56 80 6 -6|0.3 8
3665 貿聯-KY|其他電子|111 99 39|93 93 -4 5|1.2 848
3666 光耀|光電業|-42 -39 -9|61 78 20 -20|0.7 11
3669 圓展|通信網路|-2 -11 21|64 75 -11 -21|0.3 6
3673 TPK-KY|光電業|13 -7 5|82 89 9 -9|0.8 22
3675 德微|半導體業|12 12 -22|61 61 -29 -5|0.9 196
3680 家登|半導體業|88 81 19|74 91 13 -4|4.2 276
3687 歐買尬|數位雲端|10 10 -11|44 50 -32 -33|0.3 41
3689 湧德|電子零組|2 8 -11|77 77 -7 -9|0.4 24
3691 碩禾|光電業|5 -11 11|63 77 2 -19|1.0 48
3693 營邦|電腦及週|80 52 24|94 100 21 14|1.9 11
3701 大眾控|電腦及週|37 38 4|49 61 -8 -25|0.5 53
3702 大聯大|電子通路|1 -1 -16|92 92 -1 -2|0.5 225
3703 欣陸|建材營造|69 49 11|100 100 -0 29|0.4 30
3704 合勤控|通信網路|25 0 -0|83 90 2 -1|2.6 93
3706 神達|電腦及週|-12 -2 5|85 87 1 -9|0.4 40
3707 漢磊|半導體業|27 29 -3|61 74 -13 -5|1.0 1542
3708 上緯投控|綠能環保|14 -3 7|76 76 -12 17|0.3 359
3710 連展投控|電子零組|-2 -5 3|75 75 7 10|1.1 15
3711 日月光投控|半導體業|34 26 5|73 89 -3 -7|0.8 897
3712 永崴投控|電腦及週|51 89 20|77 84 -9 -9|0.4 8
3714 富采|光電業|-31 -16 na|50 50 -16 -45|1.5 163
4104 佳醫|生技醫療|5 6 3|97 97 0 18|0.6 10
4105 東洋|生技醫療|20 12 -0|95 95 4 9|0.6 69
4106 雃博|生技醫療|38 18 6|62 62 -18 -6|0.5 9
4107 邦特|生技醫療|8 11 13|92 92 -3 -6|0.7 7
4114 健喬|生技醫療|29 36 16|98 98 33 50|1.3 303
4116 明基醫|生技醫療|129 139 80|90 90 35 151|0.5 414
4119 旭富|生技醫療|-2 3 44|88 88 -1 -2|1.1 8
4121 優盛|生技醫療|15 28 23|68 68 -14 8|0.4 13
4123 晟德|生技醫療|67 56 58|88 89 -4 -2|1.0 44
4128 中天|生技醫療|-25 6 -3|88 94 8 0|1.6 185
4130 健亞|生技醫療|18 9 -1|84 84 3 1|2.9 11
4133 亞諾法|生技醫療|-34 -14 -0|46 46 -42 -16|0.4 51
4137 麗豐-KY|生技醫療|2 -39 -37|76 88 4 -10|0.9 12
4139 馬光-KY|生技醫療|12 10 8|94 100 7 15|1.6 8
4142 國光生|生技醫療|613 435 -164|72 88 1 -2|0.8 138
4147 中裕|生技醫療|-41 -36 -570|69 77 -11 -20|0.6 22
4148 全宇生技-KY|生技醫療|70 63 23|67 67 -21 60|2.1 67
4157 太景*-KY|生技醫療|-100 -32 13|91 91 14 31|4.0 83
4162 智擎|生技醫療|4 9 -39|100 100 22 64|1.5 914
4164 承業醫|生技醫療|35 57 38|77 77 -9 4|0.4 9
4168 醣聯|生技醫療|5773 na na|92 92 6 2|0.7 23
4171 瑞基|農業科技|-71 22 5|45 45 -44 -19|0.1 78
4174 浩鼎|生技醫療|-38 -69 na|61 61 -32 -37|0.4 63
4303 信立|塑膠工業|-10 -7 -11|60 69 -16 -18|0.1 6
4306 炎洲|塑膠工業|-18 -11 -15|86 92 -1 -1|0.4 8
4402 郡都開發|紡織纖維|62 19 -43|97 97 98 135|1.5 20
4426 利勤|紡織纖維|115 108 108|92 92 27 37|3.4 71
4432 銘旺實|紡織纖維|177 62 35|100 100 106 106|4.5 77
4503 金雨|電機機械|28 47 36|87 87 70 25|0.3 83
4513 福裕|電機機械|20 6 -20|99 99 29 59|1.2 28
4532 瑞智|電機機械|-11 -13 -12|91 94 3 -3|0.8 7
4536 拓凱|運動休閒|89 48 24|100 100 24 11|1.4 16
4541 晟田|其他|16 28 -19|99 99 28 35|0.9 36
4543 萬在|電機機械|8 3 -8|100 100 67 60|1.5 69
4551 智伸科|汽車工業|10 2 -1|92 98 36 11|1.0 228
4566 時碩工業|電機機械|25 8 -6|99 99 23 21|1.6 5
4572 駐龍|電機機械|56 66 -1|92 92 29 39|1.1 131
4721 美琪瑪|化學工業|120 94 -47|72 82 -3 -5|0.4 165
4726 永昕|生技醫療|-2 36 11|81 81 4 -1|3.5 23
4736 泰博|生技醫療|31 159 100|64 64 -22 1|0.4 171
4739 康普|化學工業|63 54 8|72 75 -6 -9|0.5 315
4743 合一|生技醫療|11408 3953 1417|56 71 -6 -25|0.7 564
4746 台耀|生技醫療|8 0 -2|66 72 -17 -12|0.4 15
4755 三福化|化學工業|38 57 3|68 68 -13 16|0.4 370
4763 材料*-KY|化學工業|52 54 29|92 92 9 -4|0.4 19
4768 晶呈科技|化學工業|35 35 na|na na 20 na|0.5 56
4770 上品|化學工業|90 77 na|na 88 -1 3|0.2 57
4804 大略-KY|觀光餐旅|-46 -23 -10|48 48 -37 52|0.4 13
4904 遠傳|通信網路|3 6 -1|89 89 -2 20|0.8 637
4906 正文|通信網路|24 -1 0|95 95 9 -2|0.7 109
4908 前鼎|通信網路|-6 12 -19|83 83 -12 21|0.6 45
4911 德英|生技醫療|275 144 91|100 100 128 118|1.6 17
4912 聯德控股-KY|電子零組|20 16 21|61 61 7 -28|0.4 13
4915 致伸|電子零組|34 24 17|100 100 30 37|1.8 492
4916 事欣科|電腦及週|15 -11 -17|62 79 -7 -14|0.4 6
4919 新唐|半導體業|4 5 -34|60 60 -32 -18|0.5 2085
4923 力士|半導體業|10 14 na|na na -12 na|1.2 7
4927 泰鼎-KY|電子零組|8 14 -11|46 59 -36 -46|0.3 65
4931 新盛力|電腦及週|43 95 40|77 77 -5 56|0.4 184
4934 太極|光電業|20 14 35|71 79 24 -17|0.3 42
4935 茂林-KY|光電業|-13 -32 -11|70 78 1 -19|0.9 6
4938 和碩|電腦及週|26 3 -9|91 91 -5 -3|0.7 285
4950 金耘國際|鋼鐵工業|-85 -36 -330|85 85 -10 22|0.6 12
4952 凌通|半導體業|-8 8 -10|77 79 -14 8|0.5 68
4953 緯致|資訊服務|32 33 4|85 85 -5 -2|0.6 8
4958 臻鼎-KY|電子零組|23 16 -3|98 98 10 23|0.6 398
4961 天鈺|半導體業|-26 -7 -69|45 63 -23 -32|0.7 318
4966 譜瑞-KY|半導體業|43 31 1|52 53 -23 -41|0.9 740
4967 十銓|半導體業|-15 -20 -14|37 60 -14 -35|0.4 10
4968 立積|半導體業|-48 -49 -2|42 59 -34 -40|0.9 368
4976 佳凌|光電業|-21 -25 5|44 65 -8 -31|0.6 52
4979 華星光|通信網路|41 13 19|95 95 53 62|1.5 122
4989 榮科|電子零組|-9 -8 -45|46 64 -19 -34|1.1 8
5009 榮剛|鋼鐵工業|49 56 6|94 94 6 57|0.9 378
5011 久陽|鋼鐵工業|16 19 -28|68 68 -22 -22|0.6 22
5014 建錩|鋼鐵工業|25 20 -4|74 81 2 -0|1.2 15
5203 訊連|資訊服務|16 7 9|80 80 5 5|1.4 6
5210 寶碩|資訊服務|63 50 -186|79 79 2 32|0.7 6
5222 全訊|半導體業|62 23 na|na 73 0 -18|0.9 35
5227 立凱-KY|電子零組|292 178 42|55 60 -20 -33|0.3 30
5234 達興材料|光電業|-21 -4 -11|48 56 -25 -40|0.7 15
5236 凌陽創新|半導體業|-39 -30 -17|na 61 -25 -33|1.1 11
5243 乙盛-KY|光電業|42 17 5|94 97 14 14|1.4 168
5245 智晶|光電業|16 12 6|65 80 8 -11|3.2 19
5258 虹堡|電腦及週|78 63 4|97 97 90 84|0.9 1037
5263 智崴|文化創意|45 18 25|77 99 8 6|1.5 10
5269 祥碩|半導體業|3 -2 13|42 50 -27 -37|0.8 689
5272 笙科|半導體業|10 16 -11|73 73 7 4|0.2 29
5274 信驊|半導體業|54 56 7|57 61 -20 -37|0.9 1239
5285 界霖|半導體業|3 3 -23|65 82 -0 -7|0.4 39
5288 豐祥-KY|電機機械|4 28 5|87 87 1 1|0.5 8
5289 宜鼎|電腦及週|-13 0 -42|77 85 -8 -3|1.6 26
5299 杰力|半導體業|-6 8 -21|56 75 -18 -21|1.3 48
5306 桂盟|運動休閒|-3 -6 -11|55 67 -6 -29|1.0 17
5309 系統電|電子零組|38 42 -22|84 84 -3 -5|0.5 137
5321 美而快|數位雲端|1 14 -7|54 54 -38 -27|0.4 20
5344 立衛|半導體業|-16 -23 -10|62 90 27 0|1.1 24
5347 世界|半導體業|54 50 4|43 56 -30 -39|0.8 446
5351 鈺創|半導體業|-2 10 -63|51 59 -22 -29|0.5 376
5353 台林|通信網路|27 37 0|98 98 63 56|2.9 270
5371 中光電|光電業|25 7 -13|63 76 3 -22|2.3 125
5388 中磊|通信網路|59 52 20|99 99 17 19|1.0 649
5425 台半|半導體業|27 22 -4|93 94 2 20|0.4 949
5426 振發|電腦及週|46 29 7|90 97 25 13|1.0 12
5434 崇越|電子通路|32 29 0|93 93 -0 -0|1.1 58
5439 高技|電子零組|-19 -16 -33|62 77 -9 -20|0.5 7
5457 宣德|電子零組|42 34 1|58 71 -0 -29|0.4 20
5464 霖宏|電子零組|-8 -2 -27|66 78 13 7|0.3 6
5469 瀚宇博|電子零組|-7 -13 -21|69 72 -14 -24|0.6 19
5471 松翰|半導體業|-34 -35 -17|61 71 -16 -23|0.8 31
5475 德宏|電子零組|-82 -77 -141|25 42 -22 -57|0.3 6
5483 中美晶|半導體業|17 18 2|60 72 -6 -27|0.5 617
5508 永信建|建材營造|-86 -67 -88|92 92 3 7|0.7 10
5522 遠雄|建材營造|-4 -2 -50|96 97 1 3|0.8 26
5530 龍巖|其他|50 37 32|84 84 -13 -1|0.3 15
5534 長虹|建材營造|4034 1508 981|94 94 1 -3|0.4 7
5536 聖暉*|其他電子|46 21 -28|87 90 4 -6|0.7 16
5603 陸海|航運業|24 13 -8|69 69 -22 27|0.4 11
5607 遠雄港|航運業|36 42 -0|67 72 -4 -25|0.6 12
5608 四維航|航運業|54 58 -55|54 69 -27 -13|0.4 139
5609 中菲行|航運業|25 38 -40|74 75 -23 -19|0.3 25
5706 鳳凰|觀光餐旅|89 21 6|92 92 -0 61|0.4 138
5871 中租-KY|其他|19 20 -0|82 84 -3 -9|0.8 1046
5876 上海商銀|金融保險|5 11 9|96 96 8 9|0.5 179
5880 合庫金|金融保險|-1 -9 -5|89 89 0 1|0.8 271
5902 德記|居家生活|29 26 -4|99 99 29 50|2.5 5
5903 全家|居家生活|19 9 9|71 78 -4 -22|1.4 8
5904 寶雅|居家生活|46 18 15|70 93 25 -6|2.0 417
5905 南仁湖|觀光餐旅|244 66 64|65 79 -6 -12|0.8 9
6005 群益證|金融保險|-81 -52 -33|77 79 -16 -20|0.5 32
6015 宏遠證|金融業|-82 -86 294|58 81 -16 -17|1.4 13
6026 福邦證|金融業|-165 -125 -319|64 71 -18 -25|0.6 16
6104 創惟|半導體業|-7 15 -41|39 39 -37 -43|0.9 2373
6111 光聚晶電|文化創意|354 329 178|75 83 2 -2|0.8 56
6113 亞矽|電子通路|1 28 9|89 89 76 88|1.5 37
6114 久威|電子零組|-33 -11 -5|75 75 9 4|0.3 8
6118 建達|電子通路|17 9 -5|96 100 69 56|2.1 1330
6120 達運|光電業|-26 -25 -38|64 72 -4 -23|0.4 15
6121 新普|電腦及週|-2 -1 0|81 88 -0 -10|1.0 265
6122 擎邦|電機機械|76 45 -31|97 97 17 58|0.5 12
6125 廣運|電機機械|51 35 31|96 96 32 16|1.3 146
6126 信音|電子零組|6 -6 -3|75 87 5 -11|1.0 5
6129 普誠|半導體業|7 23 -10|87 94 25 1|1.4 93
6133 金橋|電子零組|65 50 21|98 98 162 135|0.5 121
6134 萬旭|電子零組|3 -23 -3|72 87 16 12|0.2 7
6138 茂達|半導體業|16 27 1|47 51 -33 -45|0.7 169
6139 亞翔|其他電子|16 32 -32|91 91 6 3|0.5 8
6143 振曜|通信網路|6 -4 1|78 78 -3 -7|0.4 43
6146 耕興|其他電子|21 23 1|91 100 13 5|1.9 47
6147 頎邦|半導體業|-10 -5 -12|76 85 -10 -9|0.9 225
6150 撼訊|電腦及週|-56 -54 -121|39 46 -33 -48|2.4 127
6153 嘉聯益|電子零組|5 -15 3|75 92 8 -5|0.4 20
6160 欣技|電腦及週|-9 -7 -15|90 100 49 23|5.8 30
6168 宏齊|光電業|-25 -13 -16|56 73 -11 -23|0.9 7
6170 統振|通信網路|-23 2 8|51 72 -21 -25|0.6 9
6173 信昌電|電子零組|-39 -28 -20|54 72 -16 -26|0.5 12
6175 立敦|電子零組|-6 -1 -20|61 71 -5 -20|0.4 6
6176 瑞儀|光電業|6 -21 -11|87 94 -2 -1|1.0 103
6177 達麗|建材營造|60 1618 -8302|92 94 -2 1|2.4 13
6180 橘子|文化創意|-10 2 -11|92 93 -2 -0|0.3 25
6182 合晶|半導體業|38 26 -11|55 61 -13 -34|0.5 343
6187 萬潤|半導體業|-1 -2 -27|54 54 -29 -34|0.5 50
6188 廣明|電腦及週|77 17 6|90 94 12 -2|1.3 83
6189 豐藝|電子通路|-8 -4 -12|93 93 -1 3|0.7 16
6190 萬泰科|通信網路|31 38 -6|84 90 2 0|0.6 39
6191 精成科|電子零組|-4 -15 -17|71 81 -9 -18|0.4 29
6196 帆宣|其他電子|63 48 1|64 71 -10 -29|0.6 83
6197 佳必琪|電子零組|8 14 5|81 81 2 -4|0.6 6
6202 盛群|半導體業|-13 0 -22|58 65 -17 -21|1.8 77
6205 詮欣|電子零組|-2 10 -21|77 77 -12 -1|0.7 68
6206 飛捷|電腦及週|50 40 -7|100 100 27 27|1.1 206
6209 今國光|光電業|8 11 1|80 91 5 -6|0.5 17
6213 聯茂|電子零組|-10 -6 -27|46 57 -25 -40|1.5 178
6214 精誠|資訊服務|28 12 -9|90 94 -1 -6|0.4 9
6215 和椿|其他電子|-17 -5 -24|64 88 2 -6|0.2 6
6216 居易|通信網路|21 40 12|91 91 2 16|0.4 20
6217 中探針|電子零組|41 42 16|100 100 19 43|1.3 453
6219 富旺|建材營造|-94 -29 14|56 63 -22 -37|0.7 10
6220 岳豐|電子零組|23 6 -3|99 99 36 32|8.2 7
6223 旺矽|半導體業|16 20 1|57 85 3 -11|0.5 90
6224 聚鼎|電子零組|-22 -8 -54|43 63 -22 -33|0.6 10
6226 光鼎|光電業|120 27 7|69 93 12 -1|0.4 44
6229 研通|半導體業|-26 -21 -32|60 74 -7 -16|0.9 5
6231 系微|資訊服務|18 13 -15|68 68 -18 -2|0.5 18
6233 旺玖|半導體業|8 10 2|47 73 6 -21|0.2 11
6235 華孚|電腦及週|57 40 2|86 86 -3 27|0.4 507
6237 驊訊|半導體業|-44 -44 -36|41 74 15 -22|4.4 182
6239 力成|半導體業|15 13 -3|80 92 -2 -4|1.9 221
6241 鑫永洋|通信網路|41962 14557 10600|59 59 -37 16|1.0 13
6243 迅杰|半導體業|-24 -17 -26|46 60 -22 -32|0.4 7
6244 茂迪|光電業|-40 -27 -55|80 86 -0 -4|1.0 57
6245 立端|通信網路|45 46 32|100 100 22 31|1.2 255
6251 定穎|電子零組|15 15 -11|81 81 -5 -0|0.4 77
6257 矽格|半導體業|21 23 -7|79 87 -9 -5|0.7 133
6261 久元|半導體業|-3 -8 -36|68 80 -9 -17|0.6 16
6265 方土昶|電子通路|22 -11 -57|59 74 5 -24|0.2 6
6266 泰詠|電子零組|46 20 0|71 96 16 2|0.9 16
6269 台郡|電子零組|26 4 -13|73 94 2 -3|1.0 115
6271 同欣電|半導體業|8 5 -9|63 70 -15 -23|1.7 301
6274 台燿|電子零組|-20 -12 -27|46 59 -32 -40|1.1 85
6275 元山|電子零組|3 5 -5|74 75 -5 -11|0.6 11
6278 台表科|光電業|6 -3 -49|67 68 -13 -30|0.5 313
6279 胡連|電子零組|38 21 1|97 97 44 18|1.1 985
6282 康舒|電子零組|56 35 14|83 92 11 -3|1.9 169
6283 淳安|其他電子|10 -19 -12|51 71 -6 -26|0.4 7
6284 佳邦|電子零組|-3 -6 -10|66 77 -5 -19|0.5 11
6285 啟碁|通信網路|61 30 13|96 99 17 7|1.0 172
6288 聯嘉|汽車工業|46 21 28|76 76 -3 -20|1.0 9
6290 良維|電子零組|10 2 -8|72 95 8 12|0.5 58
6409 旭隼|其他電子|62 56 20|78 92 13 -2|0.6 190
6411 晶焱|半導體業|-0 11 -1|40 54 -22 -40|0.3 85
6412 群電|電子零組|13 7 -1|91 91 5 -4|0.7 12
6414 樺漢|電腦及週|55 21 5|81 98 14 3|0.8 317
6415 矽力*-KY|半導體業|23 30 -18|45 59 -8 -36|1.8 1697
6416 瑞祺電通|通信網路|19 13 20|77 92 9 -6|1.3 14
6435 大中|半導體業|16 32 9|73 73 -16 -9|0.4 68
6438 迅得|其他電子|16 19 -14|75 75 -8 -19|0.5 36
6442 光聖|通信網路|37 7 -1|100 100 65 71|8.1 54
6443 元晶|光電業|50 38 -21|71 71 -16 -4|0.7 711
6446 藥華藥|生技醫療|1024 1028 722|99 99 56 95|0.8 954
6451 訊芯-KY|半導體業|32 9 25|66 81 -1 -18|0.9 6
6456 GIS-KY|光電業|-6 -20 -19|66 83 -11 -15|0.6 54
6457 紘康|半導體業|-40 -33 -29|37 49 -19 -50|0.4 15
6461 益得|生技醫療|60 62 -139|97 97 46 72|3.6 285
6462 神盾|半導體業|-17 -3 20|61 78 -19 -16|0.5 18
6469 大樹|生技醫療|29 42 10|94 94 25 59|0.8 393
6470 宇智|通信網路|100 97 80|99 99 42 74|0.6 236
6472 保瑞|生技醫療|9 12 -63|85 85 50 23|0.7 633
6477 安集|光電業|-14 123 -15|85 85 -6 21|1.0 325
6485 點序|半導體業|-5 12 -58|45 55 -30 -39|0.4 49
6488 環球晶|半導體業|15 15 4|52 64 -15 -35|0.9 1213
6491 晶碩|生技醫療|10 2 -21|75 87 12 10|1.9 168
6492 生華科|生技醫療|66 66 41|38 54 -27 -39|0.7 13
6494 九齊|半導體業|-24 -14 -69|49 54 -33 -43|0.7 17
6499 益安|生技醫療|251 89 -309|69 76 -7 -17|0.4 8
6505 台塑化|油電燃氣|94 65 1|84 87 -3 -10|0.4 238
6508 惠光|農業科技|74 44 3|68 68 -22 35|0.5 78
6509 聚和|化學工業|24 14 -11|51 65 -16 -32|0.3 35
6510 精測|半導體業|23 13 5|58 72 -1 -27|2.9 60
6514 芮特-KY|通信網路|45 -16 -16|74 86 6 5|0.8 8
6515 穎崴|半導體業|134 60 21|84 84 16 7|0.7 192
6525 捷敏-KY|半導體業|29 19 -4|68 84 1 -8|0.6 23
6527 明達醫|生技醫療|64 29 20|100 100 65 66|7.4 15
6531 愛普*|半導體業|-5 -6 -69|26 51 -14 -47|0.7 803
6533 晶心科|半導體業|-52 -28 -58|41 57 -23 -38|0.9 226
6535 順藥|生技醫療|9 70 -804|86 86 2 -8|0.9 6
6538 倉和|電子零組|13 24 33|60 74 -6 -15|0.3 10
6541 泰福-KY|生技醫療|na na na|74 79 -2 5|1.2 104
6547 高端疫苗|生技醫療|97 na na|57 77 -11 -18|0.9 338
6548 長科*|半導體業|19 23 -10|69 72 -13 -21|0.4 30
6561 是方|通信網路|18 12 3|95 95 3 11|0.8 6
6568 宏觀|半導體業|-2 13 23|33 50 -22 -46|0.5 46
6576 逸達|生技醫療|-96 58726 na|83 84 -7 -2|0.5 54
6581 鋼聯|綠能環保|77 76 36|76 76 -5 11|1.2 7
6582 申豐|橡膠工業|-91 -86 -51|31 54 -22 -45|0.7 15
6589 台康生技|生技醫療|-4 -9 -90|63 85 12 -13|1.3 57
6591 動力-KY|電腦及週|-24 -25 -28|74 74 -26 -13|0.3 6
6592 和潤企業|其他|43 29 3|85 85 -0 -4|0.9 58
6598 ABC-KY|生技醫療|-4 103 97|51 51 -29 -28|0.2 10
6603 富強鑫|電機機械|1 13 1|87 94 -3 -3|1.0 6
6605 帝寶|汽車工業|17 6 1|100 100 33 31|0.5 108
6609 瀧澤科|電機機械|-11 17 -26|78 78 0 13|0.1 8
6643 M31|半導體業|36 40 26|57 69 -7 -23|1.1 54
6649 台生材|生技醫療|76 124 -413|81 81 21 28|0.6 7
6655 科定|其他|15 9 -1|78 78 16 57|0.6 7
6664 群翊|電子零組|33 40 12|81 81 -3 -1|0.7 10
6667 信紘科|其他電子|25 41 -13|74 78 -10 -14|1.1 9
6668 中揚光|光電業|5 20 36|68 85 11 -13|0.9 19
6669 緯穎|電腦及週|92 45 25|67 72 -24 -23|0.6 448
6670 復盛應用|運動休閒|45 39 -6|88 88 -11 -4|1.2 46
6672 騰輝電子-KY|電子零組|-42 -31 -59|39 57 -25 -39|0.7 16
6679 鈺太|半導體業|-20 -8 -23|46 46 -32 -44|1.6 113
6683 雍智科技|半導體業|-2 3 -5|52 69 -13 -29|3.0 38
6684 安格|半導體業|-24 -14 -39|na 44 -31 -51|0.7 8
6691 洋基工程|其他電子|31 16 na|na 88 -2 -10|1.0 8
6693 廣閎科|半導體業|26 31 na|na na 5 na|0.2 6
6706 惠特|光電業|-1 7 -65|49 49 -22 -47|0.7 92
6712 長聖|生技醫療|49 70 -248|63 80 -3 1|1.2 78
6715 嘉基|電子零組|97 101 59|99 99 56 34|0.7 129
6719 力智|半導體業|16 32 na|na 40 -28 -59|0.8 732
6732 昇佳電子|半導體業|-26 -25 -24|37 65 -12 -31|0.6 44
6741 91APP*-KY|數位雲端|5 16 -4|27 46 -26 -53|0.7 17
6756 威鋒電子|半導體業|-10 10 -41|40 50 -18 -47|0.6 176
6763 綠界科技*|數位雲端|-10 2 na|na na -19 na|0.3 6
6768 志強-KY|運動休閒|31 20 22|90 90 1 6|0.2 12
6770 力積電|半導體業|37 42 na|na 55 -34 -44|1.5 903
6781 AES-KY|電子零組|49 45 -7|52 62 13 -35|0.7 901
6788 華景電|半導體業|71 45 na|na 51 -6 -47|0.3 31
6792 詠業|通信網路|-25 -10 na|na 63 -13 -36|0.9 11
6803 崑鼎|綠能環保|22 20 10|98 98 5 9|1.2 6
6806 森崴能源|綠能環保|101 328 na|na 66 -18 -17|0.3 74
8016 矽創|半導體業|-36 -18 -53|52 67 -18 -27|1.0 265
8021 尖點|其他電子|-12 -4 -20|66 78 -9 -20|0.6 10
8027 鈦昇|電機機械|18 91 53|81 84 -8 -5|0.3 24
8028 昇陽半導體|半導體業|4 3 -9|96 96 29 40|0.4 406
8032 光菱|電子通路|30 13 -5|92 92 21 28|1.4 5
8033 雷虎|其他|-0 -12 -23|84 87 -6 3|0.3 11
8038 長園科|電子零組|131 219 142|77 88 2 -7|0.4 7
8039 台虹|電子零組|-17 -2 1|80 92 -1 -6|1.0 14
8040 九暘|半導體業|4 -1 -38|52 62 -14 -32|0.6 22
8044 網家|數位雲端|-10 -4 -10|40 49 -17 -46|1.4 53
8046 南電|電子零組|30 22 -10|40 46 -37 -47|2.1 3644
8049 晶采|光電業|23 14 -9|97 97 6 4|3.7 9
8050 廣積|電腦及週|17 -23 -38|100 100 42 85|1.9 547
8054 安國|半導體業|60 18 21|55 61 -16 -25|0.5 26
8068 全達|電子通路|1068 498 377|72 83 23 24|0.8 6
8069 元太|光電業|81 85 41|88 88 12 22|0.6 4356
8070 長華*|電子通路|13 19 -7|89 90 -4 -4|0.4 25
8071 能率網通|電子零組|146 29 44|79 79 -13 -1|0.2 7
8076 伍豐|電腦及週|31 17 -5|84 93 16 0|1.2 33
8081 致新|半導體業|-16 0 -14|56 61 -24 -30|0.5 76
8083 瑞穎|電機機械|-20 -26 -20|96 99 3 2|1.8 8
8084 巨虹|電子通路|19 5 9|94 94 2 23|0.7 5
8085 福華|其他電子|-14 -17 -11|86 97 13 8|0.8 12
8086 宏捷科|半導體業|-49 -49 -43|41 64 -8 -34|1.0 81
8087 麗升能源|綠能環保|161 123 -133|66 66 -30 14|0.6 5
8091 翔名|半導體業|57 41 -3|79 79 -5 -4|0.5 10
8096 擎亞|電子通路|-34 -26 -29|84 84 8 0|0.1 8
8097 常珵|通信網路|523 1233 600|88 88 60 126|0.9 56
8103 瀚荃|電子零組|-4 6 -17|65 70 -8 -22|0.8 9
8104 錸寶|光電業|59 35 21|47 58 -14 -42|0.4 18
8105 凌巨|光電業|8 -3 -28|82 90 9 -5|4.2 9
8110 華東|半導體業|18 12 -37|51 68 -12 -28|0.7 9
8111 立碁|光電業|-29 -30 -20|59 59 -18 -35|0.4 5
8112 至上|電子通路|-30 -13 -33|77 77 -9 -14|0.5 115
8114 振樺電|電腦及週|46 37 9|100 100 26 33|1.2 480
8121 越峰|電子零組|5 5 -22|54 70 8 -26|0.5 41
8131 福懋科|半導體業|7 9 5|95 95 -0 2|0.5 16
8150 南茂|半導體業|-11 -2 -11|64 75 -19 -15|0.7 150
8155 博智|電子零組|20 30 2|53 53 -25 -43|1.1 135
8163 達方|電腦及週|8 3 -11|85 86 -4 -5|0.4 23
8171 天宇|綠能環保|-45 173 -180|61 75 -22 -18|0.7 10
8183 精星|其他電子|83 57 6|85 85 5 17|0.5 186
8210 勤誠|電腦及週|56 18 -7|80 80 10 -17|0.9 10
8213 志超|電子零組|-34 -8 -19|78 78 -14 -12|0.4 37
8215 明基材|光電業|-6 -4 -5|75 89 -7 -7|0.5 42
8222 寶一|電機機械|44 40 -2|99 99 71 63|1.6 111
8234 新漢|電腦及週|18 32 10|98 98 35 27|1.7 104
8255 朋程|電機機械|2 -2 -10|59 69 5 -18|1.0 199
8261 富鼎|半導體業|11 13 -3|74 74 2 11|0.6 613
8271 宇瞻|半導體業|0 -8 -21|80 83 -6 -5|0.9 7
8279 生展|生技醫療|67 31 9|99 99 5 6|1.3 5
8289 泰藝|電子零組|12 17 -23|80 83 -0 -8|0.1 11
8299 群聯|半導體業|3 3 -25|56 56 -25 -33|0.9 527
8341 日友|綠能環保|3 14 -3|82 82 -15 -4|0.8 22
8358 金居|電子零組|-25 -15 -44|54 61 -23 -33|0.9 141
8390 金益鼎|綠能環保|21 19 12|75 76 -10 -7|0.8 7
8403 盛弘|生技醫療|20 19 18|100 100 22 31|0.8 33
8404 百和興業-KY|其他|-3 -12 -28|74 85 -10 -14|1.9 5
8409 商之器|生技醫療|21 5 -204|74 74 -20 33|0.4 5
8415 大國鋼|鋼鐵工業|20 32 -21|87 88 4 -11|0.4 35
8420 明揚|運動休閒|45 44 -5|100 100 31 59|0.3 6
8421 旭源|其他|2 5 -7|86 86 10 29|0.5 19
8422 可寧衛*|綠能環保|157 117 69|74 84 -7 -12|0.6 41
8431 匯鑽科|其他電子|8 11 2|72 75 -0 -18|0.4 8
8433 弘帆|居家生活|73 47 12|96 96 58 49|1.9 17
8436 大江|生技醫療|-20 -21 -13|47 71 -9 -19|0.3 30
8440 綠電|綠能環保|-20 -1 -13|57 57 -25 82|0.2 80
8442 威宏-KY|其他|68 68 6|100 100 20 51|1.2 6
8450 霹靂|文化創意|-12 -14 -8|54 78 26 -6|3.7 93
8454 富邦媒|數位雲端|6 15 -11|46 82 29 -13|0.8 800
8464 億豐|居家生活|18 12 4|62 78 -3 -23|0.3 76
8467 波力-KY|運動休閒|143 119 35|90 90 94 79|1.7 38
8478 東哥遊艇|運動休閒|-19 4 -53|83 83 8 47|0.6 626
8916 光隆|其他|2 21 9|100 100 4 10|2.2 6
8924 大田|運動休閒|6 15 -33|71 84 -8 -14|0.9 28
8926 台汽電|油電燃氣|75 -5 24|100 100 5 5|0.6 15
8927 北基|油電燃氣|54 35 4|95 95 4 13|2.8 10
8928 鉅明|運動休閒|41 28 -13|86 86 13 31|0.2 12
8936 國統|其他|-20 -12 -13|76 84 -8 -7|1.3 5
8938 明安|運動休閒|31 27 6|93 93 -1 7|0.4 35
8942 森鉅|其他|13 19 -26|93 97 4 3|1.1 5
8996 高力|電機機械|20 11 0|100 100 62 66|2.5 105
9802 鈺齊-KY|運動休閒|109 76 23|90 90 8 48|1.0 605
9904 寶成|運動休閒|12 5 15|80 86 -7 -12|0.9 264
9907 統一實|其他|8 15 -20|97 97 11 22|1.5 37
9910 豐泰|運動休閒|22 26 20|71 74 -10 -24|0.9 153
9911 櫻花|居家生活|30 18 7|91 98 9 -0|0.5 9
9914 美利達|運動休閒|19 21 16|68 80 -4 -18|0.5 142
9917 中保科|其他|14 10 5|95 95 -0 7|0.9 17
9919 康那香|其他|-11 -30 -8|49 62 -27 -36|0.5 14
9921 巨大|運動休閒|22 6 -2|70 77 1 -18|0.6 154
9927 泰銘|其他|-11 8 2|79 84 -15 7|0.7 8
9933 中鼎|其他|22 43 3|94 94 -6 17|0.8 68
9937 全國|油電燃氣|41 23 3|100 100 5 4|0.0 6
9938 百和|其他|-2 -10 -11|67 74 -9 -26|0.9 42
9939 宏全|其他|15 11 1|97 98 5 10|1.0 52
9940 信義|其他|-30 -19 -37|89 89 -5 -6|0.4 9
9941 裕融|其他|17 13 2|86 86 -2 22|1.5 142
9945 潤泰新|其他|76 24 -8|72 72 -24 -14|1.9 431
9955 佳龍|綠能環保|-11 -16 20|59 59 -19 16|0.6 6
9958 世紀鋼|鋼鐵工業|-33 -26 -54|76 76 -15 -8|0.4 227
9962 有益|鋼鐵工業|24 29 -43|67 74 -6 2|1.0 6