# 2022-09-01 全池(1035 檔)。欄位:代碼 名稱|產業|最新月YoY 3月YoY均 加速度|距52週高% 距120日高% 60日漲% 120日漲%|量能比 日均值M
1101 台泥|水泥工業|21 3 0|85 87 6 -8|1.0 506
1102 亞泥|水泥工業|15 9 -3|94 94 3 -2|0.8 202
1104 環泥|水泥工業|18 20 6|99 99 5 10|1.0 10
1201 味全|食品工業|6 3 -0|86 90 -1 -4|0.5 5
1210 大成|食品工業|0 3 -10|92 92 4 -2|1.4 39
1215 卜蜂|食品工業|12 13 -3|99 99 11 9|1.0 33
1216 統一|食品工業|13 11 3|97 97 5 3|0.9 338
1218 泰山|食品工業|14 11 -5|94 94 15 29|0.4 16
1219 福壽|食品工業|5 20 3|81 81 1 13|0.9 25
1220 台榮|食品工業|14 12 -1|69 69 -5 4|1.2 5
1227 佳格|食品工業|-16 -21 -9|79 84 -10 -11|0.6 20
1229 聯華|食品工業|-6 12 -6|85 91 3 -4|1.2 48
1231 聯華食|食品工業|19 14 5|91 91 -1 -0|0.6 12
1232 大統益|食品工業|16 29 11|99 100 8 7|1.0 8
1236 宏亞|食品工業|43 40 26|80 86 -5 -3|0.3 8
1258 其祥-KY|食品工業|-1 14 9|100 100 38 52|1.1 35
1301 台塑|塑膠工業|-11 -1 -23|83 89 -10 -9|0.8 502
1303 南亞|塑膠工業|-24 -12 -30|80 80 -12 -17|0.8 390
1304 台聚|塑膠工業|-6 1 -15|62 84 -3 -10|0.5 60
1305 華夏|塑膠工業|-15 -3 -20|55 71 -22 -25|0.7 26
1308 亞聚|塑膠工業|18 16 -23|60 78 1 -21|1.0 36
1309 台達化|塑膠工業|-6 -7 -13|62 73 -17 -25|0.6 12
1310 台苯|塑膠工業|17 12 -23|64 83 -12 -17|0.5 7
1312 國喬|塑膠工業|-27 -14 -14|67 74 -16 -21|0.4 40
1313 聯成|塑膠工業|-19 -4 -22|55 72 -22 -24|0.5 15
1314 中石化|塑膠工業|-27 -20 -67|77 77 -5 -10|1.1 83
1316 上曜|建材營造|337 452 267|57 72 -21 -22|0.7 16
1319 東陽|汽車工業|26 23 11|100 100 35 82|0.7 452
1321 大洋|塑膠工業|-5 13 -4|96 96 17 12|3.0 16
1325 恆大|塑膠工業|-32 -53 19|48 66 -7 -22|1.9 8
1326 台化|塑膠工業|3 10 -13|85 87 -13 -9|0.8 162
1336 台翰|電子零組|28 18 -2|87 87 32 37|2.5 24
1338 廣華-KY|汽車工業|21 19 9|94 94 3 -2|1.2 12
1339 昭輝|汽車工業|12 9 16|98 98 16 34|0.7 20
1342 八貫|其他|14 23 -19|99 99 6 21|2.0 8
1402 遠東新|紡織纖維|16 18 1|97 97 6 10|1.2 205
1409 新纖|紡織纖維|11 10 -14|90 90 -2 -6|2.3 43
1410 南染|紡織纖維|-26 -17 -11|99 99 30 23|4.8 6
1413 宏洲|紡織纖維|-11 2 -51|92 92 9 2|0.8 7
1432 大魯閣|運動休閒|313 260 198|68 68 0 17|1.5 7
1434 福懋|紡織纖維|13 10 -2|91 99 6 1|0.9 39
1440 南紡|紡織纖維|0 9 3|73 82 -5 -13|0.6 25
1442 名軒|建材營造|-95 -87 -45|99 99 25 26|4.1 10
1443 立益物流|其他|-2 21 -28|89 89 22 25|2.5 10
1444 力麗|紡織纖維|4 18 -17|92 96 7 15|2.3 43
1449 佳和|紡織纖維|-33 -23 -31|92 100 34 18|3.2 7
1451 年興|紡織纖維|14 26 9|96 96 21 38|1.5 24
1453 大將|建材營造|79613 47386 6577|63 63 -37 168|0.4 74
1455 集盛|紡織纖維|-26 -17 -34|54 67 -13 -26|0.6 13
1457 宜進|紡織纖維|-12 -3 -28|97 97 -3 2|0.7 5
1473 台南|紡織纖維|32 103 62|91 91 8 16|0.7 8
1475 業旺|紡織纖維|205 544 130|75 75 -17 -7|1.1 6
1476 儒鴻|紡織纖維|13 13 1|67 87 -12 2|0.9 281
1477 聚陽|紡織纖維|22 31 14|75 94 11 -1|1.1 640
1503 士電|電機機械|7 11 6|97 97 7 22|0.4 16
1504 東元|電機機械|23 19 4|92 92 3 4|0.8 88
1506 正道|電機機械|-1 9 -15|82 82 -3 18|1.0 7
1513 中興電|電機機械|20 22 8|99 99 36 52|0.6 1044
1514 亞力|電機機械|-5 26 2|93 93 23 37|0.7 140
1515 力山|電機機械|-73 -79 -45|52 78 -7 -11|1.3 25
1516 川飛|其他|62 19 -37|81 81 -3 3|1.1 11
1517 利奇|電機機械|37 28 6|86 98 9 5|0.8 56
1519 華城|電機機械|-45 -21 -11|91 91 12 5|1.5 56
1522 堤維西|汽車工業|10 17 2|94 94 9 72|0.6 323
1524 耿鼎|汽車工業|19 30 10|96 96 40 180|1.1 1308
1526 日馳|電機機械|19 24 -17|99 99 26 32|2.1 106
1527 鑽全|電機機械|-30 -17 -19|94 94 -6 9|0.4 16
1528 恩德|電機機械|-7 11 -2|92 100 5 11|0.9 11
1529 樂事綠能|電機機械|69 -9 -107|54 68 -10 -17|0.7 10
1533 車王電|汽車工業|37 27 17|87 89 -4 17|0.8 57
1536 和大|汽車工業|27 20 9|91 100 20 17|3.5 137
1537 廣隆|電機機械|75 27 38|99 99 8 7|1.1 24
1539 巨庭|電機機械|-26 -6 -25|98 98 48 159|0.2 122
1541 錩泰|電機機械|-59 -48 -51|67 67 -33 -9|0.3 8
1558 伸興|電機機械|-50 -18 11|87 98 0 -1|1.2 7
1560 中砂|電機機械|19 24 6|91 91 -4 31|0.3 1135
1565 精華|生技醫療|-8 -9 -12|80 97 1 -0|1.1 29
1568 倉佑|汽車工業|3 17 17|97 97 20 52|0.8 103
1569 濱川|電腦及週|8 25 1|97 97 2 24|1.1 18
1580 新麥|電機機械|-7 2 -8|96 97 6 1|0.7 5
1582 信錦|電子零組|15 21 10|99 99 9 8|0.7 10
1584 精剛|其他|62 84 -4|80 80 -8 13|0.5 35
1587 吉茂|汽車工業|14 17 2|99 100 9 12|1.1 9
1589 永冠-KY|電機機械|4 10 15|77 77 -5 -12|0.5 10
1590 亞德客-KY|電機機械|-12 1 -7|75 75 -25 -10|0.7 431
1598 岱宇|運動休閒|-40 -46 -2|65 93 1 6|0.9 9
1604 聲寶|電器電纜|9 3 -13|96 97 3 -1|0.7 7
1605 華新|電器電纜|5 18 -22|87 87 -4 47|1.0 2195
1608 華榮|電器電纜|8 6 -19|66 69 -14 -21|0.5 7
1609 大亞|電器電纜|-9 -8 -27|74 74 -9 -4|0.7 76
1611 中電|電器電纜|-9 -4 5|80 83 -12 -8|0.2 30
1612 宏泰|電器電纜|-3 -12 -31|58 58 -23 -30|0.4 12
1701 中化|生技醫療|4 2 3|84 84 5 8|1.9 13
1702 南僑|食品工業|7 8 3|92 96 -1 -2|0.9 9
1707 葡萄王|生技醫療|-8 3 -2|92 97 3 4|3.1 22
1708 東鹼|化學工業|75 81 4|71 71 -4 16|1.1 471
1709 和益|化學工業|40 19 3|84 92 6 -1|1.4 50
1710 東聯|化學工業|-54 -38 -44|69 80 -7 -14|0.6 14
1711 永光|化學工業|3 1 -6|70 78 -9 -16|0.5 37
1712 興農|化學工業|27 27 8|99 99 39 50|3.0 183
1717 長興|化學工業|-5 -0 -11|86 86 -2 -4|1.1 52
1720 生達|生技醫療|29 39 21|98 98 19 21|1.0 22
1721 三晃|化學工業|28 18 -2|56 70 -17 -15|1.2 29
1722 台肥|化學工業|32 36 -27|78 78 -6 -10|1.0 157
1723 中碳|化學工業|29 44 -11|93 93 -5 2|0.5 51
1727 中華化|化學工業|14 20 -8|57 64 -27 -15|0.5 29
1732 毛寶|化學工業|14 6 6|77 77 14 22|2.5 52
1733 五鼎|生技醫療|18 21 8|99 99 9 17|0.9 14
1734 杏輝|生技醫療|18 22 10|81 99 20 22|2.6 100
1736 喬山|運動休閒|-2 1 0|78 94 3 6|1.7 12
1737 臺鹽|食品工業|-3 -11 -30|98 98 3 1|1.2 9
1760 寶齡富錦|生技醫療|-7 27 6|94 94 43 55|1.5 2341
1762 中化生|生技醫療|-33 -22 -54|75 91 -1 18|1.8 60
1773 勝一|化學工業|-8 2 -30|73 73 -17 -19|1.1 45
1783 和康生|生技醫療|33 28 -2|69 94 13 15|0.8 21
1784 訊聯|生技醫療|1 1 0|90 99 9 19|2.1 8
1785 光洋科|其他電子|-24 -6 -6|70 77 -13 -21|0.6 44
1786 科妍|生技醫療|89 32 20|95 95 26 24|6.1 11
1789 神隆|生技醫療|40 30 22|100 100 24 26|1.9 81
1795 美時|生技醫療|-6 -13 -8|92 92 18 67|1.1 2818
1802 台玻|玻璃陶瓷|-30 -24 -21|50 73 -15 -23|0.8 31
1808 潤隆|建材營造|-98 -90 -57|98 98 7 30|1.5 18
1810 和成|玻璃陶瓷|-9 2 -2|62 65 -12 -28|1.2 7
1815 富喬|電子零組|6 -8 -27|83 94 7 5|2.1 35
1904 正隆|造紙工業|-2 -2 -7|79 85 -1 -13|0.5 23
1905 華紙|造紙工業|17 15 6|69 81 -4 -17|0.7 16
1906 寶隆|造紙工業|811 1190 8|90 96 3 7|0.3 20
1907 永豐餘|造紙工業|-3 -7 -3|70 76 -5 -22|0.6 22
1909 榮成|造紙工業|-26 -17 -31|59 83 -3 -13|0.9 26
2002 中鋼|鋼鐵工業|-7 6 -24|79 79 -8 -18|0.5 513
2006 東和鋼鐵|鋼鐵工業|-2 3 -16|72 72 -22 -23|0.3 60
2007 燁興|鋼鐵工業|-26 3 -14|37 55 -23 -44|0.6 19
2009 第一銅|鋼鐵工業|-2 -6 -30|52 60 -18 -40|0.5 22
2010 春源|鋼鐵工業|-10 -6 -22|57 66 -17 -30|0.6 6
2013 中鋼構|鋼鐵工業|18 17 -9|76 95 -1 2|0.4 14
2014 中鴻|鋼鐵工業|-44 -9 -35|58 58 -15 -36|0.7 269
2015 豐興|鋼鐵工業|-3 2 -26|71 71 -15 -22|1.0 16
2017 官田鋼|鋼鐵工業|11 -10 -1|56 73 -5 -24|0.5 9
2020 美亞|鋼鐵工業|-23 -13 -30|78 78 -17 -18|0.4 6
2023 燁輝|鋼鐵工業|-21 -12 -39|49 63 -19 -34|0.7 58
2027 大成鋼|鋼鐵工業|5 18 -26|75 75 -6 -18|0.7 359
2028 威致|鋼鐵工業|-46 -22 -49|58 63 -11 -29|0.4 22
2029 盛餘|鋼鐵工業|-20 -10 -36|61 68 -9 -14|0.3 9
2030 彰源|鋼鐵工業|4 10 -30|66 66 -9 -21|0.4 55
2031 新光鋼|鋼鐵工業|-16 -8 -31|55 55 -16 -35|0.4 48
2032 新鋼|鋼鐵工業|-28 -22 -23|55 55 -18 -38|0.5 10
2034 允強|鋼鐵工業|-11 -0 -34|85 85 3 -5|0.6 59
2038 海光|鋼鐵工業|26 18 -17|54 65 -11 -30|0.5 27
2049 上銀|電機機械|11 13 -6|61 77 -23 -20|0.7 497
2059 川湖|電子零組|29 33 -6|89 93 1 9|1.1 152
2063 世鎧精密|鋼鐵工業|-10 7 -18|96 96 6 9|0.3 10
2065 世豐|鋼鐵工業|-12 -14 -10|100 100 11 9|1.2 8
2066 世德|電機機械|26 26 13|94 94 47 49|5.8 10
2069 運錩|鋼鐵工業|-1 6 -53|62 67 -5 -28|0.4 16
2101 南港|橡膠工業|-11 7 21|83 93 2 -2|1.3 21
2102 泰豐|橡膠工業|54 30 60|68 77 2 -19|1.1 13
2103 台橡|橡膠工業|17 11 -6|71 87 -1 -11|0.6 31
2104 國際中橡|橡膠工業|26 9 -8|73 74 -3 -23|0.6 25
2105 正新|橡膠工業|-1 -1 8|97 97 1 5|0.8 104
2106 建大|橡膠工業|5 18 10|89 89 10 14|0.4 40
2107 厚生|橡膠工業|-34 -13 -7|100 100 7 7|0.9 6
2108 南帝|橡膠工業|-61 -55 -26|41 57 -20 -43|1.1 30
2201 裕隆|汽車工業|9 7 11|89 89 -1 15|0.8 195
2204 中華|汽車工業|4 -2 4|69 80 -19 -17|0.9 75
2206 三陽工業|汽車工業|29 30 23|93 93 21 33|0.3 92
2207 和泰車|汽車工業|9 -8 -3|92 96 -1 5|1.4 98
2208 台船|航運業|-7 -10 0|74 82 -6 -17|0.7 13
2211 長榮鋼|鋼鐵工業|-3 13 -25|100 100 7 11|1.1 20
2221 大甲|其他|-5 4 -78|94 98 12 20|1.1 7
2227 裕日車|汽車工業|55 6 19|83 86 -10 -13|1.0 6
2228 劍麟|汽車工業|32 19 17|98 98 20 15|3.2 15
2230 泰茂|居家生活|0 -20 -3|100 100 75 136|0.8 34
2231 為升|汽車工業|2 5 10|87 98 14 13|2.2 132
2233 宇隆|汽車工業|-5 -1 -5|93 93 -6 3|0.3 29
2239 英利-KY|汽車工業|36 -6 5|90 98 34 10|3.2 9
2243 宏旭-KY|汽車工業|-41 43 -90|67 80 -13 13|0.6 5
2247 汎德永業|汽車工業|-6 1 6|98 99 2 5|0.9 6
2301 光寶科|電腦及週|8 8 2|96 96 6 -2|0.9 416
2302 麗正|半導體業|8 11 15|94 94 4 21|0.5 17
2303 聯電|半導體業|35 40 6|62 79 -17 -18|0.5 2360
2305 全友|電腦及週|30 -8 3|93 93 138 243|1.2 216
2308 台達電|電子零組|29 23 11|89 94 13 1|0.9 1499
2312 金寶|其他電子|26 38 23|78 78 -1 -4|0.9 53
2313 華通|電子零組|29 38 16|95 95 6 21|1.5 1114
2314 台揚|通信網路|33 12 8|54 71 -16 -11|0.3 251
2317 鴻海|其他電子|14 18 12|95 95 -2 9|0.8 2853
2324 仁寶|電腦及週|-10 12 5|90 90 -2 -5|1.2 244
2327 國巨*|電子零組|7 11 -9|61 74 -19 -24|1.1 693
2328 廣宇|電子零組|-4 12 -12|83 89 -9 -3|0.9 46
2329 華泰|半導體業|-2 1 -8|66 85 -5 -9|1.2 85
2330 台積電|半導體業|50 45 12|73 82 -9 -14|1.0 11448
2331 精英|電腦及週|23 41 9|96 96 24 34|1.6 221
2332 友訊|通信網路|14 25 17|78 98 9 9|1.0 43
2337 旺宏|半導體業|-16 -6 -28|77 82 -12 -15|0.5 222
2338 光罩|半導體業|30 29 -6|68 78 -19 -17|0.5 144
2340 台亞|半導體業|-38 -5 2|52 78 -18 -16|0.3 105
2342 茂矽|半導體業|10 12 -8|73 88 -8 -5|0.6 45
2344 華邦電|半導體業|-19 -3 -26|63 63 -21 -33|0.6 316
2345 智邦|通信網路|51 43 23|90 93 16 16|0.9 1021
2347 聯強|電子通路|3 10 -4|75 75 -10 -17|0.6 193
2348 海悅|其他|8 10 -17|72 78 -11 -15|0.9 6
2351 順德|半導體業|5 10 -11|66 74 -20 -13|0.7 243
2352 佳世達|電腦及週|9 11 -0|93 93 7 -0|0.5 81
2353 宏碁|電腦及週|-33 -14 -11|77 78 -15 -17|0.9 274
2354 鴻準|其他電子|-43 -26 -19|73 82 -8 -17|0.7 105
2355 敬鵬|電子零組|-15 1 -6|76 90 -2 -10|1.9 22
2356 英業達|電腦及週|4 14 0|89 91 -6 -4|1.7 174
2357 華碩|電腦及週|-2 2 -10|76 77 -13 -22|0.8 874
2358 廷鑫|其他|-49 -18 -39|54 61 -24 -36|0.5 9
2359 所羅門|其他電子|12 48 15|82 82 -2 8|0.4 158
2360 致茂|其他電子|46 29 17|84 99 15 9|1.3 148
2362 藍天|電腦及週|-28 -14 -22|100 100 10 24|2.0 8
2363 矽統|半導體業|-14 -7 -37|76 94 -2 -2|0.5 85
2364 倫飛|電腦及週|4 15 18|98 98 328 658|0.2 181
2365 昆盈|電腦及週|30 4 21|85 96 7 4|0.8 10
2367 燿華|電子零組|55 62 51|100 100 33 32|4.3 714
2368 金像電|電子零組|15 32 6|89 89 -2 7|0.5 927
2369 菱生|半導體業|-30 -24 -33|56 67 -20 -26|0.5 15
2371 大同|電機機械|-2 -5 -12|88 93 -6 7|1.5 438
2374 佳能|光電業|55 108 46|74 89 -1 -10|0.6 67
2376 技嘉|電腦及週|-10 -20 -33|60 73 -15 -27|0.5 360
2377 微星|電腦及週|-10 -1 -18|73 86 -9 -13|0.6 471
2379 瑞昱|半導體業|2 9 -13|57 72 -26 -29|0.8 735
2380 虹光|電腦及週|-19 -19 -14|80 97 25 16|2.9 28
2382 廣達|電腦及週|37 23 17|89 91 5 -8|0.8 451
2383 台光電|電子零組|-7 1 -21|58 64 -30 -34|0.5 397
2385 群光|電子零組|16 18 5|95 95 0 -2|0.8 109
2387 精元|電腦及週|22 3 3|82 97 9 1|1.3 27
2388 威盛|半導體業|-9 22 -1|91 98 72 49|2.6 1720
2390 云辰|其他電子|5 2 -1|67 69 -11 -14|1.8 10
2392 正崴|電子零組|25 32 26|90 96 11 1|1.2 46
2393 億光|光電業|-24 -21 -14|74 85 -5 -11|0.5 31
2395 研華|電腦及週|23 25 3|82 86 -8 -10|0.8 219
2399 映泰|電腦及週|-5 -18 -29|59 72 -12 -27|0.5 16
2401 凌陽|半導體業|-31 -20 -26|67 76 -22 -16|0.4 49
2402 毅嘉|電子零組|8 4 4|91 97 -0 -0|0.7 8
2404 漢唐|其他電子|70 92 72|85 85 -6 -11|0.3 40
2405 輔信|電腦及週|-5 3 -12|76 96 10 1|2.6 105
2406 國碩|光電業|-14 -5 13|64 83 -1 -14|1.4 75
2408 南亞科|半導體業|-45 -32 -46|67 74 -14 -26|0.5 267
2409 友達|光電業|-48 -39 -36|79 82 1 -15|1.0 924
2412 中華電|通信網路|4 4 2|95 95 -0 2|0.8 816
2413 環科|電子零組|7 24 26|96 96 18 17|7.4 6
2417 圓剛|電腦及週|-8 -1 32|64 71 -7 -7|1.0 10
2419 仲琦|通信網路|28 41 46|97 97 52 48|0.7 286
2420 新巨|電子零組|-2 -0 -4|91 99 2 1|2.5 8
2421 建準|電子零組|10 15 9|88 94 12 -1|0.5 49
2425 承啟|電腦及週|-11 1 -13|86 86 -9 5|1.4 17
2426 鼎元|光電業|-30 -23 -22|61 72 -13 -23|0.5 13
2427 三商電|資訊服務|-11 38 14|96 96 10 7|0.4 7
2428 興勤|電子零組|-8 -6 -10|74 100 7 18|1.2 52
2430 燦坤|電子通路|-8 -10 -18|77 86 3 -9|0.5 6
2436 偉詮電|半導體業|-44 -36 -44|51 62 -21 -37|1.4 119
2439 美律|通信網路|33 18 26|89 100 8 11|1.0 103
2440 太空梭|電子零組|-41 -33 -22|69 89 2 -7|0.5 8
2441 超豐|半導體業|-28 -14 -28|68 84 -11 -13|1.0 73
2442 新美齊|建材營造|8 1473 1155|89 93 -1 -3|1.2 5
2444 兆勁|通信網路|-20 -17 -14|90 90 8 26|1.0 31
2449 京元電子|半導體業|8 29 2|84 86 -14 -5|0.6 240
2451 創見|半導體業|-22 -18 -20|95 95 -0 -3|0.7 18
2453 凌群|資訊服務|2 0 -1|89 91 -1 13|1.0 10
2454 聯發科|半導體業|1 11 -16|60 73 -23 -26|0.6 3399
2455 全新|通信網路|-34 -25 -30|50 63 -22 -33|1.5 96
2457 飛宏|電子零組|6 22 -1|76 82 -3 -6|0.9 143
2458 義隆|半導體業|-35 -20 -11|62 64 -26 -33|0.9 127
2461 光群雷|其他電子|8 10 1|76 82 -4 -15|0.7 7
2462 良得電|電子零組|7 6 2|71 71 -3 -13|0.7 9
2464 盟立|其他電子|16 16 4|94 98 4 2|0.7 8
2465 麗臺|電腦及週|-53 -54 -61|41 54 -17 -44|0.6 22
2467 志聖|電子零組|5 0 -3|96 98 14 5|0.7 7
2468 華經|資訊服務|-16 7 9|100 100 72 72|0.9 36
2472 立隆電|電子零組|-0 11 -10|85 92 -6 -5|1.0 14
2474 可成|其他電子|-19 -31 17|99 99 6 26|2.1 530
2476 鉅祥|電子零組|9 5 -12|76 97 19 8|2.3 394
2478 大毅|電子零組|-33 -27 -19|70 79 -16 -20|0.9 5
2480 敦陽科|資訊服務|-3 3 -11|90 90 -3 -7|0.7 25
2481 強茂|半導體業|-9 -6 -18|59 69 -11 -28|1.0 572
2482 連宇|其他電子|26 71 43|79 79 -7 77|0.2 170
2484 希華|電子零組|4 7 -6|96 98 8 34|1.0 178
2485 兆赫|通信網路|1 -2 11|77 92 5 -3|0.6 9
2486 一詮|光電業|-17 -11 -22|39 49 -36 -40|0.7 22
2488 漢平|其他電子|111 60 42|99 99 16 19|1.3 11
2489 瑞軒|光電業|-47 -13 -19|66 78 -6 -15|2.3 23
2492 華新科|電子零組|-26 -21 -11|51 65 -19 -33|0.8 112
2493 揚博|電子零組|11 41 20|96 96 4 12|0.5 7
2495 普安|電腦及週|64 33 17|81 96 8 12|1.0 15
2497 怡利電|汽車工業|25 44 -2|73 79 2 -17|2.9 417
2498 宏達電|通信網路|-19 -15 -1|66 90 25 4|0.7 3896
2501 國建|建材營造|360 221 185|89 93 -1 -5|1.3 8
2504 國產|建材營造|7 1 -1|83 83 1 -1|0.6 66
2511 太子|建材營造|24 35 15|85 90 1 -7|0.9 6
2520 冠德|建材營造|-34 -16 2|71 78 -14 -18|1.1 29
2524 京城|建材營造|-71 -69 -29|77 96 9 2|0.7 5
2527 宏璟|建材營造|-98 -55 -8|70 80 -9 -16|0.8 10
2534 宏盛|建材營造|42 29 4|100 100 8 12|0.4 37
2535 達欣工|建材營造|13 10 -3|92 92 -2 -4|0.6 6
2536 宏普|建材營造|-7 4 -22|98 99 7 2|1.8 5
2538 基泰|建材營造|49 132 86|98 98 10 21|1.5 22
2539 櫻花建|建材營造|385232 233758 92948|99 99 11 17|3.5 10
2540 愛山林|建材營造|8 -8 -9|100 100 11 47|2.3 29
2542 興富發|建材營造|-95 -92 -75|95 95 6 -2|0.7 194
2545 皇翔|建材營造|124 60 9|84 84 -10 23|0.5 15
2548 華固|建材營造|142 869 -1131|99 99 6 11|0.6 40
2603 長榮|航運業|37 55 -52|63 63 -26 -35|0.5 6829
2605 新興|航運業|-21 -6 -25|50 65 -17 -27|0.8 77
2606 裕民|航運業|19 17 -20|54 58 -31 -38|0.6 145
2607 榮運|航運業|183 181 59|70 71 -17 -26|0.9 142
2608 嘉里大榮|航運業|-5 -3 -5|75 88 -0 3|0.4 12
2609 陽明|航運業|25 35 -52|69 72 -24 -23|0.6 2951
2610 華航|航運業|25 31 -7|74 79 -12 -13|2.1 741
2611 志信|航運業|3 13 -19|56 71 -16 -26|0.6 10
2612 中航|航運業|33 47 13|46 71 -24 -27|0.6 14
2613 中櫃|航運業|10 10 1|60 60 -28 -36|0.5 8
2614 東森|其他|18 10 -2|54 67 -17 -31|0.5 58
2615 萬海|航運業|18 41 -86|44 57 -32 -40|0.8 1219
2616 山隆|油電燃氣|-4 0 -11|92 92 2 -4|0.7 7
2617 台航|航運業|14 22 -8|53 74 -22 -22|0.6 30
2618 長榮航|航運業|43 40 -9|92 92 0 13|1.1 1527
2633 台灣高鐵|航運業|256 227 186|96 97 6 4|0.9 59
2634 漢翔|航運業|36 32 11|92 92 5 21|0.2 199
2636 台驊控股|航運業|-34 -16 -97|48 62 -35 -38|0.4 85
2637 慧洋-KY|航運業|40 64 -6|55 55 -40 -41|0.7 460
2641 正德|航運業|32 30 -53|61 71 -24 -25|0.5 53
2642 宅配通|航運業|-1 -2 -8|60 66 -20 -18|0.8 15
2643 捷迅|航運業|20 29 -8|88 96 4 5|0.8 5
2702 華園|觀光餐旅|62 83 29|94 94 34 52|2.1 27
2704 國賓|觀光餐旅|140 85 85|94 94 3 -2|0.9 6
2707 晶華|觀光餐旅|75 41 42|97 97 4 15|1.1 42
2723 美食-KY|觀光餐旅|-1 -4 1|70 87 2 8|0.5 45
2727 王品|觀光餐旅|58 28 21|78 96 -2 1|1.2 14
2729 瓦城|觀光餐旅|97 42 39|98 98 17 21|0.6 8
2731 雄獅|觀光餐旅|226 334 273|85 87 -11 -6|1.8 28
2734 易飛網|觀光餐旅|468 265 229|87 87 -8 30|1.3 7
2736 富野|觀光餐旅|517 352 280|85 85 1 54|0.8 74
2743 山富|觀光餐旅|4707 1597 1226|90 90 -5 84|1.9 73
2745 五福|觀光餐旅|720 364 311|72 72 -20 29|1.5 6
2748 雲品|觀光餐旅|335 224 178|95 95 9 19|1.3 6
2752 豆府|觀光餐旅|217 164 118|100 100 31 33|1.0 13
2753 八方雲集|觀光餐旅|21 20 6|na 95 15 38|1.2 78
2754 亞洲藏壽司|觀光餐旅|994 761 560|99 99 26 24|1.4 14
2801 彰銀|金融保險|32 21 3|92 92 0 3|0.3 138
2809 京城銀|金融保險|32 -19 16|83 90 -4 -6|0.7 32
2812 台中銀|金融保險|32 24 10|92 92 6 7|0.8 39
2820 華票|金融保險|-73 -53 -29|95 95 0 -0|0.9 11
2834 臺企銀|金融保險|36 22 7|94 94 10 20|0.7 267
2836 高雄銀|金融保險|-7 7 5|91 91 8 7|1.1 6
2838 聯邦銀|金融保險|8 5 3|98 98 21 24|1.7 34
2845 遠東銀|金融保險|7 5 8|94 94 6 9|2.0 80
2850 新產|金融保險|-1 2 -3|97 97 11 21|1.3 18
2851 中再保|金融保險|-11 2 -8|71 71 -22 -22|0.3 13
2855 統一證|金融保險|-25 -7 3|77 80 -3 -14|0.7 17
2880 華南金|金融保險|30 11 3|97 97 4 9|0.8 244
2881 富邦金|金融保險|-46 -37 -25|74 78 -4 -17|0.8 753
2882 國泰金|金融保險|-47 -33 -11|71 73 -13 -21|1.4 662
2883 凱基金|金融保險|-30 -29 -9|72 72 -11 -18|0.7 382
2884 玉山金|金融保險|9 -5 -5|85 85 4 1|0.9 447
2885 元大金|金融保險|-12 -20 2|81 81 -6 -11|0.6 328
2886 兆豐金|金融保險|33 16 13|83 83 1 -1|0.8 584
2887 台新新光金|金融保險|-27 -11 -45|77 77 -6 -14|1.2 453
2889 國票金|金融保險|-35 -27 -7|84 84 -7 -3|0.8 32
2890 永豐金|金融保險|2 3 -5|96 96 5 8|0.8 240
2891 中信金|金融保險|0 5 -22|79 79 -6 -8|0.9 832
2892 第一金|金融保險|38 22 17|94 94 6 9|0.7 303
2903 遠百|貿易百貨|41 24 23|92 98 2 -0|0.7 9
2905 三商|貿易百貨|24 20 17|69 80 -10 -15|1.7 5
2906 高林|貿易百貨|19 51 22|64 64 -6 -27|1.0 23
2912 統一超|貿易百貨|16 14 8|93 93 5 5|0.9 203
2913 農林|貿易百貨|-2 24 12|91 95 2 3|1.2 8
2915 潤泰全|貿易百貨|12 16 2|55 55 -21 -38|0.6 277
2929 淘帝-KY|貿易百貨|-1 -5 -0|79 79 -15 22|0.9 8
3002 歐格|電腦及週|88 86 64|94 94 2 14|2.0 12
3003 健和興|電子零組|6 10 -11|81 94 5 1|1.5 121
3004 豐達科|鋼鐵工業|69 70 30|96 96 8 12|0.6 6
3005 神基|電腦及週|23 29 23|83 88 2 -13|1.1 117
3006 晶豪科|半導體業|-42 -29 -41|48 48 -27 -46|0.6 334
3008 大立光|光電業|2 -1 10|74 93 7 1|1.0 1200
3010 華立|電子通路|6 9 -6|87 89 -5 -9|0.6 19
3011 今皓|電子零組|15 0 -24|76 76 -13 40|0.4 23
3013 晟銘電|電腦及週|40 21 6|99 99 4 25|1.3 31
3014 聯陽|半導體業|-49 -37 -42|66 68 -20 -31|0.4 27
3016 嘉晶|半導體業|18 21 -9|59 71 -17 -14|0.9 194
3017 奇鋐|電腦及週|26 18 1|89 92 4 -11|0.5 642
3019 亞光|光電業|-4 -5 -12|68 87 -0 -10|1.0 72
3022 威強電|電腦及週|58 24 18|100 100 79 78|2.5 256
3023 信邦|電子零組|21 18 4|97 100 8 8|0.8 136
3024 憶聲|光電業|11 3 -18|92 97 11 15|3.0 17
3025 星通|通信網路|14 8 6|83 99 10 16|1.1 9
3026 禾伸堂|電子零組|-20 -16 -8|80 80 -14 -18|0.7 18
3027 盛達|通信網路|-29 -9 -24|83 100 19 6|4.7 10
3028 增你強|電子通路|-18 -6 -10|80 80 -15 -12|1.4 8
3029 零壹|資訊服務|3 12 -20|91 91 0 -9|1.1 11
3030 德律|其他電子|-8 19 -7|87 87 -6 -2|0.5 18
3033 威健|電子通路|-17 -6 -14|87 87 -5 -6|0.4 29
3034 聯詠|半導體業|-45 -26 -58|58 67 -22 -33|0.6 1112
3035 智原|半導體業|69 89 -0|57 57 -17 -35|0.8 5873
3036 文曄|電子通路|29 29 2|72 79 -14 -19|0.5 124
3037 欣興|電子零組|29 44 6|56 57 -32 -40|0.7 4297
3038 全台|光電業|13 16 0|95 95 22 24|0.8 28
3041 揚智|半導體業|-7 5 -19|58 70 -15 -25|0.6 29
3042 晶技|電子零組|-10 -13 -13|80 91 -9 -5|0.5 121
3044 健鼎|電子零組|8 12 2|79 79 -9 -16|0.6 58
3045 台灣大|通信網路|6 5 -8|93 93 -5 -3|1.0 327
3046 建碁|電腦及週|28 70 18|60 80 2 -1|0.5 6
3047 訊舟|通信網路|6 13 14|96 96 54 47|1.6 788
3048 益登|電子通路|8 20 12|85 85 -10 -7|0.4 12
3049 精金|光電業|-50 -38 -29|62 79 -3 -18|0.6 31
3051 力特|光電業|-19 -14 -15|55 80 2 -7|2.0 78
3056 富華新|建材營造|1259 9483 7106|82 88 -2 -12|0.5 17
3059 華晶科|光電業|40 56 9|75 87 1 -10|1.1 75
3062 建漢|通信網路|135 80 79|82 93 24 19|0.7 447
3066 李洲|光電業|62 -9 -26|70 70 21 -12|1.2 24
3071 協禧|電腦及週|21 15 0|92 98 7 6|1.0 11
3078 僑威|電子零組|-47 -43 -18|76 88 -11 -8|0.9 10
3081 聯亞|通信網路|64 38 54|79 94 21 -3|0.8 577
3083 網龍|文化創意|-14 33 29|63 79 -17 -12|0.9 5
3088 艾訊|電腦及週|26 40 -0|85 91 -2 3|0.3 29
3090 日電貿|電子零組|-4 0 -8|99 99 2 5|1.2 12
3092 鴻碩|電子零組|37 47 4|64 64 -14 -22|1.0 20
3093 港建*|其他電子|-31 32 -29|69 69 -25 35|0.6 42
3094 聯傑|半導體業|7 17 4|64 85 -4 -9|0.5 13
3105 穩懋|半導體業|-38 -24 -17|46 59 -22 -40|1.4 530
3114 好德|電子零組|-8 -10 -21|97 100 5 15|1.1 8
3122 笙泉|半導體業|-60 -43 -63|49 49 -30 -36|0.5 7
3128 昇銳|光電業|31 35 8|82 96 18 28|2.1 18
3131 弘塑|半導體業|-6 8 -22|76 92 2 4|3.3 18
3138 耀登|通信網路|22 18 -2|57 74 -5 -11|1.7 52
3141 晶宏|半導體業|-14 18 -41|45 69 -24 -21|0.7 743
3147 大綜|資訊服務|-38 -10 -42|96 96 34 42|2.4 110
3149 正達|光電業|-7 -4 2|53 75 -11 -13|3.7 8
3152 璟德|通信網路|-63 -59 -27|47 72 -14 -26|0.7 10
3162 精確|電機機械|120 72 33|85 97 24 21|2.0 70
3163 波若威|通信網路|58 69 46|98 98 9 54|1.0 697
3169 亞信|半導體業|-5 5 -53|43 55 -21 -38|0.5 157
3176 基亞|生技醫療|61 40 -499|76 81 -2 -8|3.0 8
3178 公準|半導體業|5 5 -11|85 94 19 9|1.9 18
3189 景碩|半導體業|21 26 -9|46 56 -31 -40|0.7 1292
3202 樺晟|電子零組|-18 -1 0|79 92 5 -0|2.3 7
3205 佰研|生技醫療|5 -6 -3|91 91 224 207|1.2 242
3207 耀勝|電子零組|-6 19 -20|91 91 30 106|3.5 172
3209 全科|電子通路|46 40 21|94 94 3 26|0.7 48
3211 順達|電腦及週|10 4 10|75 75 -1 -24|0.6 15
3217 優群|電子零組|-32 -8 -13|56 70 -10 -19|0.3 14
3218 大學光|生技醫療|43 36 7|92 92 20 14|1.3 242
3221 台嘉碩|通信網路|20 85 40|86 90 -5 19|0.9 80
3224 三顧|電子通路|-31 4 -44|73 80 -1 -1|3.4 7
3227 原相|半導體業|-46 -41 -10|63 72 -11 -25|0.7 42
3228 金麗科|半導體業|-38 -34 -9|59 70 -28 -20|0.7 591
3229 晟鈦|電子零組|128 128 80|95 95 35 86|2.2 5
3230 錦明|光電業|-34 -30 -16|70 82 -6 3|1.3 7
3231 緯創|電腦及週|18 27 8|94 96 4 2|0.9 218
3234 光環|通信網路|-23 -16 -1|92 98 22 18|0.6 95
3252 海灣|觀光餐旅|100 79 17|86 86 6 37|0.8 14
3260 威剛|半導體業|-18 -18 -19|66 74 -10 -27|0.5 62
3264 欣銓|半導體業|22 26 5|69 94 -5 -4|0.5 152
3265 台星科|半導體業|34 55 19|90 90 -9 51|0.7 93
3268 海德威|半導體業|-39 -18 -18|81 93 14 16|1.7 15
3289 宜特|其他電子|22 24 8|99 99 29 38|4.5 49
3293 鈊象|文化創意|1 -1 -13|89 89 5 15|0.8 337
3294 英濟|電子零組|22 -1 14|57 91 -3 2|0.7 6
3296 勝德|電子零組|-13 -18 -12|87 98 4 10|1.1 11
3303 岱稜|其他電子|14 14 -7|98 98 18 27|1.0 5
3305 昇貿|其他電子|4 11 -32|61 66 -25 -25|0.7 41
3306 鼎天|通信網路|-4 2 -28|68 98 11 10|0.6 9
3310 佳穎|電子零組|10 24 3|95 95 22 12|0.4 6
3312 弘憶股|電子通路|-6 -3 -22|75 75 -14 -16|0.7 13
3317 尼克森|半導體業|-13 0 -3|76 86 -11 -3|0.7 28
3322 建舜電|電子零組|-27 -36 -30|79 89 17 3|2.6 23
3324 雙鴻|其他電子|9 17 4|61 70 -13 -28|0.4 498
3338 泰碩|電子零組|-6 4 3|68 77 -6 -21|0.5 8
3346 麗清|汽車工業|36 13 1|90 98 27 10|2.7 143
3356 奇偶|光電業|-13 4 -1|74 80 -17 3|0.6 13
3357 臺慶科|電子零組|-32 -19 -28|67 80 -9 -16|0.4 5
3362 先進光|光電業|-2 18 7|100 100 31 40|1.6 294
3363 上詮|通信網路|-14 1 -26|68 87 -1 -3|0.7 10
3372 典範|半導體業|-48 -38 -46|53 76 -14 -21|1.5 6
3374 精材|半導體業|5 26 26|86 88 -12 9|0.5 331
3376 新日興|電子零組|38 26 35|87 100 7 11|0.9 53
3380 明泰|通信網路|34 21 31|92 96 15 4|0.5 72
3390 旭軟|電子零組|18 28 -8|85 96 4 31|1.1 63
3402 漢科|其他電子|69 58 18|94 95 1 -0|0.7 17
3406 玉晶光|光電業|18 10 -11|77 97 8 6|2.0 1586
3413 京鼎|半導體業|27 21 -3|79 88 -5 -1|0.9 77
3419 譁裕|通信網路|31 13 3|59 80 2 -9|0.8 23
3432 台端|電子零組|73 -11 13|97 97 100 103|3.6 105
3434 哲固|光電業|8 -2 -26|71 71 2 64|1.3 18
3438 類比科|半導體業|-49 -39 -29|56 69 -24 -24|0.4 6
3441 聯一光電|光電業|-24 -2 -38|93 93 12 33|1.3 129
3443 創意|半導體業|58 58 19|80 87 -9 11|0.9 2516
3444 利機|電子通路|-17 -19 -21|72 87 0 15|0.2 8
3450 聯鈞|半導體業|3 4 0|79 94 -0 -4|1.0 25
3454 晶睿|光電業|107 58 24|88 88 28 32|2.7 170
3455 由田|光電業|28 38 23|80 91 7 -3|1.8 71
3466 德晉|通信網路|-16 -31 -30|94 94 5 65|0.8 21
3479 安勤|電腦及週|42 64 17|95 95 12 24|0.6 43
3481 群創|光電業|-51 -44 -30|68 75 -7 -24|0.7 653
3483 力致|電腦及週|-6 9 -16|61 71 -14 -16|0.5 17
3484 崧騰|電子零組|-8 -9 -16|66 82 -2 -15|1.1 15
3490 單井|光電業|5 4 -29|75 79 -8 -12|1.2 5
3491 昇達科|通信網路|7 29 6|81 91 8 19|0.7 890
3494 誠研|電腦及週|36 55 33|83 83 76 168|0.8 82
3499 環天科|通信網路|-44 -42 -26|69 86 -7 1|0.6 15
3504 揚明光|光電業|30 40 22|76 100 69 40|1.0 847
3508 位速|其他電子|-6 12 -27|55 82 15 -6|0.2 214
3511 矽瑪|電子零組|-6 19 -145|77 86 -5 -2|0.7 12
3515 華擎|電腦及週|-23 -27 -24|37 50 -30 -46|0.8 44
3518 柏騰|其他電子|-43 -41 -24|99 99 41 41|4.6 11
3520 華盈|電子零組|65 68 28|97 97 50 63|0.3 68
3521 台鋼建設|建材營造|-45 32 19|97 97 48 47|1.4 47
3526 凡甲|電子零組|-7 -10 -16|77 81 -4 -17|2.6 30
3527 聚積|半導體業|-51 -29 -58|48 78 -15 -21|1.1 78
3529 力旺|半導體業|32 45 4|56 75 -5 -26|1.0 1885
3530 晶相光|半導體業|-66 -62 -32|51 73 -20 -7|0.4 15
3531 先益|光電業|28 28 7|93 93 40 41|1.0 17
3532 台勝科|半導體業|29 38 15|47 47 -29 -40|0.5 712
3533 嘉澤|電子零組|28 39 10|87 87 -11 6|0.7 499
3535 晶彩科|光電業|-31 37 10|70 70 -9 24|0.3 50
3541 西柏|其他電子|14 29 -4|85 85 -10 4|0.6 7
3545 敦泰|半導體業|-69 -52 -51|47 59 -24 -38|0.4 315
3548 兆利|電子零組|-2 -11 -30|89 92 3 -1|1.0 13
3552 同致|其他電子|25 19 16|87 100 6 44|2.2 489
3556 禾瑞亞|半導體業|-30 -23 -42|72 83 -12 -14|0.5 6
3558 神準|通信網路|75 73 35|91 91 12 89|0.6 1484
3563 牧德|光電業|-30 -27 -28|56 73 -15 -25|1.4 14
3564 其陽|通信網路|10 53 7|90 90 22 32|0.4 14
3576 聯合再生|光電業|6 7 -25|88 95 8 1|2.4 217
3580 友威科|其他電子|78 74 43|100 100 7 24|2.3 24
3583 辛耘|半導體業|8 39 6|76 91 -6 0|1.2 80
3587 閎康|其他電子|8 8 -5|77 85 -0 -13|0.8 19
3588 通嘉|半導體業|-41 -21 -44|42 49 -39 -47|0.5 32
3591 艾笛森|光電業|-9 -13 -8|64 86 5 -10|0.3 17
3592 瑞鼎|半導體業|-39 -9 na|na 57 -38 -46|0.8 171
3594 磐儀|電腦及週|10 9 3|89 89 9 10|0.6 49
3596 智易|通信網路|39 34 23|84 84 -3 9|0.9 549
3605 宏致|電子零組|-3 0 -15|70 75 -11 -21|0.6 8
3607 谷崧|電子零組|-19 -29 -15|78 97 0 9|0.8 5
3611 鼎翰|電腦及週|19 21 6|95 98 13 5|0.9 6
3617 碩天|其他電子|27 34 27|97 97 48 54|4.7 44
3624 光頡|電子零組|-5 9 -24|57 57 -35 -23|1.0 183
3625 西勝|電腦及週|-60 -35 -18|66 80 -12 -18|0.9 6
3630 新鉅科|光電業|-42 -41 -8|78 98 10 7|3.4 9
3645 達邁|電子零組|-60 -18 -16|65 65 -32 -15|0.3 46
3652 精聯|電腦及週|-21 2 -2|92 98 22 23|1.4 6
3653 健策|電子零組|17 29 -6|87 90 0 4|1.0 588
3661 世芯-KY|半導體業|17 20 3|68 77 2 -22|1.0 4950
3663 鑫科|其他電子|-27 3 4|63 89 15 4|0.1 7
3664 安瑞-KY|通信網路|11 68 62|91 91 21 51|1.2 10
3665 貿聯-KY|其他電子|116 109 40|99 99 10 11|2.8 560
3673 TPK-KY|光電業|9 4 14|84 95 7 -0|2.2 45
3675 德微|半導體業|3 9 -22|67 67 -27 -13|1.1 675
3680 家登|半導體業|37 53 -11|83 96 9 14|1.7 564
3685 元創精密|電機機械|31 36 -1|75 89 15 12|1.3 41
3686 達能|半導體業|-98 -90 -107|75 75 -4 -15|2.9 6
3687 歐買尬|數位雲端|-14 0 -16|44 52 -31 -50|0.3 24
3689 湧德|電子零組|-12 2 -14|76 81 -12 -11|0.5 16
3691 碩禾|光電業|-19 -10 13|69 78 -5 -17|1.0 74
3693 營邦|電腦及週|73 73 40|100 100 48 47|3.1 50
3694 海華|通信網路|4 -11 -10|74 96 7 2|0.8 9
3701 大眾控|電腦及週|13 28 -4|55 69 -4 -16|2.1 119
3702 大聯大|電子通路|-8 -2 -17|93 93 -5 -5|0.7 165
3703 欣陸|建材營造|26 50 8|97 97 6 35|0.5 33
3704 合勤控|通信網路|42 23 20|76 89 -3 -7|0.4 61
3705 永信|生技醫療|-18 -5 -6|96 96 1 1|1.8 7
3706 神達|電腦及週|21 14 18|84 91 -1 -7|1.2 60
3707 漢磊|半導體業|27 28 -3|69 83 -16 -3|0.7 1260
3708 上緯投控|綠能環保|-4 5 14|70 70 -22 14|0.4 166
3710 連展投控|電子零組|-17 -7 2|97 97 26 14|3.6 155
3711 日月光投控|半導體業|25 29 7|71 86 -13 -10|0.8 640
3712 永崴投控|電腦及週|-6 40 -21|79 86 -5 -2|0.4 5
3714 富采|光電業|-31 -27 na|52 72 -12 -25|0.6 187
4102 永日|生技醫療|19 20 12|96 96 30 28|3.4 11
4104 佳醫|生技醫療|16 8 3|100 100 11 26|1.7 15
4105 東洋|生技醫療|14 15 2|98 98 11 14|1.4 35
4106 雃博|生技醫療|19 20 6|68 68 4 11|2.6 13
4107 邦特|生技醫療|16 10 10|100 100 4 10|1.5 15
4114 健喬|生技醫療|44 39 15|98 98 54 77|1.6 485
4116 明基醫|生技醫療|100 122 56|87 87 1 128|0.3 230
4119 旭富|生技醫療|-47 -14 26|92 97 3 -3|2.1 27
4121 優盛|生技醫療|19 17 10|86 86 13 37|2.2 32
4123 晟德|生技醫療|56 65 60|94 95 3 8|1.7 69
4128 中天|生技醫療|-18 -20 -25|100 100 47 49|4.4 151
4129 聯合|生技醫療|-1 31 17|97 97 17 10|4.5 6
4130 健亞|生技醫療|5 7 -5|90 90 14 17|3.3 17
4133 亞諾法|生技醫療|-41 -33 -14|57 57 -2 26|3.1 108
4137 麗豐-KY|生技醫療|5 -13 -9|70 87 -6 -13|2.1 19
4139 馬光-KY|生技醫療|9 10 8|96 96 13 9|0.7 12
4142 國光生|生技醫療|425 352 -59|75 91 14 4|1.2 81
4147 中裕|生技醫療|-13 -31 -569|81 91 6 6|4.1 25
4148 全宇生技-KY|生技醫療|81 70 24|78 78 21 21|2.1 81
4155 訊映|生技醫療|-33 24 12|100 100 8 14|2.9 6
4157 太景*-KY|生技醫療|117 40 70|87 87 8 14|1.5 98
4162 智擎|生技醫療|34 20 -31|100 100 86 72|2.1 1059
4163 鐿鈦|生技醫療|29 22 13|98 98 13 18|2.7 14
4164 承業醫|生技醫療|64 66 37|98 98 17 16|2.4 31
4167 松瑞藥|生技醫療|-17 -32 -3|84 86 5 23|3.7 12
4168 醣聯|生技醫療|-22 1956 na|100 100 45 43|4.8 31
4171 瑞基|農業科技|-65 -13 -17|51 51 -18 9|1.3 99
4173 久裕|生技醫療|19 9 9|91 91 13 22|1.7 6
4174 浩鼎|生技醫療|-68 -63 na|63 70 -26 -23|1.4 47
4175 杏一|生技醫療|5 13 2|80 81 5 16|2.5 18
4207 環泰|食品工業|18 21 4|84 84 -6 11|1.0 7
4303 信立|塑膠工業|-19 -8 -9|59 68 -20 -17|0.5 8
4306 炎洲|塑膠工業|-14 -13 -13|90 92 -6 3|0.6 7
4402 郡都開發|紡織纖維|60 36 -31|95 95 42 161|0.7 20
4426 利勤|紡織纖維|223 140 117|99 99 39 47|0.5 48
4432 銘旺實|紡織纖維|0 70 39|85 85 66 93|1.1 84
4438 廣越|紡織纖維|43 34 -35|93 98 18 21|2.7 28
4503 金雨|電機機械|136 65 37|86 86 15 41|0.3 42
4513 福裕|電機機械|-16 -7 -25|95 95 45 47|0.9 27
4532 瑞智|電機機械|-24 -15 -11|99 99 13 10|4.5 8
4536 拓凱|運動休閒|31 52 25|99 99 46 42|1.6 174
4541 晟田|其他|22 20 -26|97 97 30 39|0.3 27
4543 萬在|電機機械|11 9 -3|96 96 30 70|1.0 125
4551 智伸科|汽車工業|15 6 2|85 89 9 7|0.4 176
4557 永新-KY|汽車工業|82 76 23|94 94 69 79|2.2 50
4564 元翎|電機機械|-31 -34 -33|65 83 -2 -11|4.7 8
4566 時碩工業|電機機械|10 10 -1|96 96 10 26|2.6 38
4572 駐龍|電機機械|16 49 -11|83 83 -1 24|0.2 27
4580 捷流閥業|電機機械|14 13 -1|97 100 6 0|2.4 9
4583 台灣精銳|電機機械|3 5 na|na na -4 na|0.8 6
4707 磐亞|化學工業|-67 38 13|100 100 6 9|1.9 10
4721 美琪瑪|化學工業|11 72 -55|78 89 -10 -3|1.2 226
4726 永昕|生技醫療|-52 -2 -23|100 100 32 33|7.5 40
4728 雙美|生技醫療|45 54 33|95 95 36 49|1.3 7
4736 泰博|生技醫療|72 91 29|78 78 11 30|1.9 389
4737 華廣|生技醫療|2 26 11|96 96 22 33|3.0 25
4739 康普|化學工業|31 54 6|76 79 -10 -20|1.4 330
4743 合一|生技醫療|-47 3834 1347|91 100 65 41|0.9 457
4746 台耀|生技醫療|78 27 16|92 92 26 9|2.4 110
4755 三福化|化學工業|2 33 -21|67 67 -24 -1|0.5 266
4763 材料*-KY|化學工業|77 63 32|98 98 9 41|1.9 91
4766 南寶|化學工業|23 23 9|97 97 7 8|1.4 11
4768 晶呈科技|化學工業|111 73 na|na na 44 na|0.7 160
4770 上品|化學工業|59 71 na|na 97 31 66|1.9 178
4804 大略-KY|觀光餐旅|-55 -42 -13|49 49 -35 9|0.7 7
4904 遠傳|通信網路|1 4 -3|87 87 -6 5|0.7 252
4906 正文|通信網路|31 17 15|100 100 8 15|0.9 124
4908 前鼎|通信網路|3 11 -20|97 97 20 33|0.6 100
4911 德英|生技醫療|164 200 130|100 100 129 137|1.6 11
4912 聯德控股-KY|電子零組|-3 26 31|56 56 -19 -38|0.8 8
4915 致伸|電子零組|36 35 24|94 94 11 37|0.5 300
4916 事欣科|電腦及週|10 -2 -8|67 84 1 -3|0.4 23
4919 新唐|半導體業|-5 2 -19|65 65 -28 -12|0.6 1191
4923 力士|半導體業|-10 6 na|na 75 -19 na|0.6 6
4927 泰鼎-KY|電子零組|-40 -2 -23|47 60 -23 -32|1.4 127
4931 新盛力|電腦及週|110 101 35|90 90 -10 46|1.6 360
4934 太極|光電業|114 59 66|75 86 -0 -7|0.6 41
4935 茂林-KY|光電業|22 -6 11|74 92 1 -9|0.4 8
4938 和碩|電腦及週|22 17 2|93 93 -2 -3|0.8 236
4942 嘉彰|光電業|-13 -9 -16|79 81 -5 -17|0.8 9
4943 康控-KY|電子零組|-67 -39 -11|23 57 -23 -41|2.3 5
4945 陞達科技|半導體業|-5 30 -6|67 75 -11 -23|0.2 8
4950 金耘國際|鋼鐵工業|-91 -69 -320|84 84 -11 3|0.4 8
4952 凌通|半導體業|-26 -8 -22|72 72 -24 -15|0.3 35
4953 緯致|資訊服務|28 31 1|94 94 8 6|2.2 14
4958 臻鼎-KY|電子零組|13 17 -1|94 94 -1 23|0.7 473
4960 誠美材|光電業|-14 -5 -9|81 87 -2 -6|0.8 29
4961 天鈺|半導體業|-32 -23 -70|48 64 -24 -33|0.6 350
4966 譜瑞-KY|半導體業|-3 23 -4|39 44 -45 -53|0.9 858
4967 十銓|半導體業|-6 -13 -8|56 70 -6 -28|0.5 7
4968 立積|半導體業|-26 -41 6|42 62 -35 -25|0.5 170
4971 IET-KY|半導體業|5 21 -9|83 85 -11 5|1.4 7
4974 亞泰|電子零組|-26 -6 -2|97 97 2 6|0.5 5
4976 佳凌|光電業|-6 -17 13|61 86 -5 -8|1.7 85
4977 眾達-KY|通信網路|36 12 35|95 95 48 55|5.6 159
4979 華星光|通信網路|31 24 25|91 91 92 114|0.6 147
4989 榮科|電子零組|-22 -13 -43|56 71 -12 -26|0.5 8
5009 榮剛|鋼鐵工業|44 48 -4|84 84 -6 16|0.6 217
5011 久陽|鋼鐵工業|24 14 -28|62 63 -24 -32|0.7 13
5014 建錩|鋼鐵工業|11 22 -0|69 74 -9 -16|0.4 14
5015 華祺|鋼鐵工業|31 24 2|97 97 50 64|1.6 37
5203 訊連|資訊服務|10 12 13|87 94 13 -6|1.5 15
5211 蒙恬|資訊服務|16 27 20|87 90 25 19|1.2 14
5222 全訊|半導體業|-3 21 na|na 87 0 -3|2.3 50
5225 東科-KY|其他電子|60 43 25|100 100 24 13|6.2 8
5227 立凱-KY|電子零組|44 107 -33|60 66 -14 -33|0.6 23
5234 達興材料|光電業|-36 -17 -21|49 63 -22 -34|0.7 14
5236 凌陽創新|半導體業|-72 -48 -29|47 64 -25 -33|0.6 11
5243 乙盛-KY|光電業|19 31 19|88 91 -3 14|1.3 93
5245 智晶|光電業|4 12 6|69 95 7 5|0.6 27
5251 天鉞電|光電業|59 88 71|95 95 29 24|1.0 27
5258 虹堡|電腦及週|89 76 12|93 93 24 101|2.0 1351
5263 智崴|文化創意|-11 19 28|72 91 -0 0|0.7 14
5269 祥碩|半導體業|-32 -12 7|39 46 -36 -49|1.2 661
5272 笙科|半導體業|-7 6 -18|76 76 -24 5|0.4 19
5274 信驊|半導體業|30 45 -5|62 66 -10 -24|0.9 1327
5283 禾聯碩|電器電纜|11 3 -14|92 95 0 -4|1.2 6
5284 jpp-KY|其他|37 27 14|94 94 18 13|2.0 7
5285 界霖|半導體業|-2 3 -16|66 85 -1 -5|0.4 28
5287 數字|數位雲端|25 25 8|85 90 -4 -5|2.4 8
5288 豐祥-KY|電機機械|31 24 -0|96 96 3 14|0.9 11
5289 宜鼎|電腦及週|-17 -11 -45|81 84 -2 -9|1.1 25
5299 杰力|半導體業|-24 -5 -27|61 71 -28 -26|0.6 32
5306 桂盟|運動休閒|-3 -3 -6|66 87 -1 -13|0.8 19
5309 系統電|電子零組|51 42 -21|90 90 -9 12|1.3 141
5321 美而快|數位雲端|18 22 2|60 60 -29 -35|0.5 23
5344 立衛|半導體業|-21 -21 -5|56 85 19 -7|0.6 5
5347 世界|半導體業|27 46 -0|45 62 -24 -38|0.8 492
5351 鈺創|半導體業|-31 -8 -70|52 62 -24 -33|0.5 207
5353 台林|通信網路|36 33 -7|96 96 92 91|1.5 206
5371 中光電|光電業|3 15 -5|74 93 21 -3|1.0 204
5388 中磊|通信網路|65 57 21|91 91 20 30|0.8 909
5425 台半|半導體業|25 25 -0|96 96 8 35|1.7 1385
5426 振發|電腦及週|31 36 12|97 97 22 32|0.7 21
5434 崇越|電子通路|28 35 6|96 96 1 0|0.6 39
5439 高技|電子零組|-16 -18 -29|68 87 1 -6|1.0 6
5443 均豪|半導體業|-30 -20 -14|73 87 -7 -3|1.8 8
5457 宣德|電子零組|24 31 -4|66 92 -6 4|1.2 52
5464 霖宏|電子零組|-12 -1 -9|85 85 -4 14|0.3 11
5469 瀚宇博|電子零組|-13 -10 -15|74 80 -4 -17|1.0 29
5471 松翰|半導體業|-52 -40 -17|66 71 -14 -25|0.4 16
5475 德宏|電子零組|-79 -77 -108|39 63 -20 -37|0.9 21
5483 中美晶|半導體業|28 24 7|70 93 -2 -1|0.8 878
5488 松普|電子零組|8 -2 -4|99 99 34 34|3.2 9
5522 遠雄|建材營造|-30 -15 -61|97 97 3 8|0.9 24
5530 龍巖|其他|25 41 32|86 86 -10 -2|0.4 9
5533 皇鼎|建材營造|1457 443 17|93 93 -6 4|0.5 7
5534 長虹|建材營造|294 1473 916|98 98 3 4|1.3 34
5536 聖暉*|其他電子|81 49 -3|97 100 13 11|2.2 21
5603 陸海|航運業|-17 6 -11|74 74 -7 16|3.4 45
5607 遠雄港|航運業|28 36 -7|78 91 13 -10|1.6 21
5608 四維航|航運業|39 45 -62|46 59 -32 -40|0.8 103
5609 中菲行|航運業|15 26 -48|78 78 -20 -16|0.4 24
5706 鳳凰|觀光餐旅|-58 2 2|92 92 -3 12|1.8 64
5820 日盛金|金融業|-10 -14 -28|98 98 -0 -2|1.3 5
5871 中租-KY|其他|23 21 1|74 80 -9 -13|1.5 692
5876 上海商銀|金融保險|25 15 10|92 92 -3 10|1.4 177
5880 合庫金|金融保險|21 6 8|94 94 6 9|0.9 268
5902 德記|居家生活|15 21 -9|98 98 41 59|1.2 6
5903 全家|居家生活|20 14 12|77 96 6 -5|0.8 7
5904 寶雅|居家生活|41 30 23|88 100 57 17|0.9 307
6005 群益證|金融保險|-37 -42 -19|79 82 -8 -13|0.8 23
6015 宏遠證|金融業|-37 -68 314|68 83 -9 -11|0.4 6
6016 康和證|金融業|-38 759 553|82 83 -7 -8|0.4 7
6026 福邦證|金融業|-105 -101 -295|68 77 -9 -21|1.2 19
6104 創惟|半導體業|-22 -2 -55|39 39 -41 -58|0.4 1146
6109 亞元|通信網路|-2 10 2|92 92 38 41|0.4 12
6111 光聚晶電|文化創意|486 386 194|75 82 -16 -12|1.0 48
6113 亞矽|電子通路|48 18 -2|91 91 10 95|1.3 131
6114 久威|電子零組|-19 -4 4|93 93 36 32|1.0 43
6116 彩晶|光電業|-42 -42 -11|72 79 -3 -18|0.8 126
6117 迎廣|電腦及週|17 7 -7|86 86 23 21|1.5 12
6118 建達|電子通路|23 15 -0|92 94 68 46|0.6 790
6120 達運|光電業|-22 -29 -36|62 76 -5 -24|2.2 15
6121 新普|電腦及週|-2 -2 2|92 97 7 -0|0.5 124
6122 擎邦|電機機械|14 29 -40|88 88 -5 39|0.3 11
6125 廣運|電機機械|72 56 46|99 99 26 36|1.7 180
6126 信音|電子零組|-6 -3 1|80 98 8 2|0.4 8
6129 普誠|半導體業|13 14 -17|90 90 5 11|1.3 623
6133 金橋|電子零組|41 51 18|97 97 149 210|1.5 701
6134 萬旭|電子零組|6 -5 14|69 87 -5 -1|0.5 5
6138 茂達|半導體業|-3 17 -8|51 55 -31 -33|0.6 232
6139 亞翔|其他電子|71 42 -21|95 95 -2 6|0.5 12
6142 友勁|通信網路|43 13 31|75 92 11 16|1.1 12
6143 振曜|通信網路|28 12 14|97 97 23 33|0.4 70
6146 耕興|其他電子|21 23 0|97 97 18 30|0.6 69
6147 頎邦|半導體業|-23 -12 -16|78 87 -10 -12|0.4 115
6150 撼訊|電腦及週|-58 -57 -113|37 47 -25 -52|0.5 60
6152 百一|通信網路|4 14 6|86 96 8 16|1.2 10
6153 嘉聯益|電子零組|21 4 20|97 100 10 15|2.1 72
6156 松上|電子零組|-19 -6 -15|77 86 3 -2|0.4 9
6160 欣技|電腦及週|3 -5 -14|87 87 28 19|0.7 16
6161 捷波|電腦及週|6 -12 -43|82 82 -2 -7|0.9 6
6163 華電網|資訊服務|33 48 -17|71 89 6 -11|0.8 6
6164 華興|光電業|5 -1 -16|71 83 -3 -1|0.5 9
6166 凌華|電腦及週|22 31 14|79 88 -2 -6|1.2 11
6167 久正|光電業|36 35 -15|88 96 19 21|1.3 46
6168 宏齊|光電業|-33 -23 -19|72 86 -10 -9|1.1 9
6170 統振|通信網路|-41 -2 5|61 90 -9 3|0.5 9
6173 信昌電|電子零組|-44 -36 -24|66 76 -13 -21|0.7 8
6174 安碁|電子零組|15 26 -24|81 81 -5 8|0.6 5
6176 瑞儀|光電業|32 4 11|99 99 3 7|0.5 118
6177 達麗|建材營造|-88 -37 -9909|95 97 2 3|0.7 8
6180 橘子|文化創意|1 -0 -10|92 92 -7 -1|0.4 18
6182 合晶|半導體業|36 32 -6|59 67 -14 -26|1.1 443
6187 萬潤|半導體業|-27 -11 -25|62 63 -10 -34|2.6 50
6188 廣明|電腦及週|17 34 22|95 98 18 11|2.1 85
6189 豐藝|電子通路|-36 -12 -16|93 93 -3 -2|0.6 11
6190 萬泰科|通信網路|21 28 -10|99 99 11 26|1.6 231
6191 精成科|電子零組|-16 -11 -9|73 88 -8 -11|0.6 38
6192 巨路|其他電子|16 24 13|95 95 -2 1|1.0 8
6196 帆宣|其他電子|73 56 8|69 78 -3 -18|0.9 65
6197 佳必琪|電子零組|17 20 10|86 96 5 -1|0.9 8
6202 盛群|半導體業|-20 -12 -31|63 66 -19 -31|0.4 55
6203 海韻電|電子零組|-70 -57 -22|61 89 1 -4|1.8 7
6205 詮欣|電子零組|-11 -5 -34|79 84 -1 -13|2.6 138
6206 飛捷|電腦及週|17 40 -9|87 87 7 22|0.3 137
6209 今國光|光電業|3 8 -1|79 94 -5 3|1.1 8
6213 聯茂|電子零組|-25 -14 -29|43 59 -31 -40|0.7 123
6214 精誠|資訊服務|12 17 -3|89 95 0 -4|0.6 8
6215 和椿|其他電子|-7 -3 -17|80 97 10 3|0.5 8
6216 居易|通信網路|-29 15 -7|93 93 5 19|0.5 29
6217 中探針|電子零組|15 40 15|91 91 -5 28|0.5 243
6219 富旺|建材營造|-94 -62 -16|62 71 -17 -29|0.3 16
6220 岳豐|電子零組|-0 6 -3|93 93 19 27|1.2 62
6221 晉泰|資訊服務|186 125 89|100 100 37 33|1.1 5
6223 旺矽|半導體業|23 17 -3|63 94 -5 -0|0.9 84
6224 聚鼎|電子零組|-24 -19 -52|43 61 -24 -37|0.8 10
6226 光鼎|光電業|-12 31 13|73 87 -7 -4|0.1 16
6227 茂綸|電子通路|7 8 -0|98 99 14 11|0.7 12
6231 系微|資訊服務|-4 11 -15|68 68 -10 -27|1.4 13
6233 旺玖|半導體業|-1 9 2|57 87 -7 -7|1.4 26
6235 華孚|電腦及週|63 51 13|85 85 -5 28|0.4 248
6237 驊訊|半導體業|-81 -56 -31|41 65 -9 -29|0.4 174
6239 力成|半導體業|2 10 -4|82 92 -8 -5|0.6 130
6240 松崗|資訊服務|-2 -3 1|84 84 13 45|1.2 8
6241 鑫永洋|通信網路|472 14461 10460|46 46 -43 -27|0.3 8
6244 茂迪|光電業|-22 -29 -53|78 84 -1 -12|2.1 55
6245 立端|通信網路|46 57 38|98 98 24 32|0.4 222
6257 矽格|半導體業|6 17 -9|82 88 -12 -5|0.8 91
6261 久元|半導體業|-23 -11 -31|76 85 -8 -13|0.7 24
6265 方土昶|電子通路|-26 -15 -45|63 85 -6 -7|0.6 18
6266 泰詠|電子零組|53 38 15|79 97 17 17|0.8 48
6269 台郡|電子零組|12 17 1|80 95 -3 3|0.5 78
6271 同欣電|半導體業|-4 1 -9|66 73 -16 -20|1.3 455
6274 台燿|電子零組|-20 -16 -28|52 72 -21 -25|0.4 54
6275 元山|電子零組|-11 3 -4|79 84 1 -15|0.3 9
6278 台表科|光電業|3 1 -41|77 90 -3 -3|0.8 328
6279 胡連|電子零組|44 31 11|96 96 27 38|1.0 590
6282 康舒|電子零組|12 32 11|76 85 -0 -12|0.7 90
6283 淳安|其他電子|-37 -19 -1|72 96 8 4|3.2 52
6284 佳邦|電子零組|-3 -4 -6|71 87 -9 -4|0.9 10
6285 啟碁|通信網路|44 45 25|99 99 29 24|0.9 406
6288 聯嘉|汽車工業|-8 16 22|82 95 -2 -2|0.9 13
6290 良維|電子零組|-3 3 -5|93 93 -2 15|0.7 151
6409 旭隼|其他電子|39 52 14|93 93 19 17|1.2 412
6411 晶焱|半導體業|-40 -11 -18|40 63 -18 -36|0.6 133
6412 群電|電子零組|13 11 3|88 88 -1 -10|0.9 14
6414 樺漢|電腦及週|26 28 10|82 90 1 17|0.8 300
6415 矽力*-KY|半導體業|10 22 -21|43 65 -22 -38|1.3 1658
6416 瑞祺電通|通信網路|10 7 12|89 97 16 16|1.5 21
6426 統新|通信網路|41 45 28|93 93 29 23|1.7 103
6432 今展科|電子零組|-36 -32 -31|87 90 11 -0|4.0 12
6435 大中|半導體業|-13 18 -4|77 77 -23 -10|0.4 46
6438 迅得|其他電子|-4 11 -12|73 73 -14 -21|0.4 23
6442 光聖|通信網路|40 24 14|93 93 61 84|1.5 269
6443 元晶|光電業|66 42 -22|84 84 11 -0|2.6 1569
6446 藥華藥|生技醫療|937 980 594|91 91 34 84|0.7 1010
6451 訊芯-KY|半導體業|54 30 41|83 99 9 5|1.8 21
6456 GIS-KY|光電業|-16 -18 -13|76 87 -9 -9|0.9 75
6457 紘康|半導體業|-50 -42 -30|35 53 -24 -45|0.7 12
6461 益得|生技醫療|-86 49 -145|90 90 104 117|0.2 140
6462 神盾|半導體業|100 29 37|68 76 -14 -5|0.6 13
6465 威潤|通信網路|88 14 -17|69 89 10 -6|1.3 9
6469 大樹|生技醫療|21 29 -3|96 96 15 32|1.0 356
6470 宇智|通信網路|113 102 73|85 85 -7 57|0.3 165
6472 保瑞|生技醫療|29 19 -43|96 96 105 115|0.2 291
6477 安集|光電業|241 106 -59|87 87 13 -3|1.1 387
6485 點序|半導體業|-12 -4 -62|49 55 -27 -39|1.1 37
6488 環球晶|半導體業|18 20 7|53 70 -23 -25|0.8 1017
6491 晶碩|生技醫療|6 4 -16|72 83 1 -8|0.6 105
6492 生華科|生技醫療|66 66 36|43 60 -15 -17|1.8 16
6494 九齊|半導體業|-35 -24 -68|49 53 -33 -42|0.7 15
6499 益安|生技醫療|325 171 -262|86 100 16 3|3.5 19
6505 台塑化|油電燃氣|42 66 3|83 87 -11 -9|1.2 157
6508 惠光|農業科技|138 82 29|81 81 15 52|1.6 155
6509 聚和|化學工業|26 25 1|55 74 -11 -24|1.0 66
6510 精測|半導體業|3 14 4|59 73 -4 -23|1.3 92
6512 啟發電|其他電子|62 68 27|92 92 44 48|1.0 9
6514 芮特-KY|通信網路|8 17 16|74 85 -4 15|0.7 8
6515 穎崴|半導體業|83 81 33|83 83 -12 1|1.2 225
6523 達爾膚|生技醫療|1 -11 -26|70 100 10 11|3.4 8
6525 捷敏-KY|半導體業|24 26 3|71 87 -8 -6|0.9 23
6527 明達醫|生技醫療|44 37 26|78 78 28 30|0.6 33
6530 創威|通信網路|5 3 -9|94 94 32 32|1.7 28
6531 愛普*|半導體業|-46 -18 -57|26 63 -30 -37|1.2 541
6533 晶心科|半導體業|22 -16 -40|61 89 15 -5|3.3 1570
6535 順藥|生技醫療|10124 3440 1731|91 96 9 8|1.4 10
6538 倉和|電子零組|47 28 30|86 98 4 2|2.8 13
6541 泰福-KY|生技醫療|na na na|65 70 -5 -8|0.6 71
6546 正基|通信網路|1 23 na|na na 4 na|0.7 392
6547 高端疫苗|生技醫療|19 na na|67 75 -9 -16|2.0 257
6550 北極星藥業-KY|生技醫療|-52 -60 na|na na 102 na|1.8 740
6568 宏觀|半導體業|13 12 20|39 71 -18 -24|1.8 38
6570 維田|電腦及週|23 23 -22|100 100 49 47|6.7 24
6576 逸達|生技醫療|18418 6087 -10942|80 81 -9 -7|0.6 57
6578 達邦蛋白|農業科技|4 -7 1|64 64 -22 5|1.2 7
6579 研揚|電腦及週|42 51 4|94 94 11 29|0.7 10
6581 鋼聯|綠能環保|23 60 17|77 77 -4 7|1.0 11
6582 申豐|橡膠工業|-83 -86 -38|37 57 -19 -43|1.1 27
6589 台康生技|生技醫療|-67 -29 -65|92 100 50 37|6.5 161
6591 動力-KY|電腦及週|-33 -26 -27|77 77 -21 -13|0.6 7
6592 和潤企業|其他|38 34 6|84 88 5 -5|0.8 49
6598 ABC-KY|生技醫療|87 54 39|57 57 -9 4|2.4 20
6603 富強鑫|電機機械|3 7 -5|88 88 4 8|1.6 51
6605 帝寶|汽車工業|29 17 9|99 99 21 52|0.6 82
6609 瀧澤科|電機機械|6 -1 -39|80 80 -20 9|0.4 11
6612 奈米醫材|生技醫療|35 37 -2|84 84 1 1|0.5 6
6613 朋億*|其他電子|48 28 -56|54 54 -42 -43|6.3 10
6643 M31|半導體業|28 38 19|79 97 18 11|2.9 141
6649 台生材|生技醫療|203 156 -315|91 91 61 74|0.6 12
6651 全宇昕|半導體業|-7 20 -3|67 84 -9 -11|0.6 5
6664 群翊|電子零組|25 33 3|91 91 -4 6|0.7 15
6667 信紘科|其他電子|125 66 4|84 89 3 -3|1.0 8
6668 中揚光|光電業|-4 16 32|71 93 2 -2|1.1 12
6669 緯穎|電腦及週|54 57 32|68 75 -14 -20|0.7 333
6670 復盛應用|運動休閒|21 33 -1|93 93 1 8|0.6 61
6672 騰輝電子-KY|電子零組|-42 -39 -57|49 68 -14 -32|1.2 17
6679 鈺太|半導體業|-30 -20 -28|48 56 -24 -44|0.8 135
6683 雍智科技|半導體業|9 6 -1|65 87 -0 6|6.0 53
6684 安格|半導體業|-39 -26 -44|31 44 -34 -53|1.9 8
6690 安碁資訊|數位雲端|107 93 33|88 88 12 4|0.9 16
6691 洋基工程|其他電子|60 40 na|na 96 8 7|2.5 21
6693 廣閎科|半導體業|23 28 na|na 81 -17 -14|0.6 6
6706 惠特|光電業|-31 -12 -69|52 66 -15 -28|0.9 106
6712 長聖|生技醫療|28 51 -217|89 100 38 41|2.5 436
6715 嘉基|電子零組|39 103 65|84 84 9 41|0.2 48
6719 力智|半導體業|-4 16 na|na 44 -45 -52|0.7 519
6727 亞泰金屬|電子零組|40 -12 -36|98 99 10 6|1.7 9
6732 昇佳電子|半導體業|-63 -40 -29|40 71 -12 -27|1.6 31
6741 91APP*-KY|數位雲端|3 8 -11|33 61 -29 -32|1.1 40
6743 安普新|其他電子|-18 -8 -14|51 60 -13 -40|1.0 11
6756 威鋒電子|半導體業|-24 -7 -49|42 57 -21 -39|0.6 144
6763 綠界科技*|數位雲端|-14 -7 na|na na -9 na|0.6 9
6767 台微醫|生技醫療|63 69 14|92 92 26 19|2.3 6
6768 志強-KY|運動休閒|82 47 46|99 99 8 29|2.5 26
6770 力積電|半導體業|25 35 na|na 58 -39 -32|1.0 1000
6781 AES-KY|電子零組|46 47 2|48 70 -19 -25|1.0 905
6788 華景電|半導體業|28 50 na|na 68 -15 -32|0.7 34
6792 詠業|通信網路|-25 -21 na|na 71 -4 -21|3.2 8
6796 晉弘|生技醫療|3 -0 na|na na 124 na|0.5 97
6799 來頡|半導體業|21 26 na|na na -33 na|0.9 41
6803 崑鼎|綠能環保|21 22 10|100 100 17 22|1.4 6
6806 森崴能源|綠能環保|-53 88 na|na 71 -10 -7|0.8 50
6829 千附精密|半導體業|-9 -5 na|na 94 1 9|1.2 6
8011 台通|通信網路|-18 -12 -35|76 87 -2 -6|0.6 13
8016 矽創|半導體業|-40 -31 -56|70 75 -7 -24|0.9 325
8021 尖點|其他電子|-16 -10 -23|68 84 -9 -14|0.6 10
8027 鈦昇|電機機械|-34 11 -24|87 90 -5 7|1.3 42
8028 昇陽半導體|半導體業|18 6 -6|94 94 7 48|0.5 778
8032 光菱|電子通路|14 25 9|87 87 5 17|0.2 10
8033 雷虎|其他|11 -1 -11|91 94 -4 15|1.0 16
8038 長園科|電子零組|-8 229 157|74 88 -1 -1|0.5 5
8039 台虹|電子零組|-26 -14 -8|87 92 -8 -2|0.9 7
8040 九暘|半導體業|16 6 -29|58 70 -4 -19|0.6 28
8043 蜜望實|電子零組|1 1 -15|95 95 9 10|4.9 6
8044 網家|數位雲端|-17 -10 -13|41 66 -18 -28|0.8 41
8046 南電|電子零組|13 24 -5|40 47 -32 -48|0.9 3159
8049 晶采|光電業|2 12 -7|99 99 8 7|0.7 20
8050 廣積|電腦及週|16 -2 -16|98 98 62 100|1.4 473
8054 安國|半導體業|74 47 42|58 63 -13 -32|0.6 29
8068 全達|電子通路|104 417 278|62 72 -23 -9|0.5 6
8069 元太|光電業|44 77 31|95 95 12 80|0.6 4646
8070 長華*|電子通路|3 15 -9|92 94 -3 -1|0.7 15
8071 能率網通|電子零組|5 39 51|87 87 6 16|1.0 22
8072 陞泰|電子通路|-25 -13 -1|91 91 6 6|0.9 5
8076 伍豐|電腦及週|23 18 -6|100 100 24 28|3.5 62
8081 致新|半導體業|-27 -14 -24|58 65 -28 -34|0.8 60
8083 瑞穎|電機機械|-17 -22 -10|100 100 6 6|0.9 13
8084 巨虹|電子通路|45 17 13|100 100 22 48|0.9 12
8085 福華|其他電子|10 -1 4|99 99 28 44|3.2 6
8086 宏捷科|半導體業|-50 -49 -35|48 82 -10 -14|1.8 69
8091 翔名|半導體業|18 29 -15|88 88 4 -5|1.3 20
8096 擎亞|電子通路|-26 -33 -36|87 87 -10 4|0.5 10
8097 常珵|通信網路|418 1171 518|91 91 -5 119|3.2 119
8103 瀚荃|電子零組|-19 -4 -22|73 87 -1 -12|0.5 12
8104 錸寶|光電業|43 49 33|47 63 -18 -34|0.5 18
8105 凌巨|光電業|-0 3 -17|95 97 20 13|1.1 53
8107 大億金茂|電機機械|-21 -16 15|94 94 22 10|3.0 12
8109 博大|電子零組|14 15 -2|100 100 16 22|3.7 5
8110 華東|半導體業|30 20 -27|63 78 -9 -20|1.1 10
8111 立碁|光電業|-28 -29 -15|64 72 -9 -13|0.7 5
8112 至上|電子通路|-23 -20 -35|76 78 -14 -21|0.6 51
8114 振樺電|電腦及週|52 43 13|100 100 42 78|0.8 677
8121 越峰|電子零組|-7 6 -16|52 74 -16 -11|0.4 22
8131 福懋科|半導體業|9 9 4|98 98 0 1|0.5 9
8150 南茂|半導體業|-19 -9 -14|64 74 -23 -25|0.6 76
8155 博智|電子零組|18 24 -6|58 58 -18 -35|0.6 153
8163 達方|電腦及週|-0 3 -9|87 88 1 -8|0.6 19
8171 天宇|綠能環保|-14 137 -173|69 77 -19 -17|1.8 17
8183 精星|其他電子|109 88 33|91 91 1 26|2.4 228
8201 無敵|其他電子|-54 -44 -13|66 87 1 -13|0.6 8
8210 勤誠|電腦及週|29 38 11|89 96 14 8|2.2 40
8213 志超|電子零組|-41 -28 -34|80 80 -17 -13|0.4 23
8215 明基材|光電業|-6 -7 -7|77 91 -8 -2|0.6 43
8222 寶一|電機機械|23 41 2|94 94 53 59|0.5 66
8234 新漢|電腦及週|26 25 -0|98 98 39 56|0.4 46
8255 朋程|電機機械|12 4 3|66 77 11 -11|0.7 342
8261 富鼎|半導體業|-3 10 -4|81 81 -15 15|0.9 450
8271 宇瞻|半導體業|-6 -7 -19|82 88 -5 -9|0.6 6
8279 生展|生技醫療|71 52 23|98 98 36 48|1.8 27
8289 泰藝|電子零組|-1 12 -24|96 97 3 27|1.0 50
8299 群聯|半導體業|-3 -3 -27|59 64 -18 -34|0.6 288
8341 日友|綠能環保|18 14 -5|79 79 -14 -8|0.7 17
8349 恒耀國際|鋼鐵工業|9 10 3|98 98 24 27|4.1 17
8358 金居|電子零組|-38 -24 -45|55 64 -19 -34|0.6 61
8390 金益鼎|綠能環保|-10 12 7|79 81 -6 -13|0.4 9
8401 白紗科|其他|14 19 13|99 99 17 6|0.9 6
8403 盛弘|生技醫療|20 18 14|100 100 25 48|1.2 60
8415 大國鋼|鋼鐵工業|-2 20 -26|84 86 2 -9|0.5 22
8420 明揚|運動休閒|40 42 -2|100 100 41 115|1.2 62
8421 旭源|其他|-11 2 -9|95 95 16 33|2.2 48
8422 可寧衛*|綠能環保|80 116 61|75 91 -3 -7|0.9 25
8431 匯鑽科|其他電子|4 6 -1|71 72 -16 -21|0.7 7
8432 東生華|生技醫療|17 8 3|98 98 15 15|0.9 6
8433 弘帆|居家生活|27 43 9|94 94 30 55|0.7 17
8436 大江|生技醫療|-24 -19 -9|59 75 -1 -25|2.2 51
8440 綠電|綠能環保|-13 -9 -18|52 52 -29 -14|0.5 38
8442 威宏-KY|其他|55 65 4|92 92 11 39|1.0 14
8450 霹靂|文化創意|6 -7 -2|46 76 0 -18|0.3 26
8454 富邦媒|數位雲端|11 8 -16|41 83 -2 -1|0.7 443
8464 億豐|居家生活|4 8 0|69 86 -11 -9|0.7 77
8467 波力-KY|運動休閒|4 75 -7|82 82 61 68|0.4 17
8478 東哥遊艇|運動休閒|19 0 -56|96 96 45 102|0.1 966
8916 光隆|其他|29 25 9|99 99 19 25|1.6 23
8924 大田|運動休閒|-3 6 -34|75 93 -3 -2|0.7 70
8926 台汽電|油電燃氣|-39 -8 19|95 95 2 5|2.2 33
8927 北基|油電燃氣|40 40 7|94 94 1 19|0.8 7
8928 鉅明|運動休閒|-30 2 -23|83 83 -1 22|1.1 11
8932 智通*|數位雲端|-33 -22 -30|92 92 10 12|4.6 8
8933 愛地雅|運動休閒|22 20 -6|100 100 47 50|6.6 30
8936 國統|其他|-28 -28 -23|91 96 10 10|3.2 47
8938 明安|運動休閒|12 19 1|100 100 26 46|3.0 116
8941 關中|居家生活|2 28 7|95 95 44 75|0.4 10
8996 高力|電機機械|36 25 16|99 99 68 78|2.4 750
9802 鈺齊-KY|運動休閒|79 83 24|98 98 10 78|1.2 310
9904 寶成|運動休閒|34 18 23|87 94 -3 1|0.8 139
9907 統一實|其他|9 10 -23|99 99 31 40|1.1 229
9910 豐泰|運動休閒|45 34 26|72 85 -13 -8|1.1 210
9911 櫻花|居家生活|19 19 8|90 97 1 2|0.9 8
9912 偉聯|電腦及週|-13 -7 -10|81 81 35 33|1.2 13
9914 美利達|運動休閒|6 19 15|69 82 -10 -15|0.6 153
9917 中保科|其他|11 11 5|95 95 -0 4|1.2 16
9919 康那香|其他|9 -18 0|56 71 -7 -13|3.0 27
9921 巨大|運動休閒|32 22 11|69 85 -6 -13|1.0 182
9927 泰銘|其他|-1 -1 -7|89 89 -6 9|1.5 16
9928 中視|其他|16 18 5|97 97 84 86|4.2 7
9933 中鼎|其他|49 35 -8|96 96 2 6|0.5 52
9938 百和|其他|2 3 4|75 90 -4 -9|0.4 25
9939 宏全|其他|13 14 4|98 98 4 6|0.7 37
9940 信義|其他|-26 -22 -36|93 93 -1 -3|0.7 5
9941 裕融|其他|15 15 4|76 76 -13 -13|2.6 181
9942 茂順|其他|7 8 -8|100 100 23 20|4.9 41
9945 潤泰新|其他|-3 15 -8|79 79 -19 -12|0.5 329
9955 佳龍|綠能環保|-4 -14 19|66 66 -13 -13|1.6 43
9958 世紀鋼|鋼鐵工業|-40 -29 -50|64 64 -26 -20|0.5 151