# 2023-12-01 全池(1083 檔)。欄位:代碼 名稱|產業|最新月YoY 3月YoY均 加速度|距52週高% 距120日高% 60日漲% 120日漲%|量能比 日均值M
1101 台泥|水泥工業|-18 -15 -18|87 90 -2 -9|2.0 747
1102 亞泥|水泥工業|-12 -8 -1|98 98 3 -2|1.1 164
1104 環泥|水泥工業|3 3 -11|95 95 -0 3|0.9 20
1108 幸福|水泥工業|12 13 -15|84 84 -2 2|0.6 5
1201 味全|食品工業|10 6 2|93 97 3 -4|0.9 5
1210 大成|食品工業|-10 -6 -8|90 90 1 7|1.1 83
1215 卜蜂|食品工業|1 2 -3|98 98 2 7|0.9 28
1216 統一|食品工業|16 17 6|98 98 5 3|2.8 665
1217 愛之味|食品工業|2 3 0|80 80 -7 1|0.4 17
1218 泰山|食品工業|6 5 3|47 72 -10 -27|1.1 16
1227 佳格|食品工業|-7 0 3|95 98 4 -1|1.1 16
1229 聯華|食品工業|32 11 7|100 100 11 17|1.4 59
1231 聯華食|食品工業|1 1 -4|98 98 4 10|1.0 9
1268 漢來美食|觀光餐旅|14 12 -30|82 85 2 -18|0.4 12
1301 台塑|塑膠工業|-4 -4 18|90 90 -2 -10|1.0 386
1303 南亞|塑膠工業|-18 -17 11|88 89 0 -11|1.6 399
1304 台聚|塑膠工業|-15 -12 10|76 81 -8 -12|0.7 16
1305 華夏|塑膠工業|-4 -3 18|81 88 -6 -1|0.4 24
1307 三芳|塑膠工業|3 -8 -3|100 100 3 15|0.4 14
1308 亞聚|塑膠工業|-39 -34 -6|83 89 -5 -4|1.1 15
1309 台達化|塑膠工業|12 1 20|76 85 -3 -12|0.8 6
1310 台苯|塑膠工業|16 1 26|95 100 8 1|1.0 13
1312 國喬|塑膠工業|-6 -6 10|79 86 -5 -14|2.5 22
1313 聯成|塑膠工業|25 31 33|93 93 2 11|0.9 24
1316 上曜|建材營造|-80 -72 -32|98 100 21 7|1.1 21
1319 東陽|汽車工業|19 17 7|89 89 13 60|0.4 350
1321 大洋|塑膠工業|-25 -24 2|100 100 17 20|3.5 7
1324 地球|塑膠工業|24 10 13|92 92 59 62|0.2 27
1326 台化|塑膠工業|-1 0 14|85 94 0 -6|1.2 169
1338 廣華-KY|汽車工業|-22 -20 4|95 100 17 3|2.7 6
1339 昭輝|汽車工業|12 12 8|100 100 62 75|0.6 33
1342 八貫|其他|4 5 1|72 93 3 -7|1.0 58
1402 遠東新|紡織纖維|0 -1 4|96 96 7 -0|2.1 290
1409 新纖|紡織纖維|-7 -6 12|90 95 1 -4|0.8 18
1432 大魯閣|運動休閒|11 12 -10|82 93 8 -3|1.6 10
1434 福懋|紡織纖維|-16 -15 1|95 96 -1 -4|1.4 31
1437 勤益控|其他|14 33 23|99 99 5 5|2.8 6
1440 南紡|紡織纖維|-7 -8 -1|94 100 9 4|2.1 24
1442 名軒|建材營造|3637 2025 1063|96 96 9 26|2.0 34
1444 力麗|紡織纖維|-37 -35 -3|97 97 -1 -1|0.7 12
1449 佳和|紡織纖維|19 20 20|91 91 17 24|3.3 119
1455 集盛|紡織纖維|22 4 29|97 99 14 6|1.0 11
1463 強盛新|紡織纖維|-32 -14 14|92 92 10 23|1.0 9
1467 南緯|紡織纖維|-20 -11 16|87 87 -3 -1|0.7 6
1471 首利|電子零組|9 45 34|78 78 -3 96|0.3 29
1472 三洋實業|建材營造|28 133 -55|100 100 44 97|1.9 5
1473 台南|紡織纖維|-22 -8 4|94 94 17 29|0.6 13
1476 儒鴻|紡織纖維|27 -7 17|100 100 14 27|1.2 351
1477 聚陽|紡織纖維|2 8 10|90 90 5 58|1.0 657
1503 士電|電機機械|-9 -1 -8|64 64 -16 -30|1.8 166
1504 東元|電機機械|-1 5 1|78 78 -5 -15|0.9 451
1513 中興電|電機機械|23 17 0|85 85 9 7|3.6 618
1514 亞力|電機機械|17 13 -9|99 99 36 23|4.7 281
1515 力山|電機機械|297 194 165|96 96 60 74|0.3 156
1519 華城|電機機械|141 105 45|95 95 -1 90|1.2 2472
1522 堤維西|汽車工業|-3 6 3|92 92 18 47|0.2 183
1524 耿鼎|汽車工業|9 23 10|97 97 35 25|0.2 184
1525 江申|汽車工業|-18 -15 -33|66 66 -4 -24|0.8 6
1527 鑽全|電機機械|-4 -13 16|95 100 2 2|1.2 5
1529 樂事綠能|電機機械|306 186 -16|66 66 -3 -19|1.6 21
1532 勤美|電機機械|-6 14 6|100 100 7 12|2.4 46
1533 車王電|汽車工業|64 47 16|83 83 0 -8|0.9 14
1536 和大|汽車工業|-10 -19 -14|86 89 -2 -7|1.6 26
1537 廣隆|電機機械|5 -10 5|99 99 1 2|1.0 10
1558 伸興|電機機械|-15 33 19|89 94 6 2|0.9 9
1560 中砂|電機機械|3 -3 4|99 99 44 67|0.6 670
1565 精華|生技醫療|-8 -15 -1|75 87 -3 -16|0.8 22
1568 倉佑|汽車工業|-2 -17 2|94 94 39 41|0.7 71
1580 新麥|電機機械|17 24 14|99 99 24 21|0.5 19
1582 信錦|電子零組|34 24 40|100 100 47 62|5.8 292
1584 精剛|其他|86 81 6|86 92 5 -3|0.6 123
1589 永冠-KY|電機機械|-23 -22 -24|60 70 -9 -29|0.6 17
1590 亞德客-KY|電機機械|21 24 11|85 92 10 5|1.3 463
1591 駿吉-KY|電機機械|-92 -86 -3|98 98 5 21|2.3 42
1598 岱宇|運動休閒|34 27 18|74 90 12 -11|1.0 19
1603 華電|電器電纜|42 46 6|89 89 7 30|1.1 56
1604 聲寶|電器電纜|8 2 4|87 87 4 6|0.8 9
1605 華新|電器電纜|8 10 4|68 82 2 -15|1.1 579
1608 華榮|電器電纜|-2 -8 5|83 86 -4 -15|1.0 16
1609 大亞|電器電纜|1 1 7|86 86 -6 -14|0.8 192
1611 中電|電器電纜|-11 -14 3|81 81 -2 -5|1.0 6
1612 宏泰|電器電纜|-11 6 4|92 92 2 -3|0.8 19
1616 億泰|電器電纜|18 2 -4|99 99 13 29|6.0 10
1618 合機|電器電纜|-43 29 -37|97 97 9 52|1.0 51
1701 中化|生技醫療|4 2 -5|72 99 10 2|8.5 9
1702 南僑|食品工業|5 13 3|99 99 5 4|0.7 18
1707 葡萄王|生技醫療|-4 1 -2|84 84 1 -8|1.0 36
1708 東鹼|化學工業|-37 -39 -16|78 86 -1 -9|1.1 14
1709 和益|化學工業|-39 -11 -0|84 90 -1 -11|1.0 7
1710 東聯|化學工業|-14 -9 -2|84 84 -5 -15|1.1 26
1711 永光|化學工業|7 -1 13|92 93 3 -2|0.8 18
1712 興農|化學工業|-27 -16 0|94 97 3 5|0.7 19
1713 國化|化學工業|21 2 26|98 98 24 25|0.7 5
1717 長興|化學工業|-15 -3 11|86 90 1 -10|1.1 41
1720 生達|生技醫療|-3 -1 -13|91 97 7 -2|3.4 34
1721 三晃|化學工業|-17 -13 11|88 88 23 3|0.3 55
1722 台肥|化學工業|-11 -18 -18|99 99 5 7|1.1 81
1723 中碳|化學工業|-24 -26 -7|97 97 4 7|0.6 40
1727 中華化|化學工業|-25 -26 -3|69 75 -4 -25|1.1 13
1731 美吾華|生技醫療|0 2 -1|91 93 4 -6|1.8 11
1733 五鼎|生技醫療|-17 -29 -5|98 98 6 5|4.5 8
1734 杏輝|生技醫療|-6 -5 -12|90 90 3 -1|3.7 16
1736 喬山|運動休閒|5 11 -5|85 89 -9 7|0.4 25
1737 臺鹽|食品工業|-12 -6 1|91 91 1 6|0.8 6
1752 南光|生技醫療|-4 10 -15|74 88 8 -6|6.1 15
1760 寶齡富錦|生技醫療|26 -10 8|63 83 12 -17|3.6 127
1762 中化生|生技醫療|-16 -24 -34|59 64 -3 -31|3.4 23
1773 勝一|化學工業|-4 -5 11|99 99 4 4|1.9 16
1783 和康生|生技醫療|-9 -9 -21|73 79 -12 -11|1.2 8
1784 訊聯|生技醫療|16 21 3|81 81 -6 -6|0.9 12
1785 光洋科|其他電子|22 13 29|97 97 7 6|0.6 85
1786 科妍|生技醫療|18 36 7|84 84 -7 11|0.4 12
1789 神隆|生技醫療|10 10 -2|80 80 -1 3|1.5 20
1795 美時|生技醫療|10 -13 -48|79 80 7 -13|1.8 1736
1799 易威|生技醫療|11 99 26|94 94 89 66|0.8 7
1802 台玻|玻璃陶瓷|11 17 16|75 84 -10 3|0.5 77
1808 潤隆|建材營造|7922 30478 20923|99 99 5 28|0.7 96
1809 中釉|玻璃陶瓷|-6 -13 -3|94 94 8 2|0.5 13
1810 和成|玻璃陶瓷|-3 1 9|65 72 -16 -24|0.8 13
1815 富喬|電子零組|-29 -30 -1|84 84 17 28|0.4 391
1903 士紙|造紙工業|11 -3 -5|75 75 -7 3|0.6 11
1904 正隆|造紙工業|12 5 12|85 85 5 -7|0.6 21
1905 華紙|造紙工業|-8 -15 -5|71 71 -5 -17|1.2 34
1907 永豐餘|造紙工業|-2 -5 4|84 84 4 -9|1.1 61
1909 榮成|造紙工業|-14 -12 1|81 87 0 -10|0.8 17
2002 中鋼|鋼鐵工業|-10 -9 12|84 90 -4 -10|2.5 988
2006 東和鋼鐵|鋼鐵工業|15 12 14|99 99 13 20|0.7 92
2007 燁興|鋼鐵工業|5 -10 15|86 99 10 2|0.7 8
2009 第一銅|鋼鐵工業|2 5 21|81 81 2 -6|2.4 11
2010 春源|鋼鐵工業|-13 -12 5|91 91 -7 6|1.4 8
2014 中鴻|鋼鐵工業|8 21 38|80 90 -1 -0|1.2 87
2015 豐興|鋼鐵工業|25 5 14|92 92 -3 -4|0.6 12
2017 官田鋼|鋼鐵工業|-31 -4 18|83 93 4 -3|0.9 10
2020 美亞|鋼鐵工業|-30 -7 -17|99 99 18 30|0.4 18
2023 燁輝|鋼鐵工業|-2 -4 15|99 100 11 12|1.4 39
2027 大成鋼|鋼鐵工業|-8 -10 0|96 96 4 4|1.2 165
2029 盛餘|鋼鐵工業|35 44 52|100 100 18 17|1.7 19
2030 彰源|鋼鐵工業|-8 -17 6|83 86 1 -12|0.6 6
2031 新光鋼|鋼鐵工業|-20 -9 -7|96 97 2 5|1.2 53
2034 允強|鋼鐵工業|14 4 14|91 96 -2 -2|1.0 10
2049 上銀|電機機械|-5 -12 7|89 93 11 0|1.6 226
2059 川湖|電子零組|-15 -27 -1|89 89 3 106|0.9 1315
2063 世鎧精密|鋼鐵工業|18 20 15|100 100 20 27|1.2 10
2066 世德|電機機械|-17 -13 -15|92 92 10 7|3.5 22
2101 南港|橡膠工業|42 28 25|94 94 -2 -0|2.3 17
2103 台橡|橡膠工業|3 -4 6|84 93 -3 -5|0.7 11
2104 國際中橡|橡膠工業|-23 -26 -3|87 87 -2 -3|0.9 16
2105 正新|橡膠工業|-3 -4 -0|98 98 16 21|1.2 311
2106 建大|橡膠工業|-6 -11 1|99 99 5 9|1.6 21
2108 南帝|橡膠工業|-10 -8 18|86 99 4 0|1.9 11
2201 裕隆|汽車工業|11 11 4|87 89 -10 -10|0.5 389
2204 中華|汽車工業|40 32 4|93 93 -7 14|0.6 485
2206 三陽工業|汽車工業|22 15 -12|77 77 -3 -18|0.6 279
2207 和泰車|汽車工業|5 12 -4|82 85 -0 -14|1.7 180
2208 台船|航運業|-61 -5 -22|77 87 -9 -14|0.5 27
2211 長榮鋼|鋼鐵工業|-37 13 22|100 100 19 40|1.6 85
2228 劍麟|汽車工業|28 13 1|93 93 7 16|0.6 16
2230 泰茂|居家生活|56 44 26|100 100 37 117|0.9 166
2231 為升|汽車工業|-1 3 -15|78 86 -3 -13|1.5 34
2233 宇隆|汽車工業|16 11 13|99 99 46 46|0.4 159
2236 百達-KY|汽車工業|83 43 15|94 94 -6 60|0.8 29
2241 艾姆勒|汽車工業|86 74 62|77 77 -23 -4|0.4 9
2243 宏旭-KY|汽車工業|54 74 -391|76 94 21 0|1.4 5
2247 汎德永業|汽車工業|9 11 -12|89 89 -1 8|1.1 12
2250 IKKA-KY|汽車工業|12 7 11|100 100 29 30|1.5 10
2301 光寶科|電腦及週|-18 -14 -1|69 69 -19 17|0.9 1629
2303 聯電|半導體業|-21 -24 -8|98 98 7 3|1.3 3063
2305 全友|電腦及週|-20 -15 -17|73 88 13 4|0.3 29
2308 台達電|電子零組|-2 -1 -11|86 86 -8 1|1.0 1819
2312 金寶|其他電子|-6 -18 -15|89 89 -6 14|0.7 62
2313 華通|電子零組|-7 -8 5|96 96 56 64|2.0 3590
2314 台揚|通信網路|-53 -54 -53|72 78 -4 -18|0.9 30
2316 楠梓電|電子零組|-34 -28 4|79 79 9 37|0.4 51
2317 鴻海|其他電子|-5 -11 -4|90 90 -6 -2|1.0 3045
2323 中環|光電業|3 3 11|73 73 -11 -17|0.7 60
2324 仁寶|電腦及週|-8 -11 4|82 82 -5 8|1.1 427
2327 國巨*|電子零組|-8 -9 -0|99 99 18 23|1.9 752
2328 廣宇|電子零組|-16 -2 -4|81 81 -7 -12|0.8 32
2329 華泰|半導體業|36 30 29|100 100 42 195|4.1 1745
2330 台積電|半導體業|16 -4 -7|99 99 5 5|1.2 14949
2331 精英|電腦及週|-37 -39 2|72 72 -18 -2|0.5 103
2332 友訊|通信網路|-17 -18 -15|78 78 -16 -1|1.5 54
2337 旺宏|半導體業|-42 -37 0|81 82 -15 -6|0.6 146
2338 光罩|半導體業|-10 -6 -2|81 94 7 -2|3.2 84
2340 台亞|半導體業|13 14 32|88 88 -3 36|0.8 106
2342 茂矽|半導體業|-36 -29 -2|77 86 -5 -9|1.2 8
2344 華邦電|半導體業|1 -7 16|98 98 8 8|1.1 603
2345 智邦|通信網路|9 9 -9|95 95 14 61|0.7 1472
2347 聯強|電子通路|-11 -10 -0|98 98 11 16|1.4 254
2348 海悅|其他|21 34 35|100 100 26 35|1.0 9
2351 順德|半導體業|-7 -8 -1|88 88 13 -0|1.4 145
2352 佳世達|電腦及週|-10 -12 3|77 77 -3 7|1.1 444
2353 宏碁|電腦及週|7 6 23|86 86 -9 8|3.0 805
2354 鴻準|其他電子|-38 2 -4|88 88 -6 -0|0.4 104
2355 敬鵬|電子零組|-15 -2 4|100 100 32 64|1.4 581
2356 英業達|電腦及週|-20 -7 0|58 58 -25 19|1.1 946
2357 華碩|電腦及週|4 -4 7|91 91 -2 30|1.3 1540
2358 廷鑫|其他|-19 -42 -4|63 76 -7 -7|0.4 14
2359 所羅門|其他電子|-1 -11 1|91 91 -5 20|3.1 57
2360 致茂|其他電子|-34 -27 -18|73 73 -22 -1|0.9 533
2362 藍天|電腦及週|31 22 6|93 93 6 4|0.5 16
2363 矽統|半導體業|3 192 158|83 83 32 187|0.4 2923
2364 倫飛|電腦及週|-10 9 -13|81 81 52 48|0.4 151
2365 昆盈|電腦及週|-3 -10 18|98 98 8 9|0.4 7
2367 燿華|電子零組|-19 -27 -13|100 100 23 25|2.0 164
2368 金像電|電子零組|-1 -4 3|99 99 10 73|0.6 1751
2369 菱生|半導體業|32 22 32|99 99 22 65|1.9 236
2371 大同|電機機械|-20 29 -29|71 71 -16 -1|1.2 327
2374 佳能|光電業|-7 2 11|99 99 17 33|0.9 68
2375 凱美|電子零組|-9 -12 8|96 98 12 12|5.0 41
2376 技嘉|電腦及週|104 80 56|69 69 -21 15|0.7 4929
2377 微星|電腦及週|40 38 39|91 91 12 7|1.9 592
2379 瑞昱|半導體業|-3 -8 11|97 97 6 21|1.3 897
2382 廣達|電腦及週|-16 -19 -6|73 73 -18 67|0.8 7401
2383 台光電|電子零組|38 29 32|85 85 -15 72|1.8 1873
2385 群光|電子零組|-12 -12 2|100 100 51 66|0.8 544
2387 精元|電腦及週|-11 -14 -6|96 96 21 45|0.7 103
2388 威盛|半導體業|95 34 3|100 100 50 109|0.8 5356
2390 云辰|其他電子|-10 -0 -13|97 97 25 35|1.2 64
2392 正崴|電子零組|-3 -7 -0|96 96 -2 16|1.8 54
2393 億光|光電業|-2 -1 12|91 91 -1 -0|1.1 33
2395 研華|電腦及週|-11 -17 -15|87 87 2 1|1.5 297
2399 映泰|電腦及週|26 12 14|85 85 -2 11|0.6 55
2401 凌陽|半導體業|4 6 29|98 98 2 36|1.4 512
2402 毅嘉|電子零組|-0 5 -11|77 77 -20 21|1.0 302
2404 漢唐|其他電子|-13 15 -80|100 100 11 19|0.7 210
2405 輔信|電腦及週|-13 7 13|99 99 27 44|1.3 150
2406 國碩|光電業|-46 -47 -1|82 92 5 -7|0.6 16
2408 南亞科|半導體業|-4 -15 35|97 97 8 8|2.8 1186
2409 友達|光電業|23 42 46|80 80 -6 -6|1.0 348
2412 中華電|通信網路|1 0 -2|98 99 3 -0|1.4 858
2413 環科|電子零組|-27 -16 -31|72 84 7 -5|3.5 9
2415 錩新|電子零組|37 30 39|86 86 -9 32|0.4 6
2417 圓剛|電腦及週|-8 -5 12|97 97 84 80|0.5 222
2419 仲琦|通信網路|-68 -58 -54|60 60 -16 20|0.5 29
2420 新巨|電子零組|-3 -17 0|98 98 4 13|0.6 8
2421 建準|電子零組|-20 -14 -9|66 66 -22 15|0.5 648
2423 固緯|其他電子|12 5 -1|97 97 8 3|1.0 11
2425 承啟|電腦及週|24 34 31|77 77 -3 20|0.5 91
2426 鼎元|光電業|10 1 15|88 88 3 2|0.5 7
2427 三商電|資訊服務|1 33 29|86 86 20 10|0.2 83
2428 興勤|電子零組|-12 -10 -5|89 89 -2 10|2.9 23
2436 偉詮電|半導體業|27 36 38|99 99 1 44|1.1 436
2439 美律|通信網路|7 -4 -3|100 100 36 34|2.2 409
2441 超豐|半導體業|12 8 28|100 100 4 15|1.1 29
2442 新美齊|建材營造|26 29 -32|93 93 27 26|1.9 37
2444 兆勁|通信網路|4 15 2|68 94 9 18|1.7 8
2449 京元電子|半導體業|-5 -3 8|94 94 6 62|0.5 791
2450 神腦|通信網路|7 3 2|99 99 6 15|0.8 8
2451 創見|半導體業|1 -4 14|99 99 13 16|0.9 74
2453 凌群|資訊服務|2 5 -1|72 76 5 -15|0.4 67
2454 聯發科|半導體業|28 -4 19|100 100 32 37|0.8 6389
2455 全新|通信網路|81 70 76|97 97 12 49|1.3 480
2457 飛宏|電子零組|-20 -20 -14|75 78 -9 -19|1.9 282
2458 義隆|半導體業|56 44 58|99 99 14 50|0.7 454
2460 建通|電子零組|10 24 39|97 97 6 20|2.3 24
2461 光群雷|其他電子|-5 -10 2|89 89 2 5|1.4 21
2462 良得電|電子零組|1 -2 16|92 92 6 35|0.5 124
2464 盟立|其他電子|-30 -18 -4|85 85 -13 2|0.4 10
2465 麗臺|電腦及週|80 9 34|98 98 73 68|1.5 178
2467 志聖|電子零組|-39 -39 -5|100 100 32 25|3.9 33
2468 華經|資訊服務|45 6 -6|72 72 10 22|0.2 22
2471 資通|資訊服務|7 1 2|85 92 6 -3|0.7 12
2472 立隆電|電子零組|-7 -8 7|100 100 15 20|7.3 22
2474 可成|其他電子|-61 -57 -33|98 98 9 9|2.4 656
2476 鉅祥|電子零組|-16 -20 -8|100 100 31 38|2.9 147
2478 大毅|電子零組|1 4 15|98 98 6 9|4.9 5
2480 敦陽科|資訊服務|29 10 2|98 98 9 12|1.1 40
2481 強茂|半導體業|2 8 15|91 91 7 6|4.3 58
2482 連宇|其他電子|-40 -29 -139|57 57 -20 -42|1.3 36
2484 希華|電子零組|-23 -25 1|91 99 6 0|1.5 28
2485 兆赫|通信網路|-27 -22 -26|81 81 -19 23|0.4 101
2486 一詮|光電業|25 13 22|86 86 -1 10|0.3 247
2488 漢平|其他電子|-6 -8 14|93 93 13 36|0.7 36
2489 瑞軒|光電業|33 29 33|80 80 0 -4|0.9 10
2492 華新科|電子零組|11 9 18|100 100 30 51|3.0 776
2493 揚博|電子零組|-2 5 7|99 99 12 20|0.4 20
2495 普安|電腦及週|-22 -6 -15|81 85 5 -11|0.8 23
2497 怡利電|汽車工業|-0 4 -8|78 90 -4 -4|0.5 27
2498 宏達電|通信網路|-29 -6 -2|72 81 -7 -18|0.9 301
2501 國建|建材營造|-74 -44 -103|94 99 5 1|1.6 23
2504 國產|建材營造|-6 -4 -5|97 97 3 0|1.3 40
2515 中工|建材營造|15 18 -11|94 94 9 5|0.5 115
2516 新建|建材營造|14 38 14|88 88 55 113|0.9 48
2520 冠德|建材營造|14 27 16|100 100 11 34|1.6 44
2527 宏璟|建材營造|22 470 372|100 100 14 14|1.7 7
2530 華建|建材營造|-100 -76 -45|100 100 22 27|2.0 19
2534 宏盛|建材營造|-87 -50 -60|86 97 5 -2|0.6 8
2535 達欣工|建材營造|-18 -17 -3|99 99 10 10|0.4 13
2536 宏普|建材營造|330 93 56|99 99 13 15|0.6 7
2538 基泰|建材營造|-27 99 79|100 100 16 33|0.5 31
2539 櫻花建|建材營造|na na na|98 98 20 44|1.4 33
2540 愛山林|建材營造|81 72 20|90 90 22 42|1.8 72
2542 興富發|建材營造|66 768 233|97 97 5 7|0.6 87
2543 皇昌|建材營造|62 50 21|100 100 220 276|0.5 92
2548 華固|建材營造|377 402 329|100 100 5 3|1.1 27
2597 潤弘|建材營造|-16 -12 -7|95 100 9 5|2.7 8
2603 長榮|航運業|-49 -52 3|97 97 6 36|0.8 1297
2605 新興|航運業|1 2 -8|91 98 16 12|2.2 88
2606 裕民|航運業|17 -5 1|89 100 12 11|3.1 245
2607 榮運|航運業|25 5 15|89 89 4 10|0.9 95
2608 嘉里大榮|航運業|1 -1 5|99 99 -1 1|1.2 7
2609 陽明|航運業|-53 -58 4|80 80 0 -3|1.3 448
2610 華航|航運業|29 27 10|77 77 -8 -5|0.6 621
2611 志信|航運業|3 -9 18|96 100 14 2|2.4 13
2612 中航|航運業|-6 -7 2|100 100 27 31|3.6 15
2614 東森|其他|-1 0 1|60 79 2 -21|0.6 16
2615 萬海|航運業|-45 -54 7|61 83 3 -14|1.2 229
2616 山隆|油電燃氣|-7 -7 6|97 97 -2 -1|2.1 8
2617 台航|航運業|-1 -0 -8|100 100 13 15|3.2 32
2618 長榮航|航運業|47 48 5|77 77 -2 -12|0.8 2157
2630 亞航|航運業|14 13 -4|59 59 2 -32|1.4 81
2633 台灣高鐵|航運業|19 19 -23|92 93 1 -6|1.2 79
2634 漢翔|航運業|17 22 -15|82 82 -12 -8|0.7 326
2636 台驊控股|航運業|-16 -23 28|100 100 9 12|0.8 56
2637 慧洋-KY|航運業|-17 -29 5|80 98 9 -1|2.6 90
2641 正德|航運業|12 3 19|99 100 28 14|3.2 34
2645 長榮航太|航運業|33 26 -1|na 80 -12 2|0.6 82
2702 華園|觀光餐旅|-3 -9 -22|77 77 -1 -16|0.8 5
2704 國賓|觀光餐旅|-11 -12 -7|82 82 -9 -7|1.0 7
2705 六福|觀光餐旅|10 9 -47|67 67 3 -22|0.5 16
2706 第一店|觀光餐旅|19 20 -11|83 83 4 -17|0.8 7
2707 晶華|觀光餐旅|8 8 -17|70 73 -2 -30|0.9 178
2719 燦星旅|觀光餐旅|1816 1870 231|58 58 13 -23|0.4 8
2722 夏都|觀光餐旅|-31 -29 -28|57 57 12 -19|1.0 137
2723 美食-KY|觀光餐旅|-6 -2 -8|61 64 -10 -34|1.2 66
2727 王品|觀光餐旅|5 9 -12|73 75 -4 -26|0.8 199
2729 瓦城|觀光餐旅|16 18 -11|79 79 -16 -11|1.1 32
2731 雄獅|觀光餐旅|553 622 -93|73 78 4 -27|0.6 382
2732 六角|觀光餐旅|-2 -8 -6|62 66 -4 -36|0.8 30
2734 易飛網|觀光餐旅|693 525 26|59 59 8 -29|0.6 40
2736 富野|觀光餐旅|-34 -42 -52|57 57 -4 -33|0.5 84
2739 寒舍|觀光餐旅|23 25 -34|72 72 41 -22|1.6 115
2743 山富|觀光餐旅|896 1000 -182|74 74 21 -17|0.4 693
2745 五福|觀光餐旅|2022 2438 -484|72 72 12 -15|0.6 60
2748 雲品|觀光餐旅|0 1 -21|68 68 6 -19|0.7 308
2753 八方雲集|觀光餐旅|8 8 -0|69 90 3 -11|1.1 38
2754 亞洲藏壽司|觀光餐旅|25 25 -6|56 59 -12 -36|0.7 15
2801 彰銀|金融保險|15 13 -7|99 99 3 3|1.5 149
2809 京城銀|金融保險|7 44 -128|100 100 8 13|1.0 52
2812 台中銀|金融保險|14 10 -5|100 100 6 14|1.3 58
2816 旺旺保|金融保險|6 11 -9|96 96 20 119|1.0 102
2820 華票|金融保險|82 8 -21|97 98 0 -2|0.8 6
2832 台產|金融保險|13 12 5|100 100 6 16|1.3 10
2834 臺企銀|金融保險|-12 -2 -18|94 96 1 -2|1.6 126
2838 聯邦銀|金融保險|-2 -8 -24|88 88 -2 -12|0.5 24
2845 遠東銀|金融保險|-7 16 -8|100 100 4 10|1.3 36
2850 新產|金融保險|1 4 -1|97 97 14 37|1.2 22
2851 中再保|金融保險|23 11 7|92 92 -2 10|0.8 15
2855 統一證|金融保險|-70 -32 -291|92 92 -4 9|1.1 11
2880 華南金|金融保險|17 7 -1|96 99 6 1|2.2 157
2881 富邦金|金融保險|335 94 120|98 98 3 13|1.2 665
2882 國泰金|金融保險|53 11 32|97 97 -1 5|1.3 635
2883 凱基金|金融保險|43 -42 21|93 97 5 -3|4.1 697
2884 玉山金|金融保險|39 39 18|97 97 3 -1|1.4 446
2885 元大金|金融保險|11 4 6|100 100 8 12|1.2 303
2886 兆豐金|金融保險|70 64 25|97 97 7 8|1.4 570
2887 台新新光金|金融保險|-33 -23 -30|98 98 0 2|1.4 163
2889 國票金|金融保險|66 39 25|85 95 -2 -4|1.8 32
2890 永豐金|金融保險|9 11 3|100 100 9 15|1.4 227
2891 中信金|金融保險|249 103 111|99 99 12 14|1.3 1046
2892 第一金|金融保險|-8 -15 -15|98 98 3 4|1.7 401
2903 遠百|貿易百貨|-3 -1 -4|98 98 2 5|1.2 36
2905 三商|貿易百貨|-36 -30 -19|82 90 2 -9|0.5 14
2906 高林|貿易百貨|9 -4 6|91 92 -8 3|0.6 5
2908 特力|貿易百貨|12 4 11|99 99 2 3|0.9 6
2912 統一超|貿易百貨|9 9 -1|95 95 -0 -2|1.2 244
2913 農林|貿易百貨|7 1 -2|70 70 -5 -9|1.0 45
2915 潤泰全|貿易百貨|-20 1 3|91 97 1 6|1.1 133
3003 健和興|電子零組|-12 -18 -2|83 83 -1 -11|0.7 17
3004 豐達科|鋼鐵工業|30 30 -21|76 84 -12 -6|0.7 19
3005 神基|電腦及週|14 5 -7|96 96 48 48|1.7 833
3006 晶豪科|半導體業|17 -2 31|95 95 19 11|0.8 953
3008 大立光|光電業|22 11 15|99 99 9 9|1.3 1234
3010 華立|電子通路|4 4 15|99 99 11 24|0.9 41
3011 今皓|電子零組|5 -8 19|90 90 -1 34|0.7 24
3013 晟銘電|電腦及週|12 10 -8|84 84 12 66|1.1 394
3014 聯陽|半導體業|41 62 45|89 89 6 42|0.3 290
3015 全漢|電子零組|-10 -9 -2|98 98 4 11|1.4 15
3016 嘉晶|半導體業|-23 -31 -7|81 89 4 4|1.9 32
3017 奇鋐|電腦及週|9 7 1|79 79 -8 53|0.7 2860
3019 亞光|光電業|3 -4 6|94 97 2 5|1.2 49
3022 威強電|電腦及週|-14 -23 -36|89 89 6 1|2.1 81
3023 信邦|電子零組|-7 -2 -15|79 79 -9 -14|1.3 189
3024 憶聲|光電業|19 1 -0|96 96 6 20|1.6 26
3026 禾伸堂|電子零組|-9 -6 5|100 100 0 5|2.6 14
3027 盛達|通信網路|35 35 -31|74 74 -2 -11|1.3 24
3028 增你強|電子通路|-6 9 27|99 99 8 4|0.6 13
3029 零壹|資訊服務|23 7 -3|95 95 8 7|0.5 64
3030 德律|其他電子|-52 -37 -1|99 99 2 5|0.8 17
3032 偉訓|電子零組|22 28 5|90 90 22 36|0.6 330
3033 威健|電子通路|-12 -5 -4|85 85 -3 -5|1.1 19
3034 聯詠|半導體業|39 47 47|100 100 21 22|1.0 1971
3035 智原|半導體業|-16 -11 -7|100 100 10 138|1.4 4971
3036 文曄|電子通路|18 9 8|81 81 67 89|0.4 1327
3037 欣興|電子零組|-34 -31 -13|87 87 -6 11|1.0 2229
3038 全台|光電業|-25 -19 -18|77 77 -7 -12|1.0 26
3041 揚智|半導體業|1 -26 14|96 96 70 60|1.4 476
3042 晶技|電子零組|0 -3 16|98 98 4 17|0.7 152
3043 科風|其他電子|-51 -28 -66|60 60 -39 6|1.0 16
3044 健鼎|電子零組|6 -0 12|91 91 -1 63|0.6 833
3045 台灣大|通信網路|3 5 -2|99 100 6 0|2.0 380
3046 建碁|電腦及週|55 73 -0|66 66 -11 -29|0.3 22
3047 訊舟|通信網路|-17 -30 -9|95 99 7 6|2.8 45
3048 益登|電子通路|14 -2 9|91 94 6 -5|0.8 8
3051 力特|光電業|-22 -23 6|100 100 14 103|1.2 109
3055 蔚華科|電子通路|-56 -49 -12|97 97 21 28|2.0 45
3056 富華新|建材營造|-100 -81 -517|79 79 -7 -7|1.1 36
3058 立德|電子零組|-4 -15 -2|66 66 5 -26|1.6 14
3059 華晶科|光電業|-35 -42 -18|94 94 9 12|1.6 169
3060 銘異|電腦及週|7 10 37|100 100 10 33|1.7 22
3062 建漢|通信網路|-35 -33 -34|88 96 3 -3|0.6 39
3071 協禧|電腦及週|-15 -17 -8|73 73 -14 6|0.5 12
3078 僑威|電子零組|54 97 31|98 98 3 28|0.5 581
3081 聯亞|通信網路|-65 -70 -41|80 86 -2 9|0.4 94
3083 網龍|文化創意|-10 13 19|98 98 19 5|4.7 16
3088 艾訊|電腦及週|5 -9 -19|87 87 -9 26|0.8 44
3090 日電貿|電子零組|9 20 22|97 97 9 14|1.2 23
3092 鴻碩|電子零組|-15 -23 15|85 85 -3 2|0.4 6
3094 聯傑|半導體業|-27 -37 -18|96 96 13 22|1.2 209
3105 穩懋|半導體業|32 17 40|88 94 17 -4|1.4 996
3122 笙泉|半導體業|4 -2 31|98 98 110 106|0.9 268
3131 弘塑|半導體業|-20 -12 -3|84 84 6 -1|1.9 278
3138 耀登|通信網路|14 -1 -10|97 100 13 15|2.1 47
3141 晶宏|半導體業|25 -10 18|86 92 5 7|1.5 110
3147 大綜|資訊服務|69 46 39|90 90 52 62|2.3 327
3149 正達|光電業|-25 -27 -5|68 94 12 -0|0.9 21
3152 璟德|通信網路|14 20 24|94 94 29 25|3.3 53
3162 精確|電機機械|2 18 -76|75 83 -7 -15|0.4 14
3163 波若威|通信網路|-3 1 12|88 88 -6 60|0.3 241
3169 亞信|半導體業|-30 -27 8|92 92 11 9|0.9 191
3176 基亞|生技醫療|136 179 156|84 84 53 51|0.8 107
3178 公準|半導體業|4 6 -6|100 100 16 11|3.7 18
3189 景碩|半導體業|-30 -42 -6|77 83 -8 -4|1.3 309
3205 佰研|生技醫療|-22 -20 -3|84 84 7 1|1.4 14
3206 志豐|電子零組|-6 -11 3|96 96 1 33|0.5 11
3207 耀勝|電子零組|-37 -30 -38|79 79 -1 1|1.9 38
3209 全科|電子通路|29 -4 -11|88 97 7 -3|0.8 28
3211 順達|電腦及週|-29 -18 -11|98 98 0 0|1.1 16
3213 茂訊|電腦及週|-23 6 -6|100 100 24 57|0.8 71
3217 優群|電子零組|28 44 36|99 99 19 43|2.1 756
3218 大學光|生技醫療|4 13 -10|72 72 -15 -23|1.6 122
3221 台嘉碩|通信網路|-5 -6 23|96 96 7 5|1.1 12
3224 三顧|電子通路|-8 -12 11|80 94 10 -5|0.9 5
3227 原相|半導體業|65 49 49|95 95 27 48|1.9 561
3228 金麗科|半導體業|-3 28 45|100 100 155 76|0.8 508
3231 緯創|電腦及週|-0 -7 1|59 59 -18 40|0.7 6391
3234 光環|通信網路|-21 -24 15|84 84 18 38|0.5 27
3252 海灣|觀光餐旅|6 -15 -4|79 79 5 -11|0.6 7
3257 虹冠電|半導體業|334 291 193|86 86 -14 18|2.2 103
3260 威剛|半導體業|40 14 28|94 94 14 25|0.7 991
3264 欣銓|半導體業|-2 -3 -5|100 100 16 33|0.9 279
3265 台星科|半導體業|-16 -2 7|91 91 10 41|0.6 102
3266 昇陽|建材營造|259 675 287|98 98 29 31|1.8 7
3268 海德威|半導體業|-11 5 23|99 99 23 24|0.5 7
3276 宇環|電子零組|248 190 173|97 97 82 93|0.5 80
3285 微端|其他電子|-22 -20 -30|93 93 17 36|1.3 6
3287 廣寰科|電腦及週|50 41 19|77 77 -1 26|0.3 8
3289 宜特|其他電子|-7 -5 -10|75 75 -11 4|0.8 66
3290 東浦|電子零組|-11 -10 -21|91 97 3 4|0.5 16
3293 鈊象|文化創意|18 20 2|98 98 12 10|1.5 370
3296 勝德|電子零組|-31 -35 1|88 97 4 2|1.3 7
3305 昇貿|其他電子|-12 -14 17|94 94 5 39|1.3 92
3306 鼎天|通信網路|62 17 16|78 78 -14 44|0.4 78
3311 閎暉|通信網路|13 9 9|87 87 -7 13|0.4 10
3312 弘憶股|電子通路|-13 -13 8|100 100 21 7|1.3 13
3317 尼克森|半導體業|4 26 33|100 100 30 42|3.1 51
3322 建舜電|電子零組|9 14 24|89 89 9 19|0.3 57
3324 雙鴻|其他電子|15 13 22|92 92 11 24|0.5 1666
3325 旭品|電腦及週|45 67 14|85 85 10 37|0.5 118
3338 泰碩|電子零組|20 0 22|81 81 0 32|0.6 62
3339 泰谷|光電業|3 7 27|91 91 10 32|0.3 6
3346 麗清|汽車工業|16 31 -10|87 87 0 10|0.5 51
3356 奇偶|光電業|1 -5 -4|77 77 -1 15|0.7 21
3357 臺慶科|電子零組|-14 -12 6|92 92 0 13|2.3 10
3362 先進光|光電業|21 34 32|100 100 18 94|1.3 482
3363 上詮|通信網路|-18 -21 9|99 99 48 71|0.9 542
3372 典範|半導體業|-4 -3 32|97 97 12 22|2.2 15
3374 精材|半導體業|2 -5 12|97 97 19 26|2.5 629
3376 新日興|電子零組|9 -4 19|95 95 45 46|0.9 919
3380 明泰|通信網路|-38 -36 -35|77 77 -6 0|0.4 54
3390 旭軟|電子零組|92 29 43|100 100 27 30|2.2 15
3402 漢科|其他電子|11 -13 -4|98 98 38 44|2.7 82
3406 玉晶光|光電業|9 21 19|96 96 -1 5|1.3 778
3413 京鼎|半導體業|-24 -25 -21|99 99 7 9|1.1 64
3416 融程電|電腦及週|-6 -14 -20|88 88 -3 18|0.5 12
3419 譁裕|通信網路|-36 -36 -29|82 91 -3 -9|0.6 6
3437 榮創|光電業|42 38 55|100 100 87 68|4.9 9
3438 類比科|半導體業|14 12 32|96 96 10 4|0.7 30
3443 創意|半導體業|-12 4 -29|86 86 13 18|0.8 6016
3444 利機|電子通路|13 10 19|96 96 48 62|1.1 311
3450 聯鈞|半導體業|-6 -13 9|98 98 44 66|0.6 306
3454 晶睿|光電業|-42 -31 -59|59 83 -2 -1|2.0 94
3455 由田|光電業|-37 -48 -19|86 96 4 -5|0.9 12
3479 安勤|電腦及週|-14 -0 -21|85 93 6 -7|2.1 49
3481 群創|光電業|11 18 28|73 73 -12 -11|0.8 304
3483 力致|電腦及週|23 32 28|94 94 15 103|0.6 968
3484 崧騰|電子零組|-32 -38 5|98 99 11 6|1.2 8
3489 森寶|建材營造|-8 -21 2|95 95 7 12|2.3 5
3491 昇達科|通信網路|-23 -27 -13|91 95 7 -1|0.4 153
3504 揚明光|光電業|-30 -35 -0|72 83 0 -16|1.0 32
3512 皇龍|建材營造|2510 1281 978|92 92 21 17|1.3 6
3515 華擎|電腦及週|20 33 23|73 73 -7 19|1.3 148
3518 柏騰|其他電子|1 19 39|91 91 17 27|2.8 17
3521 台鋼建設|建材營造|-59 -33 -46|66 66 -26 -29|1.1 9
3522 御嵿|觀光餐旅|8 -6 -32|100 100 32 13|3.0 6
3526 凡甲|電子零組|22 16 20|94 94 6 27|0.3 49
3527 聚積|半導體業|-31 -9 19|87 99 12 -1|1.6 14
3529 力旺|半導體業|-5 23 12|94 94 28 23|0.9 1383
3530 晶相光|半導體業|12 37 54|91 91 43 36|2.7 158
3531 先益|光電業|-4 9 17|96 96 24 40|0.9 6
3532 台勝科|半導體業|-28 -18 -16|96 96 11 7|1.7 135
3533 嘉澤|電子零組|-14 -13 -7|99 100 6 16|0.8 699
3540 曜越|電腦及週|33 43 -5|75 75 7 -14|3.1 13
3545 敦泰|半導體業|8 36 33|95 95 69 55|1.8 1687
3546 宇峻|文化創意|-3 -16 -0|97 100 3 -1|2.6 12
3548 兆利|電子零組|32 48 37|98 98 106 254|1.2 2838
3551 世禾|綠能環保|-9 -8 -6|96 96 7 25|3.4 11
3552 同致|其他電子|9 7 5|94 100 14 2|2.4 53
3558 神準|通信網路|-16 -12 -50|71 79 -9 0|0.7 77
3563 牧德|光電業|-40 -21 -11|82 82 -2 -2|0.8 28
3564 其陽|通信網路|-26 -32 -17|73 73 16 23|3.2 9
3567 逸昌|半導體業|46 51 48|91 91 -9 54|0.5 24
3570 大塚|資訊服務|-0 3 -13|94 94 23 18|6.1 9
3576 聯合再生|光電業|-59 -53 -37|67 74 -8 -26|0.6 42
3580 友威科|其他電子|-54 -43 -33|81 89 3 3|1.7 6
3583 辛耘|半導體業|22 24 5|89 89 5 63|2.0 478
3587 閎康|其他電子|3 9 -15|77 77 -21 9|0.7 176
3588 通嘉|半導體業|15 13 45|91 91 8 54|0.6 268
3591 艾笛森|光電業|17 17 14|88 88 -0 -3|0.5 10
3592 瑞鼎|半導體業|21 29 47|99 99 12 22|0.8 261
3594 磐儀|電腦及週|-12 -16 -22|86 86 8 -14|1.6 15
3596 智易|通信網路|6 8 -6|91 91 8 45|0.5 256
3605 宏致|電子零組|-5 -10 10|90 99 10 5|1.3 8
3611 鼎翰|電腦及週|-5 6 -2|89 89 -4 18|1.2 17
3615 安可|光電業|20 16 21|95 95 14 16|2.2 13
3617 碩天|其他電子|4 5 -6|75 75 -13 12|0.4 333
3622 洋華|光電業|-35 32 30|86 86 -11 17|0.4 16
3623 富晶通|光電業|16 35 34|95 95 160 210|1.1 65
3624 光頡|電子零組|-14 -18 4|77 88 3 -15|2.3 21
3630 新鉅科|光電業|70 56 55|89 89 7 -10|0.3 9
3645 達邁|電子零組|-18 33 46|80 80 -9 8|1.4 50
3653 健策|電子零組|-6 -5 -15|95 95 1 11|1.3 573
3661 世芯-KY|半導體業|131 113 -16|94 94 25 98|1.6 6653
3665 貿聯-KY|其他電子|-5 -8 -15|87 87 6 3|1.0 147
3666 光耀|光電業|47 63 77|97 97 17 23|0.8 6
3669 圓展|通信網路|-5 -6 10|98 98 32 29|0.3 46
3673 TPK-KY|光電業|-20 -30 -2|79 79 -0 -18|1.0 24
3675 德微|半導體業|-17 -19 -1|82 86 -3 -10|1.1 133
3679 新至陞|電子零組|-11 -12 -4|99 99 13 24|1.2 8
3680 家登|半導體業|107 56 27|91 91 19 12|0.9 556
3687 歐買尬|數位雲端|1 -2 1|93 93 30 25|7.1 12
3689 湧德|電子零組|10 13 12|87 87 3 51|1.9 103
3691 碩禾|光電業|-45 -53 3|72 84 3 -16|0.8 9
3693 營邦|電腦及週|78 84 -6|83 83 -17 111|0.9 1929
3694 海華|通信網路|-16 -16 -7|96 96 31 48|1.7 180
3701 大眾控|電腦及週|4 21 8|83 83 10 -3|0.9 273
3702 大聯大|電子通路|3 0 16|94 94 33 47|1.6 542
3703 欣陸|建材營造|-13 19 27|93 95 4 -4|0.7 22
3704 合勤控|通信網路|-16 -16 -30|84 84 12 33|1.1 250
3705 永信|生技醫療|-1 3 11|98 98 8 8|6.5 11
3706 神達|電腦及週|-34 -23 -12|79 79 3 31|1.0 480
3707 漢磊|半導體業|-29 -29 -13|74 84 -6 -10|1.4 73
3708 上緯投控|綠能環保|-27 -23 2|90 99 4 5|0.8 64
3709 鑫聯大投控|電腦及週|-7 -4 -9|74 74 15 25|0.4 7
3711 日月光投控|半導體業|-12 -17 -4|100 100 8 13|1.0 1146
3712 永崴投控|電腦及週|75 64 41|95 99 10 4|1.2 37
3714 富采|光電業|-8 -5 22|82 85 -2 -13|1.0 49
3715 定穎投控|電子零組|10 13 na|100 100 89 296|0.8 2422
4102 永日|生技醫療|-35 3 -9|92 92 24 24|1.7 21
4104 佳醫|生技醫療|7 9 -6|92 92 -2 3|0.9 12
4105 東洋|生技醫療|30 15 2|96 96 8 10|1.2 90
4107 邦特|生技醫療|-3 -3 -2|95 98 1 -2|0.9 29
4108 懷特|生技醫療|69 41 24|95 95 16 4|1.3 19
4113 聯上|建材營造|-75 13018 1463|97 97 23 86|1.5 30
4114 健喬|生技醫療|13 9 -14|87 98 13 1|7.8 38
4116 明基醫|生技醫療|1 1 -12|94 98 14 11|3.5 13
4119 旭富|生技醫療|23 -8 -73|80 88 -6 -10|1.3 27
4121 優盛|生技醫療|-16 -16 -7|79 89 14 -2|7.3 6
4123 晟德|生技醫療|56 81 -15|79 79 1 -6|1.2 62
4126 太醫|生技醫療|-13 -6 -22|93 93 4 2|2.3 12
4128 中天|生技醫療|-2 4 10|81 88 6 -5|0.6 184
4129 聯合|生技醫療|31 23 -4|98 98 30 23|1.1 217
4130 健亞|生技醫療|1 14 -5|72 91 2 -7|1.9 6
4137 麗豐-KY|生技醫療|-8 2 -17|83 94 3 -7|0.7 8
4138 曜亞|生技醫療|10 16 -15|76 76 6 2|0.7 10
4142 國光生|生技醫療|85 164 -21|80 93 10 -6|3.4 25
4147 中裕|生技醫療|-57 23 -87|64 72 -20 -21|0.5 87
4155 訊映|生技醫療|1 -12 3|69 69 -7 -17|1.2 9
4157 太景*-KY|生技醫療|43 29 -1683|89 89 6 9|4.4 22
4162 智擎|生技醫療|-12 9 -14|72 87 19 9|0.6 275
4163 鐿鈦|生技醫療|6 -1 -15|86 90 2 -7|1.1 8
4164 承業醫|生技醫療|196 58 27|85 89 9 2|0.7 76
4167 松瑞藥|生技醫療|-11 -15 11|81 100 24 30|3.9 78
4168 醣聯|生技醫療|-100 na na|78 88 1 -9|1.0 6
4174 浩鼎|生技醫療|na na na|86 86 -0 -7|1.0 17
4175 杏一|生技醫療|12 8 4|65 78 2 -9|2.7 7
4183 福永生技|生技醫療|97 29 23|89 89 28 36|1.7 6
4188 安克|生技醫療|108 49 50|90 90 42 70|2.6 41
4207 環泰|食品工業|11 4 -4|90 90 -7 10|0.6 6
4306 炎洲|塑膠工業|23 4 22|100 100 10 12|1.0 13
4401 東隆興|紡織纖維|28 -4 33|95 95 35 10|1.0 24
4438 廣越|紡織纖維|-27 -20 -11|95 95 1 2|1.2 8
4503 金雨|電機機械|59 51 3|72 72 6 -13|1.1 19
4506 崇友|電機機械|-2 -1 -11|96 96 -1 5|1.6 8
4510 高鋒|電機機械|5 5 10|77 77 3 20|0.7 7
4526 東台|電機機械|-20 -9 -2|83 83 8 16|1.3 5
4532 瑞智|電機機械|35 19 30|77 77 -1 12|0.7 19
4533 協易機|電機機械|34 -15 -34|76 76 12 80|1.1 83
4536 拓凱|運動休閒|-37 -39 -34|79 98 8 1|0.9 36
4541 晟田|其他|10 -14 -10|69 74 -9 -24|0.8 5
4542 科嶠|電子零組|-36 -5 -30|80 80 -10 138|0.3 48
4543 萬在|電機機械|-0 -28 -15|70 70 2 -9|1.3 45
4550 長佳|電機機械|19 35 -1|100 100 20 31|4.4 11
4551 智伸科|汽車工業|-22 -22 -5|85 87 -6 3|0.5 14
4552 力達-KY|電機機械|5 1 2|84 84 -6 -8|0.7 14
4561 健椿|電機機械|7 31 32|100 100 35 49|2.0 8
4563 百德|電機機械|-2 13 15|70 70 -25 17|0.5 7
4564 元翎|電機機械|-35 -34 -2|75 79 -6 -16|0.5 9
4566 時碩工業|電機機械|-23 -23 -12|76 76 4 -1|1.0 13
4572 駐龍|電機機械|8 25 -16|85 85 -10 9|0.7 43
4581 光隆精密-KY|汽車工業|19 15 -4|87 87 -3 12|0.3 7
4583 台灣精銳|電機機械|11 -9 5|82 82 2 14|1.2 24
4714 永捷|化學工業|-43 -38 1|98 98 9 9|2.0 20
4720 德淵|化學工業|-9 -7 2|100 100 6 3|1.7 6
4721 美琪瑪|化學工業|-62 -59 -7|84 94 11 -5|5.2 14
4726 永昕|生技醫療|62 -3 -22|76 76 -5 -14|2.1 7
4728 雙美|生技醫療|-11 11 -57|71 88 4 -6|0.8 10
4736 泰博|生技醫療|-58 -49 -9|89 95 3 -2|1.9 27
4739 康普|化學工業|-36 -41 -2|82 90 9 -10|2.9 32
4743 合一|生技醫療|98 63 53|79 89 13 -3|0.6 950
4744 皇將|生技醫療|21 30 3|70 71 1 -21|1.1 19
4746 台耀|生技醫療|14 18 0|92 92 18 16|1.8 374
4747 強生製藥|生技醫療|15 20 -8|74 74 -14 19|2.0 13
4755 三福化|化學工業|15 8 22|81 81 -6 0|1.1 18
4763 材料*-KY|化學工業|201 190 66|76 76 -2 111|0.8 4491
4766 南寶|化學工業|1 -5 -0|93 93 18 53|1.1 129
4768 晶呈科技|化學工業|-44 -52 -52|78 78 10 11|2.0 93
4770 上品|化學工業|-11 -13 -19|90 90 16 9|1.9 401
4904 遠傳|通信網路|8 6 2|99 99 16 9|2.8 411
4906 正文|通信網路|-38 -30 -42|90 90 -7 15|0.4 97
4908 前鼎|通信網路|43 24 27|93 93 68 149|0.5 724
4909 新復興|通信網路|29 62 25|100 100 12 50|3.2 23
4912 聯德控股-KY|電子零組|-9 19 42|90 90 -6 22|0.8 9
4915 致伸|電子零組|-20 -26 -6|89 89 -4 7|0.6 151
4916 事欣科|電腦及週|25 19 -34|79 79 -8 4|0.5 20
4919 新唐|半導體業|-8 -13 2|99 100 16 25|2.5 622
4923 力士|半導體業|0 -3 29|98 98 20 26|1.2 8
4927 泰鼎-KY|電子零組|-28 -20 -5|75 75 -15 -18|0.4 14
4930 燦星網|電器電纜|16 24 38|100 100 15 0|0.7 6
4931 新盛力|電腦及週|-62 -67 -45|61 75 -5 -28|0.7 13
4933 友輝|光電業|59 77 71|89 89 12 72|0.3 27
4934 太極|光電業|-70 -29 -70|72 72 -24 -8|0.3 20
4938 和碩|電腦及週|8 -4 2|97 97 5 11|1.0 427
4942 嘉彰|光電業|-8 -11 14|97 97 -0 14|1.1 8
4945 陞達科技|半導體業|142 60 79|99 99 31 63|4.5 62
4951 精拓科|半導體業|-2 -2 24|91 91 15 9|3.0 12
4952 凌通|半導體業|-5 -11 24|98 98 6 10|2.6 15
4953 緯致|資訊服務|15 10 -1|76 76 9 12|0.8 138
4958 臻鼎-KY|電子零組|-1 -10 7|86 94 6 -4|1.1 306
4960 誠美材|光電業|48 56 58|95 95 12 23|0.5 64
4961 天鈺|半導體業|0 4 22|100 100 36 31|1.3 645
4966 譜瑞-KY|半導體業|-2 -5 32|88 88 13 -0|0.6 1490
4967 十銓|半導體業|221 162 49|90 90 28 38|0.5 832
4968 立積|半導體業|-8 -17 -1|87 87 4 -5|2.6 430
4973 廣穎電通|半導體業|-2 -1 -7|100 100 15 19|4.6 22
4974 亞泰|電子零組|-13 -28 -22|97 97 -3 3|1.0 6
4976 佳凌|光電業|-12 -25 -6|79 88 -3 -6|0.9 10
4977 眾達-KY|通信網路|-76 -75 -72|66 83 11 -17|0.4 68
4979 華星光|通信網路|143 148 13|87 87 4 146|0.7 913
4994 傳奇|資訊服務|6 -3 18|83 83 2 -4|2.6 5
5009 榮剛|鋼鐵工業|3 2 -14|82 82 5 -13|1.2 297
5203 訊連|資訊服務|15 15 5|86 89 1 3|0.6 22
5206 坤悅|建材營造|333 na na|98 98 25 26|1.2 6
5209 新鼎|其他|20 33 -36|85 85 2 -9|1.0 9
5210 寶碩|資訊服務|-4 -13 4|100 100 108 157|2.2 50
5213 亞昕|建材營造|4481 1866 1300|98 98 29 28|2.0 29
5215 科嘉-KY|電腦及週|44 42 50|87 87 11 45|0.2 39
5222 全訊|半導體業|24 20 -9|84 91 -7 -9|1.2 85
5225 東科-KY|其他電子|-5 -3 10|98 98 26 44|0.4 106
5227 立凱-KY|電子零組|-69 -20 -122|65 71 -4 -27|0.7 8
5230 雷笛克光學|光電業|18 15 11|100 100 40 37|5.3 17
5234 達興材料|光電業|26 51 40|67 67 -12 3|0.5 41
5236 凌陽創新|半導體業|34 106 83|95 95 22 64|3.1 167
5243 乙盛-KY|光電業|-33 -34 -26|70 73 -10 -26|0.6 25
5244 弘凱|光電業|21 19 26|100 100 20 21|1.5 8
5258 虹堡|電腦及週|-2 1 -21|93 93 32 66|1.0 1507
5263 智崴|文化創意|13 19 5|86 94 5 3|1.0 10
5269 祥碩|半導體業|82 49 35|98 98 47 36|1.0 1652
5272 笙科|半導體業|66 35 66|97 97 46 40|2.5 105
5274 信驊|半導體業|-37 -36 -4|93 95 9 4|0.9 923
5278 尚凡*|數位雲端|30 24 15|99 99 21 20|1.4 5
5284 jpp-KY|其他|12 24 -15|81 89 -6 -5|0.7 45
5285 界霖|半導體業|-14 -16 3|86 88 -12 10|0.7 12
5287 數字|數位雲端|7 9 -1|97 97 0 7|0.6 30
5289 宜鼎|電腦及週|-20 -19 1|92 92 11 2|0.7 281
5299 杰力|半導體業|11 15 43|99 99 9 9|2.3 17
5302 太欣|半導體業|67 40 25|95 95 21 10|1.4 7
5306 桂盟|運動休閒|-34 -38 -3|82 82 -12 -11|4.5 27
5309 系統電|電子零組|-9 -9 -11|75 85 -1 -18|1.6 28
5312 寶島科|生技醫療|15 10 -8|93 93 2 -4|1.1 11
5314 世紀*|其他|6067 2166 -1616|91 91 34 136|2.4 6
5321 美而快|數位雲端|-7 2 -10|69 69 15 17|0.3 46
5328 華容|電子零組|-17 -11 -13|100 100 19 17|8.2 9
5340 建榮|電子零組|20 18 25|81 81 -18 7|0.2 37
5347 世界|半導體業|-9 -15 14|82 89 12 -12|2.8 1827
5351 鈺創|半導體業|-13 -23 25|96 96 22 21|2.9 801
5353 台林|通信網路|-3 -2 -15|75 84 5 -17|0.5 10
5371 中光電|光電業|-18 -19 4|87 87 -10 2|0.5 53
5381 光譜|電機機械|185 62 -154|96 96 -3 69|1.6 39
5386 青雲|電腦及週|70 9 41|79 79 3 10|0.7 53
5388 中磊|通信網路|-17 -12 -19|95 95 2 33|0.8 320
5392 能率|光電業|2 -2 12|95 95 -0 17|0.8 11
5403 中菲|資訊服務|-0 8 -5|97 97 2 6|1.3 9
5425 台半|半導體業|-14 -8 -4|79 89 2 -3|2.1 122
5426 振發|電腦及週|-44 -40 -19|95 95 25 30|1.1 13
5432 新門|綠能環保|-10 23 5|94 94 73 198|2.1 50
5434 崇越|電子通路|-6 -8 -4|96 96 6 -2|1.0 82
5439 高技|電子零組|54 42 4|100 100 62 90|1.7 631
5443 均豪|半導體業|-63 -58 -26|89 89 -5 1|1.0 14
5452 佶優|其他電子|5 1 18|100 100 10 24|2.4 35
5457 宣德|電子零組|-26 -18 -0|89 89 -9 10|0.9 36
5465 富驊|電腦及週|20 20 2|83 83 26 23|1.1 75
5469 瀚宇博|電子零組|-13 -10 2|96 96 3 44|1.2 119
5471 松翰|半導體業|33 10 38|99 99 25 19|2.2 60
5474 聰泰|電腦及週|5 19 32|65 65 0 -0|0.5 18
5478 智冠|文化創意|-13 -8 -15|100 100 79 63|6.5 74
5483 中美晶|半導體業|-15 -11 -12|100 100 15 20|1.8 792
5508 永信建|建材營造|269 103 -36|99 99 25 42|1.1 28
5511 德昌|建材營造|71 45 16|83 83 -2 5|0.5 10
5515 建國|建材營造|-1 -20 -7|97 97 4 11|1.2 6
5519 隆大|建材營造|-31 -63 -42|99 99 29 31|1.1 36
5521 工信|建材營造|79 34 15|95 95 33 37|1.2 70
5522 遠雄|建材營造|-55 -37 5|96 96 5 1|1.0 16
5525 順天|建材營造|6 798 535|99 99 6 9|1.8 6
5530 龍巖|其他|8 12 12|95 99 5 1|1.2 9
5533 皇鼎|建材營造|41 580 251|96 96 25 25|1.6 17
5534 長虹|建材營造|4397 1580 1205|98 98 2 -1|1.4 26
5536 聖暉*|其他電子|-13 -16 -17|94 94 17 23|1.0 42
5607 遠雄港|航運業|-8 -6 5|78 78 2 2|1.4 84
5608 四維航|航運業|-43 -50 -3|74 97 9 -3|4.8 21
5609 中菲行|航運業|-33 -41 8|97 97 2 7|0.6 11
5704 老爺知|觀光餐旅|-2 -18 -16|67 67 3 -21|0.5 25
5706 鳳凰|觀光餐旅|2374 1882 124|61 64 5 -38|0.6 173
5864 致和證|金融業|16 -98 -249|57 57 -12 -30|1.2 15
5871 中租-KY|其他|9 11 -3|80 89 2 -9|1.3 633
5876 上海商銀|金融保險|4 5 -13|94 99 8 4|2.5 277
5880 合庫金|金融保險|14 13 -7|95 95 1 -0|1.7 195
5903 全家|居家生活|8 9 -1|88 91 -7 -7|0.9 54
5904 寶雅|居家生活|15 13 -1|88 92 7 1|1.1 83
5905 南仁湖|觀光餐旅|-2 -7 -21|87 87 7 -3|0.6 8
6005 群益證|金融保險|80 93 25|97 97 4 6|1.3 33
6016 康和證|金融業|-3731 -1257 -1119|81 81 -7 1|0.9 14
6024 群益期|金融保險|-24 8 21|100 100 9 14|1.4 12
6026 福邦證|金融業|116 619 -18|92 92 0 -2|1.1 10
6101 寬魚國際|文化創意|93527 57468 -47714|83 94 9 10|0.7 7
6104 創惟|半導體業|28 25 47|96 96 11 13|1.9 581
6108 競國|電子零組|0 -7 8|100 100 17 30|1.9 20
6111 光聚晶電|文化創意|91 22 -74|82 82 11 7|3.4 127
6112 邁達特|資訊服務|13 14 0|87 87 6 5|0.6 81
6113 亞矽|電子通路|11 -10 30|81 88 13 0|0.4 6
6114 久威|電子零組|12 18 31|92 92 14 37|0.2 8
6116 彩晶|光電業|-20 -14 15|80 80 -9 -13|0.9 55
6117 迎廣|電腦及週|12 12 22|100 100 84 344|1.7 849
6118 建達|電子通路|9 -1 10|69 84 1 -15|0.4 20
6120 達運|光電業|73 115 92|73 73 -7 32|0.3 23
6121 新普|電腦及週|-1 -5 5|100 100 21 28|1.6 271
6122 擎邦|電機機械|211 190 64|96 96 29 107|0.4 252
6125 廣運|電機機械|-17 -5 -17|62 62 -17 55|1.2 443
6126 信音|電子零組|-12 -11 2|89 89 -6 12|1.1 15
6127 九豪|電子零組|15 35 32|95 95 26 23|4.4 105
6129 普誠|半導體業|-29 -27 -21|82 94 -1 -7|1.8 57
6133 金橋|電子零組|-32 -40 -16|59 84 4 -14|0.6 16
6136 富爾特|通信網路|2 8 3|100 100 11 10|1.4 5
6138 茂達|半導體業|34 26 48|95 95 36 31|0.9 771
6139 亞翔|其他電子|101 76 41|90 90 58 126|0.7 1507
6143 振曜|通信網路|1 5 -20|92 100 24 7|2.4 204
6146 耕興|其他電子|-6 -9 -6|92 92 -8 11|0.7 74
6147 頎邦|半導體業|-3 -1 15|100 100 3 12|1.1 117
6148 驊宏資|資訊服務|147 90 -55|67 67 -1 -4|0.5 22
6150 撼訊|電腦及週|142 172 145|82 82 21 17|0.7 149
6153 嘉聯益|電子零組|-49 -50 -25|77 84 -3 -6|0.9 22
6155 鈞寶|電子零組|-23 -32 -5|100 100 5 15|1.2 6
6156 松上|電子零組|-16 -14 8|97 97 21 37|0.6 56
6158 禾昌|電子零組|9 9 22|86 86 -8 31|0.3 17
6160 欣技|電腦及週|-7 -2 -17|67 74 -5 -27|2.0 10
6161 捷波|電腦及週|-16 -11 18|87 87 11 20|2.8 41
6163 華電網|資訊服務|-55 -31 -40|67 79 4 -19|1.3 9
6166 凌華|電腦及週|-11 -13 -16|72 72 -7 -6|0.8 11
6167 久正|光電業|-27 -27 -9|87 92 -5 -2|1.0 8
6168 宏齊|光電業|5 -5 16|98 98 8 20|0.5 89
6170 統振|通信網路|26 29 38|86 86 -4 46|0.4 21
6173 信昌電|電子零組|15 12 26|100 100 5 30|4.9 36
6176 瑞儀|光電業|-36 -37 -17|99 99 7 18|0.8 264
6177 達麗|建材營造|3655 1231 466|98 98 10 17|2.2 32
6179 亞通|其他|-54 47 22|78 78 -1 -12|1.4 19
6180 橘子|文化創意|-5 -17 -5|89 99 12 -2|4.9 40
6182 合晶|半導體業|-35 -27 -11|96 97 4 5|0.8 86
6185 幃翔|電子零組|-28 -36 -39|64 71 -6 -34|1.0 13
6186 新潤|建材營造|1451 na na|100 100 19 47|2.5 31
6187 萬潤|半導體業|1 -23 23|94 94 22 48|0.6 488
6188 廣明|電腦及週|-21 -13 -3|65 65 -14 8|0.5 153
6189 豐藝|電子通路|29 40 39|100 100 34 48|0.6 63
6190 萬泰科|通信網路|-16 -22 6|80 80 -7 -8|1.5 13
6191 精成科|電子零組|-10 -8 0|100 100 20 78|1.4 245
6192 巨路|其他電子|21 8 4|99 99 -1 12|1.5 7
6194 育富|電子零組|4 -3 -9|100 100 13 33|3.3 12
6196 帆宣|其他電子|-1 -1 -18|89 89 -4 5|1.1 61
6197 佳必琪|電子零組|32 22 11|97 97 32 58|0.9 269
6202 盛群|半導體業|-56 -53 1|95 100 7 2|1.5 118
6203 海韻電|電子零組|-7 34 3|83 83 -8 4|0.5 30
6204 艾華|電子零組|46 26 31|97 97 78 172|2.9 65
6205 詮欣|電子零組|-44 -46 -26|71 92 5 -3|1.0 25
6206 飛捷|電腦及週|-24 -36 8|98 99 0 3|0.5 8
6209 今國光|光電業|-32 -24 -1|83 87 -12 -8|0.5 8
6213 聯茂|電子零組|11 11 24|88 88 -8 28|0.6 407
6214 精誠|資訊服務|1 -4 -11|91 91 -4 13|1.0 45
6216 居易|通信網路|-9 67 72|84 84 9 20|0.3 28
6217 中探針|電子零組|-0 -12 6|81 81 -9 -5|0.8 12
6219 富旺|建材營造|-32 729 236|91 91 -4 27|1.0 20
6220 岳豐|電子零組|18 -4 15|86 86 -3 6|0.3 7
6223 旺矽|半導體業|12 12 5|95 95 3 27|0.6 568
6224 聚鼎|電子零組|6 6 10|87 90 3 -7|1.3 8
6231 系微|資訊服務|-3 0 8|100 100 29 62|0.9 367
6233 旺玖|半導體業|-21 -26 -10|100 100 40 18|3.7 75
6234 高僑|光電業|63 33 -23|75 85 -10 -13|0.4 5
6235 華孚|電腦及週|40 38 -5|69 69 -21 -8|1.0 1113
6237 驊訊|半導體業|-38 -11 23|95 95 59 39|1.5 263
6239 力成|半導體業|-8 -10 10|100 100 12 22|1.1 197
6243 迅杰|半導體業|43 47 18|96 96 52 47|2.8 521
6244 茂迪|光電業|-53 -43 -35|69 83 -1 -13|0.5 44
6245 立端|通信網路|-43 -36 -37|96 100 24 3|3.6 157
6257 矽格|半導體業|-4 -9 7|100 100 14 28|2.1 129
6261 久元|半導體業|-10 -17 10|97 97 5 -1|0.9 9
6263 普萊德|通信網路|-4 5 -9|93 93 1 13|0.6 6
6266 泰詠|電子零組|-31 -13 -37|76 76 -3 -10|0.8 11
6269 台郡|電子零組|-22 -32 -19|83 90 -4 -6|1.1 90
6271 同欣電|半導體業|-9 -25 -6|92 98 20 23|2.4 501
6274 台燿|電子零組|6 -0 17|82 82 -14 45|0.5 1380
6275 元山|電子零組|23 22 23|90 90 2 30|0.7 38
6276 安鈦克|電腦及週|-14 27 23|100 100 99 135|2.0 100
6277 宏正|電腦及週|-23 -17 -15|94 94 -0 -1|0.7 6
6278 台表科|光電業|-31 -26 3|100 100 5 5|2.6 131
6279 胡連|電子零組|12 7 -10|96 96 9 13|0.6 92
6282 康舒|電子零組|18 41 40|75 75 -11 -5|1.2 622
6284 佳邦|電子零組|12 14 13|97 97 47 55|1.2 671
6285 啟碁|通信網路|-5 5 -21|90 90 5 61|0.4 731
6288 聯嘉|汽車工業|7 14 3|85 85 -0 -6|0.4 32
6290 良維|電子零組|-4 -3 8|85 92 6 11|0.3 215
6291 沛亨|半導體業|129 97 50|82 82 10 -3|0.5 40
6292 迅德|電子零組|-29 -16 -10|95 95 25 41|0.5 14
6409 旭隼|其他電子|-29 -31 -21|79 81 11 -15|1.4 274
6411 晶焱|半導體業|51 37 51|98 98 9 18|1.4 132
6412 群電|電子零組|1 -5 7|98 98 13 69|0.5 122
6414 樺漢|電腦及週|6 3 -17|91 91 4 5|0.6 207
6415 矽力*-KY|半導體業|-12 -19 16|65 98 37 13|1.1 1755
6416 瑞祺電通|通信網路|-11 -26 -12|85 94 12 3|0.9 33
6417 韋僑|通信網路|-27 -14 -30|59 68 -15 -21|0.9 10
6418 詠昇|電子零組|23 8 9|96 96 3 45|0.3 13
6419 京晨科|光電業|237 227 161|74 74 32 91|1.2 14
6426 統新|通信網路|25 -14 26|100 100 36 56|1.8 44
6435 大中|半導體業|32 30 47|97 97 22 26|7.2 22
6438 迅得|其他電子|-9 -18 -26|90 90 3 -6|0.8 80
6441 廣錠|電腦及週|-18 -2 -36|77 77 -2 -13|2.1 8
6442 光聖|通信網路|25 -2 7|86 86 32 51|0.3 65
6443 元晶|光電業|-11 -16 -24|75 83 -5 -16|0.9 79
6446 藥華藥|生技醫療|99 93 -28|67 96 4 4|0.7 546
6449 鈺邦|電子零組|28 47 31|88 88 -7 37|0.5 10
6451 訊芯-KY|半導體業|-28 -22 -38|96 96 68 90|0.8 720
6456 GIS-KY|光電業|-39 -48 -12|72 86 4 -12|1.5 95
6457 紘康|半導體業|24 29 49|92 99 27 19|2.1 11
6461 益得|生技醫療|-40 65 -12|73 81 2 -19|1.5 9
6462 神盾|半導體業|16 20 4|93 93 30 31|5.8 87
6469 大樹|生技醫療|10 11 -2|93 93 0 22|1.3 58
6470 宇智|通信網路|-21 -11 -15|76 76 -3 0|0.7 22
6472 保瑞|生技醫療|-43 8 -183|84 84 -7 15|1.1 1027
6477 安集|光電業|-76 -78 -42|70 79 -10 -22|1.1 14
6482 弘煜科|文化創意|78 32 21|100 100 83 81|4.0 6
6485 點序|半導體業|12 8 21|97 97 30 8|2.7 226
6488 環球晶|半導體業|-19 -9 -12|100 100 22 15|2.2 865
6491 晶碩|生技醫療|9 4 -2|88 96 7 15|1.4 441
6492 生華科|生技醫療|0 0 na|82 92 21 7|0.7 42
6494 九齊|半導體業|12 8 34|98 98 44 43|4.3 79
6505 台塑化|油電燃氣|-7 -8 4|94 95 3 -4|0.9 111
6509 聚和|化學工業|-18 -19 -4|84 89 3 -11|2.9 20
6510 精測|半導體業|-46 -50 -20|93 95 8 8|1.4 70
6515 穎崴|半導體業|-55 -42 -51|86 86 22 -0|1.2 574
6517 保勝光學|光電業|-36 -27 -25|na 73 12 -27|3.2 76
6523 達爾膚|生技醫療|21 41 16|96 96 18 19|1.1 58
6527 明達醫|生技醫療|-28 -7 -19|75 75 -3 16|0.9 5
6530 創威|通信網路|-3 -1 4|94 94 79 111|0.9 162
6531 愛普*|半導體業|28 10 36|100 100 32 48|0.7 2574
6532 瑞耘|半導體業|-17 -5 -19|96 96 12 13|1.2 21
6533 晶心科|半導體業|-26 -21 -41|81 91 13 4|1.5 990
6535 順藥|生技醫療|-99 101 -1627|99 99 8 3|3.4 15
6538 倉和|電子零組|75 68 33|93 93 -6 68|2.3 159
6541 泰福-KY|生技醫療|-65 -81 -437|50 88 15 -12|0.8 41
6546 正基|通信網路|30 -8 31|90 90 -0 14|1.5 45
6547 高端疫苗|生技醫療|848 11733 8875|86 94 0 17|1.1 103
6548 長科*|半導體業|-19 -21 -1|74 75 -4 -22|0.7 17
6550 北極星藥業-KY|生技醫療|28 na na|62 79 -15 -19|0.7 91
6558 興能高|其他電子|4 13 -7|87 94 21 -8|1.6 41
6561 是方|通信網路|3 6 -1|86 86 -9 1|2.8 27
6568 宏觀|半導體業|-52 -22 -29|87 99 25 4|0.3 37
6569 醫揚|生技醫療|22 24 22|77 77 13 32|0.9 56
6576 逸達|生技醫療|5580 2157 113|70 100 9 8|1.4 23
6577 勁豐|電腦及週|31 49 16|79 79 13 21|0.7 24
6578 達邦蛋白|農業科技|-25 1 9|94 94 21 15|3.8 14
6579 研揚|電腦及週|-7 -3 -2|72 72 9 33|1.4 57
6584 南俊國際|電子零組|-17 -28 na|na 95 25 19|1.2 26
6585 鼎基|其他|17 23 21|96 96 48 129|0.6 274
6589 台康生技|生技醫療|-29 -33 -0|65 90 10 -6|1.4 87
6591 動力-KY|電腦及週|21 58 59|85 85 -4 -0|1.0 7
6592 和潤企業|其他|25 28 2|86 86 -0 6|1.0 45
6593 台灣銘板|資訊服務|68 63 43|100 100 138 210|2.5 250
6596 寬宏藝術|文化創意|31 117 -7|77 77 6 -11|3.4 6
6603 富強鑫|電機機械|-15 -16 -5|91 91 6 0|0.4 13
6605 帝寶|汽車工業|4 7 -0|98 98 20 55|0.7 73
6612 奈米醫材|生技醫療|22 27 3|74 82 2 -19|1.6 9
6613 朋億*|其他電子|27 6 -9|98 98 10 34|0.8 28
6625 必應|其他|79 149 -71|75 78 -4 -25|2.1 87
6643 M31|半導體業|2 19 -6|98 98 9 28|1.1 515
6651 全宇昕|半導體業|-21 -17 3|100 100 18 17|2.0 13
6657 華安|生技醫療|79 32 na|na na 4 na|0.6 12
6664 群翊|電子零組|16 8 -0|95 95 0 46|0.5 76
6667 信紘科|其他電子|-16 -18 -16|92 92 13 15|2.5 160
6668 中揚光|光電業|-4 -11 4|85 89 5 -2|1.2 5
6669 緯穎|電腦及週|-19 -32 -37|85 85 16 65|0.8 4619
6670 復盛應用|運動休閒|-36 -33 -15|91 96 0 8|1.0 38
6672 騰輝電子-KY|電子零組|-7 -2 15|90 90 -6 7|0.6 31
6679 鈺太|半導體業|48 32 54|99 99 3 29|0.9 185
6683 雍智科技|半導體業|-10 -12 -5|100 100 24 21|0.9 86
6684 安格|半導體業|112 91 105|98 98 46 58|1.2 80
6689 伊雲谷|數位雲端|32 22 10|76 80 -2 -16|0.7 24
6690 安碁資訊|數位雲端|10 16 -8|82 90 5 5|0.5 10
6691 洋基工程|其他電子|-15 3 -18|98 98 22 40|1.0 194
6695 芯鼎|半導體業|8 21 29|93 93 47 35|2.3 249
6703 軒郁|生技醫療|100 97 25|100 100 30 53|1.0 91
6706 惠特|光電業|-20 -49 19|65 85 -1 -14|1.5 19
6712 長聖|生技醫療|48 45 29|93 95 -1 1|0.6 75
6715 嘉基|電子零組|-44 -37 -23|88 90 14 9|0.2 27
6719 力智|半導體業|-27 -41 10|78 96 17 2|0.9 475
6732 昇佳電子|半導體業|71 69 61|87 87 18 35|0.9 806
6733 博晟生醫|生技醫療|582 278 2|86 86 14 -7|4.9 6
6741 91APP*-KY|數位雲端|7 8 -4|73 79 8 -15|1.3 52
6743 安普新|其他電子|-19 -15 13|64 64 -5 -28|0.6 5
6752 叡揚|資訊服務|18 9 -8|82 86 22 -10|0.7 56
6753 龍德造船|航運業|48 55 -40|na 74 -16 -26|0.6 23
6756 威鋒電子|半導體業|-18 -11 25|98 98 1 11|2.1 128
6757 台灣虎航|航運業|1041 2029 na|na na -11 na|0.8 27
6763 綠界科技*|數位雲端|-1 -1 -6|79 88 10 -7|1.6 11
6770 力積電|半導體業|-33 -40 4|85 91 6 -4|1.1 365
6781 AES-KY|電子零組|-36 -40 -11|90 94 16 8|1.3 389
6782 視陽|生技醫療|-13 -11 2|na 87 -1 -15|0.7 40
6788 華景電|半導體業|-12 17 9|82 82 1 5|0.5 34
6789 采鈺|半導體業|-19 -19 4|100 100 46 29|3.9 335
6790 永豐實|造紙工業|2 3 -1|99 99 7 13|2.9 10
6792 詠業|通信網路|2 19 25|85 85 5 12|0.3 9
6796 晉弘|生技醫療|1 1 -7|76 76 -6 14|1.0 10
6799 來頡|半導體業|-3 4 21|88 96 5 6|1.7 479
6806 森崴能源|綠能環保|340 318 154|84 84 6 -4|0.7 395
6811 宏碁資訊|數位雲端|1 -2 -8|71 71 -13 20|1.1 91
6829 千附精密|半導體業|-24 -17 7|71 71 -23 -16|0.5 26
6830 汎銓|其他電子|0 8 -4|75 75 -22 -15|0.5 39
6841 長佳智能|生技醫療|157 105 -31|na 71 3 3|0.9 52
6861 睿生光電|生技醫療|4 -12 -7|na 68 -12 -17|1.0 6
6863 永道-KY|通信網路|53 36 na|na 83 9 -13|1.5 48
6869 雲豹能源|綠能環保|6 41 -74|na 92 12 -4|0.9 8
6873 泓德能源|綠能環保|-75 21 -58|na 86 8 -15|0.9 6
6874 倍力|資訊服務|26 24 -12|na 87 14 -15|2.3 14
7402 邑錡|光電業|-8 -16 3|79 79 -15 11|0.2 6
8011 台通|通信網路|61 27 23|99 99 11 6|0.7 33
8016 矽創|半導體業|9 5 19|97 97 5 37|0.6 319
8027 鈦昇|電機機械|-44 -45 0|89 89 -1 16|0.7 23
8028 昇陽半導體|半導體業|-9 -10 -21|83 83 -6 -11|1.8 36
8033 雷虎|其他|-17 -15 -13|71 76 -12 -23|0.8 36
8034 榮群|通信網路|92 101 -36|96 96 28 42|0.5 119
8039 台虹|電子零組|-1 0 14|96 96 -3 6|0.4 6
8040 九暘|半導體業|-59 -60 -22|81 91 13 2|0.7 44
8043 蜜望實|電子零組|-12 -13 2|95 100 6 6|1.1 6
8044 網家|數位雲端|-3 -1 8|65 85 6 -14|0.5 33
8046 南電|電子零組|-40 -41 -19|86 89 1 -6|0.9 903
8048 德勝|通信網路|36 84 7|72 72 -13 28|0.2 66
8049 晶采|光電業|-21 -20 -25|97 97 3 11|0.9 12
8050 廣積|電腦及週|-38 -32 -41|79 79 -17 11|0.4 97
8054 安國|半導體業|23 21 11|100 100 185 171|2.8 524
8068 全達|電子通路|11 -13 -27|81 81 8 31|1.1 51
8069 元太|光電業|-30 -24 -30|76 76 -2 -19|0.8 828
8070 長華*|電子通路|-20 -25 0|95 95 8 -0|1.5 21
8076 伍豐|電腦及週|-22 17 21|82 82 -0 -8|0.6 21
8081 致新|半導體業|19 28 34|95 95 9 45|0.4 113
8083 瑞穎|電機機械|4 -4 34|94 97 -3 3|1.1 9
8084 巨虹|電子通路|-6 -26 -20|73 98 16 8|1.7 13
8085 福華|其他電子|-46 -34 -23|82 82 14 10|0.4 23
8086 宏捷科|半導體業|165 84 87|99 99 23 48|2.6 1326
8088 品安|半導體業|-3 -16 -6|98 98 10 24|0.6 107
8089 康全電訊|通信網路|-49 -52 -10|100 100 129 100|4.1 31
8091 翔名|半導體業|-14 -17 -11|88 96 1 -0|0.6 8
8097 常珵|通信網路|-97 -99 -123|86 98 1 1|1.2 13
8103 瀚荃|電子零組|-15 -9 16|98 98 3 13|0.8 7
8105 凌巨|光電業|-19 -16 -5|81 81 -5 -7|0.9 8
8109 博大|電子零組|-11 -4 -21|87 87 -10 12|0.4 13
8110 華東|半導體業|-22 -29 -5|92 92 4 13|0.7 57
8111 立碁|光電業|3 -5 5|81 94 5 -8|0.9 8
8112 至上|電子通路|-0 9 32|99 99 11 28|1.0 165
8114 振樺電|電腦及週|-22 -27 -12|97 97 9 11|0.8 20
8121 越峰|電子零組|-7 -16 -1|81 89 3 -14|1.4 6
8131 福懋科|半導體業|-26 -34 -11|93 93 -2 -3|0.8 7
8147 正淩|電子零組|0 10 14|89 89 8 18|0.3 8
8150 南茂|半導體業|25 17 32|98 98 6 7|0.9 116
8155 博智|電子零組|-4 -10 8|85 85 3 1|1.5 73
8163 達方|電腦及週|-9 -11 2|100 100 22 23|1.3 135
8171 天宇|綠能環保|-49 -47 -44|66 81 7 -16|0.9 9
8176 智捷|通信網路|28 48 -8|84 84 34 28|0.4 16
8183 精星|其他電子|4 -1 -4|97 100 7 8|1.6 38
8210 勤誠|電腦及週|43 2 8|100 100 31 143|1.4 1415
8213 志超|電子零組|4 15 28|96 96 -3 12|1.2 21
8215 明基材|光電業|28 30 20|84 84 -0 -2|1.1 26
8222 寶一|電機機械|22 40 -2|69 73 -14 -26|0.9 30
8227 巨有科技|半導體業|-27 21 -8|na 96 74 42|0.2 128
8234 新漢|電腦及週|-52 -38 -18|75 75 -0 8|0.8 21
8240 華宏|光電業|-7 -2 19|84 84 1 14|0.2 9
8255 朋程|電機機械|34 42 12|92 92 0 2|1.5 65
8261 富鼎|半導體業|-1 -5 25|92 98 21 1|2.7 288
8271 宇瞻|半導體業|-0 -7 8|97 97 10 5|0.6 29
8289 泰藝|電子零組|-46 -44 -12|75 90 10 -10|1.2 7
8299 群聯|半導體業|23 6 31|99 99 16 18|1.0 954
8341 日友|綠能環保|-18 -15 -4|66 80 5 -16|0.8 15
8349 恒耀國際|鋼鐵工業|9 3 -3|95 95 6 6|0.9 6
8358 金居|電子零組|4 6 22|89 89 -11 6|0.6 197
8390 金益鼎|綠能環保|-4 -2 -3|85 85 -5 16|0.5 23
8403 盛弘|生技醫療|7 -3 7|80 88 1 -9|2.1 7
8422 可寧衛*|綠能環保|-26 -41 -41|88 88 -0 -8|0.7 22
8426 紅木-KY|其他|50 43 -29|83 94 19 -12|0.8 35
8431 匯鑽科|其他電子|3 -2 23|79 80 -15 -21|1.1 11
8432 東生華|生技醫療|15 14 2|88 88 11 15|0.5 17
8433 弘帆|居家生活|65 33 29|90 90 11 29|0.8 15
8436 大江|生技醫療|8 7 -0|80 99 6 2|2.0 101
8442 威宏-KY|其他|-17 -12 -11|100 100 34 45|2.8 20
8446 華研|文化創意|-10 9 -13|70 70 6 -9|2.3 14
8454 富邦媒|數位雲端|3 5 -3|63 81 -1 -14|1.0 303
8464 億豐|居家生活|-2 3 13|97 97 10 -3|1.1 150
8467 波力-KY|運動休閒|32 14 1|98 98 120 160|0.7 51
8478 東哥遊艇|運動休閒|-1 13 -1|60 60 -5 -31|0.8 239
8916 光隆|其他|-47 -40 -18|97 100 1 9|1.2 10
8924 大田|運動休閒|-55 -47 -24|71 90 -4 -6|0.5 7
8926 台汽電|油電燃氣|-3 54 -4|76 76 -9 -12|0.8 30
8927 北基|油電燃氣|17 21 8|82 82 -16 18|1.4 42
8930 青鋼|鋼鐵工業|12 25 11|100 100 3 62|0.5 13
8931 大汽電|油電燃氣|-37 -32 -61|60 74 -1 -28|1.0 5
8932 智通*|數位雲端|56 70 63|100 100 43 65|2.3 58
8936 國統|其他|50 28 30|98 98 49 60|1.3 477
8938 明安|運動休閒|-46 -47 -26|67 85 -7 -9|0.4 17
8940 新天地|觀光餐旅|62 64 -32|78 79 17 -22|0.9 17
8942 森鉅|其他|-4 -2 0|97 97 2 20|0.8 23
8996 高力|電機機械|4 32 -37|59 59 -22 -7|0.6 1124
9802 鈺齊-KY|運動休閒|-40 -56 -46|93 97 13 16|1.8 163
9904 寶成|運動休閒|-13 -14 -6|93 98 6 -0|0.9 138
9907 統一實|其他|-19 -24 -3|83 87 -6 -12|1.2 17
9910 豐泰|運動休閒|-6 -10 -0|90 90 4 10|1.3 307
9911 櫻花|居家生活|16 14 14|100 100 8 8|1.1 16
9914 美利達|運動休閒|-55 -42 -38|86 86 -7 -4|2.2 172
9917 中保科|其他|14 12 1|98 98 16 11|1.4 79
9919 康那香|其他|-16 -16 -5|100 100 50 70|3.7 114
9921 巨大|運動休閒|-34 -26 -14|78 79 -7 -7|4.3 349
9924 福興|居家生活|15 17 27|100 100 17 19|1.1 27
9925 新保|其他|-3 -2 -3|100 100 0 2|1.0 7
9927 泰銘|其他|49 22 27|98 98 24 65|1.3 79
9928 中視|其他|13 16 8|74 74 51 38|0.4 13
9933 中鼎|其他|34 24 13|100 100 11 11|1.4 123
9934 成霖|居家生活|-8 -4 2|94 94 -4 10|1.2 10
9935 慶豐富|居家生活|14 6 22|100 100 15 6|1.7 5
9938 百和|其他|-3 -6 20|100 100 30 21|1.5 115
9939 宏全|其他|12 5 -3|100 100 14 25|2.5 104
9941 裕融|其他|11 12 -3|96 96 4 8|1.8 96
9942 茂順|其他|3 9 -12|89 90 -6 -7|1.0 34
9943 好樂迪|觀光餐旅|-3 3 -21|91 91 2 -7|1.0 25
9945 潤泰新|其他|30 -7 -14|70 90 -4 -5|1.0 151
9946 三發地產|建材營造|17 -43 -30|100 100 50 51|1.3 15
9950 萬國通|塑膠工業|107 56 -4|91 91 24 84|0.4 79
9951 皇田|電機機械|14 5 -9|96 96 5 12|0.6 9
9955 佳龍|綠能環保|24 12 17|84 89 10 -2|0.9 19
9958 世紀鋼|鋼鐵工業|42 46 -3|89 89 1 52|0.4 713