# 2024-12-02 全池(1168 檔)。欄位:代碼 名稱|產業|最新月YoY 3月YoY均 加速度|距52週高% 距120日高% 60日漲% 120日漲%|量能比 日均值M
1101 台泥|水泥工業|74 55 30|95 95 2 2|1.0 417
1102 亞泥|水泥工業|-2 -0 8|90 90 -5 9|1.0 288
1104 環泥|水泥工業|-2 0 -5|79 79 -4 -14|0.4 8
1201 味全|食品工業|8 9 -3|94 98 -1 -2|0.8 5
1210 大成|食品工業|-4 -8 -0|92 96 2 -3|0.9 39
1215 卜蜂|食品工業|3 -2 3|87 87 1 -7|0.9 21
1216 統一|食品工業|10 8 -7|95 95 4 12|0.7 636
1217 愛之味|食品工業|11 6 3|89 89 -4 -2|0.6 6
1218 泰山|食品工業|-7 -9 -5|89 90 1 -7|1.1 16
1220 台榮|食品工業|23 5 -1|96 96 2 15|0.8 12
1225 福懋油|食品工業|-11 -12 -0|44 44 -51 -14|0.5 5
1227 佳格|食品工業|3 -2 -3|89 89 -3 -7|0.7 15
1229 聯華|食品工業|-31 -7 -17|83 83 -7 -12|0.7 50
1231 聯華食|食品工業|20 15 7|99 99 11 20|1.4 19
1232 大統益|食品工業|-3 -9 -1|93 93 -2 5|0.2 7
1268 漢來美食|觀光餐旅|10 18 -4|91 91 -3 -7|0.5 5
1301 台塑|塑膠工業|-3 -4 -2|51 67 -18 -33|1.1 655
1303 南亞|塑膠工業|5 -1 3|57 77 -12 -22|0.9 364
1304 台聚|塑膠工業|-8 -11 -6|63 75 -14 -15|0.8 17
1305 華夏|塑膠工業|-21 -26 -11|58 72 -20 -21|1.2 12
1307 三芳|塑膠工業|2 6 -0|82 82 17 27|0.5 186
1308 亞聚|塑膠工業|-14 -26 -13|66 78 -11 -10|1.0 26
1309 台達化|塑膠工業|2 17 -4|74 74 -10 7|0.3 20
1310 台苯|塑膠工業|-14 11 -12|68 79 -13 -12|0.7 7
1312 國喬|塑膠工業|-19 -5 -8|70 74 -13 -17|0.7 24
1313 聯成|塑膠工業|-16 -19 -26|66 82 -9 -16|0.5 13
1316 上曜|建材營造|332 167 71|57 65 -25 -21|0.6 28
1319 東陽|汽車工業|6 3 -9|93 99 23 6|1.9 288
1321 大洋|塑膠工業|34 6 3|75 75 -16 -15|0.6 12
1326 台化|塑膠工業|-11 -7 -14|52 64 -21 -34|1.0 318
1336 台翰|電子零組|33 16 12|96 96 12 38|1.0 37
1342 八貫|其他|-13 -11 -8|72 85 5 -15|0.6 14
1402 遠東新|紡織纖維|4 2 -3|88 88 -5 5|1.0 427
1409 新纖|紡織纖維|8 3 -11|90 90 -2 -1|1.1 24
1414 東和|紡織纖維|-15 -20 -19|93 93 7 12|0.9 8
1416 廣豐|其他|8 13 -13|91 91 -2 2|2.0 5
1432 大魯閣|運動休閒|-15 -12 -9|78 90 7 9|2.9 6
1434 福懋|紡織纖維|2 -0 3|80 89 -5 -9|0.6 19
1436 華友聯|建材營造|-37 1201 -29|64 64 -21 -16|0.5 40
1438 三地開發|建材營造|na na na|61 61 -28 -7|1.1 11
1440 南紡|紡織纖維|-11 -6 7|75 81 -6 -17|0.6 9
1442 名軒|建材營造|-18 366 -19608|100 100 27 41|1.2 237
1446 宏和|紡織纖維|4582 5387 2175|90 90 9 -8|1.2 114
1449 佳和|紡織纖維|15 -9 -32|88 88 26 31|0.8 319
1464 得力|紡織纖維|39 25 9|96 96 21 8|0.7 21
1466 聚隆|紡織纖維|32 29 10|89 90 10 10|1.5 11
1471 首利|電子零組|58 24 9|74 90 5 -11|1.1 25
1473 台南|紡織纖維|2 7 -10|66 66 -3 -25|0.6 9
1475 業旺|紡織纖維|51 62 14|81 81 -3 3|0.6 6
1476 儒鴻|紡織纖維|16 29 10|94 94 2 9|0.8 262
1477 聚陽|紡織纖維|7 14 3|71 71 -15 -17|0.5 426
1503 士電|電機機械|10 7 2|58 66 -12 -14|0.4 215
1504 東元|電機機械|-9 -13 -6|91 94 10 -3|2.2 311
1513 中興電|電機機械|16 19 3|67 67 -8 -5|0.5 656
1514 亞力|電機機械|-24 -13 -21|61 70 -18 3|0.5 223
1515 力山|電機機械|-57 -48 -146|53 64 -18 -29|0.5 11
1519 華城|電機機械|46 45 -43|56 56 -13 -18|0.6 2622
1522 堤維西|汽車工業|1 -7 -10|89 89 -5 -2|1.4 170
1524 耿鼎|汽車工業|16 9 -5|97 97 24 4|1.1 205
1527 鑽全|電機機械|30 13 1|89 89 -11 3|0.2 11
1528 恩德|電機機械|9 6 9|82 82 24 44|0.6 189
1529 樂事綠能|電機機械|14 2 -48|65 65 -17 -20|0.7 7
1531 高林股|電機機械|16 19 15|94 94 15 12|2.5 42
1532 勤美|電機機械|-7 -17 -57|63 66 -13 -33|0.9 53
1536 和大|汽車工業|-18 -11 -1|88 88 -1 17|5.4 253
1537 廣隆|電機機械|16 28 0|97 97 10 13|1.9 55
1539 巨庭|電機機械|-18 -23 -37|70 70 -15 5|0.1 7
1540 喬福|電機機械|-78 -15 -57|78 78 -5 97|0.8 124
1558 伸興|電機機械|11 11 1|87 87 -7 6|0.6 9
1560 中砂|電機機械|7 8 1|80 80 -10 6|0.5 697
1563 巧新|汽車工業|-6 -8 na|na 75 -7 -26|1.8 20
1565 精華|生技醫療|11 16 12|93 93 26 24|0.6 161
1569 濱川|電腦及週|-10 -11 9|100 100 131 173|0.8 286
1580 新麥|電機機械|12 -2 -10|94 94 -4 -1|1.1 7
1582 信錦|電子零組|-19 -15 -26|78 78 -18 -16|0.7 79
1584 精剛|其他|-24 -2 -15|74 74 -18 -2|0.4 51
1586 和勤|電機機械|-13 1 -17|83 83 -6 -3|0.9 9
1587 吉茂|汽車工業|15 10 11|49 57 -23 -37|1.1 74
1589 永冠-KY|電機機械|-5 -5 13|62 84 -6 -12|0.8 11
1590 亞德客-KY|電機機械|-4 -4 -12|65 75 -8 -22|0.6 542
1591 駿吉-KY|電機機械|76 98 -162|67 75 7 -22|1.7 59
1595 川寶|半導體業|-42 -26 15|59 59 17 27|0.2 85
1597 直得|電機機械|2 13 22|76 76 -16 26|0.3 107
1603 華電|電器電纜|10 -10 -21|73 78 -7 -15|0.5 14
1605 華新|電器電纜|-3 -6 1|65 70 -28 -28|1.9 399
1608 華榮|電器電纜|15 18 -1|64 66 -16 -22|0.5 28
1609 大亞|電器電纜|18 15 -1|71 78 -14 -5|0.7 131
1611 中電|電器電纜|-20 -17 -8|80 80 -4 -1|1.5 33
1612 宏泰|電器電纜|23 0 -9|78 87 -5 -9|0.6 20
1616 億泰|電器電纜|14 27 8|75 82 4 -5|0.9 17
1618 合機|電器電纜|16 -19 -57|73 75 -7 -6|0.8 84
1702 南僑|食品工業|10 4 -1|83 87 -4 -9|0.3 24
1707 葡萄王|生技醫療|7 18 9|99 99 8 2|1.1 50
1708 東鹼|化學工業|31 22 16|94 94 7 25|0.7 124
1709 和益|化學工業|-1 8 -5|82 82 -10 7|0.3 10
1710 東聯|化學工業|-2 11 -2|77 84 -12 -7|0.7 14
1711 永光|化學工業|-5 -6 -8|79 79 -14 19|0.1 57
1712 興農|化學工業|6 -2 -3|95 95 6 9|1.0 25
1717 長興|化學工業|1 -2 -6|84 84 -5 -4|0.4 43
1720 生達|生技醫療|5 8 -1|85 85 -3 -5|0.6 17
1721 三晃|化學工業|-3 7 -2|69 69 8 24|0.3 59
1722 台肥|化學工業|3 2 16|85 89 -6 -10|1.0 72
1723 中碳|化學工業|-15 4 11|77 87 -4 -13|0.4 16
1727 中華化|化學工業|52 48 31|81 81 -2 20|0.2 33
1736 喬山|運動休閒|33 29 10|90 90 24 72|0.5 116
1737 臺鹽|食品工業|0 -7 0|90 90 -8 -1|0.3 5
1760 寶齡富錦|生技醫療|-8 1 -11|74 86 -4 -8|1.3 17
1773 勝一|化學工業|16 15 4|87 90 2 5|1.0 44
1777 生泰|生技醫療|48 25 7|98 98 5 14|1.8 10
1784 訊聯|生技醫療|3 0 -7|64 64 -11 20|1.1 31
1785 光洋科|其他電子|21 26 -2|81 81 -12 28|0.2 376
1786 科妍|生技醫療|34 16 -18|67 67 -32 -16|0.7 58
1789 神隆|生技醫療|-12 -0 -15|80 80 -7 -19|0.7 8
1795 美時|生技醫療|107 42 29|85 92 -0 -0|1.6 725
1799 易威|生技醫療|111 155 4|29 29 -70 -32|0.5 41
1802 台玻|玻璃陶瓷|-12 -18 -13|95 95 23 7|1.4 200
1808 潤隆|建材營造|-97 -94 -1379|31 31 -67 -61|0.6 126
1809 中釉|玻璃陶瓷|-6 -9 -13|59 78 -2 -15|1.1 16
1810 和成|玻璃陶瓷|9 -2 -4|80 89 -7 -9|0.8 7
1815 富喬|電子零組|45 47 32|96 96 21 0|3.8 1040
1817 凱撒衛|玻璃陶瓷|19 14 1|97 97 4 8|0.7 9
1904 正隆|造紙工業|-5 15 8|72 75 -16 -25|0.6 17
1905 華紙|造紙工業|-15 -5 -6|71 80 -7 -19|0.3 13
1907 永豐餘|造紙工業|-1 4 -2|87 91 -1 2|0.4 18
1909 榮成|造紙工業|8 1 -1|77 83 -11 -12|0.4 12
2002 中鋼|鋼鐵工業|-4 -5 -4|80 89 -4 -9|0.6 380
2006 東和鋼鐵|鋼鐵工業|-13 -10 -14|87 87 -11 1|0.9 63
2009 第一銅|鋼鐵工業|14 14 -8|65 74 -8 -24|0.3 32
2010 春源|鋼鐵工業|21 16 5|81 90 2 -9|0.5 17
2014 中鴻|鋼鐵工業|-32 -34 -22|69 84 2 -12|0.4 90
2015 豐興|鋼鐵工業|-20 -5 -3|87 87 -10 4|0.8 18
2020 美亞|鋼鐵工業|1 -18 -1|74 76 2 -24|1.2 17
2023 燁輝|鋼鐵工業|-7 -13 -18|83 93 2 1|0.6 18
2027 大成鋼|鋼鐵工業|-5 -11 0|89 90 -4 -5|1.3 365
2030 彰源|鋼鐵工業|-11 -7 -2|85 91 -1 -4|0.3 7
2031 新光鋼|鋼鐵工業|6 -14 -10|71 71 -17 -18|0.5 32
2033 佳大|鋼鐵工業|1 0 2|85 85 37 46|0.1 10
2034 允強|鋼鐵工業|-1 -4 5|76 80 -14 -17|0.7 18
2038 海光|鋼鐵工業|-13 5 0|72 80 -3 -17|0.2 7
2049 上銀|電機機械|9 1 2|83 93 11 6|0.4 439
2059 川湖|電子零組|56 69 5|100 100 24 37|1.0 1657
2062 橋椿|居家生活|-16 -11 -25|84 84 -6 26|1.1 55
2066 世德|電機機械|15 7 5|77 77 4 -15|0.9 17
2069 運錩|鋼鐵工業|3 -10 0|90 90 3 10|0.4 7
2070 精湛|電機機械|36 45 6|75 75 -1 145|2.2 73
2101 南港|橡膠工業|8 304 213|77 83 -6 -22|0.8 111
2102 泰豐|橡膠工業|164 114 126|89 89 0 5|0.8 13
2103 台橡|橡膠工業|29 27 10|90 90 -2 -6|0.5 28
2104 國際中橡|橡膠工業|-14 -9 -9|75 85 -8 -14|0.9 11
2105 正新|橡膠工業|2 1 -1|84 93 0 -7|0.8 410
2106 建大|橡膠工業|-5 -4 -6|83 83 -8 -15|0.5 25
2107 厚生|橡膠工業|5 25 21|90 90 -4 -3|0.7 5
2108 南帝|橡膠工業|50 36 15|73 73 -14 -2|1.4 10
2109 華豐|橡膠工業|16 6 3|91 93 -5 -4|1.4 6
2201 裕隆|汽車工業|-12 -2 -10|70 79 1 -20|0.7 138
2204 中華|汽車工業|-36 -29 -46|57 64 9 -32|2.8 642
2206 三陽工業|汽車工業|-10 -6 -11|85 90 -7 -3|0.6 143
2207 和泰車|汽車工業|4 -1 -4|86 86 -7 2|0.9 138
2208 台船|航運業|-48 -39 -7|77 87 -9 -7|0.6 30
2211 長榮鋼|鋼鐵工業|102 47 32|63 63 -21 -34|1.0 65
2227 裕日車|汽車工業|-28 -23 -16|48 65 -24 -34|1.1 7
2228 劍麟|汽車工業|-3 0 -7|83 83 -6 -16|0.1 37
2230 泰茂|居家生活|300 205 56|81 86 -8 -4|1.0 126
2231 為升|汽車工業|44 27 28|73 73 -3 -21|1.4 69
2233 宇隆|汽車工業|8 1 -12|89 89 6 34|1.2 156
2236 百達-KY|汽車工業|-28 -14 -12|100 100 26 64|0.9 67
2241 艾姆勒|汽車工業|-43 -35 -30|55 64 -15 -35|0.3 17
2243 宏旭-KY|汽車工業|-53 -31 -133|58 58 -24 -10|0.1 8
2247 汎德永業|汽車工業|17 9 4|86 87 -4 -11|0.8 9
2250 IKKA-KY|汽車工業|0 -6 -12|69 82 -5 -19|0.2 9
2254 巨鎧精密-創|汽車工業|-42 -45 -93|87 88 -6 6|1.0 18
2258 鴻華先進-創|汽車工業|336 582 -488|na 82 -1 -11|0.5 9
2301 光寶科|電腦及週|1 -8 3|89 96 -1 0|0.8 759
2302 麗正|半導體業|32 20 25|97 99 17 5|2.4 21
2303 聯電|半導體業|11 7 7|77 77 -19 -17|1.2 2989
2305 全友|電腦及週|58 31 -11|57 65 -21 -28|1.1 7
2308 台達電|電子零組|12 7 6|90 90 -2 14|0.5 2484
2312 金寶|其他電子|11 16 19|87 87 26 71|2.1 3596
2313 華通|電子零組|-9 -3 -12|68 68 -22 -13|0.4 442
2314 台揚|通信網路|-42 -42 13|74 87 0 -3|0.6 34
2316 楠梓電|電子零組|27 7 14|85 85 6 11|0.4 92
2317 鴻海|其他電子|9 17 9|87 87 7 12|1.0 12131
2323 中環|光電業|5 -1 -2|85 85 -9 -7|1.1 51
2324 仁寶|電腦及週|-2 -0 2|94 98 14 4|1.2 1126
2327 國巨*|電子零組|15 13 2|65 65 -21 -23|1.1 1231
2328 廣宇|電子零組|-5 -12 2|91 92 4 -9|0.6 193
2329 華泰|半導體業|-19 -17 -24|42 56 -16 -43|0.4 124
2330 台積電|半導體業|29 34 8|95 95 10 22|0.9 40505
2331 精英|電腦及週|-2 4 16|63 68 -9 -31|0.6 32
2332 友訊|通信網路|-14 -5 6|93 93 15 21|4.1 222
2337 旺宏|半導體業|-1 3 14|63 68 -27 -23|1.0 126
2338 光罩|半導體業|4 -5 -11|65 65 -17 -24|0.6 39
2340 台亞|半導體業|5 3 -8|61 69 -23 -24|0.6 27
2342 茂矽|半導體業|54 37 28|96 99 8 8|0.7 16
2344 華邦電|半導體業|-3 4 -5|52 59 -33 -34|1.2 511
2345 智邦|通信網路|52 38 23|100 100 33 36|1.6 2760
2347 聯強|電子通路|8 9 -2|85 87 4 -8|0.7 335
2348 海悅|其他|387 142 -12|50 50 -27 -24|1.3 264
2349 錸德|光電業|-27 -18 -15|75 75 -10 64|0.7 359
2351 順德|半導體業|-2 1 4|60 60 -26 -31|0.8 232
2352 佳世達|電腦及週|6 2 5|79 96 -1 -3|0.6 110
2353 宏碁|電腦及週|-3 -1 -12|68 79 -12 -21|0.8 483
2354 鴻準|其他電子|22 -4 29|82 82 18 15|0.8 8953
2355 敬鵬|電子零組|-3 -6 -6|70 76 -10 -15|0.6 37
2356 英業達|電腦及週|60 30 12|80 83 8 -9|0.8 2067
2357 華碩|電腦及週|19 21 6|97 97 8 23|1.3 4291
2359 所羅門|其他電子|-3 -4 11|76 78 -12 -16|1.1 339
2360 致茂|其他電子|0 6 -5|93 93 29 59|0.5 1204
2362 藍天|電腦及週|11 7 -7|84 84 -4 -1|0.4 95
2363 矽統|半導體業|1010 417 298|66 75 1 -20|0.2 476
2364 倫飛|電腦及週|22 39 20|60 64 -12 -4|0.2 16
2365 昆盈|電腦及週|10 21 -11|65 65 -26 31|0.6 205
2367 燿華|電子零組|18 20 1|74 74 -17 -15|1.0 142
2368 金像電|電子零組|4 17 -11|70 84 -8 -2|0.8 902
2369 菱生|半導體業|-16 -12 -12|63 73 -11 -24|0.4 26
2371 大同|電機機械|1 4 -2|69 79 5 -12|1.5 484
2374 佳能|光電業|17 9 -14|76 76 -6 -23|0.6 110
2375 凱美|電子零組|9 10 2|96 100 5 5|6.1 11
2376 技嘉|電腦及週|54 75 -33|74 88 7 -12|0.7 2582
2377 微星|電腦及週|5 4 -6|87 91 -6 -5|0.5 538
2379 瑞昱|半導體業|14 13 -5|84 87 -6 -3|0.7 1017
2382 廣達|電腦及週|49 50 30|86 86 10 6|0.6 8089
2383 台光電|電子零組|34 39 -20|95 100 7 19|1.1 2143
2385 群光|電子零組|13 10 9|63 81 -4 -18|0.7 417
2387 精元|電腦及週|2 6 1|97 99 8 5|1.0 79
2388 威盛|半導體業|60 99 60|58 73 -21 -12|0.4 624
2392 正崴|電子零組|23 5 -5|86 86 11 12|3.2 2054
2393 億光|光電業|17 18 1|92 92 -5 13|0.6 223
2395 研華|電腦及週|8 1 11|87 93 -0 -1|0.8 400
2397 友通|電腦及週|40 -9 27|82 82 -5 -10|0.3 26
2399 映泰|電腦及週|-47 -29 -21|66 66 25 31|0.1 255
2401 凌陽|半導體業|10 14 -5|73 73 -10 -20|0.6 48
2402 毅嘉|電子零組|15 12 2|89 89 -8 18|0.4 142
2404 漢唐|其他電子|-32 -33 -13|100 100 28 24|2.0 1009
2405 輔信|電腦及週|10 -9 -14|75 75 -6 -0|0.6 80
2406 國碩|光電業|21 89 -15|60 60 -18 -24|0.5 18
2408 南亞科|半導體業|-18 -5 -30|41 44 -36 -48|1.3 406
2409 友達|光電業|-1 5 -9|83 83 -4 -6|0.6 282
2412 中華電|通信網路|3 4 2|96 96 -1 -3|0.8 657
2413 環科|電子零組|-7 -29 2|85 88 21 9|0.5 68
2415 錩新|電子零組|-27 -13 -23|81 81 6 3|0.6 7
2417 圓剛|電腦及週|-10 -6 -6|70 70 -15 -16|1.6 21
2419 仲琦|通信網路|128 59 56|96 96 17 18|4.2 113
2420 新巨|電子零組|-2 5 5|84 84 -7 12|0.1 21
2421 建準|電子零組|9 18 9|72 86 6 -15|0.5 320
2423 固緯|其他電子|1 -10 -7|94 97 11 7|0.7 9
2425 承啟|電腦及週|21 -11 -5|71 73 -13 -8|0.1 56
2426 鼎元|光電業|-1 8 -3|94 94 10 37|2.6 48
2427 三商電|資訊服務|48 17 -13|74 74 -8 -15|0.4 12
2428 興勤|電子零組|10 12 9|87 87 -9 -3|0.5 20
2429 銘旺科|光電業|43 5 48|65 65 -9 45|0.7 19
2431 聯昌|電子零組|-22 -29 2|79 79 22 26|0.4 117
2436 偉詮電|半導體業|-3 -2 -12|66 77 -9 -19|0.2 32
2438 翔耀|光電業|392 255 91|47 47 -34 30|0.4 6
2439 美律|通信網路|-9 22 -1|75 75 -24 -14|0.5 252
2441 超豐|半導體業|9 9 -5|93 93 -3 -4|0.9 43
2442 新美齊|建材營造|33 236 -1083|68 68 -21 -21|0.8 28
2444 兆勁|通信網路|-18 -22 3|100 100 39 47|3.2 61
2449 京元電子|半導體業|10 11 4|91 91 5 42|0.4 2286
2451 創見|半導體業|-14 -11 -10|68 68 -12 -20|1.0 87
2453 凌群|資訊服務|4 5 -5|74 74 -7 -20|0.3 18
2454 聯發科|半導體業|19 14 -16|87 87 7 7|0.7 5457
2455 全新|通信網路|-25 -8 -67|89 89 16 20|1.1 940
2457 飛宏|電子零組|-25 -15 2|64 78 2 -22|1.0 88
2458 義隆|半導體業|1 -2 -20|87 92 3 -5|1.0 378
2460 建通|電子零組|16 11 -16|61 70 -12 -25|2.0 8
2461 光群雷|其他電子|-7 -5 -4|83 83 -10 -13|0.8 6
2462 良得電|電子零組|-10 -3 -6|67 77 -18 -20|0.6 7
2464 盟立|其他電子|20 3 20|82 82 -6 18|0.4 214
2465 麗臺|電腦及週|-17 0 -15|43 53 -28 -46|0.5 49
2467 志聖|電子零組|37 16 -17|84 84 -9 63|0.4 540
2472 立隆電|電子零組|22 23 8|90 90 -1 8|1.8 61
2474 可成|其他電子|26 23 30|83 83 -14 -9|2.4 1300
2476 鉅祥|電子零組|19 22 12|76 76 -18 -3|0.9 155
2477 美隆電|其他電子|10 33 22|80 80 16 38|0.2 134
2478 大毅|電子零組|5 9 3|81 81 -10 -12|1.0 6
2480 敦陽科|資訊服務|0 4 4|95 95 5 4|0.4 10
2481 強茂|半導體業|-6 -3 -3|74 78 -7 -9|0.3 57
2482 連宇|其他電子|-38 -38 16|64 64 -15 -31|0.3 5
2484 希華|電子零組|3 7 14|78 87 -7 -9|0.8 5
2485 兆赫|通信網路|-80 -81 -30|71 77 -4 -18|0.6 7
2486 一詮|光電業|9 11 -3|77 77 7 7|0.4 1352
2488 漢平|其他電子|48 25 5|100 100 18 22|1.6 46
2489 瑞軒|光電業|14 33 -6|74 74 -16 -6|0.5 82
2492 華新科|電子零組|2 6 -0|67 74 -14 -16|1.0 133
2493 揚博|電子零組|9 10 1|85 85 18 10|0.5 208
2495 普安|電腦及週|-25 -28 -20|90 90 4 21|0.6 198
2497 怡利電|汽車工業|29 28 9|72 72 -6 11|0.1 68
2498 宏達電|通信網路|3 -20 1|81 85 -0 3|1.0 172
2501 國建|建材營造|70 38 -26|61 68 -9 -29|0.7 36
2504 國產|建材營造|-3 3 -1|94 94 -5 16|0.8 206
2506 太設|建材營造|-54 10 -106|89 93 4 -3|0.6 9
2511 太子|建材營造|-17 -6 -2|80 82 -5 -9|0.5 8
2514 龍邦|其他|-5 10 -115|77 77 -6 -11|0.8 7
2515 中工|建材營造|22 30 10|62 68 -14 -31|0.5 56
2516 新建|建材營造|-3 3 -9|94 99 17 19|1.5 14
2520 冠德|建材營造|53 28 -21|92 92 5 1|1.1 351
2524 京城|建材營造|2263 759 422|56 56 -37 32|0.4 101
2527 宏璟|建材營造|16423 5601 4021|64 77 1 -17|0.7 28
2528 皇普|建材營造|162 37003 27468|75 77 -7 -16|1.7 18
2530 華建|建材營造|27029 52823 -4736|72 72 -11 -12|0.5 26
2534 宏盛|建材營造|-36 -49 -2|89 89 -1 -2|1.0 16
2535 達欣工|建材營造|-31 -20 -24|81 85 -8 -7|0.5 10
2537 聯上發|建材營造|-99 -99 -14173|51 51 -36 -34|0.3 18
2539 櫻花建|建材營造|na na na|64 64 -22 -29|1.1 31
2540 愛山林|建材營造|175 92 9|41 41 -55 -51|0.8 118
2542 興富發|建材營造|44 -24 -18|73 73 -11 4|1.3 244
2543 皇昌|建材營造|-10 -8 -29|74 74 -6 55|0.5 502
2545 皇翔|建材營造|253 572 122|96 96 24 29|1.0 104
2546 根基|建材營造|28 25 26|62 78 -5 -17|0.6 9
2547 日勝生|建材營造|5 6 -13|85 90 -3 -4|3.2 12
2548 華固|建材營造|-99 -37 -1040|70 70 -17 -15|0.4 90
2597 潤弘|建材營造|23 20 6|60 60 -3 -20|0.7 25
2603 長榮|航運業|78 92 39|92 92 21 2|1.3 5740
2605 新興|航運業|-17 -7 -13|79 81 -3 -18|0.7 199
2606 裕民|航運業|5 24 0|95 95 9 -2|0.9 319
2607 榮運|航運業|-0 26 -8|87 93 1 -6|0.6 34
2609 陽明|航運業|68 85 43|89 89 19 -8|1.0 4691
2610 華航|航運業|7 8 -4|100 100 21 16|1.5 1417
2611 志信|航運業|8 7 -15|64 64 -8 -35|0.7 10
2612 中航|航運業|19 17 4|71 84 -0 -14|0.6 18
2613 中櫃|航運業|-11 -2 -7|70 70 7 -20|0.3 123
2614 東森|其他|-5 -7 -6|74 81 -12 -11|0.6 8
2615 萬海|航運業|69 92 46|78 78 5 -3|0.7 3537
2617 台航|航運業|6 15 4|78 78 -2 -19|0.8 21
2618 長榮航|航運業|4 7 -9|100 100 23 22|1.1 2175
2630 亞航|航運業|-21 5 -6|73 81 -4 -19|1.9 12
2633 台灣高鐵|航運業|-6 5 -2|92 92 -4 -5|0.8 78
2634 漢翔|航運業|1 -9 -7|74 80 -12 -19|1.1 219
2636 台驊控股|航運業|61 79 14|72 75 -7 -23|1.0 61
2637 慧洋-KY|航運業|4 30 5|90 90 9 -4|0.7 370
2640 大車隊|數位雲端|1 3 -4|98 98 3 5|1.1 5
2641 正德|航運業|20 19 -12|80 80 -1 -19|0.7 42
2642 宅配通|航運業|-7 -6 -2|78 78 3 -5|0.2 16
2645 長榮航太|航運業|4 4 -6|79 83 -4 -13|1.0 36
2704 國賓|觀光餐旅|-2 4 6|75 76 -6 -16|1.0 6
2707 晶華|觀光餐旅|-11 -9 -3|80 89 -6 -9|1.0 31
2718 全心投控|建材營造|-2 42 -596|67 70 -22 -2|0.8 18
2722 夏都|觀光餐旅|-21 -17 -0|46 54 -23 -45|2.8 5
2723 美食-KY|觀光餐旅|-3 -6 1|94 99 16 8|0.7 45
2727 王品|觀光餐旅|-4 -0 -2|91 96 7 1|0.7 84
2731 雄獅|觀光餐旅|-9 10 -62|77 77 -11 -15|0.3 38
2734 易飛網|觀光餐旅|-51 -43 -92|62 83 6 -16|1.2 6
2739 寒舍|觀光餐旅|0 -0 -6|65 73 -13 -21|0.5 9
2743 山富|觀光餐旅|-23 -7 -118|54 61 -17 -37|0.6 12
2745 五福|觀光餐旅|-1 17 -170|71 79 2 -14|0.4 17
2748 雲品|觀光餐旅|-11 -3 -10|71 90 5 -9|1.4 8
2753 八方雲集|觀光餐旅|7 7 -2|85 90 -2 -9|0.6 13
2762 世界健身-KY|運動休閒|3 2 -3|na 89 11 5|0.3 16
2801 彰銀|金融保險|-1 12 6|97 97 1 1|1.0 198
2809 京城銀|金融保險|-1 14 -24|71 71 -10 -19|1.2 193
2812 台中銀|金融保險|19 13 -1|95 95 2 3|1.3 50
2816 旺旺保|金融保險|22 11 2|79 86 -4 -3|0.5 6
2820 華票|金融保險|69 62 -19|95 95 -0 -2|0.9 8
2834 臺企銀|金融保險|-10 13 5|79 79 -5 -11|0.8 213
2836 高雄銀|金融保險|18 20 10|90 90 -3 2|0.6 9
2838 聯邦銀|金融保險|-1 20 9|92 92 1 0|0.7 14
2845 遠東銀|金融保險|17 0 0|81 81 -4 -9|0.7 51
2850 新產|金融保險|6 2 -2|95 95 5 10|0.6 25
2851 中再保|金融保險|7 -6 -11|92 94 -4 -2|0.7 38
2852 第一保|金融保險|10 4 -5|100 100 7 5|1.3 9
2855 統一證|金融保險|700 278 162|92 92 2 1|1.0 41
2880 華南金|金融保險|23 14 -2|97 97 4 12|1.8 330
2881 富邦金|金融保險|115 25 -66|95 95 -5 25|0.9 1857
2882 國泰金|金融保險|-22 2 -68|97 97 4 20|0.7 1485
2883 凱基金|金融保險|31 354 113|99 99 8 24|0.8 581
2884 玉山金|金融保險|-14 15 -4|94 94 -3 -0|0.7 603
2885 元大金|金融保險|60 29 4|98 98 7 8|1.1 662
2886 兆豐金|金融保險|16 16 -1|95 95 1 5|1.1 710
2887 台新新光金|金融保險|25 57 33|87 87 -7 -2|0.6 600
2888 新光金|金融保險|-65 -3947 -3042|86 86 -10 24|0.3 564
2889 國票金|金融保險|57 27 3|86 86 -8 -2|1.5 94
2890 永豐金|金融保險|37 24 -1|91 91 1 7|1.2 649
2891 中信金|金融保險|35 16 -98|99 99 17 11|0.7 1799
2892 第一金|金融保險|12 19 12|95 95 0 3|0.9 568
2903 遠百|貿易百貨|-4 -5 -0|73 74 -13 -18|0.9 43
2905 三商|貿易百貨|53 -34 -203|77 77 -19 -11|0.4 21
2908 特力|貿易百貨|7 -1 -4|95 95 -3 -1|0.9 8
2912 統一超|貿易百貨|6 7 -0|90 90 -4 4|0.7 292
2913 農林|貿易百貨|36 27 20|88 89 -0 -2|0.5 24
2915 潤泰全|貿易百貨|11 -0 1|95 95 -3 17|0.8 337
2929 淘帝-KY|貿易百貨|-12 -10 -1|100 100 74 64|1.9 44
3003 健和興|電子零組|22 20 14|79 79 -16 -3|0.9 152
3004 豐達科|鋼鐵工業|3 5 -12|77 84 -6 -13|1.1 6
3005 神基|電腦及週|-5 -2 -5|70 84 -8 -7|0.8 255
3006 晶豪科|半導體業|6 15 -3|59 59 -19 -31|0.7 102
3008 大立光|光電業|4 25 -5|78 78 -20 9|0.7 1385
3010 華立|電子通路|8 8 -10|83 83 -7 2|0.7 117
3011 今皓|電子零組|-12 6 6|65 77 -16 -14|0.1 17
3013 晟銘電|電腦及週|14 27 -4|84 84 25 55|0.5 3464
3014 聯陽|半導體業|20 10 1|78 78 0 -16|0.7 149
3015 全漢|電子零組|-10 -8 6|94 94 4 3|0.9 166
3016 嘉晶|半導體業|-1 3 9|70 70 -17 -18|0.5 14
3017 奇鋐|電腦及週|28 24 2|85 90 18 0|0.7 3939
3019 亞光|光電業|33 41 17|83 83 -10 65|0.5 536
3021 鴻名|電子零組|18 24 9|90 90 44 43|1.4 39
3022 威強電|電腦及週|-13 -3 12|80 80 -1 -5|2.0 102
3023 信邦|電子零組|8 4 7|75 75 -17 -12|1.0 291
3024 憶聲|光電業|105 40 24|89 89 2 -0|2.2 56
3025 星通|通信網路|26 104 5|95 95 25 19|0.5 325
3026 禾伸堂|電子零組|5 -2 4|89 89 -2 -10|1.0 9
3027 盛達|通信網路|-3 3 -30|68 77 -12 -17|1.7 36
3028 增你強|電子通路|2 1 -10|89 92 -1 -8|0.5 7
3029 零壹|資訊服務|43 33 10|100 100 31 64|2.8 209
3030 德律|其他電子|83 56 -6|69 72 -19 -27|0.9 182
3031 佰鴻|光電業|-18 -6 -11|85 85 6 2|1.2 18
3032 偉訓|電子零組|-14 -17 -12|100 100 15 14|3.2 666
3033 威健|電子通路|36 32 9|93 93 3 -2|0.9 68
3034 聯詠|半導體業|-11 -6 -3|76 77 -10 -20|0.7 1537
3035 智原|半導體業|0 -2 8|49 62 -26 -26|0.7 784
3036 文曄|電子通路|46 47 -17|63 88 -7 -6|0.6 491
3037 欣興|電子零組|19 20 16|69 69 -9 -20|0.8 2289
3038 全台|光電業|-8 -16 3|74 82 -3 -17|0.7 8
3040 遠見|其他|-11 -7 3|100 100 33 41|2.0 18
3041 揚智|半導體業|-2 29 12|49 68 -18 -28|0.7 20
3042 晶技|電子零組|7 13 -2|88 88 -9 -5|0.7 160
3043 科風|其他電子|60 -1 38|94 96 9 24|7.7 9
3044 健鼎|電子零組|11 8 -1|82 86 -7 -10|0.7 302
3045 台灣大|通信網路|8 9 -1|96 96 1 7|0.5 553
3046 建碁|電腦及週|4 12 -30|76 83 -17 -12|0.5 7
3047 訊舟|通信網路|69 81 34|72 72 -23 38|0.4 200
3048 益登|電子通路|0 3 -2|62 62 -28 -7|0.3 32
3049 精金|光電業|182 110 105|82 82 16 26|0.2 55
3050 鈺德|光電業|13 6 -1|68 68 -14 -13|0.8 38
3051 力特|光電業|-3 -4 11|74 94 -3 -2|0.5 14
3055 蔚華科|電子通路|-72 -49 -18|63 63 -11 -23|0.6 47
3056 富華新|建材營造|45670 15215 11407|88 88 -7 2|0.9 41
3058 立德|電子零組|-21 -18 -1|68 76 -1 -20|0.7 9
3059 華晶科|光電業|-20 -18 5|74 75 -14 -23|0.9 21
3060 銘異|電腦及週|1 17 -19|65 68 -13 -27|0.3 16
3062 建漢|通信網路|-45 -34 -16|80 80 -9 28|0.2 473
3066 李洲|光電業|30 12 4|76 76 -10 23|0.1 9
3073 天方能源|綠能環保|-10 1 18|52 52 -35 61|0.2 10
3078 僑威|電子零組|-29 -32 -20|78 88 -6 -11|1.9 64
3081 聯亞|通信網路|42 65 47|90 90 81 152|0.3 312
3083 網龍|文化創意|5 1 -34|77 77 -0 -15|0.9 7
3086 華義*|文化創意|0 15 -15|61 61 -5 22|0.4 35
3088 艾訊|電腦及週|11 21 23|95 96 15 5|1.3 127
3090 日電貿|電子零組|25 16 3|97 97 16 5|4.7 526
3092 鴻碩|電子零組|-23 -14 -7|88 92 -5 -0|1.0 14
3094 聯傑|半導體業|-37 -22 5|71 73 -11 -5|0.2 6
3105 穩懋|半導體業|-23 -9 -36|65 65 -16 -15|0.6 204
3130 一零四|數位雲端|8 8 0|91 91 -4 -6|0.5 7
3131 弘塑|半導體業|22 25 10|79 79 -11 49|0.6 1103
3138 耀登|通信網路|-18 -2 -0|67 84 -10 -15|1.3 11
3141 晶宏|半導體業|-2 -9 8|79 80 4 -21|0.2 38
3147 大綜|資訊服務|19 29 7|80 80 -17 12|0.3 38
3149 正達|光電業|2 24 12|70 70 4 36|0.2 237
3152 璟德|通信網路|10 8 -8|64 83 -1 -16|1.2 27
3162 精確|電機機械|64 69 40|82 96 19 32|2.5 62
3163 波若威|通信網路|-40 -39 -18|70 70 -26 21|0.3 269
3167 大量|電機機械|103 116 32|68 68 33 95|0.5 1033
3169 亞信|半導體業|-13 -15 -12|67 73 -16 -25|0.6 8
3188 鑫龍騰|建材營造|-94 91 na|54 54 -31 -6|0.5 11
3189 景碩|半導體業|3 24 13|71 71 -18 1|0.4 499
3207 耀勝|電子零組|50 49 30|65 65 -21 -23|0.4 38
3209 全科|電子通路|-31 -6 10|84 84 2 7|0.3 97
3211 順達|電腦及週|-36 -18 -2|100 100 102 122|4.3 1100
3213 茂訊|電腦及週|-19 -24 -30|77 77 -17 -20|0.3 20
3217 優群|電子零組|19 16 -2|80 87 0 -2|0.4 93
3218 大學光|生技醫療|4 3 -1|74 84 -5 -14|0.6 30
3219 倚強科|其他電子|13 -13 -12|68 68 -7 32|0.6 34
3224 三顧|電子通路|-6 11 19|94 97 4 5|0.8 11
3227 原相|半導體業|27 35 -18|77 77 3 35|0.3 558
3228 金麗科|半導體業|-21 1 -49|36 46 -26 -52|0.6 170
3230 錦明|光電業|-52 -49 -12|93 93 15 243|1.6 142
3231 緯創|電腦及週|23 23 10|86 92 14 2|1.2 6229
3234 光環|通信網路|-23 -20 -14|98 98 34 17|1.0 130
3236 千如|電子零組|5 5 19|95 99 15 9|0.8 7
3257 虹冠電|半導體業|-50 -37 -58|86 90 26 6|0.8 24
3260 威剛|半導體業|-10 -4 -38|75 78 -7 -20|0.6 151
3264 欣銓|半導體業|-17 -16 -9|66 74 -22 -25|0.8 109
3265 台星科|半導體業|30 15 -0|75 75 -10 -13|0.5 33
3284 太普高|其他|-25 23 -27|50 50 -42 -7|0.3 9
3289 宜特|其他電子|18 26 16|73 73 -12 8|0.3 139
3290 東浦|電子零組|0 4 -0|84 84 1 22|0.4 82
3293 鈊象|文化創意|36 33 4|88 88 30 91|0.8 2589
3294 英濟|電子零組|-9 -12 -19|49 65 -16 -23|0.2 9
3296 勝德|電子零組|0 -6 -7|97 97 15 33|1.8 12
3303 岱稜|其他電子|-1 16 -7|79 79 -1 36|0.3 174
3305 昇貿|其他電子|51 45 23|78 78 -6 -14|0.3 29
3306 鼎天|通信網路|-31 -25 -16|79 79 -3 -14|0.3 7
3312 弘憶股|電子通路|-2 7 -7|55 55 -30 -12|0.4 109
3317 尼克森|半導體業|10 2 4|86 93 -1 4|0.9 27
3322 建舜電|電子零組|2 -19 -26|65 75 -23 -21|1.0 7
3323 加百裕|電腦及週|-16 -22 3|100 100 71 52|8.1 380
3324 雙鴻|其他電子|16 17 -4|75 80 18 -12|0.6 2687
3325 旭品|電腦及週|-34 -25 -21|51 66 -10 -36|0.6 7
3338 泰碩|電子零組|-23 -19 -24|80 80 -1 -12|1.9 165
3339 泰谷|光電業|21 27 3|80 80 -7 -4|0.8 20
3346 麗清|汽車工業|1 1 -16|73 88 1 -4|0.6 12
3354 律勝|電子零組|7 8 -20|73 73 16 2|0.1 10
3356 奇偶|光電業|-6 -18 -13|76 76 -15 -15|0.4 30
3357 臺慶科|電子零組|33 33 16|81 81 -17 -8|1.7 28
3360 尚立|電子通路|70 69 78|70 79 3 -10|0.1 9
3362 先進光|光電業|-1 6 -6|71 71 -27 -14|0.3 98
3363 上詮|通信網路|-8 8 -2|82 82 10 40|0.6 234
3372 典範|半導體業|-17 -10 -23|60 66 -15 -34|0.7 5
3374 精材|半導體業|1 7 -3|69 69 -26 51|0.5 1198
3376 新日興|電子零組|23 26 -14|74 74 -11 -8|0.8 547
3379 彬台|電機機械|95 164 75|66 66 -22 31|0.3 7
3380 明泰|通信網路|13 -9 13|96 98 5 6|1.7 67
3390 旭軟|電子零組|-19 -18 -29|74 75 -21 -15|0.3 9
3402 漢科|其他電子|3 20 -10|82 82 -6 11|0.8 39
3406 玉晶光|光電業|-22 -22 -60|67 67 -20 -17|0.5 404
3413 京鼎|半導體業|49 53 35|78 78 -10 1|0.3 309
3416 融程電|電腦及週|66 33 20|94 94 8 -4|1.0 34
3419 譁裕|通信網路|11 -3 2|95 95 12 10|3.8 36
3430 奇鈦科|化學工業|9 20 5|66 66 -0 5|0.2 28
3437 榮創|光電業|-12 -15 -21|60 75 -16 -17|0.2 12
3438 類比科|半導體業|24 18 3|74 81 -11 -5|0.3 7
3441 聯一光電|光電業|-15 11 2|87 87 -7 -1|0.3 7
3443 創意|半導體業|-30 -23 -13|63 70 7 -26|0.8 2020
3444 利機|電子通路|18 18 5|63 72 -10 -24|0.9 21
3447 展達|通信網路|109 83 96|73 73 78 125|1.3 421
3450 聯鈞|半導體業|73 59 33|95 95 36 193|1.1 6744
3454 晶睿|光電業|13 7 33|73 82 2 -11|1.4 30
3455 由田|光電業|-0 8 10|84 84 -7 19|0.4 114
3466 德晉|通信網路|-93 -55 9|66 66 -8 -21|0.4 31
3479 安勤|電腦及週|-1 -6 6|80 85 -13 -9|0.2 13
3481 群創|光電業|-2 -3 -8|86 90 -1 3|0.5 662
3483 力致|電腦及週|12 5 -5|70 70 -8 -15|0.3 90
3484 崧騰|電子零組|38 31 16|83 83 -14 6|0.7 21
3490 單井|光電業|-30 -22 7|73 73 -9 -6|0.5 49
3491 昇達科|通信網路|69 75 30|86 86 -14 6|0.3 177
3498 陽程|其他電子|42 76 108|75 75 9 43|0.2 82
3499 環天科|通信網路|48 45 -4|86 86 11 4|0.6 11
3501 維熹|電子零組|12 7 -2|83 83 -11 -1|1.0 30
3504 揚明光|光電業|-3 -10 5|76 88 -4 -4|0.8 13
3511 矽瑪|電子零組|27 32 53|81 81 51 52|1.2 255
3515 華擎|電腦及週|67 36 10|78 95 15 4|1.7 277
3516 亞帝歐|光電業|30 15 -13|77 84 5 -4|1.2 6
3518 柏騰|其他電子|12 -0 -1|65 65 -31 -10|0.3 17
3520 華盈|電子零組|40 32 6|86 86 -2 5|0.9 25
3522 御嵿|觀光餐旅|-9 27 8|79 79 -1 37|0.5 6
3526 凡甲|電子零組|38 37 2|96 96 16 15|0.9 85
3529 力旺|半導體業|13 10 -9|82 82 12 21|0.7 2283
3530 晶相光|半導體業|23 25 13|65 80 -2 -13|0.4 14
3532 台勝科|半導體業|-11 -15 -2|62 63 -21 -33|1.0 55
3533 嘉澤|電子零組|36 28 9|100 100 29 22|1.1 1718
3535 晶彩科|光電業|-80 -66 -208|62 62 -30 82|0.2 86
3537 堡達|電子零組|6 -2 -3|80 80 2 6|0.3 12
3540 曜越|電腦及週|4 -14 -5|65 73 -7 -27|0.9 9
3545 敦泰|半導體業|16 7 -2|67 96 9 -1|0.9 144
3546 宇峻|文化創意|-11 0 -2|90 90 -3 -5|1.0 7
3548 兆利|電子零組|-16 -19 -47|69 98 1 3|1.6 398
3550 聯穎|電子零組|-6 -12 -5|66 66 -23 24|0.1 22
3551 世禾|綠能環保|19 16 7|82 82 17 23|0.4 229
3552 同致|其他電子|-25 -26 -24|73 92 15 -2|0.8 147
3557 嘉威|居家生活|1 8 -10|92 92 1 -3|0.8 10
3558 神準|通信網路|-13 -22 11|99 100 43 38|2.9 492
3563 牧德|光電業|102 32 61|85 94 12 9|1.2 169
3564 其陽|通信網路|14 30 17|60 68 -13 -33|0.2 15
3570 大塚|資訊服務|78 31 11|98 98 9 3|1.6 10
3576 聯合再生|光電業|-61 -53 5|71 71 -8 -12|0.7 26
3580 友威科|其他電子|55 4 2|80 80 -13 69|0.3 315
3581 博磊|半導體業|10 5 10|79 79 17 101|0.1 79
3583 辛耘|半導體業|45 47 7|87 87 9 34|0.3 1067
3587 閎康|其他電子|9 8 1|84 88 -11 -2|0.2 85
3588 通嘉|半導體業|9 20 -12|60 74 -3 -20|0.2 20
3591 艾笛森|光電業|25 27 -1|79 79 -2 -7|1.7 30
3592 瑞鼎|半導體業|21 23 -13|77 89 9 -9|1.8 119
3594 磐儀|電腦及週|5 -2 15|90 90 14 2|1.0 18
3596 智易|通信網路|-16 -15 -15|87 96 19 6|1.2 302
3597 映興|電子零組|103 67 60|98 98 89 105|2.6 52
3605 宏致|電子零組|19 21 10|82 82 -6 7|0.3 89
3607 谷崧|電子零組|39 24 7|77 77 -12 3|0.2 10
3611 鼎翰|電腦及週|6 3 2|89 92 -6 -3|0.6 6
3615 安可|光電業|-16 -13 -10|78 78 2 25|0.2 101
3617 碩天|其他電子|9 7 3|100 100 20 39|1.8 299
3622 洋華|光電業|42 13 -17|87 87 13 25|0.8 110
3624 光頡|電子零組|3 7 7|79 81 -14 -10|0.3 6
3625 西勝|電腦及週|-73 -66 -42|100 100 41 40|2.8 21
3628 盈正|其他電子|14 11 8|90 90 6 3|5.2 21
3631 晟楠|電子零組|-37 -24 21|81 81 -17 1|0.5 6
3645 達邁|電子零組|66 33 -9|70 70 -25 1|0.3 20
3652 精聯|電腦及週|16 13 5|71 71 -18 16|0.2 6
3653 健策|電子零組|26 15 7|91 91 11 42|1.2 1714
3661 世芯-KY|半導體業|48 73 -10|52 78 -13 -22|0.9 4984
3663 鑫科|其他電子|98 101 35|71 71 -21 63|0.2 147
3665 貿聯-KY|其他電子|9 7 7|100 100 50 135|1.0 2711
3673 TPK-KY|光電業|-10 0 1|77 77 -5 12|0.4 71
3675 德微|半導體業|38 34 8|65 65 -18 -21|0.4 81
3679 新至陞|電子零組|21 20 -1|89 89 1 -2|1.1 7
3680 家登|半導體業|-25 12 -15|82 82 -10 19|0.5 286
3686 達能|半導體業|91 32 -400|63 63 -24 10|0.4 6
3687 歐買尬|數位雲端|5 5 -1|78 78 5 -10|0.1 26
3689 湧德|電子零組|-5 -10 9|86 86 -5 23|0.4 269
3691 碩禾|光電業|23 137 -34|48 56 -23 -35|0.5 18
3693 營邦|電腦及週|-14 -12 -16|80 96 0 10|1.9 343
3694 海華|通信網路|-4 -6 -4|78 85 1 -10|1.1 23
3701 大眾控|電腦及週|-9 -14 -14|49 72 -7 -29|0.6 29
3702 大聯大|電子通路|19 34 8|73 73 -11 -14|0.9 450
3703 欣陸|建材營造|-4 -8 -13|76 80 -12 -17|0.5 73
3704 合勤控|通信網路|-13 -16 0|75 98 7 4|0.8 106
3705 永信|生技醫療|20 19 3|90 90 -2 1|0.4 21
3706 神達|電腦及週|150 84 49|97 97 85 77|3.1 13353
3707 漢磊|半導體業|-9 -12 6|65 74 -20 -17|0.4 43
3708 上緯投控|綠能環保|16 14 7|62 64 -14 -35|1.0 60
3709 鑫聯大投控|電腦及週|26 40 18|74 74 11 25|0.5 20
3710 連展投控|電子零組|9 16 -6|78 78 8 25|0.3 24
3711 日月光投控|半導體業|0 2 1|80 80 1 -2|0.7 2239
3712 永崴投控|電腦及週|101 53 -9|91 91 22 49|2.2 478
3714 富采|光電業|-7 1 -9|93 94 10 4|0.4 77
3715 定穎投控|電子零組|1 7 -6|57 79 -5 3|0.2 194
4104 佳醫|生技醫療|12 5 -1|93 94 -2 -4|0.7 5
4105 東洋|生技醫療|-2 2 -4|93 97 0 -3|1.8 24
4107 邦特|生技醫療|-1 3 -4|87 87 -8 1|0.8 10
4109 加捷生醫|生技醫療|34 24 -30|66 66 -21 24|0.5 10
4113 聯上|建材營造|1324565 513922 301088|50 50 -31 -45|0.3 15
4114 健喬|生技醫療|10 14 8|89 89 -10 -6|0.7 16
4119 旭富|生技醫療|79 57 19|96 98 9 3|1.4 34
4123 晟德|生技醫療|47 20 -11|81 81 -2 0|2.2 80
4128 中天|生技醫療|7 6 -0|80 90 -8 1|1.5 47
4129 聯合|生技醫療|13 14 -5|90 90 -3 5|0.9 23
4137 麗豐-KY|生技醫療|-18 -19 -25|61 73 -17 -26|1.0 25
4142 國光生|生技醫療|-4 -10 -6|60 73 -25 -23|1.6 25
4147 中裕|生技醫療|-3 -10 -48|74 92 -1 -7|1.2 34
4157 太景*-KY|生技醫療|54 37 -16|72 78 -16 -21|0.9 13
4160 訊聯基因|生技醫療|-4 6 -9|61 61 -17 -8|0.6 9
4162 智擎|生技醫療|15 10 -11|87 89 9 3|1.0 143
4164 承業醫|生技醫療|-66 7 0|66 75 -9 -20|0.8 11
4167 松瑞藥|生技醫療|-3 12 -23|78 78 -11 -11|0.5 11
4174 浩鼎|生技醫療|-63 8 na|70 70 -24 8|0.3 53
4303 信立|塑膠工業|738 341 241|89 100 11 31|2.1 230
4306 炎洲|塑膠工業|-10 13 -20|79 79 -15 -9|0.4 19
4420 光明|紡織纖維|23 28 8|99 99 2 22|0.4 6
4438 廣越|紡織纖維|10 3 16|87 89 -9 -11|0.4 9
4503 金雨|電機機械|-10 0 -39|73 77 2 -15|0.7 6
4510 高鋒|電機機械|-28 -28 -18|85 85 -7 196|2.8 267
4513 福裕|電機機械|-15 -34 -26|44 44 -49 -11|0.2 38
4523 永彰|電機機械|4 4 1|60 72 -17 -28|1.2 9
4526 東台|電機機械|-9 -26 -6|79 79 -14 33|1.9 134
4527 方方土霖|電機機械|11 21 -2|76 76 10 16|0.2 14
4532 瑞智|電機機械|45 32 2|83 83 5 -5|0.4 26
4533 協易機|電機機械|-51 6 5|71 74 -14 -26|0.4 45
4534 慶騰|電機機械|19 12 -6|72 72 -23 37|0.5 6
4536 拓凱|運動休閒|45 32 34|86 86 -10 3|0.3 43
4540 全球傳動|電機機械|-5 -13 9|79 79 -11 12|0.5 40
4541 晟田|其他|11 25 15|99 100 22 15|2.4 15
4542 科嶠|電子零組|-71 -65 -41|79 79 2 25|0.1 81
4543 萬在|電機機械|3 5 6|64 71 -19 -30|0.4 7
4545 銘鈺|電子零組|38 55 43|71 71 -10 27|0.2 25
4549 桓達|電機機械|-17 -23 -20|72 72 -17 -26|0.2 32
4551 智伸科|汽車工業|18 20 20|80 80 -9 5|0.5 36
4555 氣立|電機機械|23 24 15|53 56 -22 -35|0.2 8
4557 永新-KY|汽車工業|42 32 8|93 93 21 13|0.7 21
4558 寶緯|電機機械|4 -29 -19|83 83 31 20|0.5 20
4560 強信-KY|電機機械|32 33 7|90 91 0 -7|1.2 9
4561 健椿|電機機械|-16 -23 -38|78 78 -14 26|0.3 39
4562 穎漢|電機機械|36 16 12|81 81 -8 52|2.1 187
4563 百德|電機機械|46 21 -17|71 71 15 66|0.2 112
4564 元翎|電機機械|6 -11 11|78 78 -20 -10|0.4 8
4566 時碩工業|電機機械|29 20 10|69 69 -23 6|0.2 97
4569 六方科-KY|汽車工業|13 26 4|65 65 56 85|0.5 156
4571 鈞興-KY|電機機械|47 28 0|90 90 8 28|0.3 125
4572 駐龍|電機機械|24 3 -10|89 94 -4 5|0.6 8
4576 大銀微系統|電機機械|-5 9 11|77 77 26 52|0.5 197
4577 達航科技|其他電子|-25 30 58|87 87 33 5|0.3 7
4580 捷流閥業|電機機械|7 -6 7|89 89 -6 -6|0.9 5
4583 台灣精銳|電機機械|3 11 7|82 82 26 152|0.9 653
4714 永捷|化學工業|223 128 76|69 83 -12 -11|0.4 20
4716 大立|化學工業|-5 3 -7|64 64 -8 23|0.2 32
4720 德淵|化學工業|15 11 1|80 80 -10 6|0.6 13
4721 美琪瑪|化學工業|23 -8 6|78 83 -10 -5|0.7 16
4726 永昕|生技醫療|-45 9 -16|72 72 -9 -13|2.4 23
4729 熒茂|光電業|29 8 21|91 91 21 82|0.7 186
4736 泰博|生技醫療|2 16 21|83 91 -6 -5|0.3 14
4739 康普|化學工業|-14 -18 5|72 82 -3 -8|1.0 20
4743 合一|生技醫療|25 52 3|53 59 -34 -28|1.1 285
4746 台耀|生技醫療|-5 -9 -16|65 67 -21 -22|2.1 99
4755 三福化|化學工業|-3 -4 -4|82 87 1 -6|1.7 26
4760 勤凱科技|其他電子|118 68 31|73 73 -9 -15|0.2 19
4763 材料*-KY|化學工業|14 23 -67|86 91 -6 8|0.9 1304
4766 南寶|化學工業|11 9 -1|88 89 9 1|0.9 147
4768 晶呈科技|化學工業|43 47 29|69 76 -15 -12|0.4 87
4770 上品|化學工業|31 34 24|70 75 -16 -15|0.4 55
4771 望隼|生技醫療|6 7 na|na 60 -20 -39|0.4 12
4807 日成-KY|貿易百貨|62 66 23|55 55 -10 18|0.5 22
4903 聯光通|通信網路|-60 -1 -33|66 66 32 39|0.2 296
4904 遠傳|通信網路|10 7 -5|98 98 1 9|0.7 516
4906 正文|通信網路|11 -1 4|80 80 -14 -3|0.6 73
4907 富宇|建材營造|-99 23138 -529912|62 62 -16 -0|1.2 5
4908 前鼎|通信網路|-39 -31 -48|75 78 -11 -11|0.1 67
4909 新復興|通信網路|194 352 55|62 62 -10 42|0.3 587
4912 聯德控股-KY|電子零組|3 -6 -29|87 91 11 -4|2.2 13
4915 致伸|電子零組|-7 -0 6|76 76 -8 -21|0.7 137
4916 事欣科|電腦及週|-14 -2 -6|87 87 15 8|3.4 62
4919 新唐|半導體業|-19 -14 -5|62 70 1 -26|0.2 473
4927 泰鼎-KY|電子零組|-1 5 7|68 68 -31 -0|3.8 94
4931 新盛力|電腦及週|83 79 63|100 100 79 116|1.3 395
4933 友輝|光電業|20 8 -15|82 82 -7 4|0.6 24
4934 太極|光電業|-90 -91 -8|48 53 -31 -38|0.7 6
4935 茂林-KY|光電業|-1 18 7|81 81 -7 -0|0.1 12
4938 和碩|電腦及週|-16 -12 1|79 79 -8 -15|0.6 572
4945 陞達科技|半導體業|-6 6 -25|51 65 -12 -33|0.5 5
4952 凌通|半導體業|1 3 -13|68 70 -10 -23|0.3 11
4953 緯致|資訊服務|15 16 -2|75 83 -4 -15|0.6 14
4956 光鋐|光電業|13 23 15|79 79 28 70|0.5 268
4958 臻鼎-KY|電子零組|0 13 -5|75 75 -13 0|0.6 611
4960 誠美材|光電業|-13 -15 -14|72 72 -7 -14|1.6 12
4961 天鈺|半導體業|34 27 17|81 82 -12 -10|0.7 158
4966 譜瑞-KY|半導體業|16 14 -10|55 80 -10 -10|1.6 364
4967 十銓|半導體業|-25 7 -87|49 49 -29 -33|0.5 111
4968 立積|半導體業|11 23 -6|86 87 18 15|2.6 851
4971 IET-KY|半導體業|-11 -30 -32|91 91 64 48|2.6 263
4973 廣穎電通|半導體業|4 -8 -5|66 70 -3 -29|1.4 5
4974 亞泰|電子零組|37 68 53|74 74 7 30|0.1 31
4976 佳凌|光電業|13 33 14|61 61 -22 -23|0.5 7
4977 眾達-KY|通信網路|95 99 123|100 100 63 83|1.0 1139
4979 華星光|通信網路|1 5 -37|100 100 70 47|2.0 2461
4987 科誠|電腦及週|25 15 5|93 93 17 48|0.9 41
4991 環宇-KY|半導體業|-7 10 -35|100 100 175 153|3.4 185
5009 榮剛|鋼鐵工業|-12 -11 -7|86 92 -2 -5|0.8 122
5011 久陽|鋼鐵工業|-39 28 10|77 77 -18 -13|0.5 5
5014 建錩|鋼鐵工業|24 13 6|74 74 -9 -8|0.2 17
5202 力新|資訊服務|-7 1 -13|74 74 1 27|0.2 31
5203 訊連|資訊服務|-1 6 -7|77 77 -14 -14|0.9 13
5210 寶碩|資訊服務|30 -6 -6|43 77 26 -22|0.3 7
5213 亞昕|建材營造|-90 -92 -687|66 66 -13 -17|0.7 14
5222 全訊|半導體業|-12 1 -11|70 75 -12 -20|2.7 38
5225 東科-KY|其他電子|15 3 -15|83 83 -16 13|0.7 208
5227 立凱-KY|電子零組|91 26 46|65 80 14 -10|1.7 14
5230 雷笛克光學|光電業|12 17 -7|70 70 -5 -25|0.1 9
5234 達興材料|光電業|-4 -7 -3|77 77 12 22|0.7 443
5236 凌陽創新|半導體業|8 15 3|75 75 -9 -11|0.2 36
5243 乙盛-KY|光電業|43 28 23|91 91 17 18|0.9 440
5258 虹堡|電腦及週|-8 -5 -2|62 67 -28 -26|0.5 66
5263 智崴|文化創意|98 90 46|80 80 -10 23|0.8 113
5269 祥碩|半導體業|4 12 -26|63 68 -8 -19|0.9 1492
5274 信驊|半導體業|112 137 55|76 76 -15 -1|0.7 1703
5284 jpp-KY|其他|32 9 12|65 89 34 21|0.6 110
5285 界霖|半導體業|7 6 7|70 73 -19 -25|1.6 11
5288 豐祥-KY|電機機械|-4 -13 -11|82 82 -5 -8|0.4 9
5289 宜鼎|電腦及週|9 11 4|73 76 -20 -18|1.1 62
5292 華懋|綠能環保|1 18 5|na 88 8 -6|0.4 11
5299 杰力|半導體業|-7 -10 -14|67 76 -18 -18|1.3 7
5306 桂盟|運動休閒|3 14 14|77 77 -21 -14|0.7 18
5309 系統電|電子零組|-10 -12 -10|91 91 18 32|4.8 1042
5312 寶島科|生技醫療|-2 2 -2|100 100 9 9|1.9 6
5314 世紀*|其他|1684 1195 na|100 100 168 117|1.3 230
5315 光聯|光電業|55 33 45|98 98 24 23|1.1 60
5328 華容|電子零組|4 -3 18|90 90 3 18|5.6 6
5340 建榮|電子零組|41 58 -5|67 71 -4 -27|0.7 21
5347 世界|半導體業|17 18 4|66 66 -27 -8|0.6 728
5351 鈺創|半導體業|-0 18 -16|59 64 -15 -32|0.5 37
5356 協益|電腦及週|19 43 9|87 88 -7 -10|0.8 8
5371 中光電|光電業|-8 -2 -1|69 89 5 -12|5.4 101
5381 光譜|電機機械|210 650 246|64 69 -9 -25|0.6 6
5386 青雲|電腦及週|76 218 120|81 81 -10 29|0.2 134
5388 中磊|通信網路|-26 -26 -16|79 92 0 -5|1.2 134
5392 能率|光電業|-3 -6 -8|64 65 -18 -35|0.3 15
5398 慕康生醫|其他|87 65 58|84 84 22 31|0.5 34
5425 台半|半導體業|12 4 9|65 76 -9 -21|0.5 41
5426 振發|電腦及週|33 8 16|75 83 8 -17|0.9 313
5432 新門|綠能環保|-42 -32 -26|54 54 -40 -21|0.5 46
5434 崇越|電子通路|21 25 17|93 93 2 10|0.7 190
5438 東友|電腦及週|75 58 50|74 74 84 78|0.4 132
5439 高技|電子零組|-2 -0 3|75 100 17 24|3.6 76
5443 均豪|半導體業|218 112 59|82 82 -14 124|0.2 545
5452 佶優|其他電子|-4 -1 -3|81 81 -2 44|0.4 67
5457 宣德|電子零組|59 46 20|78 88 10 -6|0.6 56
5460 同協|電子零組|-1 -13 8|76 76 5 20|0.1 13
5465 富驊|電腦及週|-23 -26 -13|85 97 22 4|3.5 76
5469 瀚宇博|電子零組|-6 -2 3|71 79 -6 -18|0.5 55
5471 松翰|半導體業|-12 -7 -16|72 77 -10 -20|0.9 18
5474 聰泰|電腦及週|-7 -8 -16|75 75 -13 -4|0.7 34
5478 智冠|文化創意|14 16 6|68 87 2 -11|0.4 14
5481 新華|其他|-2 -1 -4|91 91 13 99|0.6 15
5483 中美晶|半導體業|11 4 3|67 69 -21 -25|1.0 575
5484 慧友|光電業|23 20 -4|43 43 -35 47|0.7 18
5488 松普|電子零組|99 66 68|82 91 12 16|0.5 32
5493 三聯|其他電子|16 13 -7|73 76 -15 -12|0.4 12
5498 凱崴|電子零組|-4 -3 -10|69 71 -19 -22|0.7 6
5508 永信建|建材營造|-65 -14 -241|53 53 -38 -15|0.6 127
5511 德昌|建材營造|-34 -11 -5|84 93 2 -5|0.6 8
5515 建國|建材營造|81 84 50|87 100 10 7|0.8 13
5519 隆大|建材營造|2 0 -266|59 59 -23 -24|0.5 15
5521 工信|建材營造|20 47 15|73 84 2 -13|0.6 15
5522 遠雄|建材營造|46 58 -211|73 76 -14 -23|2.1 73
5530 龍巖|其他|76 20 11|88 88 4 7|1.4 16
5531 鄉林|建材營造|-57 7 22|78 91 7 -3|1.4 9
5534 長虹|建材營造|-64 -4 -101|63 63 -24 -25|0.9 150
5536 聖暉*|其他電子|35 24 15|87 87 15 38|0.8 268
5603 陸海|航運業|3 8 6|78 78 0 16|0.4 17
5607 遠雄港|航運業|22 20 3|69 71 -10 -21|3.9 10
5608 四維航|航運業|3 8 15|73 73 -2 -27|0.7 33
5609 中菲行|航運業|41 44 24|86 86 -7 -14|0.7 9
5706 鳳凰|觀光餐旅|23 16 -53|76 79 5 -17|0.9 13
5864 致和證|金融業|102 86 42|79 79 -14 -17|3.3 8
5871 中租-KY|其他|2 3 -3|65 74 -16 -19|0.7 1072
5876 上海商銀|金融保險|15 -3 -6|83 87 -3 -12|1.7 560
5880 合庫金|金融保險|4 14 4|95 95 -2 1|1.0 220
5903 全家|居家生活|5 5 -1|98 98 1 0|1.0 12
5904 寶雅|居家生活|-1 4 -3|87 87 -7 -7|0.7 118
5905 南仁湖|觀光餐旅|-19 -3 1|61 61 -34 26|0.1 19
5907 大洋-KY|貿易百貨|-15 -17 -7|91 91 45 39|1.2 21
6005 群益證|金融保險|34 28 -15|88 93 9 -1|2.0 83
6015 宏遠證|金融業|2764 953 642|87 88 3 -6|0.6 11
6016 康和證|金融業|266 175 69|85 89 -1 -7|0.7 8
6023 元大期貨|金融業|-4 9 -6|95 95 8 4|0.8 6
6024 群益期|金融保險|8 6 -15|98 98 5 1|0.6 12
6104 創惟|半導體業|38 38 13|92 92 29 50|1.0 383
6108 競國|電子零組|-28 -27 -16|68 75 -19 -25|0.3 11
6111 光聚晶電|文化創意|37 131 29|74 81 -0 -13|1.0 23
6112 邁達特|資訊服務|-3 -17 -11|65 71 -1 -20|0.6 14
6117 迎廣|電腦及週|-14 2 -30|68 75 2 -28|2.6 72
6120 達運|光電業|-16 0 -30|71 80 -11 -15|0.6 9
6121 新普|電腦及週|-5 -1 4|72 92 4 -3|1.3 609
6122 擎邦|電機機械|-56 -35 -32|75 91 -8 -3|0.8 12
6125 廣運|電機機械|-41 -48 2|64 74 -11 -27|0.5 152
6126 信音|電子零組|-7 -1 -4|76 76 -5 -10|0.4 35
6127 九豪|電子零組|23 38 15|83 83 10 15|4.8 19
6129 普誠|半導體業|-39 -26 1|58 69 -19 -28|1.0 6
6133 金橋|電子零組|35 30 16|82 82 -0 41|0.2 53
6134 萬旭|電子零組|63 71 44|73 73 26 47|0.6 86
6138 茂達|半導體業|-3 3 -21|73 78 -7 -16|0.5 182
6139 亞翔|其他電子|-41 -20 -99|66 90 -1 16|1.0 451
6142 友勁|通信網路|18 -1 52|82 82 8 13|0.6 12
6143 振曜|通信網路|-11 -8 -1|75 75 -22 -11|0.5 132
6146 耕興|其他電子|-1 -4 1|75 84 -8 -10|1.3 32
6147 頎邦|半導體業|11 8 10|84 92 -5 -7|0.6 185
6150 撼訊|電腦及週|-32 -42 -39|71 86 -5 -11|0.3 103
6151 晉倫|其他電子|11 1 -5|72 72 3 72|0.4 142
6152 百一|通信網路|-47 17 20|68 68 -21 21|0.3 12
6153 嘉聯益|電子零組|-31 -31 -6|66 66 -28 -20|0.7 26
6156 松上|電子零組|48 33 14|71 71 -8 21|0.5 79
6160 欣技|電腦及週|22 10 18|68 68 -12 -15|0.5 6
6161 捷波|電腦及週|-20 -23 -23|59 59 -24 -32|0.4 6
6163 華電網|資訊服務|105 37 18|82 82 -1 -1|0.3 23
6164 華興|光電業|-20 -2 -13|74 79 -4 -10|1.4 15
6165 浪凡|數位雲端|-5 -1 -3|83 89 18 16|0.4 28
6166 凌華|電腦及週|6 -6 8|84 87 3 -5|1.6 29
6167 久正|光電業|11 -9 28|85 92 5 -4|0.6 5
6168 宏齊|光電業|-14 -2 -2|75 86 -6 -9|0.2 11
6170 統振|通信網路|30 29 -1|86 86 7 -9|0.8 10
6173 信昌電|電子零組|1 3 2|79 79 -7 -5|2.1 11
6174 安碁|電子零組|30 16 22|95 95 34 21|7.4 9
6175 立敦|電子零組|9 15 2|98 98 8 8|4.9 27
6176 瑞儀|光電業|15 22 12|89 89 -3 -10|0.6 255
6177 達麗|建材營造|40 23 -1061|62 62 -27 -23|0.5 74
6179 亞通|其他|148 53 45|80 83 -5 -2|0.3 20
6180 橘子|文化創意|16 19 6|100 100 12 8|2.3 131
6182 合晶|半導體業|3 -5 12|62 71 -16 -23|0.8 74
6186 新潤|建材營造|447 234 -14834|61 61 -35 -22|0.6 28
6187 萬潤|半導體業|335 440 137|79 79 16 85|0.6 2657
6188 廣明|電腦及週|-30 -36 -13|76 82 -1 -16|0.4 125
6189 豐藝|電子通路|15 3 -32|80 80 -5 -0|0.4 46
6190 萬泰科|通信網路|37 31 12|78 78 -15 -9|0.7 25
6191 精成科|電子零組|-14 -7 -4|71 71 -14 -25|0.6 127
6192 巨路|其他電子|41 24 10|81 81 -12 -1|1.1 14
6194 育富|電子零組|12 15 3|75 75 -3 1|0.1 6
6196 帆宣|其他電子|-1 9 -1|87 87 -4 -1|0.9 72
6197 佳必琪|電子零組|13 28 -14|78 78 -10 -10|0.3 252
6199 天品|其他|32 12 37|100 100 59 232|2.7 15
6202 盛群|半導體業|28 17 33|74 80 2 -15|0.4 47
6203 海韻電|電子零組|-19 -42 -12|65 73 -15 -26|0.4 6
6204 艾華|電子零組|-5 4 -7|45 49 -36 -48|0.6 10
6205 詮欣|電子零組|11 24 18|87 94 9 3|2.0 19
6206 飛捷|電腦及週|0 22 -8|84 85 -4 -13|0.9 22
6207 雷科|電子零組|9 -3 -30|67 67 -24 -12|0.2 47
6209 今國光|光電業|0 -16 1|73 78 -6 -21|0.7 6
6213 聯茂|電子零組|8 12 -2|56 56 -6 -29|0.7 270
6214 精誠|資訊服務|4 9 -4|90 90 6 3|0.4 86
6215 和椿|其他電子|55 92 50|84 84 -14 5|0.3 102
6216 居易|通信網路|-31 19 -35|77 77 -7 5|0.2 35
6217 中探針|電子零組|47 35 27|75 75 -4 -6|0.3 14
6218 豪勉|通信網路|18 1 -2|73 73 -11 12|0.1 10
6219 富旺|建材營造|-46 -19 -2268|75 75 -18 -3|0.5 11
6220 岳豐|電子零組|2 11 7|95 95 10 17|0.8 28
6223 旺矽|半導體業|43 35 13|90 90 3 58|1.2 1917
6224 聚鼎|電子零組|13 18 18|77 77 0 14|0.2 18
6227 茂綸|電子通路|11 -4 9|80 87 -7 -11|0.4 27
6230 尼得科超眾|電腦及週|-9 -17 13|55 61 -14 -36|0.7 16
6231 系微|資訊服務|14 16 -3|76 76 -1 42|0.4 365
6233 旺玖|半導體業|20 36 26|63 78 -7 -17|0.4 6
6234 高僑|光電業|-56 -42 -16|81 81 -1 -8|1.5 6
6235 華孚|電腦及週|-28 -17 -25|55 75 -5 -16|1.3 143
6237 驊訊|半導體業|83 42 45|67 86 5 -12|0.2 11
6239 力成|半導體業|-5 -3 -12|64 64 -15 -30|0.6 247
6241 鑫永洋|通信網路|34 19 26|71 71 3 17|0.2 7
6243 迅杰|半導體業|5 -10 4|57 76 -3 -23|0.3 5
6244 茂迪|光電業|1 -14 8|69 69 -11 -17|0.8 28
6245 立端|通信網路|12 11 24|78 93 -4 -2|0.9 25
6246 臺龍|光電業|-8 -5 -0|60 60 18 19|0.1 10
6248 沛波|鋼鐵工業|12 44 15|87 88 -7 -4|0.4 10
6257 矽格|半導體業|24 16 3|83 83 -12 -15|0.7 191
6261 久元|半導體業|-3 8 -15|79 79 -11 -9|0.7 19
6263 普萊德|通信網路|11 5 3|84 84 -8 -7|0.5 9
6266 泰詠|電子零組|27 13 25|98 98 4 1|1.4 9
6269 台郡|電子零組|-46 -34 -15|69 70 -24 -24|0.7 77
6271 同欣電|半導體業|-5 11 5|77 81 -8 -15|1.1 125
6274 台燿|電子零組|44 52 14|92 94 1 1|0.7 682
6275 元山|電子零組|9 4 -1|70 76 -1 -25|0.4 8
6278 台表科|光電業|-11 -14 -8|74 74 -11 -10|0.8 142
6279 胡連|電子零組|17 15 -3|88 88 9 7|0.6 216
6282 康舒|電子零組|-2 -11 -42|76 84 -4 -9|1.6 178
6283 淳安|其他電子|33 10 -6|74 83 -6 -12|0.7 19
6284 佳邦|電子零組|8 9 -6|79 79 -17 -5|0.3 53
6285 啟碁|通信網路|-7 -11 -13|70 70 -2 -26|0.8 347
6288 聯嘉|汽車工業|19 20 -10|79 89 11 -6|0.7 192
6290 良維|電子零組|9 9 -0|71 80 -17 -10|0.3 65
6294 智基|文化創意|-0 1 -6|54 60 -35 -37|0.5 9
6405 悅城|光電業|-26 -43 -12|75 75 19 57|0.2 147
6409 旭隼|其他電子|13 37 19|78 78 -8 12|1.0 326
6411 晶焱|半導體業|33 29 15|73 87 -2 -5|0.5 12
6412 群電|電子零組|6 7 8|72 86 -1 -11|0.9 71
6414 樺漢|電腦及週|21 24 5|85 91 4 -3|0.7 205
6415 矽力*-KY|半導體業|6 8 -7|75 75 -4 -10|0.9 1335
6416 瑞祺電通|通信網路|-3 14 14|75 75 -19 1|0.4 74
6419 京晨科|光電業|41 71 -123|62 62 -5 -25|0.3 7
6425 易發|電機機械|27 30 -80|88 95 36 3|0.4 120
6426 統新|通信網路|-45 -33 -27|90 100 19 29|0.8 17
6435 大中|半導體業|-4 -0 -13|79 81 -8 -12|0.7 7
6438 迅得|其他電子|-2 1 11|88 88 67 81|0.6 1052
6442 光聖|通信網路|154 150 66|92 92 24 138|0.7 863
6443 元晶|光電業|-60 -43 -0|63 63 -16 -27|0.9 73
6446 藥華藥|生技醫療|67 99 5|79 79 -16 23|0.8 635
6449 鈺邦|電子零組|27 18 -2|76 76 -16 22|0.4 75
6451 訊芯-KY|半導體業|39 15 20|79 79 -9 20|0.3 767
6456 GIS-KY|光電業|-16 2 14|67 67 -19 -26|1.0 59
6457 紘康|半導體業|17 21 -20|81 83 1 19|0.2 8
6462 神盾|半導體業|55 43 17|54 60 -24 -28|0.5 182
6469 大樹|生技醫療|5 6 -2|56 73 -11 -27|1.0 19
6472 保瑞|生技醫療|86 91 64|90 90 11 15|2.0 1119
6477 安集|光電業|-33 7 41|67 67 -13 -17|1.0 7
6488 環球晶|半導體業|13 -3 7|69 72 -13 -19|1.5 824
6491 晶碩|生技醫療|-16 -7 -14|72 75 -13 -22|0.5 84
6492 生華科|生技醫療|0 0 0|73 73 -10 6|0.3 10
6505 台塑化|油電燃氣|-30 -23 -16|47 61 -27 -39|1.1 300
6509 聚和|化學工業|8 4 3|90 90 2 6|0.5 33
6510 精測|半導體業|68 53 44|96 96 49 59|0.9 617
6515 穎崴|半導體業|153 108 70|80 80 -3 33|1.7 561
6517 保勝光學|光電業|44 38 38|74 81 12 -2|0.1 9
6523 達爾膚|生技醫療|34 13 -4|83 88 3 -15|1.8 12
6525 捷敏-KY|半導體業|2 4 0|87 87 5 4|0.6 25
6526 達發|半導體業|38 37 4|78 78 -1 -11|0.7 195
6530 創威|通信網路|19 16 6|89 89 49 62|0.6 465
6531 愛普*|半導體業|17 17 9|57 75 -4 -14|0.4 318
6532 瑞耘|半導體業|-4 -1 -1|85 85 5 19|0.2 18
6533 晶心科|半導體業|74 185 108|66 85 2 -12|0.3 144
6535 順藥|生技醫療|0 -36 -582|84 84 25 80|1.2 272
6538 倉和|電子零組|-31 -21 -46|55 55 -27 -37|0.3 18
6541 泰福-KY|生技醫療|39 283 -43|97 97 -2 75|2.5 13
6546 正基|通信網路|4 7 -2|59 59 -30 -15|0.8 291
6547 高端疫苗|生技醫療|-33 -25 na|51 69 -22 -24|1.1 24
6548 長科*|半導體業|10 12 12|80 80 -12 -16|0.4 36
6550 北極星藥業-KY|生技醫療|2491 na na|64 68 -18 -30|0.7 38
6558 興能高|其他電子|-8 -3 -2|100 100 80 64|8.5 196
6561 是方|通信網路|49 28 13|95 95 -2 50|0.9 66
6568 宏觀|半導體業|32 15 22|74 85 -3 -13|0.7 8
6570 維田|電腦及週|-2 -3 7|71 71 -25 -6|0.3 7
6576 逸達|生技醫療|810 na na|73 79 -3 -19|2.3 9
6579 研揚|電腦及週|-21 -20 -9|67 67 -21 -33|0.9 12
6582 申豐|橡膠工業|38 145 63|83 83 -3 20|0.3 5
6584 南俊國際|電子零組|49 43 -1|74 74 -2 -14|1.4 45
6585 鼎基|其他|-5 -2 -27|60 67 -27 -26|0.8 42
6589 台康生技|生技醫療|-36 -5 -32|88 96 10 17|2.0 58
6591 動力-KY|電腦及週|-19 -10 -2|76 82 4 -17|0.8 9
6592 和潤企業|其他|-16 -12 -21|65 70 -14 -23|0.6 27
6593 台灣銘板|資訊服務|-30 -22 -30|37 70 -2 -26|0.2 22
6596 寬宏藝術|文化創意|-8 -8 -116|85 96 -2 3|1.3 9
6603 富強鑫|電機機械|14 21 3|75 75 -18 4|0.4 13
6605 帝寶|汽車工業|9 8 -2|89 89 -2 10|0.8 142
6606 建德工業|電機機械|-7 -22 -11|78 78 -7 6|0.1 6
6609 瀧澤科|電機機械|34 55 57|69 69 8 76|0.2 162
6612 奈米醫材|生技醫療|44 60 36|71 71 -16 -3|0.5 7
6613 朋億*|其他電子|11 22 6|87 95 24 -2|0.7 44
6617 共信-KY|生技醫療|5 4 na|na na -13 na|1.2 12
6625 必應|其他|-38 1 -22|71 84 -2 -8|0.6 7
6629 泰金-KY|居家生活|5 30 -12|84 84 -10 10|0.4 21
6637 醫影|生技醫療|149 101 na|na na -1 na|0.5 6
6640 均華|半導體業|431 218 65|77 77 -10 96|0.5 582
6642 富致|電子零組|18 25 1|92 92 1 5|0.4 8
6643 M31|半導體業|-55 -24 -26|43 48 -23 -24|0.5 625
6651 全宇昕|半導體業|23 23 21|83 83 -4 30|0.2 17
6658 聯策|其他電子|64 10 -2|73 73 -3 64|0.2 125
6664 群翊|電子零組|6 2 -0|76 76 -18 13|0.4 87
6667 信紘科|其他電子|91 94 51|79 79 -16 12|0.4 104
6668 中揚光|光電業|27 31 26|67 81 5 -17|3.8 15
6669 緯穎|電腦及週|87 91 59|66 66 5 -21|1.4 3970
6670 復盛應用|運動休閒|22 31 21|100 100 11 10|0.7 122
6672 騰輝電子-KY|電子零組|-6 -14 -3|72 82 -4 -15|0.6 9
6674 鋐寶科技|通信網路|-1 -8 8|87 87 13 -7|2.3 7
6679 鈺太|半導體業|-4 -3 -33|65 72 -4 -23|0.4 69
6683 雍智科技|半導體業|36 33 20|72 72 -20 -5|0.8 96
6684 安格|半導體業|-15 -12 -77|48 62 -14 -31|0.4 9
6689 伊雲谷|數位雲端|27 29 1|69 74 -9 -6|0.6 13
6690 安碁資訊|數位雲端|16 16 -1|80 80 -8 22|0.3 8
6691 洋基工程|其他電子|38 13 25|72 72 -4 -19|0.7 98
6693 廣閎科|半導體業|22 18 14|90 90 -0 8|1.0 12
6695 芯鼎|半導體業|4 -7 -4|62 74 0 -11|0.7 35
6698 旭暉應材|其他電子|-27 -21 -2|65 65 -13 -2|0.1 9
6703 軒郁|生技醫療|-2 -2 -43|52 57 -26 -42|0.4 11
6706 惠特|光電業|8 -1 38|78 78 12 101|0.7 810
6712 長聖|生技醫療|13 9 -14|83 83 -4 -12|0.6 21
6715 嘉基|電子零組|28 3 10|88 94 10 14|1.5 30
6719 力智|半導體業|33 34 15|70 74 -12 -23|0.4 47
6727 亞泰金屬|電子零組|60 35 20|98 98 26 39|0.9 30
6732 昇佳電子|半導體業|-5 2 -25|59 75 3 -16|0.5 24
6739 竹陞科技|其他電子|35 587 na|na na 21 na|0.4 63
6741 91APP*-KY|數位雲端|12 16 1|77 88 3 -10|0.5 24
6742 澤米|光電業|1 27 10|na 70 5 -18|0.2 40
6743 安普新|其他電子|116 137 63|66 66 -30 -20|0.3 17
6752 叡揚|資訊服務|10 12 4|93 94 6 17|0.2 7
6753 龍德造船|航運業|6 -8 -9|63 63 -26 -13|0.4 58
6754 匯僑設計|居家生活|0 -2 -28|77 77 -19 8|0.3 6
6756 威鋒電子|半導體業|-29 -22 -16|47 63 -25 -33|0.8 21
6757 台灣虎航|航運業|7 16 -53|97 97 45 57|1.6 332
6761 穩得|電子零組|13 15 1|78 78 -21 -8|0.4 9
6763 綠界科技*|數位雲端|7 5 2|75 75 60 58|0.8 221
6768 志強-KY|運動休閒|62 51 23|90 90 59 42|0.7 382
6770 力積電|半導體業|2 9 9|54 60 -21 -31|1.4 215
6781 AES-KY|電子零組|17 9 18|100 100 94 56|1.6 468
6782 視陽|生技醫療|78 61 5|69 69 -12 -28|0.5 50
6785 昱展新藥|生技醫療|na na na|na 59 -24 -43|0.9 24
6788 華景電|半導體業|103 58 10|78 78 -20 72|0.3 158
6789 采鈺|半導體業|64 62 28|70 70 -13 -15|0.6 175
6790 永豐實|造紙工業|4 7 1|79 81 -7 -13|0.4 7
6791 虎門科技|資訊服務|14 16 2|81 81 58 60|1.4 42
6799 來頡|半導體業|-16 -21 -14|48 63 -15 -29|0.6 17
6803 崑鼎|綠能環保|15 13 6|93 93 -5 -5|0.7 18
6805 富世達|電子零組|54 37 -16|100 100 20 39|1.2 852
6806 森崴能源|綠能環保|123 64 -46|66 66 -12 -1|0.6 164
6807 峰源-KY|居家生活|56 34 2|89 89 11 53|0.6 18
6811 宏碁資訊|數位雲端|34 26 11|72 72 -5 -9|0.3 15
6821 聯寶|電子零組|45 39 38|81 81 47 29|0.3 43
6829 千附精密|半導體業|39 16 6|85 85 8 13|0.4 39
6830 汎銓|其他電子|12 6 2|76 76 19 28|0.2 211
6838 台新藥|生技醫療|na na na|na na 11 na|0.7 9
6841 長佳智能|生技醫療|180 325 -18|64 64 -13 -14|0.9 19
6854 錼創科技-KY創|半導體業|176 125 38|91 91 105 96|1.2 82
6859 伯特光|光電業|25 38 54|98 98 57 50|1.4 169
6863 永道-KY|通信網路|36 58 -18|72 72 -19 0|0.2 109
6869 雲豹能源|綠能環保|4 -41 -17|53 53 -28 42|0.2 317
6870 騰雲|數位雲端|58 42 26|92 92 25 71|2.1 14
6873 泓德能源|綠能環保|338 166 -39|70 70 -17 27|0.4 169
6875 國邑*|生技醫療|na na na|na 77 -14 -27|0.7 11
6877 鏵友益|其他電子|58 -10 -55|90 90 -0 112|0.4 41
6890 來億-KY|運動休閒|19 33 na|na na 2 na|1.0 300
6895 宏碩系統|半導體業|53 25 30|58 58 -14 23|0.6 22
6901 鑽石投資|其他|-347 -96 117|70 81 -11 -10|2.0 28
6903 巨漢|其他電子|-26 -19 na|na na -21 na|0.7 6
6906 現觀科|數位雲端|-7 -10 -27|na 87 7 7|0.4 42
6914 阜爾運通|其他|2 6 na|na 68 -17 -26|0.8 5
6933 AMAX-KY|電腦及週|7 -23 -17|62 68 2 -29|0.6 67
6937 天虹|半導體業|34 78 23|na 78 -6 50|0.5 400
6951 青新-創|綠能環保|70 67 na|na na 25 na|1.3 5
6957 裕慶-KY|其他|54 26 na|na na -29 na|0.4 35
7402 邑錡|光電業|-7 -10 -12|58 70 -12 -25|4.7 9
8011 台通|通信網路|-28 -15 -66|79 86 -8 19|0.4 94
8016 矽創|半導體業|0 9 -3|65 73 -11 -23|1.4 112
8021 尖點|其他電子|20 24 -1|81 81 -12 9|0.3 51
8027 鈦昇|電機機械|-2 -3 -16|65 65 -17 -21|0.3 189
8028 昇陽半導體|半導體業|27 25 26|95 95 8 125|0.7 1371
8032 光菱|電子通路|25 28 30|79 79 150 149|0.5 610
8033 雷虎|其他|33 17 -1|71 78 1 -22|2.9 54
8039 台虹|電子零組|-3 5 -24|67 67 -30 -5|0.3 71
8040 九暘|半導體業|-6 -1 12|70 70 -13 -11|0.5 15
8043 蜜望實|電子零組|-5 0 10|66 66 -32 36|0.2 31
8044 網家|數位雲端|-13 -14 -5|87 87 72 48|1.6 348
8046 南電|電子零組|-27 -17 12|45 57 -23 -41|1.1 199
8047 星雲|其他電子|25 24 26|72 72 25 11|1.5 32
8048 德勝|通信網路|-45 -59 -34|73 73 -10 -21|0.4 5
8050 廣積|電腦及週|1 4 22|83 83 -3 -13|0.5 20
8054 安國|半導體業|8 -1 -29|60 64 -23 -26|0.5 115
8064 東捷|光電業|6 12 28|79 79 -10 64|0.3 268
8069 元太|光電業|80 52 46|90 90 -5 35|0.7 1216
8070 長華*|電子通路|10 14 12|71 71 -17 -2|0.3 204
8076 伍豐|電腦及週|-41 -44 -32|88 88 -7 11|0.3 23
8081 致新|半導體業|2 1 -2|70 72 -0 -26|0.6 49
8083 瑞穎|電機機械|-1 -15 -54|87 90 -3 -9|0.3 6
8084 巨虹|電子通路|27 -8 8|60 60 -3 -32|1.2 6
8085 福華|其他電子|-3 -8 11|38 38 -18 -50|0.5 25
8086 宏捷科|半導體業|-23 10 -143|66 73 -10 -17|1.1 160
8088 品安|半導體業|-38 -31 2|44 49 -36 -51|0.4 7
8089 康全電訊|通信網路|461 403 132|68 68 -21 -1|0.8 227
8091 翔名|半導體業|10 15 6|77 77 -15 8|0.3 36
8096 擎亞|電子通路|-8 5 -46|68 68 -25 3|0.4 92
8097 常珵|通信網路|884 1178 9|94 94 18 28|0.4 64
8099 大世科|資訊服務|-2 -0 6|72 72 11 9|1.1 16
8103 瀚荃|電子零組|1 3 -1|65 65 -29 8|0.2 24
8104 錸寶|光電業|-11 -13 -2|97 97 33 60|3.0 471
8105 凌巨|光電業|13 11 18|69 69 -15 12|0.5 19
8107 大億金茂|電機機械|78 60 32|65 65 -24 15|0.2 23
8110 華東|半導體業|24 17 7|67 67 -14 -18|0.6 16
8111 立碁|光電業|-11 5 4|81 81 33 71|0.4 188
8112 至上|電子通路|14 32 -45|70 79 -9 -18|1.6 131
8114 振樺電|電腦及週|63 48 30|100 100 73 127|1.5 457
8121 越峰|電子零組|13 23 2|60 61 -32 -40|0.7 11
8131 福懋科|半導體業|12 22 9|78 79 -17 -20|1.9 11
8147 正淩|電子零組|16 12 -8|67 67 -21 -12|0.7 22
8150 南茂|半導體業|-9 2 -10|64 71 -16 -26|0.6 56
8155 博智|電子零組|18 31 8|71 75 -8 -19|0.3 34
8163 達方|電腦及週|-5 -16 2|68 68 -9 -31|5.4 71
8171 天宇|綠能環保|-5 27 1|95 95 41 22|7.4 8
8176 智捷|通信網路|97 31 4|74 74 1 7|0.3 6
8183 精星|其他電子|24 17 17|71 85 6 -4|0.4 14
8210 勤誠|電腦及週|-7 44 -23|85 92 1 -6|0.7 379
8213 志超|電子零組|2 -7 0|83 94 -0 -4|0.7 12
8215 明基材|光電業|9 4 2|90 94 8 2|0.6 23
8222 寶一|電機機械|80 44 6|77 85 6 -12|1.4 12
8227 巨有科技|半導體業|-23 -36 -43|37 60 -23 -38|0.4 22
8234 新漢|電腦及週|43 16 29|78 78 -10 -7|0.7 14
8240 華宏|光電業|5 -1 1|87 87 31 29|1.9 155
8249 菱光|電子零組|164 111 87|72 72 65 64|0.3 446
8255 朋程|電機機械|28 26 -17|72 72 -5 -18|0.3 34
8261 富鼎|半導體業|8 3 4|88 91 15 12|0.7 304
8271 宇瞻|半導體業|-14 -10 -14|63 69 -13 -29|0.6 8
8299 群聯|半導體業|-28 -6 -44|63 75 -10 -19|1.0 1175
8341 日友|綠能環保|28 26 16|75 86 -4 -8|0.6 24
8358 金居|電子零組|-10 8 -4|79 79 -8 -11|1.0 69
8374 羅昇|電機機械|80 54 48|82 82 -5 94|0.7 275
8383 千附|半導體業|49 28 30|87 87 -8 3|0.6 12
8390 金益鼎|綠能環保|77 63 29|85 85 -2 28|0.3 33
8404 百和興業-KY|其他|23 25 -6|86 86 68 51|0.7 82
8415 大國鋼|鋼鐵工業|-4 -5 3|96 96 0 -1|1.6 7
8422 可寧衛*|綠能環保|-2 39 18|93 94 -5 -5|0.8 16
8429 金麗-KY|貿易百貨|-51 -54 -79|100 100 38 31|2.1 36
8431 匯鑽科|其他電子|7 10 5|95 95 5 13|1.1 12
8432 東生華|生技醫療|8 31 -7|91 91 7 1|0.5 6
8436 大江|生技醫療|0 -14 -6|70 82 -11 -15|0.4 19
8438 昶昕|綠能環保|4 14 6|63 63 -29 -14|0.3 5
8440 綠電|綠能環保|17 4 -2|66 66 -21 17|0.3 7
8442 威宏-KY|其他|11 6 1|84 87 -11 -12|0.7 7
8446 華研|文化創意|32 28 -12|93 93 6 16|0.7 25
8454 富邦媒|數位雲端|3 2 -1|69 82 -7 -18|0.7 107
8462 柏文|運動休閒|18 18 -2|79 79 -16 -6|0.3 5
8464 億豐|居家生活|12 11 0|79 79 -16 13|0.7 382
8466 美吉吉-KY|其他|107 91 45|67 67 -25 -22|0.4 11
8467 波力-KY|運動休閒|21 13 -16|100 100 30 76|1.2 123
8473 山林水|綠能環保|-3 -1 17|64 64 -23 -7|0.2 9
8476 台境*|綠能環保|87 33 18|42 43 -53 -53|0.7 6
8478 東哥遊艇|運動休閒|4 -4 -9|57 59 -24 -34|1.1 45
8926 台汽電|油電燃氣|135 90 24|86 87 -5 -9|0.6 20
8927 北基|油電燃氣|-0 16 -50|77 77 -8 -2|0.5 51
8929 富堡|其他|10 15 1|100 100 59 24|4.4 34
8932 智通*|數位雲端|88 61 -11|50 50 -50 -39|0.8 72
8935 邦泰|其他|47 -2 5|90 90 26 53|0.6 11
8936 國統|其他|-12 6 -31|59 62 -19 -27|0.6 66
8937 合騏*|其他|37 10 -0|90 90 108 507|0.9 104
8938 明安|運動休閒|25 13 19|85 85 -12 -15|1.4 17
8942 森鉅|其他|-15 -28 1|84 84 -9 -13|1.5 16
8996 高力|電機機械|21 17 24|69 70 -5 -25|1.0 1057
9802 鈺齊-KY|運動休閒|9 11 30|75 84 -7 -13|1.3 46
9904 寶成|運動休閒|16 14 8|98 98 25 16|1.0 666
9906 欣巴巴|建材營造|391 360904 270713|59 59 -36 40|0.5 68
9907 統一實|其他|49 49 28|91 91 -6 5|0.4 24
9910 豐泰|運動休閒|-10 -6 -8|73 79 -8 -11|0.7 84
9911 櫻花|居家生活|16 15 -3|86 86 -6 -5|0.7 26
9914 美利達|運動休閒|31 35 35|65 65 -32 -31|0.5 172
9917 中保科|其他|2 4 -1|87 87 -13 3|1.3 59
9919 康那香|其他|-10 2 8|56 76 -10 -17|1.8 6
9921 巨大|運動休閒|-7 -3 7|62 62 -38 -32|0.5 359
9924 福興|居家生活|-26 -24 -23|88 88 -2 -1|0.4 11
9927 泰銘|其他|-20 -13 -14|83 87 -12 -14|0.4 16
9933 中鼎|其他|-15 -7 -24|75 75 -19 -16|1.1 73
9934 成霖|居家生活|-0 -4 -0|71 71 -25 -26|1.1 12
9935 慶豐富|居家生活|2 15 -3|87 87 2 25|0.2 24
9938 百和|其他|24 20 -5|97 97 30 23|0.3 135
9939 宏全|其他|9 6 0|85 86 -9 -11|0.8 111
9940 信義|其他|-30 -20 -19|82 82 -9 -8|0.3 7
9941 裕融|其他|-7 -3 -6|65 76 -17 -18|0.8 105
9942 茂順|其他|-16 -19 -2|81 87 1 -10|0.6 5
9945 潤泰新|其他|-25 39 23|86 86 -6 4|0.7 194
9946 三發地產|建材營造|-83 -51 -156|52 52 -33 -43|0.6 9
9955 佳龍|綠能環保|-1 5 -4|76 76 -18 -10|0.3 15
9958 世紀鋼|鋼鐵工業|-20 -20 -35|50 50 -23 -36|0.4 586