# 2024-03-01 全池(1192 檔)。欄位:代碼 名稱|產業|最新月YoY 3月YoY均 加速度|距52週高% 距120日高% 60日漲% 120日漲%|量能比 日均值M
1101 台泥|水泥工業|-1 -12 -11|81 90 -6 -9|1.1 388
1102 亞泥|水泥工業|35 -2 1|94 95 -4 -0|0.5 91
1104 環泥|水泥工業|35 20 3|98 98 6 7|1.0 19
1108 幸福|水泥工業|55 31 1|89 98 6 6|1.3 6
1201 味全|食品工業|15 17 7|91 97 -0 1|1.9 5
1210 大成|食品工業|3 -4 -4|95 99 7 8|0.8 87
1215 卜蜂|食品工業|6 -4 -7|99 99 4 5|1.0 30
1216 統一|食品工業|28 19 5|99 99 5 4|0.8 395
1217 愛之味|食品工業|3 -1 -3|80 92 0 -8|0.9 10
1218 泰山|食品工業|13 2 -0|65 86 -2 -13|1.1 11
1227 佳格|食品工業|37 6 3|91 94 -4 -2|1.1 14
1229 聯華|食品工業|30 38 22|95 95 -1 8|1.1 52
1231 聯華食|食品工業|8 -2 -4|94 97 -3 1|1.3 11
1232 大統益|食品工業|3 -11 -8|98 100 1 1|1.8 6
1268 漢來美食|觀光餐旅|-5 8 -30|82 93 1 6|1.2 11
1301 台塑|塑膠工業|22 2 16|79 86 -12 -11|1.0 377
1303 南亞|塑膠工業|1 -11 12|75 84 -14 -13|1.6 271
1304 台聚|塑膠工業|11 -6 11|69 83 -8 -14|0.6 14
1305 華夏|塑膠工業|-16 -10 8|71 76 -14 -16|0.9 18
1307 三芳|塑膠工業|26 9 12|98 98 2 11|1.2 9
1308 亞聚|塑膠工業|28 -11 14|75 84 -8 -13|0.9 12
1309 台達化|塑膠工業|37 14 23|74 91 -2 -5|0.7 11
1310 台苯|塑膠工業|51 19 33|81 85 -14 -6|0.7 6
1312 國喬|塑膠工業|-2 -4 7|70 82 -13 -14|0.5 26
1313 聯成|塑膠工業|95 44 28|84 90 -7 -4|0.8 19
1316 上曜|建材營造|67 11 47|100 100 83 110|5.4 173
1319 東陽|汽車工業|53 35 17|100 100 36 52|1.2 596
1325 恆大|塑膠工業|30 -3 15|71 71 26 50|0.3 50
1326 台化|塑膠工業|10 6 15|79 85 -11 -9|1.0 183
1339 昭輝|汽車工業|53 22 11|100 100 16 66|1.3 18
1342 八貫|其他|-30 -15 -10|81 100 13 18|4.1 29
1402 遠東新|紡織纖維|22 12 12|98 98 5 12|0.9 112
1409 新纖|紡織纖維|32 20 27|87 97 -2 -2|1.1 17
1432 大魯閣|運動休閒|-17 -3 -18|93 93 26 37|1.8 28
1434 福懋|紡織纖維|-4 -13 4|88 91 -7 -8|0.7 18
1436 華友聯|建材營造|76 52 -476|100 100 18 37|1.0 7
1438 三地開發|建材營造|-100 -63 na|92 92 57 63|1.8 21
1440 南紡|紡織纖維|5 -16 -6|86 90 -5 3|0.7 11
1442 名軒|建材營造|7063 77394 57489|97 97 2 14|0.8 10
1444 力麗|紡織纖維|2 -17 12|92 93 -5 -2|1.1 12
1445 大宇|紡織纖維|-15 -19 -13|100 100 28 21|2.2 8
1449 佳和|紡織纖維|204 93 62|87 87 -10 18|0.7 24
1455 集盛|紡織纖維|84 50 50|100 100 13 33|1.9 9
1471 首利|電子零組|86 33 9|69 69 -10 -22|1.2 21
1476 儒鴻|紡織纖維|25 12 26|95 95 -3 14|1.3 336
1477 聚陽|紡織纖維|15 15 10|93 93 1 12|0.5 350
1503 士電|電機機械|24 5 -1|98 98 77 44|2.8 2694
1504 東元|電機機械|9 -0 -4|82 93 3 -2|1.6 325
1513 中興電|電機機械|9 17 -1|100 100 44 52|3.7 4543
1514 亞力|電機機械|23 39 17|100 100 66 110|2.2 1595
1515 力山|電機機械|266 209 109|80 80 -17 40|0.6 52
1519 華城|電機機械|267 157 53|96 96 102 84|0.3 5889
1522 堤維西|汽車工業|23 7 4|100 100 30 58|3.6 206
1524 耿鼎|汽車工業|71 40 18|95 95 23 65|1.6 141
1527 鑽全|電機機械|12 -1 21|96 98 2 5|1.2 6
1528 恩德|電機機械|-6 -6 -8|82 90 27 16|0.5 89
1529 樂事綠能|電機機械|-35 86 -118|74 97 12 5|1.8 83
1532 勤美|電機機械|66 56 22|92 92 -0 8|0.8 33
1533 車王電|汽車工業|-11 -21 -46|76 88 -8 -5|0.9 6
1535 中宇|電機機械|19 24 10|100 100 20 27|3.7 8
1536 和大|汽車工業|3 -10 -2|75 82 -12 -16|4.5 80
1537 廣隆|電機機械|29 20 26|99 100 0 2|1.4 10
1558 伸興|電機機械|38 18 1|85 90 -2 1|1.1 7
1560 中砂|電機機械|16 5 10|93 93 43 100|1.7 1189
1565 精華|生技醫療|22 9 16|80 99 6 5|1.5 32
1568 倉佑|汽車工業|21 -19 -1|88 88 6 31|1.2 25
1569 濱川|電腦及週|-27 -24 2|100 100 12 16|1.9 8
1570 力肯|電機機械|37 -19 9|100 100 27 23|0.9 6
1580 新麥|電機機械|68 33 11|98 98 0 26|1.3 11
1582 信錦|電子零組|53 34 31|83 83 -1 33|0.2 115
1584 精剛|其他|39 27 -40|83 89 -3 0|0.5 36
1589 永冠-KY|電機機械|15 -8 -8|69 100 16 4|4.1 30
1590 亞德客-KY|電機機械|96 43 17|98 99 14 33|1.5 731
1591 駿吉-KY|電機機械|58 11 76|100 100 60 55|0.5 39
1598 岱宇|運動休閒|-20 -3 -11|64 84 -11 -1|1.7 6
1603 華電|電器電纜|85 18 -17|89 89 -1 7|1.2 41
1604 聲寶|電器電纜|2 -1 -1|88 97 2 5|0.8 7
1605 華新|電器電纜|-11 -5 -10|64 90 -7 -2|0.6 263
1608 華榮|電器電纜|22 13 20|93 98 15 11|1.9 20
1609 大亞|電器電纜|36 22 18|96 98 11 6|2.2 366
1611 中電|電器電纜|15 6 15|81 97 3 -1|1.1 10
1612 宏泰|電器電纜|-7 -3 -2|90 90 9 9|0.4 29
1615 大山|電器電纜|42 20 -1|100 100 29 38|0.6 16
1616 億泰|電器電纜|22 28 15|89 89 24 36|0.4 22
1618 合機|電器電纜|69 105 21|97 97 30 45|1.6 114
1701 中化|生技醫療|18 1 -3|87 92 -8 3|0.4 10
1702 南僑|食品工業|25 13 -1|100 100 10 15|1.3 25
1707 葡萄王|生技醫療|18 9 4|84 98 2 2|1.3 35
1708 東鹼|化學工業|7 -4 18|76 91 -0 -3|0.7 13
1709 和益|化學工業|9 12 16|83 97 1 -1|1.9 6
1710 東聯|化學工業|37 17 14|81 92 -3 -6|3.0 16
1711 永光|化學工業|28 8 13|97 98 7 11|7.2 17
1712 興農|化學工業|-6 -1 14|99 99 13 16|3.7 29
1713 國化|化學工業|68 44 45|88 88 3 32|1.3 25
1717 長興|化學工業|56 15 20|92 98 6 10|4.8 52
1720 生達|生技醫療|30 12 1|89 95 -3 6|1.2 36
1721 三晃|化學工業|17 -5 15|88 88 2 25|4.5 13
1722 台肥|化學工業|13 -15 -19|96 96 6 10|0.6 89
1723 中碳|化學工業|-24 -12 6|92 92 -4 1|1.1 24
1727 中華化|化學工業|-1 -17 6|74 92 9 6|6.9 11
1731 美吾華|生技醫療|53 27 14|100 100 10 18|1.6 10
1732 毛寶|化學工業|26 9 9|82 82 8 25|0.2 17
1733 五鼎|生技醫療|36 -2 19|77 77 14 22|0.5 30
1734 杏輝|生技醫療|33 11 3|89 97 -3 1|0.9 11
1736 喬山|運動休閒|10 11 -6|83 84 -6 -13|0.7 14
1737 臺鹽|食品工業|5 -4 -0|92 100 2 -1|1.1 7
1752 南光|生技醫療|36 -1 -18|63 81 -16 -9|0.3 10
1760 寶齡富錦|生技醫療|66 27 37|55 83 -17 -1|0.5 31
1762 中化生|生技醫療|-73 -35 -29|50 80 -18 -20|0.9 14
1773 勝一|化學工業|27 11 19|98 98 14 21|4.3 103
1783 和康生|生技醫療|18 0 -4|70 82 -4 -13|0.8 6
1784 訊聯|生技醫療|49 20 -0|85 91 5 -3|1.3 11
1785 光洋科|其他電子|79 39 36|99 99 10 21|1.9 169
1786 科妍|生技醫療|108 58 22|96 100 13 2|2.1 35
1789 神隆|生技醫療|17 11 10|75 91 -5 -7|1.0 11
1795 美時|生技醫療|-1 4 -19|85 96 13 13|1.4 1119
1799 易威|生技醫療|-18 64 -9|99 99 34 155|1.4 13
1802 台玻|玻璃陶瓷|48 18 8|76 83 -4 -11|0.7 35
1805 寶徠|建材營造|-17 -19 -150|100 100 55 45|1.7 7
1806 冠軍|玻璃陶瓷|124 57 36|95 95 29 31|1.5 23
1808 潤隆|建材營造|-71 3034 -7280|91 91 6 26|0.7 76
1809 中釉|玻璃陶瓷|76 31 28|99 99 110 124|2.1 130
1810 和成|玻璃陶瓷|45 18 15|63 81 -4 -16|0.8 10
1815 富喬|電子零組|-16 -26 3|92 92 10 37|2.7 204
1903 士紙|造紙工業|5 4 -3|70 85 -6 -11|0.6 8
1904 正隆|造紙工業|27 12 11|83 96 -2 4|0.7 17
1905 華紙|造紙工業|31 9 15|71 90 5 -2|0.5 35
1907 永豐餘|造紙工業|42 15 16|77 86 -4 -5|0.3 33
1909 榮成|造紙工業|41 9 14|75 92 -5 -6|0.9 14
2002 中鋼|鋼鐵工業|22 3 16|79 90 -7 -8|0.8 331
2006 東和鋼鐵|鋼鐵工業|55 31 20|100 100 12 31|1.3 106
2007 燁興|鋼鐵工業|6 -6 15|77 77 -3 11|0.3 9
2009 第一銅|鋼鐵工業|54 35 33|82 93 5 6|0.5 24
2010 春源|鋼鐵工業|48 18 23|91 91 4 1|0.5 8
2014 中鴻|鋼鐵工業|18 16 19|79 82 -1 1|0.3 77
2015 豐興|鋼鐵工業|59 14 15|96 99 5 2|1.1 10
2017 官田鋼|鋼鐵工業|2 19 27|80 91 -2 4|0.6 14
2020 美亞|鋼鐵工業|48 13 -1|100 100 19 39|1.1 30
2022 聚亨|鋼鐵工業|44 5 9|71 83 -3 -11|0.4 6
2023 燁輝|鋼鐵工業|32 20 26|82 82 -9 2|0.5 23
2025 千興|鋼鐵工業|299 195 -40|97 97 36 80|2.4 32
2027 大成鋼|鋼鐵工業|-22 -14 -1|89 91 -5 -1|0.6 104
2029 盛餘|鋼鐵工業|45 50 36|89 89 -0 17|0.6 10
2030 彰源|鋼鐵工業|36 7 20|85 92 2 3|0.8 6
2031 新光鋼|鋼鐵工業|67 29 25|100 100 38 44|1.8 171
2034 允強|鋼鐵工業|-3 -3 3|86 91 -5 -7|1.3 12
2038 海光|鋼鐵工業|56 21 27|84 84 11 12|0.3 10
2049 上銀|電機機械|24 13 23|92 92 5 19|1.9 347
2059 川湖|電子零組|64 21 38|100 100 61 51|1.4 2423
2062 橋椿|居家生活|157 65 51|97 97 22 37|2.5 24
2065 世豐|鋼鐵工業|5 -3 5|99 99 10 15|3.6 10
2066 世德|電機機械|1 -0 2|92 99 3 16|1.3 17
2101 南港|橡膠工業|35 28 15|87 87 2 2|1.1 69
2103 台橡|橡膠工業|22 12 15|80 92 -6 -3|1.2 20
2104 國際中橡|橡膠工業|6 -11 10|79 89 -9 -10|1.3 23
2105 正新|橡膠工業|43 15 11|97 97 -0 17|0.5 143
2106 建大|橡膠工業|17 11 17|94 94 -4 1|0.8 11
2108 南帝|橡膠工業|18 4 18|79 90 -7 -2|1.1 7
2201 裕隆|汽車工業|15 11 1|80 82 -8 -16|0.9 255
2204 中華|汽車工業|66 49 13|98 98 21 39|0.7 356
2206 三陽工業|汽車工業|43 26 -6|82 100 7 6|2.3 166
2207 和泰車|汽車工業|48 21 0|78 93 -3 -5|1.2 139
2208 台船|航運業|-35 -26 -34|68 77 -12 -17|1.1 65
2211 長榮鋼|鋼鐵工業|72 23 12|89 89 32 54|0.6 128
2227 裕日車|汽車工業|35 7 -22|85 88 -11 -9|1.7 8
2228 劍麟|汽車工業|25 18 3|88 88 -2 4|1.4 12
2230 泰茂|居家生活|326 156 96|99 99 14 38|1.1 137
2231 為升|汽車工業|16 -3 -19|71 88 -6 -7|1.3 24
2233 宇隆|汽車工業|44 26 20|93 93 -3 38|1.3 45
2236 百達-KY|汽車工業|12 10 -19|84 84 -7 9|1.3 37
2241 艾姆勒|汽車工業|19 43 8|71 71 -6 -19|1.2 19
2243 宏旭-KY|汽車工業|-72 41 15|68 80 -4 14|0.2 6
2247 汎德永業|汽車工業|44 10 -14|87 95 -2 -1|1.2 14
2250 IKKA-KY|汽車工業|36 21 15|100 100 18 43|1.5 11
2254 巨鎧精密-創|汽車工業|75 4 na|na na -6 na|1.4 9
2258 鴻華先進-創|汽車工業|516 645 na|na na -6 na|1.2 35
2301 光寶科|電腦及週|-7 -11 2|72 82 5 -19|1.6 1570
2302 麗正|半導體業|0 -20 -8|88 96 10 8|2.4 8
2303 聯電|半導體業|-3 -13 7|90 90 -2 4|0.8 2790
2305 全友|電腦及週|193 86 57|100 100 24 42|4.1 14
2308 台達電|電子零組|10 -1 -6|79 84 -7 -15|1.0 1756
2312 金寶|其他電子|-13 -18 -6|86 90 -2 -6|0.6 66
2313 華通|電子零組|18 5 14|93 93 7 65|1.6 1692
2314 台揚|通信網路|-69 -69 -39|64 79 -11 -15|0.5 30
2316 楠梓電|電子零組|20 -3 21|76 90 0 6|0.6 41
2317 鴻海|其他電子|-21 -10 1|91 95 0 -4|1.1 2106
2323 中環|光電業|15 6 7|72 86 1 -14|0.5 39
2324 仁寶|電腦及週|2 1 7|91 91 21 12|0.7 863
2327 國巨*|電子零組|18 4 12|89 89 -1 17|1.8 822
2328 廣宇|電子零組|-17 -14 -13|75 85 -6 -12|1.1 32
2329 華泰|半導體業|46 35 21|86 86 48 59|1.4 3221
2330 台積電|半導體業|8 -3 2|99 99 22 25|1.1 25347
2331 精英|電腦及週|-27 -18 16|79 79 10 -19|1.2 130
2332 友訊|通信網路|-20 -17 -8|74 76 1 -24|1.0 65
2337 旺宏|半導體業|-13 -26 8|81 81 -0 -19|0.6 203
2338 光罩|半導體業|46 15 16|74 90 2 -1|1.2 57
2340 台亞|半導體業|24 22 24|73 80 -15 -16|1.3 53
2342 茂矽|半導體業|-8 -28 2|67 83 -12 -14|1.0 10
2344 華邦電|半導體業|31 10 22|90 90 3 10|0.5 612
2345 智邦|通信網路|-6 -5 -15|89 89 -4 6|1.5 1634
2347 聯強|電子通路|47 20 21|99 99 12 27|1.1 213
2348 海悅|其他|641 330 237|100 100 18 49|1.1 24
2351 順德|半導體業|11 -3 2|77 84 -11 1|0.6 47
2352 佳世達|電腦及週|3 -5 8|81 98 8 5|0.5 351
2353 宏碁|電腦及週|12 7 14|85 85 31 26|0.5 1730
2354 鴻準|其他電子|-63 -67 -51|81 81 -7 -11|1.0 81
2355 敬鵬|電子零組|15 5 7|93 93 6 30|1.1 468
2356 英業達|電腦及週|18 9 11|78 96 37 3|0.5 2529
2357 華碩|電腦及週|34 6 9|93 93 21 13|0.9 1545
2359 所羅門|其他電子|-23 -14 1|91 94 9 -6|1.1 55
2360 致茂|其他電子|5 1 12|79 83 10 -18|2.0 731
2362 藍天|電腦及週|17 24 -4|84 84 20 27|0.3 110
2363 矽統|半導體業|70 8 -29|75 75 -5 27|1.5 517
2364 倫飛|電腦及週|25 19 2|65 65 -21 21|0.5 30
2365 昆盈|電腦及週|58 43 46|100 100 113 125|0.3 254
2367 燿華|電子零組|29 10 18|96 96 8 25|1.7 163
2368 金像電|電子零組|69 24 25|95 95 24 25|1.0 2440
2369 菱生|半導體業|22 16 13|93 93 14 41|1.2 549
2371 大同|電機機械|-5 20 -31|94 100 32 4|2.6 913
2374 佳能|光電業|48 22 22|95 95 -2 12|0.6 32
2375 凱美|電子零組|54 13 22|84 85 -11 5|0.8 19
2376 技嘉|電腦及週|106 66 23|95 95 57 2|1.1 7674
2377 微星|電腦及週|25 14 5|94 94 14 19|0.6 704
2379 瑞昱|半導體業|60 25 30|99 99 26 41|2.1 1905
2382 廣達|電腦及週|-19 -13 1|87 89 21 -5|0.8 8130
2383 台光電|電子零組|104 67 48|91 91 24 19|1.2 3352
2385 群光|電子零組|9 -4 7|98 98 20 82|1.1 548
2387 精元|電腦及週|54 6 8|99 99 17 44|1.0 111
2388 威盛|半導體業|43 78 30|74 74 -18 14|0.3 929
2390 云辰|其他電子|10 8 -3|81 81 -15 10|0.6 20
2392 正崴|電子零組|4 9 13|89 89 6 1|0.8 60
2393 億光|光電業|16 5 11|100 100 11 12|1.3 57
2395 研華|電腦及週|-12 -12 -6|96 100 13 12|1.3 505
2399 映泰|電腦及週|15 6 -2|93 97 13 10|1.8 62
2401 凌陽|半導體業|42 31 35|89 89 -9 2|0.6 100
2402 毅嘉|電子零組|13 8 -6|72 72 -1 -20|0.8 125
2404 漢唐|其他電子|-1 7 -55|100 100 20 37|1.1 236
2405 輔信|電腦及週|5 15 15|95 95 16 41|2.0 224
2406 國碩|光電業|56 28 57|86 100 7 13|1.5 17
2408 南亞科|半導體業|36 24 52|83 83 -5 -1|1.0 925
2409 友達|光電業|16 18 7|83 89 5 -4|0.6 529
2412 中華電|通信網路|1 4 1|98 99 1 3|1.5 736
2413 環科|電子零組|19 -12 -17|72 95 9 6|0.5 11
2417 圓剛|電腦及週|29 0 12|98 98 0 89|2.3 67
2419 仲琦|通信網路|-34 -30 -5|59 78 2 -22|0.4 39
2420 新巨|電子零組|7 -11 6|100 100 11 17|3.4 17
2421 建準|電子零組|46 8 8|87 95 40 -1|1.1 2549
2423 固緯|其他電子|-8 7 1|93 93 17 23|0.7 21
2425 承啟|電腦及週|35 24 8|81 91 8 -0|1.0 67
2426 鼎元|光電業|29 26 26|89 95 2 8|1.2 17
2427 三商電|資訊服務|22 19 8|76 80 -13 7|0.4 17
2428 興勤|電子零組|7 1 3|100 100 19 15|1.9 83
2431 聯昌|電子零組|1 -19 16|98 98 28 35|2.7 25
2436 偉詮電|半導體業|63 30 15|84 84 -12 -9|0.6 94
2438 翔耀|光電業|500 146 134|84 93 -1 3|4.1 6
2439 美律|通信網路|31 21 14|97 97 8 35|1.4 157
2440 太空梭|電子零組|248 95 72|89 89 17 -9|2.1 11
2441 超豐|半導體業|39 25 29|94 94 2 8|1.0 29
2442 新美齊|建材營造|2139 4668 3433|98 98 14 44|1.0 50
2449 京元電子|半導體業|9 1 9|94 94 11 16|1.8 784
2450 神腦|通信網路|-7 -6 -7|95 95 -1 7|1.2 8
2451 創見|半導體業|37 16 22|99 99 3 16|1.2 31
2453 凌群|資訊服務|1 8 1|72 92 3 6|0.6 54
2454 聯發科|半導體業|99 44 49|97 97 22 60|2.0 8977
2455 全新|通信網路|148 110 76|100 100 7 20|1.6 738
2457 飛宏|電子零組|13 -13 -6|72 85 -4 -13|1.1 323
2458 義隆|半導體業|22 47 38|97 97 13 41|1.6 366
2459 敦吉|其他電子|-5 -8 -3|99 99 13 14|1.2 6
2460 建通|電子零組|97 44 37|99 99 48 54|2.3 167
2461 光群雷|其他電子|-1 -3 7|85 90 -8 -0|0.9 20
2462 良得電|電子零組|34 2 12|91 91 1 12|2.0 24
2464 盟立|其他電子|-29 -24 -5|92 94 9 -3|3.8 26
2465 麗臺|電腦及週|68 63 59|100 100 178 307|0.5 247
2467 志聖|電子零組|16 -0 28|92 92 129 177|1.8 518
2468 華經|資訊服務|29 -10 -19|69 83 -1 3|0.8 9
2471 資通|資訊服務|-25 3 2|86 95 2 8|0.9 22
2472 立隆電|電子零組|39 15 21|96 96 16 27|0.7 67
2474 可成|其他電子|10 -25 -4|98 98 3 14|0.8 249
2476 鉅祥|電子零組|25 -2 9|98 98 33 75|1.5 370
2480 敦陽科|資訊服務|2 -2 -11|100 100 4 11|2.7 27
2481 強茂|半導體業|19 12 10|81 88 -2 -3|0.3 58
2482 連宇|其他電子|-67 -56 -113|46 64 -16 -31|0.6 14
2484 希華|電子零組|-10 -11 15|95 96 6 10|3.6 54
2485 兆赫|通信網路|-7 -29 -22|72 72 -7 -19|0.7 25
2486 一詮|光電業|39 30 25|91 91 12 22|0.7 442
2488 漢平|其他電子|8 -4 15|98 98 9 24|2.5 14
2489 瑞軒|光電業|42 27 15|89 89 26 21|1.5 73
2492 華新科|電子零組|21 11 12|79 79 -8 15|0.8 276
2493 揚博|電子零組|3 3 4|97 97 19 36|1.3 40
2495 普安|電腦及週|-1 -15 -15|92 99 19 16|6.3 20
2497 怡利電|汽車工業|13 3 -6|70 81 -12 -10|0.9 20
2498 宏達電|通信網路|5 5 2|73 89 1 -7|0.7 228
2501 國建|建材營造|102 39 0|95 95 15 22|0.6 30
2504 國產|建材營造|47 16 8|100 100 27 26|2.1 124
2505 國揚|建材營造|-51 -12 49|93 93 20 17|0.7 8
2506 太設|建材營造|154 299 207|94 94 9 11|0.4 10
2511 太子|建材營造|-15 -8 12|88 92 -6 -5|1.9 15
2514 龍邦|其他|625 293 144|84 95 -3 -5|1.9 8
2515 中工|建材營造|58 29 -8|86 86 10 23|0.4 99
2516 新建|建材營造|21 23 -5|85 85 3 65|0.6 20
2520 冠德|建材營造|28 -12 -16|96 96 4 23|0.7 57
2527 宏璟|建材營造|244 178 13|98 98 20 35|1.5 13
2528 皇普|建材營造|-100 -78 -32092|96 96 28 36|0.8 24
2530 華建|建材營造|840 64811 48638|98 98 34 48|0.8 48
2534 宏盛|建材營造|-79 -85 -26|90 97 -1 5|0.7 6
2535 達欣工|建材營造|31 9 20|99 99 15 27|0.7 14
2537 聯上發|建材營造|221 73 -5895|98 98 16 40|1.2 25
2538 基泰|建材營造|-11 16 -2|91 91 -4 7|0.4 7
2539 櫻花建|建材營造|-23 na na|97 97 25 54|2.5 60
2540 愛山林|建材營造|250 178 73|95 95 -4 29|0.5 55
2542 興富發|建材營造|-82 -74 -579|94 94 -3 2|0.7 74
2543 皇昌|建材營造|63 47 4|100 100 38 331|1.8 207
2545 皇翔|建材營造|17 142 151|98 98 8 10|0.9 9
2546 根基|建材營造|26 -7 -16|100 100 19 19|2.5 11
2548 華固|建材營造|-100 1820 1274|100 100 5 11|2.9 35
2596 綠意|建材營造|427 275 -13608|90 90 36 34|1.7 6
2597 潤弘|建材營造|60 15 16|100 100 16 20|1.1 12
2603 長榮|航運業|8 -16 32|100 100 45 56|0.7 2648
2605 新興|航運業|6 -8 -13|93 93 28 35|0.7 179
2606 裕民|航運業|71 45 35|94 96 14 19|0.7 251
2607 榮運|航運業|45 30 30|92 92 12 18|0.3 69
2608 嘉里大榮|航運業|34 10 10|98 98 0 1|1.3 6
2609 陽明|航運業|10 -23 31|85 85 17 16|0.4 1363
2610 華航|航運業|6 14 -9|72 86 -6 -14|0.7 337
2611 志信|航運業|86 65 62|95 95 26 38|0.4 21
2612 中航|航運業|6 5 12|81 81 15 20|0.4 24
2614 東森|其他|2 -0 0|52 79 -14 -2|1.0 13
2615 萬海|航運業|-3 -21 31|67 83 8 9|0.6 294
2617 台航|航運業|10 3 0|98 98 18 25|1.0 37
2618 長榮航|航運業|16 28 -16|77 93 0 -2|0.5 1122
2630 亞航|航運業|1 21 -2|53 76 -13 -12|0.4 29
2633 台灣高鐵|航運業|-1 6 -30|92 97 0 0|1.6 72
2634 漢翔|航運業|31 13 -20|78 79 -4 -19|0.7 187
2636 台驊控股|航運業|36 13 45|94 94 20 28|0.4 100
2637 慧洋-KY|航運業|22 10 35|97 100 31 34|1.1 226
2641 正德|航運業|59 46 44|90 90 17 35|0.4 56
2645 長榮航太|航運業|28 25 -2|na 77 0 -20|0.9 58
2705 六福|觀光餐旅|-20 7 -47|63 85 -5 -4|0.7 7
2707 晶華|觀光餐旅|-10 2 -18|66 85 -4 -9|0.8 50
2722 夏都|觀光餐旅|-52 -31 -22|46 70 -20 -13|0.2 8
2723 美食-KY|觀光餐旅|-13 -5 -9|55 78 -12 -22|0.9 60
2727 王品|觀光餐旅|-16 3 -18|71 87 -0 -3|0.7 219
2729 瓦城|觀光餐旅|-31 -4 -25|77 81 0 -20|1.3 28
2731 雄獅|觀光餐旅|49 165 -513|61 76 -15 -12|0.8 105
2732 六角|觀光餐旅|2 -0 2|69 96 14 7|0.6 46
2734 易飛網|觀光餐旅|76 201 -244|49 71 -17 -7|0.8 5
2736 富野|觀光餐旅|-67 -47 -44|50 78 -11 -19|0.3 11
2739 寒舍|觀光餐旅|3 11 -39|60 76 -13 16|0.3 63
2743 山富|觀光餐旅|77 256 -771|62 76 -14 -1|0.4 32
2745 五福|觀光餐旅|150 530 -2283|67 79 -7 2|0.4 14
2748 雲品|觀光餐旅|10 9 -8|62 80 -10 -6|0.5 89
2753 八方雲集|觀光餐旅|18 12 3|70 96 -1 3|1.1 27
2754 亞洲藏壽司|觀光餐旅|1 13 -15|52 78 -5 -19|1.0 9
2801 彰銀|金融保險|26 6 -8|98 98 -0 1|0.9 116
2809 京城銀|金融保險|12 10 -155|100 100 13 20|2.4 45
2812 台中銀|金融保險|18 18 2|100 100 8 14|2.0 126
2816 旺旺保|金融保險|19 13 -8|85 85 -11 34|0.3 23
2820 華票|金融保險|61 290 178|98 98 1 1|2.4 6
2832 台產|金融保險|20 16 2|99 99 7 13|0.6 7
2834 臺企銀|金融保險|20 11 -1|98 100 4 4|1.9 115
2836 高雄銀|金融保險|9 1 -0|95 95 -2 -3|2.3 20
2838 聯邦銀|金融保險|6 4 -11|90 99 2 -1|1.2 17
2845 遠東銀|金融保險|17 -4 -16|97 97 4 6|1.1 30
2850 新產|金融保險|11 5 -1|98 98 -0 21|1.0 18
2851 中再保|金融保險|15 10 3|89 92 -2 -6|1.7 11
2855 統一證|金融保險|123 83 30|100 100 11 4|2.4 20
2880 華南金|金融保險|28 25 12|97 98 0 5|1.1 139
2881 富邦金|金融保險|139 131 93|99 99 6 10|1.0 766
2882 國泰金|金融保險|27 196 150|94 95 -2 -3|1.2 667
2883 凱基金|金融保險|10 472 392|94 98 0 4|0.8 266
2884 玉山金|金融保險|7 15 -8|98 98 0 2|2.0 424
2885 元大金|金融保險|38 38 24|98 98 6 10|0.9 360
2886 兆豐金|金融保險|28 31 -11|97 97 -2 6|0.8 420
2887 台新新光金|金融保險|26 10 1|94 95 -4 -4|1.0 203
2889 國票金|金融保險|39 43 10|89 100 6 3|0.9 30
2890 永豐金|金融保險|41 37 18|99 99 6 14|0.9 249
2891 中信金|金融保險|139 358 253|99 99 9 22|0.9 851
2892 第一金|金融保險|8 5 6|97 97 -1 1|1.2 312
2903 遠百|貿易百貨|-21 -11 -12|96 96 0 3|0.5 35
2905 三商|貿易百貨|-13 4 -1|76 90 -7 -6|1.0 7
2906 高林|貿易百貨|14 14 18|99 99 19 19|0.9 31
2912 統一超|貿易百貨|5 6 -2|96 99 0 0|1.2 209
2913 農林|貿易百貨|-5 -6 -9|68 90 -3 -10|0.6 33
2915 潤泰全|貿易百貨|-3 -7 -5|90 92 -3 -4|0.9 90
3002 歐格|電腦及週|32 -8 8|96 96 28 32|1.0 17
3003 健和興|電子零組|1 -3 8|81 95 -1 -2|1.2 22
3004 豐達科|鋼鐵工業|39 30 -13|85 96 12 1|3.8 26
3005 神基|電腦及週|30 13 -2|100 100 34 91|2.1 1476
3006 晶豪科|半導體業|38 26 38|92 92 8 32|1.0 416
3008 大立光|光電業|37 29 25|90 90 12 24|1.0 2095
3010 華立|電子通路|42 17 19|98 98 11 21|4.2 107
3011 今皓|電子零組|33 8 21|80 80 -6 -17|0.6 14
3013 晟銘電|電腦及週|25 -15 -24|88 97 14 12|0.9 130
3014 聯陽|半導體業|42 28 -3|92 92 7 16|1.2 198
3015 全漢|電子零組|-1 -7 -3|100 100 9 11|1.1 17
3016 嘉晶|半導體業|-7 -19 8|71 82 -13 -10|1.0 25
3017 奇鋐|電腦及週|102 45 28|100 100 81 61|1.2 7102
3019 亞光|光電業|38 16 16|92 92 2 6|0.5 46
3022 威強電|電腦及週|3 -18 -20|86 96 4 6|1.7 48
3023 信邦|電子零組|-2 -8 -14|72 81 -3 -14|1.4 226
3024 憶聲|光電業|-14 19 10|90 90 0 6|0.7 27
3025 星通|通信網路|72 274 181|91 91 33 43|1.5 454
3026 禾伸堂|電子零組|12 -4 3|96 96 -1 1|1.1 11
3027 盛達|通信網路|279 116 22|83 99 17 10|2.9 80
3028 增你強|電子通路|60 17 24|99 99 11 21|2.4 26
3029 零壹|資訊服務|7 5 -3|98 98 18 28|2.2 111
3030 德律|其他電子|83 51 68|100 100 18 23|1.3 58
3031 佰鴻|光電業|80 16 27|92 98 13 17|0.9 7
3032 偉訓|電子零組|39 29 -4|93 93 16 34|0.8 383
3033 威健|電子通路|69 30 20|98 99 20 14|1.5 138
3034 聯詠|半導體業|21 16 2|99 99 19 51|1.6 3143
3035 智原|半導體業|-15 -13 -3|88 88 20 17|0.6 6370
3036 文曄|電子通路|50 34 26|93 93 42 144|1.3 2326
3037 欣興|電子零組|-6 -20 5|88 91 8 -3|2.1 2944
3038 全台|光電業|-5 -15 -10|86 96 17 6|1.4 105
3041 揚智|半導體業|100 6 37|93 93 0 74|1.0 278
3042 晶技|電子零組|37 13 24|95 95 -2 5|1.1 92
3044 健鼎|電子零組|32 11 16|92 92 14 12|1.2 1015
3045 台灣大|通信網路|14 10 2|98 98 -0 5|1.4 252
3046 建碁|電腦及週|135 94 2|69 85 5 -5|0.5 30
3047 訊舟|通信網路|-14 -29 -2|90 90 19 23|1.5 236
3048 益登|電子通路|27 10 14|94 99 7 12|1.2 14
3050 鈺德|光電業|12 -1 -5|99 99 29 26|0.7 48
3051 力特|光電業|-7 -19 9|83 83 10 37|0.4 102
3052 夆典|建材營造|19 38 9|98 100 10 11|1.3 12
3055 蔚華科|電子通路|-13 1 26|97 97 111 128|1.5 880
3056 富華新|建材營造|-45 -76 -302|76 89 -6 -2|1.1 27
3058 立德|電子零組|2 -12 1|68 94 -0 9|1.1 18
3059 華晶科|光電業|-19 -23 8|85 85 -11 4|0.5 65
3060 銘異|電腦及週|34 38 42|89 89 -6 3|0.6 7
3062 建漢|通信網路|-26 -44 -21|85 89 -7 -5|1.4 19
3066 李洲|光電業|20 11 27|89 89 51 53|0.6 31
3071 協禧|電腦及週|4 -11 -0|77 92 11 -7|4.8 18
3078 僑威|電子零組|57 44 -39|94 94 -1 4|0.8 175
3081 聯亞|通信網路|11 -30 21|100 100 54 62|2.8 897
3083 網龍|文化創意|-56 -12 -2|82 83 -9 -1|0.4 12
3086 華義*|文化創意|76 76 65|61 61 52 78|0.2 36
3088 艾訊|電腦及週|12 -7 -13|85 85 3 0|1.3 25
3090 日電貿|電子零組|41 22 16|98 98 6 17|3.2 24
3092 鴻碩|電子零組|22 7 33|79 85 -6 -9|1.1 6
3094 聯傑|半導體業|-28 -15 6|82 82 -10 -10|0.4 24
3105 穩懋|半導體業|74 52 50|85 90 -1 16|0.8 525
3114 好德|電子零組|29 5 14|98 98 8 11|1.1 11
3122 笙泉|半導體業|69 36 44|81 81 -11 79|0.4 21
3128 昇銳|光電業|-7 -8 3|73 100 9 5|2.9 7
3131 弘塑|半導體業|29 19 19|100 100 71 56|1.8 744
3138 耀登|通信網路|-28 -11 -10|80 82 -7 -5|0.5 47
3141 晶宏|半導體業|-41 -17 6|77 86 -8 -0|0.6 41
3147 大綜|資訊服務|86 46 21|100 100 35 104|2.1 147
3149 正達|光電業|44 7 21|86 86 23 35|0.8 39
3152 璟德|通信網路|47 27 17|81 81 -16 22|0.8 24
3162 精確|電機機械|32 31 -46|68 80 -8 -13|0.7 26
3163 波若威|通信網路|23 13 21|90 90 8 3|4.5 410
3167 大量|電機機械|35 23 53|90 90 24 63|1.8 44
3169 亞信|半導體業|33 2 28|94 94 2 29|3.5 82
3176 基亞|生技醫療|31 47 -8|68 68 -24 22|0.7 12
3178 公準|半導體業|19 9 -6|100 100 53 43|1.8 174
3188 鑫龍騰|建材營造|154 83 na|95 95 14 25|0.9 10
3189 景碩|半導體業|9 -7 25|80 85 1 -8|0.9 267
3205 佰研|生技醫療|43 7 17|81 88 -4 1|0.4 6
3206 志豐|電子零組|13 -6 4|99 99 6 5|1.7 12
3207 耀勝|電子零組|-3 -32 -25|95 99 25 18|1.5 81
3209 全科|電子通路|-12 -28 -18|86 96 -0 7|0.9 14
3211 順達|電腦及週|-1 -11 -3|83 83 3 4|0.6 81
3213 茂訊|電腦及週|46 31 17|91 91 15 36|0.9 38
3217 優群|電子零組|33 31 9|94 94 16 43|0.9 401
3218 大學光|生技醫療|8 5 -13|75 87 3 -9|2.4 189
3221 台嘉碩|通信網路|13 -8 17|86 86 4 9|3.3 8
3227 原相|半導體業|100 85 56|94 94 6 37|2.9 354
3228 金麗科|半導體業|148 59 48|94 94 117 399|0.9 883
3230 錦明|光電業|24 -3 7|72 81 13 -0|1.4 9
3231 緯創|電腦及週|22 -5 4|75 90 27 5|1.0 10642
3232 昱捷|電子通路|53 36 21|100 100 53 42|2.8 40
3234 光環|通信網路|14 2 30|97 97 38 39|2.3 168
3257 虹冠電|半導體業|60 146 -3|78 78 -7 -13|0.4 18
3260 威剛|半導體業|64 51 45|94 94 5 22|1.0 550
3264 欣銓|半導體業|-7 -9 -5|89 89 6 17|0.9 393
3265 台星科|半導體業|25 21 24|94 94 48 49|1.1 482
3268 海德威|半導體業|42 14 18|100 100 51 84|1.0 26
3276 宇環|電子零組|118 91 38|82 82 -8 59|0.3 13
3284 太普高|其他|63 29 21|99 99 32 37|1.3 11
3287 廣寰科|電腦及週|111 111 56|83 83 66 57|0.2 111
3289 宜特|其他電子|11 0 -2|94 94 42 24|1.6 659
3290 東浦|電子零組|53 15 -1|84 84 -8 -0|0.3 10
3293 鈊象|文化創意|14 18 0|100 100 34 55|0.8 635
3294 英濟|電子零組|92 25 18|90 90 171 188|1.2 112
3296 勝德|電子零組|6 -21 14|98 98 45 48|2.1 27
3297 杭特|光電業|69 47 53|98 98 27 41|1.0 14
3303 岱稜|其他電子|47 24 25|98 98 14 20|1.9 8
3305 昇貿|其他電子|20 -0 20|92 92 6 7|1.2 104
3306 鼎天|通信網路|8 27 13|70 74 -5 -27|0.3 24
3308 聯德|電子零組|-58 -63 -160|55 55 -5 -28|0.7 15
3311 閎暉|通信網路|27 19 13|95 95 12 9|2.3 17
3312 弘憶股|電子通路|58 14 26|100 100 97 133|3.9 353
3313 斐成|建材營造|110060 36995 27444|97 97 112 125|4.3 19
3317 尼克森|半導體業|11 6 5|87 87 -2 19|0.5 18
3321 同泰|電子零組|87 47 33|97 97 36 44|1.2 14
3322 建舜電|電子零組|90 36 25|96 96 9 24|2.7 29
3324 雙鴻|其他電子|38 6 7|100 100 60 97|1.9 3825
3325 旭品|電腦及週|34 35 -29|87 87 4 10|0.7 54
3338 泰碩|電子零組|32 22 29|89 100 17 15|1.0 133
3339 泰谷|光電業|20 12 18|96 96 26 51|1.2 53
3346 麗清|汽車工業|53 29 -16|94 94 13 16|0.6 59
3354 律勝|電子零組|34 42 54|89 89 96 94|1.7 99
3356 奇偶|光電業|10 -3 0|86 100 14 14|2.8 24
3357 臺慶科|電子零組|16 -1 11|98 100 16 20|1.4 37
3360 尚立|電子通路|-34 -42 -18|94 94 74 70|2.4 98
3362 先進光|光電業|71 41 20|99 99 53 74|0.5 1203
3363 上詮|通信網路|-22 4 23|99 99 69 142|3.1 1583
3372 典範|半導體業|62 32 44|100 100 44 58|5.1 20
3373 熱映|其他電子|-42 -27 -56|82 82 11 40|0.3 8
3374 精材|半導體業|23 7 20|90 93 -3 16|1.1 380
3376 新日興|電子零組|56 38 42|99 99 53 124|1.1 2453
3380 明泰|通信網路|-23 -23 -7|78 91 3 -6|1.0 122
3390 旭軟|電子零組|23 11 17|100 100 92 132|2.5 63
3402 漢科|其他電子|76 40 38|95 95 44 94|1.8 132
3406 玉晶光|光電業|45 32 20|99 99 6 11|1.1 553
3413 京鼎|半導體業|-2 -11 -1|99 99 27 36|2.8 261
3416 融程電|電腦及週|23 -4 -6|92 92 11 8|1.5 57
3434 哲固|光電業|108 50 51|96 96 21 20|0.8 8
3437 榮創|光電業|38 22 20|92 92 25 103|1.1 203
3438 類比科|半導體業|34 30 30|100 100 19 33|0.8 97
3443 創意|半導體業|-17 -23 -34|83 83 -2 6|1.0 6173
3444 利機|電子通路|24 8 8|85 85 -12 32|0.6 46
3450 聯鈞|半導體業|3 -1 15|93 93 27 75|2.9 768
3454 晶睿|光電業|-36 -43 -35|54 88 -1 -7|1.0 30
3455 由田|光電業|-20 -13 22|92 99 7 11|4.5 11
3479 安勤|電腦及週|-21 -20 -27|91 91 17 20|1.9 135
3481 群創|光電業|31 18 14|87 89 22 5|0.6 1313
3483 力致|電腦及週|38 28 10|93 93 8 26|0.9 887
3484 崧騰|電子零組|7 -12 24|88 88 -4 6|0.6 5
3489 森寶|建材營造|-33 -8 12|88 88 57 67|1.0 9
3490 單井|光電業|-46 -50 -17|93 93 20 19|0.9 24
3491 昇達科|通信網路|27 17 22|90 93 -1 4|0.7 62
3499 環天科|通信網路|120 102 74|86 86 19 7|0.4 13
3501 維熹|電子零組|34 6 13|100 100 10 12|3.1 9
3504 揚明光|光電業|2 -8 19|72 89 -0 4|1.0 99
3515 華擎|電腦及週|37 20 -1|97 100 42 18|1.8 302
3516 亞帝歐|光電業|167 66 39|96 96 58 56|5.5 9
3518 柏騰|其他電子|37 20 19|81 87 -6 2|0.4 7
3520 華盈|電子零組|116 24 24|83 92 19 11|0.9 46
3521 台鋼建設|建材營造|-47 -65 -68|76 83 9 -15|1.0 11
3522 御嵿|觀光餐旅|18 7 -18|95 95 19 41|1.4 10
3526 凡甲|電子零組|80 51 33|100 100 17 24|1.6 107
3527 聚積|半導體業|10 5 23|88 91 6 17|0.4 11
3529 力旺|半導體業|15 9 4|88 88 20 59|1.3 1760
3530 晶相光|半導體業|16 9 14|99 99 27 89|1.8 334
3532 台勝科|半導體業|-9 -6 3|83 83 2 10|0.3 106
3533 嘉澤|電子零組|57 17 18|100 100 24 28|1.2 1303
3535 晶彩科|光電業|-82 -81 -17|92 92 23 25|1.2 190
3540 曜越|電腦及週|11 3 -39|78 97 16 10|1.5 22
3543 州巧|光電業|32 25 13|83 83 12 20|1.2 16
3545 敦泰|半導體業|80 32 12|75 75 -18 39|0.8 484
3546 宇峻|文化創意|-14 -0 13|89 92 -2 -1|0.6 8
3548 兆利|電子零組|144 76 35|98 98 18 188|0.8 2185
3551 世禾|綠能環保|4 -0 3|94 94 52 67|3.7 113
3552 同致|其他電子|81 43 26|81 87 -7 2|0.5 22
3556 禾瑞亞|半導體業|34 18 28|93 93 -2 -3|2.8 5
3557 嘉威|居家生活|35 2 8|93 98 6 16|1.6 8
3558 神準|通信網路|-13 -29 -35|66 83 -2 -12|1.6 141
3563 牧德|光電業|-51 -55 -36|97 97 59 59|1.6 479
3564 其陽|通信網路|-32 -18 2|68 93 12 10|1.7 13
3567 逸昌|半導體業|10 21 4|86 86 2 5|0.6 6
3570 大塚|資訊服務|42 13 -1|96 96 16 28|1.0 19
3576 聯合再生|光電業|-72 -65 -28|56 75 -17 -24|1.4 52
3580 友威科|其他電子|174 29 29|94 95 9 9|1.4 72
3581 博磊|半導體業|-17 -13 -9|95 96 27 9|2.1 32
3583 辛耘|半導體業|58 36 9|91 91 22 26|3.1 1163
3587 閎康|其他電子|11 11 -11|88 89 19 -11|1.3 434
3588 通嘉|半導體業|72 34 44|100 100 46 95|1.7 558
3591 艾笛森|光電業|32 25 13|98 100 14 10|2.1 29
3592 瑞鼎|半導體業|73 34 33|100 100 20 52|2.3 221
3594 磐儀|電腦及週|-19 -23 -18|70 80 -14 -11|1.0 8
3596 智易|通信網路|21 12 2|94 94 11 21|1.7 199
3605 宏致|電子零組|8 1 15|100 100 41 54|2.0 72
3607 谷崧|電子零組|62 22 20|95 95 34 30|1.6 70
3611 鼎翰|電腦及週|9 3 -2|90 94 1 -2|0.9 12
3615 安可|光電業|38 11 8|88 88 18 37|0.3 89
3617 碩天|其他電子|1 -1 -3|70 70 -5 -14|0.8 91
3622 洋華|光電業|41 90 62|84 84 54 48|0.5 292
3623 富晶通|光電業|-33 -8 -12|69 69 -25 94|0.2 83
3624 光頡|電子零組|8 -3 12|76 91 6 5|0.8 24
3630 新鉅科|光電業|106 53 29|87 88 -2 6|0.4 13
3645 達邁|電子零組|90 55 41|84 93 8 3|0.9 49
3653 健策|電子零組|7 -4 -7|100 100 64 42|1.3 1124
3661 世芯-KY|半導體業|107 95 -33|98 98 47 71|0.9 6529
3663 鑫科|其他電子|34 25 19|98 98 28 47|2.1 28
3664 安瑞-KY|通信網路|-21 10 -10|67 88 15 4|0.9 11
3665 貿聯-KY|其他電子|4 -7 -1|76 86 -10 -4|1.5 299
3669 圓展|通信網路|33 3 13|92 92 -4 26|1.1 7
3673 TPK-KY|光電業|-4 -11 14|78 92 0 1|0.9 62
3675 德微|半導體業|42 3 18|89 93 17 4|1.0 156
3679 新至陞|電子零組|116 43 32|91 91 11 24|2.9 12
3680 家登|半導體業|57 1 -23|96 96 22 29|1.9 824
3687 歐買尬|數位雲端|18 7 7|87 93 17 19|1.2 68
3689 湧德|電子零組|16 -6 -10|98 98 29 24|5.8 56
3691 碩禾|光電業|66 99 118|95 100 37 43|2.1 52
3693 營邦|電腦及週|32 19 -44|69 69 -1 -22|0.4 439
3694 海華|通信網路|10 6 7|90 90 19 54|0.3 390
3701 大眾控|電腦及週|80 15 -2|88 88 6 21|3.5 46
3702 大聯大|電子通路|45 18 24|94 94 20 65|0.9 466
3703 欣陸|建材營造|1 13 11|91 95 -1 3|1.4 19
3704 合勤控|通信網路|-50 -25 -24|71 81 -12 -3|0.4 94
3705 永信|生技醫療|17 17 17|98 98 -2 8|0.7 10
3706 神達|電腦及週|7 -24 -6|82 93 13 5|0.8 687
3707 漢磊|半導體業|-15 -19 2|61 74 -17 -24|1.8 70
3708 上緯投控|綠能環保|35 5 22|100 100 23 26|4.0 216
3709 鑫聯大投控|電腦及週|39 14 5|76 76 8 23|0.5 6
3710 連展投控|電子零組|74 34 27|78 93 8 0|0.6 9
3711 日月光投控|半導體業|5 -3 8|98 98 10 15|1.0 1206
3712 永崴投控|電腦及週|57 77 33|98 98 37 51|2.6 390
3714 富采|光電業|62 21 31|75 90 -6 -8|1.3 67
3715 定穎投控|電子零組|27 16 na|67 67 -26 27|0.7 1015
4102 永日|生技醫療|96 26 12|87 87 -0 15|1.4 17
4104 佳醫|生技醫療|13 13 -2|97 100 5 3|2.0 12
4105 東洋|生技醫療|50 14 0|94 94 -3 7|1.3 42
4107 邦特|生技醫療|21 5 6|98 98 7 9|3.0 12
4108 懷特|生技醫療|46 35 8|89 92 -6 9|2.3 7
4109 加捷生醫|生技醫療|75 31 15|100 100 64 62|2.4 44
4113 聯上|建材營造|3756 74430 44246|100 100 32 59|1.2 35
4114 健喬|生技醫療|38 14 -6|89 93 -6 8|0.4 37
4116 明基醫|生技醫療|11 6 4|90 91 -8 3|0.5 7
4119 旭富|生技醫療|2 27 -29|79 91 1 -7|0.7 18
4123 晟德|生技醫療|39 66 -28|81 98 5 4|1.4 67
4126 太醫|生技醫療|3 -10 -18|97 100 4 9|1.3 10
4128 中天|生技醫療|1 -2 3|74 80 -13 -10|0.8 55
4129 聯合|生技醫療|42 26 -1|94 94 14 50|1.7 147
4133 亞諾法|生技醫療|4 -3 0|86 86 -10 2|0.2 8
4137 麗豐-KY|生技醫療|124 67 21|82 94 -1 1|0.8 9
4138 曜亞|生技醫療|3 3 -22|80 94 4 9|1.4 6
4142 國光生|生技醫療|-92 -26 -88|65 81 -19 -12|0.9 25
4147 中裕|生技醫療|76 -7 -30|84 94 32 -5|4.9 184
4155 訊映|生技醫療|-42 -13 5|66 83 -5 -12|1.1 7
4157 太景*-KY|生技醫療|74 96 -882|84 90 -6 -2|0.8 17
4161 聿新科|生技醫療|174 58 26|95 100 23 13|1.0 9
4162 智擎|生技醫療|5 12 -16|86 86 -1 18|0.8 148
4163 鐿鈦|生技醫療|0 -13 -13|87 95 1 5|0.8 8
4164 承業醫|生技醫療|20 26 -13|85 94 0 12|1.3 28
4167 松瑞藥|生技醫療|46 59 63|80 80 -1 11|0.2 29
4171 瑞基|農業科技|8 -13 36|78 83 1 5|0.3 5
4174 浩鼎|生技醫療|2452 na na|68 77 -20 -22|1.2 25
4188 安克|生技醫療|-18 30 16|80 80 -8 49|0.4 18
4303 信立|塑膠工業|28 -21 22|99 99 135 151|5.8 148
4306 炎洲|塑膠工業|53 40 39|92 92 1 13|0.7 18
4402 郡都開發|紡織纖維|-43 -57 -4|100 100 64 103|2.7 14
4420 光明|紡織纖維|21 6 26|98 98 61 88|1.0 9
4503 金雨|電機機械|199 116 44|78 93 23 14|3.7 84
4526 東台|電機機械|16 2 5|92 93 15 24|7.1 14
4529 淳紳|其他|33 76 -7|82 82 64 87|1.1 23
4532 瑞智|電機機械|47 31 26|88 99 15 15|1.3 36
4533 協易機|電機機械|-23 -17 -34|64 80 -4 -6|0.4 21
4534 慶騰|電機機械|120 31 35|95 95 36 35|3.8 13
4536 拓凱|運動休閒|-24 -26 -11|81 98 5 11|1.2 31
4540 全球傳動|電機機械|9 -22 -3|82 100 8 10|2.8 6
4542 科嶠|電子零組|-24 -24 -35|95 95 25 56|4.7 33
4543 萬在|電機機械|45 17 21|86 100 34 30|3.9 94
4550 長佳|電機機械|30 45 -5|95 95 6 25|0.4 6
4551 智伸科|汽車工業|19 -14 4|73 79 -18 -15|0.9 25
4552 力達-KY|電機機械|114 40 24|84 84 2 -7|0.7 7
4556 旭然|其他|85 31 35|100 100 50 51|8.4 11
4561 健椿|電機機械|88 56 33|82 82 11 34|0.6 11
4563 百德|電機機械|78 67 50|76 80 11 -18|2.1 24
4564 元翎|電機機械|-50 -34 -4|72 84 -5 -7|1.5 12
4566 時碩工業|電機機械|10 -6 7|73 93 1 1|1.2 8
4571 鈞興-KY|電機機械|73 25 18|92 92 30 34|1.2 10
4572 駐龍|電機機械|30 28 -2|79 82 -4 -19|0.7 30
4583 台灣精銳|電機機械|33 -10 5|85 99 6 4|4.4 8
4714 永捷|化學工業|25 -6 28|100 100 72 88|1.4 171
4720 德淵|化學工業|64 20 20|97 97 14 18|2.0 16
4721 美琪瑪|化學工業|-15 -35 18|73 86 -4 -2|0.4 12
4726 永昕|生技醫療|-30 -25 -32|79 97 4 -2|1.6 14
4728 雙美|生技醫療|93 40 5|72 97 0 7|1.9 6
4729 熒茂|光電業|-26 -24 -3|95 95 38 34|1.4 43
4736 泰博|生技醫療|-39 -28 17|78 84 -12 -10|0.7 22
4737 華廣|生技醫療|23 -3 12|88 88 -5 -4|1.1 7
4739 康普|化學工業|-27 -30 11|67 80 -13 -10|0.7 23
4743 合一|生技醫療|87 77 46|70 75 -15 -12|0.9 252
4744 皇將|生技醫療|299 122 58|63 78 -10 -10|0.5 7
4746 台耀|生技醫療|21 15 -4|92 92 7 27|0.5 341
4747 強生製藥|生技醫療|45 21 -5|71 82 -7 -9|1.4 21
4755 三福化|化學工業|16 10 15|96 99 20 15|6.5 87
4763 材料*-KY|化學工業|197 211 47|83 83 21 29|1.5 2287
4766 南寶|化學工業|56 18 17|95 95 19 54|1.1 166
4768 晶呈科技|化學工業|-22 -29 -8|81 97 9 17|1.9 71
4770 上品|化學工業|1 -16 -12|95 95 14 39|4.5 228
4904 遠傳|通信網路|14 11 4|93 93 -3 10|1.3 342
4906 正文|通信網路|-0 -17 -18|93 93 5 -5|0.7 145
4908 前鼎|通信網路|126 93 68|97 97 32 119|2.5 1682
4909 新復興|通信網路|156 91 39|100 100 188 194|1.8 686
4912 聯德控股-KY|電子零組|48 24 33|100 100 35 38|2.3 26
4915 致伸|電子零組|34 -7 11|100 100 14 11|1.1 178
4916 事欣科|電腦及週|32 -2 -31|73 84 -5 -16|1.1 15
4919 新唐|半導體業|14 -4 8|85 86 -9 4|0.6 173
4927 泰鼎-KY|電子零組|-19 -9 3|67 76 -8 -20|3.3 12
4930 燦星網|電器電纜|25 25 24|100 100 18 39|1.2 6
4931 新盛力|電腦及週|6 -40 -7|63 89 -4 -8|0.9 10
4933 友輝|光電業|118 63 31|93 93 15 32|0.6 44
4934 太極|光電業|-82 -82 -86|66 69 -7 -31|0.8 20
4938 和碩|電腦及週|-12 -12 -7|95 95 5 8|0.8 497
4939 亞電|電子零組|110 50 41|100 100 45 52|1.2 46
4942 嘉彰|光電業|17 1 18|99 99 3 6|1.3 9
4945 陞達科技|半導體業|112 113 87|100 100 60 114|0.7 75
4951 精拓科|半導體業|17 9 23|99 100 18 30|2.9 18
4952 凌通|半導體業|40 17 35|86 86 -7 1|0.9 7
4953 緯致|資訊服務|28 21 8|87 96 18 27|1.3 189
4956 光鋐|光電業|6 -6 -4|78 78 11 35|0.2 62
4958 臻鼎-KY|電子零組|2 6 19|89 90 -3 3|0.8 265
4960 誠美材|光電業|15 12 3|92 92 6 12|1.0 129
4961 天鈺|半導體業|7 -6 4|84 84 -11 24|0.7 286
4966 譜瑞-KY|半導體業|21 29 48|78 78 -2 16|1.8 1547
4967 十銓|半導體業|102 184 22|90 90 -1 33|0.6 193
4968 立積|半導體業|36 26 33|100 100 57 64|1.2 1475
4973 廣穎電通|半導體業|20 3 -4|100 100 33 49|2.5 31
4974 亞泰|電子零組|40 -11 -0|99 99 3 1|2.1 8
4976 佳凌|光電業|6 -3 11|76 88 -2 -4|0.7 14
4977 眾達-KY|通信網路|-84 -81 -36|65 91 2 13|5.0 56
4979 華星光|通信網路|28 83 -32|79 85 -2 0|1.2 785
4994 傳奇|資訊服務|16 23 27|100 100 38 29|2.3 24
5009 榮剛|鋼鐵工業|14 2 -8|80 93 1 3|0.9 192
5011 久陽|鋼鐵工業|33 35 40|86 86 6 14|0.4 9
5202 力新|資訊服務|72 22 29|100 100 71 56|2.0 31
5203 訊連|資訊服務|7 12 3|80 89 -5 -4|1.5 24
5209 新鼎|其他|80 91 6|91 100 13 16|1.4 13
5210 寶碩|資訊服務|-7 4 19|63 63 21 130|0.5 56
5211 蒙恬|資訊服務|31 19 4|76 92 14 14|0.5 9
5213 亞昕|建材營造|53 1242 393|97 97 10 45|0.5 12
5215 科嘉-KY|電腦及週|89 61 41|79 79 -6 24|0.5 10
5222 全訊|半導體業|24 17 -9|82 90 -1 -10|0.7 45
5223 安力-KY|電腦及週|1 1 15|88 88 8 9|0.2 8
5225 東科-KY|其他電子|72 19 27|98 98 48 87|2.2 111
5227 立凱-KY|電子零組|51 -20 -101|59 79 -6 -12|1.6 9
5234 達興材料|光電業|6 3 -15|87 100 34 22|2.8 275
5236 凌陽創新|半導體業|51 34 -7|79 79 -0 22|0.4 93
5243 乙盛-KY|光電業|3 -18 -4|63 80 -8 -15|1.0 27
5244 弘凱|光電業|24 15 11|82 82 31 57|0.7 28
5251 天鉞電|光電業|10 -5 19|92 98 34 40|1.4 26
5258 虹堡|電腦及週|1 -4 -15|91 91 -6 37|1.4 553
5263 智崴|文化創意|32 18 7|91 96 2 12|4.4 16
5269 祥碩|半導體業|97 74 36|100 100 67 146|0.9 2759
5272 笙科|半導體業|105 57 58|96 96 15 65|2.6 136
5274 信驊|半導體業|64 9 40|88 88 2 9|1.7 1431
5283 禾聯碩|電器電纜|18 7 10|98 99 6 4|1.8 7
5284 jpp-KY|其他|8 -8 -33|100 100 58 40|0.8 377
5285 界霖|半導體業|2 -3 12|74 76 -11 -19|0.7 7
5287 數字|數位雲端|11 8 -2|100 100 4 3|1.8 9
5288 豐祥-KY|電機機械|28 0 4|95 99 4 6|1.7 5
5289 宜鼎|電腦及週|10 5 20|91 91 1 14|1.4 182
5292 華懋|綠能環保|-13 19 na|na na -14 na|0.7 23
5299 杰力|半導體業|47 28 38|92 92 -5 9|1.1 16
5306 桂盟|運動休閒|19 -8 20|97 98 24 8|1.7 51
5309 系統電|電子零組|-0 -0 5|73 92 1 -2|0.8 27
5312 寶島科|生技醫療|9 7 -11|100 100 10 13|2.2 8
5314 世紀*|其他|49675 18036 11575|100 100 302 527|0.9 30
5315 光聯|光電業|-32 -39 -17|86 95 6 2|4.0 7
5321 美而快|數位雲端|-13 -18 -21|67 67 1 18|0.7 19
5328 華容|電子零組|-3 -19 -18|87 87 13 15|0.5 20
5340 建榮|電子零組|21 16 21|77 78 -2 -23|2.2 57
5347 世界|半導體業|-9 2 24|77 85 -9 5|0.7 391
5351 鈺創|半導體業|72 31 55|92 92 5 32|1.0 309
5355 佳總|電子零組|3 14 13|93 93 62 81|1.0 9
5356 協益|電腦及週|88 59 57|100 100 19 24|1.8 9
5371 中光電|光電業|12 -1 14|84 84 -3 -10|0.6 39
5381 光譜|電機機械|1533 699 302|90 90 36 47|1.9 76
5383 金利|其他電子|1 -24 -8|100 100 47 34|3.3 13
5386 青雲|電腦及週|75 18 31|84 90 12 15|1.5 16
5388 中磊|通信網路|8 -6 -5|96 96 13 13|1.6 417
5392 能率|光電業|35 11 15|94 94 0 -2|1.6 12
5398 慕康生醫|其他|-13 -42 -24|96 96 52 49|0.5 9
5403 中菲|資訊服務|38 25 5|99 99 36 37|1.9 35
5410 國眾|資訊服務|-11 -17 -2|93 96 2 -0|0.8 8
5425 台半|半導體業|-5 -10 -3|72 84 -4 -6|0.5 166
5426 振發|電腦及週|-14 -27 2|86 86 145 169|0.3 609
5432 新門|綠能環保|40 51 19|98 98 95 216|1.8 173
5434 崇越|電子通路|-9 -10 -2|100 100 9 15|1.6 109
5439 高技|電子零組|3 10 -26|70 70 -10 20|0.4 251
5443 均豪|半導體業|79 32 58|97 97 61 54|1.1 172
5452 佶優|其他電子|24 5 12|91 91 13 14|5.0 36
5457 宣德|電子零組|59 23 25|100 100 30 26|1.8 189
5465 富驊|電腦及週|41 25 -0|77 89 3 16|0.9 22
5469 瀚宇博|電子零組|6 -3 4|90 90 5 7|1.0 252
5471 松翰|半導體業|40 30 38|90 90 -7 17|0.9 16
5474 聰泰|電腦及週|49 23 23|75 92 23 17|1.8 108
5478 智冠|文化創意|-25 -9 -8|66 66 19 40|0.2 74
5483 中美晶|半導體業|-7 3 4|93 93 9 23|0.5 555
5484 慧友|光電業|26 -4 -28|82 94 14 20|1.3 5
5488 松普|電子零組|29 -28 -13|98 98 26 15|2.1 39
5490 同亨|電腦及週|464 145 138|95 95 20 23|1.1 12
5498 凱崴|電子零組|35 3 21|98 98 20 15|1.9 20
5508 永信建|建材營造|1252 624 313|100 100 17 46|3.3 37
5511 德昌|建材營造|47 21 -8|89 100 9 6|3.9 15
5512 力麒|建材營造|119 22 -13|91 99 6 11|2.2 28
5515 建國|建材營造|-8 -10 7|94 94 16 25|0.4 13
5519 隆大|建材營造|273 490 369|97 97 19 55|0.8 25
5521 工信|建材營造|79 38 10|82 82 21 62|0.3 87
5522 遠雄|建材營造|-92 23 49|91 91 -4 2|0.5 20
5530 龍巖|其他|45 31 19|97 97 3 9|0.9 7
5533 皇鼎|建材營造|-40 102 -265|93 93 4 28|0.5 6
5534 長虹|建材營造|103 46 -336|100 100 5 10|1.1 21
5536 聖暉*|其他電子|41 1 5|94 94 13 28|2.4 101
5607 遠雄港|航運業|34 14 18|86 97 15 12|1.7 60
5608 四維航|航運業|-20 -28 18|70 83 9 4|0.4 33
5609 中菲行|航運業|-0 -13 28|95 95 7 10|0.5 30
5706 鳳凰|觀光餐旅|-27 87 -1433|50 75 -15 -15|0.4 23
5864 致和證|金融業|-119 37 -46|57 83 7 -18|0.7 10
5871 中租-KY|其他|6 7 -5|77 89 -5 -2|1.0 789
5876 上海商銀|金融保險|7 1 -10|95 95 -3 4|0.8 112
5880 合庫金|金融保險|23 14 -5|93 96 -3 -3|1.0 177
5903 全家|居家生活|2 6 -3|87 92 -1 -7|1.2 10
5904 寶雅|居家生活|-6 3 -8|84 87 -6 2|1.1 77
5905 南仁湖|觀光餐旅|-46 -15 -23|84 91 -5 3|1.5 6
6005 群益證|金融保險|45 44 -32|100 100 12 14|1.6 40
6015 宏遠證|金融業|328 204 108|82 98 6 -3|1.7 5
6016 康和證|金融業|49 53 244|94 100 19 7|2.2 24
6024 群益期|金融保險|47 2 15|100 100 16 25|1.6 9
6026 福邦證|金融業|-76 189 -508|99 100 10 8|2.2 16
6101 寬魚國際|文化創意|-55 43130 -69433|84 96 5 9|0.7 7
6104 創惟|半導體業|72 38 37|89 89 -4 13|3.2 240
6108 競國|電子零組|12 1 9|93 93 7 18|0.4 29
6109 亞元|通信網路|-30 -35 -13|83 99 11 5|1.6 6
6111 光聚晶電|文化創意|361 163 73|78 89 4 7|0.2 73
6112 邁達特|資訊服務|21 13 -2|86 87 3 12|1.2 125
6113 亞矽|電子通路|-27 -24 10|92 92 167 191|1.2 414
6115 鎰勝|電子零組|51 10 14|99 99 9 12|2.7 10
6116 彩晶|光電業|25 -5 14|79 90 -1 -8|0.8 104
6117 迎廣|電腦及週|74 55 46|92 92 49 100|0.3 205
6118 建達|電子通路|8 -8 2|64 86 -9 -2|0.8 6
6120 達運|光電業|100 72 20|81 88 12 4|0.5 125
6121 新普|電腦及週|8 -2 8|97 97 19 40|0.7 302
6122 擎邦|電機機械|80 61 -72|91 91 -0 62|1.7 108
6124 業強|電子零組|5 -7 0|72 92 26 10|0.5 22
6125 廣運|電機機械|-50 -39 -39|84 100 41 12|4.0 1173
6126 信音|電子零組|22 4 10|93 93 42 19|3.8 292
6127 九豪|電子零組|31 23 8|96 96 3 35|2.1 26
6129 普誠|半導體業|-9 -15 -1|77 90 -5 -2|0.5 22
6133 金橋|電子零組|-11 -15 10|63 91 -3 6|1.0 6
6136 富爾特|通信網路|13 -4 -9|95 95 18 31|1.5 12
6138 茂達|半導體業|63 60 55|96 96 17 73|1.3 531
6139 亞翔|其他電子|189 150 78|100 100 23 100|1.2 907
6140 訊達電腦|資訊服務|75 8 11|76 76 100 102|0.3 177
6143 振曜|通信網路|4 -27 -41|97 97 14 46|1.2 110
6146 耕興|其他電子|-11 -4 1|89 89 1 -8|2.7 75
6147 頎邦|半導體業|0 -9 3|91 91 2 3|1.5 237
6148 驊宏資|資訊服務|37 34 -123|67 84 6 -0|1.1 10
6150 撼訊|電腦及週|-0 22 -25|85 95 9 29|1.8 96
6152 百一|通信網路|-36 -46 -9|88 96 11 5|2.0 11
6153 嘉聯益|電子零組|37 -6 13|79 88 -4 -5|1.0 28
6155 鈞寶|電子零組|-4 -21 5|91 91 -3 10|0.3 9
6156 松上|電子零組|40 7 19|90 90 -1 12|0.7 19
6158 禾昌|電子零組|43 15 17|83 83 -2 6|1.0 6
6160 欣技|電腦及週|-32 -28 -34|55 77 -14 -16|1.0 6
6161 捷波|電腦及週|56 16 29|94 99 12 20|2.2 20
6163 華電網|資訊服務|50 1 5|73 92 13 13|0.7 15
6164 華興|光電業|73 18 24|87 87 39 48|0.8 35
6165 浪凡|數位雲端|23 -2 5|99 99 53 39|3.0 142
6166 凌華|電腦及週|-32 -19 -15|78 97 11 1|1.7 20
6167 久正|光電業|-12 -27 -7|94 97 13 1|6.3 24
6168 宏齊|光電業|3 7 19|90 90 -2 -3|2.5 40
6170 統振|通信網路|25 26 21|88 91 3 -7|1.2 28
6173 信昌電|電子零組|15 4 9|85 85 -5 0|0.5 20
6176 瑞儀|光電業|33 1 16|98 98 10 22|1.1 204
6177 達麗|建材營造|896 3149 1573|99 99 2 18|0.7 16
6179 亞通|其他|-19 8 -18|98 99 22 30|1.7 127
6180 橘子|文化創意|-28 -16 -0|87 91 -0 5|0.4 63
6182 合晶|半導體業|-32 -31 -8|83 83 -9 -6|0.6 75
6185 幃翔|電子零組|-31 -13 -11|66 96 6 -1|2.7 8
6186 新潤|建材營造|171 2081 na|94 94 -1 21|2.0 26
6187 萬潤|半導體業|112 77 95|100 100 95 130|0.2 371
6188 廣明|電腦及週|-14 -17 -5|64 80 2 -17|0.9 163
6189 豐藝|電子通路|113 54 33|91 91 38 80|3.6 267
6190 萬泰科|通信網路|25 6 26|82 92 7 -3|1.3 18
6191 精成科|電子零組|21 6 8|90 90 7 20|0.7 181
6192 巨路|其他電子|35 12 4|100 100 18 21|1.8 10
6194 育富|電子零組|73 29 7|92 92 14 19|0.5 15
6196 帆宣|其他電子|46 20 2|98 98 18 16|2.0 399
6197 佳必琪|電子零組|89 49 25|98 98 8 42|1.6 111
6198 瑞築|建材營造|122 na na|85 100 35 18|2.4 14
6201 亞弘電|其他電子|22 22 2|100 100 31 45|1.5 10
6202 盛群|半導體業|-39 -49 5|83 87 -9 -5|0.9 53
6203 海韻電|電子零組|20 11 -32|86 92 5 -3|1.1 22
6204 艾華|電子零組|123 49 32|90 90 34 161|1.3 123
6205 詮欣|電子零組|-35 -30 -1|87 96 20 32|0.7 144
6206 飛捷|電腦及週|25 25 50|97 97 6 6|1.2 16
6207 雷科|電子零組|62 40 44|96 96 30 29|4.3 45
6208 日揚|半導體業|-29 -5 -9|100 100 31 36|9.4 9
6209 今國光|光電業|15 -15 4|80 85 -1 -10|0.4 8
6213 聯茂|電子零組|18 1 9|92 92 6 -6|1.1 337
6214 精誠|資訊服務|22 20 12|96 96 11 2|1.0 55
6215 和椿|其他電子|46 4 38|95 100 20 21|2.5 10
6216 居易|通信網路|175 61 40|91 91 8 19|1.8 15
6217 中探針|電子零組|9 -3 8|82 91 2 -7|3.7 18
6218 豪勉|通信網路|80 -1 -32|75 94 23 3|5.6 31
6219 富旺|建材營造|107 361 -243|92 92 52 45|0.7 77
6220 岳豐|電子零組|24 7 15|82 82 -3 -6|0.6 6
6223 旺矽|半導體業|19 18 6|96 96 56 68|1.0 755
6224 聚鼎|電子零組|21 1 1|90 100 5 10|1.8 5
6226 光鼎|光電業|69 29 31|90 93 11 11|3.2 8
6229 研通|半導體業|63 23 42|100 100 58 71|1.7 69
6230 尼得科超眾|電腦及週|-36 -37 -26|78 91 12 -7|0.7 12
6231 系微|資訊服務|31 17 18|100 100 86 109|1.6 527
6233 旺玖|半導體業|17 -6 8|99 99 53 95|2.0 326
6235 華孚|電腦及週|31 26 -15|61 68 -10 -30|0.9 275
6237 驊訊|半導體業|4 -25 8|94 94 20 87|1.2 361
6239 力成|半導體業|22 14 25|100 100 44 58|1.1 1099
6243 迅杰|半導體業|-3 1 -28|88 88 15 70|0.3 306
6244 茂迪|光電業|1 -28 -12|67 91 -3 -6|1.5 36
6245 立端|通信網路|-32 -28 -14|83 87 -1 12|1.1 213
6248 沛波|鋼鐵工業|107 52 20|96 100 19 18|3.5 13
6257 矽格|半導體業|18 4 18|93 93 12 18|2.1 238
6261 久元|半導體業|-7 27 42|94 94 5 11|0.8 10
6263 普萊德|通信網路|64 14 -2|97 97 34 35|2.0 145
6265 方土昶|電子通路|57 9 39|92 92 45 44|1.3 93
6266 泰詠|電子零組|-25 -19 -29|79 100 7 5|2.4 13
6269 台郡|電子零組|-14 -21 -7|89 94 0 -3|1.3 89
6270 倍微|電子通路|-36 -34 -4|96 96 21 31|0.6 41
6271 同欣電|半導體業|6 1 17|89 92 5 18|1.4 202
6274 台燿|電子零組|38 17 23|98 98 41 33|1.7 2494
6275 元山|電子零組|72 22 11|100 100 17 19|2.5 81
6276 安鈦克|電腦及週|10 -14 -18|59 59 5 30|0.3 69
6277 宏正|電腦及週|-20 -12 -6|95 100 2 1|1.1 7
6278 台表科|光電業|54 -2 20|97 97 3 5|0.8 85
6279 胡連|電子零組|47 24 7|99 100 6 18|2.7 51
6282 康舒|電子零組|33 48 33|75 89 -0 -9|1.5 631
6283 淳安|其他電子|79 24 36|71 77 -10 -20|1.6 5
6284 佳邦|電子零組|63 34 22|94 94 3 63|1.5 163
6285 啟碁|通信網路|10 7 -12|91 91 15 19|1.1 547
6288 聯嘉|汽車工業|30 31 12|99 99 22 23|5.1 109
6290 良維|電子零組|26 17 18|100 100 66 78|3.9 983
6291 沛亨|半導體業|-4 35 -15|69 79 -16 4|1.1 16
6292 迅德|電子零組|-23 -24 -7|89 89 34 69|2.7 25
6405 悅城|光電業|-1 -26 9|92 92 12 6|2.9 6
6409 旭隼|其他電子|29 -0 11|80 95 11 10|1.3 337
6411 晶焱|半導體業|16 46 34|88 88 -6 7|1.3 42
6412 群電|電子零組|5 -4 5|99 99 17 50|1.1 57
6414 樺漢|電腦及週|32 12 -4|99 100 11 15|2.2 489
6415 矽力*-KY|半導體業|33 9 34|67 80 2 41|0.7 909
6416 瑞祺電通|通信網路|-19 -17 0|99 99 24 39|1.5 124
6417 韋僑|通信網路|-6 -7 -16|57 83 1 -16|1.6 11
6419 京晨科|光電業|354 265 130|70 70 2 40|1.1 6
6425 易發|電機機械|211 77 87|98 98 220 231|0.6 161
6426 統新|通信網路|40 4 34|84 84 -2 13|2.3 18
6435 大中|半導體業|42 52 44|100 100 17 30|1.4 50
6438 迅得|其他電子|-20 -9 -10|100 100 15 24|5.0 83
6441 廣錠|電腦及週|12 -10 -38|63 79 -12 -16|0.7 5
6442 光聖|通信網路|33 10 13|99 99 113 155|1.9 592
6443 元晶|光電業|-31 -38 -32|69 88 -7 -12|0.9 65
6446 藥華藥|生技醫療|118 107 -5|64 86 -11 -10|1.3 320
6449 鈺邦|電子零組|70 43 11|100 100 30 31|4.0 16
6451 訊芯-KY|半導體業|-14 -12 -14|93 93 33 123|1.4 1034
6456 GIS-KY|光電業|12 -26 12|70 86 -12 -7|1.2 38
6457 紘康|半導體業|105 68 55|89 89 11 41|0.4 9
6462 神盾|半導體業|48 44 15|99 99 229 312|0.7 1559
6465 威潤|通信網路|-32 55 15|90 90 45 46|1.8 11
6469 大樹|生技醫療|6 9 -1|80 80 -13 -12|1.6 119
6470 宇智|通信網路|-44 -31 -23|67 83 -9 -11|1.3 13
6472 保瑞|生技醫療|-35 -37 -127|83 89 1 -1|0.7 738
6477 安集|光電業|-9 -43 -3|72 92 5 -7|2.2 15
6485 點序|半導體業|-23 -19 -10|76 76 -11 8|0.4 51
6486 互動|通信網路|87 86 61|100 100 16 17|2.6 15
6488 環球晶|半導體業|-26 -11 -9|90 90 6 23|1.0 554
6491 晶碩|生技醫療|14 16 7|89 96 -2 12|1.4 197
6492 生華科|生技醫療|0 0 -0|73 73 -20 -1|0.8 7
6494 九齊|半導體業|141 42 44|89 89 2 37|1.2 45
6504 南六|其他|24 10 3|84 84 -8 -6|0.3 6
6505 台塑化|油電燃氣|-7 -10 5|82 85 -13 -10|1.3 150
6509 聚和|化學工業|17 -4 9|86 98 1 6|1.7 32
6510 精測|半導體業|8 -14 16|90 93 -5 8|0.8 56
6515 穎崴|半導體業|-14 -47 -27|88 94 15 32|0.8 455
6517 保勝光學|光電業|-8 -7 5|47 83 -15 -7|0.4 18
6523 達爾膚|生技醫療|42 28 -5|98 98 -2 21|1.0 12
6526 達發|半導體業|38 15 na|na na 29 na|2.6 699
6530 創威|通信網路|42 8 10|92 92 7 78|2.0 305
6531 愛普*|半導體業|2 32 35|88 88 11 44|1.1 2327
6532 瑞耘|半導體業|37 4 -4|97 97 22 44|8.0 25
6533 晶心科|半導體業|22 63 33|87 90 6 17|0.7 793
6535 順藥|生技醫療|-11 2290 227|100 100 178 196|2.0 169
6538 倉和|電子零組|40 57 10|74 74 -3 -19|0.9 138
6541 泰福-KY|生技醫療|-4 43 -273|44 83 -11 1|0.9 15
6546 正基|通信網路|48 17 38|93 93 56 56|0.7 618
6547 高端疫苗|生技醫療|na na na|78 78 -13 -12|0.5 64
6548 長科*|半導體業|5 -4 13|75 98 3 2|0.9 29
6550 北極星藥業-KY|生技醫療|5802 na na|70 81 -1 -17|0.7 86
6561 是方|通信網路|5 4 -1|96 99 13 1|1.9 44
6568 宏觀|半導體業|-12 -43 -23|88 95 -1 27|1.9 14
6569 醫揚|生技醫療|-24 -24 -19|68 82 -16 -1|3.5 20
6576 逸達|生技醫療|52 4521 2727|82 98 18 29|1.1 30
6577 勁豐|電腦及週|4 4 -38|74 86 -2 9|0.6 5
6578 達邦蛋白|農業科技|38 9 12|95 95 12 45|2.4 11
6579 研揚|電腦及週|13 -4 -2|68 92 -1 2|3.7 102
6584 南俊國際|電子零組|73 31 na|na 100 138 185|0.6 125
6585 鼎基|其他|42 40 26|100 100 34 88|1.3 181
6589 台康生技|生技醫療|63 35 53|73 88 -12 -3|0.9 46
6590 普鴻|資訊服務|-3 16 -12|95 99 16 21|1.6 7
6591 動力-KY|電腦及週|73 8 -1|95 100 13 9|4.7 8
6592 和潤企業|其他|23 23 -3|80 88 -5 -6|1.3 69
6593 台灣銘板|資訊服務|54 53 13|73 73 9 87|0.6 161
6596 寬宏藝術|文化創意|-35 8 -50|76 98 3 5|0.4 5
6605 帝寶|汽車工業|9 10 1|98 98 13 33|1.3 67
6612 奈米醫材|生技醫療|19 2 -18|66 84 -9 -7|0.7 6
6613 朋億*|其他電子|86 30 12|100 100 35 44|2.5 59
6625 必應|其他|163 52 -168|67 79 1 -4|0.2 43
6640 均華|半導體業|371 185 168|100 100 130 199|1.6 46
6643 M31|半導體業|24 12 -9|100 100 109 111|0.4 1663
6651 全宇昕|半導體業|19 -7 10|94 94 2 16|0.9 8
6657 華安|生技醫療|135 28 na|na 85 -10 -4|1.0 9
6664 群翊|電子零組|14 2 -3|90 90 -3 -7|2.3 46
6667 信紘科|其他電子|36 22 19|96 96 67 91|0.9 406
6668 中揚光|光電業|22 10 26|98 98 54 60|2.3 167
6669 緯穎|電腦及週|14 -20 -9|100 100 48 47|1.4 6033
6670 復盛應用|運動休閒|-8 -16 11|99 99 11 14|0.9 50
6672 騰輝電子-KY|電子零組|4 -6 4|90 90 5 -3|0.7 50
6679 鈺太|半導體業|74 66 58|94 94 24 25|1.2 520
6683 雍智科技|半導體業|5 -3 5|94 94 25 58|0.9 107
6684 安格|半導體業|191 180 132|96 96 75 177|1.5 869
6689 伊雲谷|數位雲端|23 20 3|78 93 6 4|0.7 43
6690 安碁資訊|數位雲端|8 15 1|86 93 8 16|0.5 12
6691 洋基工程|其他電子|23 -4 -19|99 99 19 53|1.5 119
6693 廣閎科|半導體業|31 2 22|92 92 14 9|0.7 12
6695 芯鼎|半導體業|25 35 27|86 86 42 104|0.5 1039
6698 旭暉應材|其他電子|6 4 13|84 92 19 8|0.4 22
6703 軒郁|生技醫療|111 82 4|90 90 -2 30|0.8 35
6706 惠特|光電業|-51 -42 18|61 90 -4 -4|0.8 13
6712 長聖|生技醫療|61 47 19|98 98 10 12|3.4 81
6715 嘉基|電子零組|40 -3 15|100 100 43 63|1.8 109
6716 應廣|半導體業|208 177 126|81 81 -11 59|0.8 41
6719 力智|半導體業|28 -0 39|89 99 19 42|1.3 472
6732 昇佳電子|半導體業|110 82 45|90 90 2 43|2.1 436
6733 博晟生醫|生技醫療|199 166 -119|82 95 13 11|0.7 14
6735 美達科技|其他電子|266 189 183|86 86 64 70|3.1 28
6741 91APP*-KY|數位雲端|20 12 0|64 88 -7 -3|0.6 34
6743 安普新|其他電子|2 10 23|65 92 3 2|0.6 9
6752 叡揚|資訊服務|1 2 -9|75 90 -2 14|0.3 8
6753 龍德造船|航運業|-41 -9 -39|na 75 -6 -21|1.0 19
6754 匯僑設計|居家生活|98 42 39|93 98 11 19|0.8 5
6756 威鋒電子|半導體業|52 33 46|94 94 16 24|1.0 128
6757 台灣虎航|航運業|43 160 na|na 90 8 -2|1.0 14
6761 穩得|電子零組|35 9 14|85 95 9 1|2.8 6
6763 綠界科技*|數位雲端|17 5 -1|72 87 -4 1|0.9 17
6768 志強-KY|運動休閒|6 0 20|99 99 12 13|3.6 17
6770 力積電|半導體業|-9 -13 24|77 87 -9 -3|1.0 363
6776 展碁國際|電子通路|17 4 2|100 100 23 27|5.7 12
6781 AES-KY|電子零組|-9 -18 14|85 94 1 12|0.8 241
6782 視陽|生技醫療|23 12 22|71 98 37 62|1.2 196
6788 華景電|半導體業|35 -2 -4|91 99 13 16|2.6 54
6789 采鈺|半導體業|27 15 30|93 93 14 45|1.5 1518
6790 永豐實|造紙工業|31 9 2|98 98 12 18|1.2 10
6792 詠業|通信網路|19 -7 -5|79 79 -6 -1|1.6 9
6796 晉弘|生技醫療|25 7 -5|69 82 -9 -15|1.1 9
6799 來頡|半導體業|12 9 17|100 100 34 34|1.7 523
6803 崑鼎|綠能環保|8 -3 -11|92 93 -4 -4|1.0 8
6805 富世達|電子零組|171 89 na|na na 92 na|0.6 621
6806 森崴能源|綠能環保|70 191 -5|99 99 42 51|4.8 603
6811 宏碁資訊|數位雲端|66 25 16|87 100 34 23|1.1 261
6829 千附精密|半導體業|61 20 34|87 87 29 -11|5.3 32
6830 汎銓|其他電子|20 6 -5|80 82 9 -14|1.4 85
6835 圓裕|電子零組|-10 -4 12|96 96 24 24|1.7 39
6841 長佳智能|生技醫療|176 166 69|na 85 -14 -15|1.0 21
6863 永道-KY|通信網路|45 72 42|na 92 5 11|0.9 70
6869 雲豹能源|綠能環保|-41 -49 -65|na 98 28 49|1.5 35
6870 騰雲|數位雲端|6 5 na|na na -10 na|1.1 6
6873 泓德能源|綠能環保|-22 3 -49|na 96 42 51|1.6 96
6874 倍力|資訊服務|-3 44 23|62 86 6 4|0.4 8
6895 宏碩系統|半導體業|-22 -13 na|na 74 -4 -24|1.9 8
6901 鑽石投資|其他|-2507 -841 na|na na -14 na|1.8 41
6922 宸曜|電腦及週|48 1 na|na na 0 na|0.8 6
6933 AMAX-KY|電腦及週|-55 -16 na|na na -10 na|1.6 52
7402 邑錡|光電業|147 41 41|100 100 65 38|2.3 154
7556 意德士科技|半導體業|27 9 11|92 92 35 41|1.6 9
8011 台通|通信網路|41 57 31|98 98 24 35|0.9 153
8016 矽創|半導體業|56 34 30|98 98 3 19|1.0 181
8021 尖點|其他電子|8 -0 18|88 97 6 3|1.1 11
8024 佑華|半導體業|61 1 34|92 96 6 11|1.5 6
8027 鈦昇|電機機械|-1 -9 33|94 94 43 34|2.1 424
8028 昇陽半導體|半導體業|-6 -11 -18|84 95 3 -4|2.7 57
8033 雷虎|其他|39 1 8|68 79 -6 -19|1.2 41
8034 榮群|通信網路|301 167 -25|79 79 11 35|0.2 67
8039 台虹|電子零組|66 42 37|89 89 7 5|0.6 37
8040 九暘|半導體業|-34 -36 8|100 100 31 51|5.6 288
8044 網家|數位雲端|-1 -7 3|56 81 -12 -10|2.3 31
8046 南電|電子零組|-38 -47 -12|73 77 -12 -13|0.9 508
8048 德勝|通信網路|63 38 -32|72 79 2 -3|2.1 30
8049 晶采|光電業|-5 -32 -24|100 100 5 11|2.1 16
8050 廣積|電腦及週|-22 -27 -19|79 80 5 -15|1.6 224
8054 安國|半導體業|17 75 47|87 87 115 435|0.1 699
8059 凱碩|通信網路|-89 -59 -4|98 98 177 175|1.6 234
8064 東捷|光電業|-38 -44 -26|100 100 77 76|4.7 340
8068 全達|電子通路|230 67 61|79 79 0 32|0.3 27
8069 元太|光電業|-4 -23 -17|100 100 46 39|1.5 1896
8070 長華*|電子通路|5 -6 15|100 100 17 29|2.3 82
8071 能率網通|電子零組|12 -2 10|86 96 6 -1|0.2 5
8076 伍豐|電腦及週|-22 -16 -11|79 89 -1 -3|0.8 15
8081 致新|半導體業|19 5 4|92 92 -2 14|0.6 121
8083 瑞穎|電機機械|98 41 54|99 99 5 4|1.4 14
8084 巨虹|電子通路|-27 -21 2|82 91 10 24|1.0 39
8085 福華|其他電子|15 -14 -2|97 97 81 73|2.8 484
8086 宏捷科|半導體業|254 215 149|100 100 19 53|0.9 762
8087 麗升能源|綠能環保|9671 6584 4672|78 96 22 17|1.7 7
8088 品安|半導體業|-36 -28 -15|95 95 17 33|1.0 42
8089 康全電訊|通信網路|72 -23 16|100 100 151 401|0.5 246
8091 翔名|半導體業|27 4 8|98 98 21 20|3.4 42
8092 建暐|其他電子|-25 2 -5|98 98 110 104|4.5 6
8096 擎亞|電子通路|171 121 91|93 93 139 141|1.1 689
8097 常珵|通信網路|-99 -99 -17|97 97 23 19|2.3 35
8103 瀚荃|電子零組|36 13 24|98 98 17 21|0.9 17
8105 凌巨|光電業|-15 -17 -3|91 100 15 7|2.4 30
8109 博大|電子零組|3 -8 -18|86 89 1 -12|1.0 7
8110 華東|半導體業|15 4 23|95 95 13 25|0.9 102
8111 立碁|光電業|7 0 4|87 91 9 17|0.4 24
8112 至上|電子通路|118 82 71|88 88 18 30|0.5 272
8114 振樺電|電腦及週|-3 -9 6|100 100 15 25|4.1 21
8121 越峰|電子零組|38 7 19|79 94 -0 4|1.4 5
8131 福懋科|半導體業|8 -10 14|86 90 -8 -9|2.9 11
8147 正淩|電子零組|85 24 22|94 94 77 88|5.0 97
8150 南茂|半導體業|28 23 23|100 100 11 16|1.3 82
8155 博智|電子零組|8 9 21|81 86 10 7|0.4 100
8163 達方|電腦及週|-3 -8 2|96 96 7 27|1.0 50
8171 天宇|綠能環保|35 -19 12|65 96 0 7|1.7 10
8176 智捷|通信網路|40 20 -13|83 83 4 37|0.9 6
8183 精星|其他電子|28 6 5|85 85 -7 4|0.7 13
8201 無敵|其他電子|-39 -9 5|73 87 28 4|0.4 10
8210 勤誠|電腦及週|164 120 93|86 86 24 20|0.5 1792
8213 志超|電子零組|8 -7 -2|90 90 -3 -5|0.7 12
8215 明基材|光電業|26 5 -9|80 92 -3 -3|1.6 67
8222 寶一|電機機械|32 72 16|69 83 -1 -14|0.7 55
8227 巨有科技|半導體業|28 130 75|92 92 57 152|0.1 245
8234 新漢|電腦及週|-17 -30 -4|74 99 4 1|1.3 16
8255 朋程|電機機械|51 47 10|88 91 1 -1|0.6 60
8261 富鼎|半導體業|20 4 23|81 84 -8 7|0.4 53
8271 宇瞻|半導體業|25 9 16|99 99 29 41|5.7 30
8299 群聯|半導體業|77 46 52|99 99 37 54|1.7 1138
8341 日友|綠能環保|-10 -11 4|65 86 -12 -8|1.8 15
8349 恒耀國際|鋼鐵工業|48 28 15|96 96 4 11|0.6 9
8358 金居|電子零組|-19 -17 -1|84 84 -1 -13|0.8 93
8383 千附|半導體業|-0 -27 6|93 100 8 7|5.6 10
8390 金益鼎|綠能環保|26 16 12|86 94 2 3|0.5 15
8403 盛弘|生技醫療|19 20 23|75 94 -4 -4|1.0 5
8404 百和興業-KY|其他|104 35 50|76 90 -3 -6|1.3 15
8410 森田|電腦及週|25 26 4|89 89 36 28|0.2 13
8415 大國鋼|鋼鐵工業|-9 -11 -4|92 95 -1 2|0.7 7
8422 可寧衛*|綠能環保|-13 -23 -4|87 97 0 -2|1.0 30
8426 紅木-KY|其他|52 64 -14|80 80 7 33|0.6 33
8431 匯鑽科|其他電子|54 23 29|88 94 12 -2|1.1 19
8432 東生華|生技醫療|139 68 41|99 99 25 41|2.8 16
8433 弘帆|居家生活|32 30 15|98 100 9 24|1.0 8
8435 鉅邁|其他|-16 -14 -6|100 100 13 17|1.6 5
8436 大江|生技醫療|-12 -1 -8|70 83 -9 -3|0.5 67
8442 威宏-KY|其他|47 11 12|97 97 18 58|1.1 56
8446 華研|文化創意|23 74 35|73 97 7 12|0.6 16
8454 富邦媒|數位雲端|10 6 -1|53 80 -13 -18|3.4 402
8462 柏文|運動休閒|35 25 2|70 80 -3 -18|1.7 9
8464 億豐|居家生活|25 16 18|100 100 12 22|1.2 177
8467 波力-KY|運動休閒|87 45 22|94 94 23 157|1.5 97
8473 山林水|綠能環保|15 -10 -18|98 98 40 49|4.6 41
8478 東哥遊艇|運動休閒|49 34 18|59 91 1 -10|1.2 75
8489 三貝德|其他|20 12 2|95 95 22 36|0.6 14
8916 光隆|其他|5 -19 3|100 100 10 7|0.7 11
8924 大田|運動休閒|2 -29 -0|74 96 6 2|1.0 10
8926 台汽電|油電燃氣|55 -6 -52|90 97 19 10|6.2 77
8927 北基|油電燃氣|15 16 1|83 83 -4 -8|1.3 25
8930 青鋼|鋼鐵工業|95 47 20|96 96 30 52|0.9 76
8931 大汽電|油電燃氣|-10 -25 -27|74 97 21 28|3.8 9
8932 智通*|數位雲端|44 122 71|85 85 12 40|0.4 52
8936 國統|其他|79 53 34|98 98 57 127|1.5 1194
8938 明安|運動休閒|10 -21 7|69 95 6 -1|1.5 11
8940 新天地|觀光餐旅|41 32 -62|81 90 3 20|0.9 8
8942 森鉅|其他|5 -8 -11|96 99 1 1|1.2 13
8996 高力|電機機械|1 -0 -54|69 91 15 -7|1.6 1744
9802 鈺齊-KY|運動休閒|-13 -31 -6|82 82 -15 4|1.0 62
9904 寶成|運動休閒|-7 -1 7|92 96 -0 5|1.3 224
9906 欣巴巴|建材營造|-73 -70 -101|99 99 30 31|1.3 39
9907 統一實|其他|50 11 21|80 89 -4 -10|1.1 20
9910 豐泰|運動休閒|16 6 14|82 82 -7 -2|0.8 138
9911 櫻花|居家生活|32 13 7|100 100 13 20|1.0 14
9914 美利達|運動休閒|-31 -48 -22|95 99 15 9|1.8 135
9917 中保科|其他|11 10 -2|94 94 -5 11|0.3 32
9919 康那香|其他|8 -8 -0|73 73 12 34|0.3 55
9921 巨大|運動休閒|-18 -24 -8|87 100 17 5|1.1 306
9924 福興|居家生活|8 16 17|96 96 6 21|0.9 31
9925 新保|其他|7 1 -0|99 99 -1 0|1.3 10
9927 泰銘|其他|57 36 24|100 100 9 38|1.1 28
9933 中鼎|其他|26 14 4|99 99 1 11|1.2 52
9934 成霖|居家生活|5 -9 -2|97 97 11 7|0.6 18
9935 慶豐富|居家生活|2 3 14|95 95 19 32|0.7 7
9938 百和|其他|68 31 41|89 89 -6 19|0.7 50
9939 宏全|其他|21 11 1|100 100 24 41|0.8 150
9941 裕融|其他|13 9 -5|84 87 -11 -7|1.5 124
9942 茂順|其他|21 2 -17|88 93 0 -6|1.3 28
9943 好樂迪|觀光餐旅|-34 -17 -34|89 96 -1 3|1.4 14
9945 潤泰新|其他|74 9 5|75 91 1 -1|0.8 133
9946 三發地產|建材營造|-87 111 84|100 100 15 61|1.6 14
9950 萬國通|塑膠工業|-12 -18 -52|70 70 -24 9|0.4 6
9951 皇田|電機機械|21 5 -7|91 91 -4 1|1.1 7
9958 世紀鋼|鋼鐵工業|88 83 15|100 100 56 66|1.1 1243