# 2024-04-01 全池(1276 檔)。欄位:代碼 名稱|產業|最新月YoY 3月YoY均 加速度|距52週高% 距120日高% 60日漲% 120日漲%|量能比 日均值M
1101 台泥|水泥工業|-34 -20 -13|82 92 -7 -3|1.0 496
1102 亞泥|水泥工業|-42 -11 0|97 98 1 4|0.9 192
1103 嘉泥|水泥工業|-5 15 -11|78 90 -8 -6|1.3 6
1104 環泥|水泥工業|-19 6 -4|98 98 8 23|1.0 49
1108 幸福|水泥工業|-21 14 -9|89 98 1 11|1.6 19
1109 信大|水泥工業|-45 7 6|100 100 6 9|1.5 9
1201 味全|食品工業|16 17 7|92 97 -1 3|0.9 7
1210 大成|食品工業|-12 -6 -4|94 96 0 8|0.6 114
1215 卜蜂|食品工業|-10 -6 -7|100 100 16 19|1.8 70
1216 統一|食品工業|18 19 5|98 98 4 9|2.1 823
1217 愛之味|食品工業|5 0 -3|81 96 1 -3|1.1 12
1218 泰山|食品工業|-6 -2 -2|69 97 -1 -1|0.9 22
1219 福壽|食品工業|-20 -13 -7|90 94 -3 -6|0.8 7
1220 台榮|食品工業|6 22 19|89 99 7 10|3.0 5
1227 佳格|食品工業|-7 5 3|95 96 -1 2|1.5 16
1229 聯華|食品工業|-3 28 15|98 98 3 9|0.7 88
1231 聯華食|食品工業|19 6 3|100 100 13 12|1.1 27
1232 大統益|食品工業|-23 -13 -5|99 100 2 4|1.4 9
1234 黑松|食品工業|16 2 -6|100 100 3 8|1.0 6
1268 漢來美食|觀光餐旅|75 28 -15|86 97 5 -0|0.7 15
1301 台塑|塑膠工業|-27 -5 10|79 86 -10 -11|1.1 577
1303 南亞|塑膠工業|-23 -13 9|74 83 -13 -14|1.1 517
1304 台聚|塑膠工業|-21 -10 8|62 79 -18 -21|1.4 28
1305 華夏|塑膠工業|-36 -26 -6|70 77 -17 -25|1.3 28
1307 三芳|塑膠工業|-30 -1 7|100 100 13 12|2.0 21
1308 亞聚|塑膠工業|-12 -3 21|67 79 -17 -20|1.0 19
1309 台達化|塑膠工業|-10 9 18|75 88 -5 -11|0.9 10
1310 台苯|塑膠工業|23 20 28|77 81 -14 -15|0.6 12
1312 國喬|塑膠工業|-18 -8 5|67 83 -10 -17|0.9 29
1313 聯成|塑膠工業|-42 25 15|78 83 -11 -8|0.8 20
1316 上曜|建材營造|-73 -18 35|76 76 54 96|0.9 601
1319 東陽|汽車工業|-17 20 6|97 97 63 57|1.7 1302
1325 恆大|塑膠工業|-20 2 21|62 62 -26 30|0.2 21
1326 台化|塑膠工業|-8 0 10|81 86 -9 -9|1.1 248
1339 昭輝|汽車工業|-28 8 3|94 94 9 16|0.6 28
1342 八貫|其他|43 3 3|88 99 20 38|2.3 127
1402 遠東新|紡織纖維|-1 11 11|100 100 7 16|0.7 155
1409 新纖|紡織纖維|1 15 20|93 93 3 3|0.4 45
1414 東和|紡織纖維|-20 4 13|92 92 9 10|0.9 9
1416 廣豐|其他|13 47 13|88 88 3 18|0.7 12
1432 大魯閣|運動休閒|28 5 -12|75 75 -2 12|0.6 18
1434 福懋|紡織纖維|-12 -10 7|84 87 -11 -12|0.8 30
1436 華友聯|建材營造|428 135 -431|96 96 43 72|2.1 26
1437 勤益控|其他|4 7 -3|98 98 8 14|1.4 7
1438 三地開發|建材營造|-100 -100 na|94 94 53 65|0.7 13
1440 南紡|紡織纖維|-37 -20 -7|91 91 -2 6|1.7 18
1442 名軒|建材營造|66 2373 -17506|100 100 20 26|1.7 44
1445 大宇|紡織纖維|-51 -27 -13|80 80 5 2|1.0 21
1446 宏和|紡織纖維|5001 2628 1922|85 86 -8 -12|0.9 5
1449 佳和|紡織纖維|-8 72 45|75 75 -7 22|0.4 14
1455 集盛|紡織纖維|11 46 44|98 98 35 55|1.7 87
1456 怡華|建材營造|413 154 -41|81 81 15 16|0.3 6
1457 宜進|紡織纖維|-5 7 24|100 100 13 20|2.5 22
1471 首利|電子零組|-58 9 -8|68 76 -6 -23|0.5 19
1472 三洋實業|建材營造|60 105 -7|84 84 14 71|0.8 11
1473 台南|紡織纖維|73 28 32|96 96 6 17|1.2 13
1476 儒鴻|紡織纖維|9 12 23|91 91 -3 11|0.9 274
1477 聚陽|紡織纖維|3 16 12|96 96 13 16|1.8 632
1503 士電|電機機械|9 12 8|96 96 169 166|0.4 4095
1504 東元|電機機械|-9 -1 -2|95 97 21 8|2.5 1365
1513 中興電|電機機械|-6 10 -4|95 95 52 65|1.2 10332
1514 亞力|電機機械|-5 20 0|92 92 40 110|0.8 3017
1515 力山|電機機械|295 234 104|84 84 -2 17|0.5 62
1517 利奇|電機機械|-69 -45 15|85 91 3 8|0.7 13
1519 華城|電機機械|162 178 56|94 94 135 173|0.1 696
1522 堤維西|汽車工業|10 8 6|100 100 49 36|1.7 384
1524 耿鼎|汽車工業|6 31 14|98 98 13 42|1.2 224
1526 日馳|電機機械|-57 -60 -1|83 92 3 2|0.5 8
1527 鑽全|電機機械|12 4 24|100 100 3 8|1.9 13
1528 恩德|電機機械|-20 -4 -2|72 79 9 7|0.2 16
1529 樂事綠能|電機機械|-36 42 -139|72 93 7 4|1.4 94
1532 勤美|電機機械|42 73 34|89 89 -9 6|1.1 57
1533 車王電|汽車工業|-24 -24 -46|70 84 -11 -15|0.9 7
1535 中宇|電機機械|44 31 14|97 97 33 40|1.5 47
1536 和大|汽車工業|-15 -11 1|72 78 -12 -17|0.6 61
1537 廣隆|電機機械|44 25 27|100 100 7 7|1.4 19
1540 喬福|電機機械|18 54 29|94 98 8 9|2.0 9
1558 伸興|電機機械|-10 13 -3|87 87 -7 -9|0.9 12
1560 中砂|電機機械|-3 4 9|98 98 43 75|1.3 1015
1565 精華|生技醫療|-21 2 11|77 93 0 -1|0.6 28
1568 倉佑|汽車工業|-22 -17 1|80 80 -7 7|0.5 15
1569 濱川|電腦及週|-45 -35 -10|96 96 8 9|0.4 5
1570 力肯|電機機械|-45 -15 21|99 99 57 68|0.8 13
1580 新麥|電機機械|-17 25 6|98 98 9 26|0.8 18
1582 信錦|電子零組|-7 26 23|94 94 12 39|1.4 435
1584 精剛|其他|-19 4 -44|85 93 -2 -5|2.7 55
1587 吉茂|汽車工業|-21 -8 8|100 100 44 36|5.7 23
1589 永冠-KY|電機機械|-63 -23 -13|61 81 -1 -2|0.4 76
1590 亞德客-KY|電機機械|-40 24 6|94 95 13 17|0.8 654
1591 駿吉-KY|電機機械|50 55 109|96 96 20 56|1.0 40
1597 直得|電機機械|-33 -24 11|90 90 12 12|5.0 33
1598 岱宇|運動休閒|-22 -11 -17|69 82 -13 -10|0.6 5
1603 華電|電器電纜|-7 27 1|91 91 13 19|6.6 70
1604 聲寶|電器電纜|7 1 1|90 100 3 5|1.3 15
1605 華新|電器電纜|-34 -17 -16|73 93 -2 1|1.7 520
1608 華榮|電器電纜|5 5 10|98 98 40 44|5.7 378
1609 大亞|電器電纜|-4 19 16|94 94 25 11|2.3 1046
1611 中電|電器電纜|-21 -3 9|81 97 2 4|3.1 11
1612 宏泰|電器電纜|-1 2 1|98 98 12 12|3.7 88
1615 大山|電器電纜|53 35 13|96 96 32 50|1.4 41
1616 億泰|電器電纜|25 19 5|93 93 59 95|3.2 88
1618 合機|電器電纜|-12 52 -26|95 95 21 22|2.6 274
1701 中化|生技醫療|1 -0 -3|85 88 -7 -1|1.0 14
1702 南僑|食品工業|-5 10 -2|100 100 15 19|1.3 45
1707 葡萄王|生技醫療|-2 8 5|86 99 4 3|1.7 49
1708 東鹼|化學工業|-22 -0 22|78 89 -5 -0|0.9 17
1709 和益|化學工業|19 19 21|78 92 -6 -7|0.8 13
1710 東聯|化學工業|-16 11 9|77 89 -10 -5|0.6 17
1711 永光|化學工業|-26 3 10|90 92 2 4|0.4 25
1712 興農|化學工業|-4 -3 12|98 98 9 14|0.5 65
1713 國化|化學工業|-34 25 30|97 97 13 36|1.7 5
1717 長興|化學工業|-26 10 17|92 96 10 12|0.6 53
1720 生達|生技醫療|-2 8 1|89 95 1 0|0.8 28
1721 三晃|化學工業|-10 -10 11|80 80 -1 13|0.5 15
1722 台肥|化學工業|-11 -13 -16|92 92 -5 7|1.0 131
1723 中碳|化學工業|-23 -18 5|96 96 0 5|3.3 132
1725 元禎|化學工業|-23 -2 10|89 89 69 81|4.4 28
1727 中華化|化學工業|-18 -16 6|71 89 4 3|1.3 24
1731 美吾華|生技醫療|24 28 14|96 96 18 30|1.9 19
1732 毛寶|化學工業|8 10 10|77 77 -10 17|0.1 6
1733 五鼎|生技醫療|-4 0 19|80 80 -20 27|0.3 21
1734 杏輝|生技醫療|-2 10 4|97 100 7 14|1.7 44
1736 喬山|運動休閒|18 16 -2|89 90 4 -5|0.9 42
1737 臺鹽|食品工業|-21 -6 1|90 98 -1 1|1.0 8
1752 南光|生技醫療|-18 -4 -13|60 78 -11 -17|0.8 12
1760 寶齡富錦|生技醫療|15 29 37|60 91 2 8|2.8 64
1762 中化生|生技醫療|-69 -54 -30|49 80 -13 -17|0.9 16
1773 勝一|化學工業|-6 10 17|94 94 34 39|2.3 341
1783 和康生|生技醫療|-11 -5 -9|69 81 -3 -18|0.7 7
1784 訊聯|生技醫療|15 25 5|86 93 8 -5|0.6 13
1785 光洋科|其他電子|-8 26 23|97 97 24 33|2.6 507
1786 科妍|生技醫療|108 81 36|100 100 38 28|3.1 49
1789 神隆|生技醫療|60 32 26|81 99 4 -0|3.3 30
1795 美時|生技醫療|-3 1 -21|91 99 17 29|1.7 1605
1799 易威|生技醫療|36 102 29|100 100 71 231|0.8 17
1802 台玻|玻璃陶瓷|-25 8 -1|77 89 -8 -9|0.7 47
1805 寶徠|建材營造|23 -8 -149|95 95 38 24|1.0 6
1808 潤隆|建材營造|-91 -64 -10332|95 95 21 34|4.6 426
1809 中釉|玻璃陶瓷|-17 22 24|77 77 74 83|1.0 99
1810 和成|玻璃陶瓷|-21 9 7|63 90 -5 -10|1.8 15
1815 富喬|電子零組|-32 -28 3|93 93 26 22|1.3 469
1903 士紙|造紙工業|-0 5 -2|77 98 1 4|2.1 10
1904 正隆|造紙工業|-18 5 6|83 96 -2 2|1.4 25
1905 華紙|造紙工業|-25 3 13|73 93 -2 4|1.5 69
1907 永豐餘|造紙工業|-22 7 10|77 86 -8 -7|1.4 43
1909 榮成|造紙工業|-27 3 11|83 98 1 2|1.5 24
2002 中鋼|鋼鐵工業|-7 3 16|79 89 -11 -5|0.7 437
2006 東和鋼鐵|鋼鐵工業|-17 15 7|93 93 3 21|0.8 202
2007 燁興|鋼鐵工業|-13 -5 16|74 74 -25 5|0.5 5
2009 第一銅|鋼鐵工業|-20 19 18|100 100 25 36|2.7 266
2010 春源|鋼鐵工業|-15 15 21|100 100 3 14|1.5 16
2013 中鋼構|鋼鐵工業|5 -6 -3|98 98 13 16|1.7 15
2014 中鴻|鋼鐵工業|-5 14 16|79 79 -17 -1|0.6 82
2015 豐興|鋼鐵工業|-34 7 11|99 99 3 7|1.0 17
2017 官田鋼|鋼鐵工業|20 22 26|80 87 -8 3|0.6 9
2020 美亞|鋼鐵工業|-50 1 -4|100 100 19 36|1.3 62
2022 聚亨|鋼鐵工業|-3 11 14|71 83 -13 -10|1.2 12
2023 燁輝|鋼鐵工業|17 19 21|81 81 -17 -1|0.5 23
2025 千興|鋼鐵工業|-64 196 -36|80 80 41 33|0.6 45
2027 大成鋼|鋼鐵工業|-12 -16 -2|90 92 -8 -1|1.6 225
2028 威致|鋼鐵工業|-23 -0 14|93 93 -6 8|0.7 5
2029 盛餘|鋼鐵工業|9 35 19|94 94 -3 22|1.5 13
2030 彰源|鋼鐵工業|-43 -3 14|81 88 -11 -1|1.1 7
2031 新光鋼|鋼鐵工業|-22 19 16|92 92 1 31|0.5 178
2034 允強|鋼鐵工業|-29 -10 -2|89 92 -8 -8|0.8 13
2038 海光|鋼鐵工業|-33 10 19|78 78 -22 3|0.4 7
2049 上銀|電機機械|-15 6 15|97 97 17 35|3.9 642
2059 川湖|電子零組|68 46 55|86 86 39 52|0.4 1862
2062 橋椿|居家生活|-3 58 44|96 96 15 32|1.4 16
2065 世豐|鋼鐵工業|-30 -11 2|98 98 6 18|0.7 14
2066 世德|電機機械|2 0 4|95 95 10 18|0.9 33
2070 精湛|電機機械|21 61 43|96 96 20 32|4.8 5
2101 南港|橡膠工業|-4 15 3|89 89 -0 6|0.8 86
2103 台橡|橡膠工業|3 10 14|86 95 -4 -1|1.1 25
2104 國際中橡|橡膠工業|-15 -10 12|76 86 -11 -14|0.8 27
2105 正新|橡膠工業|-21 6 5|100 100 12 17|1.5 242
2106 建大|橡膠工業|-11 4 11|100 100 4 9|2.0 26
2107 厚生|橡膠工業|-21 -11 7|100 100 4 7|1.3 8
2108 南帝|橡膠工業|-25 -1 14|84 88 -9 -6|1.4 12
2109 華豐|橡膠工業|-6 6 14|100 100 20 26|1.5 20
2114 鑫永銓|橡膠工業|-26 -2 10|99 100 2 2|1.9 7
2201 裕隆|汽車工業|4 11 2|77 80 -6 -18|0.6 248
2204 中華|汽車工業|11 35 1|99 99 16 35|0.5 382
2206 三陽工業|汽車工業|-8 16 -9|79 96 6 -3|0.8 389
2207 和泰車|汽車工業|-18 11 -5|78 92 -6 0|0.7 171
2208 台船|航運業|-27 -30 -37|70 88 -8 -14|0.9 79
2211 長榮鋼|鋼鐵工業|-5 31 19|95 95 21 76|0.9 301
2227 裕日車|汽車工業|-12 7 -18|67 69 -30 -30|1.3 18
2228 劍麟|汽車工業|11 19 4|99 100 14 11|2.0 46
2230 泰茂|居家生活|78 156 91|95 95 6 86|0.7 174
2231 為升|汽車工業|-19 -1 -11|67 84 -11 -14|1.0 42
2233 宇隆|汽車工業|-8 18 12|87 87 -4 14|0.7 40
2236 百達-KY|汽車工業|5 1 -27|86 86 5 -8|1.4 71
2241 艾姆勒|汽車工業|5 17 -21|93 98 25 0|2.0 104
2243 宏旭-KY|汽車工業|108 44 36|62 72 -20 -1|0.1 6
2247 汎德永業|汽車工業|-26 6 -9|92 100 7 4|0.8 25
2250 IKKA-KY|汽車工業|2 17 9|91 91 25 63|1.6 29
2254 巨鎧精密-創|汽車工業|-44 -11 na|na na 3 na|1.5 19
2258 鴻華先進-創|汽車工業|1750 934 na|na na -2 na|0.5 13
2301 光寶科|電腦及週|-25 -13 1|65 81 -13 -16|1.9 2877
2302 麗正|半導體業|-28 -14 3|79 86 -6 0|0.5 7
2303 聯電|半導體業|3 -6 12|97 97 2 14|1.0 4321
2305 全友|電腦及週|33 97 68|84 84 12 9|0.6 28
2308 台達電|電子零組|-7 -1 -5|90 93 8 3|1.2 4275
2312 金寶|其他電子|-23 -21 -7|86 91 -7 -1|0.5 56
2313 華通|電子零組|8 8 15|96 96 9 49|0.8 2153
2314 台揚|通信網路|-66 -70 -29|66 81 -10 -9|1.9 40
2316 楠梓電|電子零組|-21 -2 20|92 99 16 10|1.7 239
2317 鴻海|其他電子|-12 -20 -9|97 97 45 45|2.0 23645
2323 中環|光電業|6 11 9|81 96 8 2|1.1 168
2324 仁寶|電腦及週|-14 -5 1|94 94 -3 23|0.8 1122
2327 國巨*|電子零組|-1 5 13|98 98 4 18|1.8 1480
2328 廣宇|電子零組|-45 -23 -16|82 93 2 -4|6.1 128
2329 華泰|半導體業|21 32 15|80 80 19 57|0.3 1469
2330 台積電|半導體業|11 4 8|98 98 32 49|0.6 36042
2331 精英|電腦及週|-28 -22 12|79 94 1 7|0.9 97
2332 友訊|通信網路|-15 -17 -6|72 91 -5 -7|0.5 39
2337 旺宏|半導體業|-16 -20 12|78 83 -12 -14|0.8 186
2338 光罩|半導體業|-4 17 19|73 89 -2 2|0.8 71
2340 台亞|半導體業|8 21 21|72 80 -14 -15|0.7 64
2342 茂矽|半導體業|-21 -23 6|70 91 -6 -6|0.8 16
2344 華邦電|半導體業|8 13 22|89 89 -5 10|0.6 526
2345 智邦|通信網路|-13 -9 -13|81 81 -10 -7|0.7 2270
2347 聯強|電子通路|8 20 20|95 95 8 18|1.0 376
2348 海悅|其他|254 411 294|100 100 44 80|1.0 64
2351 順德|半導體業|-20 -6 0|73 80 -14 -8|0.7 54
2352 佳世達|電腦及週|-12 -5 7|75 90 -3 -2|1.2 879
2353 宏碁|電腦及週|10 8 11|85 85 -8 28|0.5 1287
2354 鴻準|其他電子|-65 -66 -44|98 98 22 11|4.4 1887
2355 敬鵬|電子零組|2 6 7|86 86 -5 21|0.4 207
2356 英業達|電腦及週|2 10 12|82 96 15 20|1.4 2851
2357 華碩|電腦及週|1 8 10|86 86 -10 15|0.6 1531
2359 所羅門|其他電子|10 8 18|100 100 102 115|3.8 258
2360 致茂|其他電子|-14 3 18|86 89 22 -8|0.6 767
2362 藍天|電腦及週|-14 5 -24|86 86 11 30|0.2 85
2363 矽統|半導體業|-12 3 -31|66 66 -16 2|0.4 313
2364 倫飛|電腦及週|-19 0 -14|61 61 -20 -2|0.3 18
2365 昆盈|電腦及週|4 22 25|81 81 39 78|0.6 153
2367 燿華|電子零組|18 16 24|97 97 34 42|1.5 1604
2368 金像電|電子零組|39 36 33|89 89 14 12|0.8 2187
2369 菱生|半導體業|4 11 6|88 88 11 38|0.3 114
2371 大同|電機機械|7 17 -29|98 98 34 27|3.4 1787
2373 震旦行|其他電子|-28 -8 -4|96 97 -3 -2|1.4 9
2374 佳能|光電業|21 26 25|98 98 5 11|0.9 53
2375 凱美|電子零組|-23 7 17|81 81 -11 -5|1.4 21
2376 技嘉|電腦及週|38 64 18|84 84 21 13|0.7 6470
2377 微星|電腦及週|5 9 -1|83 83 -13 3|0.6 706
2379 瑞昱|半導體業|26 31 31|93 93 17 42|0.9 3046
2382 廣達|電腦及週|1 -10 3|96 96 31 18|1.8 9487
2383 台光電|電子零組|59 74 48|73 73 6 -7|0.7 3768
2385 群光|電子零組|-3 -1 10|83 83 16 85|2.0 3172
2387 精元|電腦及週|-9 11 12|98 98 10 37|0.9 128
2388 威盛|半導體業|-20 47 4|75 75 -16 11|1.4 784
2390 云辰|其他電子|-23 -5 -11|75 75 -9 3|0.3 8
2392 正崴|電子零組|-11 -0 5|91 91 -3 15|2.7 106
2393 億光|光電業|8 9 13|100 100 12 15|0.9 105
2395 研華|電腦及週|-26 -17 -8|98 98 10 16|0.7 422
2399 映泰|電腦及週|-24 -5 -11|84 88 -4 0|0.4 37
2401 凌陽|半導體業|-18 14 16|77 77 -17 -2|0.6 83
2402 毅嘉|電子零組|7 10 -3|76 87 -1 -11|1.7 92
2404 漢唐|其他電子|-32 -16 -62|93 93 46 71|3.1 1484
2405 輔信|電腦及週|5 9 6|91 91 1 18|0.5 111
2406 國碩|光電業|41 54 77|91 96 15 25|1.6 56
2408 南亞科|半導體業|51 39 57|87 87 -11 6|1.0 1047
2409 友達|光電業|24 20 4|89 95 1 11|0.5 518
2412 中華電|通信網路|4 4 1|100 100 6 9|1.5 874
2413 環科|電子零組|-56 -26 -16|65 86 -9 -4|0.7 8
2414 精技|電子通路|-18 -8 -1|100 100 5 9|1.0 5
2415 錩新|電子零組|4 20 8|87 97 5 6|3.5 5
2417 圓剛|電腦及週|6 7 16|84 84 25 64|1.9 214
2419 仲琦|通信網路|-33 -30 -2|62 84 -10 -6|0.5 45
2420 新巨|電子零組|-9 -7 10|99 99 11 17|0.9 25
2421 建準|電子零組|-29 2 5|89 97 26 15|1.5 1426
2423 固緯|其他電子|-26 -3 -6|93 93 12 16|0.3 14
2425 承啟|電腦及週|-26 3 -11|76 86 -10 1|0.6 40
2426 鼎元|光電業|-11 17 15|84 90 -4 1|0.6 11
2427 三商電|資訊服務|-58 -0 -1|76 80 -5 -7|0.6 18
2428 興勤|電子零組|-24 -7 -2|96 96 7 16|0.7 92
2430 燦坤|電子通路|2 -9 1|87 97 1 0|0.9 11
2431 聯昌|電子零組|-51 -20 19|91 91 17 20|0.5 11
2436 偉詮電|半導體業|-3 22 4|80 80 -9 -6|0.3 55
2439 美律|通信網路|7 14 8|100 100 8 47|1.4 223
2440 太空梭|電子零組|-54 73 55|86 95 9 7|0.8 5
2441 超豐|半導體業|7 22 23|97 97 3 13|0.9 83
2442 新美齊|建材營造|624 4864 3575|93 93 8 41|0.9 61
2444 兆勁|通信網路|-36 -25 -24|65 81 -13 -7|1.3 6
2449 京元電子|半導體業|1 2 9|88 88 23 36|0.5 2187
2450 神腦|通信網路|0 -8 -7|97 97 1 9|0.7 8
2451 創見|半導體業|-0 16 21|99 99 10 22|1.2 90
2453 凌群|資訊服務|22 14 5|80 94 9 22|1.4 142
2454 聯發科|半導體業|27 46 48|94 94 19 62|0.8 8198
2455 全新|通信網路|168 126 73|91 91 6 16|0.6 659
2457 飛宏|電子零組|-18 -9 0|66 86 -7 -7|0.5 142
2458 義隆|半導體業|26 36 22|96 96 1 25|0.9 310
2459 敦吉|其他電子|-10 -10 -4|98 98 10 21|1.0 6
2460 建通|電子零組|-37 29 24|82 82 20 35|0.2 53
2461 光群雷|其他電子|2 1 10|85 91 1 -0|1.0 26
2462 良得電|電子零組|-42 -11 3|81 84 -8 -9|0.6 22
2464 盟立|其他電子|-45 -32 -9|98 98 32 24|3.6 355
2465 麗臺|電腦及週|6 31 22|77 77 79 233|1.1 418
2467 志聖|電子零組|-12 -5 22|92 92 121 191|0.7 469
2468 華經|資訊服務|37 7 -6|70 84 1 -3|3.8 11
2471 資通|資訊服務|-15 -2 -1|92 97 10 10|0.7 51
2472 立隆電|電子零組|-26 7 15|100 100 6 28|1.5 55
2474 可成|其他電子|-7 -11 7|95 95 9 19|1.9 650
2476 鉅祥|電子零組|-19 -3 9|88 88 4 54|0.5 189
2478 大毅|電子零組|-31 -0 2|94 94 1 3|2.0 8
2480 敦陽科|資訊服務|1 2 -5|98 98 8 13|0.7 32
2481 強茂|半導體業|-11 6 4|75 82 -16 -10|0.9 77
2482 連宇|其他電子|-78 -68 -64|46 75 -17 -24|0.8 24
2484 希華|電子零組|-14 -12 13|94 94 5 8|0.3 24
2485 兆赫|通信網路|-55 -32 -18|72 86 -3 -12|0.5 37
2486 一詮|光電業|-17 17 13|100 100 50 43|1.0 1907
2488 漢平|其他電子|53 20 31|99 99 15 29|1.1 25
2489 瑞軒|光電業|6 25 13|86 86 12 15|0.3 39
2492 華新科|電子零組|-9 6 8|88 88 1 21|2.9 277
2493 揚博|電子零組|-5 -1 0|100 100 21 32|1.7 31
2495 普安|電腦及週|-13 -8 1|81 87 6 13|0.4 25
2496 卓越|其他|9 15 4|99 99 20 37|0.9 8
2497 怡利電|汽車工業|28 17 4|68 79 -14 -18|0.7 17
2498 宏達電|通信網路|-39 -4 -6|74 88 -6 0|0.4 178
2501 國建|建材營造|86 89 58|100 100 27 46|1.4 57
2504 國產|建材營造|-19 10 9|100 100 34 53|0.9 187
2505 國揚|建材營造|-64 -10 49|100 100 24 56|2.5 20
2511 太子|建材營造|-50 -22 -0|90 94 -5 -0|1.4 24
2514 龍邦|其他|147 281 118|82 91 -4 -5|1.7 9
2515 中工|建材營造|-12 19 -15|100 100 9 34|2.4 278
2516 新建|建材營造|9 16 -13|81 81 -10 67|0.6 20
2520 冠德|建材營造|-33 -7 -2|100 100 9 28|2.1 92
2524 京城|建材營造|114 60 15|100 100 44 49|1.8 16
2527 宏璟|建材營造|706 420 198|100 100 57 93|2.2 50
2528 皇普|建材營造|-100 -100 -32058|100 100 39 63|1.4 34
2530 華建|建材營造|18229 70897 53216|100 100 29 69|1.2 73
2534 宏盛|建材營造|-73 -79 -13|100 100 10 17|2.0 15
2535 達欣工|建材營造|-5 7 17|100 100 31 45|1.6 26
2536 宏普|建材營造|297 6967 4720|100 100 3 17|2.1 6
2537 聯上發|建材營造|240 130 -5866|100 100 44 58|3.3 29
2538 基泰|建材營造|-43 6 -5|87 87 -7 2|1.5 20
2539 櫻花建|建材營造|-44 na na|100 100 49 73|1.1 90
2540 愛山林|建材營造|72 117 7|100 100 19 26|1.7 46
2542 興富發|建材營造|-39 -69 -557|96 96 0 2|1.9 127
2543 皇昌|建材營造|-19 31 -4|85 85 68 199|0.5 206
2545 皇翔|建材營造|-60 16 24|100 100 4 15|1.5 11
2546 根基|建材營造|-29 -9 -8|99 99 10 19|1.0 13
2547 日勝生|建材營造|-1 38 7|99 99 2 18|1.9 24
2548 華固|建材營造|-100 361 -178|100 100 32 42|2.1 194
2596 綠意|建材營造|-46 148 -13716|99 99 40 45|1.0 5
2597 潤弘|建材營造|-15 12 15|100 100 38 58|1.7 88
2603 長榮|航運業|62 17 55|88 88 14 44|1.5 8621
2605 新興|航運業|3 0 -2|83 83 -6 2|0.3 130
2606 裕民|航運業|23 40 28|94 94 2 12|0.5 312
2607 榮運|航運業|40 35 29|88 88 -2 10|0.3 62
2608 嘉里大榮|航運業|-12 5 7|100 100 1 5|0.8 10
2609 陽明|航運業|26 0 47|76 76 -15 -3|0.3 1205
2610 華航|航運業|28 16 -8|71 87 -11 -8|0.6 354
2611 志信|航運業|17 58 52|96 96 42 83|0.6 137
2612 中航|航運業|9 7 13|74 74 -16 -2|0.2 32
2614 東森|其他|10 2 3|56 84 -9 -9|1.4 15
2615 萬海|航運業|21 -3 42|69 74 -20 -8|0.4 296
2616 山隆|油電燃氣|-25 -10 2|88 90 -7 -10|2.0 7
2617 台航|航運業|13 9 6|96 96 4 18|0.4 56
2618 長榮航|航運業|29 24 -18|80 97 2 9|0.8 1483
2630 亞航|航運業|12 27 8|61 99 2 2|2.8 34
2633 台灣高鐵|航運業|21 9 -27|93 98 -1 1|0.9 106
2634 漢翔|航運業|-14 8 -16|85 99 3 -1|3.0 253
2636 台驊控股|航運業|40 28 51|95 95 5 26|0.4 162
2637 慧洋-KY|航運業|44 28 46|94 94 10 21|0.7 277
2640 大車隊|數位雲端|17 16 1|85 98 7 8|0.6 15
2641 正德|航運業|64 52 43|85 85 -8 11|0.4 59
2643 捷迅|航運業|-9 16 36|95 95 -3 5|0.5 6
2645 長榮航太|航運業|9 16 -9|82 99 2 4|2.4 136
2704 國賓|觀光餐旅|28 -13 -5|94 94 23 18|7.1 20
2705 六福|觀光餐旅|24 7 -44|70 94 2 8|1.5 6
2707 晶華|觀光餐旅|15 4 -17|72 93 4 6|0.5 55
2722 夏都|觀光餐旅|14 -21 -13|51 76 -8 6|0.7 7
2723 美食-KY|觀光餐旅|-11 -10 -12|58 86 -6 -12|0.4 60
2727 王品|觀光餐旅|11 3 -17|74 91 0 -6|0.5 159
2729 瓦城|觀光餐旅|47 9 -16|81 96 2 -3|0.7 32
2731 雄獅|觀光餐旅|115 105 -551|71 88 -1 8|0.8 177
2732 六角|觀光餐旅|-7 -1 2|70 92 12 14|0.5 33
2734 易飛網|觀光餐旅|127 114 -267|49 72 -13 -5|0.7 5
2739 寒舍|觀光餐旅|18 11 -36|61 78 -15 30|0.4 25
2743 山富|觀光餐旅|218 158 -835|65 79 -7 11|0.6 32
2745 五福|觀光餐旅|198 194 -2395|69 82 -4 17|0.5 12
2748 雲品|觀光餐旅|14 10 -6|61 80 -9 -1|0.2 27
2753 八方雲集|觀光餐旅|7 12 3|81 95 0 -4|0.8 37
2754 亞洲藏壽司|觀光餐旅|36 21 -8|51 79 -12 -21|0.7 8
2801 彰銀|金融保險|-2 3 -8|99 99 2 6|1.3 204
2809 京城銀|金融保險|4 12 -146|99 99 32 40|1.1 190
2812 台中銀|金融保險|13 19 3|97 97 7 17|0.5 104
2816 旺旺保|金融保險|16 14 -6|74 74 -21 10|0.6 43
2820 華票|金融保險|-25 -4 -112|98 98 1 6|0.9 16
2832 台產|金融保險|12 13 -1|93 93 1 14|0.6 11
2834 臺企銀|金融保險|-6 4 -6|97 97 18 22|1.3 550
2836 高雄銀|金融保險|10 5 3|99 99 -0 3|1.3 60
2838 聯邦銀|金融保險|7 5 -10|96 98 7 15|1.0 34
2845 遠東銀|金融保險|9 2 -9|99 99 13 24|0.7 130
2850 新產|金融保險|7 8 2|99 99 24 40|1.2 48
2851 中再保|金融保險|21 11 2|100 100 10 8|1.8 54
2852 第一保|金融保險|9 11 4|99 99 8 19|1.2 14
2855 統一證|金融保險|163 120 55|100 100 30 35|2.1 125
2880 華南金|金融保險|4 16 5|100 100 5 13|1.2 295
2881 富邦金|金融保險|245 189 125|98 98 8 14|0.7 1175
2882 國泰金|金融保險|187 92 26|100 100 8 10|0.7 1053
2883 凱基金|金融保險|229 533 428|96 96 13 19|1.9 961
2884 玉山金|金融保險|27 16 -9|100 100 7 13|1.0 613
2885 元大金|金融保險|18 22 7|99 99 12 20|0.9 666
2886 兆豐金|金融保險|20 25 -16|99 99 5 8|0.8 748
2887 台新新光金|金融保險|7 13 5|98 99 1 1|0.8 264
2889 國票金|金融保險|-2 38 6|100 100 16 19|0.9 102
2890 永豐金|金融保險|17 27 8|99 99 11 24|1.2 318
2891 中信金|金融保險|97 245 128|96 96 13 29|1.3 1659
2892 第一金|金融保險|-4 2 5|100 100 3 5|0.9 379
2897 王道銀行|金融保險|2 -11 -16|98 98 1 5|1.1 87
2903 遠百|貿易百貨|13 -7 -8|98 98 16 24|1.2 153
2905 三商|貿易百貨|1860 601 433|81 90 -8 1|0.9 7
2906 高林|貿易百貨|11 15 19|91 91 6 15|0.4 14
2912 統一超|貿易百貨|12 8 -1|96 99 1 3|1.1 239
2913 農林|貿易百貨|-4 -7 -9|68 90 -6 -2|1.7 32
2915 潤泰全|貿易百貨|30 3 4|93 93 -5 3|0.7 123
2916 滿心|居家生活|65 15 -4|97 97 30 43|1.3 17
3002 歐格|電腦及週|-5 -6 7|88 88 12 18|0.6 6
3003 健和興|電子零組|-9 -1 11|81 97 -2 -2|0.9 19
3004 豐達科|鋼鐵工業|9 23 -16|98 100 29 24|3.2 44
3005 神基|電腦及週|-5 11 -3|85 85 24 71|1.5 3291
3006 晶豪科|半導體業|2 20 28|82 82 -11 13|0.3 453
3008 大立光|光電業|32 29 22|88 88 -9 18|0.5 1049
3010 華立|電子通路|3 17 18|100 100 20 28|1.3 168
3011 今皓|電子零組|-13 7 17|71 76 -16 -21|1.0 28
3013 晟銘電|電腦及週|-43 -20 -18|96 96 30 40|2.9 559
3014 聯陽|半導體業|6 24 -9|92 92 12 7|1.7 710
3015 全漢|電子零組|-26 -11 -4|98 98 14 17|3.2 26
3016 嘉晶|半導體業|-1 -12 13|85 94 -2 8|1.7 69
3017 奇鋐|電腦及週|7 44 27|86 86 78 62|0.8 11753
3019 亞光|光電業|-4 14 15|89 89 -8 3|1.0 40
3021 鴻名|電子零組|-22 -1 18|80 85 9 -3|0.4 9
3022 威強電|電腦及週|-32 -19 -15|85 95 -1 5|0.9 77
3023 信邦|電子零組|-12 -10 -13|77 86 -4 -13|1.1 242
3024 憶聲|光電業|-2 15 11|88 88 -6 12|0.8 24
3025 星通|通信網路|-53 238 157|89 89 46 39|0.4 207
3026 禾伸堂|電子零組|-42 -14 -2|97 97 -0 -0|1.3 19
3027 盛達|通信網路|15 92 6|78 92 3 3|1.9 93
3028 增你強|電子通路|-11 13 18|96 96 3 12|0.7 23
3029 零壹|資訊服務|-8 -0 -6|97 97 18 23|0.3 181
3030 德律|其他電子|44 77 87|99 99 39 42|1.0 64
3031 佰鴻|光電業|-52 4 23|94 100 11 21|1.2 8
3032 偉訓|電子零組|8 28 -3|94 94 19 9|0.6 177
3033 威健|電子通路|-27 21 16|95 96 12 16|0.5 73
3034 聯詠|半導體業|-7 9 -8|97 97 15 39|0.9 3256
3035 智原|半導體業|-24 -17 -5|77 77 -3 15|0.3 2118
3036 文曄|電子通路|62 39 25|81 81 20 30|0.6 1530
3037 欣興|電子零組|3 -9 15|95 97 9 11|0.8 2731
3038 全台|光電業|-21 -13 -4|82 91 10 6|0.4 28
3041 揚智|半導體業|-40 5 36|72 72 -23 37|0.3 130
3042 晶技|電子零組|-1 10 20|91 91 13 14|2.2 740
3043 科風|其他電子|-60 -46 -47|49 73 -15 -27|1.4 8
3044 健鼎|電子零組|-13 6 11|91 91 5 7|0.7 1409
3045 台灣大|通信網路|11 12 4|100 100 6 10|1.7 407
3046 建碁|電腦及週|-16 81 -2|63 83 -3 -12|0.3 19
3047 訊舟|通信網路|-16 -24 3|78 78 -6 11|0.2 36
3048 益登|電子通路|-20 -1 5|89 90 -4 3|0.6 11
3050 鈺德|光電業|13 5 1|91 91 34 50|1.3 98
3051 力特|光電業|-31 -24 3|87 87 5 24|0.4 138
3052 夆典|建材營造|-5 44 17|100 100 13 16|2.5 17
3055 蔚華科|電子通路|-87 -22 11|85 85 84 101|0.2 204
3056 富華新|建材營造|-91 -75 -120|78 97 -2 2|1.4 39
3058 立德|電子零組|-33 -18 -2|77 96 21 21|2.9 29
3059 華晶科|光電業|-37 -24 7|95 95 4 16|2.3 92
3060 銘異|電腦及週|33 34 32|91 91 -2 9|0.5 13
3062 建漢|通信網路|-26 -31 -2|94 94 10 11|5.3 119
3066 李洲|光電業|4 14 29|76 76 33 20|0.2 6
3071 協禧|電腦及週|-21 -11 2|76 92 8 0|0.5 42
3078 僑威|電子零組|-40 10 -63|91 91 -4 3|0.4 172
3081 聯亞|通信網路|6 -9 38|91 91 38 24|0.5 477
3083 網龍|文化創意|74 6 9|93 93 17 22|2.7 64
3086 華義*|文化創意|55 72 52|63 63 -17 89|0.1 25
3088 艾訊|電腦及週|-13 -9 -10|89 97 4 1|1.0 79
3090 日電貿|電子零組|-13 13 8|97 97 5 2|1.2 37
3092 鴻碩|電子零組|-34 -4 21|79 87 -7 -11|1.4 11
3094 聯傑|半導體業|-57 -32 -6|81 81 -16 3|0.3 19
3105 穩懋|半導體業|53 60 48|81 86 -7 15|0.7 477
3122 笙泉|半導體業|-21 18 25|77 77 -12 14|0.7 18
3128 昇銳|光電業|18 5 14|72 92 6 8|0.9 9
3130 一零四|數位雲端|-4 9 1|97 97 7 12|0.8 5
3131 弘塑|半導體業|11 12 10|89 89 58 79|1.1 1344
3138 耀登|通信網路|-3 -10 -7|80 80 -11 -6|0.4 38
3141 晶宏|半導體業|-45 -39 -15|72 75 -23 -12|0.7 45
3147 大綜|資訊服務|13 44 18|88 88 48 102|0.6 253
3149 正達|光電業|-20 11 25|79 79 3 13|0.9 19
3152 璟德|通信網路|15 27 15|85 85 -5 12|0.7 49
3162 精確|電機機械|-65 2 -34|61 74 -21 -22|0.7 25
3163 波若威|通信網路|-18 5 15|87 87 17 8|0.8 1072
3164 景岳|生技醫療|100 35 29|84 89 -11 -5|2.7 5
3167 大量|電機機械|36 29 50|88 88 22 19|0.6 23
3169 亞信|半導體業|-20 4 28|84 84 -2 10|0.4 197
3171 炎洲流通|居家生活|-20 -2 10|93 93 47 62|2.1 21
3176 基亞|生技醫療|35 33 -24|65 65 -11 17|0.9 11
3178 公準|半導體業|-36 -11 -16|100 100 24 52|1.1 108
3188 鑫龍騰|建材營造|3149 1145 na|100 100 78 78|2.5 49
3189 景碩|半導體業|6 1 30|84 94 1 -6|0.8 291
3206 志豐|電子零組|-13 -3 7|88 88 8 2|0.7 14
3207 耀勝|電子零組|-22 -25 -10|99 99 62 77|1.1 444
3209 全科|電子通路|10 -16 -9|93 98 2 5|0.8 25
3211 順達|電腦及週|-7 -10 -3|94 94 6 17|1.3 191
3213 茂訊|電腦及週|-38 3 -6|92 92 3 22|0.7 42
3217 優群|電子零組|3 20 -4|93 93 8 36|0.7 327
3218 大學光|生技醫療|4 4 -11|68 82 0 -18|0.7 160
3221 台嘉碩|通信網路|3 -2 20|83 83 4 8|0.3 17
3227 原相|半導體業|50 76 42|87 87 2 29|0.4 225
3228 金麗科|半導體業|-17 46 32|100 100 124 431|0.8 754
3231 緯創|電腦及週|31 10 16|78 94 26 21|1.2 9949
3232 昱捷|電子通路|20 38 22|86 86 35 30|0.2 11
3234 光環|通信網路|8 7 29|97 97 37 43|0.7 88
3257 虹冠電|半導體業|30 84 -68|80 90 1 -1|1.1 29
3260 威剛|半導體業|34 44 33|95 95 -1 19|0.8 516
3264 欣銓|半導體業|1 -6 -2|96 96 12 32|1.7 796
3265 台星科|半導體業|18 26 26|98 98 41 48|0.6 249
3266 昇陽|建材營造|-82 175 -138|87 87 -1 40|0.7 9
3268 海德威|半導體業|86 39 32|73 73 -4 31|0.3 14
3276 宇環|電子零組|5 68 12|72 72 -11 15|0.8 8
3284 太普高|其他|45 45 38|94 94 46 63|0.6 19
3287 廣寰科|電腦及週|112 100 33|75 75 -5 33|0.1 17
3289 宜特|其他電子|-7 0 1|91 91 43 44|0.6 348
3290 東浦|電子零組|-10 16 6|83 83 -7 -4|1.5 9
3293 鈊象|文化創意|32 22 2|97 97 56 74|1.9 2880
3294 英濟|電子零組|-35 17 12|78 78 136 138|1.6 369
3296 勝德|電子零組|12 -5 28|95 95 14 46|0.4 25
3303 岱稜|其他電子|-4 19 21|97 97 16 25|0.7 12
3305 昇貿|其他電子|-11 -1 17|82 82 -13 5|0.7 76
3306 鼎天|通信網路|-43 4 -6|76 92 8 5|1.6 31
3308 聯德|電子零組|-75 -65 -139|44 48 -25 -51|2.1 28
3311 閎暉|通信網路|8 16 10|93 94 8 5|0.4 6
3312 弘憶股|電子通路|-7 13 24|91 91 96 129|1.6 446
3313 斐成|建材營造|na na na|70 70 71 84|1.3 21
3317 尼克森|半導體業|-36 -7 -7|81 81 -16 -8|0.6 12
3321 同泰|電子零組|-9 28 13|82 82 19 16|0.3 11
3322 建舜電|電子零組|-38 18 9|85 85 9 -5|0.8 90
3324 雙鴻|其他電子|-26 0 3|100 100 110 127|1.1 6932
3325 旭品|電腦及週|33 37 -30|88 88 -3 4|0.6 144
3338 泰碩|電子零組|-33 4 13|86 86 9 5|0.3 164
3339 泰谷|光電業|3 10 13|96 96 61 60|1.8 68
3346 麗清|汽車工業|31 37 -9|89 89 -11 2|0.7 74
3354 律勝|電子零組|28 32 38|76 76 57 65|0.3 21
3356 奇偶|光電業|19 6 9|95 100 27 22|1.4 127
3357 臺慶科|電子零組|-22 -6 8|99 99 8 15|1.8 53
3360 尚立|電子通路|-57 -48 -23|70 70 23 28|0.2 28
3362 先進光|光電業|-16 30 11|79 79 30 55|0.6 489
3363 上詮|通信網路|-11 -6 10|79 79 52 48|0.6 448
3372 典範|半導體業|12 27 34|78 78 31 47|0.7 49
3374 精材|半導體業|11 14 26|86 89 -2 6|0.4 173
3376 新日興|電子零組|51 46 44|79 79 46 121|1.4 690
3380 明泰|通信網路|-43 -26 -6|78 92 -5 -8|0.4 68
3388 崇越電|電子零組|-29 5 17|100 100 7 9|1.4 7
3390 旭軟|電子零組|-26 -6 2|82 82 13 82|0.3 57
3402 漢科|其他電子|13 38 35|94 94 38 92|0.4 65
3406 玉晶光|光電業|43 38 23|96 96 19 33|1.9 1084
3413 京鼎|半導體業|-2 -5 6|99 99 51 64|1.4 680
3416 融程電|電腦及週|20 11 11|94 94 21 27|3.0 60
3419 譁裕|通信網路|-42 -33 -0|72 86 -10 -13|0.5 7
3430 奇鈦科|化學工業|-2 0 15|91 91 -2 6|0.9 6
3437 榮創|光電業|22 28 19|78 78 -2 71|0.3 57
3438 類比科|半導體業|21 28 22|91 91 13 21|0.5 80
3443 創意|半導體業|-22 -23 -27|68 68 -27 -5|0.7 3139
3444 利機|電子通路|3 11 9|81 81 -5 16|0.7 47
3450 聯鈞|半導體業|-9 -0 15|94 94 28 27|0.6 567
3454 晶睿|光電業|-52 -42 -26|55 86 -8 -5|0.8 28
3455 由田|光電業|-18 -10 25|98 100 13 20|1.3 32
3466 德晉|通信網路|-73 -49 -64|75 98 10 18|1.3 7
3479 安勤|電腦及週|-17 -15 -14|97 97 4 27|1.6 195
3481 群創|光電業|-10 12 6|87 89 7 16|0.5 937
3483 力致|電腦及週|1 22 4|84 84 0 12|0.4 510
3484 崧騰|電子零組|1 -3 30|96 96 3 14|2.1 19
3489 森寶|建材營造|152 52 55|100 100 72 126|1.6 12
3490 單井|光電業|-59 -52 -17|95 95 22 19|0.5 8
3491 昇達科|通信網路|-21 4 11|94 98 5 8|1.0 131
3498 陽程|其他電子|-80 -79 -88|83 92 30 17|4.3 51
3499 環天科|通信網路|5 67 42|90 90 8 24|0.6 8
3501 維熹|電子零組|-20 4 14|100 100 12 14|1.1 18
3504 揚明光|光電業|-42 -17 11|67 81 -13 -3|0.3 26
3508 位速|其他電子|-27 -29 3|73 90 -5 -9|1.1 9
3512 皇龍|建材營造|-35 -48 -398|100 100 14 15|5.0 40
3515 華擎|電腦及週|4 18 -3|83 83 2 21|0.4 621
3516 亞帝歐|光電業|-23 47 23|69 69 26 27|0.5 11
3518 柏騰|其他電子|-54 -8 -6|70 74 -16 -14|0.6 8
3520 華盈|電子零組|-48 8 13|73 81 6 11|0.2 8
3521 台鋼建設|建材營造|99 -2 -15|83 93 3 5|1.0 9
3522 御嵿|觀光餐旅|77 26 -0|82 82 -5 21|0.3 7
3526 凡甲|電子零組|-12 33 15|98 98 15 28|0.7 92
3527 聚積|半導體業|-27 0 19|79 82 -11 5|1.2 9
3529 力旺|半導體業|23 15 7|78 78 -1 25|1.2 1406
3530 晶相光|半導體業|-43 -13 -8|81 81 5 51|0.4 75
3532 台勝科|半導體業|-24 -11 1|89 89 -11 17|0.6 228
3533 嘉澤|電子零組|-23 10 16|100 100 37 72|0.6 2556
3535 晶彩科|光電業|-74 -79 -5|87 87 19 21|0.3 17
3537 堡達|電子零組|5 1 -16|100 100 2 9|1.2 8
3540 曜越|電腦及週|1 1 -35|83 87 9 24|0.7 154
3543 州巧|光電業|2 20 6|81 81 -0 15|0.3 5
3545 敦泰|半導體業|-1 29 8|72 72 -13 26|0.9 300
3546 宇峻|文化創意|24 6 18|97 100 7 3|1.1 21
3548 兆利|電子零組|80 81 30|100 100 42 116|1.0 2704
3551 世禾|綠能環保|8 4 7|96 96 53 68|2.1 118
3552 同致|其他電子|-12 33 18|76 81 -15 -7|1.1 28
3556 禾瑞亞|半導體業|-51 -5 7|83 84 -14 -13|0.6 7
3557 嘉威|居家生活|13 13 15|89 94 3 16|1.0 11
3558 神準|通信網路|-44 -34 -29|64 82 -10 -14|0.5 56
3563 牧德|光電業|-50 -54 -32|100 100 88 102|1.6 683
3564 其陽|通信網路|-4 -16 9|83 87 24 38|0.9 151
3567 逸昌|半導體業|-11 7 -11|89 95 4 3|1.0 17
3570 大塚|資訊服務|3 11 4|94 94 10 27|0.9 22
3576 聯合再生|光電業|-69 -69 -26|52 75 -19 -22|1.0 69
3580 友威科|其他電子|-63 19 29|88 88 1 3|0.4 15
3581 博磊|半導體業|-9 -7 -1|91 91 27 16|0.5 21
3583 辛耘|半導體業|32 41 14|99 99 53 59|2.0 2925
3587 閎康|其他電子|1 9 -10|89 96 22 6|0.5 283
3588 通嘉|半導體業|21 37 39|92 92 32 74|0.2 222
3591 艾笛森|光電業|17 24 11|91 93 3 14|0.4 11
3592 瑞鼎|半導體業|58 49 39|96 96 23 35|0.5 386
3594 磐儀|電腦及週|-30 -27 -17|72 82 -12 -10|1.4 21
3596 智易|通信網路|14 15 4|98 98 15 21|1.8 610
3605 宏致|電子零組|-15 -4 10|89 89 17 33|0.9 41
3607 谷崧|電子零組|-37 4 4|81 81 -0 17|0.3 20
3611 鼎翰|電腦及週|-0 0 -3|91 98 0 -0|1.5 40
3615 安可|光電業|-7 11 11|84 84 16 6|0.1 19
3617 碩天|其他電子|19 7 2|85 85 25 -14|3.2 357
3622 洋華|光電業|20 90 62|95 95 53 70|1.1 185
3623 富晶通|光電業|-31 -16 -17|60 60 -2 51|0.1 13
3624 光頡|電子零組|-28 -9 7|70 84 -11 -4|0.7 18
3628 盈正|其他電子|-21 -16 -13|86 100 13 19|1.4 12
3630 新鉅科|光電業|26 54 25|82 84 -10 -16|0.6 9
3631 晟楠|電子零組|-57 -60 -15|95 95 9 30|1.8 6
3645 達邁|電子零組|62 78 54|80 84 -9 -0|0.3 44
3653 健策|電子零組|-14 -4 -2|93 93 31 49|0.5 1154
3661 世芯-KY|半導體業|111 111 -21|77 77 0 27|1.2 9175
3663 鑫科|其他電子|-11 11 5|92 92 29 31|0.5 71
3664 安瑞-KY|通信網路|33 33 11|66 83 21 5|0.4 9
3665 貿聯-KY|其他電子|-4 -4 2|81 92 -3 -6|1.0 248
3669 圓展|通信網路|13 10 18|88 88 6 18|0.6 45
3673 TPK-KY|光電業|-14 -7 17|85 100 7 13|1.7 91
3675 德微|半導體業|7 12 25|88 93 -3 -3|0.8 49
3679 新至陞|電子零組|-11 39 28|94 94 8 21|0.7 10
3680 家登|半導體業|2 13 -6|97 97 25 36|1.1 577
3687 歐買尬|數位雲端|4 8 8|85 91 7 21|0.7 31
3689 湧德|電子零組|-39 -13 -12|89 89 41 33|0.9 502
3691 碩禾|光電業|101 146 152|92 92 26 45|1.2 88
3693 營邦|電腦及週|1 17 -38|59 63 -16 -32|0.6 369
3694 海華|通信網路|-1 5 6|91 91 10 44|0.2 150
3701 大眾控|電腦及週|-13 12 -3|77 77 0 3|1.0 62
3702 大聯大|電子通路|6 17 20|95 95 10 53|1.5 1425
3703 欣陸|建材營造|-20 -5 -8|100 100 9 15|3.1 55
3704 合勤控|通信網路|-31 -31 -23|73 84 -7 -6|2.6 328
3705 永信|生技醫療|13 20 19|100 100 5 11|1.6 15
3706 神達|電腦及週|45 2 14|90 90 24 28|1.6 1525
3707 漢磊|半導體業|-18 -17 3|74 89 -6 -6|2.3 202
3708 上緯投控|綠能環保|-20 1 18|100 100 34 44|2.9 394
3710 連展投控|電子零組|13 35 27|78 94 1 6|3.0 10
3711 日月光投控|半導體業|-1 -1 11|92 92 13 37|1.5 2698
3712 永崴投控|電腦及週|-7 48 6|88 88 15 32|0.4 145
3714 富采|光電業|2 28 34|71 85 -14 -10|1.2 88
3715 定穎投控|電子零組|9 16 na|68 68 -14 -12|0.7 589
4102 永日|生技醫療|-6 24 13|92 92 4 3|0.5 16
4104 佳醫|生技醫療|-5 5 -8|100 100 10 9|1.3 29
4105 東洋|生技醫療|-19 14 5|95 95 3 6|2.2 82
4107 邦特|生技醫療|-3 6 7|100 100 17 19|0.9 27
4108 懷特|生技醫療|12 42 13|84 86 -6 5|0.9 5
4109 加捷生醫|生技醫療|170 74 44|100 100 55 104|0.9 68
4113 聯上|建材營造|131204 118190 77063|92 92 27 50|0.4 24
4114 健喬|生技醫療|-17 5 -11|91 95 4 5|1.3 51
4119 旭富|生技醫療|-31 -10 -38|77 89 -9 -6|0.7 19
4121 優盛|生技醫療|13 2 12|74 92 3 8|1.3 18
4123 晟德|生技醫療|-23 41 -25|75 90 -2 -5|0.4 55
4126 太醫|生技醫療|-37 -17 -17|98 100 5 9|0.6 10
4127 天良|生技醫療|-8 -3 6|93 93 110 127|3.2 17
4128 中天|生技醫療|19 6 9|72 78 -12 -7|0.9 71
4129 聯合|生技醫療|3 22 -3|94 94 16 50|0.5 133
4137 麗豐-KY|生技醫療|-31 50 10|88 100 7 9|1.9 16
4138 曜亞|生技醫療|3 2 -21|100 100 22 25|1.3 36
4142 國光生|生技醫療|-82 -68 -120|66 74 -19 -21|0.5 17
4147 中裕|生技醫療|147 61 32|69 79 12 4|0.5 111
4148 全宇生技-KY|生技醫療|-16 -22 0|78 94 4 13|1.6 6
4155 訊映|生技醫療|89 31 39|65 93 -3 -5|1.2 9
4157 太景*-KY|生技醫療|114 102 -893|87 93 3 9|1.9 25
4161 聿新科|生技醫療|4 58 32|89 93 10 21|0.7 5
4162 智擎|生技醫療|-7 8 -17|84 84 -4 15|0.6 101
4163 鐿鈦|生技醫療|-5 -10 -8|86 95 -5 0|0.5 10
4164 承業醫|生技醫療|-16 0 -35|84 92 0 0|0.7 49
4167 松瑞藥|生技醫療|-13 21 25|81 81 -11 15|0.6 26
4168 醣聯|生技醫療|na na na|75 84 -11 -9|0.8 6
4173 久裕|生技醫療|-11 19 3|94 98 3 -1|1.9 5
4174 浩鼎|生技醫療|6118 3290 na|65 75 -9 -22|0.9 29
4175 杏一|生技醫療|3 5 1|57 86 -8 -11|0.8 5
4188 安克|生技醫療|13 32 14|80 80 11 42|0.2 6
4207 環泰|食品工業|3 7 1|100 100 9 9|1.4 9
4303 信立|塑膠工業|-64 -26 22|89 89 141 183|3.3 176
4306 炎洲|塑膠工業|-25 18 20|100 100 7 16|1.9 64
4402 郡都開發|紡織纖維|-31 -48 3|100 100 70 92|1.0 13
4420 光明|紡織纖維|-14 6 25|91 91 44 118|1.8 85
4438 廣越|紡織纖維|-6 -22 -6|92 94 -1 -1|0.9 6
4503 金雨|電機機械|22 101 33|77 90 19 24|0.7 72
4506 崇友|電機機械|-11 5 -4|100 100 18 19|1.6 7
4510 高鋒|電機機械|-10 4 -0|77 96 4 8|5.4 6
4513 福裕|電機機械|14 -10 4|100 100 51 49|1.5 39
4523 永彰|電機機械|-44 23 10|94 98 54 40|3.9 31
4526 東台|電機機械|-64 -20 -8|92 92 20 30|4.3 39
4529 淳紳|其他|44 85 -1|73 73 47 40|0.4 7
4532 瑞智|電機機械|1 23 17|94 99 18 28|1.4 69
4533 協易機|電機機械|-51 -37 -46|70 88 1 6|1.7 66
4536 拓凱|運動休閒|-42 -27 -5|95 99 8 17|0.7 64
4540 全球傳動|電機機械|-34 -17 8|85 92 11 12|5.4 12
4541 晟田|其他|-41 -3 8|67 94 2 -6|2.8 7
4542 科嶠|電子零組|-21 -24 -20|83 85 20 -17|0.4 27
4543 萬在|電機機械|-37 6 14|75 84 5 28|0.2 60
4551 智伸科|汽車工業|-34 -17 4|71 79 -15 -19|0.7 19
4552 力達-KY|電機機械|-52 21 10|81 81 -2 -8|0.8 7
4556 旭然|其他|1 30 33|82 82 28 26|0.3 9
4557 永新-KY|汽車工業|-8 33 21|98 98 8 12|1.5 11
4561 健椿|電機機械|-0 29 5|81 81 -0 24|1.1 12
4563 百德|電機機械|-14 23 8|73 86 3 -9|1.0 19
4564 元翎|電機機械|-36 -41 -12|73 86 -1 -9|1.2 14
4566 時碩工業|電機機械|-23 -5 9|72 93 -2 -6|0.9 11
4571 鈞興-KY|電機機械|11 34 27|97 97 22 41|1.3 13
4572 駐龍|電機機械|27 28 2|89 98 1 9|3.1 64
4576 大銀微系統|電機機械|-26 -19 8|98 98 34 33|6.5 10
4580 捷流閥業|電機機械|-19 -13 -13|99 99 5 6|1.5 9
4581 光隆精密-KY|汽車工業|-9 -0 -13|85 90 1 -4|0.7 17
4583 台灣精銳|電機機械|2 -3 10|94 97 20 24|2.6 85
4707 磐亞|化學工業|-46 -11 -0|99 99 11 16|1.2 9
4714 永捷|化學工業|-53 -21 18|84 84 68 74|1.6 350
4720 德淵|化學工業|-23 10 13|87 87 -3 9|0.5 10
4721 美琪瑪|化學工業|-14 -24 26|71 82 -14 -7|0.9 15
4726 永昕|生技醫療|-68 -41 -40|80 97 10 3|0.9 15
4728 雙美|生技醫療|-6 33 1|81 96 15 18|3.2 24
4729 熒茂|光電業|-20 -24 -3|85 85 26 26|0.1 6
4736 泰博|生技醫療|-35 -35 12|80 81 -6 -10|0.7 28
4737 華廣|生技醫療|-7 4 22|84 84 -7 -5|0.7 5
4739 康普|化學工業|-36 -28 13|65 75 -18 -20|0.7 19
4743 合一|生技醫療|13 44 12|70 75 -12 -1|1.1 326
4744 皇將|生技醫療|11 116 49|57 70 -11 -17|0.6 7
4746 台耀|生技醫療|-11 14 -2|95 95 15 27|1.0 245
4747 強生製藥|生技醫療|5 16 -9|60 74 -14 -25|0.5 20
4755 三福化|化學工業|-4 12 15|97 97 28 17|1.6 130
4763 材料*-KY|化學工業|103 179 17|74 74 12 -5|0.4 2130
4766 南寶|化學工業|-19 14 16|94 94 14 52|0.9 250
4768 晶呈科技|化學工業|32 -8 14|97 99 20 19|1.4 517
4770 上品|化學工業|-45 -24 -10|97 97 37 49|1.2 367
4904 遠傳|通信網路|19 13 6|99 99 4 13|1.4 351
4905 台聯電|生技醫療|1104 531 352|79 79 10 24|0.9 7
4906 正文|通信網路|-31 -15 -9|87 87 -1 -5|0.6 208
4908 前鼎|通信網路|-11 67 41|88 88 17 57|0.5 503
4909 新復興|通信網路|297 198 125|100 100 195 298|0.6 369
4912 聯德控股-KY|電子零組|18 29 33|95 95 53 48|1.2 78
4915 致伸|電子零組|-29 -8 11|95 95 25 20|2.1 547
4916 事欣科|電腦及週|-1 1 -21|67 82 -10 -14|0.8 21
4919 新唐|半導體業|-20 -5 8|82 83 -11 -0|1.1 241
4927 泰鼎-KY|電子零組|-11 -8 4|59 70 -18 -29|1.4 42
4930 燦星網|電器電纜|2 22 20|93 93 14 31|1.6 16
4931 新盛力|電腦及週|-37 -30 7|64 91 5 -4|2.2 11
4933 友輝|光電業|7 54 19|86 86 6 16|0.4 22
4934 太極|光電業|-90 -87 -72|63 75 -8 -23|0.9 21
4935 茂林-KY|光電業|1 15 34|93 99 1 2|1.8 5
4938 和碩|電腦及週|-28 -22 -15|93 93 11 27|2.1 1574
4939 亞電|電子零組|-27 40 33|86 86 -0 37|0.3 18
4942 嘉彰|光電業|-28 -3 13|96 96 4 4|0.6 14
4945 陞達科技|半導體業|30 78 45|86 86 37 69|0.6 107
4951 精拓科|半導體業|7 10 21|90 91 2 16|0.9 17
4952 凌通|半導體業|15 21 33|83 83 -12 -5|1.3 8
4953 緯致|資訊服務|10 19 7|85 93 3 21|0.4 314
4956 光鋐|光電業|-23 -11 -7|76 76 15 32|0.1 14
4958 臻鼎-KY|電子零組|-13 -7 7|100 100 17 29|3.5 905
4960 誠美材|光電業|-12 1 -9|89 89 -4 7|0.3 49
4961 天鈺|半導體業|-28 -12 -1|95 95 6 -0|2.4 1294
4966 譜瑞-KY|半導體業|22 31 43|70 70 -25 -7|0.9 1236
4967 十銓|半導體業|56 120 -46|85 85 -6 25|0.6 155
4968 立積|半導體業|44 37 38|85 85 10 46|0.4 659
4971 IET-KY|半導體業|23 4 20|86 89 -0 8|0.7 12
4973 廣穎電通|半導體業|1 8 2|97 97 12 39|0.5 35
4974 亞泰|電子零組|-34 -9 5|98 98 3 3|0.6 9
4976 佳凌|光電業|-11 -3 15|82 95 1 4|2.7 25
4977 眾達-KY|通信網路|-84 -82 -28|62 90 1 -9|0.5 52
4979 華星光|通信網路|11 28 -74|66 71 -22 -9|1.0 654
4994 傳奇|資訊服務|34 23 22|91 91 97 102|1.0 57
5007 三星|鋼鐵工業|-10 10 12|99 100 6 7|0.9 6
5009 榮剛|鋼鐵工業|-7 -0 -6|82 96 1 10|1.3 218
5011 久陽|鋼鐵工業|-28 10 19|95 95 -5 23|0.9 23
5201 凱衛|資訊服務|360 130 102|93 93 18 19|1.1 34
5202 力新|資訊服務|81 34 30|89 89 41 53|0.9 32
5203 訊連|資訊服務|17 13 4|79 88 -12 1|1.0 21
5209 新鼎|其他|62 93 8|100 100 27 22|1.7 30
5210 寶碩|資訊服務|42 17 26|56 56 -32 67|0.3 18
5213 亞昕|建材營造|2298 956 -80|98 98 10 52|1.0 37
5215 科嘉-KY|電腦及週|7 44 21|68 68 -13 -6|0.6 8
5222 全訊|半導體業|9 14 -9|92 99 9 17|2.4 176
5225 東科-KY|其他電子|31 34 38|100 100 120 125|1.4 285
5227 立凱-KY|電子零組|-33 -20 -68|52 74 -16 -27|0.8 7
5234 達興材料|光電業|-4 -0 -20|94 94 63 48|1.4 563
5236 凌陽創新|半導體業|-28 8 -33|69 69 -20 17|0.3 44
5243 乙盛-KY|光電業|-8 -13 3|68 92 -2 -7|3.2 131
5244 弘凱|光電業|-29 2 -0|81 81 21 50|0.8 23
5251 天鉞電|光電業|30 -3 28|82 82 21 31|0.2 12
5258 虹堡|電腦及週|-8 -2 -9|98 98 18 26|1.1 520
5263 智崴|文化創意|3 13 5|84 87 -1 0|0.4 15
5269 祥碩|半導體業|25 67 26|100 100 38 113|1.0 1858
5272 笙科|半導體業|-14 37 36|81 81 -4 26|0.3 34
5274 信驊|半導體業|31 26 51|100 100 7 21|1.6 1462
5278 尚凡*|數位雲端|11 16 1|93 93 21 45|2.2 5
5283 禾聯碩|電器電纜|-16 1 4|100 100 8 10|1.2 13
5284 jpp-KY|其他|16 1 -21|89 89 78 55|2.1 431
5285 界霖|半導體業|-27 -12 5|73 76 -13 -23|1.1 9
5287 數字|數位雲端|2 7 -3|99 99 4 2|0.9 16
5288 豐祥-KY|電機機械|-24 -3 5|97 97 5 13|1.1 14
5289 宜鼎|電腦及週|-8 4 20|92 92 1 5|1.3 200
5292 華懋|綠能環保|-17 -8 na|na na 28 na|1.0 66
5299 杰力|半導體業|5 22 27|84 84 -13 -7|1.0 17
5306 桂盟|運動休閒|-41 -13 17|90 90 9 9|0.4 69
5309 系統電|電子零組|-0 1 8|75 90 -1 3|4.4 77
5310 天剛|資訊服務|-97 1231 895|87 87 115 93|1.6 34
5312 寶島科|生技醫療|0 5 -10|97 97 29 36|1.3 29
5314 世紀*|其他|1275 17095 10888|100 100 421 911|1.4 61
5321 美而快|數位雲端|11 -8 -12|60 67 -13 -37|0.5 11
5328 華容|電子零組|-52 -29 -23|83 83 -5 9|0.5 11
5340 建榮|電子零組|30 21 22|73 77 -9 -18|0.5 31
5347 世界|半導體業|24 13 29|90 93 8 24|1.1 1758
5351 鈺創|半導體業|30 39 55|92 92 3 32|0.8 221
5353 台林|通信網路|28 4 -3|72 94 2 -5|0.6 7
5355 佳總|電子零組|-28 -12 -10|76 76 10 46|0.2 6
5356 協益|電腦及週|-32 34 36|100 100 17 20|1.6 19
5371 中光電|光電業|-12 -1 13|100 100 22 13|5.7 141
5381 光譜|電機機械|816 867 402|88 88 28 25|1.1 60
5383 金利|其他電子|-32 -23 -3|96 96 45 34|0.6 14
5386 青雲|電腦及週|171 87 81|100 100 66 84|1.6 176
5388 中磊|通信網路|-1 -5 -1|96 96 7 16|1.7 1174
5392 能率|光電業|-5 10 13|90 90 -1 -2|1.4 13
5403 中菲|資訊服務|-5 18 3|92 92 16 31|1.0 65
5410 國眾|資訊服務|-44 -24 -7|99 99 3 1|0.6 12
5425 台半|半導體業|-13 -13 -5|68 80 -20 -12|0.5 148
5426 振發|電腦及週|-36 -22 11|85 85 19 150|0.4 128
5432 新門|綠能環保|-34 29 -0|99 99 40 119|1.1 134
5434 崇越|電子通路|-2 -7 1|100 100 23 32|1.4 222
5439 高技|電子零組|-15 -6 -38|82 82 3 39|1.3 391
5443 均豪|半導體業|27 52 72|100 100 99 97|1.1 466
5452 佶優|其他電子|-15 1 8|85 85 5 2|0.5 61
5457 宣德|電子零組|-3 22 26|88 88 7 16|0.3 84
5465 富驊|電腦及週|-10 14 -9|75 87 -1 -9|0.3 28
5469 瀚宇博|電子零組|-19 -6 2|91 91 13 3|2.2 414
5471 松翰|半導體業|-8 20 25|94 94 -1 18|3.9 23
5474 聰泰|電腦及週|1 26 26|76 92 28 8|0.6 88
5478 智冠|文化創意|14 -2 -2|74 74 6 57|0.2 131
5483 中美晶|半導體業|-4 4 6|87 87 2 35|1.9 2480
5488 松普|電子零組|-62 -28 -4|70 70 13 1|0.3 28
5493 三聯|其他電子|25 21 17|94 94 61 81|1.2 34
5498 凱崴|電子零組|-16 4 22|80 80 22 26|0.6 84
5508 永信建|建材營造|454 674 321|100 100 45 73|1.5 123
5511 德昌|建材營造|-19 11 -16|84 91 -0 1|1.1 60
5512 力麒|建材營造|-33 21 -13|100 100 7 13|2.4 18
5515 建國|建材營造|10 -3 13|91 91 23 51|3.8 83
5519 隆大|建材營造|1663 864 602|100 100 36 73|1.3 66
5521 工信|建材營造|19 43 15|89 89 -2 76|0.6 115
5522 遠雄|建材營造|-81 1 33|95 95 3 3|1.3 50
5525 順天|建材營造|-53 -62 -302|99 99 24 29|0.7 10
5529 鉅陞|建材營造|18 -8 -62|89 89 24 29|0.8 12
5530 龍巖|其他|-9 20 10|95 95 5 12|0.7 14
5533 皇鼎|建材營造|-95 14 -188|94 94 1 21|0.6 11
5534 長虹|建材營造|13 25 -362|100 100 15 21|2.0 83
5536 聖暉*|其他電子|-28 -0 9|96 96 14 24|1.1 103
5603 陸海|航運業|-31 -17 -7|100 100 8 19|2.1 7
5607 遠雄港|航運業|2 13 16|79 88 -1 15|0.5 56
5608 四維航|航運業|2 -15 26|73 78 -11 -6|0.6 32
5609 中菲行|航運業|-0 -5 31|98 98 7 12|0.6 36
5706 鳳凰|觀光餐旅|258 93 -1381|56 83 -3 5|0.5 31
5864 致和證|金融業|-25 12 -63|68 100 22 15|2.3 30
5871 中租-KY|其他|10 8 -3|78 90 -7 -3|0.8 785
5876 上海商銀|金融保險|8 4 -5|96 96 2 8|2.6 252
5880 合庫金|金融保險|7 11 -7|94 98 -1 3|1.1 249
5903 全家|居家生活|15 9 -1|87 96 -0 -4|0.6 9
5904 寶雅|居家生活|29 8 -5|84 88 -12 2|0.5 103
5905 南仁湖|觀光餐旅|10 -11 -21|82 89 -3 -5|0.7 6
6005 群益證|金融保險|35 49 -28|100 100 23 35|1.7 223
6015 宏遠證|金融業|45 186 85|94 100 16 19|1.8 39
6016 康和證|金融業|68 75 268|100 100 28 28|1.3 102
6023 元大期貨|金融業|-31 5 13|97 97 31 36|1.8 28
6024 群益期|金融保險|-13 4 16|97 97 8 20|0.8 23
6026 福邦證|金融業|110 226 -477|100 100 26 38|1.1 64
6101 寬魚國際|文化創意|-17 1878 -110687|88 98 3 13|0.4 7
6104 創惟|半導體業|-3 27 22|81 81 -8 7|0.4 157
6108 競國|電子零組|-9 -1 8|88 88 2 6|0.2 16
6109 亞元|通信網路|-47 -34 -5|79 88 1 8|0.5 5
6111 光聚晶電|文化創意|250 221 113|74 84 -7 7|0.3 47
6112 邁達特|資訊服務|12 12 -3|87 88 -3 9|0.4 73
6113 亞矽|電子通路|-58 -45 -9|66 66 82 113|0.1 33
6115 鎰勝|電子零組|-29 6 13|98 98 15 17|0.9 13
6116 彩晶|光電業|-1 2 17|75 87 -9 -8|0.4 77
6117 迎廣|電腦及週|63 57 42|93 93 3 109|0.5 467
6118 建達|電子通路|-1 -5 4|63 81 -17 -12|0.5 6
6120 達運|光電業|46 79 20|87 95 24 5|0.4 87
6121 新普|電腦及週|-20 -8 2|78 78 7 33|2.6 2025
6122 擎邦|電機機械|-24 34 -85|92 92 18 49|0.9 229
6124 業強|電子零組|-62 -24 -10|74 94 20 22|0.4 15
6125 廣運|電機機械|-66 -50 -44|82 93 48 32|1.1 1471
6126 信音|電子零組|-14 2 9|93 93 25 30|1.2 142
6127 九豪|電子零組|-2 18 2|87 87 -3 19|0.3 21
6128 上福|電腦及週|7 4 9|100 100 18 18|2.2 25
6129 普誠|半導體業|-50 -25 -4|74 85 -12 -7|0.9 21
6134 萬旭|電子零組|-24 -21 1|72 87 2 3|0.3 5
6136 富爾特|通信網路|5 -4 -7|91 91 4 24|0.5 9
6138 茂達|半導體業|41 58 46|89 89 -1 47|0.3 312
6139 亞翔|其他電子|74 123 50|100 100 65 120|2.4 2507
6140 訊達電腦|資訊服務|-57 4 13|60 60 21 54|0.1 23
6141 柏承|電子零組|20 75 63|83 83 13 7|0.4 8
6143 振曜|通信網路|-29 -24 -30|86 86 7 25|0.6 131
6146 耕興|其他電子|-9 -6 -1|87 87 4 -1|2.2 316
6147 頎邦|半導體業|-6 -6 4|98 98 7 14|2.0 647
6148 驊宏資|資訊服務|-71 -24 -164|64 80 -6 7|0.4 8
6150 撼訊|電腦及週|-6 -3 -54|81 90 1 13|0.6 126
6152 百一|通信網路|-39 -44 -3|82 89 -1 2|0.3 6
6153 嘉聯益|電子零組|-38 -5 16|79 90 -8 -4|0.8 39
6156 松上|電子零組|-33 -1 14|86 86 -9 6|0.4 14
6160 欣技|電腦及週|-24 -28 -27|57 85 -3 -9|0.4 11
6161 捷波|電腦及週|-2 16 25|91 91 17 23|0.4 36
6163 華電網|資訊服務|-69 -14 6|82 90 18 32|1.6 76
6164 華興|光電業|-22 8 16|82 82 22 36|0.3 19
6165 浪凡|數位雲端|6 0 7|73 73 8 13|0.4 69
6166 凌華|電腦及週|-21 -14 -7|82 93 13 10|1.9 69
6167 久正|光電業|-50 -32 -8|84 86 2 -1|0.4 14
6168 宏齊|光電業|-26 -4 9|83 83 -9 6|0.3 25
6170 統振|通信網路|25 25 16|85 89 -1 -2|0.4 36
6171 大城地產|建材營造|-100 na na|100 100 39 63|1.4 6
6173 信昌電|電子零組|-13 -1 2|87 87 -2 4|1.8 22
6176 瑞儀|光電業|-0 9 21|90 90 28 38|2.1 1649
6177 達麗|建材營造|-90 2648 1199|100 100 25 39|1.7 59
6179 亞通|其他|15 10 -15|96 96 19 20|2.5 80
6180 橘子|文化創意|72 12 19|93 94 1 10|0.5 57
6182 合晶|半導體業|-28 -30 -6|83 83 -10 -9|0.9 134
6186 新潤|建材營造|2579 904 na|100 100 14 30|1.1 53
6187 萬潤|半導體業|255 160 151|91 91 95 137|0.5 261
6188 廣明|電腦及週|-15 -14 -2|81 95 25 18|2.3 822
6189 豐藝|電子通路|1 46 25|100 100 68 104|1.9 487
6190 萬泰科|通信網路|-6 5 24|91 98 17 7|1.3 94
6191 精成科|電子零組|-12 3 4|96 96 13 17|2.0 407
6192 巨路|其他電子|-14 11 4|98 98 11 17|0.8 23
6194 育富|電子零組|-26 20 2|83 83 -2 13|0.3 7
6196 帆宣|其他電子|-23 12 3|99 99 21 18|0.8 270
6197 佳必琪|電子零組|-5 39 17|100 100 82 109|2.5 664
6198 瑞築|建材營造|5 na na|100 100 65 58|1.1 16
6201 亞弘電|其他電子|-20 17 2|96 96 17 33|0.7 10
6202 盛群|半導體業|-60 -51 3|78 81 -15 -10|0.8 58
6203 海韻電|電子零組|-59 -9 -44|80 90 -3 -7|0.4 30
6204 艾華|電子零組|-26 35 17|89 89 17 109|0.7 115
6205 詮欣|電子零組|-44 -30 5|88 88 4 12|0.5 68
6206 飛捷|電腦及週|20 22 42|98 98 13 20|1.1 67
6207 雷科|電子零組|39 36 34|100 100 31 42|1.4 85
6208 日揚|半導體業|-3 -9 -10|93 93 20 22|0.6 34
6209 今國光|光電業|-41 -22 2|81 91 -5 -4|1.7 14
6213 聯茂|電子零組|-17 -2 5|100 100 30 17|3.5 245
6214 精誠|資訊服務|2 13 6|97 97 7 12|0.8 96
6215 和椿|其他電子|-19 4 35|99 99 43 47|6.6 23
6216 居易|通信網路|42 77 52|96 96 16 25|0.9 24
6217 中探針|電子零組|-31 -11 5|82 84 4 -2|0.3 98
6218 豪勉|通信網路|29 12 -17|71 87 17 -4|0.1 10
6219 富旺|建材營造|9477 3518 2117|100 100 54 57|0.7 69
6220 岳豐|電子零組|16 11 16|79 79 -7 -16|0.8 7
6223 旺矽|半導體業|6 15 5|94 94 53 57|0.3 738
6224 聚鼎|電子零組|-23 -4 -1|84 94 -2 6|0.8 9
6227 茂綸|電子通路|-41 -15 -4|96 96 61 57|2.4 126
6229 研通|半導體業|-43 17 36|72 72 14 22|0.2 14
6230 尼得科超眾|電腦及週|-46 -40 -22|93 93 66 39|0.5 64
6231 系微|資訊服務|7 16 15|84 84 -8 78|0.4 292
6233 旺玖|半導體業|-9 -2 11|87 87 6 74|0.1 80
6234 高僑|光電業|100 28 -22|77 97 7 -1|2.5 38
6235 華孚|電腦及週|8 20 -17|62 70 -6 -27|0.5 517
6237 驊訊|半導體業|-30 -21 10|83 83 -4 62|0.2 60
6239 力成|半導體業|13 16 24|96 96 30 90|1.2 2416
6243 迅杰|半導體業|-20 -5 -33|77 77 -10 49|0.1 62
6244 茂迪|光電業|-52 -31 -4|67 92 -2 1|1.8 62
6245 立端|通信網路|-27 -27 -6|79 83 -11 11|0.4 91
6248 沛波|鋼鐵工業|-40 30 6|98 98 18 24|1.3 30
6257 矽格|半導體業|13 10 21|95 95 7 25|2.1 553
6261 久元|半導體業|17 22 33|100 100 17 28|2.1 36
6263 普萊德|通信網路|-29 5 -4|89 89 9 27|0.4 55
6265 方土昶|電子通路|-23 3 32|75 75 15 17|0.2 11
6266 泰詠|電子零組|-22 -18 -23|78 98 5 2|0.6 13
6269 台郡|電子零組|-32 -24 -8|93 100 4 4|1.1 200
6270 倍微|電子通路|-47 -41 -7|80 80 -9 9|0.1 7
6271 同欣電|半導體業|-4 1 16|90 90 -5 1|0.9 176
6274 台燿|電子零組|-6 13 18|99 99 48 34|1.6 3192
6275 元山|電子零組|-23 11 3|95 95 39 38|0.4 648
6276 安鈦克|電腦及週|-7 -11 -16|55 55 -33 29|0.1 19
6277 宏正|電腦及週|-7 -13 -5|98 100 3 4|1.6 8
6278 台表科|光電業|3 11 28|97 97 16 18|1.5 338
6279 胡連|電子零組|8 24 9|100 100 10 16|1.8 159
6281 全國電|電子通路|5 -7 -2|99 99 3 4|1.6 15
6282 康舒|電子零組|17 43 25|70 87 -5 -10|0.5 218
6284 佳邦|電子零組|6 29 17|99 99 3 45|1.5 271
6285 啟碁|通信網路|-9 1 -13|93 93 -1 15|1.0 1211
6288 聯嘉|汽車工業|27 38 19|95 95 6 15|0.4 105
6290 良維|電子零組|-6 9 10|91 91 41 49|1.1 907
6291 沛亨|半導體業|-15 4 -43|57 65 -23 -25|0.9 18
6292 迅德|電子零組|-33 -23 -5|89 89 29 68|0.9 37
6294 智基|文化創意|15 1 2|99 99 7 8|1.6 14
6409 旭隼|其他電子|-21 -3 12|79 89 -4 1|0.6 281
6411 晶焱|半導體業|-20 13 -0|81 81 -12 -2|0.7 39
6412 群電|電子零組|-3 -2 6|95 95 29 53|0.6 143
6414 樺漢|電腦及週|-10 8 -2|95 95 34 36|2.7 1276
6415 矽力*-KY|半導體業|-13 7 29|66 68 -22 12|0.8 891
6416 瑞祺電通|通信網路|-39 -26 -5|98 98 33 57|1.0 171
6417 韋僑|通信網路|6 4 -4|57 88 -6 -11|0.7 12
6419 京晨科|光電業|298 270 113|76 76 3 19|1.3 15
6425 易發|電機機械|186 148 137|100 100 255 274|2.6 236
6426 統新|通信網路|-26 -0 27|78 78 -3 -0|0.5 12
6435 大中|半導體業|25 47 34|88 88 -8 10|0.3 14
6438 迅得|其他電子|-29 -19 -12|100 100 20 25|1.0 201
6442 光聖|通信網路|19 24 27|89 89 114 85|1.5 336
6443 元晶|光電業|-47 -41 -31|74 94 -1 2|2.3 170
6446 藥華藥|生技醫療|91 126 44|73 88 -1 -2|0.8 314
6449 鈺邦|電子零組|0 30 -3|100 100 21 15|1.3 21
6451 訊芯-KY|半導體業|-39 -18 -9|80 80 25 33|0.5 589
6456 GIS-KY|光電業|-26 -21 15|76 90 -8 3|2.4 40
6457 紘康|半導體業|-3 47 31|65 65 -30 -1|1.5 10
6462 神盾|半導體業|-8 35 11|84 84 126 243|0.9 2274
6464 台數科|其他|9 -1 1|95 99 1 -1|2.0 8
6469 大樹|生技醫療|17 10 -0|80 80 -12 -14|0.5 55
6470 宇智|通信網路|-45 -37 -19|63 81 -12 -17|0.7 16
6472 保瑞|生技醫療|-44 -41 -96|83 95 5 0|1.0 661
6477 安集|光電業|-63 -38 4|73 95 6 1|1.4 39
6485 點序|半導體業|-45 -36 -24|69 69 -28 -18|0.4 32
6486 互動|通信網路|-4 21 -5|100 100 13 21|0.8 26
6488 環球晶|半導體業|-16 -12 -7|91 91 -7 26|2.2 1853
6491 晶碩|生技醫療|28 17 5|100 100 23 23|1.3 301
6492 生華科|生技醫療|0 0 -0|73 73 -14 3|0.9 9
6494 九齊|半導體業|-23 43 43|78 78 -9 16|0.4 18
6504 南六|其他|-13 6 3|83 83 -9 -3|0.7 7
6505 台塑化|油電燃氣|-10 -9 7|81 84 -12 -11|1.9 272
6509 聚和|化學工業|-8 -0 13|84 94 1 3|0.5 16
6510 精測|半導體業|-15 -8 22|83 86 -9 -12|0.9 61
6515 穎崴|半導體業|-2 -27 -3|80 85 -12 6|0.5 412
6517 保勝光學|光電業|-28 -7 8|51 89 -1 16|5.1 22
6523 達爾膚|生技醫療|40 39 3|99 99 15 22|1.7 34
6525 捷敏-KY|半導體業|-13 1 13|92 96 0 2|0.9 7
6526 達發|半導體業|29 23 na|na na 7 na|0.4 559
6530 創威|通信網路|40 20 17|89 89 18 55|0.6 146
6531 愛普*|半導體業|-1 23 22|75 75 -12 7|0.4 1190
6532 瑞耘|半導體業|15 10 1|86 86 20 21|0.4 32
6533 晶心科|半導體業|-52 42 29|77 78 -8 9|0.4 360
6534 正瀚-創|生技醫療|-7 114 na|na na 9 na|0.3 5
6535 順藥|生技醫療|-99 -37 -2090|100 100 181 206|0.8 145
6538 倉和|電子零組|21 39 -8|82 82 -3 0|0.9 179
6541 泰福-KY|生技醫療|2886 941 377|54 66 -24 -24|0.9 17
6546 正基|通信網路|-2 12 28|83 83 5 52|0.5 350
6547 高端疫苗|生技醫療|na na na|68 69 -24 -27|0.6 67
6548 長科*|半導體業|-11 -6 11|78 100 3 7|1.1 26
6550 北極星藥業-KY|生技醫療|na na na|73 92 -6 -7|2.3 138
6561 是方|通信網路|7 5 -0|97 97 16 5|0.8 51
6568 宏觀|半導體業|-33 -35 -11|78 84 -9 10|0.4 10
6569 醫揚|生技醫療|-17 -14 -9|72 87 5 -7|3.1 30
6576 逸達|生技醫療|13571 4611 1694|77 92 3 22|0.5 18
6577 勁豐|電腦及週|30 10 -34|99 99 51 63|2.0 77
6578 達邦蛋白|農業科技|-20 5 11|100 100 32 62|2.2 21
6579 研揚|電腦及週|-27 -3 2|70 95 12 5|0.5 71
6584 南俊國際|電子零組|14 36 na|na 87 128 190|1.2 351
6585 鼎基|其他|21 40 25|96 96 45 65|0.4 112
6589 台康生技|生技醫療|-42 0 23|69 83 -12 -10|0.8 54
6590 普鴻|資訊服務|-4 11 -12|94 97 13 21|0.5 8
6591 動力-KY|電腦及週|-45 2 -7|85 85 22 12|0.7 76
6592 和潤企業|其他|21 22 -4|81 91 -4 -8|0.7 105
6593 台灣銘板|資訊服務|24 42 -1|77 77 -6 149|0.4 121
6596 寬宏藝術|文化創意|310 113 25|97 97 53 53|1.7 101
6605 帝寶|汽車工業|-3 6 0|94 94 46 60|3.4 484
6609 瀧澤科|電機機械|-55 -53 -19|93 96 10 11|1.7 5
6612 奈米醫材|生技醫療|-6 -6 -23|62 79 -10 -20|1.0 5
6613 朋億*|其他電子|9 37 20|95 95 37 51|0.9 72
6616 特昇-KY|居家生活|13 49 40|80 80 0 1|0.4 6
6625 必應|其他|-43 26 -190|66 78 -3 -0|0.1 21
6640 均華|半導體業|98 214 185|100 100 194 246|0.7 47
6643 M31|半導體業|20 23 3|74 74 49 85|0.5 960
6651 全宇昕|半導體業|-29 -9 8|88 88 -7 5|0.9 10
6657 華安|生技醫療|-57 13 na|na 82 -5 -3|2.3 9
6664 群翊|電子零組|2 5 2|98 98 13 9|2.4 60
6667 信紘科|其他電子|5 24 20|100 100 71 143|1.2 298
6668 中揚光|光電業|-47 -6 15|100 100 37 81|1.6 278
6669 緯穎|電腦及週|6 -5 12|90 90 25 54|0.8 5955
6670 復盛應用|運動休閒|-20 -15 14|100 100 15 19|1.0 62
6672 騰輝電子-KY|電子零組|-13 -5 4|91 94 3 -4|0.8 26
6679 鈺太|半導體業|29 57 42|89 89 -7 32|0.6 322
6683 雍智科技|半導體業|2 1 8|89 89 -6 46|0.8 129
6684 安格|半導體業|130 171 107|70 70 11 66|0.3 180
6689 伊雲谷|數位雲端|27 21 4|70 83 -8 -9|0.6 44
6690 安碁資訊|數位雲端|11 11 -4|83 89 -8 11|0.5 9
6691 洋基工程|其他電子|-36 -11 -18|97 97 21 48|0.6 227
6693 廣閎科|半導體業|-22 -1 19|85 85 5 6|0.7 10
6695 芯鼎|半導體業|-20 13 6|71 71 -5 70|0.2 156
6698 旭暉應材|其他電子|-31 -2 10|82 86 12 15|0.2 14
6703 軒郁|生技醫療|48 73 -6|89 89 1 10|0.6 48
6706 惠特|光電業|-64 -49 9|57 77 -19 -16|1.1 20
6712 長聖|生技醫療|41 45 16|97 97 12 9|1.0 143
6715 嘉基|電子零組|-42 -4 22|88 88 23 23|0.5 134
6716 應廣|半導體業|43 139 81|70 70 -18 30|0.4 13
6719 力智|半導體業|-1 3 38|82 91 2 18|0.9 381
6732 昇佳電子|半導體業|60 80 35|78 78 -3 7|0.4 189
6733 博晟生醫|生技醫療|213 206 -90|79 91 -4 5|0.5 8
6735 美達科技|其他電子|126 193 172|93 93 95 131|0.9 128
6741 91APP*-KY|數位雲端|12 11 1|61 83 -10 -4|1.3 40
6742 澤米|光電業|6 -32 na|na na 34 na|1.3 65
6743 安普新|其他電子|-5 9 20|70 100 6 8|1.7 19
6752 叡揚|資訊服務|3 2 -7|80 97 2 32|1.4 16
6753 龍德造船|航運業|29 9 -12|87 100 41 22|2.1 223
6754 匯僑設計|居家生活|9 41 37|93 97 1 22|0.7 5
6756 威鋒電子|半導體業|-25 13 23|77 77 -18 7|0.3 85
6757 台灣虎航|航運業|96 89 na|na 97 -1 11|1.0 21
6761 穩得|電子零組|-11 7 13|93 98 12 10|0.8 13
6763 綠界科技*|數位雲端|1 5 1|70 84 -8 -3|0.8 9
6768 志強-KY|運動休閒|26 11 27|99 99 11 13|4.6 19
6770 力積電|半導體業|-3 -10 24|75 84 -11 -2|1.0 326
6776 展碁國際|電子通路|5 5 3|95 95 15 22|0.6 21
6781 AES-KY|電子零組|-28 -19 14|85 91 -5 8|0.3 187
6782 視陽|生技醫療|130 58 55|71 85 18 15|0.8 206
6788 華景電|半導體業|-25 -8 -6|87 95 9 2|0.9 38
6789 采鈺|半導體業|52 33 41|95 95 12 50|0.8 810
6790 永豐實|造紙工業|-16 3 -1|100 100 16 28|1.0 20
6792 詠業|通信網路|-8 -6 -6|79 83 -5 -9|0.9 6
6796 晉弘|生技醫療|-58 -13 -17|61 74 -20 -21|0.8 10
6799 來頡|半導體業|-8 3 9|81 81 -5 11|0.3 163
6803 崑鼎|綠能環保|6 -3 -11|95 97 -0 -3|0.5 8
6805 富世達|電子零組|125 116 na|na na 110 na|0.6 902
6806 森崴能源|綠能環保|35 84 -110|93 93 35 33|0.9 1085
6811 宏碁資訊|數位雲端|-24 15 9|71 82 1 9|0.3 76
6823 濾能|半導體業|-51 -63 -2|84 94 20 33|0.4 6
6829 千附精密|半導體業|0 14 25|79 89 14 3|1.5 108
6830 汎銓|其他電子|7 6 -5|77 92 5 -1|0.3 36
6835 圓裕|電子零組|20 4 17|100 100 28 43|0.9 23
6841 長佳智能|生技醫療|454 226 92|62 87 -5 -10|1.2 31
6854 錼創科技-KY創|半導體業|70 117 -37|65 79 -18 -20|1.9 9
6855 數泓科|其他電子|45 17 6|93 93 31 51|0.7 7
6859 伯特光|光電業|-52 -25 -1|93 99 13 11|3.2 10
6863 永道-KY|通信網路|59 65 30|na 85 1 5|0.5 62
6869 雲豹能源|綠能環保|39 -19 -38|100 100 56 65|1.0 72
6873 泓德能源|綠能環保|-8 7 -37|99 99 23 43|1.4 62
6874 倍力|資訊服務|134 101 69|62 85 -4 16|0.6 9
6894 衛司特|綠能環保|-11 8 na|na na 28 na|0.3 35
6895 宏碩系統|半導體業|-42 -21 na|na 83 -6 -6|0.7 7
6901 鑽石投資|其他|-57 -833 na|na 77 -12 0|0.6 35
6933 AMAX-KY|電腦及週|-12 -21 na|na na 17 na|0.9 345
6937 天虹|半導體業|-7 -33 na|na na -12 na|0.4 40
7402 邑錡|光電業|10 48 45|100 100 66 64|3.1 271
8011 台通|通信網路|82 56 23|71 71 2 32|0.5 339
8016 矽創|半導體業|19 34 24|92 92 5 4|1.9 619
8021 尖點|其他電子|17 8 22|89 99 5 8|0.5 11
8027 鈦昇|電機機械|-29 -12 28|93 93 50 36|0.6 268
8028 昇陽半導體|半導體業|-15 -10 -14|82 95 -2 -1|0.7 52
8033 雷虎|其他|5 10 19|91 100 26 22|5.4 55
8034 榮群|通信網路|232 166 -48|81 81 7 25|0.1 51
8039 台虹|電子零組|22 41 32|91 91 -2 9|0.4 18
8040 九暘|半導體業|-39 -33 11|94 94 72 101|0.6 242
8044 網家|數位雲端|-4 -6 3|54 71 -23 -18|0.7 25
8046 南電|電子零組|-54 -48 -9|72 78 -15 -21|0.9 506
8047 星雲|其他電子|-22 -1 18|80 80 26 28|0.7 6
8048 德勝|通信網路|5 28 -40|70 79 3 -8|0.5 21
8049 晶采|光電業|-52 -38 -18|99 99 10 15|0.6 23
8050 廣積|電腦及週|-53 -32 -15|77 87 6 -12|0.6 193
8054 安國|半導體業|-4 64 38|74 74 29 326|1.6 1556
8059 凱碩|通信網路|-67 -73 -15|85 85 65 136|0.2 79
8064 東捷|光電業|-37 -40 -14|92 92 58 52|0.6 163
8068 全達|電子通路|60 86 70|80 83 -9 -9|1.3 21
8069 元太|光電業|-38 -24 -8|92 92 20 29|0.6 1302
8070 長華*|電子通路|-10 -6 14|100 100 17 33|1.2 118
8076 伍豐|電腦及週|38 -5 -4|75 85 -8 -8|0.8 17
8081 致新|半導體業|6 7 2|94 97 10 2|0.8 150
8083 瑞穎|電機機械|66 60 64|99 99 15 10|0.6 12
8084 巨虹|電子通路|-44 -47 -20|75 83 -4 23|0.6 17
8085 福華|其他電子|-41 -17 0|100 100 43 81|0.9 361
8086 宏捷科|半導體業|305 255 160|92 92 12 36|0.5 899
8087 麗升能源|綠能環保|666 3424 1472|85 96 34 18|0.8 15
8088 品安|半導體業|-20 -25 -10|93 93 -2 20|0.5 41
8089 康全電訊|通信網路|30 8 40|74 74 20 278|0.4 200
8091 翔名|半導體業|-3 3 8|100 100 35 47|0.7 66
8092 建暐|其他電子|-11 -17 -25|97 97 145 183|3.7 54
8096 擎亞|電子通路|117 142 98|94 94 80 144|0.4 276
8097 常珵|通信網路|-100 -99 -4|95 95 5 41|0.5 29
8099 大世科|資訊服務|-25 -16 -11|91 91 48 39|1.7 33
8103 瀚荃|電子零組|-24 2 13|98 98 6 18|2.6 22
8104 錸寶|光電業|-23 -8 -2|75 90 -3 -6|0.5 6
8105 凌巨|光電業|-14 -15 -1|86 95 5 7|0.4 40
8109 博大|電子零組|-27 -11 -13|92 100 10 5|2.8 26
8110 華東|半導體業|-0 6 24|99 99 15 32|1.3 92
8111 立碁|光電業|-20 -5 1|98 100 27 34|1.1 10
8112 至上|電子通路|84 82 60|96 96 23 34|0.8 1021
8114 振樺電|電腦及週|-6 -8 8|88 88 -3 13|0.5 33
8121 越峰|電子零組|-4 9 21|87 94 13 12|5.7 8
8131 福懋科|半導體業|-0 -4 19|88 92 -7 -5|0.7 13
8147 正淩|電子零組|-5 23 24|93 93 83 76|2.1 229
8150 南茂|半導體業|24 24 20|97 97 15 32|2.2 359
8155 博智|電子零組|-10 4 15|80 86 -7 -5|1.7 97
8163 達方|電腦及週|-16 -13 -2|98 98 20 46|0.6 156
8171 天宇|綠能環保|31 2 33|65 94 -1 5|1.0 20
8182 加高|電子零組|28 26 19|90 90 12 19|0.3 8
8183 精星|其他電子|-30 -4 -3|86 86 -6 1|0.9 19
8201 無敵|其他電子|-45 -22 -6|78 93 7 26|1.9 8
8210 勤誠|電腦及週|11 80 52|82 82 -6 17|0.3 910
8213 志超|電子零組|-18 -8 -5|95 96 2 -2|1.6 35
8215 明基材|光電業|6 11 -4|80 93 1 -1|0.6 27
8222 寶一|電機機械|10 57 6|75 99 5 5|3.0 32
8227 巨有科技|半導體業|-53 105 65|65 65 6 61|0.6 114
8234 新漢|電腦及週|-44 -30 2|76 93 4 4|1.1 34
8249 菱光|電子零組|-49 -22 5|83 90 -0 1|0.4 5
8255 朋程|電機機械|60 52 11|96 99 -1 11|3.2 116
8261 富鼎|半導體業|-16 1 17|81 84 -9 8|1.8 45
8271 宇瞻|半導體業|4 7 13|94 94 19 30|1.0 127
8289 泰藝|電子零組|-35 -21 14|75 91 6 4|0.6 9
8299 群聯|半導體業|42 50 49|99 99 35 55|1.2 1886
8341 日友|綠能環保|-10 -7 7|63 82 -14 -13|0.7 22
8349 恒耀國際|鋼鐵工業|1 26 12|100 100 11 10|1.3 29
8358 金居|電子零組|-14 -17 -1|89 91 4 1|2.1 84
8383 千附|半導體業|-29 -25 9|92 98 8 10|2.1 22
8390 金益鼎|綠能環保|2 23 19|96 100 10 13|3.2 38
8401 白紗科|其他|-20 19 17|98 98 20 19|0.8 13
8403 盛弘|生技醫療|13 18 19|74 93 -5 -6|1.0 6
8410 森田|電腦及週|-37 5 -13|82 82 -10 21|0.4 10
8422 可寧衛*|綠能環保|-27 -22 2|86 97 -0 1|1.0 28
8423 保綠-KY|綠能環保|-6 12 6|77 77 15 15|3.6 5
8426 紅木-KY|其他|4 32 -39|67 67 -26 17|0.4 34
8431 匯鑽科|其他電子|-59 -1 9|83 91 6 -4|1.0 9
8432 東生華|生技醫療|-23 58 34|91 91 15 27|0.7 8
8433 弘帆|居家生活|5 18 0|100 100 17 33|1.4 24
8435 鉅邁|其他|-7 -9 -1|100 100 26 30|0.5 6
8436 大江|生技醫療|-31 -11 -14|70 82 -7 -14|0.4 37
8440 綠電|綠能環保|-15 6 -0|78 98 9 8|0.7 5
8442 威宏-KY|其他|-24 7 12|100 100 20 53|1.9 22
8446 華研|文化創意|-5 47 11|71 95 1 6|0.5 20
8454 富邦媒|數位雲端|4 5 -0|48 73 -22 -22|0.7 350
8462 柏文|運動休閒|12 22 -0|69 88 -5 -14|0.5 14
8464 億豐|居家生活|-9 5 7|92 92 -0 13|0.8 164
8467 波力-KY|運動休閒|-1 31 14|92 92 51 133|1.4 134
8473 山林水|綠能環保|-43 -18 -22|98 98 36 58|1.6 52
8476 台境*|綠能環保|47 5 33|85 92 12 -12|0.7 11
8478 東哥遊艇|運動休閒|-3 19 2|60 91 3 3|0.4 169
8916 光隆|其他|-44 -19 5|100 100 11 18|1.3 20
8924 大田|運動休閒|-52 -29 17|76 97 2 1|0.8 11
8926 台汽電|油電燃氣|110 40 -13|89 96 18 15|1.0 262
8927 北基|油電燃氣|17 16 1|88 94 9 -4|0.6 18
8930 青鋼|鋼鐵工業|-26 30 9|93 93 7 23|0.5 38
8931 大汽電|油電燃氣|-47 -29 -17|69 91 17 26|0.7 17
8932 智通*|數位雲端|47 69 16|93 93 3 40|0.4 66
8933 愛地雅|運動休閒|-32 -44 -10|79 90 5 6|1.0 8
8936 國統|其他|61 65 37|100 100 61 151|1.3 1060
8938 明安|運動休閒|-51 -27 10|71 94 -2 2|0.9 16
8942 森鉅|其他|-41 -15 -13|97 98 2 -0|0.9 30
8996 高力|電機機械|-18 -10 -53|86 93 59 22|1.7 3926
9802 鈺齊-KY|運動休閒|-64 -42 -8|84 84 -8 6|0.7 67
9902 台火|其他|951 395 -507|85 85 17 29|0.6 44
9904 寶成|運動休閒|5 1 8|99 99 16 25|2.2 544
9905 大華|其他|-20 0 4|97 99 -0 0|1.3 5
9906 欣巴巴|建材營造|-100 -85 -86|100 100 39 49|0.9 25
9907 統一實|其他|-23 5 17|75 87 -10 -12|1.0 48
9910 豐泰|運動休閒|-8 2 10|79 83 -7 -12|1.3 179
9911 櫻花|居家生活|19 18 11|100 100 23 33|1.5 30
9914 美利達|運動休閒|-41 -43 -12|93 93 12 19|0.5 324
9917 中保科|其他|-0 6 -4|98 98 5 15|1.1 68
9919 康那香|其他|-28 -10 -1|68 68 -15 11|0.5 37
9921 巨大|運動休閒|-27 -24 -6|90 91 12 17|1.7 748
9924 福興|居家生活|4 13 12|100 100 14 27|0.5 23
9925 新保|其他|-2 1 0|100 100 1 2|0.8 11
9927 泰銘|其他|-6 20 8|95 95 6 35|1.0 65
9930 中聯資源|綠能環保|-19 2 -5|98 98 5 4|1.2 10
9933 中鼎|其他|33 22 8|98 98 10 19|2.2 152
9934 成霖|居家生活|-10 -10 -2|99 99 15 16|1.0 29
9935 慶豐富|居家生活|28 4 11|89 89 -3 23|0.4 6
9938 百和|其他|-20 23 34|88 88 -2 5|0.7 50
9939 宏全|其他|-6 8 1|98 98 18 39|0.6 96
9940 信義|其他|-34 -44 -39|100 100 3 7|2.0 8
9941 裕融|其他|4 7 -5|75 78 -20 -20|0.8 217
9942 茂順|其他|-38 -8 -21|87 96 1 1|0.8 33
9943 好樂迪|觀光餐旅|15 -8 -27|86 93 -3 -1|0.6 21
9945 潤泰新|其他|-41 -4 4|74 90 -3 1|0.8 209
9946 三發地產|建材營造|-96 86 64|100 100 27 73|1.7 24
9950 萬國通|塑膠工業|22 -4 -38|60 60 -25 -11|0.6 10
9951 皇田|電機機械|-10 0 -9|90 93 -5 -7|0.7 10
9955 佳龍|綠能環保|-9 16 3|86 91 3 19|2.5 14
9958 世紀鋼|鋼鐵工業|3 63 -6|83 83 26 20|1.0 1493
9962 有益|鋼鐵工業|-52 -22 -13|81 95 -2 6|1.3 5