# 2024-05-02 全池(1248 檔)。欄位:代碼 名稱|產業|最新月YoY 3月YoY均 加速度|距52週高% 距120日高% 60日漲% 120日漲%|量能比 日均值M
1101 台泥|水泥工業|16 -6 0|82 92 -1 0|1.0 593
1102 亞泥|水泥工業|-21 -10 3|100 100 10 9|1.5 233
1103 嘉泥|水泥工業|2 8 -17|84 97 4 6|3.6 7
1104 環泥|水泥工業|1 6 -2|100 100 22 39|1.6 79
1108 幸福|水泥工業|3 12 -8|97 100 13 29|1.2 32
1109 信大|水泥工業|-35 -8 -4|100 100 17 20|1.6 11
1110 東泥|水泥工業|2 11 -21|100 100 12 15|2.4 6
1201 味全|食品工業|4 12 2|92 96 2 2|1.0 6
1210 大成|食品工業|-11 -7 -2|92 95 -0 13|0.6 98
1215 卜蜂|食品工業|-9 -4 -4|93 93 11 17|0.7 41
1216 統一|食品工業|16 21 6|96 96 7 12|0.9 586
1217 愛之味|食品工業|-10 -1 -2|85 100 7 8|1.7 11
1218 泰山|食品工業|3 4 2|70 99 7 12|1.4 21
1219 福壽|食品工業|-26 -15 -7|93 99 2 3|1.4 7
1220 台榮|食品工業|-1 20 17|100 100 25 29|3.9 6
1227 佳格|食品工業|4 12 9|95 97 2 2|1.3 20
1229 聯華|食品工業|-3 8 -4|96 96 3 7|0.7 50
1231 聯華食|食品工業|-9 6 6|99 99 14 12|0.5 16
1232 大統益|食品工業|-9 -9 -1|98 99 4 3|0.8 7
1234 黑松|食品工業|-7 4 -3|100 100 6 10|0.9 8
1268 漢來美食|觀光餐旅|40 37 -9|86 99 1 13|1.7 10
1301 台塑|塑膠工業|-12 -6 8|76 84 -5 -11|0.9 504
1303 南亞|塑膠工業|-9 -11 9|74 82 -5 -7|0.8 391
1304 台聚|塑膠工業|-14 -8 9|65 78 -13 -16|2.4 29
1305 華夏|塑膠工業|-16 -23 -5|69 77 -11 -15|1.0 27
1307 三芳|塑膠工業|9 2 7|100 100 24 34|1.2 22
1308 亞聚|塑膠工業|-11 1 25|72 78 -13 -18|0.8 15
1309 台達化|塑膠工業|-2 8 15|75 87 -1 -7|0.7 6
1310 台苯|塑膠工業|-45 9 20|76 79 -8 -14|1.0 9
1312 國喬|塑膠工業|-43 -21 -5|68 83 -6 -12|0.9 25
1313 聯成|塑膠工業|12 22 9|81 86 -2 -4|1.1 15
1314 中石化|塑膠工業|17 75 35|100 100 21 13|5.2 299
1316 上曜|建材營造|48 14 58|85 85 78 119|1.2 181
1319 東陽|汽車工業|5 14 1|93 93 51 67|0.4 503
1321 大洋|塑膠工業|-10 -16 4|98 98 12 16|3.5 15
1325 恆大|塑膠工業|-41 -11 11|58 58 -27 25|0.2 9
1326 台化|塑膠工業|2 1 9|80 86 -2 -9|1.1 255
1339 昭輝|汽車工業|9 11 5|100 100 33 36|2.6 34
1342 八貫|其他|-5 3 4|84 86 7 14|0.4 52
1402 遠東新|紡織纖維|-0 7 7|100 100 8 13|1.2 144
1409 新纖|紡織纖維|26 20 21|100 100 15 14|1.5 56
1414 東和|紡織纖維|-1 4 12|97 97 16 18|1.4 14
1416 廣豐|其他|-37 14 -5|98 98 18 30|1.2 15
1434 福懋|紡織纖維|-4 -6 9|85 89 -4 -9|0.9 25
1436 華友聯|建材營造|-87 139 -119|100 100 75 119|3.0 52
1437 勤益控|其他|1 3 -7|100 100 10 15|1.5 7
1438 三地開發|建材營造|-100 -100 na|100 100 39 92|0.8 20
1440 南紡|紡織纖維|-27 -20 -5|99 99 32 41|7.4 31
1442 名軒|建材營造|164 2431 -17448|100 100 61 67|3.3 116
1445 大宇|紡織纖維|-49 -38 -17|89 89 16 29|2.2 17
1446 宏和|紡織纖維|981 2166 1383|100 100 25 18|6.1 7
1449 佳和|紡織纖維|-2 65 38|70 70 -9 30|0.4 7
1453 大將|建材營造|102 102 -29600|100 100 73 78|3.2 41
1455 集盛|紡織纖維|1 32 27|94 94 38 45|1.0 64
1456 怡華|建材營造|15 156 -31|95 95 33 37|0.9 8
1457 宜進|紡織纖維|24 23 34|97 97 42 50|4.9 13
1467 南緯|紡織纖維|46 22 32|95 100 12 10|1.0 38
1471 首利|電子零組|13 14 -4|64 76 -8 -16|0.3 9
1472 三洋實業|建材營造|114 135 17|98 98 40 77|0.6 8
1473 台南|紡織纖維|52 41 36|99 99 20 9|2.0 15
1474 弘裕|紡織纖維|26 26 26|100 100 19 24|3.3 5
1475 業旺|紡織纖維|20 25 17|94 100 17 8|0.8 6
1476 儒鴻|紡織纖維|18 17 24|85 85 -6 -1|0.9 391
1477 聚陽|紡織纖維|12 10 5|99 99 16 14|0.9 568
1503 士電|電機機械|-1 10 8|83 83 132 200|0.7 6308
1504 東元|電機機械|-17 -6 -5|93 93 25 23|0.6 1319
1513 中興電|電機機械|12 5 -10|86 86 52 95|0.3 9044
1514 亞力|電機機械|20 12 -7|83 83 78 195|0.1 949
1515 力山|電機機械|261 274 119|84 84 11 28|1.2 67
1517 利奇|電機機械|-29 -37 20|88 92 8 14|0.3 6
1519 華城|電機機械|48 159 41|84 84 105 258|1.1 7946
1522 堤維西|汽車工業|-5 9 7|87 87 36 38|0.5 257
1524 耿鼎|汽車工業|14 30 13|99 99 23 25|0.6 157
1527 鑽全|電機機械|-20 2 20|96 96 5 7|0.7 12
1528 恩德|電機機械|-18 -14 -11|70 77 -13 14|0.1 11
1529 樂事綠能|電機機械|7 -21 -160|72 89 3 15|0.4 127
1532 勤美|電機機械|94 67 17|100 100 32 49|3.9 299
1533 車王電|汽車工業|-26 -20 -34|70 83 -10 -8|3.4 6
1535 中宇|電機機械|26 30 11|84 84 32 49|0.7 66
1536 和大|汽車工業|-24 -12 2|75 85 1 -11|1.1 81
1537 廣隆|電機機械|3 25 26|98 98 5 6|0.6 16
1540 喬福|電機機械|40 15 -15|100 100 19 29|1.4 16
1558 伸興|電機機械|1 10 -7|87 89 -2 -7|0.6 6
1560 中砂|電機機械|-5 3 8|90 90 32 54|1.0 855
1565 精華|生技醫療|-6 -1 6|77 91 -4 3|0.6 16
1568 倉佑|汽車工業|-26 -9 8|76 80 -1 -8|0.3 11
1569 濱川|電腦及週|-19 -30 -7|93 93 -4 11|0.4 5
1570 力肯|電機機械|-45 -18 20|60 60 16 33|0.6 38
1580 新麥|電機機械|-16 12 -4|96 96 6 8|0.6 14
1582 信錦|電子零組|12 19 12|100 100 26 41|0.7 204
1584 精剛|其他|-18 0 -40|85 92 3 10|0.7 112
1587 吉茂|汽車工業|-6 -9 7|96 96 162 170|4.7 223
1589 永冠-KY|電機機械|-44 -31 -13|56 75 -7 -6|0.5 35
1590 亞德客-KY|電機機械|-5 17 -1|92 92 13 5|0.7 631
1591 駿吉-KY|電機機械|143 84 118|96 96 35 70|0.6 21
1597 直得|電機機械|3 -18 15|85 85 8 10|1.0 37
1603 華電|電器電纜|-12 22 -2|83 83 29 30|0.6 382
1604 聲寶|電器電纜|9 6 4|93 99 8 10|1.1 26
1605 華新|電器電纜|-14 -20 -16|76 91 2 8|0.7 1138
1608 華榮|電器電纜|-10 6 11|82 82 76 90|0.8 1417
1609 大亞|電器電纜|-5 9 6|87 87 59 76|1.0 5054
1611 中電|電器電纜|-32 -13 -0|82 91 1 9|0.6 25
1612 宏泰|電器電纜|26 6 2|82 82 33 51|0.6 586
1614 三洋電|電器電纜|-19 -10 -4|100 100 12 14|2.4 8
1615 大山|電器電纜|-1 31 11|87 87 27 59|0.5 51
1616 億泰|電器電纜|-2 15 0|89 89 87 148|0.8 108
1617 榮星|電器電纜|-3 11 21|81 81 49 50|0.7 63
1618 合機|電器電纜|24 27 -51|80 80 68 97|1.0 807
1701 中化|生技醫療|2 7 5|82 85 -6 -4|1.0 15
1702 南僑|食品工業|-1 7 -3|99 99 19 25|1.3 44
1707 葡萄王|生技醫療|2 6 4|85 97 1 6|0.5 37
1708 東鹼|化學工業|-12 -9 14|82 92 0 5|1.3 15
1709 和益|化學工業|-12 6 8|78 92 -5 -5|0.7 6
1710 東聯|化學工業|-18 1 -2|75 86 -8 -3|0.6 16
1711 永光|化學工業|-3 -1 6|91 93 7 5|0.4 23
1712 興農|化學工業|4 -2 11|100 100 16 22|1.2 37
1713 國化|化學工業|-14 7 11|91 91 5 24|1.0 14
1717 長興|化學工業|-2 9 14|96 99 16 18|0.5 71
1720 生達|生技醫療|-3 8 3|84 90 -1 5|0.6 25
1721 三晃|化學工業|-20 -4 16|77 79 -2 -15|0.4 11
1722 台肥|化學工業|-13 -4 -8|98 98 5 13|1.8 203
1723 中碳|化學工業|-25 -24 0|90 90 -1 -5|0.7 51
1725 元禎|化學工業|-2 3 12|90 90 112 120|2.6 38
1727 中華化|化學工業|26 2 20|71 89 9 7|0.3 22
1731 美吾華|生技醫療|-17 20 10|94 94 17 21|0.8 15
1732 毛寶|化學工業|-3 10 11|75 75 -13 20|0.3 5
1733 五鼎|生技醫療|-19 4 24|81 81 2 29|0.4 15
1734 杏輝|生技醫療|-19 4 2|98 98 13 16|0.4 24
1736 喬山|運動休閒|12 13 -5|100 100 29 29|2.6 190
1737 臺鹽|食品工業|-5 -7 -1|91 97 1 3|0.9 11
1752 南光|生技醫療|-31 -4 -5|58 74 -9 -14|0.6 6
1760 寶齡富錦|生技醫療|2 27 34|56 80 -7 -14|0.7 53
1762 中化生|生技醫療|-58 -67 -40|46 76 -11 -14|0.5 13
1773 勝一|化學工業|6 9 15|88 88 27 35|0.3 169
1783 和康生|生技醫療|-33 -9 -8|64 87 -6 -8|0.6 5
1784 訊聯|生技醫療|-6 19 2|91 96 11 16|3.3 22
1785 光洋科|其他電子|20 30 22|89 89 12 14|0.3 341
1786 科妍|生技醫療|17 78 32|91 91 37 45|0.5 120
1789 神隆|生技醫療|35 37 27|85 98 13 8|1.3 43
1795 美時|生技醫療|-20 -8 -27|93 93 14 26|0.6 2233
1799 易威|生技醫療|256 92 -4|99 99 78 137|0.6 6
1802 台玻|玻璃陶瓷|-11 4 -3|76 89 -6 -6|0.7 51
1805 寶徠|建材營造|-17 -4 -152|100 100 29 64|2.2 20
1808 潤隆|建材營造|-45 -69 -10267|90 90 12 24|1.1 480
1809 中釉|玻璃陶瓷|-1 19 19|73 73 48 86|0.6 66
1810 和成|玻璃陶瓷|-3 7 5|70 90 13 10|0.6 32
1815 富喬|電子零組|-9 -19 12|84 84 23 7|0.3 184
1817 凱撒衛|玻璃陶瓷|-12 23 20|100 100 7 12|4.6 12
1903 士紙|造紙工業|-15 -4 -9|91 100 27 33|4.7 50
1904 正隆|造紙工業|-5 1 2|84 97 1 4|0.9 25
1905 華紙|造紙工業|-7 -0 10|74 94 4 15|2.2 105
1907 永豐餘|造紙工業|-5 5 8|81 90 4 6|1.5 49
1909 榮成|造紙工業|-5 3 9|89 100 13 15|2.4 37
2002 中鋼|鋼鐵工業|-3 4 16|85 92 -1 3|0.7 607
2006 東和鋼鐵|鋼鐵工業|1 13 4|98 98 6 18|0.7 163
2007 燁興|鋼鐵工業|17 3 20|86 86 3 27|0.6 20
2009 第一銅|鋼鐵工業|-10 8 7|92 92 53 68|1.5 1294
2010 春源|鋼鐵工業|0 11 15|100 100 28 41|1.9 46
2013 中鋼構|鋼鐵工業|2 -4 0|94 94 16 21|0.4 21
2014 中鴻|鋼鐵工業|-19 -2 0|83 83 -2 9|0.7 189
2015 豐興|鋼鐵工業|-13 4 8|100 100 11 18|0.9 28
2017 官田鋼|鋼鐵工業|7 10 10|94 97 3 16|1.7 21
2020 美亞|鋼鐵工業|-19 -7 -11|100 100 24 43|1.0 64
2022 聚亨|鋼鐵工業|-22 7 12|77 90 6 4|0.4 17
2023 燁輝|鋼鐵工業|-8 14 15|84 84 -2 1|0.8 32
2025 千興|鋼鐵工業|na na na|85 85 49 42|0.3 30
2027 大成鋼|鋼鐵工業|-26 -20 -5|93 95 1 1|0.8 287
2028 威致|鋼鐵工業|-31 -1 16|90 90 10 20|0.6 20
2029 盛餘|鋼鐵工業|-0 18 -0|95 95 4 27|0.9 17
2030 彰源|鋼鐵工業|-14 -7 8|87 93 1 10|0.8 11
2031 新光鋼|鋼鐵工業|-28 6 4|91 91 10 31|0.9 126
2032 新鋼|鋼鐵工業|-6 -9 -1|88 88 2 18|0.4 8
2033 佳大|鋼鐵工業|-17 -0 17|86 86 0 13|0.5 5
2034 允強|鋼鐵工業|-25 -19 -8|90 92 -4 -3|0.7 12
2038 海光|鋼鐵工業|-10 4 14|88 88 1 23|0.6 35
2049 上銀|電機機械|-12 -1 8|81 81 5 17|0.5 673
2059 川湖|電子零組|68 67 68|82 82 15 71|0.7 1698
2061 風青|電器電纜|10 10 10|95 95 46 56|2.5 10
2062 橋椿|居家生活|-3 50 33|97 97 20 34|0.8 21
2065 世豐|鋼鐵工業|-14 -13 2|98 98 9 15|0.4 5
2066 世德|電機機械|1 1 6|98 98 66 93|2.6 235
2101 南港|橡膠工業|18 16 3|98 98 40 63|4.1 1197
2102 泰豐|橡膠工業|-77 -80 1|96 98 12 15|4.8 12
2103 台橡|橡膠工業|-1 8 11|92 100 10 8|1.9 52
2104 國際中橡|橡膠工業|-5 -4 17|78 89 -3 -7|1.3 25
2105 正新|橡膠工業|-7 5 4|94 94 6 6|1.1 239
2106 建大|橡膠工業|-2 1 8|99 99 13 16|0.9 33
2107 厚生|橡膠工業|-30 -17 2|100 100 15 17|2.8 18
2108 南帝|橡膠工業|6 -0 11|88 90 -3 2|2.2 12
2109 華豐|橡膠工業|-10 6 12|98 98 24 29|0.4 19
2115 六暉-KY|汽車工業|32 29 29|95 100 11 6|2.2 6
2201 裕隆|汽車工業|6 8 -1|80 88 -0 -5|1.2 304
2204 中華|汽車工業|29 35 2|99 99 30 69|0.8 533
2206 三陽工業|汽車工業|-1 11 -10|92 100 23 32|2.6 433
2207 和泰車|汽車工業|-7 8 -6|73 87 -3 3|1.0 159
2208 台船|航運業|-40 -34 -35|72 84 -3 -7|0.5 64
2211 長榮鋼|鋼鐵工業|-10 19 9|99 99 40 109|0.8 278
2227 裕日車|汽車工業|-3 6 -19|68 70 -22 -27|0.6 6
2228 劍麟|汽車工業|2 13 -2|93 93 10 15|0.6 30
2230 泰茂|居家生活|121 175 101|90 90 4 34|0.9 124
2231 為升|汽車工業|-26 -10 -15|66 80 -15 -15|1.8 43
2233 宇隆|汽車工業|0 12 5|86 86 4 -2|0.5 18
2236 百達-KY|汽車工業|-24 -3 -24|85 85 13 4|0.5 63
2241 艾姆勒|汽車工業|2 9 -31|95 95 47 40|4.0 125
2247 汎德永業|汽車工業|4 7 -4|96 100 13 9|1.8 21
2250 IKKA-KY|汽車工業|1 13 4|86 86 18 53|0.4 11
2254 巨鎧精密-創|汽車工業|-40 -3 na|na 82 11 -17|1.0 23
2258 鴻華先進-創|汽車工業|1557 1274 na|na na -1 na|0.5 14
2301 光寶科|電腦及週|-15 -16 -2|64 82 -10 1|0.6 1469
2303 聯電|半導體業|3 1 17|94 94 -1 9|0.7 2654
2305 全友|電腦及週|14 80 50|76 76 -2 -9|0.3 10
2308 台達電|電子零組|-8 -1 -3|83 86 7 7|0.9 3072
2312 金寶|其他電子|-13 -16 -1|82 86 -8 5|0.4 42
2313 華通|電子零組|19 15 18|93 93 11 48|0.5 1245
2314 台揚|通信網路|-54 -63 -20|64 75 -12 -11|0.5 27
2316 楠梓電|電子零組|1 -0 19|98 98 33 44|2.7 194
2317 鴻海|其他電子|12 -7 2|97 97 53 60|0.8 16460
2323 中環|光電業|-1 7 5|90 98 23 21|3.6 116
2324 仁寶|電腦及週|-2 -5 -0|90 90 -2 29|0.6 710
2327 國巨*|電子零組|11 9 15|99 99 13 19|0.9 1733
2328 廣宇|電子零組|-5 -22 -15|79 90 2 2|0.4 71
2329 華泰|半導體業|21 29 10|76 76 0 52|0.3 836
2330 台積電|半導體業|34 18 19|94 94 24 47|0.8 32192
2331 精英|電腦及週|-12 -23 9|76 91 -3 19|0.5 130
2332 友訊|通信網路|-14 -16 -5|70 88 -8 -2|0.4 36
2337 旺宏|半導體業|-25 -18 13|76 84 -11 -1|1.2 230
2338 光罩|半導體業|16 20 19|84 88 -1 -0|0.5 59
2340 台亞|半導體業|14 15 11|69 78 -14 -13|0.5 43
2342 茂矽|半導體業|-2 -10 17|67 86 -4 -7|0.4 10
2344 華邦電|半導體業|9 16 22|84 84 -7 4|0.7 638
2345 智邦|通信網路|4 -5 -8|82 82 -10 -6|1.2 1760
2347 聯強|電子通路|0 18 18|100 100 12 19|1.0 396
2348 海悅|其他|80 325 198|98 98 102 145|1.8 291
2351 順德|半導體業|-21 -10 -1|81 89 3 7|2.3 80
2352 佳世達|電腦及週|-12 -7 5|72 86 -10 -2|0.3 292
2353 宏碁|電腦及週|14 12 12|82 82 -6 31|0.5 980
2354 鴻準|其他電子|-61 -63 -36|93 93 20 16|0.7 883
2355 敬鵬|電子零組|-8 3 5|74 74 -7 18|0.4 139
2356 英業達|電腦及週|6 9 9|73 86 -7 31|0.3 1461
2357 華碩|電腦及週|1 12 14|87 87 -6 26|0.6 1063
2359 所羅門|其他電子|-28 -14 -1|90 90 140 192|4.1 478
2360 致茂|其他電子|10 0 13|86 89 20 16|0.7 480
2362 藍天|電腦及週|-1 0 -29|88 88 -4 34|1.3 103
2363 矽統|半導體業|-20 12 -22|80 80 34 17|2.2 2367
2364 倫飛|電腦及週|-8 -0 -10|56 59 -10 -39|0.3 10
2365 昆盈|電腦及週|23 28 27|75 75 28 66|0.2 101
2367 燿華|電子零組|16 21 26|90 90 36 42|0.4 629
2368 金像電|電子零組|24 44 38|71 71 -9 12|0.6 1533
2369 菱生|半導體業|-1 8 2|79 79 -6 6|0.1 54
2371 大同|電機機械|-9 -2 -44|95 95 49 83|1.2 8421
2374 佳能|光電業|35 35 30|95 95 62 81|1.3 892
2375 凱美|電子零組|-2 10 18|81 81 -4 3|0.8 28
2376 技嘉|電腦及週|149 98 40|76 76 -2 33|0.4 3837
2377 微星|電腦及週|0 10 -1|78 78 -13 -4|0.6 458
2379 瑞昱|半導體業|14 33 30|85 85 14 27|0.8 1866
2382 廣達|電腦及週|10 -3 8|90 90 8 43|0.7 10332
2383 台光電|電子零組|66 77 43|77 77 -1 17|0.9 3042
2385 群光|電子零組|-3 1 10|80 80 24 66|0.4 958
2387 精元|電腦及週|6 17 15|94 94 9 26|0.4 60
2388 威盛|半導體業|4 9 -36|72 72 -11 7|0.7 854
2390 云辰|其他電子|23 3 -5|75 75 -9 -12|0.2 5
2392 正崴|電子零組|6 -0 5|91 91 4 21|0.8 82
2393 億光|光電業|9 11 13|100 100 29 43|1.3 248
2395 研華|電腦及週|-23 -20 -8|88 88 6 8|1.1 408
2399 映泰|電腦及週|-18 -9 -12|73 76 -13 -14|0.2 18
2401 凌陽|半導體業|19 14 11|78 78 -14 -5|2.1 101
2402 毅嘉|電子零組|-6 5 -7|71 90 -2 3|0.5 121
2404 漢唐|其他電子|-28 -20 -44|90 90 44 63|0.5 1014
2405 輔信|電腦及週|4 5 3|85 85 1 10|0.2 82
2406 國碩|光電業|54 50 66|99 99 21 27|0.8 70
2408 南亞科|半導體業|58 48 56|84 84 -7 3|0.6 961
2409 友達|光電業|11 17 -3|87 93 -6 15|1.6 807
2412 中華電|通信網路|-1 1 -1|98 98 3 7|0.9 1230
2417 圓剛|電腦及週|-3 11 19|69 69 9 12|0.2 75
2419 仲琦|通信網路|-9 -25 4|59 80 -11 2|0.3 29
2420 新巨|電子零組|1 -0 16|100 100 15 21|0.4 14
2421 建準|電子零組|-8 3 8|75 82 1 29|0.4 672
2423 固緯|其他電子|4 -10 -13|98 98 13 36|3.3 17
2425 承啟|電腦及週|-7 1 -14|63 71 -17 -14|0.3 39
2426 鼎元|光電業|1 6 3|81 87 -7 -2|0.4 7
2427 三商電|資訊服務|293 86 59|90 94 18 1|1.3 115
2428 興勤|電子零組|-10 -9 -3|89 89 -4 15|0.3 53
2430 燦坤|電子通路|-3 -6 2|88 95 -1 1|0.4 7
2436 偉詮電|半導體業|4 21 1|78 78 -9 -4|0.4 58
2439 美律|通信網路|11 16 11|95 95 18 37|0.9 303
2440 太空梭|電子零組|27 74 52|97 97 26 30|1.1 22
2441 超豐|半導體業|5 17 15|95 95 4 5|0.6 43
2442 新美齊|建材營造|614 1126 -215|98 98 32 68|2.3 124
2449 京元電子|半導體業|7 6 11|81 81 16 19|1.2 1261
2451 創見|半導體業|-15 7 12|100 100 20 28|1.1 101
2453 凌群|資訊服務|13 12 2|81 91 1 23|0.5 51
2454 聯發科|半導體業|18 48 45|81 81 7 22|0.8 6557
2455 全新|通信網路|61 126 65|79 79 18 1|0.5 327
2457 飛宏|電子零組|-32 -12 -0|63 83 -10 1|0.8 134
2458 義隆|半導體業|39 29 7|99 99 12 17|1.1 450
2459 敦吉|其他電子|-26 -14 -6|100 100 15 30|1.3 11
2460 建通|電子零組|-2 20 13|75 75 -5 13|0.2 27
2461 光群雷|其他電子|8 3 10|95 100 5 13|2.5 40
2462 良得電|電子零組|-12 -7 7|76 78 -9 -14|0.3 13
2464 盟立|其他電子|-42 -39 -13|87 87 31 30|1.2 287
2465 麗臺|電腦及週|5 26 17|78 78 79 136|1.0 772
2467 志聖|電子零組|30 11 35|93 93 64 195|0.5 504
2468 華經|資訊服務|-35 10 1|62 80 -4 -7|0.3 8
2471 資通|資訊服務|-9 -17 -15|87 92 -2 15|0.4 21
2472 立隆電|電子零組|3 5 12|99 99 8 39|1.1 115
2474 可成|其他電子|6 3 16|98 98 12 24|1.0 469
2476 鉅祥|電子零組|2 3 14|88 88 4 42|0.2 120
2480 敦陽科|資訊服務|3 2 -4|97 97 5 13|0.6 19
2481 強茂|半導體業|-1 2 -1|72 79 -13 -6|0.7 68
2482 連宇|其他電子|-71 -72 -44|39 66 -18 -24|0.4 12
2484 希華|電子零組|-21 -15 9|88 88 -5 8|0.2 13
2485 兆赫|通信網路|-39 -34 -15|68 83 -9 -16|0.3 19
2486 一詮|光電業|1 8 3|95 95 42 54|1.3 1742
2488 漢平|其他電子|73 45 46|100 100 17 25|0.5 24
2489 瑞軒|光電業|44 31 13|90 90 12 32|0.7 65
2492 華新科|電子零組|2 5 4|80 80 3 8|0.7 341
2493 揚博|電子零組|12 3 3|94 94 22 42|0.4 34
2495 普安|電腦及週|5 -3 7|79 84 3 14|0.2 14
2497 怡利電|汽車工業|2 14 -0|78 85 -4 -7|3.1 20
2498 宏達電|通信網路|-57 -31 -26|67 78 -17 -3|0.7 145
2501 國建|建材營造|256 148 109|94 94 115 157|5.0 1150
2504 國產|建材營造|-12 5 6|100 100 75 102|2.5 772
2505 國揚|建材營造|-12 -42 11|100 100 39 73|4.8 47
2506 太設|建材營造|42 127 24|98 98 37 50|3.0 99
2509 全坤建|建材營造|6 10 0|100 100 49 72|3.2 94
2511 太子|建材營造|24 -14 1|98 98 24 22|3.3 94
2514 龍邦|其他|170 314 137|100 100 20 18|2.2 38
2515 中工|建材營造|37 28 -7|94 94 41 51|2.7 1898
2516 新建|建材營造|-19 4 -17|87 87 8 40|1.0 33
2520 冠德|建材營造|58 18 16|100 100 56 76|3.9 625
2524 京城|建材營造|134 126 68|100 100 74 80|2.4 36
2527 宏璟|建材營造|291 413 160|85 85 85 138|3.3 160
2528 皇普|建材營造|139 -20 -31998|100 100 45 93|1.1 57
2530 華建|建材營造|40164 19744 -1292|99 99 43 98|1.0 146
2534 宏盛|建材營造|-40 -64 -0|100 100 46 62|4.9 67
2535 達欣工|建材營造|12 12 20|100 100 31 59|1.1 67
2536 宏普|建材營造|1 678 -1569|97 97 28 42|4.6 64
2537 聯上發|建材營造|535 332 -5716|100 100 105 147|2.8 307
2538 基泰|建材營造|-46 -33 -37|96 96 5 8|2.1 22
2539 櫻花建|建材營造|-24 -31 na|96 96 54 70|0.8 96
2540 愛山林|建材營造|1 108 7|100 100 66 81|2.1 274
2542 興富發|建材營造|-24 -48 -525|100 100 18 14|3.1 254
2543 皇昌|建材營造|8 17 -18|100 100 111 184|1.1 396
2545 皇翔|建材營造|1807 588 439|100 100 41 58|3.8 117
2546 根基|建材營造|-10 -4 -1|98 98 36 46|2.9 27
2547 日勝生|建材營造|30 21 -12|100 100 27 41|2.4 109
2548 華固|建材營造|-100 -100 -612|100 100 74 82|2.2 571
2596 綠意|建材營造|33 138 -580|100 100 30 70|1.5 13
2597 潤弘|建材營造|-1 15 18|100 100 58 85|1.9 122
2603 長榮|航運業|37 36 65|95 95 18 69|1.1 6314
2605 新興|航運業|19 9 5|88 88 8 19|1.1 183
2606 裕民|航運業|21 38 24|95 95 12 23|0.7 309
2607 榮運|航運業|23 36 28|96 96 1 15|1.8 139
2608 嘉里大榮|航運業|-9 4 7|99 99 14 15|1.7 20
2609 陽明|航運業|20 19 58|88 88 3 22|3.3 979
2610 華航|航運業|10 15 -8|78 96 5 11|3.3 838
2611 志信|航運業|4 36 27|98 98 78 142|3.3 94
2612 中航|航運業|13 10 14|76 76 1 16|0.8 18
2614 東森|其他|-2 3 3|63 82 -7 -9|0.6 11
2615 萬海|航運業|9 9 48|80 82 -2 7|2.8 296
2617 台航|航運業|7 10 7|98 98 13 33|2.1 50
2618 長榮航|航運業|8 18 -20|91 100 19 35|3.3 2600
2630 亞航|航運業|23 12 -7|70 96 21 39|1.0 297
2633 台灣高鐵|航運業|13 11 -24|92 98 1 2|0.9 83
2634 漢翔|航運業|6 8 -10|91 99 15 19|0.9 1131
2636 台驊控股|航運業|40 38 52|96 96 10 45|0.9 144
2637 慧洋-KY|航運業|30 32 44|98 98 30 63|0.8 405
2640 大車隊|數位雲端|-5 10 -3|90 99 16 22|1.3 10
2641 正德|航運業|35 53 38|89 89 0 29|1.4 55
2643 捷迅|航運業|93 32 39|100 100 16 33|2.3 15
2645 長榮航太|航運業|0 12 -10|83 93 9 19|0.8 201
2704 國賓|觀光餐旅|8 1 6|89 89 46 40|0.8 64
2705 六福|觀光餐旅|15 6 -42|82 100 23 30|5.9 15
2707 晶華|觀光餐旅|1 2 -17|76 97 12 18|2.6 56
2718 全心投控|建材營造|-85 739 -780|100 100 140 180|2.9 7
2722 夏都|觀光餐旅|-1 -13 -5|62 93 18 52|3.3 29
2723 美食-KY|觀光餐旅|-8 -11 -12|57 88 -5 -5|0.7 31
2727 王品|觀光餐旅|10 2 -18|72 92 -3 1|0.9 170
2729 瓦城|觀光餐旅|21 12 -15|80 96 0 0|0.4 14
2731 雄獅|觀光餐旅|82 82 -537|80 100 19 23|3.3 367
2732 六角|觀光餐旅|1 -1 2|68 89 -3 25|0.4 20
2734 易飛網|觀光餐旅|70 91 -237|57 83 6 12|3.3 10
2736 富野|觀光餐旅|-35 -48 -40|57 89 3 28|4.3 17
2739 寒舍|觀光餐旅|21 14 -31|90 100 28 98|4.6 35
2743 山富|觀光餐旅|180 159 -729|88 100 28 40|5.2 193
2745 五福|觀光餐旅|175 174 -2220|100 100 57 103|3.9 88
2748 雲品|觀光餐旅|44 23 2|64 83 -3 19|2.2 58
2753 八方雲集|觀光餐旅|9 12 3|88 96 3 3|0.9 31
2754 亞洲藏壽司|觀光餐旅|31 23 -8|49 76 -14 -15|0.7 11
2762 世界健身-KY|運動休閒|-1 6 na|na na -18 na|0.3 16
2801 彰銀|金融保險|-8 5 -3|99 99 4 6|1.4 196
2809 京城銀|金融保險|501 172 -15|100 100 41 56|1.1 238
2812 台中銀|金融保險|8 13 -2|100 100 12 21|0.5 76
2816 旺旺保|金融保險|16 17 -4|87 87 5 -1|0.9 23
2820 華票|金融保險|-38 -1 -101|100 100 5 9|1.3 10
2832 台產|金融保險|12 14 1|100 100 14 22|1.4 19
2834 臺企銀|金融保險|8 8 -0|100 100 30 34|1.1 362
2836 高雄銀|金融保險|7 9 5|98 98 2 5|0.7 29
2838 聯邦銀|金融保險|39 17 4|97 99 10 17|1.1 25
2845 遠東銀|金融保險|-0 9 0|100 100 27 34|1.1 96
2850 新產|金融保險|18 12 4|100 100 44 47|0.9 77
2851 中再保|金融保險|16 17 8|99 99 21 22|1.4 88
2852 第一保|金融保險|14 11 2|100 100 27 38|2.8 15
2855 統一證|金融保險|81 122 58|100 100 47 60|1.3 138
2880 華南金|金融保險|11 14 3|100 100 13 19|2.4 255
2881 富邦金|金融保險|201 195 108|98 98 7 15|1.0 1040
2882 國泰金|金融保險|62 92 17|99 99 14 15|1.2 1185
2883 凱基金|金融保險|-47 64 -44|94 94 13 21|0.8 531
2884 玉山金|金融保險|5 13 -11|99 99 11 15|1.0 587
2885 元大金|金融保險|37 31 12|99 99 15 26|0.9 634
2886 兆豐金|金融保險|21 23 -19|98 98 6 9|1.1 784
2887 台新新光金|金融保險|-0 11 4|98 99 5 5|1.3 267
2889 國票金|金融保險|3 13 -16|100 100 23 28|1.7 112
2890 永豐金|金融保險|32 30 9|100 100 17 24|1.1 425
2891 中信金|金融保險|80 105 -23|100 100 22 40|1.7 1278
2892 第一金|金融保險|12 6 7|98 98 3 6|1.1 330
2897 王道銀行|金融保險|-7 15 12|98 98 6 8|1.1 87
2903 遠百|貿易百貨|-0 -3 -5|100 100 41 43|1.0 132
2905 三商|貿易百貨|22 623 451|96 100 15 16|2.6 16
2906 高林|貿易百貨|7 11 12|100 100 7 35|1.4 9
2912 統一超|貿易百貨|6 8 -1|97 98 3 6|1.1 287
2913 農林|貿易百貨|-4 -4 -5|77 100 14 18|5.5 65
2915 潤泰全|貿易百貨|-33 -2 5|98 98 5 11|2.4 139
2916 滿心|居家生活|12 19 -1|99 99 25 39|0.9 8
3002 歐格|電腦及週|-10 6 19|82 82 -1 13|0.1 5
3003 健和興|電子零組|-1 -3 8|89 100 12 16|3.0 61
3004 豐達科|鋼鐵工業|14 21 -12|94 94 24 33|0.9 106
3005 神基|電腦及週|-3 7 -4|72 72 4 54|0.3 882
3006 晶豪科|半導體業|29 23 26|84 84 -4 7|0.9 397
3008 大立光|光電業|4 24 16|77 77 -13 7|0.5 1278
3010 華立|電子通路|15 20 17|99 99 32 37|0.7 265
3011 今皓|電子零組|-20 0 11|67 72 -15 -20|0.9 15
3013 晟銘電|電腦及週|8 -4 -0|100 100 74 79|1.3 2123
3014 聯陽|半導體業|-4 15 -19|92 92 13 4|0.4 192
3015 全漢|電子零組|-33 -20 -9|90 90 19 29|0.8 115
3016 嘉晶|半導體業|-10 -6 17|85 94 6 7|0.7 64
3017 奇鋐|電腦及週|7 38 22|96 96 69 131|1.2 9865
3019 亞光|光電業|6 13 13|90 90 -5 8|0.9 41
3022 威強電|電腦及週|-31 -20 -7|81 91 1 15|0.6 47
3023 信邦|電子零組|-3 -6 -6|77 94 5 2|0.6 226
3024 憶聲|光電業|-33 -17 -19|100 100 15 32|2.5 75
3025 星通|通信網路|-44 -8 -75|84 84 1 20|0.2 126
3026 禾伸堂|電子零組|-14 -14 -4|96 96 1 2|0.8 13
3027 盛達|通信網路|47 114 26|81 91 15 26|0.7 170
3028 增你強|電子通路|13 20 21|97 97 6 14|0.8 21
3029 零壹|資訊服務|26 9 1|96 96 15 31|0.3 62
3030 德律|其他電子|1 43 51|100 100 56 79|3.3 318
3031 佰鴻|光電業|-28 -0 22|92 98 3 23|0.8 7
3032 偉訓|電子零組|-15 11 -15|89 89 -1 18|0.4 172
3033 威健|電子通路|12 18 12|100 100 16 34|1.9 138
3034 聯詠|半導體業|-7 2 -15|98 98 17 36|0.7 2701
3035 智原|半導體業|-24 -21 -7|64 64 -32 -4|1.0 2363
3036 文曄|電子通路|72 61 41|87 87 0 32|0.4 1705
3037 欣興|電子零組|3 -0 22|88 89 5 24|0.9 1925
3038 全台|光電業|-22 -16 -4|79 88 4 16|0.3 18
3041 揚智|半導體業|-9 17 45|70 70 -16 -12|0.1 34
3042 晶技|電子零組|26 21 25|92 92 17 17|0.5 249
3044 健鼎|電子零組|4 7 11|89 89 10 21|0.5 623
3045 台灣大|通信網路|11 12 5|100 100 7 9|1.1 519
3046 建碁|電腦及週|43 54 -29|62 86 -8 -0|0.5 15
3047 訊舟|通信網路|-15 -15 12|74 74 -11 8|0.1 17
3048 益登|電子通路|-2 2 7|89 90 -1 2|0.7 7
3050 鈺德|光電業|17 14 9|91 91 29 49|0.4 41
3051 力特|光電業|-21 -20 7|85 85 11 19|0.3 64
3052 夆典|建材營造|-14 -0 -23|99 99 15 25|1.3 39
3055 蔚華科|電子通路|-19 -40 -9|91 91 43 106|0.6 136
3056 富華新|建材營造|124 -4 -53|93 100 22 34|3.2 125
3058 立德|電子零組|-17 -16 1|70 87 9 17|0.6 37
3059 華晶科|光電業|-32 -29 1|94 94 3 15|0.8 306
3060 銘異|電腦及週|70 46 34|97 97 39 47|0.9 73
3062 建漢|通信網路|-17 -23 9|84 84 2 -5|0.3 57
3071 協禧|電腦及週|-13 -10 4|71 85 5 6|0.3 15
3078 僑威|電子零組|-25 -3 -66|88 88 -4 -6|0.5 86
3081 聯亞|通信網路|-15 0 47|85 85 30 43|0.8 236
3083 網龍|文化創意|103 40 33|89 89 7 10|0.4 24
3086 華義*|文化創意|7 46 25|66 66 -24 95|0.9 8
3088 艾訊|電腦及週|-23 -8 -7|86 93 3 10|0.4 42
3090 日電貿|電子零組|6 11 4|96 96 6 9|0.8 29
3092 鴻碩|電子零組|-20 -11 11|79 92 -5 -5|1.5 19
3094 聯傑|半導體業|-48 -44 -16|75 75 -15 -16|0.3 10
3105 穩懋|半導體業|43 57 37|80 83 -7 -1|0.7 339
3122 笙泉|半導體業|-5 14 17|79 79 -1 -12|0.8 19
3131 弘塑|半導體業|-5 12 11|94 94 73 151|0.8 1485
3138 耀登|通信網路|-2 -11 -9|76 76 -14 -10|0.5 23
3141 晶宏|半導體業|-41 -42 -15|78 81 -9 -3|0.8 54
3147 大綜|資訊服務|0 33 8|93 93 53 115|1.2 107
3149 正達|光電業|-7 6 22|74 74 -26 42|0.4 10
3152 璟德|通信網路|20 27 12|79 79 0 4|0.5 20
3162 精確|電機機械|13 -7 -36|66 74 -19 -14|0.6 15
3163 波若威|通信網路|-24 -6 3|87 87 17 24|1.0 385
3167 大量|電機機械|104 58 64|90 90 16 43|0.5 41
3169 亞信|半導體業|-15 -1 21|78 78 -6 -0|0.1 30
3171 炎洲流通|居家生活|-6 -2 9|96 96 48 72|0.5 12
3176 基亞|生技醫療|93 53 -18|64 64 -4 -25|0.5 9
3178 公準|半導體業|-27 -15 -17|89 89 19 49|0.7 229
3188 鑫龍騰|建材營造|179 1161 na|100 100 88 119|2.1 42
3189 景碩|半導體業|-6 3 30|79 91 -5 0|0.6 201
3206 志豐|電子零組|-10 -3 7|91 91 10 14|0.8 20
3207 耀勝|電子零組|-9 -11 7|98 98 85 134|0.9 323
3209 全科|電子通路|-60 -21 -6|90 93 -2 4|0.5 23
3211 順達|電腦及週|-24 -11 -2|100 100 21 31|1.5 98
3213 茂訊|電腦及週|68 25 12|92 92 22 30|0.6 87
3217 優群|電子零組|11 16 -10|81 81 -8 36|0.6 253
3218 大學光|生技醫療|1 4 -9|65 86 -7 -11|0.6 113
3221 台嘉碩|通信網路|-6 3 24|78 78 -1 1|0.2 8
3227 原相|半導體業|42 64 25|87 87 -1 22|0.4 144
3228 金麗科|半導體業|35 55 38|59 59 -15 184|0.5 341
3231 緯創|電腦及週|-5 16 22|72 87 -1 28|0.4 8606
3232 昱捷|電子通路|30 34 16|83 83 24 35|0.2 8
3234 光環|通信網路|6 9 27|100 100 83 77|2.5 52
3257 虹冠電|半導體業|-15 25 -125|71 80 -13 -4|0.6 21
3260 威剛|半導體業|57 51 34|87 87 5 4|0.4 935
3264 欣銓|半導體業|-1 -2 3|86 86 -3 13|0.8 309
3265 台星科|半導體業|8 17 16|97 97 11 57|0.7 211
3266 昇陽|建材營造|-50 104 -214|100 100 34 85|4.7 18
3284 太普高|其他|28 46 36|100 100 83 111|1.7 45
3287 廣寰科|電腦及週|54 92 24|90 90 14 130|2.2 110
3289 宜特|其他電子|24 9 8|99 99 50 76|1.2 544
3290 東浦|電子零組|-16 9 5|89 89 3 -3|1.2 10
3293 鈊象|文化創意|32 26 4|86 86 21 61|0.4 1107
3294 英濟|電子零組|20 26 15|63 63 92 87|0.2 206
3296 勝德|電子零組|3 7 38|91 91 11 65|0.6 24
3297 杭特|光電業|18 33 30|81 81 14 20|0.9 6
3303 岱稜|其他電子|10 18 17|99 99 18 29|0.4 6
3305 昇貿|其他電子|-1 3 17|83 83 -5 11|0.6 77
3306 鼎天|通信網路|-7 -14 -24|80 94 4 27|2.8 38
3308 聯德|電子零組|-91 -75 -123|37 54 -30 -47|0.2 8
3312 弘憶股|電子通路|20 24 29|90 90 97 145|1.0 496
3313 斐成|建材營造|-82 na na|73 73 87 85|0.7 12
3317 尼克森|半導體業|-14 -13 -13|79 79 -10 -10|0.4 7
3321 同泰|電子零組|32 37 16|84 84 27 25|0.3 6
3322 建舜電|電子零組|-9 14 5|80 80 -1 -10|0.2 35
3324 雙鴻|其他電子|-17 -1 3|95 95 121 189|0.9 7261
3325 旭品|電腦及週|-18 16 -43|76 76 -13 8|0.1 35
3338 泰碩|電子零組|15 4 10|97 97 17 23|2.0 217
3339 泰谷|光電業|11 11 11|93 93 69 92|0.3 128
3346 麗清|汽車工業|-19 22 -23|77 77 -15 -14|0.4 45
3354 律勝|電子零組|49 37 35|75 75 3 70|0.1 7
3356 奇偶|光電業|14 14 15|92 95 29 35|0.3 84
3357 臺慶科|電子零組|5 -0 10|97 97 12 24|2.3 52
3360 尚立|電子通路|-58 -50 -21|67 67 3 27|0.1 11
3362 先進光|光電業|-5 16 -3|71 71 11 49|0.2 202
3363 上詮|通信網路|-16 -16 1|94 94 74 90|2.0 965
3372 典範|半導體業|22 32 33|73 73 22 19|0.2 25
3374 精材|半導體業|-4 10 19|81 84 -9 1|0.2 99
3376 新日興|電子零組|53 54 44|76 76 33 83|0.5 807
3380 明泰|通信網路|-35 -34 -9|70 83 -16 -7|0.6 48
3388 崇越電|電子零組|0 5 15|98 98 12 13|0.7 6
3390 旭軟|電子零組|-8 -4 4|71 71 -2 57|0.1 21
3402 漢科|其他電子|40 43 36|91 91 51 124|0.8 220
3406 玉晶光|光電業|86 58 35|86 86 8 15|0.6 584
3413 京鼎|半導體業|-3 -2 8|93 93 37 59|0.4 447
3416 融程電|電腦及週|-1 14 13|93 93 5 27|1.1 74
3430 奇鈦科|化學工業|44 16 25|99 99 9 17|0.8 9
3437 榮創|光電業|-1 20 8|70 70 -9 53|0.1 29
3438 類比科|半導體業|-10 15 8|84 84 6 10|0.8 40
3441 聯一光電|光電業|1 -3 18|86 94 1 3|2.8 14
3443 創意|半導體業|-0 -13 -13|72 73 -17 -4|1.0 3781
3444 利機|電子通路|14 13 8|87 87 21 22|1.0 131
3450 聯鈞|半導體業|11 2 15|79 79 2 9|0.4 347
3454 晶睿|光電業|-12 -33 -17|59 79 -12 1|0.7 25
3455 由田|光電業|-12 -16 19|98 98 19 29|2.6 64
3466 德晉|通信網路|-95 -63 -27|100 100 95 68|4.2 72
3479 安勤|電腦及週|-35 -24 -19|93 93 -0 27|0.4 76
3481 群創|光電業|15 12 2|78 80 -18 12|1.0 1188
3483 力致|電腦及週|-4 12 -8|89 89 -1 23|1.5 237
3484 崧騰|電子零組|12 6 33|90 90 9 17|0.4 23
3489 森寶|建材營造|-36 28 32|100 100 50 131|1.3 23
3490 單井|光電業|-40 -48 -15|86 86 6 34|0.6 34
3491 昇達科|通信網路|2 3 10|100 100 22 17|2.6 528
3498 陽程|其他電子|-86 -77 -69|69 77 5 13|0.2 16
3499 環天科|通信網路|-36 30 9|77 77 -23 15|0.2 5
3501 維熹|電子零組|5 7 15|100 100 21 27|1.5 26
3504 揚明光|光電業|-29 -23 4|63 74 -24 0|0.3 21
3512 皇龍|建材營造|-50 -49 -381|100 100 43 40|2.6 50
3515 華擎|電腦及週|-2 13 -7|73 73 -6 25|0.3 171
3516 亞帝歐|光電業|16 53 32|68 68 25 28|0.2 6
3518 柏騰|其他電子|-6 -8 -10|63 67 -23 -11|0.8 6
3521 台鋼建設|建材營造|144 65 42|76 85 -14 36|0.4 6
3526 凡甲|電子零組|46 38 14|96 96 17 26|0.6 101
3527 聚積|半導體業|14 -1 13|80 80 -9 -6|0.9 7
3529 力旺|半導體業|45 28 17|71 71 -10 15|1.4 1794
3530 晶相光|半導體業|-27 -18 -15|69 69 -15 2|0.1 25
3532 台勝科|半導體業|-23 -19 -5|91 91 5 11|1.3 221
3533 嘉澤|電子零組|4 13 17|87 87 44 71|0.6 2276
3535 晶彩科|光電業|-52 -69 3|90 90 11 26|0.2 23
3537 堡達|電子零組|-4 7 -10|100 100 6 12|0.8 6
3540 曜越|電腦及週|-10 0 -28|70 74 -3 14|0.2 30
3543 州巧|光電業|-4 10 -4|82 82 -11 19|0.4 5
3545 敦泰|半導體業|-18 20 1|64 64 -17 5|0.3 159
3546 宇峻|文化創意|-8 1 12|96 98 4 8|0.7 9
3548 兆利|電子零組|39 88 31|76 76 6 48|0.4 982
3551 世禾|綠能環保|7 6 9|82 82 16 46|0.2 103
3552 同致|其他電子|-19 17 4|73 73 -16 -17|2.2 25
3557 嘉威|居家生活|68 39 35|100 100 29 36|2.1 44
3558 神準|通信網路|-50 -35 -23|60 73 -24 -18|0.5 51
3563 牧德|光電業|-49 -50 -24|94 94 81 147|1.2 863
3564 其陽|通信網路|-9 -15 10|85 89 28 68|0.3 26
3567 逸昌|半導體業|-2 -1 -21|85 92 0 10|0.4 7
3570 大塚|資訊服務|-23 7 4|89 89 -0 19|0.4 9
3576 聯合再生|光電業|-63 -68 -20|56 79 -11 -20|0.6 84
3580 友威科|其他電子|-48 21 37|85 85 -9 2|0.1 7
3581 博磊|半導體業|-19 -15 -7|83 83 7 18|0.1 6
3583 辛耘|半導體業|30 40 15|91 91 58 92|0.6 2512
3587 閎康|其他電子|5 6 -11|93 93 16 44|0.5 570
3588 通嘉|半導體業|41 45 40|75 75 -0 33|0.2 97
3591 艾笛森|光電業|11 20 5|85 87 -7 1|0.3 10
3592 瑞鼎|半導體業|64 65 45|85 85 11 19|0.5 198
3594 磐儀|電腦及週|-41 -30 -15|71 82 -1 -8|0.2 9
3596 智易|通信網路|7 14 3|86 86 -2 11|0.6 198
3605 宏致|電子零組|-7 -5 7|96 96 20 46|0.6 37
3607 谷崧|電子零組|-27 -1 1|80 80 -5 20|0.2 10
3611 鼎翰|電腦及週|-12 -1 -4|86 93 -1 -2|0.4 21
3615 安可|光電業|7 12 10|79 79 -17 16|0.2 16
3617 碩天|其他電子|-11 3 -0|91 100 42 37|1.6 490
3622 洋華|光電業|-9 17 -13|83 83 2 50|0.3 319
3623 富晶通|光電業|-27 -30 -29|58 58 -28 23|0.3 6
3624 光頡|電子零組|-15 -12 4|65 77 -11 -3|0.6 14
3628 盈正|其他電子|6 -10 -9|85 95 12 22|0.4 8
3630 新鉅科|光電業|19 50 16|76 78 -14 -9|0.4 7
3631 晟楠|電子零組|-65 -58 -11|100 100 43 58|1.4 5
3645 達邁|電子零組|45 65 34|88 93 6 17|0.4 81
3653 健策|電子零組|10 1 2|94 94 29 62|0.8 1198
3661 世芯-KY|半導體業|52 90 -29|71 71 -14 20|1.1 8699
3663 鑫科|其他電子|-17 2 -4|90 90 23 29|0.3 27
3665 貿聯-KY|其他電子|-7 -2 5|72 82 -8 -10|0.8 251
3666 光耀|光電業|-30 -16 -22|95 95 58 58|1.1 101
3669 圓展|通信網路|-6 13 21|82 82 5 2|0.1 7
3673 TPK-KY|光電業|-15 -11 11|85 95 4 19|0.7 81
3675 德微|半導體業|29 26 35|97 97 17 45|0.8 201
3679 新至陞|電子零組|19 41 28|100 100 45 55|4.6 21
3680 家登|半導體業|-30 10 -1|85 85 3 23|0.6 711
3686 達能|半導體業|250 730 392|87 87 44 41|2.5 26
3687 歐買尬|數位雲端|-9 4 6|78 84 -11 15|0.2 13
3689 湧德|電子零組|-40 -21 -16|71 71 10 25|0.1 98
3691 碩禾|光電業|132 100 90|98 98 53 94|1.2 219
3693 營邦|電腦及週|-19 4 -39|50 61 -28 -25|0.4 165
3694 海華|通信網路|-11 -0 1|76 76 -15 41|0.1 58
3701 大眾控|電腦及週|-20 15 5|73 73 1 -14|0.4 31
3702 大聯大|電子通路|27 26 24|92 92 -0 25|0.6 624
3703 欣陸|建材營造|-4 -8 -14|100 100 46 47|3.1 304
3704 合勤控|通信網路|-30 -37 -26|65 74 -16 -24|0.4 106
3705 永信|生技醫療|-7 8 5|100 100 6 12|1.1 16
3706 神達|電腦及週|-7 15 27|79 79 -1 24|0.4 566
3707 漢磊|半導體業|-19 -18 3|79 92 7 3|0.8 414
3708 上緯投控|綠能環保|-3 4 20|100 100 55 75|1.1 810
3710 連展投控|電子零組|12 33 22|84 94 -0 10|0.6 9
3711 日月光投控|半導體業|-0 1 12|88 88 8 27|0.8 2268
3712 永崴投控|電腦及週|68 39 -10|89 89 1 37|0.3 86
3714 富采|光電業|2 22 25|80 93 -1 5|1.7 90
3715 定穎投控|電子零組|5 14 na|60 60 -19 -16|1.7 1238
4102 永日|生技醫療|-27 21 20|87 90 -3 2|0.6 12
4104 佳醫|生技醫療|-5 1 -9|99 99 11 12|0.6 26
4105 東洋|生技醫療|-7 8 0|94 94 4 -3|0.5 38
4107 邦特|生技醫療|10 9 9|96 96 7 17|0.7 23
4109 加捷生醫|生技醫療|85 110 75|95 95 25 92|0.5 33
4113 聯上|建材營造|345 45102 3991|100 100 58 93|1.0 39
4114 健喬|生技醫療|-13 2 -8|89 92 2 3|0.5 35
4119 旭富|生技醫療|-0 -10 -34|79 89 -7 -1|0.5 16
4121 優盛|生技醫療|-7 2 14|66 82 -4 -1|0.4 7
4123 晟德|生技醫療|12 9 -50|75 90 -10 -4|0.7 49
4126 太醫|生技醫療|7 -9 -8|99 100 6 10|0.6 8
4127 天良|生技醫療|-33 -9 1|100 100 177 184|2.6 62
4128 中天|生技醫療|2 8 11|69 74 -12 -18|0.6 59
4129 聯合|生技醫療|5 17 -6|94 94 -3 50|0.7 72
4137 麗豐-KY|生技醫療|-10 28 -12|82 93 -1 -3|1.4 23
4138 曜亞|生技醫療|2 3 -17|91 91 26 31|0.5 26
4142 國光生|生技醫療|-63 -79 -96|68 77 -11 -13|0.5 16
4147 中裕|生技醫療|232 152 109|66 75 -3 0|0.3 116
4155 訊映|生技醫療|36 28 30|72 99 10 15|5.6 10
4157 太景*-KY|生技醫療|46 78 -910|84 90 1 3|0.9 28
4161 聿新科|生技醫療|1 59 36|88 92 12 18|0.6 5
4162 智擎|生技醫療|-3 -2 -28|80 82 -6 -16|0.3 50
4163 鐿鈦|生技醫療|-21 -9 -3|83 91 -3 3|0.6 6
4164 承業醫|生技醫療|-43 -13 -38|78 85 -5 -9|0.4 34
4167 松瑞藥|生技醫療|12 15 14|87 87 6 18|0.9 47
4168 醣聯|生技醫療|-100 na na|77 85 -9 -11|0.6 6
4174 浩鼎|生技醫療|95 2888 na|64 73 -9 -23|0.6 17
4207 環泰|食品工業|11 11 4|98 98 17 25|0.5 7
4303 信立|塑膠工業|28 -3 39|96 96 173 211|1.4 412
4306 炎洲|塑膠工業|1 10 9|100 100 25 32|1.5 122
4401 東隆興|紡織纖維|23 48 50|93 93 22 23|1.7 9
4402 郡都開發|紡織纖維|-77 -50 3|81 81 108 270|1.3 64
4420 光明|紡織纖維|-4 1 18|95 95 34 116|0.5 13
4438 廣越|紡織纖維|-15 -11 6|90 94 -1 -1|1.1 5
4503 金雨|電機機械|15 78 16|68 80 5 11|0.1 17
4506 崇友|電機機械|32 7 -6|100 100 34 38|0.9 24
4510 高鋒|電機機械|-6 -2 -7|79 96 13 20|1.0 14
4513 福裕|電機機械|35 10 18|97 97 117 116|1.8 131
4526 東台|電機機械|-8 -18 -6|94 94 29 34|1.7 115
4532 瑞智|電機機械|35 28 17|95 95 33 49|1.7 166
4533 協易機|電機機械|41 -11 -25|97 97 59 77|1.1 294
4536 拓凱|運動休閒|-29 -32 -6|98 98 8 21|1.4 45
4540 全球傳動|電機機械|-28 -18 9|79 85 3 7|0.3 7
4541 晟田|其他|16 3 12|66 91 4 4|0.5 12
4542 科嶠|電子零組|-12 -19 -13|88 93 27 8|0.4 24
4543 萬在|電機機械|-18 -3 7|70 79 8 32|0.2 46
4551 智伸科|汽車工業|-19 -11 9|65 73 -6 -12|0.7 12
4556 旭然|其他|-11 25 28|86 86 32 29|0.3 8
4557 永新-KY|汽車工業|3 12 -0|95 95 6 11|0.5 9
4560 強信-KY|電機機械|10 38 45|98 98 4 6|1.6 6
4561 健椿|電機機械|1 29 3|80 80 6 22|0.2 10
4562 穎漢|電機機械|15 -9 -3|92 92 23 23|1.8 11
4563 百德|電機機械|21 28 10|71 89 -5 1|0.4 10
4564 元翎|電機機械|-47 -45 -15|70 90 -5 -5|0.8 12
4566 時碩工業|電機機械|-11 -8 6|71 94 1 4|0.8 11
4572 駐龍|電機機械|8 22 -2|79 88 1 5|0.7 62
4576 大銀微系統|電機機械|-15 -18 8|81 81 17 16|0.3 34
4580 捷流閥業|電機機械|-18 -15 -12|98 98 6 7|0.5 8
4583 台灣精銳|電機機械|3 12 24|96 97 28 30|1.3 61
4707 磐亞|化學工業|-33 -19 -6|99 99 11 15|0.5 7
4714 永捷|化學工業|19 -3 30|85 85 70 75|0.4 121
4716 大立|化學工業|41 24 31|97 97 50 49|4.0 69
4720 德淵|化學工業|7 16 18|97 97 12 23|0.9 12
4721 美琪瑪|化學工業|-10 -13 33|71 80 -11 -4|2.5 13
4726 永昕|生技醫療|-5 -34 -38|89 94 12 25|1.8 83
4728 雙美|生技醫療|-2 28 4|81 96 15 19|0.2 8
4736 泰博|生技醫療|-10 -28 18|82 82 -4 -4|1.4 21
4739 康普|化學工業|-23 -29 10|70 77 -8 -10|2.7 18
4743 合一|生技醫療|-12 29 1|65 70 -9 -18|0.6 303
4744 皇將|生技醫療|205 172 83|58 75 -9 -17|0.7 6
4746 台耀|生技醫療|46 18 -0|87 87 -13 18|0.4 266
4747 強生製藥|生技醫療|-16 11 -6|64 81 -16 -14|0.9 22
4755 三福化|化學工業|-23 -4 -1|87 87 13 16|0.2 53
4760 勤凱科技|其他電子|30 33 -7|99 99 68 69|5.4 64
4763 材料*-KY|化學工業|109 136 -26|67 79 -3 -14|0.6 1707
4766 南寶|化學工業|5 14 15|100 100 23 80|0.9 281
4768 晶呈科技|化學工業|-8 1 25|92 92 47 57|0.3 252
4770 上品|化學工業|8 -12 1|90 90 28 36|0.4 263
4904 遠傳|通信網路|13 15 7|98 98 3 7|1.0 437
4905 台聯電|生技醫療|540 682 456|97 97 40 49|1.2 26
4906 正文|通信網路|-19 -17 -4|84 84 -7 2|0.2 83
4907 富宇|建材營造|236600 131012 -373782|100 100 57 110|2.0 14
4908 前鼎|通信網路|-12 34 8|80 80 13 10|0.3 158
4909 新復興|通信網路|282 245 149|84 84 73 282|0.5 220
4912 聯德控股-KY|電子零組|19 28 27|95 95 48 62|0.8 90
4915 致伸|電子零組|-18 -4 16|98 98 45 37|1.4 349
4916 事欣科|電腦及週|24 18 -4|70 88 -4 -2|0.4 14
4919 新唐|半導體業|-6 -4 8|88 88 0 4|1.0 277
4927 泰鼎-KY|電子零組|-13 -14 -3|62 82 -14 -10|0.7 17
4930 燦星網|電器電纜|19 15 9|98 98 12 37|0.5 10
4931 新盛力|電腦及週|-35 -22 19|65 92 7 11|0.7 13
4933 友輝|光電業|17 47 8|87 87 1 14|0.2 11
4934 太極|光電業|-91 -88 -55|58 79 -14 -18|0.4 17
4935 茂林-KY|光電業|23 29 42|100 100 26 33|1.2 24
4938 和碩|電腦及週|-26 -22 -14|92 92 12 28|0.6 967
4939 亞電|電子零組|-8 25 17|82 82 -4 32|0.2 7
4942 嘉彰|光電業|-8 -6 7|96 96 7 10|0.5 8
4945 陞達科技|半導體業|7 49 11|69 69 15 44|0.2 41
4951 精拓科|半導體業|23 16 22|89 90 4 12|0.1 7
4952 凌通|半導體業|10 22 29|86 86 -5 2|0.7 25
4953 緯致|資訊服務|16 18 5|82 91 0 28|0.2 70
4956 光鋐|光電業|-12 -10 -5|78 78 -16 36|0.3 17
4958 臻鼎-KY|電子零組|22 4 14|87 87 14 18|0.5 906
4960 誠美材|光電業|4 3 -11|91 91 3 7|0.7 56
4961 天鈺|半導體業|5 -5 2|86 86 5 -6|0.4 572
4966 譜瑞-KY|半導體業|33 25 30|59 59 -32 -27|1.5 1016
4967 十銓|半導體業|116 91 -85|99 99 16 24|1.8 457
4968 立積|半導體業|27 36 32|74 74 7 60|0.5 361
4971 IET-KY|半導體業|33 28 37|93 93 11 17|1.0 9
4973 廣穎電通|半導體業|-2 6 1|92 92 9 29|0.4 38
4974 亞泰|電子零組|-5 0 13|100 100 11 13|3.3 11
4976 佳凌|光電業|3 -1 17|84 94 5 14|2.1 22
4977 眾達-KY|通信網路|-80 -82 -19|62 89 -1 -3|0.3 29
4979 華星光|通信網路|67 35 -67|60 64 -17 -22|0.6 408
4989 榮科|電子零組|38 -4 3|79 95 -1 5|0.6 6
4994 傳奇|資訊服務|-6 15 13|94 94 106 107|1.6 60
4995 晶達|光電業|-9 -1 2|97 97 18 22|2.0 7
5009 榮剛|鋼鐵工業|2 3 -2|95 100 22 27|2.6 864
5011 久陽|鋼鐵工業|-10 -2 5|92 92 -0 24|0.5 8
5201 凱衛|資訊服務|-20 107 78|83 83 5 8|0.2 8
5202 力新|資訊服務|-16 46 40|76 76 19 47|0.2 8
5203 訊連|資訊服務|20 15 4|84 90 -1 2|1.3 12
5206 坤悅|建材營造|-100 na na|100 100 34 70|1.8 8
5209 新鼎|其他|9 50 -25|92 92 14 20|0.2 19
5210 寶碩|資訊服務|44 26 28|50 50 -31 28|1.2 36
5213 亞昕|建材營造|1138 1163 36|100 100 38 82|2.4 45
5222 全訊|半導體業|49 27 2|87 93 8 10|0.4 179
5225 東科-KY|其他電子|19 41 42|90 90 68 105|0.6 167
5227 立凱-KY|電子零組|-86 -23 -44|46 67 -23 -24|1.3 11
5230 雷笛克光學|光電業|21 26 15|100 100 49 78|5.6 162
5234 達興材料|光電業|-6 -1 -21|90 90 39 71|0.7 370
5236 凌陽創新|半導體業|19 14 -32|70 70 -14 26|0.6 20
5243 乙盛-KY|光電業|-5 -3 13|64 90 -2 -1|0.4 64
5244 弘凱|光電業|-8 -4 -8|76 76 -24 46|0.2 7
5251 天鉞電|光電業|261 101 105|95 95 96 101|2.9 78
5258 虹堡|電腦及週|7 -0 -6|84 84 3 -2|0.3 234
5263 智崴|文化創意|36 23 12|96 97 12 12|1.7 19
5269 祥碩|半導體業|17 46 8|78 78 8 51|0.8 2063
5272 笙科|半導體業|-10 27 22|76 76 -9 -1|0.1 10
5274 信驊|半導體業|59 51 68|92 92 2 22|0.6 1132
5283 禾聯碩|電器電纜|-17 -5 -2|99 99 6 11|0.6 7
5284 jpp-KY|其他|-4 7 -12|67 67 29 24|0.3 228
5285 界霖|半導體業|2 -8 7|77 88 -2 -7|0.5 8
5287 數字|數位雲端|6 6 -3|98 98 2 4|0.8 13
5288 豐祥-KY|電機機械|-10 -2 7|98 98 14 14|0.4 7
5289 宜鼎|電腦及週|-12 -3 12|85 85 -8 -3|0.4 151
5292 華懋|綠能環保|-11 -14 na|na na 12 na|0.4 25
5299 杰力|半導體業|-19 11 14|75 75 -20 -15|1.2 17
5306 桂盟|運動休閒|-23 -15 14|93 94 14 22|0.5 22
5309 系統電|電子零組|3 1 7|78 88 -2 9|0.3 42
5310 天剛|資訊服務|-83 -34 -370|76 76 95 56|0.4 13
5312 寶島科|生技醫療|7 5 -9|94 94 23 31|0.4 17
5314 世紀*|其他|na na na|72 72 121 708|0.3 40
5321 美而快|數位雲端|-25 -9 -9|55 73 -20 -18|0.7 7
5324 士開|建材營造|25 25 -11|100 100 48 54|2.1 37
5328 華容|電子零組|-30 -29 -20|76 76 -11 11|0.3 8
5340 建榮|電子零組|138 63 50|71 82 -8 -3|0.4 37
5347 世界|半導體業|45 20 28|100 100 25 34|1.5 884
5351 鈺創|半導體業|52 51 58|84 84 -9 17|0.3 201
5356 協益|電腦及週|-15 14 16|98 98 20 29|0.9 17
5371 中光電|光電業|-11 -4 10|88 88 30 29|2.2 1259
5381 光譜|電機機械|29 792 364|87 87 20 42|0.3 87
5383 金利|其他電子|-18 -16 4|96 96 32 50|1.3 18
5386 青雲|電腦及週|31 92 78|73 73 30 34|0.2 89
5388 中磊|通信網路|4 4 9|87 87 2 15|0.5 368
5392 能率|光電業|-4 8 10|98 98 17 19|3.2 37
5403 中菲|資訊服務|10 15 2|90 90 4 29|0.2 23
5410 國眾|資訊服務|62 2 15|98 98 10 11|0.5 14
5425 台半|半導體業|-19 -12 -3|73 76 -13 -7|0.5 158
5426 振發|電腦及週|-18 -22 11|74 74 -19 119|0.1 68
5432 新門|綠能環保|-14 -3 -26|81 81 6 130|0.6 87
5434 崇越|電子通路|-2 -4 3|94 94 33 47|0.8 463
5439 高技|電子零組|-13 -8 -37|65 65 -8 -9|0.7 238
5443 均豪|半導體業|12 39 55|81 81 57 97|0.3 542
5452 佶優|其他電子|-4 1 6|77 77 -0 12|0.2 20
5457 宣德|電子零組|17 24 25|89 89 4 24|1.9 63
5465 富驊|電腦及週|-17 5 -14|68 81 -4 3|0.2 21
5469 瀚宇博|電子零組|-17 -10 -2|82 82 -1 -1|0.3 166
5471 松翰|半導體業|11 14 14|87 87 -8 3|0.3 16
5474 聰泰|電腦及週|23 24 19|70 85 -6 26|0.2 33
5478 智冠|文化創意|33 8 5|75 75 -11 62|0.4 33
5483 中美晶|半導體業|-6 -6 -2|82 82 -2 22|0.3 779
5488 松普|電子零組|-56 -30 6|65 65 -3 7|0.1 7
5493 三聯|其他電子|19 29 23|94 94 88 114|3.3 69
5498 凱崴|電子零組|-1 6 22|72 72 8 16|0.2 19
5508 永信建|建材營造|102 603 240|100 100 142 171|3.9 497
5511 德昌|建材營造|-34 -2 -23|90 98 10 18|2.3 166
5512 力麒|建材營造|-50 12 -15|100 100 52 62|2.7 232
5515 建國|建材營造|36 13 25|88 88 45 89|1.0 116
5519 隆大|建材營造|8 648 416|100 100 72 107|2.7 102
5521 工信|建材營造|48 48 19|99 99 12 64|1.3 209
5522 遠雄|建材營造|45 -43 -15|100 100 41 35|4.4 135
5523 豐謙|建材營造|-91 49 -19374|100 100 16 26|2.2 6
5525 順天|建材營造|-73 -55 -297|100 100 48 62|1.7 14
5529 鉅陞|建材營造|-1 -7 -59|93 93 71 83|2.6 29
5530 龍巖|其他|-23 5 -2|100 100 16 26|2.2 22
5531 鄉林|建材營造|-98 -62 -93|100 100 30 33|5.4 38
5533 皇鼎|建材營造|-90 -75 -275|100 100 20 42|3.7 26
5534 長虹|建材營造|-60 19 -366|100 100 70 79|2.5 518
5536 聖暉*|其他電子|-8 2 11|89 89 18 17|0.5 100
5603 陸海|航運業|-27 -22 -9|95 95 2 14|0.7 6
5607 遠雄港|航運業|17 18 18|84 93 8 29|1.0 51
5608 四維航|航運業|-6 -8 30|81 82 0 11|2.3 32
5609 中菲行|航運業|7 2 34|99 99 7 19|0.9 38
5706 鳳凰|觀光餐旅|47 93 -1239|65 97 17 20|4.6 108
5864 致和證|金融業|105 -13 -96|78 100 37 55|1.6 47
5871 中租-KY|其他|8 8 -3|79 87 -4 -3|1.2 761
5876 上海商銀|金融保險|9 8 -2|97 97 6 9|1.1 249
5880 合庫金|金融保險|-7 8 -6|95 98 4 5|1.2 252
5903 全家|居家生活|7 8 -1|89 99 1 2|0.7 8
5904 寶雅|居家生活|15 13 -1|84 88 -5 -1|1.0 82
5905 南仁湖|觀光餐旅|16 -7 -21|82 89 0 -5|1.4 8
6005 群益證|金融保險|45 42 -37|100 100 61 81|1.1 345
6015 宏遠證|金融業|113 162 52|100 100 29 40|0.9 35
6016 康和證|金融業|-11 35 228|91 91 23 25|0.4 63
6023 元大期貨|金融業|7 12 19|100 100 36 41|0.6 16
6024 群益期|金融保險|-0 11 22|100 100 12 23|0.9 22
6026 福邦證|金融業|-23 3 -680|94 94 24 43|0.6 57
6101 寬魚國際|文化創意|159 29 -112377|94 98 17 24|0.6 8
6104 創惟|半導體業|-3 22 14|72 72 -9 -7|0.2 68
6108 競國|電子零組|-10 -2 5|85 85 -7 14|0.2 8
6111 光聚晶電|文化創意|27 213 123|75 86 -13 5|0.4 30
6112 邁達特|資訊服務|-22 3 -8|76 77 -17 -2|0.4 42
6113 亞矽|電子通路|-56 -47 -9|79 79 -0 114|0.8 30
6115 鎰勝|電子零組|4 9 14|100 100 17 21|1.1 10
6116 彩晶|光電業|-29 -2 13|72 83 -17 -8|0.9 74
6117 迎廣|電腦及週|25 54 34|77 77 8 84|0.4 574
6120 達運|光電業|30 58 -5|89 91 5 23|0.7 158
6121 新普|電腦及週|-13 -8 2|79 79 8 34|0.3 451
6122 擎邦|電機機械|-21 12 -94|79 79 -3 32|0.4 77
6124 業強|電子零組|-31 -29 -15|75 95 -5 36|0.8 13
6125 廣運|電機機械|-48 -55 -41|89 99 53 85|1.4 1871
6126 信音|電子零組|-3 1 7|78 78 1 25|0.2 72
6127 九豪|電子零組|18 16 -4|81 81 -11 17|0.2 14
6128 上福|電腦及週|-8 1 5|96 96 20 21|0.5 34
6129 普誠|半導體業|-52 -37 -10|68 77 -18 -13|0.4 12
6133 金橋|電子零組|-8 -14 13|63 81 -6 1|0.8 5
6136 富爾特|通信網路|-16 1 -1|89 89 3 18|0.3 7
6138 茂達|半導體業|13 39 23|86 86 -4 35|0.3 170
6139 亞翔|其他電子|143 135 51|73 73 64 112|0.9 1606
6140 訊達電腦|資訊服務|-37 -7 6|61 61 -38 64|0.4 17
6141 柏承|電子零組|36 55 36|78 78 3 1|0.5 7
6143 振曜|通信網路|-19 -15 -17|100 100 36 44|2.2 287
6146 耕興|其他電子|-14 -11 -4|85 85 8 13|0.4 116
6147 頎邦|半導體業|-14 -6 3|98 98 4 14|0.7 310
6150 撼訊|電腦及週|6 -0 -53|67 74 -13 -16|0.5 34
6153 嘉聯益|電子零組|-37 -13 8|76 86 -5 -0|0.5 25
6156 松上|電子零組|-7 -0 15|82 82 -9 -6|0.3 7
6161 捷波|電腦及週|-18 12 21|86 86 5 29|0.2 12
6163 華電網|資訊服務|-11 -10 9|75 82 4 21|0.2 34
6164 華興|光電業|19 23 28|81 81 9 45|0.2 16
6165 浪凡|數位雲端|2 10 16|74 74 18 24|0.1 28
6166 凌華|電腦及週|-31 -28 -17|78 88 2 12|0.5 55
6167 久正|光電業|-54 -39 -11|80 82 -10 3|0.2 8
6168 宏齊|光電業|-9 -11 1|82 82 -9 -8|0.6 20
6170 統振|通信網路|38 29 14|85 89 -2 1|0.4 23
6171 大城地產|建材營造|0 na na|100 100 61 109|2.0 11
6173 信昌電|電子零組|-4 -1 1|81 81 -5 0|0.5 16
6175 立敦|電子零組|8 13 6|98 98 7 11|2.4 6
6176 瑞儀|光電業|17 16 23|100 100 50 67|1.5 708
6177 達麗|建材營造|-62 248 -1203|100 100 89 103|6.1 279
6179 亞通|其他|-70 -24 -31|85 85 -2 8|0.2 72
6180 橘子|文化創意|1 15 22|100 100 4 16|1.0 39
6182 合晶|半導體業|-22 -27 -2|82 82 -7 -10|0.5 71
6186 新潤|建材營造|102 950 na|100 100 52 80|1.4 84
6187 萬潤|半導體業|281 216 178|82 82 38 106|1.3 478
6188 廣明|電腦及週|-13 -14 -1|76 85 14 35|1.1 647
6189 豐藝|電子通路|89 67 37|93 93 50 65|0.5 609
6190 萬泰科|通信網路|-1 6 22|98 100 24 30|2.8 85
6191 精成科|電子零組|-13 -1 0|96 96 12 18|0.6 257
6192 巨路|其他電子|30 17 8|99 99 24 39|1.6 58
6196 帆宣|其他電子|-3 6 1|89 89 8 18|0.2 296
6197 佳必琪|電子零組|30 38 18|81 81 77 70|1.5 519
6198 瑞築|建材營造|5 44 na|96 96 139 136|0.7 22
6201 亞弘電|其他電子|-30 -9 -22|92 92 7 26|0.4 5
6202 盛群|半導體業|-25 -41 10|86 86 -5 -4|1.5 88
6203 海韻電|電子零組|-31 -23 -49|75 85 -10 -7|0.4 12
6204 艾華|電子零組|-27 23 10|77 77 1 73|0.5 43
6205 詮欣|電子零組|-30 -36 1|82 82 -12 11|0.3 28
6206 飛捷|電腦及週|49 32 43|100 100 24 35|0.6 42
6207 雷科|電子零組|-11 30 28|98 98 91 129|2.9 337
6208 日揚|半導體業|19 -4 -7|92 92 18 25|0.2 33
6209 今國光|光電業|-13 -13 10|79 86 -6 -3|0.5 10
6212 理銘|建材營造|4625 1825 -122|99 99 57 70|1.8 6
6213 聯茂|電子零組|-5 -1 5|87 87 26 42|0.8 1401
6214 精誠|資訊服務|46 24 12|98 98 8 23|1.0 74
6215 和椿|其他電子|12 13 40|94 94 68 84|3.1 265
6216 居易|通信網路|106 108 68|95 95 17 -1|0.3 13
6217 中探針|電子零組|-9 -10 4|87 89 10 13|1.3 72
6219 富旺|建材營造|421 3335 1923|100 100 28 96|1.0 95
6223 旺矽|半導體業|20 15 3|97 97 62 126|1.5 2008
6224 聚鼎|電子零組|-11 -5 -3|83 90 3 6|0.4 6
6227 茂綸|電子通路|-28 -23 -8|78 78 53 57|0.2 107
6229 研通|半導體業|24 15 29|79 79 11 26|0.2 16
6230 尼得科超眾|電腦及週|-37 -40 -17|100 100 155 179|5.5 171
6231 系微|資訊服務|30 22 18|78 78 -8 62|0.2 146
6233 旺玖|半導體業|-5 1 14|77 77 -15 42|0.1 47
6234 高僑|光電業|-11 32 -24|72 85 10 1|0.4 16
6235 華孚|電腦及週|13 18 -17|55 72 -13 -13|1.2 308
6237 驊訊|半導體業|-15 -14 14|71 71 -28 7|0.1 30
6239 力成|半導體業|15 17 21|85 85 21 62|0.5 851
6243 迅杰|半導體業|-9 -11 -38|67 67 -25 20|0.1 31
6244 茂迪|光電業|-43 -32 2|64 91 -1 -4|0.7 82
6245 立端|通信網路|-18 -26 -4|75 78 -17 8|0.2 59
6248 沛波|鋼鐵工業|-5 21 4|97 97 26 40|0.6 30
6257 矽格|半導體業|15 15 22|100 100 14 31|1.1 363
6261 久元|半導體業|26 12 16|100 100 17 34|0.8 43
6263 普萊德|通信網路|-10 8 3|85 85 9 24|0.3 30
6264 富裔|建材營造|38 -32 11|100 100 128 135|4.9 21
6265 方土昶|電子通路|-53 -6 24|72 72 -2 16|0.1 6
6266 泰詠|電子零組|-33 -27 -25|79 100 5 12|1.2 10
6269 台郡|電子零組|-3 -16 -2|97 100 10 13|2.5 204
6271 同欣電|半導體業|5 2 15|87 87 3 10|0.7 210
6274 台燿|電子零組|33 22 22|100 100 44 81|0.6 2154
6275 元山|電子零組|-10 13 7|95 95 56 70|1.0 90
6276 安鈦克|電腦及週|-12 -3 -8|46 46 -32 -10|0.2 9
6277 宏正|電腦及週|-17 -15 -5|96 98 1 4|0.6 6
6278 台表科|光電業|2 20 34|100 100 32 33|2.4 334
6279 胡連|電子零組|-1 18 6|91 91 1 13|0.4 78
6281 全國電|電子通路|-7 -6 -1|99 99 5 6|0.4 10
6282 康舒|電子零組|67 39 13|71 91 0 5|0.4 210
6283 淳安|其他電子|115 53 51|100 100 34 32|1.0 25
6284 佳邦|電子零組|1 23 11|96 96 15 32|0.7 249
6285 啟碁|通信網路|4 1 -11|91 91 4 22|0.3 557
6288 聯嘉|汽車工業|32 30 11|87 87 3 8|0.4 122
6290 良維|電子零組|7 9 9|77 77 26 28|0.5 481
6291 沛亨|半導體業|-2 -7 -54|52 59 -24 -26|0.6 15
6292 迅德|電子零組|-33 -30 -9|82 82 13 26|0.2 19
6294 智基|文化創意|20 13 11|99 99 14 10|0.4 9
6409 旭隼|其他電子|-12 -1 16|72 81 9 12|1.2 310
6411 晶焱|半導體業|-10 -5 -19|77 77 -11 -11|0.7 30
6412 群電|電子零組|-10 -3 4|93 93 20 54|0.7 98
6414 樺漢|電腦及週|20 14 4|87 87 20 31|0.3 664
6415 矽力*-KY|半導體業|16 12 30|86 86 7 50|1.7 1512
6416 瑞祺電通|通信網路|-10 -23 -1|88 88 3 40|0.2 65
6417 韋僑|通信網路|-0 -0 -6|57 93 -3 5|0.8 23
6419 京晨科|光電業|258 303 123|100 100 62 6|1.6 8
6425 易發|電機機械|101 166 143|94 94 141 354|2.2 446
6426 統新|通信網路|22 12 32|73 73 -4 -6|0.2 7
6432 今展科|電子零組|-19 -6 -13|86 89 -3 -3|0.5 5
6435 大中|半導體業|-14 18 4|83 83 -12 3|0.2 9
6438 迅得|其他電子|-8 -19 -10|92 92 20 30|0.4 314
6442 光聖|通信網路|39 30 29|100 100 115 123|1.9 435
6443 元晶|光電業|-59 -46 -29|73 89 -3 -3|0.5 202
6446 藥華藥|生技醫療|61 90 17|71 80 -7 -7|0.9 410
6449 鈺邦|電子零組|4 25 -9|94 94 83 98|4.9 139
6451 訊芯-KY|半導體業|-36 -30 -13|79 79 -2 42|1.6 309
6456 GIS-KY|光電業|24 3 32|77 91 -6 11|1.1 45
6457 紘康|半導體業|43 48 26|66 66 -24 -7|0.4 10
6462 神盾|半導體業|-3 12 -12|73 73 28 175|0.4 1531
6464 台數科|其他|-5 3 6|94 98 -1 2|0.7 8
6469 大樹|生技醫療|8 10 1|74 79 -17 -17|0.3 64
6470 宇智|通信網路|-34 -41 -19|62 81 -11 -10|0.6 9
6472 保瑞|生技醫療|-43 -41 -72|91 91 12 13|0.8 2746
6477 安集|光電業|-79 -50 -3|67 88 -3 1|0.4 27
6485 點序|半導體業|-27 -32 -20|65 65 -18 -16|0.2 20
6486 互動|通信網路|15 32 7|100 100 23 33|0.7 29
6488 環球晶|半導體業|-16 -19 -12|83 83 -13 10|0.7 989
6491 晶碩|生技醫療|14 19 6|100 100 42 43|1.5 477
6492 生華科|生技醫療|0 0 -0|69 69 -13 -29|0.5 6
6494 九齊|半導體業|-13 35 33|73 73 -12 5|0.1 7
6505 台塑化|油電燃氣|-5 -7 9|81 84 -2 -9|0.8 280
6509 聚和|化學工業|-11 -1 12|85 95 -1 8|1.5 15
6510 精測|半導體業|7 -0 28|78 80 -11 -5|1.1 71
6515 穎崴|半導體業|50 11 31|90 90 8 32|0.6 908
6517 保勝光學|光電業|-24 -20 -3|43 74 -10 12|0.2 21
6523 達爾膚|生技醫療|10 31 -0|98 98 21 42|0.4 19
6525 捷敏-KY|半導體業|6 -1 10|91 96 2 4|1.2 5
6526 達發|半導體業|18 28 na|na 98 21 67|1.2 846
6530 創威|通信網路|-7 25 22|85 85 11 5|0.7 46
6531 愛普*|半導體業|7 3 -2|69 69 -25 5|0.5 825
6532 瑞耘|半導體業|-25 9 5|77 77 10 6|0.1 17
6533 晶心科|半導體業|49 6 -15|69 69 -21 -1|0.5 234
6535 順藥|生技醫療|3 -36 -2075|80 80 37 191|0.3 164
6538 倉和|電子零組|26 29 -18|87 87 20 32|1.0 240
6541 泰福-KY|生技醫療|-70 938 384|53 62 -28 -36|1.0 16
6546 正基|通信網路|7 18 30|81 81 -0 60|0.2 205
6547 高端疫苗|生技醫療|na na na|67 69 -17 -25|0.6 57
6548 長科*|半導體業|-4 -4 11|92 97 21 28|3.3 113
6550 北極星藥業-KY|生技醫療|na na na|71 89 -2 -4|0.5 103
6561 是方|通信網路|7 6 1|93 93 10 11|0.6 27
6568 宏觀|半導體業|-15 -20 6|76 81 -4 -12|0.5 7
6569 醫揚|生技醫療|-9 -17 -13|68 83 3 -17|0.2 11
6570 維田|電腦及週|28 -3 12|78 100 9 12|0.6 5
6576 逸達|生技醫療|537 4720 1752|90 90 2 15|0.4 18
6577 勁豐|電腦及週|0 11 -33|91 91 45 39|0.2 21
6578 達邦蛋白|農業科技|-7 4 8|91 91 35 70|0.8 48
6579 研揚|電腦及週|-6 -7 -2|66 89 -2 19|0.1 24
6584 南俊國際|電子零組|41 42 52|na 72 65 137|0.2 102
6585 鼎基|其他|24 29 13|93 93 48 70|0.8 157
6589 台康生技|生技醫療|-10 4 26|63 76 -17 -24|0.5 36
6591 動力-KY|電腦及週|-16 4 -8|80 80 14 12|0.2 21
6592 和潤企業|其他|12 19 -5|80 91 -1 -4|0.6 62
6593 台灣銘板|資訊服務|14 30 -12|66 66 -23 19|0.2 70
6596 寬宏藝術|文化創意|328 201 79|95 95 70 82|1.3 69
6603 富強鑫|電機機械|57 19 24|96 96 7 6|1.3 17
6605 帝寶|汽車工業|9 5 -1|86 86 35 51|0.8 267
6612 奈米醫材|生技醫療|14 9 -7|74 89 19 4|1.0 20
6613 朋億*|其他電子|37 44 23|90 90 50 69|0.3 70
6625 必應|其他|78 66 -133|73 86 8 32|1.7 35
6629 泰金-KY|居家生活|71 83 65|100 100 64 83|0.4 5
6640 均華|半導體業|94 188 148|82 82 143 238|2.0 226
6643 M31|半導體業|-11 11 -6|60 60 -13 38|0.9 1813
6657 華安|生技醫療|-8 24 na|na 80 -9 -18|0.5 7
6664 群翊|電子零組|-2 5 3|100 100 23 21|0.9 128
6667 信紘科|其他電子|19 20 15|82 82 41 138|0.2 406
6668 中揚光|光電業|12 -4 13|90 90 38 80|0.8 311
6669 緯穎|電腦及週|-24 -1 21|89 89 7 50|0.5 4572
6670 復盛應用|運動休閒|-3 -11 17|96 96 21 33|2.2 129
6672 騰輝電子-KY|電子零組|-15 -8 -0|84 88 -6 1|0.3 17
6679 鈺太|半導體業|32 45 24|74 74 -16 0|0.3 185
6683 雍智科技|半導體業|0 2 10|92 92 6 35|0.6 152
6684 安格|半導體業|112 144 65|69 69 -11 36|0.2 161
6689 伊雲谷|數位雲端|23 24 6|65 77 -16 -3|0.6 24
6690 安碁資訊|數位雲端|17 12 -3|82 88 -7 9|1.0 9
6691 洋基工程|其他電子|-36 -16 -18|93 93 19 44|0.4 120
6695 芯鼎|半導體業|-29 -8 -13|57 57 -39 23|0.1 99
6698 旭暉應材|其他電子|-35 -20 -6|80 84 -7 19|0.2 7
6703 軒郁|生技醫療|36 65 -10|90 90 6 3|0.3 36
6706 惠特|光電業|-49 -54 1|64 76 -20 -6|0.9 11
6712 長聖|生技醫療|23 42 11|92 92 6 4|1.0 97
6715 嘉基|電子零組|-32 -11 16|75 75 6 23|0.2 73
6716 應廣|半導體業|41 98 34|67 67 -10 22|0.2 11
6719 力智|半導體業|29 19 46|82 86 4 14|0.5 394
6727 亞泰金屬|電子零組|22 12 16|92 98 11 6|1.0 10
6732 昇佳電子|半導體業|-10 54 7|68 68 -14 -15|0.2 106
6735 美達科技|其他電子|407 266 205|79 79 46 92|0.2 32
6741 91APP*-KY|數位雲端|13 15 5|57 77 -13 -6|0.4 21
6742 澤米|光電業|7 -10 na|na na 37 na|0.3 42
6743 安普新|其他電子|84 27 29|78 100 22 25|1.1 31
6752 叡揚|資訊服務|14 6 -3|73 88 -5 -4|0.4 6
6753 龍德造船|航運業|-35 -16 -32|84 84 37 45|0.8 407
6754 匯僑設計|居家生活|40 49 41|97 97 10 31|0.9 6
6756 威鋒電子|半導體業|-8 6 12|68 68 -28 -4|0.2 43
6757 台灣虎航|航運業|57 65 na|na 100 16 28|1.5 16
6761 穩得|電子零組|15 13 17|98 98 38 48|1.8 35
6763 綠界科技*|數位雲端|-13 2 -0|68 81 -8 4|0.7 10
6768 志強-KY|運動休閒|25 19 33|100 100 34 32|1.4 29
6770 力積電|半導體業|-4 -5 25|72 76 -15 -11|1.5 542
6776 展碁國際|電子通路|-1 7 4|92 92 10 22|0.2 8
6781 AES-KY|電子零組|-24 -20 13|78 83 -3 2|0.4 186
6782 視陽|生技醫療|32 62 55|85 93 2 36|1.0 214
6785 昱展新藥|生技醫療|na na na|na na 32 na|0.7 167
6788 華景電|半導體業|15 9 12|85 93 5 8|0.3 42
6789 采鈺|半導體業|21 33 36|83 83 -6 33|0.2 377
6790 永豐實|造紙工業|-0 5 2|100 100 31 47|1.4 30
6792 詠業|通信網路|-15 -1 -2|73 77 -8 -22|0.5 7
6796 晉弘|生技醫療|-15 -16 -19|56 71 -20 -25|0.5 5
6799 來頡|半導體業|1 2 5|70 70 -19 27|0.2 78
6803 崑鼎|綠能環保|5 6 -1|95 98 3 -1|0.8 7
6805 富世達|電子零組|37 111 na|na na 58 na|1.1 1369
6806 森崴能源|綠能環保|102 69 -133|84 84 20 35|0.3 758
6811 宏碁資訊|數位雲端|7 16 11|66 76 -4 3|0.3 50
6829 千附精密|半導體業|-32 10 21|71 80 6 8|0.2 51
6830 汎銓|其他電子|-5 7 -2|76 91 3 14|0.6 48
6835 圓裕|電子零組|19 10 19|90 90 11 34|0.1 27
6841 長佳智能|生技醫療|407 346 177|60 84 -6 -11|0.4 29
6863 永道-KY|通信網路|58 54 15|68 84 -6 1|0.4 20
6869 雲豹能源|綠能環保|38 12 -12|96 96 25 86|0.9 70
6873 泓德能源|綠能環保|204 58 -7|93 93 27 79|0.4 73
6894 衛司特|綠能環保|91 27 na|na na 31 na|0.5 31
6895 宏碩系統|半導體業|-34 -33 na|na 81 -5 -7|0.2 7
6901 鑽石投資|其他|28 -846 na|na 74 -9 -4|0.6 44
6906 現觀科|數位雲端|6 12 na|na na -36 na|0.5 17
6933 AMAX-KY|電腦及週|39 -9 na|na na 43 na|0.9 260
6937 天虹|半導體業|216 53 na|na na 4 na|0.3 65
7402 邑錡|光電業|4 54 49|87 87 48 71|0.4 89
8011 台通|通信網路|125 83 39|65 65 -3 31|0.3 139
8016 矽創|半導體業|-16 20 10|87 87 -1 -3|0.3 205
8021 尖點|其他電子|34 20 28|90 96 5 11|0.6 12
8027 鈦昇|電機機械|-48 -26 13|92 92 8 53|0.5 269
8028 昇陽半導體|半導體業|-19 -13 -13|86 98 6 12|1.9 126
8033 雷虎|其他|-12 11 18|88 88 36 30|0.6 529
8034 榮群|通信網路|-76 152 -41|73 73 -23 33|0.2 17
8039 台虹|電子零組|37 42 27|99 99 7 25|3.6 41
8040 九暘|半導體業|-27 -33 11|82 82 42 58|0.1 54
8044 網家|數位雲端|-10 -5 4|53 70 -22 -25|1.2 24
8046 南電|電子零組|-39 -44 -3|63 72 -19 -23|0.8 508
8048 德勝|通信網路|-15 18 -45|61 72 -9 -25|0.5 18
8049 晶采|光電業|-52 -37 -12|94 94 6 11|0.3 14
8050 廣積|電腦及週|-37 -38 -18|76 94 -5 7|0.4 71
8054 安國|半導體業|-4 3 -21|75 75 3 187|0.6 3271
8059 凱碩|通信網路|-82 -79 -13|63 63 -15 88|0.1 22
8064 東捷|光電業|-16 -30 -3|90 90 65 97|1.4 239
8068 全達|電子通路|-47 81 67|75 78 -14 6|1.2 14
8069 元太|光電業|-25 -23 -4|85 85 12 29|1.2 1505
8070 長華*|電子通路|-6 -4 15|99 99 27 50|1.4 134
8076 伍豐|電腦及週|25 13 12|75 87 -4 -11|0.6 13
8081 致新|半導體業|3 9 2|100 100 17 20|1.2 190
8083 瑞穎|電機機械|77 80 74|98 98 25 22|1.7 17
8084 巨虹|電子通路|-68 -46 -13|72 80 -5 7|0.7 19
8085 福華|其他電子|-57 -28 -5|84 84 15 111|0.2 252
8086 宏捷科|半導體業|274 278 156|86 86 15 20|0.4 370
8087 麗升能源|綠能環保|5917 5418 2967|89 95 29 37|0.6 18
8088 品安|半導體業|-37 -31 -12|94 94 5 23|0.9 112
8089 康全電訊|通信網路|40 47 73|83 83 28 302|1.2 111
8091 翔名|半導體業|15 13 16|93 93 39 49|0.4 75
8092 建暐|其他電子|-62 -32 -29|81 81 83 129|0.4 31
8096 擎亞|電子通路|53 113 61|98 98 25 191|0.8 341
8097 常珵|通信網路|116 -28 50|93 93 8 56|0.7 52
8099 大世科|資訊服務|-14 -14 -10|83 83 34 36|0.7 11
8103 瀚荃|電子零組|-11 0 11|90 90 -4 15|0.5 19
8104 錸寶|光電業|-12 -15 -1|80 92 -6 1|1.5 6
8105 凌巨|光電業|-16 -15 -1|80 88 -9 7|0.3 13
8109 博大|電子零組|-26 -16 -14|87 95 5 6|0.5 9
8110 華東|半導體業|11 8 24|99 99 21 26|1.1 136
8111 立碁|光電業|-6 -6 -1|88 88 15 41|0.2 43
8112 至上|電子通路|168 124 84|100 100 52 68|0.8 1022
8114 振樺電|電腦及週|-11 -6 9|90 90 2 22|0.7 14
8121 越峰|電子零組|8 14 24|98 98 35 43|1.2 33
8131 福懋科|半導體業|19 9 29|87 93 -4 -5|0.5 7
8147 正淩|電子零組|11 30 29|71 71 31 46|0.4 92
8150 南茂|半導體業|5 19 12|91 91 8 13|0.4 121
8155 博智|電子零組|5 1 9|78 84 -6 14|0.4 197
8163 達方|電腦及週|-24 -14 -3|99 99 22 47|0.5 73
8171 天宇|綠能環保|-25 14 43|68 91 -3 -4|0.4 9
8183 精星|其他電子|-29 -10 -7|75 75 -11 -15|1.3 16
8210 勤誠|電腦及週|54 76 42|91 91 -7 57|1.4 1547
8213 志超|電子零組|-9 -6 -5|85 88 -4 -6|1.0 41
8215 明基材|光電業|9 13 -2|81 93 -2 0|0.5 30
8222 寶一|電機機械|12 18 -25|68 91 -1 4|0.3 55
8227 巨有科技|半導體業|-21 -15 -54|57 57 -29 28|0.6 258
8234 新漢|電腦及週|-29 -30 2|83 100 17 33|3.6 45
8240 華宏|光電業|-11 4 9|88 93 5 -4|0.8 5
8255 朋程|電機機械|58 56 12|98 100 10 16|1.3 191
8261 富鼎|半導體業|-28 -8 7|78 78 -10 -1|0.5 43
8271 宇瞻|半導體業|-16 5 12|88 88 15 21|0.6 108
8299 群聯|半導體業|73 64 54|93 93 30 52|0.7 1810
8341 日友|綠能環保|-5 -8 5|67 85 -5 -1|1.1 13
8349 恒耀國際|鋼鐵工業|10 20 6|97 97 21 30|1.3 32
8358 金居|電子零組|-8 -14 1|93 98 9 13|0.8 347
8383 千附|半導體業|-42 -24 13|92 92 6 8|0.7 31
8390 金益鼎|綠能環保|-7 7 4|90 90 13 13|0.4 166
8401 白紗科|其他|3 18 16|100 100 38 41|1.5 10
8404 百和興業-KY|其他|42 35 46|85 95 5 4|1.4 8
8410 森田|電腦及週|-13 -8 -25|86 86 -5 43|0.3 6
8415 大國鋼|鋼鐵工業|-22 -14 -3|98 98 4 6|0.7 13
8422 可寧衛*|綠能環保|49 3 22|94 99 7 12|1.9 58
8426 紅木-KY|其他|-2 18 -46|61 61 -21 7|0.2 9
8431 匯鑽科|其他電子|-19 -8 2|77 85 -8 -9|0.8 11
8432 東生華|生技醫療|-1 38 15|94 94 21 28|0.7 8
8433 弘帆|居家生活|7 15 -3|99 99 20 31|1.0 24
8436 大江|生技醫療|-17 -20 -20|65 76 -17 -17|0.3 32
8438 昶昕|綠能環保|7 -7 4|90 90 35 42|2.9 14
8440 綠電|綠能環保|-11 3 -2|81 89 12 23|0.6 17
8442 威宏-KY|其他|3 9 13|98 98 22 47|0.5 29
8446 華研|文化創意|0 6 -30|70 93 -2 11|1.2 22
8454 富邦媒|數位雲端|7 7 2|58 82 -2 -17|1.6 483
8463 潤泰材|其他|17 35 8|98 98 23 29|2.7 11
8464 億豐|居家生活|-2 5 6|97 97 11 29|1.0 261
8467 波力-KY|運動休閒|12 33 21|83 83 2 121|0.4 124
8473 山林水|綠能環保|-30 -20 -15|92 92 55 69|0.8 91
8476 台境*|綠能環保|38 37 58|77 87 14 -7|0.6 6
8478 東哥遊艇|運動休閒|5 17 2|60 91 10 7|0.4 221
8916 光隆|其他|-6 -15 9|96 96 5 17|0.9 16
8924 大田|運動休閒|-10 -20 22|81 95 -1 4|0.5 7
8926 台汽電|油電燃氣|97 87 30|89 95 19 20|0.5 209
8927 北基|油電燃氣|18 17 1|99 100 25 8|0.7 29
8930 青鋼|鋼鐵工業|-4 22 1|93 93 9 41|0.4 40
8931 大汽電|油電燃氣|-23 -27 -9|72 86 8 25|0.3 8
8932 智通*|數位雲端|11 34 -22|91 91 13 41|0.7 33
8936 國統|其他|25 55 25|93 93 74 149|0.6 1161
8938 明安|運動休閒|-29 -23 15|83 98 9 15|1.6 32
8940 新天地|觀光餐旅|71 54 -43|91 100 8 37|2.1 20
8942 森鉅|其他|-33 -23 -16|96 97 1 6|0.7 18
8996 高力|電機機械|-33 -17 -51|98 98 90 105|1.7 2685
9802 鈺齊-KY|運動休閒|-60 -46 -7|82 82 -1 -4|0.7 76
9902 台火|其他|-13 282 -626|94 94 28 39|1.0 18
9904 寶成|運動休閒|-1 -1 6|99 99 16 25|0.9 418
9906 欣巴巴|建材營造|-91 -88 -87|100 100 54 88|0.9 26
9907 統一實|其他|1 9 22|77 91 -3 -5|0.7 23
9910 豐泰|運動休閒|11 7 12|79 84 -1 -10|0.8 147
9911 櫻花|居家生活|20 24 15|100 100 34 48|1.0 55
9914 美利達|運動休閒|-20 -31 2|97 97 35 40|1.0 312
9917 中保科|其他|6 5 -5|99 99 10 8|0.5 47
9919 康那香|其他|-12 -11 -1|67 67 -18 18|1.3 49
9921 巨大|運動休閒|-17 -21 -2|93 94 20 33|0.6 343
9924 福興|居家生活|10 7 4|100 100 12 28|1.1 28
9925 新保|其他|4 3 2|100 100 3 4|0.8 7
9927 泰銘|其他|-27 8 -2|96 96 12 37|0.5 30
9930 中聯資源|綠能環保|-6 -2 -8|98 98 18 19|0.7 10
9933 中鼎|其他|42 34 16|100 100 24 33|1.5 232
9934 成霖|居家生活|-9 -4 3|100 100 22 37|1.1 46
9935 慶豐富|居家生活|41 24 24|100 100 24 51|1.0 13
9938 百和|其他|21 23 29|98 98 17 11|1.9 143
9939 宏全|其他|5 7 0|100 100 24 62|0.7 133
9940 信義|其他|27 -20 -20|100 100 16 19|1.9 20
9941 裕融|其他|2 6 -5|76 78 -16 -17|0.5 128
9942 茂順|其他|-22 -13 -21|84 92 1 4|0.5 19
9943 好樂迪|觀光餐旅|10 -3 -23|88 95 1 3|1.3 17
9944 新麗|其他|58 21 31|92 97 3 8|1.7 7
9945 潤泰新|其他|33 22 25|100 100 17 30|3.7 269
9946 三發地產|建材營造|275 31 -11|100 100 79 120|2.7 72
9951 皇田|電機機械|-11 -0 -7|88 91 1 -2|0.6 5
9955 佳龍|綠能環保|-25 5 -5|85 85 39 25|0.3 114
9958 世紀鋼|鋼鐵工業|-13 26 -34|88 88 6 53|0.9 1387
9962 有益|鋼鐵工業|-33 -37 -26|86 95 -1 4|0.4 8