# 2024-10-01 全池(1211 檔)。欄位:代碼 名稱|產業|最新月YoY 3月YoY均 加速度|距52週高% 距120日高% 60日漲% 120日漲%|量能比 日均值M
1101 台泥|水泥工業|39 52 40|96 96 -1 4|1.3 327
1102 亞泥|水泥工業|4 2 11|99 99 8 19|1.2 332
1103 嘉泥|水泥工業|12 0 -9|96 98 0 6|0.9 6
1104 環泥|水泥工業|6 4 -2|83 83 -17 -9|0.4 12
1110 東泥|水泥工業|104 58 37|88 88 3 20|0.4 7
1201 味全|食品工業|10 9 -3|94 96 -1 -2|0.8 7
1210 大成|食品工業|-12 -8 -0|89 92 -7 -7|0.8 47
1215 卜蜂|食品工業|-4 -6 -0|85 85 -7 -12|1.7 33
1216 統一|食品工業|7 11 -5|99 99 10 21|0.8 694
1217 愛之味|食品工業|6 3 1|94 94 -3 7|0.7 12
1218 泰山|食品工業|-11 -11 -9|87 87 -6 -7|0.6 9
1225 福懋油|食品工業|-13 -14 -3|74 74 9 137|0.8 16
1227 佳格|食品工業|-2 -3 -5|93 93 -4 5|1.0 18
1229 聯華|食品工業|3 -3 -16|88 88 -10 -7|0.7 54
1231 聯華食|食品工業|10 11 6|91 91 -4 13|0.6 16
1232 大統益|食品工業|-18 -7 2|100 100 6 7|5.0 11
1256 鮮活果汁-KY|食品工業|-26 -25 -27|64 76 -11 -24|5.2 7
1268 漢來美食|觀光餐旅|18 21 1|92 92 -7 3|0.6 8
1301 台塑|塑膠工業|-8 2 5|65 75 -6 -25|1.6 768
1303 南亞|塑膠工業|-5 3 11|67 80 -5 -20|1.1 503
1304 台聚|塑膠工業|-16 4 10|76 95 7 0|1.2 34
1305 華夏|塑膠工業|-53 -14 1|68 94 7 -6|1.8 17
1307 三芳|塑膠工業|6 10 6|100 100 31 38|1.8 61
1308 亞聚|塑膠工業|-31 -11 4|74 94 10 -3|1.3 16
1309 台達化|塑膠工業|35 45 25|100 100 24 37|3.3 73
1310 台苯|塑膠工業|27 56 32|77 90 -3 -5|1.2 10
1312 國喬|塑膠工業|17 32 27|79 87 -6 -1|0.8 36
1313 聯成|塑膠工業|-13 -3 -19|77 88 0 -8|2.2 20
1316 上曜|建材營造|70 181 133|65 74 -11 -15|0.2 77
1319 東陽|汽車工業|2 3 -11|81 81 -6 -13|1.0 531
1321 大洋|塑膠工業|-13 2 6|85 85 1 7|0.3 18
1326 台化|塑膠工業|1 13 3|67 76 -12 -22|1.1 466
1336 台翰|電子零組|19 15 18|93 93 27 36|3.7 25
1339 昭輝|汽車工業|-20 -14 -14|75 75 -8 -13|0.6 7
1342 八貫|其他|-7 -7 -7|68 73 -19 -28|0.6 11
1402 遠東新|紡織纖維|6 5 -0|100 100 6 23|0.9 277
1409 新纖|紡織纖維|3 10 -3|92 92 -4 5|0.5 43
1414 東和|紡織纖維|-24 -10 -12|89 89 -7 21|0.9 10
1416 廣豐|其他|18 23 -7|98 98 9 12|1.0 5
1434 福懋|紡織纖維|-2 1 7|82 88 -7 -7|0.9 22
1436 華友聯|建材營造|1272 2403 1366|69 69 -17 29|0.4 77
1438 三地開發|建材營造|-100 na na|65 65 0 24|0.4 33
1440 南紡|紡織纖維|3 -1 12|81 81 -8 1|0.7 16
1442 名軒|建材營造|704 914 -19536|87 87 14 57|0.9 97
1446 宏和|紡織纖維|6440 5341 2945|76 76 -7 32|0.5 41
1449 佳和|紡織纖維|-33 -15 -39|72 85 -4 -6|0.2 10
1455 集盛|紡織纖維|28 47 12|73 73 -18 -23|0.6 8
1464 得力|紡織纖維|15 32 23|95 95 1 8|0.9 5
1473 台南|紡織纖維|2 3 -10|67 67 -15 18|0.4 16
1475 業旺|紡織纖維|82 90 50|84 84 2 22|0.2 7
1476 儒鴻|紡織纖維|37 24 9|94 96 4 2|1.1 276
1477 聚陽|紡織纖維|17 6 -4|79 79 -13 -2|1.5 664
1503 士電|電機機械|-11 2 1|65 67 -25 -35|0.4 676
1504 東元|電機機械|-11 -9 -5|81 81 -10 -13|0.7 152
1513 中興電|電機機械|19 19 3|72 72 -16 -8|0.5 1350
1514 亞力|電機機械|-4 4 -9|69 69 -19 -2|0.3 516
1515 力山|電機機械|-37 -17 -162|63 72 -20 -24|0.7 17
1519 華城|電機機械|65 55 -46|64 64 -36 -23|1.1 3597
1522 堤維西|汽車工業|-14 2 -2|86 86 -12 8|0.8 221
1524 耿鼎|汽車工業|7 0 -15|93 93 2 -2|1.7 138
1527 鑽全|電機機械|10 31 23|98 98 9 14|0.7 42
1528 恩德|電機機械|-9 -5 -1|85 85 3 5|0.4 14
1529 樂事綠能|電機機械|23 95 3|76 76 -15 -15|0.2 16
1530 亞崴|電機機械|-0 -7 18|90 90 8 7|0.6 15
1532 勤美|電機機械|-31 -37 -79|72 72 -14 4|0.6 57
1536 和大|汽車工業|-5 12 22|76 76 -1 9|0.2 165
1537 廣隆|電機機械|34 37 14|97 97 10 14|0.5 33
1539 巨庭|電機機械|-8 -6 -26|89 89 34 27|0.7 184
1540 喬福|電機機械|24 118 67|92 92 111 146|0.8 1155
1558 伸興|電機機械|23 17 6|99 99 20 24|0.7 17
1560 中砂|電機機械|5 12 7|87 87 -9 20|0.6 588
1563 巧新|汽車工業|-2 -5 na|na na -18 na|0.4 18
1565 精華|生技醫療|15 9 11|100 100 18 16|5.0 18
1568 倉佑|汽車工業|-23 -26 -1|77 83 -2 -3|0.2 5
1569 濱川|電腦及週|-12 -15 5|100 100 48 50|2.7 57
1570 力肯|電機機械|214 208 143|69 76 -1 -24|0.1 12
1580 新麥|電機機械|-10 2 -9|97 97 -2 2|0.6 6
1582 信錦|電子零組|-8 7 -12|87 87 -4 20|0.8 252
1584 精剛|其他|21 31 4|88 88 14 9|1.2 188
1587 吉茂|汽車工業|-10 0 8|56 56 -32 13|0.9 18
1589 永冠-KY|電機機械|-8 -5 16|69 87 -4 -14|0.7 12
1590 亞德客-KY|電機機械|-5 -1 -13|76 76 -10 -21|2.0 519
1591 駿吉-KY|電機機械|158 339 105|58 58 -31 -26|0.5 8
1597 直得|電機機械|34 18 34|83 83 21 32|0.4 190
1603 華電|電器電纜|11 31 1|74 74 -15 -13|0.4 12
1604 聲寶|電器電纜|13 3 0|95 95 -1 -1|0.7 6
1605 華新|電器電纜|-2 3 7|89 89 -2 -7|2.0 341
1608 華榮|電器電纜|39 38 21|74 74 -15 -9|0.3 59
1609 大亞|電器電纜|16 20 7|80 80 -7 14|0.4 362
1611 中電|電器電纜|-13 -15 -6|80 80 -11 2|0.2 10
1612 宏泰|電器電纜|-26 2 -3|77 77 -8 2|0.4 25
1615 大山|電器電纜|41 17 -11|85 85 -10 8|0.6 13
1616 億泰|電器電纜|8 7 -6|80 80 -5 4|0.5 7
1617 榮星|電器電纜|14 26 15|75 75 -9 19|0.3 9
1618 合機|電器電纜|-30 32 -10|73 73 -23 18|0.5 73
1702 南僑|食品工業|1 3 -3|88 88 -4 1|1.2 28
1707 葡萄王|生技醫療|-15 -6 -7|94 94 -5 -5|0.7 23
1708 東鹼|化學工業|12 11 15|96 96 18 37|0.8 112
1709 和益|化學工業|33 16 5|95 95 6 28|0.7 59
1710 東聯|化學工業|18 33 23|92 100 8 4|0.9 31
1711 永光|化學工業|-4 5 -0|93 93 35 29|0.8 614
1712 興農|化學工業|3 5 5|90 90 -5 10|0.4 16
1713 國化|化學工業|-18 7 -14|88 88 -10 14|0.4 6
1717 長興|化學工業|-0 6 3|97 97 8 7|2.2 123
1720 生達|生技醫療|1 5 -0|85 85 -8 0|0.5 13
1721 三晃|化學工業|11 42 34|100 100 74 74|0.7 117
1722 台肥|化學工業|-3 -26 -8|86 88 -8 -7|0.9 99
1723 中碳|化學工業|32 5 15|83 88 -6 -13|0.5 39
1725 元禎|化學工業|5 19 14|76 76 -14 18|0.3 6
1727 中華化|化學工業|58 36 31|98 98 35 40|1.5 239
1734 杏輝|生技醫療|23 20 15|86 86 -12 -11|0.5 9
1735 日勝化|化學工業|1 16 5|85 85 36 42|0.9 19
1736 喬山|運動休閒|24 23 8|96 96 72 98|1.9 82
1737 臺鹽|食品工業|-6 -5 2|98 98 6 7|0.4 13
1760 寶齡富錦|生技醫療|-2 10 -1|75 84 -10 -17|0.5 10
1773 勝一|化學工業|20 15 7|92 94 12 -6|1.2 150
1776 展宇|化學工業|-1 8 3|86 86 28 35|0.9 20
1777 生泰|生技醫療|-1 18 8|96 96 9 22|0.4 7
1784 訊聯|生技醫療|-5 -0 -10|68 68 -19 67|0.4 48
1785 光洋科|其他電子|34 32 5|89 89 -2 36|0.7 1411
1786 科妍|生技醫療|7 8 -23|96 96 6 24|0.8 66
1789 神隆|生技醫療|16 6 -13|87 87 -11 -8|0.7 7
1795 美時|生技醫療|12 11 12|78 78 -12 -18|0.6 446
1799 易威|生技醫療|306 325 174|42 42 -23 51|1.5 91
1802 台玻|玻璃陶瓷|-21 -12 -12|93 93 1 7|3.8 38
1805 寶徠|建材營造|-1 -35 -5|82 82 -1 -0|1.4 5
1806 冠軍|玻璃陶瓷|17 5 -14|86 86 -5 23|0.7 17
1808 潤隆|建材營造|-92 -65 -5447|40 40 -53 -52|2.1 391
1809 中釉|玻璃陶瓷|-9 3 -1|65 80 -12 -13|1.7 15
1810 和成|玻璃陶瓷|-9 -4 -5|89 89 4 10|1.6 12
1815 富喬|電子零組|58 50 46|77 77 -12 19|0.8 204
1817 凱撒衛|玻璃陶瓷|11 16 5|98 98 10 11|0.6 9
1903 士紙|造紙工業|-4 -17 -10|81 81 -8 -6|1.2 11
1904 正隆|造紙工業|3 4 -1|81 83 -15 -16|1.8 36
1905 華紙|造紙工業|10 7 7|83 88 -5 -9|2.1 40
1907 永豐餘|造紙工業|9 11 6|95 100 5 11|1.9 32
1909 榮成|造紙工業|-3 4 5|91 91 4 -4|3.1 19
2002 中鋼|鋼鐵工業|-3 -0 1|88 93 1 -9|2.1 444
2006 東和鋼鐵|鋼鐵工業|-1 1 -8|100 100 12 9|1.2 108
2008 高興昌|鋼鐵工業|-10 9 21|81 81 24 37|0.5 5
2009 第一銅|鋼鐵工業|19 32 9|76 76 -13 -9|3.9 47
2010 春源|鋼鐵工業|13 9 3|81 81 -5 -16|1.9 9
2014 中鴻|鋼鐵工業|-32 -17 -13|82 96 5 -8|6.4 51
2015 豐興|鋼鐵工業|4 1 -1|98 98 6 20|1.2 31
2017 官田鋼|鋼鐵工業|-3 2 -5|83 84 -11 -14|1.9 6
2020 美亞|鋼鐵工業|-24 -40 -23|75 75 -18 -20|0.9 8
2022 聚亨|鋼鐵工業|-24 -19 -14|76 81 -10 -19|3.9 7
2023 燁輝|鋼鐵工業|-18 -4 -10|87 100 3 -2|3.1 18
2025 千興|鋼鐵工業|13 8472 na|85 85 -4 -3|0.8 11
2027 大成鋼|鋼鐵工業|-15 -10 2|91 91 -1 -3|1.1 169
2031 新光鋼|鋼鐵工業|-20 -18 -15|86 86 -3 -7|1.3 39
2033 佳大|鋼鐵工業|5 7 14|100 100 46 32|0.6 8
2034 允強|鋼鐵工業|-9 -4 4|92 99 1 -1|1.7 10
2038 海光|鋼鐵工業|24 15 12|82 86 -4 -12|5.8 6
2049 上銀|電機機械|-5 -5 -2|76 82 2 -18|1.6 251
2059 川湖|電子零組|89 95 44|75 80 -19 -18|1.2 957
2061 風青|電器電纜|37 36 19|86 86 5 50|0.3 6
2062 橋椿|居家生活|0 -4 -25|99 99 49 42|1.0 180
2066 世德|電機機械|-2 -3 -0|72 72 -19 -14|0.5 16
2069 運錩|鋼鐵工業|-8 -10 -1|98 98 25 18|2.0 11
2070 精湛|電機機械|81 45 14|96 96 136 218|1.7 816
2101 南港|橡膠工業|25 17 -5|75 75 -10 16|0.4 111
2102 泰豐|橡膠工業|58 31 81|90 90 6 26|1.5 13
2103 台橡|橡膠工業|21 28 17|96 96 3 2|1.1 16
2104 國際中橡|橡膠工業|5 18 19|81 92 -4 -5|1.2 17
2105 正新|橡膠工業|2 1 0|86 86 8 7|1.5 250
2106 建大|橡膠工業|-4 -2 -3|89 89 -10 -4|1.7 29
2107 厚生|橡膠工業|-8 5 12|91 91 1 2|0.3 6
2108 南帝|橡膠工業|27 48 35|81 81 -2 11|0.4 14
2109 華豐|橡膠工業|5 1 0|95 95 3 14|0.9 6
2201 裕隆|汽車工業|9 11 -1|71 80 -7 -11|1.2 188
2204 中華|汽車工業|-31 -1 -28|49 49 -43 -47|0.6 164
2206 三陽工業|汽車工業|-7 -1 -9|86 86 -3 -0|0.5 95
2207 和泰車|汽車工業|-9 -3 -6|97 97 12 11|1.2 191
2208 台船|航運業|-28 -36 -7|76 92 1 -6|0.5 35
2211 長榮鋼|鋼鐵工業|3 1 -2|76 76 -13 -11|0.6 84
2227 裕日車|汽車工業|-9 -4 -7|67 87 -5 -4|1.1 5
2228 劍麟|汽車工業|-4 -5 -14|92 92 0 12|2.3 267
2230 泰茂|居家生活|128 112 -7|88 93 1 -1|1.7 59
2231 為升|汽車工業|17 3 8|74 76 -15 -7|2.4 29
2233 宇隆|汽車工業|-2 14 -1|92 92 15 22|0.8 493
2236 百達-KY|汽車工業|8 -5 -17|89 89 20 34|0.3 81
2241 艾姆勒|汽車工業|-21 -26 -42|62 62 -16 -13|1.5 32
2243 宏旭-KY|汽車工業|34 371 243|91 91 58 101|1.1 93
2247 汎德永業|汽車工業|-14 2 -1|87 87 -3 -8|1.0 14
2250 IKKA-KY|汽車工業|-7 -2 -10|74 74 -5 2|0.9 42
2254 巨鎧精密-創|汽車工業|-20 210 109|na 81 -7 -15|0.8 23
2258 鴻華先進-創|汽車工業|497 710 -260|na 91 -4 2|1.5 22
2301 光寶科|電腦及週|-9 -5 6|84 85 -7 -1|0.5 786
2303 聯電|半導體業|9 4 8|93 93 -1 2|0.7 2124
2305 全友|電腦及週|28 26 -8|70 80 -10 -16|0.5 9
2308 台達電|電子零組|4 2 3|89 89 1 17|0.8 3066
2312 金寶|其他電子|17 10 17|78 78 9 43|0.4 204
2313 華通|電子零組|8 13 3|76 76 -17 -14|0.7 1208
2314 台揚|通信網路|-49 -52 7|71 85 -12 -12|0.5 17
2316 楠梓電|電子零組|13 -9 2|81 81 -10 7|1.2 58
2317 鴻海|其他電子|33 24 19|83 83 -13 18|0.8 11161
2323 中環|光電業|-5 -5 -7|91 91 -6 4|0.6 78
2324 仁寶|電腦及週|3 -2 3|86 86 1 -5|0.9 376
2327 國巨*|電子零組|15 17 9|77 77 -18 1|1.3 1402
2328 廣宇|電子零組|-14 -13 1|88 88 -8 5|0.4 30
2329 華泰|半導體業|-13 -13 -29|49 58 -29 -38|0.9 91
2330 台積電|半導體業|33 37 17|90 90 -3 20|0.9 31033
2331 精英|電腦及週|13 -3 15|66 66 -25 -21|0.4 41
2332 友訊|通信網路|3 -3 10|94 97 2 8|0.6 39
2337 旺宏|半導體業|4 5 24|77 89 -3 -4|0.5 194
2338 光罩|半導體業|-4 0 -6|72 72 -25 -15|0.5 51
2340 台亞|半導體業|2 8 -4|75 86 -14 -5|0.7 60
2342 茂矽|半導體業|24 27 29|92 96 0 4|1.5 12
2344 華邦電|半導體業|9 9 0|68 76 -20 -22|1.3 484
2345 智邦|通信網路|27 20 12|92 92 -6 15|1.9 1358
2347 聯強|電子通路|1 4 -3|80 80 -3 -8|1.5 426
2348 海悅|其他|21 17 -109|47 47 -31 19|0.5 315
2349 錸德|光電業|-10 -6 -7|80 80 -3 105|0.3 256
2351 順德|半導體業|7 6 10|85 85 8 37|1.4 438
2352 佳世達|電腦及週|2 -1 4|80 90 -1 -10|0.6 156
2353 宏碁|電腦及週|5 15 3|75 75 -10 -7|0.9 625
2354 鴻準|其他電子|-14 -4 32|88 88 -6 5|0.6 254
2355 敬鵬|電子零組|-7 -4 -4|74 81 -17 -14|0.9 71
2356 英業達|電腦及週|12 17 8|73 75 -21 -23|0.6 723
2357 華碩|電腦及週|18 22 11|96 96 19 35|0.9 1882
2359 所羅門|其他電子|3 -15 -0|82 82 -16 48|0.4 835
2360 致茂|其他電子|11 18 13|98 98 20 54|1.4 1240
2362 藍天|電腦及週|17 35 17|95 95 12 47|1.8 196
2363 矽統|半導體業|11 46 -12|67 67 -15 29|1.7 381
2364 倫飛|電腦及週|57 41 25|67 78 22 10|0.8 82
2365 昆盈|電腦及週|55 44 12|81 81 10 136|0.3 595
2367 燿華|電子零組|21 23 11|80 80 -10 27|0.5 283
2368 金像電|電子零組|30 34 9|72 85 -9 -17|0.5 768
2369 菱生|半導體業|-11 -6 -12|67 76 -21 -24|0.5 15
2371 大同|電機機械|6 4 -4|70 70 -16 -15|1.0 685
2374 佳能|光電業|-1 18 -2|78 78 -8 45|0.3 158
2375 凱美|電子零組|10 12 7|87 91 -3 6|0.3 11
2376 技嘉|電腦及週|107 121 7|69 80 -13 -21|0.6 1230
2377 微星|電腦及週|-3 5 -10|89 90 -2 5|0.6 437
2379 瑞昱|半導體業|15 16 0|81 84 -11 -14|1.1 1178
2382 廣達|電腦及週|43 37 28|79 79 -13 -4|1.1 5700
2383 台光電|電子零組|48 56 -3|83 88 -9 4|0.9 2484
2385 群光|電子零組|12 3 6|64 77 -6 -24|1.4 601
2387 精元|電腦及週|9 11 9|85 88 -7 -9|0.5 27
2388 威盛|半導體業|70 6 -21|76 95 13 2|2.0 1914
2390 云辰|其他電子|12 10 6|77 93 -4 2|0.7 7
2392 正崴|電子零組|9 15 6|71 71 -17 38|0.2 172
2393 億光|光電業|20 24 10|90 90 -1 35|0.8 200
2395 研華|電腦及週|-2 -4 9|80 85 -12 -17|1.3 340
2397 友通|電腦及週|-35 -40 2|82 82 -4 13|0.2 38
2399 映泰|電腦及週|-31 4 5|100 100 44 39|1.8 732
2401 凌陽|半導體業|18 23 5|82 82 -13 13|0.9 55
2402 毅嘉|電子零組|12 16 8|93 93 17 21|0.6 288
2404 漢唐|其他電子|-5 -9 -3|72 72 -20 -22|0.7 293
2405 輔信|電腦及週|-21 -4 -7|73 73 -12 5|0.2 52
2406 國碩|光電業|167 197 109|75 75 -24 10|0.9 28
2408 南亞科|半導體業|9 19 -6|58 62 -38 -32|1.0 609
2409 友達|光電業|11 13 -8|91 91 -1 -5|0.7 467
2412 中華電|通信網路|4 1 -1|98 98 6 0|0.7 725
2417 圓剛|電腦及週|-0 2 2|77 77 -16 2|0.4 57
2419 仲琦|通信網路|18 21 41|80 80 -3 -7|0.2 24
2420 新巨|電子零組|24 15 16|100 100 17 49|1.0 193
2421 建準|電子零組|24 20 18|68 76 -14 -27|0.5 142
2423 固緯|其他電子|-16 -1 1|88 88 -6 3|1.1 9
2424 隴華|通信網路|162 44 -15|93 93 117 120|0.8 6
2425 承啟|電腦及週|-11 -23 -25|83 89 17 -4|1.2 97
2426 鼎元|光電業|15 12 1|91 91 15 24|1.3 122
2427 三商電|資訊服務|-26 -4 -35|76 76 -17 -4|0.2 13
2428 興勤|電子零組|7 9 10|96 96 0 6|0.7 55
2429 銘旺科|光電業|-35 -52 -0|64 64 -30 49|0.3 17
2436 偉詮電|半導體業|-6 3 -11|82 95 3 3|6.7 23
2438 翔耀|光電業|187 158 48|56 56 -31 114|0.3 21
2439 美律|通信網路|74 52 27|92 92 -8 9|0.9 356
2441 超豐|半導體業|9 12 -2|94 94 -3 -4|0.7 38
2442 新美齊|建材營造|655 231 -1088|72 72 -12 3|0.3 62
2444 兆勁|通信網路|-10 -20 -3|87 87 1 27|0.6 8
2449 京元電子|半導體業|12 13 7|83 83 -6 5|1.0 1628
2451 創見|半導體業|4 -8 -10|76 76 -14 7|1.3 129
2453 凌群|資訊服務|7 12 2|77 77 -15 -15|0.2 18
2454 聯發科|半導體業|-2 18 -7|81 81 -12 4|1.3 8311
2455 全新|通信網路|7 20 -54|84 84 -7 -2|2.9 695
2457 飛宏|電子零組|-4 -21 -3|67 78 -15 -22|1.0 42
2458 義隆|半導體業|-0 1 -25|85 85 -6 -6|1.0 270
2460 建通|電子零組|7 30 3|71 79 -10 -20|0.6 8
2461 光群雷|其他電子|-10 -9 -6|88 88 -7 -8|0.5 7
2462 良得電|電子零組|2 16 12|78 90 -9 -7|0.4 5
2464 盟立|其他電子|-2 -8 13|86 86 -2 50|0.4 1227
2465 麗臺|電腦及週|44 9 -11|57 65 -25 -24|0.4 31
2467 志聖|電子零組|-2 56 35|86 86 4 65|0.4 1113
2472 立隆電|電子零組|23 23 13|85 85 -9 3|0.4 45
2474 可成|其他電子|18 2 24|99 99 6 14|0.9 588
2476 鉅祥|電子零組|23 21 18|80 80 -15 19|0.4 169
2477 美隆電|其他電子|49 24 20|87 87 38 40|0.9 84
2478 大毅|電子零組|15 13 8|89 89 -1 11|0.5 10
2480 敦陽科|資訊服務|1 1 0|99 99 5 1|0.6 12
2481 強茂|半導體業|-2 -2 -3|85 90 -6 1|1.4 92
2482 連宇|其他電子|-37 -41 12|68 71 -28 -7|0.5 11
2484 希華|電子零組|19 2 12|85 92 -3 -8|0.5 6
2485 兆赫|通信網路|-80 -70 -29|69 81 -17 -13|0.4 12
2486 一詮|光電業|12 11 -4|70 70 -27 39|1.3 1233
2488 漢平|其他電子|32 17 0|91 91 2 4|0.7 27
2489 瑞軒|光電業|49 63 24|80 80 4 45|0.2 181
2492 華新科|電子零組|7 7 -0|76 84 -10 -9|0.7 132
2493 揚博|電子零組|5 16 8|82 82 -11 -10|0.5 12
2495 普安|電腦及週|-14 1 5|92 92 -1 60|1.3 207
2497 怡利電|汽車工業|32 25 10|97 97 43 51|1.8 1150
2498 宏達電|通信網路|-21 -14 4|95 100 13 11|3.0 181
2501 國建|建材營造|1 -10 -54|61 61 -19 2|0.3 62
2504 國產|建材營造|8 6 3|90 90 11 23|0.7 309
2505 國揚|建材營造|-97 36 -537|73 73 -18 -19|0.3 7
2506 太設|建材營造|25 18 -104|82 82 -6 7|0.2 5
2509 全坤建|建材營造|107 2029 1515|72 72 -15 1|0.2 7
2511 太子|建材營造|-5 -6 -3|79 79 -10 -3|0.4 12
2514 龍邦|其他|2 8 -144|75 75 -20 30|0.3 10
2515 中工|建材營造|36 16 -2|68 68 -16 -24|0.5 138
2516 新建|建材營造|19 3 -17|81 86 -8 -8|0.3 6
2520 冠德|建材營造|6 124 76|74 74 -14 16|0.3 185
2524 京城|建材營造|-4 230 51|69 69 72 99|0.5 418
2527 宏璟|建材營造|-79 126 -43|55 55 -25 -31|0.2 12
2528 皇普|建材營造|1714 1110 692|72 72 -14 -17|0.3 22
2530 華建|建材營造|76454 109552 58844|68 68 -19 -20|0.4 54
2534 宏盛|建材營造|-50 -13 36|85 85 -5 10|0.3 22
2535 達欣工|建材營造|-11 7 2|81 81 -11 -10|1.3 14
2536 宏普|建材營造|-0 208 -2080|78 78 -10 -6|0.3 13
2537 聯上發|建材營造|-99 55794 35710|61 61 -19 8|0.1 81
2538 基泰|建材營造|32 446 171|79 79 -3 18|0.2 12
2539 櫻花建|建材營造|-100 na na|60 60 -35 -32|0.8 71
2540 愛山林|建材營造|7 4 -69|47 47 -49 -3|0.7 322
2542 興富發|建材營造|-52 -35 -51|68 68 -18 9|0.5 438
2543 皇昌|建材營造|-7 22 -9|100 100 60 167|1.2 530
2545 皇翔|建材營造|1105 545 152|83 83 4 33|0.3 70
2546 根基|建材營造|11 1 12|60 60 -18 -14|0.7 12
2547 日勝生|建材營造|4 -6 -26|84 84 -1 0|0.4 14
2548 華固|建材營造|63 2329 1246|80 80 -4 16|0.4 180
2596 綠意|建材營造|-75 9 -194|65 65 -9 1|0.3 8
2597 潤弘|建材營造|23 22 14|58 58 -18 -11|0.5 44
2603 長榮|航運業|116 113 82|92 92 8 20|1.5 3070
2605 新興|航運業|4 9 1|89 89 -5 19|5.2 64
2606 裕民|航運業|13 10 -9|92 92 -4 4|2.7 96
2607 榮運|航運業|57 61 26|87 90 -3 -1|0.8 26
2608 嘉里大榮|航運業|3 3 -1|92 92 -2 7|0.7 6
2609 陽明|航運業|111 100 79|84 84 -4 57|2.7 1433
2610 華航|航運業|9 7 -8|91 91 -9 16|0.7 395
2611 志信|航運業|8 7 -12|70 70 -17 1|1.2 11
2612 中航|航運業|20 21 11|81 96 0 9|4.8 7
2613 中櫃|航運業|5 7 -1|82 82 -5 75|7.5 15
2614 東森|其他|-14 -4 -3|80 87 -6 -2|0.4 9
2615 萬海|航運業|126 125 99|92 92 15 125|3.1 1268
2617 台航|航運業|32 26 15|82 82 -16 -6|1.7 17
2618 長榮航|航運業|10 9 -14|97 97 -0 19|0.8 1623
2630 亞航|航運業|25 9 -6|76 76 -11 -8|1.4 13
2633 台灣高鐵|航運業|8 7 -2|96 96 -3 -1|0.7 67
2634 漢翔|航運業|-6 -3 -5|82 82 -11 -17|0.7 141
2636 台驊控股|航運業|91 122 72|79 79 -8 -4|1.9 44
2637 慧洋-KY|航運業|50 40 23|100 100 9 24|3.2 179
2641 正德|航運業|24 24 -5|86 86 -10 6|2.9 16
2645 長榮航太|航運業|4 -4 -17|81 81 -14 -12|0.5 36
2704 國賓|觀光餐旅|10 10 14|83 83 -12 5|0.4 8
2707 晶華|觀光餐旅|-13 -14 -12|84 84 -3 -2|0.7 27
2718 全心投控|建材營造|33 1091 300|72 72 -7 15|0.5 7
2723 美食-KY|觀光餐旅|-5 -7 -1|85 100 6 5|2.7 15
2727 王品|觀光餐旅|1 -1 -4|82 91 1 -5|0.8 74
2731 雄獅|觀光餐旅|19 22 -142|82 82 -8 2|0.4 58
2739 寒舍|觀光餐旅|-1 0 -10|72 72 -9 14|0.4 20
2743 山富|觀光餐旅|10 23 -273|62 62 -27 -5|0.3 11
2745 五福|觀光餐旅|23 36 -497|65 65 -23 18|0.2 13
2748 雲品|觀光餐旅|-5 2 -4|69 82 -7 -9|1.3 7
2753 八方雲集|觀光餐旅|3 7 -1|87 87 -8 -8|0.7 15
2762 世界健身-KY|運動休閒|-1 2 na|na 90 0 -8|0.7 19
2801 彰銀|金融保險|24 12 3|96 96 -3 -0|0.7 181
2809 京城銀|金融保險|16 -18 -70|83 83 -12 1|0.9 148
2812 台中銀|金融保險|8 10 -3|94 94 1 9|0.5 59
2816 旺旺保|金融保險|3 0 -8|81 88 -7 10|0.5 9
2820 華票|金融保險|78 30 -47|96 96 -1 -1|0.8 8
2832 台產|金融保險|-1 11 0|93 93 2 12|0.4 8
2834 臺企銀|金融保險|25 12 6|83 83 -15 -0|0.7 225
2836 高雄銀|金融保險|24 18 11|92 92 -2 3|0.4 15
2838 聯邦銀|金融保險|26 10 3|92 92 -6 2|0.5 22
2845 遠東銀|金融保險|-5 -2 -5|82 82 -18 -2|0.5 98
2850 新產|金融保險|-2 0 -4|89 89 1 14|0.4 23
2851 中再保|金融保險|-32 -13 -19|93 93 0 9|0.4 33
2852 第一保|金融保險|3 1 -7|92 92 -4 14|0.4 5
2855 統一證|金融保險|36 5 -34|92 92 -7 3|0.5 40
2880 華南金|金融保險|7 12 -3|94 94 -1 15|0.6 270
2881 富邦金|金融保險|-71 2 -103|96 96 11 33|0.9 2044
2882 國泰金|金融保險|-12 -6 -78|98 98 10 35|1.1 1719
2883 凱基金|金融保險|-206 -34 -166|98 98 3 16|0.8 789
2884 玉山金|金融保險|33 30 4|98 98 2 9|0.7 472
2885 元大金|金融保險|-7 -1 -19|91 91 -5 2|0.8 421
2886 兆豐金|金融保險|8 7 -21|95 95 -2 1|0.7 556
2887 台新新光金|金融保險|38 26 19|92 92 -1 5|1.1 793
2888 新光金|金融保險|-11677 -3903 -2992|88 88 14 48|0.5 2997
2889 國票金|金融保險|-3 13 -13|88 88 -11 8|0.9 122
2890 永豐金|金融保險|14 15 -7|90 90 -7 15|1.0 324
2891 中信金|金融保險|-15 1 -131|89 89 -9 13|0.8 2932
2892 第一金|金融保險|26 10 7|95 95 -2 2|0.7 346
2897 王道銀行|金融保險|-3 6 2|95 95 -2 4|0.5 27
2903 遠百|貿易百貨|-7 -6 -1|81 81 -19 -8|0.4 61
2905 三商|貿易百貨|-109 -48 -209|87 87 7 43|0.6 45
2908 特力|貿易百貨|-5 0 -4|97 97 -1 2|1.2 7
2912 統一超|貿易百貨|7 7 -1|98 98 11 12|1.1 495
2913 農林|貿易百貨|25 11 7|93 93 -5 4|1.5 49
2915 潤泰全|貿易百貨|-8 5 7|95 95 13 35|0.5 272
2923 鼎固-KY|建材營造|-76 266 179|92 92 16 43|1.6 5
3003 健和興|電子零組|24 16 17|88 88 16 28|1.1 291
3004 豐達科|鋼鐵工業|-1 9 -12|78 79 -10 -22|0.4 6
3005 神基|電腦及週|-3 -2 -6|75 89 -7 -8|1.2 245
3006 晶豪科|半導體業|19 12 -4|68 69 -29 -16|0.8 129
3008 大立光|光電業|54 53 22|82 82 -6 12|0.8 2817
3010 華立|電子通路|12 22 4|86 86 -9 4|0.5 111
3011 今皓|電子零組|33 12 11|70 88 -5 -10|0.6 16
3013 晟銘電|電腦及週|45 77 47|92 92 47 95|1.4 2385
3014 聯陽|半導體業|10 3 -15|77 77 -23 -14|1.1 148
3015 全漢|電子零組|-2 -11 2|91 91 -3 2|0.5 29
3016 嘉晶|半導體業|0 -2 9|84 84 -11 -0|0.3 24
3017 奇鋐|電腦及週|25 21 1|73 73 -21 3|1.4 5562
3019 亞光|光電業|54 46 28|87 87 65 76|1.2 1641
3021 鴻名|電子零組|34 31 23|97 97 14 34|2.9 29
3022 威強電|電腦及週|-2 -3 14|79 79 -3 1|0.3 40
3023 信邦|電子零組|2 -0 4|88 88 4 7|0.5 185
3024 憶聲|光電業|33 7 -4|79 79 -12 6|0.2 24
3025 星通|通信網路|243 127 28|93 96 2 8|1.5 43
3026 禾伸堂|電子零組|-2 0 8|91 92 -3 -6|0.6 11
3027 盛達|通信網路|4 9 -29|79 79 -7 -9|1.6 10
3028 增你強|電子通路|1 13 1|90 91 -7 -6|0.4 8
3029 零壹|資訊服務|21 36 16|77 77 -14 18|0.3 77
3030 德律|其他電子|24 68 25|76 76 -17 65|0.7 210
3031 佰鴻|光電業|7 25 22|91 91 -6 8|0.5 10
3032 偉訓|電子零組|-19 -29 -31|80 81 -6 -19|0.3 42
3033 威健|電子通路|27 31 14|91 91 -5 12|1.0 77
3034 聯詠|半導體業|-0 -7 -13|81 81 -17 -13|0.7 1425
3035 智原|半導體業|-1 -4 8|58 73 -23 -20|0.7 957
3036 文曄|電子通路|62 75 15|61 65 -11 -21|0.8 258
3037 欣興|電子零組|17 14 19|67 67 -20 -25|0.7 1996
3038 全台|光電業|-21 -23 -2|72 78 -14 -22|0.7 7
3040 遠見|其他|1 -21 -13|98 98 41 59|1.3 22
3041 揚智|半導體業|55 53 42|68 95 -2 -2|3.9 7
3042 晶技|電子零組|16 18 5|93 93 -4 3|0.6 180
3044 健鼎|電子零組|8 14 6|81 81 -13 -7|0.8 369
3045 台灣大|通信網路|9 9 0|97 97 4 11|1.2 989
3046 建碁|電腦及週|28 48 -2|80 91 -4 -9|0.3 11
3047 訊舟|通信網路|112 117 86|80 80 4 145|0.5 485
3048 益登|電子通路|6 10 5|74 74 -22 65|0.2 79
3049 精金|光電業|71 23 50|91 91 14 29|1.0 70
3050 鈺德|光電業|17 11 3|75 75 -12 -12|0.2 23
3051 力特|光電業|-8 -12 7|70 79 -4 -21|0.5 13
3055 蔚華科|電子通路|-68 -14 20|65 65 -27 -10|0.3 23
3056 富華新|建材營造|-85 -91 -71|82 82 -8 13|0.3 40
3058 立德|電子零組|-14 -14 1|78 83 -6 -17|1.0 21
3059 華晶科|光電業|-19 -18 9|82 82 -13 -8|0.3 31
3060 銘異|電腦及週|24 30 -6|71 71 -24 14|0.4 19
3062 建漢|通信網路|-16 7 23|86 86 5 40|0.7 706
3066 李洲|光電業|7 19 18|88 88 15 27|1.0 66
3071 協禧|電腦及週|4 10 14|74 74 -20 -16|0.5 5
3073 天方能源|綠能環保|8 2 22|75 75 42 153|0.8 56
3078 僑威|電子零組|-28 -28 -35|81 90 -7 -10|0.4 31
3081 聯亞|通信網路|77 56 59|100 100 101 138|2.8 866
3083 網龍|文化創意|32 75 33|78 78 -17 -14|0.6 7
3086 華義*|文化創意|34 20 -8|98 98 53 127|0.9 224
3088 艾訊|電腦及週|17 -4 3|79 79 -11 3|0.4 17
3090 日電貿|電子零組|12 12 -1|88 88 -4 1|0.6 15
3092 鴻碩|電子零組|-4 -7 0|82 90 -3 -9|1.2 19
3094 聯傑|半導體業|-27 -18 12|80 82 3 1|2.0 13
3105 穩懋|半導體業|7 11 -23|75 75 -22 -9|0.7 327
3122 笙泉|半導體業|-15 7 -2|64 64 -22 -5|1.2 9
3130 一零四|數位雲端|7 4 -2|94 94 -4 -1|2.0 7
3131 弘塑|半導體業|39 15 5|83 83 25 87|0.7 2195
3138 耀登|通信網路|-3 2 3|73 88 -4 -8|0.8 11
3141 晶宏|半導體業|-14 -20 -4|91 91 -5 21|5.0 22
3147 大綜|資訊服務|41 26 0|91 91 26 11|0.8 242
3149 正達|光電業|27 25 21|100 100 20 56|2.9 367
3152 璟德|通信網路|8 9 -9|64 78 -13 -22|2.0 16
3162 精確|電機機械|46 45 27|67 87 4 -13|0.7 13
3163 波若威|通信網路|-43 -35 -20|92 92 21 64|0.6 1253
3167 大量|電機機械|115 130 66|100 100 104 129|0.4 439
3169 亞信|半導體業|-10 -4 1|77 84 -11 -6|0.8 17
3176 基亞|生技醫療|-32 28 -42|63 83 -13 -2|0.8 5
3178 公準|半導體業|-42 -22 -11|61 61 -23 -37|0.4 8
3188 鑫龍騰|建材營造|351 na na|62 62 5 41|0.2 28
3189 景碩|半導體業|34 31 30|83 83 22 9|0.8 881
3202 樺晟|電子零組|12 20 -7|81 81 -13 30|0.4 9
3207 耀勝|電子零組|52 68 63|86 86 -4 4|0.6 74
3209 全科|電子通路|22 9 22|98 98 8 14|2.0 40
3211 順達|電腦及週|-8 -22 -6|91 91 -2 19|0.3 62
3213 茂訊|電腦及週|-24 -13 -23|96 96 0 9|1.6 68
3217 優群|電子零組|12 15 -5|79 86 -11 -10|1.0 90
3218 大學光|生技醫療|9 2 -4|77 96 2 -3|1.9 81
3219 倚強科|其他電子|-37 -15 -14|72 72 -28 43|1.1 5
3224 三顧|電子通路|31 3 14|91 91 -3 35|0.4 8
3227 原相|半導體業|47 48 -10|99 99 61 79|1.8 2934
3228 金麗科|半導體業|31 56 -2|41 45 -43 -54|0.7 140
3230 錦明|光電業|-48 -43 -16|100 100 263 453|0.2 173
3231 緯創|電腦及週|23 20 12|77 81 -7 -19|0.6 1926
3234 光環|通信網路|-19 -14 -8|81 81 -6 15|1.1 31
3257 虹冠電|半導體業|-30 -31 -116|73 87 -5 -12|2.6 9
3260 威剛|半導體業|2 22 -17|76 76 -20 -11|1.0 205
3264 欣銓|半導體業|-13 -7 -2|74 79 -13 -22|0.6 172
3265 台星科|半導體業|10 7 -4|82 82 -17 -9|1.6 99
3284 太普高|其他|24 102 56|56 56 -4 29|0.3 40
3289 宜特|其他電子|26 12 7|94 94 12 27|0.7 417
3290 東浦|電子零組|9 14 11|94 94 24 42|0.8 78
3293 鈊象|文化創意|30 32 6|100 100 61 90|2.0 1849
3294 英濟|電子零組|-8 5 -5|53 62 -13 -37|0.3 44
3296 勝德|電子零組|-9 5 9|89 89 -5 21|1.6 16
3303 岱稜|其他電子|40 37 13|86 86 35 82|0.5 247
3305 昇貿|其他電子|43 39 28|89 89 -7 10|2.5 102
3306 鼎天|通信網路|-11 -22 -23|86 86 -6 1|0.8 15
3312 弘憶股|電子通路|20 18 7|67 67 -21 75|0.2 218
3317 尼克森|半導體業|6 -3 -3|87 98 1 8|1.4 6
3322 建舜電|電子零組|-35 -14 -25|75 84 -14 -13|0.3 7
3324 雙鴻|其他電子|20 49 28|73 73 -20 -19|1.4 2767
3338 泰碩|電子零組|-15 -2 -11|76 76 -19 1|0.4 45
3339 泰谷|光電業|31 28 7|75 75 -19 3|0.4 45
3346 麗清|汽車工業|4 10 -12|72 82 -8 -18|0.4 12
3354 律勝|電子零組|-13 13 -5|94 94 25 28|0.6 28
3356 奇偶|光電業|-35 -16 -12|80 80 -18 6|0.5 46
3357 臺慶科|電子零組|24 33 25|89 89 -5 10|0.3 22
3360 尚立|電子通路|76 24 53|87 98 17 9|1.3 88
3362 先進光|光電業|10 8 -10|79 79 -12 1|0.4 510
3363 上詮|通信網路|9 11 7|98 98 17 84|2.1 1717
3372 典範|半導體業|7 6 -9|69 69 -22 -4|0.3 6
3374 精材|半導體業|15 20 10|75 75 7 65|0.5 1866
3376 新日興|電子零組|25 34 -2|76 76 -7 15|0.6 828
3379 彬台|電機機械|121 94 37|73 73 2 138|0.1 23
3380 明泰|通信網路|-20 -17 10|86 91 -5 -3|0.4 42
3390 旭軟|電子零組|-21 28 6|83 84 -4 3|0.6 36
3402 漢科|其他電子|28 30 3|82 82 -17 11|0.5 39
3406 玉晶光|光電業|-18 7 -37|73 73 -22 4|1.0 894
3413 京鼎|半導體業|55 43 38|88 88 -9 18|0.9 602
3416 融程電|電腦及週|37 14 9|89 89 -6 1|0.7 37
3430 奇鈦科|化學工業|47 19 7|100 100 63 104|6.3 69
3437 榮創|光電業|-5 -0 -16|67 84 -7 -13|0.4 40
3438 類比科|半導體業|18 18 4|83 91 -3 -4|2.1 9
3441 聯一光電|光電業|18 35 31|93 93 -2 14|0.9 8
3443 創意|半導體業|-14 9 15|56 63 -34 -19|0.8 1363
3444 利機|電子通路|19 15 3|69 69 -20 -13|0.3 19
3447 展達|通信網路|61 28 69|90 96 18 23|0.4 10
3450 聯鈞|半導體業|40 35 22|97 97 36 163|1.0 810
3454 晶睿|光電業|-8 -27 8|72 81 -11 -15|0.4 14
3455 由田|光電業|8 10 21|93 93 -0 64|0.4 154
3466 德晉|通信網路|-17 -45 19|61 61 -31 63|0.7 21
3479 安勤|電腦及週|-3 2 13|89 94 -3 -6|0.6 44
3481 群創|光電業|-4 -4 -11|90 95 4 -0|0.8 894
3483 力致|電腦及週|6 7 -8|77 77 -12 19|1.8 161
3484 崧騰|電子零組|35 34 30|93 93 6 22|0.7 45
3489 森寶|建材營造|45 60 30|59 59 -11 -9|0.2 9
3490 單井|光電業|-19 -14 11|74 74 -17 20|0.3 12
3491 昇達科|通信網路|80 81 51|91 91 10 96|0.5 512
3492 長盛|電子零組|38 13 2|93 93 4 61|1.6 14
3498 陽程|其他電子|39 -31 29|91 91 0 52|0.6 186
3501 維熹|電子零組|11 21 15|89 89 -10 24|1.0 22
3504 揚明光|光電業|-22 -11 10|77 89 -6 -1|1.0 8
3511 矽瑪|電子零組|3 5 45|96 96 22 29|3.4 59
3515 華擎|電腦及週|36 33 8|69 82 -10 -18|0.5 60
3518 柏騰|其他電子|-9 -1 -2|77 77 4 7|0.3 48
3520 華盈|電子零組|45 53 32|78 78 -22 17|0.3 6
3522 御嵿|觀光餐旅|-6 15 5|76 76 43 35|0.3 18
3523 迎輝|光電業|-43 -32 -62|83 83 39 33|0.6 8
3526 凡甲|電子零組|35 22 -11|98 98 7 13|1.3 57
3529 力旺|半導體業|9 24 1|85 94 5 17|1.9 959
3530 晶相光|半導體業|26 41 26|71 87 -6 -10|3.0 11
3532 台勝科|半導體業|-16 -15 -1|73 75 -23 -18|0.8 52
3533 嘉澤|電子零組|23 22 11|83 83 -7 -10|1.2 1456
3535 晶彩科|光電業|-23 542 399|74 74 12 156|0.3 370
3537 堡達|電子零組|-7 1 -5|92 92 11 71|1.6 23
3540 曜越|電腦及週|-27 -24 -22|66 70 -23 -19|0.6 8
3543 州巧|光電業|-6 -2 -10|85 98 5 5|0.9 5
3545 敦泰|半導體業|-8 6 -3|66 94 0 -4|1.5 70
3546 宇峻|文化創意|-3 9 8|91 91 -8 6|0.6 5
3548 兆利|電子零組|-18 -8 -47|62 65 -5 -34|1.0 551
3550 聯穎|電子零組|-16 -10 -4|88 88 60 68|4.0 355
3551 世禾|綠能環保|15 16 10|81 84 -10 -16|0.5 23
3552 同致|其他電子|-26 -20 -24|65 82 -10 -16|0.7 9
3557 嘉威|居家生活|38 32 11|93 93 -3 24|0.5 10
3558 神準|通信網路|-30 -39 -6|67 89 -4 -11|0.8 53
3563 牧德|光電業|-24 -34 10|79 79 -12 -4|0.4 94
3564 其陽|通信網路|44 54 50|73 73 -8 53|1.3 43
3576 聯合再生|光電業|-49 -46 12|83 85 -15 13|1.1 52
3577 泓格|電腦及週|26 20 20|86 96 31 9|2.7 22
3580 友威科|其他電子|-26 -26 -17|89 89 21 112|0.4 587
3581 博磊|半導體業|4 -12 -3|95 95 21 97|0.6 221
3583 辛耘|半導體業|57 50 12|93 93 6 23|0.7 2219
3587 閎康|其他電子|6 8 2|90 90 0 -4|0.6 205
3588 通嘉|半導體業|33 37 5|77 88 1 -12|5.2 38
3591 艾笛森|光電業|27 35 9|77 77 -23 -4|0.7 9
3592 瑞鼎|半導體業|22 24 -12|69 71 -14 -28|0.7 88
3594 磐儀|電腦及週|-3 -8 13|79 79 -2 -3|0.4 15
3596 智易|通信網路|-12 -8 -12|74 78 -11 -23|0.6 79
3597 映興|電子零組|36 15 32|87 87 32 34|0.9 33
3605 宏致|電子零組|15 18 14|88 88 10 38|3.1 327
3607 谷崧|電子零組|11 38 28|87 87 8 17|0.5 60
3609 三一東林|電子零組|-72 -54 -17|78 78 -15 33|0.4 6
3611 鼎翰|電腦及週|2 -1 -2|96 99 3 3|0.5 11
3615 安可|光電業|-11 -13 -15|90 90 -7 27|0.8 65
3617 碩天|其他電子|6 6 4|97 97 13 40|0.8 450
3622 洋華|光電業|25 4 -24|88 88 -5 15|4.1 74
3623 富晶通|光電業|-45 -26 -16|54 86 -6 -6|0.5 28
3624 光頡|電子零組|8 8 12|87 90 -2 6|0.5 44
3631 晟楠|電子零組|-39 -37 12|88 88 9 10|0.5 10
3645 達邁|電子零組|17 29 -9|78 78 6 3|0.3 83
3652 精聯|電腦及週|21 16 11|73 73 -22 33|0.2 21
3653 健策|電子零組|3 9 6|95 95 11 48|0.7 1052
3661 世芯-KY|半導體業|89 102 11|44 62 -26 -36|1.6 4158
3663 鑫科|其他電子|106 136 82|84 84 47 109|0.5 654
3665 貿聯-KY|其他電子|5 6 8|100 100 28 93|0.8 1455
3669 圓展|通信網路|6 6 3|80 80 -11 -5|1.0 10
3673 TPK-KY|光電業|10 18 23|83 83 3 16|0.8 240
3675 德微|半導體業|34 43 26|71 71 -25 5|0.9 102
3679 新至陞|電子零組|20 20 3|88 88 -1 17|0.3 5
3680 家登|半導體業|45 74 33|99 99 22 27|0.6 655
3686 達能|半導體業|1 446 -14|72 72 -21 66|0.2 15
3687 歐買尬|數位雲端|3 8 3|82 82 -10 -6|0.6 23
3689 湧德|電子零組|-19 -23 -6|94 94 18 37|0.6 363
3691 碩禾|光電業|210 234 89|62 62 -25 -13|0.8 25
3693 營邦|電腦及週|-5 -3 -22|61 83 -15 -6|0.6 120
3694 海華|通信網路|-16 -8 -2|76 79 -12 -18|1.7 19
3701 大眾控|電腦及週|-24 -7 -10|52 67 -22 -31|0.7 11
3702 大聯大|電子通路|34 31 10|76 76 -18 -15|1.2 460
3703 欣陸|建材營造|-2 18 8|78 78 -14 -5|0.6 36
3704 合勤控|通信網路|-29 -6 12|67 80 -9 -20|0.5 30
3705 永信|生技醫療|24 22 8|96 96 16 23|1.3 29
3706 神達|電腦及週|70 66 50|80 91 2 -9|0.5 184
3707 漢磊|半導體業|-15 -20 1|71 77 -7 -13|0.4 123
3708 上緯投控|綠能環保|28 14 13|79 79 -12 1|1.3 149
3710 連展投控|電子零組|20 20 -1|98 98 22 24|1.3 16
3711 日月光投控|半導體業|1 3 5|78 78 -9 -3|1.1 2787
3712 永崴投控|電腦及週|54 65 1|81 81 -5 23|0.3 84
3714 富采|光電業|15 14 3|95 95 2 18|1.9 109
3715 定穎投控|電子零組|13 12 -3|68 91 17 -9|1.8 1043
4102 永日|生技醫療|31 28 9|94 95 8 1|0.9 11
4104 佳醫|生技醫療|-4 4 -2|94 95 -2 -5|0.7 7
4105 東洋|生技醫療|5 9 -0|89 94 -4 -6|1.0 17
4107 邦特|生技醫療|5 15 9|91 91 2 9|0.5 13
4109 加捷生醫|生技醫療|21 60 10|77 77 -2 10|0.1 18
4113 聯上|建材營造|216648 288909 183245|56 56 -28 -9|0.5 57
4114 健喬|生技醫療|17 6 0|98 98 3 5|0.6 26
4119 旭富|生技醫療|52 89 62|91 97 -0 2|0.8 5
4123 晟德|生技醫療|22 25 -14|85 85 -15 11|1.2 53
4126 太醫|生技醫療|10 2 8|98 98 -0 3|0.6 6
4127 天良|生技醫療|-9 -17 -5|81 81 -3 7|0.3 9
4128 中天|生技醫療|6 8 3|77 95 9 -2|0.3 45
4129 聯合|生技醫療|5 18 -1|89 89 -6 2|0.5 19
4137 麗豐-KY|生技醫療|-9 -7 -18|80 82 3 -18|2.4 16
4142 國光生|生技醫療|-70 82 88|76 93 -4 3|0.4 12
4147 中裕|生技醫療|2 11 -29|70 83 -9 -17|0.9 29
4153 鈺緯|生技醫療|3 -9 2|89 89 9 26|0.4 15
4155 訊映|生技醫療|37 37 11|88 90 -2 3|0.6 7
4157 太景*-KY|生技醫療|14 -32 -73|90 92 0 -1|1.2 12
4160 訊聯基因|生技醫療|10 9 -9|67 67 -16 124|0.3 27
4161 聿新科|生技醫療|-8 -5 -26|99 100 7 9|2.1 8
4162 智擎|生技醫療|-12 -18 -36|78 91 -5 -6|0.6 20
4164 承業醫|生技醫療|5 -3 -22|67 71 -17 -27|0.6 7
4167 松瑞藥|生技醫療|23 10 -23|83 83 -15 3|0.4 14
4174 浩鼎|生技醫療|100 132 na|89 89 32 26|1.2 115
4303 信立|塑膠工業|-0 39 33|77 77 14 -1|0.5 145
4306 炎洲|塑膠工業|29 66 32|84 84 -12 -5|0.3 59
4401 東隆興|紡織纖維|67 58 20|88 90 1 -7|1.1 5
4402 郡都開發|紡織纖維|-74 -72 -32|52 52 -18 20|0.8 16
4420 光明|紡織纖維|41 54 42|95 95 18 43|0.4 41
4438 廣越|紡織纖維|7 3 20|95 95 -3 1|1.5 6
4510 高鋒|電機機械|-25 -11 -6|82 82 133 170|0.6 1083
4513 福裕|電機機械|-50 -15 -6|63 63 46 67|0.3 358
4523 永彰|電機機械|-6 -18 -25|64 68 -17 -34|0.6 7
4526 東台|電機機械|-31 -35 -15|87 87 8 55|0.6 191
4532 瑞智|電機機械|19 20 -8|82 82 -12 8|0.6 35
4533 協易機|電機機械|43 43 41|79 79 -14 22|0.4 60
4534 慶騰|電機機械|6 36 18|79 79 -14 113|0.4 23
4536 拓凱|運動休閒|16 19 35|96 96 14 18|0.7 69
4538 大詠城|電機機械|15 -6 28|88 88 5 2|0.6 20
4540 全球傳動|電機機械|-31 -25 2|86 86 24 21|0.4 70
4542 科嶠|電子零組|-54 -61 -46|88 88 19 40|2.1 243
4543 萬在|電機機械|15 -5 -0|75 75 -8 -2|0.9 19
4545 銘鈺|電子零組|75 26 24|81 81 -11 74|1.5 31
4549 桓達|電機機械|-13 4 5|87 87 32 88|1.0 278
4551 智伸科|汽車工業|7 12 21|88 88 13 18|0.9 69
4555 氣立|電機機械|20 18 17|61 64 -31 -31|0.3 28
4557 永新-KY|汽車工業|27 26 6|100 100 15 7|1.5 29
4561 健椿|電機機械|-18 -9 -30|86 86 14 92|0.3 442
4562 穎漢|電機機械|8 12 15|84 84 1 278|0.6 358
4563 百德|電機機械|33 36 -2|100 100 98 149|1.3 733
4564 元翎|電機機械|-14 -11 16|86 86 3 4|0.2 18
4566 時碩工業|電機機械|15 25 23|80 80 -2 80|0.5 559
4569 六方科-KY|汽車工業|48 32 15|97 97 170 178|4.8 43
4571 鈞興-KY|電機機械|35 25 1|100 100 47 90|2.2 499
4572 駐龍|電機機械|-7 11 -4|91 91 1 -7|0.6 20
4576 大銀微系統|電機機械|13 10 16|91 91 29 20|0.7 355
4580 捷流閥業|電機機械|-20 -17 -6|92 92 -7 4|0.6 6
4583 台灣精銳|電機機械|20 13 11|91 91 147 171|1.2 719
4588 玖鼎電力|其他電子|21 -3 -65|na 63 -27 -10|0.3 8
4707 磐亞|化學工業|82 60 58|94 94 6 19|0.7 11
4711 永純|化學工業|5 5 5|89 89 9 11|0.8 13
4714 永捷|化學工業|35 62 47|72 84 -7 -11|0.3 54
4716 大立|化學工業|12 6 -3|92 92 35 67|2.7 131
4720 德淵|化學工業|6 6 -1|86 86 -11 31|0.5 25
4721 美琪瑪|化學工業|-22 -11 13|81 86 -14 -0|0.4 8
4722 國精化|化學工業|23 24 -3|89 89 -11 23|2.0 6
4726 永昕|生技醫療|35 178 150|79 79 -16 22|0.4 28
4729 熒茂|光電業|-3 -8 13|96 96 62 60|2.5 83
4736 泰博|生技醫療|26 16 31|88 96 -2 9|0.9 21
4739 康普|化學工業|-25 -15 13|72 83 -15 -4|0.6 8
4741 泓瀚|化學工業|-17 5 7|76 76 27 26|0.4 15
4743 合一|生技醫療|63 48 -6|66 82 -4 -13|0.7 230
4746 台耀|生技醫療|-16 -7 -16|86 88 -0 -8|0.6 62
4755 三福化|化學工業|6 4 1|84 89 -5 -10|0.5 44
4760 勤凱科技|其他電子|17 18 -18|92 92 3 86|2.2 68
4763 材料*-KY|化學工業|31 36 -84|72 89 -4 -4|0.6 2119
4766 南寶|化學工業|8 12 4|81 81 -12 -1|0.7 88
4768 晶呈科技|化學工業|36 42 41|83 83 -7 6|0.7 186
4770 上品|化學工業|36 44 43|73 73 -22 -21|1.7 69
4771 望隼|生技醫療|21 10 na|na 69 -18 -30|2.8 17
4807 日成-KY|貿易百貨|80 79 50|91 91 32 33|0.8 7
4903 聯光通|通信網路|63 96 64|100 100 77 146|3.6 343
4904 遠傳|通信網路|4 11 -0|97 97 -0 13|0.6 565
4906 正文|通信網路|5 18 27|84 84 -2 13|0.4 182
4907 富宇|建材營造|69430 273039 -398316|54 54 -11 6|0.2 15
4908 前鼎|通信網路|-30 -24 -52|84 91 -3 -3|1.0 321
4909 新復興|通信網路|494 480 222|97 97 78 94|2.0 3638
4912 聯德控股-KY|電子零組|-16 20 -5|75 75 -16 -21|0.4 10
4915 致伸|電子零組|8 1 11|90 90 10 23|1.3 189
4916 事欣科|電腦及週|9 -1 -8|75 77 -4 -10|0.3 10
4919 新唐|半導體業|-11 -13 -5|59 66 -31 -31|2.2 207
4927 泰鼎-KY|電子零組|6 10 18|97 97 52 45|0.4 42
4931 新盛力|電腦及週|112 88 92|92 92 17 9|1.6 24
4933 友輝|光電業|3 9 -25|93 93 16 27|0.6 57
4935 茂林-KY|光電業|36 22 20|97 97 11 31|1.0 78
4938 和碩|電腦及週|-1 -4 5|87 87 -2 4|0.8 510
4939 亞電|電子零組|-1 -3 -15|85 91 1 3|1.3 9
4942 嘉彰|光電業|-13 -9 -2|98 98 -1 2|0.5 6
4951 精拓科|半導體業|31 31 13|82 82 -13 1|0.8 6
4952 凌通|半導體業|8 22 8|79 79 -8 23|3.9 14
4953 緯致|資訊服務|17 19 1|77 82 -14 -19|0.4 14
4956 光鋐|光電業|14 18 17|84 84 -1 42|0.3 142
4958 臻鼎-KY|電子零組|29 31 15|73 73 -19 -6|0.5 808
4960 誠美材|光電業|-16 -4 -15|75 75 -8 0|0.2 16
4961 天鈺|半導體業|24 26 20|92 94 -4 2|0.9 241
4966 譜瑞-KY|半導體業|26 30 7|58 82 -9 -18|0.9 333
4967 十銓|半導體業|66 113 -12|59 59 -26 24|0.7 221
4968 立積|半導體業|33 26 3|76 77 -18 2|1.4 344
4971 IET-KY|半導體業|-46 -24 -28|100 100 33 31|4.7 127
4973 廣穎電通|半導體業|-4 -8 -5|66 66 -26 -16|1.0 7
4974 亞泰|電子零組|90 46 45|82 82 36 51|1.0 482
4976 佳凌|光電業|47 45 34|72 72 -18 3|0.2 19
4977 眾達-KY|通信網路|92 13 67|94 94 36 45|2.6 963
4979 華星光|通信網路|5 7 -56|86 100 26 27|3.1 3095
4989 榮科|電子零組|-13 -9 -6|82 85 -7 -9|1.3 16
4995 晶達|光電業|31 35 21|91 91 2 62|0.8 6
5009 榮剛|鋼鐵工業|-5 -6 -5|88 88 -3 0|0.8 92
5011 久陽|鋼鐵工業|70 39 24|94 94 -0 0|0.5 7
5014 建錩|鋼鐵工業|8 4 2|100 100 13 41|5.5 6
5202 力新|資訊服務|6 24 8|88 88 5 3|0.9 14
5203 訊連|資訊服務|8 11 -5|88 88 -7 13|0.5 10
5206 坤悅|建材營造|na na na|69 69 -4 11|0.2 6
5210 寶碩|資訊服務|-35 -28 -23|43 77 2 -23|0.8 10
5213 亞昕|建材營造|-91 -29 -1019|65 65 -16 -15|0.6 40
5222 全訊|半導體業|18 11 -6|79 79 -11 -21|0.5 37
5225 東科-KY|其他電子|1 25 8|82 82 13 11|0.7 204
5230 雷笛克光學|光電業|22 29 5|77 77 -18 24|0.4 32
5234 達興材料|光電業|-12 -13 -17|97 97 67 56|0.4 631
5236 凌陽創新|半導體業|22 8 -11|87 93 14 25|1.8 126
5243 乙盛-KY|光電業|22 24 30|93 93 -4 16|1.4 93
5258 虹堡|電腦及週|-8 -4 -2|83 87 -5 -12|1.0 79
5263 智崴|文化創意|78 60 29|91 91 14 61|0.5 169
5269 祥碩|半導體業|47 32 -18|63 68 -20 -33|1.1 1488
5272 笙科|半導體業|-12 -16 -34|76 91 5 -4|1.8 6
5274 信驊|半導體業|178 154 97|82 82 -0 36|1.2 1959
5283 禾聯碩|電器電纜|15 3 3|91 92 0 -8|0.5 9
5284 jpp-KY|其他|-6 -9 -7|55 62 -3 -39|1.0 54
5285 界霖|半導體業|-3 -2 3|83 95 -1 5|1.4 6
5287 數字|數位雲端|5 6 -1|99 99 2 1|1.1 14
5288 豐祥-KY|電機機械|-9 8 12|97 97 7 13|2.8 11
5289 宜鼎|電腦及週|23 23 19|86 86 -10 -6|0.8 56
5292 華懋|綠能環保|28 28 16|na 94 -3 12|1.4 17
5299 杰力|半導體業|-14 5 -3|79 89 -9 -3|0.5 7
5306 桂盟|運動休閒|13 14 22|94 94 8 9|0.7 28
5309 系統電|電子零組|-5 -1 -0|81 81 -1 3|0.1 33
5314 世紀*|其他|944 na na|51 52 4 -45|0.5 23
5315 光聯|光電業|14 -4 22|97 99 4 7|1.4 7
5328 華容|電子零組|-6 -20 3|84 84 -3 6|0.2 10
5340 建榮|電子零組|77 91 34|68 78 -9 -17|0.8 42
5347 世界|半導體業|3 11 2|78 78 -11 28|0.6 1118
5351 鈺創|半導體業|48 60 29|69 74 -19 -24|1.2 41
5356 協益|電腦及週|54 54 29|98 98 2 9|0.7 11
5364 力麗店|觀光餐旅|-20 -28 -28|87 87 117 155|0.6 12
5371 中光電|光電業|5 5 8|63 63 -14 -15|0.5 114
5381 光譜|電機機械|1193 385 29|70 71 -18 -22|0.2 9
5386 青雲|電腦及週|171 151 89|77 77 28 15|0.4 86
5388 中磊|通信網路|-25 -8 0|77 82 -7 -18|1.5 203
5392 能率|光電業|-8 -5 -7|73 73 -21 27|0.6 53
5398 慕康生醫|其他|53 42 55|90 90 1 1|1.4 9
5425 台半|半導體業|0 -4 4|69 81 -16 -15|1.7 76
5426 振發|電腦及週|-8 3 20|66 67 -19 -24|0.6 17
5432 新門|綠能環保|9 -0 -11|90 90 -9 65|0.7 182
5434 崇越|電子通路|28 18 15|96 96 3 12|0.9 183
5438 東友|電腦及週|70 6 14|93 93 43 44|0.9 16
5439 高技|電子零組|-0 -9 -13|65 79 2 -21|0.9 178
5443 均豪|半導體業|113 68 43|97 97 48 119|0.0 3452
5452 佶優|其他電子|2 7 4|84 84 -8 45|1.3 68
5457 宣德|電子零組|37 31 17|71 79 -15 -18|0.7 17
5460 同協|電子零組|-15 -21 0|81 81 28 30|1.3 128
5465 富驊|電腦及週|-35 -41 -34|68 74 -11 -27|0.6 8
5469 瀚宇博|電子零組|1 1 7|79 88 -7 -13|0.5 103
5471 松翰|半導體業|2 4 -11|81 86 -9 -12|1.2 11
5474 聰泰|電腦及週|-32 -21 -31|82 82 -12 24|0.3 76
5475 德宏|電子零組|-22 -5 13|85 85 6 31|0.4 9
5478 智冠|文化創意|19 20 15|68 86 -9 -7|0.6 10
5481 新華|其他|-3 -1 -4|97 97 80 104|0.9 42
5483 中美晶|半導體業|12 6 6|75 77 -19 -14|1.5 651
5484 慧友|光電業|63 65 42|56 56 -39 164|0.4 43
5488 松普|電子零組|20 26 53|74 93 -3 8|3.6 7
5493 三聯|其他電子|9 24 5|84 84 -8 5|0.6 20
5498 凱崴|電子零組|1 12 7|76 76 -18 0|0.3 8
5508 永信建|建材營造|-13 48 -203|71 71 -2 65|0.5 419
5511 德昌|建材營造|-20 -9 -12|77 78 -15 -15|0.3 6
5512 力麒|建材營造|-58 -54 -44|75 75 -12 5|0.2 20
5515 建國|建材營造|81 51 34|78 78 -3 5|0.3 13
5519 隆大|建材營造|28 40 -219|63 63 -19 -2|0.2 49
5521 工信|建材營造|62 30 -6|79 80 -4 -15|0.5 18
5522 遠雄|建材營造|90 119 -135|76 76 -15 25|0.6 88
5525 順天|建材營造|-92 83 71|73 73 -10 -0|0.5 7
5530 龍巖|其他|-11 -9 -12|82 82 -17 17|0.2 7
5531 鄉林|建材營造|-27 -27 -51|74 74 -5 5|0.6 8
5533 皇鼎|建材營造|-10 -4 -50|77 77 -10 -13|0.3 5
5534 長虹|建材營造|-18 217 -260|70 70 -11 10|0.4 130
5536 聖暉*|其他電子|21 23 19|92 92 19 50|0.8 225
5538 東明-KY|鋼鐵工業|4 2 19|100 100 23 26|0.8 7
5603 陸海|航運業|23 16 16|100 100 10 28|1.2 9
5607 遠雄港|航運業|23 23 10|75 77 -18 -16|0.4 16
5608 四維航|航運業|8 4 20|79 79 -11 3|2.9 18
5609 中菲行|航運業|45 47 41|92 92 -4 1|0.9 9
5706 鳳凰|觀光餐旅|12 12 -340|73 74 -23 -11|0.4 12
5864 致和證|金融業|92 75 46|93 93 -4 2|1.0 7
5871 中租-KY|其他|3 4 -3|84 93 5 -7|2.9 1000
5876 上海商銀|金融保險|-9 3 -1|83 84 -14 -15|1.1 324
5880 合庫金|金融保險|22 15 4|98 98 0 1|0.8 207
5903 全家|居家生活|4 4 -3|97 99 2 2|0.9 7
5904 寶雅|居家生活|6 5 -4|97 97 6 14|1.2 142
5905 南仁湖|觀光餐旅|-7 -5 0|77 77 30 60|0.5 184
6005 群益證|金融保險|16 39 -19|81 81 -14 2|0.5 93
6015 宏遠證|金融業|36 -4 -86|88 88 -10 -10|0.5 9
6016 康和證|金融業|166 19 251|87 92 -8 -13|0.3 13
6021 美好證|金融業|-10 11 -86|91 91 -4 45|0.5 5
6023 元大期貨|金融業|13 20 9|91 91 -7 13|0.4 6
6024 群益期|金融保險|-24 10 -2|95 95 -3 9|0.4 8
6026 福邦證|金融業|-120 62 -116|83 87 -11 -17|0.4 7
6101 寬魚國際|文化創意|-18 30 -25284|80 80 -12 -18|0.5 9
6104 創惟|半導體業|49 33 9|100 100 53 45|3.9 1730
6108 競國|電子零組|-26 -13 -6|73 80 -14 -18|0.8 17
6111 光聚晶電|文化創意|233 90 -5|76 83 -12 -12|0.7 22
6112 邁達特|資訊服務|-20 -17 -17|64 69 -27 -19|0.3 13
6113 亞矽|電子通路|-26 -24 6|64 81 -3 -16|0.4 5
6114 久威|電子零組|-34 -45 -30|81 81 12 54|0.6 51
6117 迎廣|電腦及週|-8 3 -29|63 63 -18 -9|0.6 130
6120 達運|光電業|12 14 -29|80 84 -8 -14|0.5 20
6121 新普|電腦及週|5 -2 3|66 83 -10 -16|0.7 270
6122 擎邦|電機機械|-40 -23 -52|74 84 -3 -16|0.4 15
6125 廣運|電機機械|-56 -63 -20|68 68 -18 8|0.5 405
6126 信音|電子零組|-2 6 6|73 74 -14 -13|0.1 17
6127 九豪|電子零組|46 31 10|75 75 -21 -2|0.5 19
6129 普誠|半導體業|-24 -26 2|70 83 -12 -16|0.8 6
6133 金橋|電子零組|48 41 37|89 89 19 57|0.8 46
6134 萬旭|電子零組|54 52 45|97 97 30 49|0.9 55
6138 茂達|半導體業|7 11 -19|92 99 9 6|3.2 204
6139 亞翔|其他電子|-5 41 -61|64 64 -11 -21|0.6 431
6142 友勁|通信網路|-27 -39 27|89 89 -11 10|0.8 8
6143 振曜|通信網路|1 8 13|88 88 10 42|0.8 449
6146 耕興|其他電子|-4 -3 3|80 90 -3 -6|0.8 28
6147 頎邦|半導體業|6 4 8|89 89 1 -8|0.8 138
6148 驊宏資|資訊服務|182 71 35|72 87 2 -7|1.1 13
6150 撼訊|電腦及週|-58 -15 -53|68 77 -9 -24|0.2 16
6151 晉倫|其他電子|-10 7 3|96 96 66 74|1.4 130
6152 百一|通信網路|92 46 55|83 83 1 62|0.9 57
6153 嘉聯益|電子零組|-33 -25 3|84 84 -2 4|0.3 29
6156 松上|電子零組|25 35 24|94 94 27 42|0.8 60
6160 欣技|電腦及週|12 17 27|72 72 -21 12|0.2 6
6161 捷波|電腦及週|-27 -5 -7|70 70 -19 4|0.7 8
6163 華電網|資訊服務|15 -1 -6|94 94 12 20|0.9 110
6164 華興|光電業|-17 13 5|75 79 -20 -11|0.5 5
6166 凌華|電腦及週|-15 -14 2|78 78 -18 -6|0.3 15
6168 宏齊|光電業|3 5 4|79 90 -4 -5|1.5 15
6170 統振|通信網路|29 28 -2|77 77 -19 -16|0.5 10
6173 信昌電|電子零組|3 3 1|82 82 -9 3|0.4 16
6175 立敦|電子零組|20 23 9|86 86 -9 10|0.4 8
6176 瑞儀|光電業|29 22 21|91 91 6 16|0.7 520
6177 達麗|建材營造|-40 247 -1124|67 67 -18 11|0.5 196
6179 亞通|其他|-42 -20 -13|86 90 -9 -10|0.8 26
6180 橘子|文化創意|37 25 17|93 93 1 12|0.6 36
6182 合晶|半導體業|-9 -8 13|67 77 -20 -19|0.6 34
6186 新潤|建材營造|296 197 -15024|66 66 -18 14|0.8 106
6187 萬潤|半導體業|498 467 235|100 100 65 82|0.1 2673
6188 廣明|電腦及週|-38 -32 -12|81 81 -10 4|2.8 217
6189 豐藝|電子通路|-3 18 -22|77 77 -23 -6|0.4 90
6190 萬泰科|通信網路|24 39 29|82 82 -11 1|0.3 19
6191 精成科|電子零組|-4 -1 2|80 80 -20 -15|0.8 138
6192 巨路|其他電子|29 20 8|91 91 -6 20|0.4 9
6194 育富|電子零組|25 18 10|95 95 29 42|0.7 106
6196 帆宣|其他電子|20 16 6|88 88 -11 -11|0.4 38
6197 佳必琪|電子零組|50 55 11|83 83 -14 -3|1.1 430
6202 盛群|半導體業|2 1 30|79 85 -10 -5|2.8 22
6203 海韻電|電子零組|-60 -62 -41|80 90 -9 -11|1.5 8
6204 艾華|電子零組|1 -4 -21|59 63 -35 -35|0.7 20
6205 詮欣|電子零組|23 39 44|82 88 -12 -7|0.5 20
6206 飛捷|電腦及週|29 28 7|86 86 -11 8|0.4 14
6207 雷科|電子零組|-21 -4 -28|85 85 -11 23|1.1 158
6208 日揚|半導體業|-16 -14 -6|88 88 3 -6|0.8 43
6209 今國光|光電業|-25 -26 -6|77 77 -13 3|0.4 9
6213 聯茂|電子零組|9 30 16|56 56 -41 -36|0.4 259
6214 精誠|資訊服務|5 6 -6|90 90 3 5|0.3 52
6215 和椿|其他電子|120 96 74|92 92 0 48|0.6 493
6216 居易|通信網路|77 69 1|94 94 -1 31|0.8 73
6217 中探針|電子零組|28 11 12|84 84 -8 7|0.4 38
6218 豪勉|通信網路|-19 -9 -7|88 88 18 21|0.4 47
6219 富旺|建材營造|23 -58 -2346|71 71 -5 4|0.4 33
6223 旺矽|半導體業|26 25 8|94 94 45 138|0.7 2183
6224 聚鼎|電子零組|11 2 5|95 95 29 24|1.3 44
6227 茂綸|電子通路|-8 -2 13|79 79 -12 -9|0.2 11
6230 尼得科超眾|電腦及週|-24 -26 7|61 61 -31 20|0.9 38
6231 系微|資訊服務|5 17 2|96 96 55 127|0.4 682
6233 旺玖|半導體業|52 36 34|70 81 -9 -14|3.2 8
6235 華孚|電腦及週|-6 2 -16|49 73 -21 -27|0.9 57
6237 驊訊|半導體業|25 11 25|74 90 5 -10|5.3 6
6239 力成|半導體業|1 4 -4|69 69 -26 -25|0.7 591
6243 迅杰|半導體業|-23 -27 -18|64 81 -9 -15|4.7 8
6244 茂迪|光電業|-24 -20 9|77 77 -22 -2|0.4 50
6245 立端|通信網路|-4 2 24|76 91 -5 -5|0.4 23
6246 臺龍|光電業|5 4 9|100 100 80 94|5.6 30
6248 沛波|鋼鐵工業|64 40 18|94 94 3 -1|2.7 13
6257 矽格|半導體業|11 11 2|92 92 -3 6|1.6 288
6261 久元|半導體業|31 22 0|89 89 -10 0|0.6 15
6263 普萊德|通信網路|1 -3 -5|95 95 -4 18|1.4 45
6266 泰詠|電子零組|8 -4 15|97 97 0 4|0.6 5
6269 台郡|電子零組|-20 -12 4|83 83 -15 -9|0.5 134
6270 倍微|電子通路|-27 -15 12|76 76 -11 22|0.2 12
6271 同欣電|半導體業|17 12 11|84 88 -6 -7|0.3 89
6274 台燿|電子零組|60 62 31|93 93 4 -7|0.6 1772
6275 元山|電子零組|-7 -3 -10|71 71 -17 -20|0.7 9
6278 台表科|光電業|-12 -11 -4|79 79 -18 0|0.4 206
6279 胡連|電子零組|11 17 0|95 95 14 18|1.5 347
6282 康舒|電子零組|-18 16 -21|77 85 -13 -11|0.4 54
6283 淳安|其他電子|-8 -8 -20|77 77 -8 24|0.6 6
6284 佳邦|電子零組|6 9 -7|84 84 -10 2|0.4 122
6285 啟碁|通信網路|-15 -5 -8|67 67 -23 -27|0.7 262
6288 聯嘉|汽車工業|21 31 2|76 79 -11 -21|1.0 26
6290 良維|電子零組|3 3 -3|82 82 -6 -6|0.6 201
6405 悅城|光電業|-57 -32 1|96 96 57 65|1.8 280
6409 旭隼|其他電子|63 57 48|92 92 21 40|1.9 386
6411 晶焱|半導體業|29 9 -9|79 94 3 -1|1.8 23
6412 群電|電子零組|7 4 7|76 78 -1 -21|1.3 119
6414 樺漢|電腦及週|32 27 11|80 86 -13 -12|0.5 140
6415 矽力*-KY|半導體業|10 26 15|91 91 12 46|1.5 1344
6416 瑞祺電通|通信網路|27 27 33|100 100 15 36|0.9 140
6417 韋僑|通信網路|-2 -9 -2|85 85 -12 -2|0.2 5
6419 京晨科|光電業|144 171 -66|63 63 -19 93|0.2 15
6425 易發|電機機械|42 34 -65|78 78 7 -13|2.6 54
6426 統新|通信網路|-40 -20 -18|76 92 4 0|0.4 38
6431 光麗-KY|生技醫療|338 130 99|91 91 22 98|1.0 9
6435 大中|半導體業|-1 0 -18|87 89 -10 1|0.4 9
6438 迅得|其他電子|-2 -3 10|100 100 27 25|3.3 219
6442 光聖|通信網路|117 129 73|68 68 -7 163|0.8 1622
6443 元晶|光電業|-34 -31 6|76 76 -21 -14|0.7 84
6446 藥華藥|生技醫療|97 87 -3|88 88 16 97|0.6 1415
6449 鈺邦|電子零組|6 12 -9|81 81 -3 71|0.6 281
6451 訊芯-KY|半導體業|-15 -2 13|79 79 -20 31|0.7 793
6456 GIS-KY|光電業|13 -1 17|80 80 -13 -4|0.5 29
6457 紘康|半導體業|29 29 -15|81 91 -6 23|2.0 6
6462 神盾|半導體業|44 26 4|62 69 -20 -25|0.5 354
6469 大樹|生技醫療|7 6 -2|60 78 -3 -20|0.7 32
6472 保瑞|生技醫療|89 66 62|79 79 -13 3|0.4 747
6477 安集|光電業|30 -5 42|77 77 -21 -7|0.3 10
6488 環球晶|半導體業|-2 -6 4|74 78 -21 -16|0.7 497
6491 晶碩|生技醫療|-4 -3 -10|84 84 -2 -6|1.8 97
6492 生華科|生技醫療|0 0 0|87 87 21 24|0.6 26
6505 台塑化|油電燃氣|-13 1 4|61 71 -21 -29|0.8 369
6509 聚和|化學工業|-5 5 9|89 89 -8 6|1.0 23
6510 精測|半導體業|45 20 28|88 95 10 2|4.1 116
6515 穎崴|半導體業|82 73 64|86 86 20 52|0.5 744
6517 保勝光學|光電業|52 12 22|84 92 12 -2|1.9 90
6523 達爾膚|生技醫療|3 -2 -22|82 82 -10 -9|0.8 5
6526 達發|半導體業|61 57 27|na 77 -16 -4|0.9 347
6530 創威|通信網路|15 8 1|100 100 43 41|2.5 534
6531 愛普*|半導體業|32 3 -6|56 75 -25 -23|0.8 797
6532 瑞耘|半導體業|13 11 11|84 84 -7 4|0.4 33
6533 晶心科|半導體業|-30 -9 -30|66 84 -14 -13|1.4 110
6535 順藥|生技醫療|-99 -63 -616|98 98 35 62|1.7 138
6538 倉和|電子零組|-22 3 -37|67 67 -24 -13|0.4 40
6541 泰福-KY|生技醫療|139 65 -189|92 92 13 38|0.3 11
6546 正基|通信網路|8 3 -5|91 91 53 64|1.6 1057
6547 高端疫苗|生技醫療|-45 na na|59 80 -15 -14|0.5 21
6548 長科*|半導體業|7 6 12|89 89 0 8|2.0 73
6550 北極星藥業-KY|生技醫療|na na na|66 73 -25 -24|0.6 31
6552 易華電|半導體業|-5 12 -14|77 77 -17 39|1.0 9
6561 是方|通信網路|15 24 13|87 87 30 27|0.3 77
6568 宏觀|半導體業|5 5 20|78 90 -4 -9|1.6 7
6569 醫揚|生技醫療|-17 -12 -4|76 76 -3 16|0.2 7
6570 維田|電腦及週|-2 -11 5|78 78 4 8|0.3 51
6579 研揚|電腦及週|-16 -12 -4|82 82 -16 -4|0.4 14
6582 申豐|橡膠工業|183 196 138|93 93 5 41|1.2 9
6584 南俊國際|電子零組|57 54 19|77 77 -15 -16|0.8 20
6585 鼎基|其他|2 25 -5|71 71 -11 -11|0.5 53
6589 台康生技|生技醫療|29 29 4|83 91 -6 3|1.5 42
6591 動力-KY|電腦及週|-7 -17 -19|72 76 -20 -14|0.7 6
6592 和潤企業|其他|-4 4 -12|73 81 -17 -19|0.8 37
6593 台灣銘板|資訊服務|-16 -13 -36|41 56 -21 -43|4.1 7
6596 寬宏藝術|文化創意|-20 193 59|84 84 0 4|0.7 6
6598 ABC-KY|生技醫療|-62 10 6|68 68 -21 6|1.2 6
6603 富強鑫|電機機械|38 36 22|85 85 9 12|0.3 33
6605 帝寶|汽車工業|7 11 2|97 97 4 21|0.8 151
6606 建德工業|電機機械|-44 -17 -6|83 83 9 15|0.4 37
6609 瀧澤科|電機機械|24 16 35|94 94 91 145|1.5 488
6612 奈米醫材|生技醫療|84 60 37|88 88 -4 45|0.5 22
6613 朋億*|其他電子|12 -10 -22|72 72 -18 -15|0.5 18
6617 共信-KY|生技醫療|5 293 na|na na -16 na|0.3 20
6625 必應|其他|-21 -20 -60|74 86 -10 -8|0.6 8
6629 泰金-KY|居家生活|46 33 -7|87 87 12 70|0.5 13
6640 均華|半導體業|136 151 48|86 86 26 126|0.6 1041
6642 富致|電子零組|25 31 10|95 95 1 9|2.6 6
6643 M31|半導體業|-10 -0 -10|50 57 -37 -26|0.3 643
6651 全宇昕|半導體業|23 15 21|99 99 49 52|1.3 108
6655 科定|其他|11 13 4|95 95 16 22|0.7 9
6658 聯策|其他電子|-18 -6 -7|na 91 -3 86|0.4 72
6664 群翊|電子零組|11 7 2|90 90 11 85|0.6 226
6667 信紘科|其他電子|59 52 32|91 91 -0 23|0.4 175
6668 中揚光|光電業|54 19 18|63 63 -19 -34|0.4 15
6669 緯穎|電腦及週|66 59 50|59 59 -36 -28|0.9 3026
6670 復盛應用|運動休閒|48 37 36|94 94 10 26|1.0 144
6672 騰輝電子-KY|電子零組|-26 -17 -6|71 79 -14 -21|0.5 10
6679 鈺太|半導體業|-0 11 -26|69 73 -17 -19|0.8 120
6680 鑫創電子|電腦及週|34 19 11|93 93 24 28|0.7 9
6683 雍智科技|半導體業|30 23 17|80 80 -15 23|0.6 130
6684 安格|半導體業|-8 -8 -93|54 70 -27 -28|0.7 12
6689 伊雲谷|數位雲端|34 41 14|75 81 -1 -8|0.2 18
6690 安碁資訊|數位雲端|21 22 5|89 89 16 35|0.4 21
6691 洋基工程|其他電子|-12 -23 -7|71 71 -26 -16|0.7 118
6692 進能服|綠能環保|-10 37 61|na 81 23 59|0.6 6
6693 廣閎科|半導體業|14 12 13|98 98 19 26|1.6 15
6695 芯鼎|半導體業|-8 -7 -8|61 73 -23 -12|0.7 26
6698 旭暉應材|其他電子|-14 -25 -5|82 82 -17 42|0.6 95
6703 軒郁|生技醫療|5 13 -46|66 69 -26 -27|0.5 12
6706 惠特|光電業|-18 -43 4|100 100 50 233|0.4 1543
6712 長聖|生技醫療|11 12 -19|88 88 -6 -3|0.4 35
6715 嘉基|電子零組|-12 -1 14|85 91 -5 -5|1.4 35
6719 力智|半導體業|36 40 32|79 80 -11 -13|0.8 86
6727 亞泰金屬|電子零組|69 25 12|95 95 31 50|1.0 42
6732 昇佳電子|半導體業|13 8 -30|56 77 -19 -23|1.6 31
6741 91APP*-KY|數位雲端|16 17 4|78 89 -10 -4|0.6 15
6742 澤米|光電業|47 61 55|na 76 -7 -26|2.4 71
6743 安普新|其他電子|212 154 99|89 89 0 10|0.9 144
6753 龍德造船|航運業|-29 -11 -18|76 76 -14 -9|0.4 158
6754 匯僑設計|居家生活|-1 22 -2|83 83 14 24|0.4 18
6756 威鋒電子|半導體業|-13 -15 -12|65 85 -8 -13|3.5 24
6757 台灣虎航|航運業|24 28 -297|78 78 -11 68|0.5 165
6761 穩得|電子零組|9 16 8|90 90 -4 18|0.5 23
6763 綠界科技*|數位雲端|1 4 2|91 91 10 14|1.9 45
6768 志強-KY|運動休閒|67 50 35|98 98 28 36|1.9 25
6770 力積電|半導體業|14 11 19|68 75 -22 -18|1.1 212
6781 AES-KY|電子零組|3 1 18|65 74 -20 -27|0.6 49
6782 視陽|生技醫療|68 67 22|87 87 -9 12|1.3 93
6785 昱展新藥|生技醫療|na na na|na 53 -26 -46|0.6 25
6788 華景電|半導體業|7 70 34|86 86 31 94|0.4 288
6789 采鈺|半導體業|52 42 21|77 77 -18 -6|0.7 243
6790 永豐實|造紙工業|7 11 6|84 84 -11 -3|0.4 7
6799 來頡|半導體業|-24 -16 -13|56 70 -21 -29|1.4 30
6803 崑鼎|綠能環保|9 6 1|94 95 -5 -4|0.9 18
6805 富世達|電子零組|20 24 -31|na 100 11 15|0.9 1774
6806 森崴能源|綠能環保|77 90 -63|74 74 -15 -10|0.4 276
6807 峰源-KY|居家生活|18 40 14|91 91 21 65|0.2 8
6811 宏碁資訊|數位雲端|27 14 3|74 74 -12 -11|0.2 20
6829 千附精密|半導體業|-4 -12 -14|95 95 13 13|1.4 159
6830 汎銓|其他電子|4 4 -0|93 93 19 18|2.2 557
6834 天二科技|電子零組|32 30 7|82 82 -11 72|1.6 9
6835 圓裕|電子零組|2 8 1|90 90 0 -5|1.1 10
6841 長佳智能|生技醫療|425 374 55|70 70 -25 -6|0.3 20
6854 錼創科技-KY創|半導體業|18 34 -58|93 100 36 30|1.5 13
6855 數泓科|其他電子|10 23 -2|100 100 22 30|1.7 7
6859 伯特光|光電業|-11 -30 5|97 97 14 8|2.2 17
6863 永道-KY|通信網路|66 86 11|100 100 21 105|0.8 344
6869 雲豹能源|綠能環保|-89 -72 -47|72 72 -8 70|1.1 1141
6873 泓德能源|綠能環保|128 665 497|90 90 25 70|3.6 253
6875 國邑*|生技醫療|na na na|na 79 -5 -19|0.5 12
6877 鏵友益|其他電子|-50 5 -29|83 83 28 131|0.5 57
6890 來億-KY|運動休閒|40 31 na|na na 21 na|1.1 365
6895 宏碩系統|半導體業|24 8 23|64 64 -30 82|0.3 89
6901 鑽石投資|其他|160 112 271|75 90 -8 -4|0.3 24
6903 巨漢|其他電子|-10 -7 na|na na -18 na|0.3 7
6906 現觀科|數位雲端|-30 0 -46|na 99 18 9|3.5 79
6914 阜爾運通|其他|8 7 na|na na -9 na|0.3 7
6922 宸曜|電腦及週|19 39 23|na 71 -20 31|0.3 6
6928 攸泰科技|電腦及週|-46 -58 na|na na -22 na|2.5 5
6933 AMAX-KY|電腦及週|-35 -16 -13|na 61 -31 -40|0.5 27
6937 天虹|半導體業|259 145 90|na 88 8 27|1.4 317
6953 家碩|半導體業|11 -4 na|na na -4 na|0.2 13
6957 裕慶-KY|其他|-50 1 na|na na -7 na|0.4 56
7402 邑錡|光電業|-12 -15 -16|62 65 -21 -35|0.6 13
8011 台通|通信網路|-9 29 -31|78 85 5 5|0.3 130
8016 矽創|半導體業|15 9 -3|73 79 -9 -19|0.8 112
8021 尖點|其他電子|34 39 18|86 86 6 18|0.5 67
8027 鈦昇|電機機械|-18 10 6|77 77 -20 16|1.1 438
8028 昇陽半導體|半導體業|26 10 17|90 90 13 145|0.7 1218
8032 光菱|電子通路|19 8 23|88 88 46 44|1.1 38
8033 雷虎|其他|7 25 11|71 71 -14 -23|0.7 61
8039 台虹|電子零組|16 28 -1|84 84 5 29|0.8 339
8040 九暘|半導體業|5 9 31|83 83 -4 9|2.3 46
8043 蜜望實|電子零組|4 -4 8|80 80 62 62|0.5 127
8046 南電|電子零組|-8 -8 24|52 68 -23 -32|0.5 246
8048 德勝|通信網路|-66 -61 -56|69 82 -11 -9|0.7 6
8049 晶采|光電業|-38 -37 -1|88 93 -4 -7|0.3 6
8050 廣積|電腦及週|13 -8 16|79 88 -11 -5|0.5 28
8054 安國|半導體業|-5 26 -6|69 75 -13 -13|0.3 421
8059 凱碩|通信網路|-82 17 45|82 85 5 9|0.7 7
8064 東捷|光電業|8 9 36|84 84 6 95|0.2 348
8068 全達|電子通路|-6 -13 -31|68 82 -4 -13|1.0 8
8069 元太|光電業|52 33 40|94 94 10 31|0.9 1397
8070 長華*|電子通路|11 9 14|88 88 35 40|1.6 897
8071 能率網通|電子零組|-14 -14 -6|81 81 -2 49|0.2 35
8074 鉅橡|電子零組|20 16 8|92 92 21 15|1.3 17
8076 伍豐|電腦及週|-44 -19 -17|96 96 4 29|1.6 187
8081 致新|半導體業|-1 -1 -6|72 72 -18 -15|1.2 101
8083 瑞穎|電機機械|-13 13 -31|87 87 -6 -7|0.9 13
8084 巨虹|電子通路|-24 1 20|54 54 -43 -20|0.6 10
8085 福華|其他電子|-4 2 26|43 43 -39 -43|0.8 47
8086 宏捷科|半導體業|41 73 -99|68 74 -23 -26|0.8 261
8088 品安|半導體業|-21 -38 -9|59 61 -35 -41|0.9 10
8089 康全電訊|通信網路|432 435 239|74 74 -10 52|0.6 186
8091 翔名|半導體業|10 12 8|88 88 -7 22|0.9 108
8096 擎亞|電子通路|22 8 -47|81 81 13 40|0.5 419
8097 常珵|通信網路|1694 1445 446|94 94 7 5|4.9 13
8099 大世科|資訊服務|-33 -15 -4|65 65 -29 11|0.3 15
8103 瀚荃|電子零組|2 9 8|78 78 -2 35|0.4 79
8104 錸寶|光電業|-18 -14 -4|78 78 -20 39|0.7 29
8105 凌巨|光電業|5 3 16|73 73 3 23|0.2 50
8107 大億金茂|電機機械|43 55 44|93 93 15 71|0.6 24
8110 華東|半導體業|15 13 11|76 76 -17 -4|1.7 22
8111 立碁|光電業|12 13 12|100 100 69 55|5.6 137
8112 至上|電子通路|9 59 -12|70 70 -16 -20|0.8 228
8114 振樺電|電腦及週|49 46 40|97 97 11 80|1.0 159
8121 越峰|電子零組|28 36 20|72 72 -15 29|0.5 15
8131 福懋科|半導體業|46 30 23|94 94 -5 1|1.0 10
8147 正淩|電子零組|-1 28 13|78 78 4 3|1.0 178
8150 南茂|半導體業|15 12 -4|74 77 -12 -23|1.5 95
8155 博智|電子零組|32 37 20|80 83 -8 -15|0.5 48
8163 達方|電腦及週|-18 -23 -7|70 70 -19 -19|0.6 22
8183 精星|其他電子|14 5 7|69 84 -8 -18|0.8 6
8210 勤誠|電腦及週|76 82 18|77 77 -10 4|0.6 359
8213 志超|電子零組|-13 -12 -6|84 87 -1 -13|1.0 17
8215 明基材|光電業|4 0 -7|86 91 -6 -9|0.5 12
8222 寶一|電機機械|35 25 -11|77 78 -14 -22|0.6 11
8227 巨有科技|半導體業|-53 -36 -41|44 71 -25 -27|1.0 57
8234 新漢|電腦及週|17 8 30|77 77 -19 0|0.3 27
8249 菱光|電子零組|119 70 71|91 91 87 92|0.6 275
8255 朋程|電機機械|31 21 -25|78 78 -20 -2|1.7 85
8261 富鼎|半導體業|5 6 8|80 95 -3 -2|1.8 19
8271 宇瞻|半導體業|2 10 5|69 70 -20 -27|0.6 11
8277 商丞|半導體業|53 -10 -12|78 78 -11 22|2.1 10
8299 群聯|半導體業|20 38 -5|65 65 -22 -32|0.8 604
8341 日友|綠能環保|7 27 26|76 88 -7 -8|1.0 18
8349 恒耀國際|鋼鐵工業|-0 4 -7|99 99 14 17|0.7 8
8358 金居|電子零組|33 58 43|81 81 -12 -7|0.3 70
8374 羅昇|電機機械|57 20 24|90 90 18 341|0.4 1504
8383 千附|半導體業|13 14 28|94 94 -2 12|0.8 17
8390 金益鼎|綠能環保|50 54 33|91 91 4 25|0.5 55
8404 百和興業-KY|其他|25 30 6|100 100 24 35|3.0 14
8410 森田|電腦及週|1 -2 -10|90 90 -1 23|0.7 11
8422 可寧衛*|綠能環保|111 83 68|95 95 1 2|0.5 16
8431 匯鑽科|其他電子|13 13 10|89 89 3 7|0.8 25
8436 大江|生技醫療|-32 -19 -12|76 89 -11 -7|1.3 32
8438 昶昕|綠能環保|17 20 15|76 76 -3 47|0.5 27
8440 綠電|綠能環保|1 7 0|77 77 -20 37|0.3 25
8442 威宏-KY|其他|4 4 3|94 96 7 0|0.6 11
8446 華研|文化創意|39 60 24|99 99 15 19|0.9 19
8454 富邦媒|數位雲端|2 2 -2|72 88 -6 1|0.9 111
8462 柏文|運動休閒|17 19 -2|92 92 11 18|1.3 29
8464 億豐|居家生活|10 11 2|99 99 29 44|0.8 432
8466 美吉吉-KY|其他|75 43 13|88 88 -4 19|1.0 14
8467 波力-KY|運動休閒|2 8 -22|92 92 44 32|0.6 182
8473 山林水|綠能環保|44 -1 3|80 80 -2 11|0.4 69
8478 東哥遊艇|運動休閒|20 -26 -40|71 73 -24 -26|0.3 61
8916 光隆|其他|4 5 19|96 96 -4 0|0.4 9
8924 大田|運動休閒|20 24 28|92 92 -4 -1|0.9 9
8926 台汽電|油電燃氣|128 91 25|91 92 -2 -6|0.4 33
8927 北基|油電燃氣|38 145 76|98 98 22 27|1.1 182
8929 富堡|其他|27 23 8|89 89 -2 22|1.1 7
8932 智通*|數位雲端|18 52 -20|49 49 -42 -26|0.8 58
8936 國統|其他|-2 39 -4|69 69 -18 -22|0.2 120
8937 合騏*|其他|-33 49 50|95 95 194 237|1.6 79
8938 明安|運動休閒|14 15 31|94 94 1 15|0.3 6
8942 森鉅|其他|-44 -44 -17|92 92 -6 -5|0.6 9
8996 高力|電機機械|14 -6 1|79 79 -16 14|0.3 1000
9802 鈺齊-KY|運動休閒|13 4 34|84 94 5 7|1.0 41
9902 台火|其他|119 999 -155|79 79 16 24|0.2 10
9904 寶成|運動休閒|15 11 10|94 94 3 2|0.9 244
9906 欣巴巴|建材營造|9198 3121 2389|69 69 54 103|0.4 161
9907 統一實|其他|44 36 27|100 100 10 16|1.1 26
9908 大台北|油電燃氣|-3 -2 -3|96 96 -3 -3|1.5 6
9910 豐泰|運動休閒|-8 -1 -2|78 92 7 -2|0.8 121
9911 櫻花|居家生活|14 18 0|89 89 -2 3|0.9 22
9914 美利達|運動休閒|43 37 50|90 90 5 9|0.7 261
9917 中保科|其他|2 2 -4|91 91 2 9|1.3 86
9919 康那香|其他|12 1 9|62 84 -11 -7|0.6 6
9921 巨大|運動休閒|2 4 18|89 89 5 3|1.1 400
9924 福興|居家生活|4 2 -7|98 98 7 9|0.5 13
9925 新保|其他|7 -1 -2|98 98 3 6|0.6 5
9927 泰銘|其他|-13 -5 -14|87 87 -6 -4|2.4 48
9930 中聯資源|綠能環保|13 10 4|90 90 -1 9|0.4 7
9933 中鼎|其他|9 15 -9|86 86 -12 -3|0.6 74
9934 成霖|居家生活|-8 -3 2|87 87 -1 4|0.4 17
9935 慶豐富|居家生活|7 21 6|100 100 33 59|1.3 55
9937 全國|油電燃氣|-4 -2 -3|97 99 2 1|2.7 6
9938 百和|其他|23 25 4|100 100 23 31|2.1 271
9939 宏全|其他|3 4 -2|92 92 -4 8|0.7 86
9940 信義|其他|-19 11 7|85 85 -8 2|0.6 13
9941 裕融|其他|0 0 -5|82 96 6 6|1.1 122
9942 茂順|其他|-20 -24 -10|81 86 -12 -14|0.4 9
9945 潤泰新|其他|80 46 32|91 91 10 43|0.4 296
9946 三發地產|建材營造|6 64 -50|58 58 -32 1|0.3 18
9955 佳龍|綠能環保|18 21 9|93 93 4 25|0.7 52
9958 世紀鋼|鋼鐵工業|-24 -29 -53|64 64 -21 10|0.9 1701