# 2024-08-01 全池(1346 檔)。欄位:代碼 名稱|產業|最新月YoY 3月YoY均 加速度|距52週高% 距120日高% 60日漲% 120日漲%|量能比 日均值M
1101 台泥|水泥工業|55 42 41|92 99 5 6|0.9 615
1102 亞泥|水泥工業|3 -10 2|94 94 -2 8|0.8 540
1103 嘉泥|水泥工業|-8 3 -13|89 99 1 3|0.7 9
1104 環泥|水泥工業|10 9 2|91 91 -5 17|1.4 62
1108 幸福|水泥工業|-20 -7 -18|92 95 -4 7|0.5 7
1109 信大|水泥工業|-19 -19 -11|87 87 -11 3|0.8 10
1110 東泥|水泥工業|6 -1 -9|100 100 20 37|1.6 16
1201 味全|食品工業|8 13 2|93 97 -2 -1|1.0 14
1210 大成|食品工業|-8 -8 -1|92 95 0 -1|1.2 76
1215 卜蜂|食品工業|-12 -10 -5|89 89 -5 4|0.8 63
1216 統一|食品工業|17 18 1|94 94 7 16|1.7 898
1217 愛之味|食品工業|-4 4 3|87 95 3 10|0.8 20
1218 泰山|食品工業|-14 -4 -5|79 90 -4 1|0.6 17
1219 福壽|食品工業|-22 -15 -4|88 94 -6 -5|0.8 6
1225 福懋油|食品工業|-17 -12 -2|100 100 127 177|1.0 18
1227 佳格|食品工業|-8 1 -1|95 95 7 10|0.4 36
1229 聯華|食品工業|-3 13 -3|90 90 -4 -2|1.8 107
1231 聯華食|食品工業|6 10 7|100 100 22 39|1.5 25
1232 大統益|食品工業|-9 -6 3|100 100 4 7|1.3 14
1234 黑松|食品工業|-3 -1 -4|95 95 -1 7|0.6 6
1256 鮮活果汁-KY|食品工業|-26 -19 -27|58 70 -15 -19|1.0 5
1268 漢來美食|觀光餐旅|32 18 -3|98 98 6 9|0.4 9
1301 台塑|塑膠工業|7 6 9|70 81 -14 -18|0.6 566
1303 南亞|塑膠工業|10 4 15|71 81 -12 -18|0.6 500
1304 台聚|塑膠工業|14 6 14|68 89 4 -10|0.8 61
1305 華夏|塑膠工業|13 -7 5|71 88 3 -10|0.7 36
1307 三芳|塑膠工業|2 9 8|95 95 1 27|0.6 15
1308 亞聚|塑膠工業|-4 -9 10|73 86 4 -13|1.7 45
1309 台達化|塑膠工業|53 38 29|93 96 25 18|1.0 49
1310 台苯|塑膠工業|90 55 42|85 97 6 -2|0.6 16
1312 國喬|塑膠工業|47 31 32|80 95 10 2|0.8 63
1313 聯成|塑膠工業|6 13 -7|74 83 -7 -12|0.7 23
1314 中石化|塑膠工業|18 22 -27|95 95 -3 14|0.9 336
1316 上曜|建材營造|340 171 153|87 87 9 74|1.5 354
1319 東陽|汽車工業|0 12 -3|76 76 -13 16|0.7 296
1321 大洋|塑膠工業|27 15 21|87 87 -13 3|0.6 7
1325 恆大|塑膠工業|-26 -25 -5|62 74 6 -21|0.4 19
1326 台化|塑膠工業|24 28 21|74 86 -12 -14|0.8 448
1336 台翰|電子零組|13 11 21|95 97 13 7|1.0 7
1339 昭輝|汽車工業|-7 -9 -14|77 77 -20 5|0.4 13
1342 八貫|其他|-2 5 4|69 69 -20 -13|0.5 42
1402 遠東新|紡織纖維|5 7 3|96 96 9 18|0.8 452
1409 新纖|紡織纖維|9 19 10|96 96 3 17|0.5 103
1414 東和|紡織纖維|-7 6 5|91 91 17 34|0.4 13
1416 廣豐|其他|23 23 -3|92 92 -8 12|0.9 5
1418 東華|紡織纖維|-57 109 81|88 88 14 65|0.2 7
1423 利華|紡織纖維|-48 -27 -20|97 97 39 43|0.4 7
1434 福懋|紡織纖維|4 5 14|88 95 -0 -5|1.3 24
1436 華友聯|建材營造|2815 2511 1856|91 91 12 118|1.4 188
1437 勤益控|其他|1 14 1|93 93 4 20|0.3 6
1438 三地開發|建材營造|na na na|100 100 72 131|2.7 39
1440 南紡|紡織纖維|-19 -14 2|91 91 -4 21|0.7 43
1442 名軒|建材營造|710 1619 -18659|100 100 12 89|0.7 133
1444 力麗|紡織纖維|-13 -9 12|94 98 6 1|0.8 26
1445 大宇|紡織纖維|-36 -25 2|72 72 -16 -7|0.9 5
1446 宏和|紡織纖維|3291 2184 855|90 90 11 53|0.5 63
1447 力鵬|紡織纖維|-34 51 39|98 98 32 37|0.8 60
1449 佳和|紡織纖維|-3 13 -20|79 90 14 8|6.6 27
1453 大將|建材營造|100 100 -29631|89 89 -11 85|1.0 28
1454 台富|紡織纖維|10 9 10|94 94 22 23|1.8 8
1455 集盛|紡織纖維|71 56 29|87 87 -7 28|0.3 18
1457 宜進|紡織纖維|2 3 4|84 84 -12 23|0.3 7
1463 強盛新|紡織纖維|-45 5 17|100 100 40 50|2.4 5
1464 得力|紡織纖維|22 30 30|90 90 1 2|0.9 6
1471 首利|電子零組|49 19 -4|64 84 2 -4|0.4 14
1473 台南|紡織纖維|-1 12 2|70 70 12 37|0.3 50
1474 弘裕|紡織纖維|38 39 22|91 91 0 14|0.5 7
1475 業旺|紡織纖維|74 67 44|98 98 26 40|1.6 25
1476 儒鴻|紡織纖維|27 23 16|93 96 9 1|0.6 369
1477 聚陽|紡織纖維|-2 7 -0|96 96 16 35|0.8 785
1503 士電|電機機械|13 6 3|70 70 -15 104|0.6 2524
1504 東元|電機機械|-11 -4 -1|83 83 -10 13|0.3 405
1506 正道|電機機械|-14 -8 -6|93 94 2 4|1.2 7
1513 中興電|電機機械|32 25 7|80 80 6 59|0.7 6146
1514 亞力|電機機械|4 -3 -18|75 75 3 65|0.5 2434
1515 力山|電機機械|6 51 -114|74 85 -12 -1|0.3 28
1516 川飛|其他|112 na na|83 83 17 33|0.2 9
1517 利奇|電機機械|27 20 56|99 99 11 18|0.9 9
1519 華城|電機機械|37 59 -60|68 68 -14 81|0.9 4970
1522 堤維西|汽車工業|7 9 3|97 97 40 82|0.5 281
1524 耿鼎|汽車工業|-14 -4 -21|84 84 -14 7|0.2 54
1527 鑽全|電機機械|30 22 23|98 98 4 11|1.1 19
1528 恩德|電機機械|-3 2 3|89 89 19 11|0.8 22
1529 樂事綠能|電機機械|327 142 21|81 83 -3 1|1.0 189
1532 勤美|電機機械|-26 94 31|81 81 -15 15|0.6 162
1533 車王電|汽車工業|-45 -35 -27|72 83 -6 -15|0.9 6
1535 中宇|電機機械|-9 7 -8|69 69 -14 7|0.7 22
1536 和大|汽車工業|45 -4 9|96 96 35 34|1.1 949
1537 廣隆|電機機械|35 33 21|99 99 7 12|1.0 28
1540 喬福|電機機械|380 114 63|100 100 71 99|2.9 293
1558 伸興|電機機械|4 9 -10|91 100 4 2|1.6 9
1560 中砂|電機機械|11 10 9|82 82 17 56|1.0 870
1565 精華|生技醫療|-1 -7 -0|87 87 -4 -8|1.0 25
1568 倉佑|汽車工業|-36 -41 -15|82 88 8 9|0.4 22
1569 濱川|電腦及週|-16 -16 3|95 95 27 24|1.2 82
1570 力肯|電機機械|173 191 173|71 71 7 39|0.2 16
1580 新麥|電機機械|0 6 -8|96 96 1 6|0.8 16
1582 信錦|電子零組|7 17 0|93 93 6 46|0.5 277
1584 精剛|其他|36 28 -5|95 100 7 9|1.8 96
1586 和勤|電機機械|22 11 -6|96 96 9 11|1.3 16
1587 吉茂|汽車工業|-10 -10 3|67 67 -27 133|0.2 43
1589 永冠-KY|電機機械|-4 -23 1|68 68 -7 -15|0.8 17
1590 亞德客-KY|電機機械|-1 5 -11|71 71 -22 -11|1.9 409
1591 駿吉-KY|電機機械|646 797 608|73 73 -17 23|0.2 26
1597 直得|電機機械|15 -10 16|96 96 52 58|1.7 668
1598 岱宇|運動休閒|12 -0 -4|83 94 1 -5|0.5 9
1603 華電|電器電纜|-2 16 -6|79 79 -1 23|0.3 70
1604 聲寶|電器電纜|-5 -0 -2|95 95 -2 5|0.5 11
1605 華新|電器電纜|13 -2 2|88 90 -0 0|0.7 340
1608 華榮|電器電纜|53 41 31|82 82 9 76|0.3 400
1609 大亞|電器電纜|18 20 10|87 87 7 63|0.8 1603
1611 中電|電器電纜|-7 -2 6|90 90 17 19|0.5 68
1612 宏泰|電器電纜|20 27 17|81 81 1 34|0.3 120
1614 三洋電|電器電纜|-17 -7 1|83 83 -8 9|0.2 8
1615 大山|電器電纜|3 46 13|90 90 15 48|0.2 22
1616 億泰|電器電纜|13 10 -3|83 83 -10 81|0.3 57
1617 榮星|電器電纜|38 38 31|84 84 6 53|0.3 46
1618 合機|電器電纜|-26 12 -36|77 77 5 67|0.2 264
1701 中化|生技醫療|7 7 3|84 90 -1 -6|0.7 16
1702 南僑|食品工業|3 3 -5|94 94 2 21|1.1 46
1707 葡萄王|生技醫療|-6 4 1|81 93 -5 -3|1.9 50
1708 東鹼|化學工業|7 16 28|100 100 21 18|0.7 56
1709 和益|化學工業|10 27 22|92 92 25 18|0.5 67
1710 東聯|化學工業|44 25 15|81 93 5 -3|1.0 26
1711 永光|化學工業|9 16 13|99 99 9 14|2.7 46
1712 興農|化學工業|9 7 12|98 98 13 29|1.4 41
1713 國化|化學工業|30 48 30|97 97 21 28|0.2 21
1714 和桐|化學工業|-5 1 10|99 99 14 16|0.6 40
1717 長興|化學工業|8 7 6|96 96 -3 11|1.8 92
1720 生達|生技醫療|13 17 8|97 97 20 19|1.9 59
1721 三晃|化學工業|59 27 30|83 93 9 8|0.5 23
1722 台肥|化學工業|-75 -36 -15|95 95 -2 0|0.8 125
1723 中碳|化學工業|-28 -8 11|81 81 -11 -13|1.1 82
1725 元禎|化學工業|17 12 10|80 80 2 109|0.3 26
1727 中華化|化學工業|33 26 32|86 86 10 18|0.7 72
1732 毛寶|化學工業|-7 -1 -1|77 86 2 -7|1.5 7
1733 五鼎|生技醫療|18 6 16|77 87 -3 1|0.5 12
1734 杏輝|生技醫療|21 6 4|99 99 4 16|0.8 24
1736 喬山|運動休閒|25 20 4|95 95 38 76|0.6 156
1737 臺鹽|食品工業|-3 -7 1|91 97 0 1|1.0 6
1752 南光|生技醫療|-10 -2 0|75 83 5 -4|0.2 13
1760 寶齡富錦|生技醫療|-0 3 -1|76 86 1 -6|0.7 34
1762 中化生|生技醫療|30 -7 22|68 100 14 2|0.7 14
1773 勝一|化學工業|14 14 10|85 85 -5 21|0.9 68
1777 生泰|生技醫療|73 43 21|100 100 23 25|1.0 18
1783 和康生|生技醫療|-9 2 6|71 89 4 -1|0.6 12
1784 訊聯|生技醫療|-13 -0 -12|72 72 75 98|0.8 243
1785 光洋科|其他電子|35 33 12|86 86 50 61|0.4 2062
1786 科妍|生技醫療|6 16 -24|85 85 7 50|0.4 66
1789 神隆|生技醫療|-23 8 -4|80 90 -7 4|0.5 22
1795 美時|生技醫療|1 7 -1|80 80 -9 0|0.6 875
1799 易威|生技醫療|72 89 5|89 89 139 339|1.1 134
1802 台玻|玻璃陶瓷|-3 -4 -10|80 88 4 -2|0.3 118
1805 寶徠|建材營造|-6 -30 -12|100 100 6 41|2.3 6
1806 冠軍|玻璃陶瓷|-1 2 -18|96 96 20 23|2.7 39
1808 潤隆|建材營造|-31 2269 -8019|95 95 6 19|2.4 346
1809 中釉|玻璃陶瓷|27 6 2|70 70 2 45|0.3 77
1810 和成|玻璃陶瓷|-8 -2 -5|83 84 -3 6|0.3 13
1815 富喬|電子零組|57 41 52|83 83 32 68|0.2 502
1817 凱撒衛|玻璃陶瓷|20 12 5|100 100 6 14|0.6 7
1903 士紙|造紙工業|-22 -15 -13|80 88 -11 13|0.5 15
1904 正隆|造紙工業|-6 3 1|76 90 -9 -8|1.1 32
1905 華紙|造紙工業|7 7 11|65 86 -12 -8|0.5 49
1907 永豐餘|造紙工業|10 9 8|78 95 -3 1|0.8 50
1909 榮成|造紙工業|9 6 8|83 88 -10 1|0.5 22
2002 中鋼|鋼鐵工業|-1 -1 4|82 90 -6 -7|0.8 431
2006 東和鋼鐵|鋼鐵工業|-3 -2 -11|100 100 2 9|1.0 118
2007 燁興|鋼鐵工業|63 44 39|84 88 -0 6|0.3 6
2009 第一銅|鋼鐵工業|49 42 26|79 79 3 52|0.2 128
2010 春源|鋼鐵工業|12 15 11|83 83 -15 5|0.6 12
2013 中鋼構|鋼鐵工業|-7 -8 3|84 84 -9 4|0.8 6
2014 中鴻|鋼鐵工業|-2 -15 -19|77 87 -5 -10|0.5 60
2015 豐興|鋼鐵工業|1 0 1|100 100 13 23|0.9 25
2017 官田鋼|鋼鐵工業|17 9 2|92 93 -3 -2|0.5 13
2020 美亞|鋼鐵工業|-55 -25 -17|75 75 -23 -3|1.5 51
2022 聚亨|鋼鐵工業|-20 -9 -7|74 82 -14 -9|0.8 8
2023 燁輝|鋼鐵工業|8 8 2|84 94 0 -1|0.7 21
2025 千興|鋼鐵工業|993 na na|94 94 8 73|0.6 28
2027 大成鋼|鋼鐵工業|-14 -8 4|97 99 6 6|1.0 389
2029 盛餘|鋼鐵工業|23 13 -13|83 84 -11 -9|0.8 13
2030 彰源|鋼鐵工業|-2 -2 8|80 88 -10 -10|0.6 7
2031 新光鋼|鋼鐵工業|-7 -5 -7|88 88 1 10|0.9 98
2034 允強|鋼鐵工業|5 -7 0|91 97 0 -4|0.9 10
2038 海光|鋼鐵工業|4 2 7|84 88 -3 -3|0.4 7
2049 上銀|電機機械|-5 -6 -1|74 74 -9 -3|1.0 453
2059 川湖|電子零組|101 92 62|77 77 -5 14|1.1 1197
2061 風青|電器電纜|43 50 38|100 100 29 85|2.1 27
2062 橋椿|居家生活|2 9 -16|100 100 21 39|6.2 12
2066 世德|電機機械|-1 3 6|89 89 -4 53|0.3 23
2070 精湛|電機機械|22 31 10|100 100 89 96|3.3 112
2101 南港|橡膠工業|-0 18 -2|83 83 -12 27|0.3 263
2102 泰豐|橡膠工業|11 -36 37|99 99 10 24|0.6 20
2103 台橡|橡膠工業|28 16 11|91 93 -6 3|0.9 54
2104 國際中橡|橡膠工業|12 13 23|81 92 -3 -6|0.8 23
2105 正新|橡膠工業|0 -1 -0|82 82 5 12|0.4 245
2106 建大|橡膠工業|-3 5 6|95 95 -0 13|0.7 18
2107 厚生|橡膠工業|-1 17 30|100 100 5 19|2.3 16
2108 南帝|橡膠工業|76 37 31|89 89 19 17|0.6 78
2109 華豐|橡膠工業|-18 -0 3|93 93 10 39|0.4 13
2201 裕隆|汽車工業|17 18 7|71 80 -17 -12|0.5 197
2204 中華|汽車工業|7 26 -5|64 64 -36 -17|1.7 472
2206 三陽工業|汽車工業|5 4 -8|91 91 -5 11|0.5 420
2207 和泰車|汽車工業|4 1 -6|89 100 8 5|1.2 172
2208 台船|航運業|-41 -28 -11|73 88 -6 -7|0.8 44
2211 長榮鋼|鋼鐵工業|12 -0 -9|78 78 -19 14|0.5 131
2227 裕日車|汽車工業|6 -4 -14|70 77 -1 -23|1.0 5
2228 劍麟|汽車工業|-13 6 -5|78 78 -12 10|0.3 38
2230 泰茂|居家生活|99 135 31|90 90 3 8|0.9 87
2231 為升|汽車工業|2 -7 -4|83 87 12 -6|0.7 29
2233 宇隆|汽車工業|15 18 6|84 89 -6 2|1.1 28
2236 百達-KY|汽車工業|-2 8 -11|100 100 51 59|1.2 138
2241 艾姆勒|汽車工業|-26 -20 -49|64 64 -22 15|0.1 42
2243 宏旭-KY|汽車工業|797 244 146|96 96 116 54|0.4 35
2247 汎德永業|汽車工業|5 3 -5|89 89 -10 2|0.5 26
2250 IKKA-KY|汽車工業|-5 7 -3|68 68 -8 2|0.1 19
2254 巨鎧精密-創|汽車工業|339 156 na|na 92 -6 5|0.7 15
2258 鴻華先進-創|汽車工業|795 1670 na|na 91 3 4|0.4 18
2301 光寶科|電腦及週|-9 -11 3|71 90 10 4|0.8 1930
2303 聯電|半導體業|-8 1 11|93 93 4 8|1.1 3609
2305 全友|電腦及週|41 31 2|79 79 6 3|0.7 18
2308 台達電|電子零組|0 3 4|98 98 34 50|1.3 5029
2312 金寶|其他電子|5 2 15|87 87 64 54|0.7 1344
2313 華通|電子零組|18 22 16|87 87 4 16|0.6 1869
2314 台揚|通信網路|-53 -52 5|69 89 0 -10|0.4 31
2316 楠梓電|電子零組|-31 -21 -5|86 86 16 51|0.6 201
2317 鴻海|其他電子|16 19 20|89 89 21 98|0.7 16821
2323 中環|光電業|-7 -0 -3|88 89 -3 16|0.4 169
2324 仁寶|電腦及週|1 -3 3|80 80 -9 -6|0.8 745
2327 國巨*|電子零組|14 17 15|98 98 19 42|1.3 2228
2328 廣宇|電子零組|-19 -12 -2|86 86 0 7|0.2 129
2329 華泰|半導體業|-6 2 -20|60 60 -19 -18|0.6 238
2330 台積電|半導體業|33 41 29|89 89 23 50|1.2 49949
2331 精英|電腦及週|-29 -23 4|74 79 1 -3|0.3 130
2332 友訊|通信網路|-3 -10 4|75 95 8 -0|0.6 67
2337 旺宏|半導體業|2 -11 14|85 100 11 -3|3.8 465
2338 光罩|半導體業|9 11 6|86 86 5 6|0.4 242
2340 台亞|半導體業|18 9 -3|70 86 -0 -13|0.6 106
2342 茂矽|半導體業|28 28 40|83 96 8 5|1.0 17
2344 華邦電|半導體業|6 15 10|76 83 -8 -17|1.1 623
2345 智邦|通信網路|18 21 15|92 92 16 4|0.8 1417
2347 聯強|電子通路|-2 7 2|82 82 -12 -1|0.4 469
2348 海悅|其他|9 24 -105|86 86 54 232|2.1 1049
2349 錸德|光電業|-8 2 1|87 87 130 120|4.2 356
2351 順德|半導體業|0 -1 6|76 76 9 19|0.5 323
2352 佳世達|電腦及週|-8 -4 5|69 77 -8 -19|0.6 449
2353 宏碁|電腦及週|7 18 8|81 81 -0 4|0.5 1145
2354 鴻準|其他電子|-1 -18 10|90 90 8 32|0.2 903
2355 敬鵬|電子零組|2 4 2|85 89 14 7|0.5 245
2356 英業達|電腦及週|7 19 14|69 81 -5 -10|0.8 2152
2357 華碩|電腦及週|21 26 19|91 91 10 12|0.8 1711
2359 所羅門|其他電子|-49 -36 -20|88 88 71 296|0.5 2143
2360 致茂|其他電子|8 26 29|94 94 26 64|1.3 963
2362 藍天|電腦及週|43 15 2|100 100 56 59|1.3 412
2363 矽統|半導體業|49 35 -18|73 73 -14 20|0.7 1537
2364 倫飛|電腦及週|28 12 4|62 89 12 2|4.8 12
2365 昆盈|電腦及週|69 52 32|93 93 229 292|0.8 3309
2367 燿華|電子零組|20 28 25|86 86 32 90|0.3 839
2368 金像電|電子零組|38 36 17|83 83 20 5|1.0 1647
2369 菱生|半導體業|-4 -5 -13|75 75 -3 -7|0.4 56
2371 大同|電機機械|-2 -4 -21|74 74 -19 17|0.4 992
2373 震旦行|其他電子|0 1 12|91 91 -4 -4|0.8 7
2374 佳能|光電業|40 39 18|87 87 33 120|0.3 353
2375 凱美|電子零組|15 15 15|90 94 5 8|0.7 50
2376 技嘉|電腦及週|138 188 88|71 71 -7 -5|1.1 2612
2377 微星|電腦及週|3 13 -4|86 87 8 -3|0.6 700
2379 瑞昱|半導體業|13 17 6|86 86 1 14|0.7 1729
2382 廣達|電腦及週|23 27 30|85 85 10 23|1.1 7007
2383 台光電|電子零組|63 69 16|77 77 -1 1|1.1 2209
2385 群光|電子零組|-7 -3 5|64 64 -21 -1|0.8 532
2387 精元|電腦及週|6 2 6|85 85 -11 -1|0.8 48
2388 威盛|半導體業|-19 -5 -39|67 83 -4 -15|1.0 873
2390 云辰|其他電子|13 5 -0|75 86 -2 -8|0.7 10
2392 正崴|電子零組|27 27 20|82 82 49 66|0.4 977
2393 億光|光電業|21 27 19|91 91 13 55|1.5 373
2395 研華|電腦及週|-13 -14 2|89 89 3 7|1.5 393
2397 友通|電腦及週|-46 -42 -6|79 79 9 14|0.5 109
2399 映泰|電腦及週|29 -0 -1|85 89 15 3|1.4 85
2401 凌陽|半導體業|35 26 10|87 87 16 5|0.2 314
2402 毅嘉|電子零組|23 15 5|88 94 25 25|1.0 467
2404 漢唐|其他電子|-18 -34 -27|79 79 -13 24|0.6 769
2405 輔信|電腦及週|8 7 -1|84 84 32 34|0.4 313
2406 國碩|光電業|277 220 166|84 84 15 33|0.3 219
2408 南亞科|半導體業|37 41 23|73 78 -13 -18|1.2 1043
2409 友達|光電業|10 18 -6|87 90 -1 -6|1.0 1043
2412 中華電|通信網路|-3 1 -0|95 95 -2 2|0.8 1540
2413 環科|電子零組|-43 -40 -14|73 80 0 -15|0.9 6
2414 精技|電子通路|-5 -3 6|92 92 5 16|1.1 13
2417 圓剛|電腦及週|-12 -1 3|80 80 26 36|0.3 162
2419 仲琦|通信網路|23 -11 21|62 80 4 -7|0.8 76
2420 新巨|電子零組|8 5 13|92 92 13 37|0.3 28
2421 建準|電子零組|14 12 14|66 72 -12 -8|0.9 334
2423 固緯|其他電子|1 -7 -6|92 92 -6 7|0.6 12
2425 承啟|電腦及週|-18 -13 -26|57 67 -11 -24|0.4 22
2426 鼎元|光電業|10 10 1|89 96 10 1|0.8 19
2427 三商電|資訊服務|10 7 -27|87 87 9 29|0.3 90
2428 興勤|電子零組|7 7 11|90 90 6 4|0.4 72
2429 銘旺科|光電業|-70 -59 -15|85 85 101 95|1.4 18
2431 聯昌|電子零組|-25 -34 0|90 90 9 6|0.7 8
2436 偉詮電|半導體業|1 5 -15|72 80 -8 -15|0.6 56
2438 翔耀|光電業|161 160 77|78 78 205 175|0.9 72
2439 美律|通信網路|24 24 14|85 85 2 20|1.1 491
2440 太空梭|電子零組|81 60 18|84 84 -4 20|0.3 18
2441 超豐|半導體業|16 13 1|97 97 2 5|1.4 61
2442 新美齊|建材營造|-56 -71 -1334|100 100 20 55|3.0 129
2444 兆勁|通信網路|-16 -18 -8|90 90 37 22|0.6 30
2449 京元電子|半導體業|11 12 9|84 84 30 37|0.8 4085
2451 創見|半導體業|-26 -4 -3|76 76 5 28|0.4 154
2453 凌群|資訊服務|6 8 -0|84 84 -0 3|0.3 132
2454 聯發科|半導體業|13 32 12|79 79 14 26|1.1 9182
2455 全新|通信網路|37 51 -28|78 78 2 21|0.8 1025
2457 飛宏|電子零組|-38 -18 -2|62 72 -12 -22|1.0 111
2458 義隆|半導體業|4 4 -26|81 81 -10 -5|0.9 210
2459 敦吉|其他電子|-25 -26 -13|95 95 2 16|0.8 12
2460 建通|電子零組|58 56 27|70 70 -7 -8|0.3 17
2461 光群雷|其他電子|-14 -1 2|87 91 -7 -0|0.6 16
2462 良得電|電子零組|30 23 23|78 85 4 -4|0.8 14
2464 盟立|其他電子|-4 -12 11|91 91 82 134|0.6 2246
2465 麗臺|電腦及週|-28 -10 -24|65 65 -14 57|0.4 162
2467 志聖|電子零組|122 93 82|84 84 50 158|1.0 543
2468 華經|資訊服務|20 -7 -3|72 85 -3 -5|0.6 9
2471 資通|資訊服務|38 8 8|90 90 -6 -4|1.2 29
2472 立隆電|電子零組|18 20 17|94 94 8 27|0.5 197
2474 可成|其他電子|-26 -32 -0|91 91 -1 12|0.6 494
2476 鉅祥|電子零組|9 14 20|85 85 35 41|0.3 318
2477 美隆電|其他電子|45 17 15|92 92 34 42|1.9 36
2478 大毅|電子零組|11 11 7|89 89 6 13|0.7 28
2480 敦陽科|資訊服務|1 -5 -7|95 95 -2 4|1.1 33
2481 強茂|半導體業|-12 -7 -8|75 86 2 -10|0.7 447
2482 連宇|其他電子|-61 -65 -14|58 82 23 4|0.2 35
2483 百容|電子零組|6 4 12|96 96 8 13|0.5 7
2484 希華|電子零組|-14 -11 7|85 85 -3 -7|0.7 12
2485 兆赫|通信網路|-46 -35 -5|67 84 -1 -8|0.7 39
2486 一詮|光電業|7 14 2|77 77 38 135|0.9 777
2488 漢平|其他電子|-6 10 2|96 96 -4 15|0.8 10
2489 瑞軒|光電業|70 55 20|85 85 46 62|0.5 697
2492 華新科|電子零組|4 8 2|83 91 1 8|0.6 520
2493 揚博|電子零組|15 12 6|81 81 -13 6|0.6 35
2495 普安|電腦及週|-1 7 14|84 84 52 57|0.2 190
2497 怡利電|汽車工業|31 32 15|89 99 14 5|1.0 38
2498 宏達電|通信網路|-17 -35 -17|78 89 5 -10|0.7 236
2501 國建|建材營造|-42 60 23|81 81 -15 79|0.7 205
2504 國產|建材營造|7 6 5|99 99 5 78|0.7 415
2505 國揚|建材營造|304 2429 1850|96 96 -4 36|1.7 27
2506 太設|建材營造|21 74 -50|94 94 -3 29|0.9 20
2509 全坤建|建材營造|2822 948 704|98 98 1 53|1.1 35
2511 太子|建材營造|-17 3 7|97 97 -2 27|1.6 45
2514 龍邦|其他|-5 83 -91|97 97 38 68|0.4 40
2515 中工|建材營造|-3 8 -10|87 87 -6 31|1.1 277
2516 新建|建材營造|-1 28 1|93 99 9 16|1.2 27
2520 冠德|建材營造|249 132 95|95 95 0 59|1.1 717
2524 京城|建材營造|131 276 142|100 100 88 260|4.8 309
2527 宏璟|建材營造|375 181 -120|82 82 -2 78|1.6 52
2528 皇普|建材營造|-99 632 495|97 97 -3 49|1.7 57
2530 華建|建材營造|107426 44878 12611|95 95 4 51|2.8 139
2534 宏盛|建材營造|14 -17 36|100 100 2 50|1.5 132
2535 達欣工|建材營造|21 22 19|96 96 -4 34|1.0 22
2536 宏普|建材營造|431 172 -2094|93 93 -7 24|2.7 22
2537 聯上發|建材營造|154671 51792 32779|91 91 38 171|1.0 521
2538 基泰|建材營造|1090 1053 771|100 100 24 44|0.9 86
2539 櫻花建|建材營造|512 176 na|99 99 10 65|1.5 89
2540 愛山林|建材營造|-10 34 -48|98 98 37 150|1.4 570
2542 興富發|建材營造|-18 104 -282|98 98 34 62|1.0 1036
2543 皇昌|建材營造|70 46 7|100 100 39 195|1.2 813
2545 皇翔|建材營造|384 458 178|100 100 3 58|1.3 110
2546 根基|建材營造|-2 -10 5|78 78 -22 30|0.5 27
2547 日勝生|建材營造|-25 -5 -29|95 95 -3 24|1.3 50
2548 華固|建材營造|5369 1776 800|98 98 11 99|0.6 432
2596 綠意|建材營造|184 171 -516|100 100 34 82|3.1 18
2597 潤弘|建材營造|24 21 16|100 100 30 106|2.1 112
2603 長榮|航運業|91 58 58|78 78 -3 16|0.4 3848
2605 新興|航運業|1 24 17|83 83 8 19|0.2 130
2606 裕民|航運業|21 12 -6|87 87 -3 10|0.2 293
2607 榮運|航運業|51 32 12|88 91 -6 -7|0.4 53
2608 嘉里大榮|航運業|-2 6 5|96 96 2 16|0.4 13
2609 陽明|航運業|67 49 59|77 77 28 32|0.3 2555
2610 華航|航運業|0 7 -11|90 95 9 13|0.4 1107
2611 志信|航運業|7 4 -11|78 78 -5 65|0.2 40
2612 中航|航運業|25 15 11|75 89 -2 1|0.2 15
2613 中櫃|航運業|12 7 -1|74 74 55 62|0.1 36
2614 東森|其他|3 -0 -0|78 100 14 6|0.9 25
2615 萬海|航運業|103 56 64|84 84 63 63|0.4 1876
2616 山隆|油電燃氣|-35 -24 -11|72 76 -16 -24|1.2 5
2617 台航|航運業|18 10 5|85 85 -4 7|0.2 60
2618 長榮航|航運業|10 14 -16|89 89 -7 14|0.3 1751
2630 亞航|航運業|-18 0 -10|71 76 -18 -1|0.2 43
2633 台灣高鐵|航運業|10 7 -7|97 97 -2 0|0.8 127
2634 漢翔|航運業|8 -7 -15|84 89 -7 5|0.6 253
2636 台驊控股|航運業|150 101 76|83 83 -2 8|0.2 66
2637 慧洋-KY|航運業|20 17 16|93 93 5 39|0.4 302
2641 正德|航運業|21 18 -5|84 84 -1 1|0.2 58
2643 捷迅|航運業|50 58 38|92 92 -6 8|0.3 5
2645 長榮航太|航運業|-16 7 -12|77 86 -6 1|0.5 109
2704 國賓|觀光餐旅|19 8 14|95 95 5 61|0.3 24
2705 六福|觀光餐旅|21 7 -3|86 86 -10 8|0.2 8
2707 晶華|觀光餐旅|-12 -13 -15|86 87 -8 4|0.4 47
2718 全心投控|建材營造|-81 -87 -732|94 94 -6 149|1.2 7
2722 夏都|觀光餐旅|-13 -15 4|65 69 -24 -14|0.3 8
2723 美食-KY|觀光餐旅|-6 -7 -2|69 88 -6 -11|0.6 26
2727 王品|觀光餐旅|3 -1 -7|78 84 -13 -15|0.5 110
2729 瓦城|觀光餐旅|20 9 -4|81 95 -0 1|0.9 19
2731 雄獅|觀光餐旅|25 36 -274|96 96 5 27|0.4 229
2732 六角|觀光餐旅|-1 1 3|74 74 -16 -19|0.6 15
2736 富野|觀光餐旅|-41 -44 -2|56 72 -22 -24|0.6 6
2739 寒舍|觀光餐旅|7 4 -12|88 88 -12 20|0.6 73
2743 山富|觀光餐旅|23 51 -438|80 80 -4 15|0.1 73
2745 五福|觀光餐旅|56 65 -1176|80 80 -16 35|0.4 54
2748 雲品|觀光餐旅|20 3 -6|69 79 -12 -16|0.5 17
2753 八方雲集|觀光餐旅|11 8 -1|92 92 -4 -0|0.6 19
2756 聯發國際|觀光餐旅|-14 -15 -7|71 71 2 5|0.5 8
2762 世界健身-KY|運動休閒|4 4 na|na 73 -10 -17|0.8 13
2801 彰銀|金融保險|-2 6 0|99 99 2 8|1.0 344
2809 京城銀|金融保險|6 -14 -68|87 87 2 44|0.4 231
2812 台中銀|金融保險|12 13 0|93 93 2 15|1.3 143
2816 旺旺保|金融保險|5 4 -8|89 97 2 8|0.6 23
2820 華票|金融保險|11 -8 -91|96 96 -3 2|0.7 14
2832 台產|金融保險|8 3 -7|99 99 0 13|0.6 7
2834 臺企銀|金融保險|10 5 1|99 99 10 42|1.2 496
2836 高雄銀|金融保險|13 8 3|97 97 8 10|0.7 44
2838 聯邦銀|金融保險|0 3 -1|90 90 -2 8|1.6 64
2845 遠東銀|金融保險|-13 -3 -8|89 89 -1 27|1.2 180
2850 新產|金融保險|1 0 -6|92 92 4 47|0.5 46
2851 中再保|金融保險|-1 7 -6|95 95 -2 25|0.7 62
2852 第一保|金融保險|-2 8 -1|96 96 -2 32|1.2 13
2855 統一證|金融保險|13 34 -22|97 97 3 54|0.7 126
2880 華南金|金融保險|4 12 1|100 100 12 31|0.8 483
2881 富邦金|金融保險|2 36 -67|98 98 30 40|0.9 2386
2882 國泰金|金融保險|-35 -11 -85|96 96 23 41|0.7 2542
2883 凱基金|金融保險|-61 23 -104|96 96 16 33|0.8 1003
2884 玉山金|金融保險|16 21 0|91 91 -1 12|1.6 982
2885 元大金|金融保險|-9 9 -11|96 96 5 23|0.9 677
2886 兆豐金|金融保險|-5 4 -24|100 100 5 13|1.0 897
2887 台新新光金|金融保險|26 22 16|99 99 7 16|1.6 647
2888 新光金|金融保險|-2 3 -56|92 92 22 27|0.8 1992
2889 國票金|金融保險|25 19 -7|90 90 -0 29|0.5 198
2890 永豐金|金融保險|14 18 -4|98 98 17 39|1.1 503
2891 中信金|金融保險|-5 13 -122|92 92 4 32|0.8 2938
2892 第一金|金融保險|-4 -0 3|100 100 6 10|1.1 466
2897 王道銀行|金融保險|-10 4 5|97 97 6 13|0.8 109
2903 遠百|貿易百貨|-2 -5 -2|91 91 -6 32|0.5 128
2905 三商|貿易百貨|-36 78 -96|100 100 38 62|1.2 44
2906 高林|貿易百貨|14 20 12|92 92 -1 8|0.5 24
2912 統一超|貿易百貨|6 7 -1|100 100 3 6|1.8 470
2913 農林|貿易百貨|11 10 10|74 96 1 10|0.6 118
2915 潤泰全|貿易百貨|13 -1 2|100 100 33 38|0.7 607
2916 滿心|居家生活|-2 -1 -6|79 79 -15 5|2.2 7
3003 健和興|電子零組|4 4 11|94 94 1 13|0.4 28
3004 豐達科|鋼鐵工業|12 22 -5|83 83 -8 12|0.4 19
3005 神基|電腦及週|-9 1 -3|71 71 2 5|0.4 450
3006 晶豪科|半導體業|18 20 8|83 84 -5 -4|0.8 546
3008 大立光|光電業|50 34 14|90 90 28 17|1.1 4058
3010 華立|電子通路|28 31 17|95 95 12 51|0.7 382
3011 今皓|電子零組|-9 -9 -1|70 84 -1 -10|1.1 15
3013 晟銘電|電腦及週|97 93 74|83 83 36 161|0.6 3302
3014 聯陽|半導體業|-5 -6 -31|83 83 -8 4|0.5 227
3015 全漢|電子零組|-15 -15 -1|90 90 -1 19|0.3 25
3016 嘉晶|半導體業|-3 -3 14|92 92 9 15|0.7 115
3017 奇鋐|電腦及週|19 11 -6|81 81 -1 70|0.8 6091
3019 亞光|光電業|40 26 17|98 98 49 43|1.6 770
3021 鴻名|電子零組|22 28 31|87 87 12 20|0.7 16
3022 威強電|電腦及週|-5 -14 7|88 88 13 15|1.2 219
3023 信邦|電子零組|-6 -4 0|94 94 13 23|2.0 502
3024 憶聲|光電業|-27 9 6|100 100 18 30|2.5 83
3025 星通|通信網路|-12 -1 -63|80 80 -6 6|0.3 77
3026 禾伸堂|電子零組|-4 -3 5|90 90 -8 -5|1.7 34
3027 盛達|通信網路|-17 -22 -65|75 78 -12 1|0.5 38
3028 增你強|電子通路|23 23 11|94 94 -5 4|1.0 18
3029 零壹|資訊服務|49 37 22|90 90 39 62|0.9 404
3030 德律|其他電子|67 87 62|80 80 36 118|0.3 325
3031 佰鴻|光電業|33 27 33|89 89 5 8|0.4 12
3032 偉訓|電子零組|-35 -16 -28|78 78 -14 -11|1.0 62
3033 威健|電子通路|41 29 15|91 91 -8 19|0.5 205
3034 聯詠|半導體業|-16 -17 -31|84 84 -16 3|0.8 2552
3035 智原|半導體業|-7 -9 4|67 67 6 -28|1.1 3824
3036 文曄|電子通路|86 108 58|60 60 -30 -29|0.7 364
3037 欣興|電子零組|7 10 23|85 85 -1 7|1.5 5720
3038 全台|光電業|-20 -22 -4|73 79 -10 -9|0.7 12
3041 揚智|半導體業|37 27 35|63 66 -7 -22|0.5 27
3042 晶技|電子零組|15 21 12|91 91 -0 16|0.6 305
3043 科風|其他電子|-53 -51 -17|56 97 21 3|0.7 11
3044 健鼎|電子零組|20 18 12|87 87 2 15|0.6 820
3045 台灣大|通信網路|11 10 1|91 91 0 7|0.6 960
3046 建碁|電腦及週|37 26 -30|73 84 -6 -11|0.8 14
3047 訊舟|通信網路|100 100 94|90 90 192 161|0.9 1280
3048 益登|電子通路|2 8 7|91 91 103 102|0.3 421
3050 鈺德|光電業|6 8 3|91 91 14 42|1.5 319
3051 力特|光電業|-13 -16 5|73 78 -12 -2|0.6 23
3052 夆典|建材營造|-42 -18 -24|100 100 3 17|1.5 15
3055 蔚華科|電子通路|27 -39 -5|73 73 -4 45|0.2 161
3056 富華新|建材營造|-95 110 108|100 100 10 40|1.2 147
3057 喬鼎|電腦及週|-20 12 15|79 79 18 9|0.4 8
3058 立德|電子零組|-20 -17 1|75 75 -11 -4|0.5 18
3059 華晶科|光電業|-14 -23 8|87 87 2 5|0.2 127
3060 銘異|電腦及週|48 47 14|80 80 8 43|0.2 130
3062 建漢|通信網路|21 15 38|88 88 35 44|0.3 411
3066 李洲|光電業|11 2 12|79 79 6 -20|0.6 5
3071 協禧|電腦及週|7 6 18|72 84 3 8|0.2 19
3073 天方能源|綠能環保|-3 -13 6|78 78 150 220|1.4 59
3078 僑威|電子零組|-31 -28 -64|79 82 -9 -11|1.5 83
3081 聯亞|通信網路|1 9 38|72 72 -4 21|0.9 501
3083 網龍|文化創意|101 62 33|85 85 1 13|0.4 31
3086 華義*|文化創意|9 2 -21|89 90 28 11|0.6 56
3088 艾訊|電腦及週|-28 -11 -3|81 81 8 15|0.5 64
3090 日電貿|電子零組|3 11 -1|92 92 -1 14|0.6 51
3092 鴻碩|電子零組|-12 -2 9|73 86 -6 -11|0.6 5
3093 港建*|其他電子|-64 -55 -14|89 89 2 0|0.4 6
3094 聯傑|半導體業|-36 -39 -4|80 82 8 -7|0.4 73
3095 及成|通信網路|41 51 8|88 88 83 142|1.2 23
3105 穩懋|半導體業|11 28 -4|77 77 -3 -10|1.9 1235
3122 笙泉|半導體業|16 10 2|74 74 13 12|0.1 27
3128 昇銳|光電業|18 13 15|86 97 10 8|1.5 13
3130 一零四|數位雲端|4 9 1|95 95 -3 6|0.3 7
3131 弘塑|半導體業|-2 13 8|96 96 45 132|1.4 1255
3138 耀登|通信網路|14 10 10|74 85 -5 -16|0.6 28
3141 晶宏|半導體業|-22 -4 13|82 85 -0 -3|0.3 55
3147 大綜|資訊服務|-9 -8 -31|81 81 -12 34|1.3 103
3149 正達|光電業|24 17 22|78 78 15 -10|0.4 76
3152 璟德|通信網路|7 13 -7|66 75 -17 -15|0.8 33
3162 精確|電機機械|43 16 2|63 75 -8 -24|0.4 18
3163 波若威|通信網路|-24 -30 -21|96 96 62 97|1.3 3614
3167 大量|電機機械|109 92 59|96 96 17 43|5.1 205
3169 亞信|半導體業|-9 9 19|77 77 -1 -7|0.3 27
3176 基亞|生技醫療|42 75 -14|67 88 1 2|0.3 11
3178 公準|半導體業|-14 -14 -9|67 67 -24 -13|0.3 18
3188 鑫龍騰|建材營造|na na na|100 100 55 218|4.5 131
3189 景碩|半導體業|19 13 26|84 84 17 11|2.7 2790
3202 樺晟|電子零組|17 26 -7|82 82 30 13|0.2 25
3205 佰研|生技醫療|1 2 9|78 88 6 -2|1.0 15
3206 志豐|電子零組|7 7 12|96 96 8 17|0.6 16
3207 耀勝|電子零組|57 36 47|92 92 -5 79|0.6 75
3209 全科|電子通路|26 -7 6|98 98 5 6|2.5 37
3211 順達|電腦及週|-27 -12 1|96 96 15 35|4.4 209
3213 茂訊|電腦及週|-10 8 -8|85 85 -2 22|0.3 33
3217 優群|電子零組|11 12 -14|80 80 -1 -9|0.7 190
3218 大學光|生技醫療|-4 4 -3|64 78 -8 -18|0.7 58
3219 倚強科|其他電子|-11 32 34|67 67 30 13|0.2 10
3221 台嘉碩|通信網路|4 5 12|85 85 2 9|0.5 21
3224 三顧|電子通路|-17 -16 -3|83 83 1 12|0.3 19
3227 原相|半導體業|50 47 -7|93 93 15 11|0.6 434
3228 金麗科|半導體業|99 121 69|49 49 -20 -34|1.5 252
3229 晟鈦|電子零組|3 10 16|80 80 85 84|1.5 15
3230 錦明|光電業|-41 -49 -27|100 100 90 148|1.4 50
3231 緯創|電腦及週|9 17 15|63 76 -12 -12|0.7 3000
3234 光環|通信網路|-4 -5 3|72 72 -15 47|0.3 71
3257 虹冠電|半導體業|-26 -18 -140|62 76 -15 -23|0.8 14
3260 威剛|半導體業|29 47 13|81 81 -11 3|0.3 424
3264 欣銓|半導體業|-7 -3 2|79 79 -6 -8|0.8 246
3265 台星科|半導體業|1 14 4|80 80 -14 -3|0.4 169
3266 昇陽|建材營造|-82 149 -178|90 90 -2 38|0.4 16
3284 太普高|其他|76 55 31|100 100 67 187|2.0 53
3285 微端|其他電子|3 9 14|87 87 16 17|0.4 9
3287 廣寰科|電腦及週|-21 45 -22|71 71 -13 -4|0.1 15
3289 宜特|其他電子|9 8 7|89 89 6 50|0.3 181
3290 東浦|電子零組|12 2 3|90 90 18 25|1.0 46
3293 鈊象|文化創意|33 31 7|90 90 52 91|3.1 2403
3294 英濟|電子零組|19 19 13|57 57 -11 52|0.6 71
3296 勝德|電子零組|25 26 36|81 81 2 10|0.4 32
3297 杭特|光電業|-3 15 -1|74 74 51 53|0.4 43
3303 岱稜|其他電子|20 31 17|100 100 37 69|0.7 47
3305 昇貿|其他電子|32 31 30|93 93 16 14|0.3 119
3306 鼎天|通信網路|-26 -11 -13|83 84 6 12|0.1 42
3308 聯德|電子零組|-100 -81 -56|38 62 3 -25|0.2 5
3312 弘憶股|電子通路|11 22 17|76 76 68 244|0.6 1772
3313 斐成|建材營造|na na na|85 85 13 107|0.5 46
3317 尼克森|半導體業|-4 1 -4|81 92 0 -5|0.4 10
3321 同泰|電子零組|24 32 -2|89 89 26 65|1.3 25
3322 建舜電|電子零組|-5 30 15|75 75 -6 -6|1.1 22
3323 加百裕|電腦及週|-48 -26 7|81 83 10 -4|0.4 15
3324 雙鴻|其他電子|99 65 48|71 71 -16 89|0.8 4148
3325 旭品|電腦及週|-42 -30 -62|64 64 -12 -24|0.5 20
3338 泰碩|電子零組|4 21 14|93 93 20 43|0.5 330
3339 泰谷|光電業|22 43 26|82 82 11 84|0.7 74
3346 麗清|汽車工業|10 27 0|73 77 -5 -17|0.8 49
3354 律勝|電子零組|39 30 13|66 66 -8 -16|0.5 5
3356 奇偶|光電業|-18 -12 -9|87 87 14 51|0.2 91
3357 臺慶科|電子零組|26 25 24|92 92 3 25|0.5 90
3360 尚立|電子通路|-31 -36 11|70 70 8 -10|0.2 9
3362 先進光|光電業|-0 4 -17|84 84 19 33|0.5 564
3363 上詮|通信網路|7 30 31|88 88 31 146|0.2 176
3372 典範|半導體業|9 17 3|78 78 20 46|0.2 47
3374 精材|半導體業|18 16 12|100 100 119 101|1.5 3238
3376 新日興|電子零組|44 50 22|82 82 29 62|1.0 1925
3379 彬台|電機機械|21 130 92|98 98 223 195|0.2 60
3380 明泰|通信網路|-24 -27 5|77 87 4 -13|0.5 76
3390 旭軟|電子零組|40 40 27|82 82 15 18|0.2 19
3402 漢科|其他電子|31 34 16|81 81 1 33|0.5 103
3406 玉晶光|光電業|35 96 47|80 80 17 34|0.7 1432
3413 京鼎|半導體業|20 13 22|81 81 8 51|0.7 789
3416 融程電|電腦及週|-10 9 9|84 84 -10 -6|0.7 35
3419 譁裕|通信網路|25 19 38|94 94 13 8|0.4 18
3430 奇鈦科|化學工業|7 23 18|98 98 19 33|0.6 12
3432 台端|電子零組|133 76 41|84 84 30 61|0.2 6
3437 榮創|光電業|3 10 -11|66 66 -4 -10|0.5 46
3438 類比科|半導體業|14 1 -11|87 87 5 6|0.7 31
3441 聯一光電|光電業|16 3 12|87 92 1 2|0.3 12
3443 創意|半導體業|10 1 6|60 68 -15 -25|1.5 3223
3444 利機|電子通路|10 16 5|80 80 -6 14|1.2 45
3450 聯鈞|半導體業|22 32 30|89 89 106 120|0.7 3402
3454 晶睿|光電業|-28 -34 -4|65 81 -6 -19|1.1 45
3455 由田|光電業|10 4 25|88 88 36 65|0.3 192
3466 德晉|通信網路|-85 -82 -9|80 80 45 239|0.4 86
3479 安勤|電腦及週|5 -3 5|82 82 -11 -11|0.6 44
3481 群創|光電業|-3 4 -8|89 91 13 -9|1.2 2484
3483 力致|電腦及週|11 8 -11|75 75 10 11|0.2 454
3484 崧騰|電子零組|27 24 33|87 87 2 16|0.6 15
3489 森寶|建材營造|94 79 57|100 100 40 117|1.7 22
3490 單井|光電業|8 -1 25|83 83 28 32|0.2 64
3491 昇達科|通信網路|105 76 62|95 95 54 93|1.3 555
3492 長盛|電子零組|-20 6 1|73 73 32 27|1.4 22
3498 陽程|其他電子|-49 -37 16|77 77 52 56|0.7 218
3499 環天科|通信網路|4 41 7|84 88 9 -8|0.3 7
3501 維熹|電子零組|12 16 18|93 93 17 46|0.5 41
3504 揚明光|光電業|-18 -22 5|76 77 3 -19|0.5 22
3508 位速|其他電子|-29 -25 5|88 88 17 5|0.3 7
3511 矽瑪|電子零組|-3 -25 27|83 87 4 -2|0.3 6
3512 皇龍|建材營造|-86 -68 -398|84 84 -14 22|0.3 11
3515 華擎|電腦及週|10 29 6|71 71 1 -7|0.5 116
3516 亞帝歐|光電業|43 26 3|79 79 20 45|0.4 7
3518 柏騰|其他電子|-24 -7 -11|94 99 42 14|5.5 72
3520 華盈|電子零組|38 45 38|84 84 27 7|0.3 63
3522 御嵿|觀光餐旅|56 6 -9|100 100 35 30|5.3 5
3526 凡甲|電子零組|5 32 5|92 92 2 24|1.1 54
3527 聚積|半導體業|28 16 16|76 82 -5 -12|1.0 10
3529 力旺|半導體業|42 30 10|70 70 1 -14|0.8 1118
3530 晶相光|半導體業|39 15 7|70 70 1 -10|0.4 27
3532 台勝科|半導體業|-16 -11 3|84 87 -7 -2|0.5 140
3533 嘉澤|電子零組|19 30 24|85 85 1 52|1.3 1504
3535 晶彩科|光電業|1673 767 626|98 98 245 245|1.0 538
3537 堡達|電子零組|13 2 -11|91 91 53 80|0.4 137
3540 曜越|電腦及週|-15 -13 -24|75 75 4 3|0.2 23
3545 敦泰|半導體業|12 -3 -23|64 78 -2 -15|0.7 180
3546 宇峻|文化創意|17 2 6|96 96 10 17|0.5 23
3548 兆利|電子零組|3 17 -33|61 61 -16 -13|0.6 185
3551 世禾|綠能環保|11 11 11|75 75 -8 7|0.5 34
3552 同致|其他電子|-21 -12 -19|65 74 -13 -24|0.8 28
3556 禾瑞亞|半導體業|-14 -19 -6|80 81 -0 -14|0.6 6
3557 嘉威|居家生活|22 24 11|100 100 9 36|0.5 19
3558 神準|通信網路|-51 -38 -10|54 69 -8 -32|0.5 28
3563 牧德|光電業|-45 -46 -7|72 72 -21 29|1.0 305
3564 其陽|通信網路|33 14 28|72 72 34 97|0.3 117
3567 逸昌|半導體業|-28 -20 -35|78 86 -10 -6|0.5 7
3570 大塚|資訊服務|23 32 21|100 100 14 16|0.5 10
3576 聯合再生|光電業|-40 -52 4|70 85 10 -2|0.3 173
3580 友威科|其他電子|-39 14 26|98 98 93 78|2.6 1087
3581 博磊|半導體業|-14 5 11|74 74 47 45|0.5 61
3583 辛耘|半導體業|58 47 14|93 93 20 99|1.2 2940
3587 閎康|其他電子|6 5 -4|87 87 1 11|0.6 165
3588 通嘉|半導體業|44 43 16|65 65 -12 -10|0.5 67
3591 艾笛森|光電業|53 41 16|83 83 9 5|0.5 48
3592 瑞鼎|半導體業|28 36 -1|76 76 -14 1|0.4 163
3593 力銘|電子零組|21 6 9|89 89 71 90|0.8 10
3594 磐儀|電腦及週|-14 -17 3|83 83 6 6|0.2 81
3596 智易|通信網路|-4 0 -7|75 75 -13 -13|0.5 268
3597 映興|電子零組|-7 -2 27|85 85 6 13|0.9 9
3605 宏致|電子零組|16 19 20|93 93 24 32|0.5 58
3607 谷崧|電子零組|63 31 26|90 90 22 18|0.7 35
3609 三一東林|電子零組|-47 -51 -22|94 94 9 43|0.6 17
3611 鼎翰|電腦及週|-21 -4 -4|78 84 -10 -10|1.0 18
3615 安可|光電業|-16 -4 -9|77 77 14 -10|0.2 35
3617 碩天|其他電子|6 5 2|89 89 -6 41|0.4 161
3622 洋華|光電業|3 19 -22|76 76 13 15|0.2 108
3623 富晶通|光電業|-26 -22 -17|52 60 -5 -36|0.4 9
3624 光頡|電子零組|8 8 16|91 94 6 7|1.3 46
3628 盈正|其他電子|17 4 12|90 90 -4 9|0.6 7
3630 新鉅科|光電業|43 34 -9|77 83 -2 -13|0.7 19
3645 達邁|電子零組|37 34 -13|90 95 4 9|1.2 62
3652 精聯|電腦及週|3 2 5|91 91 63 63|0.6 57
3653 健策|電子零組|14 20 16|86 86 26 56|1.0 1005
3661 世芯-KY|半導體業|101 72 -23|58 58 -9 -34|0.9 7272
3663 鑫科|其他電子|165 101 65|98 98 86 124|4.7 849
3665 貿聯-KY|其他電子|-0 1 6|100 100 87 83|0.9 1707
3666 光耀|光電業|-5 -8 -21|88 88 -4 51|0.3 15
3669 圓展|通信網路|-9 4 6|83 83 4 10|0.3 12
3673 TPK-KY|光電業|47 18 29|85 85 21 26|0.7 690
3675 德微|半導體業|50 40 33|81 81 7 26|1.0 263
3679 新至陞|電子零組|19 11 2|94 94 2 43|1.9 16
3680 家登|半導體業|103 80 47|89 89 25 27|0.7 828
3686 達能|半導體業|1175 502 33|92 92 64 127|1.4 87
3687 歐買尬|數位雲端|6 7 4|80 80 -4 -12|0.2 16
3689 湧德|電子零組|-20 -23 -15|89 89 27 40|0.7 526
3691 碩禾|光電業|311 309 205|73 73 -20 32|0.4 170
3693 營邦|電腦及週|-5 14 -21|61 81 26 -12|0.5 178
3694 海華|通信網路|-10 -6 0|77 77 1 -19|0.2 42
3701 大眾控|電腦及週|-4 8 -2|59 65 -18 -20|0.6 18
3702 大聯大|電子通路|30 33 18|88 88 -3 0|0.7 722
3703 欣陸|建材營造|8 7 -1|90 90 -7 32|0.6 114
3704 合勤控|通信網路|-6 -9 11|64 74 -9 -23|0.5 42
3705 永信|生技醫療|11 17 7|96 96 7 15|0.9 18
3706 神達|電腦及週|58 43 42|78 78 3 2|0.5 512
3707 漢磊|半導體業|-23 -23 -0|73 83 -7 -4|0.9 157
3708 上緯投控|綠能環保|10 12 17|74 74 -26 21|0.5 351
3710 連展投控|電子零組|11 20 3|89 89 12 11|0.6 44
3711 日月光投控|半導體業|0 3 9|79 79 4 12|1.6 3129
3712 永崴投控|電腦及週|109 85 16|88 88 37 39|0.5 477
3713 新晶投控|綠能環保|-80 -41 -6|78 78 18 5|1.1 10
3714 富采|光電業|10 13 7|81 87 -3 -2|0.4 90
3715 定穎投控|電子零組|3 16 na|54 69 -9 -25|2.0 346
4104 佳醫|生技醫療|11 7 0|96 96 -3 7|0.7 11
4105 東洋|生技醫療|9 12 3|90 95 -4 -0|1.3 44
4107 邦特|生技醫療|16 10 7|99 99 9 19|1.0 20
4108 懷特|生技醫療|13 11 -12|81 83 -3 -10|0.8 6
4109 加捷生醫|生技醫療|157 76 29|85 85 26 60|0.7 264
4111 濟生|生技醫療|1 6 9|85 85 5 6|0.2 8
4113 聯上|建材營造|648940 218755 128708|87 87 11 81|1.1 126
4114 健喬|生技醫療|-17 2 -3|99 100 7 10|1.3 53
4119 旭富|生技醫療|105 41 26|90 97 4 -3|0.6 15
4120 友華|生技醫療|-17 -3 1|92 92 17 32|0.3 10
4123 晟德|生技醫療|19 33 -21|86 86 15 9|0.7 327
4126 太醫|生技醫療|-11 -4 3|95 95 -0 6|0.7 9
4127 天良|生技醫療|-39 -24 -10|76 76 -14 145|0.2 15
4128 中天|生技醫療|10 11 6|72 84 -2 -15|2.0 82
4129 聯合|生技醫療|15 22 -0|87 87 -3 -3|0.5 64
4130 健亞|生技醫療|-11 -9 -15|81 88 -3 -9|1.0 5
4137 麗豐-KY|生技醫療|-8 -9 -19|74 74 -14 -20|1.4 26
4142 國光生|生技醫療|90 -8 -24|78 91 1 -9|0.9 29
4147 中裕|生技醫療|36 42 -10|73 74 -4 -1|0.7 52
4153 鈺緯|生技醫療|-17 -2 11|87 87 20 33|0.3 16
4155 訊映|生技醫療|16 50 33|88 96 3 6|0.8 13
4157 太景*-KY|生技醫療|-66 39 -38|85 87 -4 -5|0.4 19
4160 訊聯基因|生技醫療|8 17 -1|73 73 87 156|0.7 229
4162 智擎|生技醫療|29 87 41|80 86 1 -13|0.8 61
4164 承業醫|生技醫療|-13 14 -6|73 77 -11 -16|0.9 24
4167 松瑞藥|生技醫療|-2 65 39|88 88 6 15|0.3 63
4168 醣聯|生技醫療|-100 na na|87 89 11 2|0.6 21
4171 瑞基|農業科技|-46 -20 14|71 82 -0 -12|0.5 6
4174 浩鼎|生技醫療|1 1367 na|67 87 -1 -10|0.9 42
4303 信立|塑膠工業|74 76 82|82 82 -9 153|1.3 132
4306 炎洲|塑膠工業|105 66 42|99 99 11 33|1.0 144
4402 郡都開發|紡織纖維|-79 -24 18|100 100 42 208|1.5 27
4420 光明|紡織纖維|42 24 27|97 97 31 68|0.8 6
4438 廣越|紡織纖維|-4 -14 6|93 94 0 1|0.7 7
4503 金雨|電機機械|-8 36 -24|70 80 -9 6|0.2 18
4506 崇友|電機機械|-30 -10 -13|86 86 -6 31|0.6 8
4510 高鋒|電機機械|7 -10 -10|100 100 115 139|2.7 82
4513 福裕|電機機械|13 -1 5|100 100 70 277|3.1 261
4526 東台|電機機械|-50 -27 -11|81 81 28 57|1.0 196
4532 瑞智|電機機械|21 38 13|100 100 18 57|1.7 96
4533 協易機|電機機械|41 3 15|91 91 27 99|0.2 281
4534 慶騰|電機機械|39 25 18|79 79 103 142|0.5 43
4536 拓凱|運動休閒|-5 -7 19|95 95 3 11|0.9 31
4540 全球傳動|電機機械|-17 -22 4|93 93 10 12|0.9 32
4542 科嶠|電子零組|-63 26 23|78 78 4 40|0.2 43
4543 萬在|電機機械|-28 -10 3|74 74 4 27|0.1 39
4545 銘鈺|電子零組|9 28 34|86 86 80 91|0.7 97
4549 桓達|電機機械|2 2 9|66 66 42 45|0.3 108
4551 智伸科|汽車工業|-1 1 17|66 82 -5 -11|1.3 15
4552 力達-KY|電機機械|-24 -23 -22|73 85 -11 -14|0.8 5
4555 氣立|電機機械|3 2 11|78 78 -16 -15|1.1 13
4557 永新-KY|汽車工業|21 12 -3|82 82 -14 -7|0.5 6
4561 健椿|電機機械|5 31 -1|79 79 42 59|0.2 47
4562 穎漢|電機機械|16 5 10|83 83 206 303|0.5 277
4563 百德|電機機械|-3 35 8|100 100 41 42|2.2 42
4564 元翎|電機機械|-20 -15 14|99 99 21 18|5.2 29
4566 時碩工業|電機機械|22 24 30|81 81 83 82|0.6 1157
4571 鈞興-KY|電機機械|39 48 25|84 84 38 60|0.5 79
4572 駐龍|電機機械|5 -3 -19|83 92 5 8|0.7 31
4576 大銀微系統|電機機械|-5 4 20|88 88 7 27|0.6 33
4580 捷流閥業|電機機械|-14 -16 -8|94 94 7 13|0.2 7
4583 台灣精銳|電機機械|-3 7 12|100 100 27 71|1.3 40
4588 玖鼎電力|其他電子|-11 -20 na|na 72 -7 na|0.3 45
4707 磐亞|化學工業|140 47 40|96 96 13 30|0.5 25
4714 永捷|化學工業|77 71 72|81 81 5 63|0.7 71
4716 大立|化學工業|-3 18 11|89 89 14 59|0.2 27
4720 德淵|化學工業|-2 9 6|100 100 46 62|0.9 43
4721 美琪瑪|化學工業|-25 -11 23|79 84 -3 -9|0.5 30
4722 國精化|化學工業|27 29 7|90 90 22 32|0.4 13
4726 永昕|生技醫療|152 26 27|92 92 27 49|0.7 297
4728 雙美|生技醫療|-10 10 -9|83 83 24 42|0.4 13
4729 熒茂|光電業|-11 -16 9|97 97 25 21|4.6 11
4735 豪展|生技醫療|19 -1 25|100 100 25 10|1.5 8
4736 泰博|生技醫療|-0 -0 29|86 94 3 0|0.5 21
4739 康普|化學工業|-20 -24 9|78 90 4 -6|0.5 26
4743 合一|生技醫療|54 59 7|73 91 6 -4|1.3 430
4746 台耀|生技醫療|-2 13 -1|91 91 10 -9|0.9 185
4755 三福化|化學工業|-11 -4 -4|79 79 -10 0|1.5 37
4760 勤凱科技|其他電子|19 24 -22|80 80 17 87|0.4 109
4763 材料*-KY|化學工業|25 35 -104|72 84 18 6|0.9 1250
4766 南寶|化學工業|9 14 9|89 89 -4 24|0.5 120
4768 晶呈科技|化學工業|21 24 40|78 78 -19 28|0.4 125
4770 上品|化學工業|32 10 20|88 88 -2 24|0.5 111
4771 望隼|生技醫療|6 34 na|na na -21 na|0.6 35
4903 聯光通|通信網路|228 122 101|91 91 76 71|1.2 58
4904 遠傳|通信網路|18 15 4|95 95 4 9|0.6 903
4906 正文|通信網路|34 10 24|96 96 31 26|0.6 709
4907 富宇|建材營造|635919 605115 -50961|100 100 42 146|4.6 27
4908 前鼎|通信網路|-20 20 -13|72 72 -6 1|0.2 127
4909 新復興|通信網路|549 420 221|90 90 51 158|0.6 1010
4912 聯德控股-KY|電子零組|27 47 24|77 77 -20 22|0.4 32
4915 致伸|電子零組|-5 -4 12|82 82 -3 42|1.2 366
4916 事欣科|電腦及週|-18 8 -4|76 86 -0 -5|0.9 42
4919 新唐|半導體業|-18 -7 2|74 84 -10 -14|0.8 290
4927 泰鼎-KY|電子零組|10 0 6|88 100 31 15|0.8 56
4931 新盛力|電腦及週|8 2 39|73 86 -8 -1|1.0 8
4933 友輝|光電業|14 10 -31|97 97 21 29|3.5 52
4934 太極|光電業|-80 -72 -15|58 83 -2 -15|0.5 19
4935 茂林-KY|光電業|2 3 16|90 90 -7 21|0.5 7
4938 和碩|電腦及週|-14 -9 3|87 87 5 25|0.7 935
4939 亞電|電子零組|-2 10 -2|81 81 0 1|0.6 8
4942 嘉彰|光電業|-6 -3 4|97 97 0 8|2.0 14
4945 陞達科技|半導體業|5 -6 -51|66 66 -4 13|0.3 20
4951 精拓科|半導體業|34 33 22|90 90 15 24|0.4 16
4952 凌通|半導體業|34 27 18|79 79 16 14|0.2 61
4953 緯致|資訊服務|17 19 4|75 83 -8 -8|0.6 46
4956 光鋐|光電業|10 15 15|89 89 27 19|0.3 90
4958 臻鼎-KY|電子零組|32 38 31|90 90 23 40|0.9 2626
4960 誠美材|光電業|1 -0 -17|90 90 21 22|0.4 136
4961 天鈺|半導體業|26 16 15|91 93 -4 13|0.5 301
4966 譜瑞-KY|半導體業|28 22 9|59 59 -3 -30|0.6 1179
4967 十銓|半導體業|49 53 -68|70 70 20 58|0.3 937
4968 立積|半導體業|34 37 21|87 87 18 23|1.1 1153
4971 IET-KY|半導體業|-16 24 15|80 80 -15 -5|0.2 6
4973 廣穎電通|半導體業|-9 -4 -4|80 80 -2 20|0.2 20
4974 亞泰|電子零組|25 9 19|93 93 10 22|1.2 31
4976 佳凌|光電業|32 28 32|77 77 9 19|0.3 127
4977 眾達-KY|通信網路|-39 -57 16|85 88 6 7|0.5 114
4979 華星光|通信網路|8 49 -42|54 62 -11 -25|0.6 332
4991 環宇-KY|半導體業|-30 92 52|77 77 26 29|0.7 7
4994 傳奇|資訊服務|-8 -11 -14|77 77 -16 75|0.2 17
4995 晶達|光電業|30 30 20|88 88 40 68|0.4 14
5009 榮剛|鋼鐵工業|-12 -7 -6|90 90 -7 11|0.7 174
5011 久陽|鋼鐵工業|7 7 8|94 96 1 4|0.5 9
5014 建錩|鋼鐵工業|-8 5 9|96 96 25 22|0.4 9
5202 力新|資訊服務|98 23 6|88 88 27 47|0.5 49
5203 訊連|資訊服務|16 19 4|92 92 16 12|1.0 37
5206 坤悅|建材營造|na na na|100 100 41 96|3.0 10
5209 新鼎|其他|5 5 -38|88 88 -5 9|0.7 9
5210 寶碩|資訊服務|-34 -20 -17|37 42 -22 -48|0.3 11
5213 亞昕|建材營造|90 116 -1062|96 96 1 53|2.7 118
5215 科嘉-KY|電腦及週|-9 10 -19|64 78 -5 -14|0.6 5
5222 全訊|半導體業|7 5 -15|89 89 -3 4|0.7 62
5225 東科-KY|其他電子|36 22 12|91 91 9 89|0.7 268
5227 立凱-KY|電子零組|-47 -38 -16|60 76 3 -21|0.5 6
5230 雷笛克光學|光電業|32 33 12|78 78 5 41|0.1 37
5234 達興材料|光電業|-21 -8 -24|81 81 -4 31|1.0 211
5236 凌陽創新|半導體業|-4 1 -47|82 92 18 9|1.0 111
5243 乙盛-KY|光電業|15 1 17|89 89 13 13|0.3 132
5244 弘凱|光電業|-3 10 1|84 90 13 -8|0.7 6
5251 天鉞電|光電業|43 93 60|77 77 -0 63|0.2 22
5258 虹堡|電腦及週|-12 -4 -2|86 87 2 9|0.6 88
5263 智崴|文化創意|33 32 12|97 97 51 67|1.0 161
5269 祥碩|半導體業|6 38 -7|64 64 -14 -9|0.8 1732
5272 笙科|半導體業|-14 10 -10|73 73 -2 -7|0.4 30
5274 信驊|半導體業|123 99 78|84 84 27 44|0.9 1469
5283 禾聯碩|電器電纜|-22 -2 2|91 91 -8 -3|0.6 13
5284 jpp-KY|其他|-17 -16 -20|53 53 -17 -6|0.3 48
5285 界霖|半導體業|-1 1 9|75 92 -3 -4|0.5 9
5287 數字|數位雲端|6 6 -1|96 96 -2 0|1.6 8
5288 豐祥-KY|電機機械|19 9 15|96 96 11 25|0.4 8
5289 宜鼎|電腦及週|21 14 18|87 87 3 -4|0.4 152
5292 華懋|綠能環保|13 14 na|na 91 17 29|0.5 35
5299 杰力|半導體業|16 -4 -10|81 84 7 -11|0.5 16
5302 太欣|半導體業|17 16 -2|81 81 22 16|0.3 9
5306 桂盟|運動休閒|11 11 28|96 97 6 17|1.9 26
5309 系統電|電子零組|6 3 6|99 99 28 26|1.5 396
5310 天剛|資訊服務|-89 -81 -376|95 95 26 128|2.1 15
5312 寶島科|生技醫療|2 3 -4|92 92 -2 19|0.4 6
5314 世紀*|其他|1700 na na|46 46 -26 30|0.4 31
5324 士開|建材營造|13 19 -18|92 92 -3 39|0.9 10
5328 華容|電子零組|-40 -28 -7|86 86 14 8|0.5 101
5340 建榮|電子零組|84 83 40|62 73 -12 -18|0.2 46
5347 世界|半導體業|31 13 9|86 86 32 60|0.7 1769
5351 鈺創|半導體業|62 38 23|75 79 -11 -16|0.5 112
5353 台林|通信網路|-18 -16 -8|80 80 4 -1|0.2 5
5355 佳總|電子零組|25 6 9|91 91 15 17|0.3 7
5356 協益|電腦及週|51 31 19|96 96 8 28|0.4 16
5364 力麗店|觀光餐旅|-22 -28 -31|100 100 57 46|5.2 9
5371 中光電|光電業|1 4 11|65 65 -15 11|0.3 362
5381 光譜|電機機械|0 -5 -293|79 79 -9 11|0.5 37
5386 青雲|電腦及週|-19 -12 -32|78 78 2 40|0.4 37
5388 中磊|通信網路|-13 -13 -3|79 79 -6 -8|0.7 337
5392 能率|光電業|-2 7 4|81 81 30 47|0.2 80
5403 中菲|資訊服務|34 14 0|87 87 -4 2|0.3 12
5410 國眾|資訊服務|-25 20 32|94 94 7 16|0.6 13
5425 台半|半導體業|-17 -4 5|70 80 -6 -17|1.1 136
5426 振發|電腦及週|11 5 27|76 76 1 -23|0.2 133
5432 新門|綠能環保|-28 -34 -40|89 89 89 113|0.4 217
5434 崇越|電子通路|12 14 16|93 93 9 48|0.6 265
5439 高技|電子零組|-12 -9 -22|61 73 0 -12|0.5 159
5443 均豪|半導體業|42 38 34|95 95 91 206|2.7 3214
5452 佶優|其他電子|10 8 6|83 83 56 58|0.5 249
5457 宣德|電子零組|7 15 10|75 75 -14 -12|0.4 25
5465 富驊|電腦及週|-42 -28 -33|66 67 -16 -20|0.6 10
5469 瀚宇博|電子零組|0 -4 4|77 77 -5 -9|0.6 211
5471 松翰|半導體業|3 10 -2|85 90 -3 -9|0.7 23
5474 聰泰|電腦及週|-16 17 -1|78 78 30 33|0.5 217
5475 德宏|電子零組|-3 22 38|83 83 43 22|0.3 17
5478 智冠|文化創意|5 5 4|69 85 -12 -6|0.5 33
5483 中美晶|半導體業|-5 -2 2|85 85 3 6|1.0 950
5484 慧友|光電業|118 94 79|70 70 211 208|0.7 67
5488 松普|電子零組|-22 -33 9|69 69 3 0|0.3 8
5490 同亨|電腦及週|171 124 55|82 82 11 25|0.2 20
5493 三聯|其他電子|35 27 12|79 79 -9 60|0.1 26
5498 凱崴|電子零組|19 30 30|85 85 14 30|0.2 55
5508 永信建|建材營造|38 72 -226|97 97 36 239|1.2 865
5511 德昌|建材營造|-8 -16 -25|74 80 -14 -10|0.4 23
5512 力麒|建材營造|-72 -43 -52|95 95 3 48|1.2 130
5515 建國|建材營造|53 39 34|85 85 -3 42|2.0 48
5519 隆大|建材營造|-2 -15 -252|100 100 17 109|1.7 244
5521 工信|建材營造|35 21 -8|87 88 -8 3|1.4 64
5522 遠雄|建材營造|141 967 732|92 92 2 57|0.7 229
5525 順天|建材營造|420 110 -173|100 100 15 68|3.2 10
5529 鉅陞|建材營造|-6 -7 -42|95 95 12 90|1.6 30
5530 龍巖|其他|-18 -6 -13|91 91 19 36|0.5 55
5531 鄉林|建材營造|-13 -29 -56|85 85 -13 16|0.8 29
5533 皇鼎|建材營造|-50 -76 -206|88 88 -12 6|1.1 17
5534 長虹|建材營造|586 335 -147|100 100 7 94|1.5 418
5536 聖暉*|其他電子|32 20 24|92 92 21 38|0.5 116
5603 陸海|航運業|8 21 26|97 97 22 23|0.5 12
5607 遠雄港|航運業|24 22 14|88 88 -2 2|0.9 73
5608 四維航|航運業|-1 -7 19|80 80 -0 0|0.1 41
5609 中菲行|航運業|45 28 38|94 94 1 10|0.3 20
5706 鳳凰|觀光餐旅|16 69 -713|79 82 -13 -1|0.2 52
5864 致和證|金融業|-47 -32 22|77 94 -5 30|0.5 18
5871 中租-KY|其他|5 7 -2|79 89 -8 -10|0.5 1240
5876 上海商銀|金融保險|7 4 1|89 89 -9 -4|1.0 502
5880 合庫金|金融保險|1 5 -3|98 100 2 6|0.9 312
5903 全家|居家生活|4 6 -2|91 98 2 3|1.1 10
5904 寶雅|居家生活|9 7 -4|96 98 8 4|0.8 103
5905 南仁湖|觀光餐旅|-4 -4 0|100 100 46 43|1.4 47
6005 群益證|金融保險|50 59 1|88 88 -12 47|0.6 361
6015 宏遠證|金融業|-7 47 -52|92 92 -8 22|0.7 34
6016 康和證|金融業|-30 203 443|89 89 -2 21|0.9 48
6021 美好證|金融業|87 55 -51|79 79 17 54|1.1 12
6023 元大期貨|金融業|29 41 32|92 92 7 52|0.5 18
6024 群益期|金融保險|4 64 49|93 93 -1 17|0.8 23
6026 福邦證|金融業|232 -84 -725|88 88 -7 18|0.6 36
6101 寬魚國際|文化創意|199 680 -103853|95 95 -3 12|1.1 7
6104 創惟|半導體業|21 16 -3|69 74 -3 -11|0.7 86
6108 競國|電子零組|-10 -10 -3|78 78 -7 -16|0.5 6
6111 光聚晶電|文化創意|32 22 -59|78 84 -8 -15|0.4 60
6112 邁達特|資訊服務|-15 -11 -15|80 84 7 -10|0.4 97
6113 亞矽|電子通路|-28 -40 -7|62 62 -15 -17|0.3 9
6115 鎰勝|電子零組|24 26 21|92 92 -1 19|0.7 12
6117 迎廣|電腦及週|23 44 10|76 76 45 65|0.4 655
6118 建達|電子通路|19 10 11|77 90 3 -7|0.6 7
6120 達運|光電業|-1 16 -43|76 78 -7 -9|0.5 55
6121 新普|電腦及週|-7 -4 3|68 68 -12 -5|1.3 413
6122 擎邦|電機機械|-12 -19 -84|73 78 -8 -9|0.4 23
6123 上奇|資訊服務|-0 9 7|83 83 -10 -5|0.8 7
6125 廣運|電機機械|-72 -55 -22|79 79 19 87|0.5 1307
6126 信音|電子零組|11 10 11|94 94 22 23|1.3 271
6127 九豪|電子零組|25 17 -6|87 87 22 15|0.7 162
6128 上福|電腦及週|-2 6 5|87 87 -6 13|0.5 7
6129 普誠|半導體業|-21 -25 2|74 80 -2 -18|0.7 17
6130 上亞科技|生技醫療|62 6 -91|96 96 25 29|0.9 7
6133 金橋|電子零組|56 43 51|86 86 52 37|1.3 31
6134 萬旭|電子零組|46 45 52|82 82 5 7|0.4 8
6136 富爾特|通信網路|2 -6 -5|90 90 2 6|0.7 6
6138 茂達|半導體業|11 11 -17|77 77 -13 -12|0.6 99
6139 亞翔|其他電子|57 94 -7|65 65 -7 48|0.5 1615
6140 訊達電腦|資訊服務|-42 9 18|63 68 9 -35|0.2 21
6142 友勁|通信網路|-46 -65 5|89 89 13 8|0.5 13
6143 振曜|通信網路|11 20 22|86 86 -0 40|0.4 139
6146 耕興|其他電子|0 -3 3|84 84 -3 5|0.5 82
6147 頎邦|半導體業|-5 -6 0|86 86 -12 -6|1.0 332
6148 驊宏資|資訊服務|47 -33 -53|62 77 -13 -18|0.6 6
6150 撼訊|電腦及週|6 6 -45|67 76 0 -11|1.3 34
6151 晉倫|其他電子|20 31 26|87 87 19 24|1.5 46
6152 百一|通信網路|21 37 66|84 84 61 47|0.6 70
6153 嘉聯益|電子零組|-17 -29 2|93 93 20 14|0.6 112
6155 鈞寶|電子零組|14 1 21|88 88 7 8|0.6 16
6156 松上|電子零組|32 35 33|98 99 19 10|0.9 28
6160 欣技|電腦及週|-18 -6 11|78 78 30 28|0.2 30
6161 捷波|電腦及週|16 16 14|80 80 23 31|0.1 28
6163 華電網|資訊服務|10 74 70|93 93 24 32|0.7 115
6164 華興|光電業|17 17 13|83 83 4 16|0.4 19
6165 浪凡|數位雲端|2 4 7|68 68 -9 -2|0.4 12
6166 凌華|電腦及週|-24 -13 3|88 88 21 24|0.3 69
6167 久正|光電業|-61 -57 -19|80 80 -1 -9|0.4 9
6168 宏齊|光電業|1 5 7|78 78 -4 -11|0.3 16
6170 統振|通信網路|35 36 6|85 88 -3 0|0.5 33
6171 大城地產|建材營造|-100 12394 na|100 100 24 110|1.1 6
6173 信昌電|電子零組|4 0 -3|89 89 10 16|0.4 72
6175 立敦|電子零組|11 15 4|97 97 12 24|1.5 45
6176 瑞儀|光電業|14 2 12|83 83 -13 31|1.0 652
6177 達麗|建材營造|873 1244 -538|99 99 6 113|1.9 599
6179 亞通|其他|-13 -8 -14|85 85 -1 -4|0.4 108
6180 橘子|文化創意|19 16 16|91 91 2 9|0.6 84
6182 合晶|半導體業|-6 -12 12|79 90 -2 -8|0.5 101
6186 新潤|建材營造|108 57001 na|100 100 17 98|0.7 88
6187 萬潤|半導體業|433 357 214|81 81 18 61|1.5 783
6188 廣明|電腦及週|-25 -19 -3|83 83 18 37|0.3 479
6189 豐藝|電子通路|26 43 -1|87 87 7 65|0.4 331
6190 萬泰科|通信網路|45 25 26|85 85 5 25|0.2 92
6191 精成科|電子零組|1 -4 -0|84 84 -13 0|0.6 191
6192 巨路|其他電子|5 5 -3|92 92 2 39|0.5 21
6194 育富|電子零組|9 12 0|86 91 8 0|0.6 5
6196 帆宣|其他電子|9 13 8|90 90 0 9|0.6 191
6197 佳必琪|電子零組|59 65 29|86 86 17 114|0.5 478
6198 瑞築|建材營造|-98 -99 na|93 93 -6 134|1.4 6
6202 盛群|半導體業|-3 -5 34|78 84 -10 -13|0.8 59
6203 海韻電|電子零組|-46 -35 -43|73 84 -2 -11|0.4 8
6204 艾華|電子零組|-18 9 -9|87 87 10 16|1.0 62
6205 詮欣|電子零組|65 46 62|81 81 -3 -13|0.7 37
6206 飛捷|電腦及週|9 35 27|89 89 5 34|0.4 47
6207 雷科|電子零組|29 67 39|79 79 -7 106|0.2 194
6208 日揚|半導體業|-9 -14 -11|77 77 -17 -1|0.5 13
6209 今國光|光電業|-25 -12 7|82 82 13 9|0.1 33
6213 聯茂|電子零組|48 41 30|69 69 -12 13|0.7 858
6214 精誠|資訊服務|5 7 -3|89 89 -2 10|0.8 109
6215 和椿|其他電子|64 39 43|96 96 52 148|0.5 342
6216 居易|通信網路|76 66 4|91 91 28 57|0.4 60
6217 中探針|電子零組|-6 8 14|84 84 -0 15|0.4 106
6218 豪勉|通信網路|-45 7 3|76 77 9 18|1.4 41
6219 富旺|建材營造|-99 5387 2701|100 100 21 67|2.6 92
6223 旺矽|半導體業|29 19 4|87 87 41 115|0.9 2047
6224 聚鼎|電子零組|-6 -6 -3|95 95 5 9|0.8 15
6226 光鼎|光電業|-1 5 0|86 86 6 -4|0.5 6
6227 茂綸|電子通路|4 -10 6|82 82 18 79|0.2 63
6228 全譜|電腦及週|288 158 102|100 100 250 200|2.2 15
6229 研通|半導體業|60 95 76|84 84 13 -1|0.3 35
6230 尼得科超眾|電腦及週|-20 -26 2|71 71 -17 101|0.1 76
6231 系微|資訊服務|39 27 13|78 78 104 97|0.9 440
6233 旺玖|半導體業|16 3 13|68 68 -9 -19|0.5 16
6234 高僑|光電業|-72 -56 -54|82 84 3 10|0.2 15
6235 華孚|電腦及週|6 15 -9|51 69 -16 -21|0.6 154
6237 驊訊|半導體業|-15 -22 -2|66 66 -4 -26|0.4 18
6239 力成|半導體業|10 14 9|80 80 -5 11|1.8 1259
6243 迅杰|半導體業|-21 -25 -32|64 65 -5 -24|0.4 25
6244 茂迪|光電業|-3 -4 24|84 84 11 12|0.3 228
6245 立端|通信網路|-12 -24 4|79 83 1 -15|0.5 62
6248 沛波|鋼鐵工業|21 23 9|92 92 -6 19|0.6 9
6257 矽格|半導體業|14 23 17|93 93 -0 14|0.9 320
6261 久元|半導體業|6 31 19|89 89 -1 15|0.5 36
6263 普萊德|通信網路|-16 0 -1|86 86 11 17|0.4 53
6264 富裔|建材營造|137 5 46|92 92 7 108|0.7 16
6265 方土昶|電子通路|-25 7 20|82 82 8 4|0.2 11
6266 泰詠|電子零組|-2 -18 0|94 94 -2 5|0.6 8
6269 台郡|電子零組|-16 -7 13|94 94 -2 10|0.4 325
6270 倍微|電子通路|-3 -2 26|80 80 31 12|0.3 92
6271 同欣電|半導體業|12 8 13|84 88 -6 -5|0.9 351
6274 台燿|電子零組|61 52 34|88 88 -8 34|1.0 1077
6275 元山|電子零組|-12 2 -7|77 77 -15 34|0.2 31
6276 安鈦克|電腦及週|2 0 -6|40 60 -14 -40|0.4 6
6277 宏正|電腦及週|-7 -2 8|97 97 2 3|0.9 7
6278 台表科|光電業|-12 -5 5|91 91 7 36|0.7 652
6279 胡連|電子零組|26 26 11|95 95 5 7|0.7 55
6282 康舒|電子零組|74 60 13|66 84 -5 -5|0.5 215
6283 淳安|其他電子|-26 0 -10|80 80 -19 13|0.3 14
6284 佳邦|電子零組|12 14 -2|85 85 -1 15|0.5 425
6285 啟碁|通信網路|7 16 9|83 83 -8 -2|0.6 481
6288 聯嘉|汽車工業|36 38 10|76 76 -13 -9|0.6 44
6290 良維|電子零組|2 8 2|82 82 12 34|0.3 343
6292 迅德|電子零組|-23 -15 6|83 83 -8 15|0.2 12
6405 悅城|光電業|-34 -22 9|87 88 9 3|0.3 8
6409 旭隼|其他電子|54 27 33|97 97 28 44|1.2 217
6411 晶焱|半導體業|-3 -7 -26|74 82 -4 -14|0.7 46
6412 群電|電子零組|-0 -4 1|78 78 -9 -5|1.0 113
6414 樺漢|電腦及週|21 25 14|87 87 1 21|0.9 522
6415 矽力*-KY|半導體業|24 29 28|87 87 13 14|1.0 1392
6416 瑞祺電通|通信網路|33 10 24|90 90 20 25|0.5 115
6417 韋僑|通信網路|-18 -7 -3|68 88 3 3|0.2 11
6419 京晨科|光電業|214 205 -20|87 87 109 260|0.9 77
6425 易發|電機機械|-41 204 122|68 68 -27 80|0.5 95
6426 統新|通信網路|1 12 14|70 79 -4 -7|0.4 11
6432 今展科|電子零組|-7 0 -8|88 96 -0 2|0.5 7
6435 大中|半導體業|-2 -5 -25|86 86 2 -5|0.4 20
6438 迅得|其他電子|-22 -23 -5|86 86 -2 13|0.4 263
6441 廣錠|電腦及週|-21 -34 -15|69 84 3 -16|0.3 5
6442 光聖|通信網路|121 105 75|90 90 183 553|0.2 1117
6443 元晶|光電業|-23 -40 -6|85 85 3 -1|0.3 353
6446 藥華藥|生技醫療|67 84 -2|100 100 118 115|1.1 2799
6449 鈺邦|電子零組|21 16 -17|84 84 27 139|0.6 582
6451 訊芯-KY|半導體業|9 1 16|83 83 25 32|0.6 1056
6456 GIS-KY|光電業|-13 -21 7|89 89 3 1|0.5 98
6457 紘康|半導體業|33 53 11|77 81 15 -8|0.4 17
6461 益得|生技醫療|-79 -43 -267|87 89 2 -3|1.0 7
6462 神盾|半導體業|13 12 -7|77 77 12 26|1.5 2287
6469 大樹|生技醫療|4 4 -5|64 72 -13 -28|0.8 68
6470 宇智|通信網路|-18 -27 -2|69 89 0 -8|0.5 9
6472 保瑞|生技醫療|48 61 49|87 87 12 23|0.6 1883
6477 安集|光電業|-46 -54 7|81 81 4 2|0.4 134
6485 點序|半導體業|-30 -28 -12|56 72 -13 -27|0.9 13
6486 互動|通信網路|43 35 6|91 91 -5 21|1.1 31
6488 環球晶|半導體業|-15 -14 -3|84 85 -1 -11|1.1 1173
6491 晶碩|生技醫療|-8 1 -8|84 84 -10 19|0.8 295
6492 生華科|生技醫療|0 0 0|89 89 33 19|0.6 26
6505 台塑化|油電燃氣|5 7 13|77 86 -8 -11|0.9 249
6509 聚和|化學工業|14 8 15|96 96 15 16|0.6 54
6510 精測|半導體業|3 -3 16|78 81 -2 -14|1.7 54
6515 穎崴|半導體業|13 32 45|95 95 18 34|1.0 636
6517 保勝光學|光電業|8 -7 6|70 76 -5 -13|0.5 12
6523 達爾膚|生技醫療|-9 13 -12|83 83 -12 9|0.4 14
6525 捷敏-KY|半導體業|14 9 12|96 96 4 9|0.4 9
6526 達發|半導體業|34 40 na|na 77 -7 9|0.6 584
6530 創威|通信網路|3 2 -2|79 79 -5 9|0.3 54
6531 愛普*|半導體業|0 -13 -22|61 64 -13 -32|0.9 1217
6532 瑞耘|半導體業|40 8 5|83 83 14 24|0.5 54
6533 晶心科|半導體業|-19 55 27|69 69 -1 -19|0.6 206
6535 順藥|生技醫療|-61 -29 -635|93 93 32 84|0.9 130
6538 倉和|電子零組|18 44 -6|75 75 -7 14|0.2 125
6541 泰福-KY|生技醫療|-31 10 -271|73 74 21 -16|0.4 23
6546 正基|通信網路|-4 8 6|96 96 43 42|0.8 617
6547 高端疫苗|生技醫療|na na na|61 72 -12 -23|0.9 55
6548 長科*|半導體業|7 -1 9|92 92 1 24|0.8 93
6550 北極星藥業-KY|生技醫療|569 2286 na|73 86 -7 -8|0.6 85
6552 易華電|半導體業|22 29 -1|75 75 -7 39|0.1 25
6556 勝品|光電業|-4 2 15|85 85 21 24|0.2 7
6560 欣普羅|光電業|-69 -60 -3|72 72 37 28|0.3 7
6561 是方|通信網路|24 13 6|100 100 24 38|2.4 86
6568 宏觀|半導體業|-6 12 30|75 79 -7 -12|1.0 12
6569 醫揚|生技醫療|-16 -17 -9|94 94 54 59|1.5 117
6570 維田|電腦及週|-18 -12 7|82 82 9 21|0.6 72
6576 逸達|生技醫療|-15 15810 9021|75 75 -15 -14|0.8 24
6577 勁豐|電腦及週|-6 -17 -33|91 91 23 80|2.4 56
6578 達邦蛋白|農業科技|-32 -1 0|76 76 -12 18|0.3 17
6579 研揚|電腦及週|-11 -5 0|72 88 9 6|0.3 75
6581 鋼聯|綠能環保|51 17 15|98 98 12 30|0.6 7
6582 申豐|橡膠工業|188 102 84|86 86 26 19|0.6 23
6584 南俊國際|電子零組|62 71 51|83 83 3 95|0.2 129
6585 鼎基|其他|28 35 9|80 80 -10 41|0.8 113
6589 台康生技|生技醫療|16 80 68|81 92 11 -7|0.5 97
6591 動力-KY|電腦及週|-16 2 -13|76 76 -7 7|0.2 11
6592 和潤企業|其他|8 11 -9|70 83 -15 -14|0.6 88
6593 台灣銘板|資訊服務|-1 -4 -40|45 51 -31 -41|0.5 12
6596 寬宏藝術|文化創意|652 237 92|82 82 -13 47|0.4 10
6598 ABC-KY|生技醫療|63 33 25|82 82 37 20|0.6 14
6603 富強鑫|電機機械|56 28 19|95 95 16 27|1.5 70
6605 帝寶|汽車工業|11 13 6|100 100 39 86|0.7 236
6609 瀧澤科|電機機械|9 3 30|95 95 40 60|0.3 16
6612 奈米醫材|生技醫療|50 19 5|93 93 36 48|0.6 34
6613 朋億*|其他電子|-33 -3 -14|75 75 -17 24|0.6 20
6615 慧智|生技醫療|4 3 2|74 74 24 34|0.4 25
6625 必應|其他|-31 29 -74|75 85 -10 -4|0.6 25
6629 泰金-KY|居家生活|15 27 -3|100 100 40 132|0.6 5
6640 均華|半導體業|221 113 34|94 94 109 387|2.6 1077
6642 富致|電子零組|32 31 18|92 92 0 50|0.7 5
6643 M31|半導體業|28 23 5|70 70 16 -9|1.0 2091
6651 全宇昕|半導體業|-7 -3 9|86 86 2 -5|0.5 5
6658 聯策|其他電子|5 61 na|na 82 63 49|1.5 77
6661 威健生技|生技醫療|-13 -1 -16|83 83 34 35|1.9 13
6664 群翊|電子零組|9 5 0|89 89 47 85|0.5 191
6667 信紘科|其他電子|49 30 20|84 84 25 73|0.4 265
6668 中揚光|光電業|-11 -12 -2|71 71 -26 15|0.3 51
6669 緯穎|電腦及週|36 39 45|72 72 -5 4|2.0 4602
6670 復盛應用|運動休閒|29 22 34|95 95 13 39|0.7 114
6672 騰輝電子-KY|電子零組|-9 -9 -3|72 75 -13 -19|0.7 19
6679 鈺太|半導體業|23 31 -5|69 69 -7 -23|0.6 180
6683 雍智科技|半導體業|12 14 15|85 85 32 39|0.4 221
6684 安格|半導體業|4 15 -76|65 65 -2 -11|1.0 149
6689 伊雲谷|數位雲端|42 29 6|78 88 10 -5|0.5 75
6690 安碁資訊|數位雲端|20 18 2|85 85 31 27|1.4 94
6691 洋基工程|其他電子|-27 -25 -13|72 72 -15 1|0.9 173
6692 進能服|綠能環保|8 2 na|na na 88 na|1.1 18
6693 廣閎科|半導體業|10 -2 7|94 96 13 12|1.5 9
6695 芯鼎|半導體業|-10 -23 -26|72 72 31 -19|0.6 254
6698 旭暉應材|其他電子|-42 -31 -13|75 75 30 23|0.7 50
6703 軒郁|生技醫療|27 53 -20|86 86 -3 -0|1.1 29
6706 惠特|光電業|-67 -58 -6|93 93 135 92|0.9 527
6712 長聖|生技醫療|8 12 -20|92 92 8 12|0.5 127
6715 嘉基|電子零組|10 -2 17|83 83 13 17|0.9 60
6716 應廣|半導體業|39 33 -42|76 84 10 4|0.4 9
6719 力智|半導體業|37 16 25|82 83 -1 -1|0.5 205
6727 亞泰金屬|電子零組|17 23 19|93 93 3 14|0.5 11
6732 昇佳電子|半導體業|-4 1 -45|58 65 -13 -28|0.6 52
6733 博晟生醫|生技醫療|76 85 -99|85 88 -2 -8|0.5 8
6735 美達科技|其他電子|38 164 45|66 66 -15 20|0.3 8
6741 91APP*-KY|數位雲端|18 18 6|79 90 4 -7|0.6 28
6742 澤米|光電業|43 61 na|na 69 -19 7|0.3 23
6743 安普新|其他電子|110 75 53|89 89 5 26|0.5 36
6752 叡揚|資訊服務|13 7 0|68 79 -12 -17|0.6 7
6753 龍德造船|航運業|20 32 13|81 81 14 61|0.3 334
6756 威鋒電子|半導體業|-11 -16 -14|64 67 -5 -28|0.7 28
6757 台灣虎航|航運業|30 38 -717|na 82 49 89|0.6 87
6761 穩得|電子零組|24 23 18|87 87 4 43|0.4 27
6763 綠界科技*|數位雲端|-1 1 -0|86 86 9 -12|0.2 10
6768 志強-KY|運動休閒|39 30 32|100 100 20 59|2.4 37
6770 力積電|半導體業|8 1 19|77 85 -6 -15|0.4 380
6776 展碁國際|電子通路|10 1 -1|87 87 -7 4|2.3 8
6781 AES-KY|電子零組|-5 -8 17|72 73 -15 -18|1.5 85
6782 視陽|生技醫療|58 72 41|88 88 5 6|0.5 151
6785 昱展新藥|生技醫療|na na na|na 45 -22 -17|0.6 62
6788 華景電|半導體業|99 106 77|90 90 60 74|0.8 351
6789 采鈺|半導體業|39 27 16|90 90 24 23|0.5 715
6790 永豐實|造紙工業|12 9 5|89 89 -11 21|0.5 19
6796 晉弘|生技醫療|5 -15 -7|65 89 12 -10|0.6 16
6799 來頡|半導體業|-7 -6 -6|61 61 -11 -29|0.5 45
6803 崑鼎|綠能環保|0 9 3|95 98 -1 3|1.5 29
6805 富世達|電子零組|27 22 na|na 87 2 58|1.1 999
6806 森崴能源|綠能環保|178 131 -92|86 86 21 45|1.0 2561
6807 峰源-KY|居家生活|31 35 20|100 100 41 84|1.3 9
6811 宏碁資訊|數位雲端|2 9 3|71 81 7 4|1.0 158
6829 千附精密|半導體業|-7 20 19|73 82 4 9|2.4 164
6830 汎銓|其他電子|2 1 -3|75 90 5 0|1.4 41
6834 天二科技|電子零組|30 46 25|85 85 63 76|0.2 91
6835 圓裕|電子零組|2 21 19|82 82 -12 0|0.4 8
6841 長佳智能|生技醫療|357 480 202|70 83 16 11|0.5 150
6861 睿生光電|生技醫療|7 13 13|56 85 4 -11|1.0 7
6863 永道-KY|通信網路|99 104 42|97 97 63 60|0.5 112
6869 雲豹能源|綠能環保|-65 -12 -12|70 70 46 92|3.1 480
6870 騰雲|數位雲端|10 7 na|na 91 65 53|0.7 39
6873 泓德能源|綠能環保|49 -21 -40|84 84 30 61|1.3 236
6874 倍力|資訊服務|-47 46 3|65 79 -4 -15|0.3 6
6875 國邑*|生技醫療|na na na|na na -18 na|1.1 17
6877 鏵友益|其他電子|31 231 135|96 96 86 80|0.9 36
6894 衛司特|綠能環保|40 36 na|na 81 -14 13|0.5 15
6895 宏碩系統|半導體業|-33 -19 na|na 85 142 134|1.8 63
6901 鑽石投資|其他|89 69 na|na 91 4 -5|0.6 183
6906 現觀科|數位雲端|27 47 na|na 64 4 -31|0.3 9
6914 阜爾運通|其他|5 13 na|na na -25 na|0.2 20
6922 宸曜|電腦及週|34 44 na|na 83 46 64|0.2 42
6933 AMAX-KY|電腦及週|-28 0 na|na 72 -22 17|0.3 58
6937 天虹|半導體業|163 47 na|na 88 31 40|1.3 230
7402 邑錡|光電業|0 -19 -22|69 69 -28 20|0.3 32
8011 台通|通信網路|109 99 34|90 90 38 34|0.8 216
8016 矽創|半導體業|2 -1 -11|77 77 -10 -10|0.9 243
8021 尖點|其他電子|41 46 34|96 96 20 27|1.3 101
8027 鈦昇|電機機械|35 86 85|77 77 18 26|0.3 268
8028 昇陽半導體|半導體業|-6 -11 -1|94 94 124 136|1.8 2999
8033 雷虎|其他|19 43 38|83 83 -9 32|0.7 102
8034 榮群|通信網路|3 -26 -115|69 75 -5 -18|0.5 6
8038 長園科|電子零組|-90 -90 -29|57 83 -7 -17|0.7 5
8039 台虹|電子零組|41 39 12|89 89 9 17|0.7 160
8040 九暘|半導體業|24 6 38|75 75 4 56|0.2 46
8043 蜜望實|電子零組|-15 -10 4|95 97 9 -1|6.7 6
8044 網家|數位雲端|-5 -6 -1|69 74 0 -24|0.5 16
8046 南電|電子零組|-11 -19 18|62 74 -8 -25|1.0 704
8048 德勝|通信網路|-57 -55 -78|62 84 -15 -3|0.2 19
8049 晶采|光電業|-51 -48 -13|95 95 1 8|2.0 10
8050 廣積|電腦及週|-12 -11 13|76 93 1 -5|0.5 100
8054 安國|半導體業|35 28 -2|93 93 23 34|2.6 3298
8059 凱碩|通信網路|11 25 70|79 79 33 14|0.3 15
8064 東捷|光電業|39 -7 18|100 100 111 212|1.7 1810
8068 全達|電子通路|-30 15 -7|68 82 -6 -15|0.5 18
8069 元太|光電業|19 6 22|99 99 27 28|1.3 1432
8070 長華*|電子通路|9 2 13|83 83 1 32|0.3 105
8071 能率網通|電子零組|-9 3 10|81 81 48 49|0.2 57
8072 陞泰|電子通路|-21 -23 -18|93 93 14 15|0.5 7
8076 伍豐|電腦及週|10 -2 -7|93 93 16 14|0.5 170
8081 致新|半導體業|-6 -1 -11|79 79 -14 4|0.5 146
8083 瑞穎|電機機械|27 78 40|95 95 -3 23|1.6 12
8084 巨虹|電子通路|11 -3 23|76 76 7 -9|0.4 39
8085 福華|其他電子|-9 -25 4|50 50 -27 -15|0.3 209
8086 宏捷科|半導體業|102 166 0|70 70 -19 -5|0.7 357
8087 麗升能源|綠能環保|172 330 -2161|77 79 -17 11|0.5 7
8088 品安|半導體業|-55 -42 -17|76 76 -21 -13|0.3 17
8089 康全電訊|通信網路|367 510 397|93 93 57 103|0.2 91
8091 翔名|半導體業|12 10 11|90 90 27 79|0.8 62
8092 建暐|其他電子|-65 -15 -5|79 79 5 89|0.2 12
8093 保銳|電子零組|-62 -42 -18|77 77 51 41|0.2 8
8096 擎亞|電子通路|-14 18 -37|93 93 19 75|0.6 335
8097 常珵|通信網路|-45 2697 2079|91 91 -1 6|0.6 16
8099 大世科|資訊服務|-10 -4 1|68 68 28 66|0.4 142
8103 瀚荃|電子零組|10 6 8|90 90 59 60|0.7 181
8104 錸寶|光電業|-20 -7 4|75 75 31 25|1.0 156
8105 凌巨|光電業|-15 -19 -2|84 84 51 42|0.6 299
8107 大億金茂|電機機械|71 41 40|86 86 43 34|0.3 16
8110 華東|半導體業|9 9 16|83 83 5 17|0.2 79
8111 立碁|光電業|11 2 6|88 88 3 13|0.4 12
8112 至上|電子通路|97 86 21|82 82 -17 32|0.5 427
8114 振樺電|電腦及週|47 24 31|97 97 62 68|0.6 167
8121 越峰|電子零組|26 35 30|85 85 14 77|0.3 29
8131 福懋科|半導體業|12 24 31|92 96 4 0|0.8 15
8147 正淩|電子零組|43 27 12|86 86 26 76|0.7 264
8150 南茂|半導體業|7 7 -7|79 79 -11 -5|0.6 88
8155 博智|電子零組|44 41 33|82 88 1 -4|0.3 47
8163 達方|電腦及週|-27 -24 -10|79 79 -16 10|0.3 68
8171 天宇|綠能環保|195 65 70|85 90 -2 -2|0.7 10
8176 智捷|通信網路|17 -0 -29|84 88 7 9|0.5 7
8182 加高|電子零組|6 8 -6|88 88 3 13|0.6 5
8183 精星|其他電子|5 1 6|70 81 -7 -16|1.2 12
8210 勤誠|電腦及週|60 44 -1|84 84 4 0|0.6 708
8213 志超|電子零組|-18 -6 -6|81 84 -5 -9|0.9 25
8215 明基材|光電業|8 -1 -13|78 90 -1 -7|0.6 39
8222 寶一|電機機械|20 22 -15|69 79 -14 -14|0.5 18
8227 巨有科技|半導體業|-5 -27 -57|52 52 -3 -40|0.5 232
8234 新漢|電腦及週|-16 -21 10|80 80 -2 17|0.3 126
8249 菱光|電子零組|21 14 37|81 87 -3 -3|0.8 18
8255 朋程|電機機械|15 56 6|80 80 -1 9|0.4 155
8261 富鼎|半導體業|8 2 7|78 90 -1 -9|0.7 45
8271 宇瞻|半導體業|12 15 13|73 73 -19 -3|0.9 55
8277 商丞|半導體業|-58 -2 5|73 73 14 17|0.2 16
8299 群聯|半導體業|56 59 25|70 70 -26 2|0.8 1391
8341 日友|綠能環保|47 20 24|73 91 -2 -8|1.2 18
8349 恒耀國際|鋼鐵工業|1 7 -4|99 99 3 29|0.8 18
8354 冠好|其他|3 3 1|97 97 8 10|1.0 6
8358 金居|電子零組|86 48 43|89 89 7 15|0.4 393
8367 建新國際|航運業|41 44 25|96 96 10 16|1.0 8
8374 羅昇|電機機械|2 -3 9|84 84 263 299|1.4 131
8383 千附|半導體業|7 9 34|89 89 11 17|0.4 51
8390 金益鼎|綠能環保|69 44 28|88 88 35 50|1.0 202
8403 盛弘|生技醫療|10 17 9|83 93 -2 -4|0.7 7
8404 百和興業-KY|其他|35 52 36|90 90 -3 5|0.7 8
8410 森田|電腦及週|-16 -1 -16|90 90 6 4|0.5 9
8415 大國鋼|鋼鐵工業|-15 -9 3|98 98 3 6|1.4 8
8422 可寧衛*|綠能環保|12 19 33|93 93 -6 1|0.6 36
8431 匯鑽科|其他電子|8 8 9|96 99 17 2|1.7 13
8432 東生華|生技醫療|4 42 11|94 94 11 34|1.3 7
8433 弘帆|居家生活|11 6 -12|90 90 -7 9|0.5 10
8436 大江|生技醫療|-13 1 2|81 88 4 -10|1.0 68
8437 大地-KY|其他|-23 -25 -5|33 82 7 -17|0.7 6
8438 昶昕|綠能環保|15 16 17|87 87 24 60|0.8 36
8440 綠電|綠能環保|4 12 5|89 89 46 75|2.6 113
8442 威宏-KY|其他|-9 2 4|90 90 -7 12|0.6 10
8446 華研|文化創意|80 40 8|100 100 18 16|1.5 25
8454 富邦媒|數位雲端|3 2 -3|72 93 -3 -7|0.7 298
8462 柏文|運動休閒|20 20 -1|74 88 -1 -1|0.7 7
8463 潤泰材|其他|12 18 -4|100 100 19 43|0.8 11
8464 億豐|居家生活|1 11 5|97 97 18 19|1.9 322
8466 美吉吉-KY|其他|16 12 -8|91 91 7 29|1.2 9
8467 波力-KY|運動休閒|30 55 24|99 99 46 46|1.8 201
8473 山林水|綠能環保|-45 -36 -23|84 84 14 64|0.9 237
8478 東哥遊艇|運動休閒|-6 21 1|55 84 -10 4|1.3 206
8906 花王|其他|0 12 8|96 96 107 264|1.3 25
8916 光隆|其他|9 2 22|96 96 2 7|1.2 17
8924 大田|運動休閒|25 53 67|98 98 6 7|0.3 6
8926 台汽電|油電燃氣|44 77 21|88 94 1 17|2.8 92
8927 北基|油電燃氣|325 197 135|88 88 5 33|2.2 104
8930 青鋼|鋼鐵工業|-4 5 -15|86 86 -9 -3|0.6 10
8932 智通*|數位雲端|86 70 -1|95 95 33 57|0.7 58
8935 邦泰|其他|-15 2 18|87 87 46 58|1.2 16
8936 國統|其他|124 61 15|82 82 -10 51|0.8 841
8937 合騏*|其他|-16 -17 10|97 97 95 90|1.8 17
8938 明安|運動休閒|12 2 29|96 96 10 19|0.5 23
8942 森鉅|其他|-39 -39 -21|100 100 4 4|0.5 15
8996 高力|電機機械|-21 -22 -26|71 71 -12 64|1.1 1406
9802 鈺齊-KY|運動休閒|9 -13 24|81 90 -2 -2|1.5 69
9902 台火|其他|2662 833 -281|100 100 48 87|3.5 60
9904 寶成|運動休閒|2 4 7|95 95 5 19|0.9 492
9906 欣巴巴|建材營造|-42 -74 -17|100 100 118 252|6.1 227
9907 統一實|其他|22 18 21|85 97 2 2|1.5 37
9910 豐泰|運動休閒|1 7 7|71 85 -12 -12|0.7 275
9911 櫻花|居家生活|21 22 7|98 98 1 42|2.1 26
9914 美利達|運動休閒|49 27 49|100 100 16 48|1.8 234
9917 中保科|其他|-0 2 -6|98 98 2 14|1.2 64
9919 康那香|其他|-17 -9 4|65 80 -4 -18|0.3 17
9921 巨大|運動休閒|-8 -5 15|100 100 15 35|1.4 342
9924 福興|居家生活|-10 -7 -12|96 96 0 21|1.2 18
9925 新保|其他|-14 -2 -2|100 100 2 6|1.9 11
9927 泰銘|其他|-3 -7 -17|92 92 -8 15|0.4 21
9928 中視|其他|-15 3 -9|61 87 29 21|0.4 7
9930 中聯資源|綠能環保|9 4 -1|100 100 8 31|2.5 19
9933 中鼎|其他|23 31 7|98 98 10 26|0.8 258
9934 成霖|居家生活|1 4 8|96 96 6 27|1.1 30
9935 慶豐富|居家生活|40 27 12|100 100 16 45|1.7 13
9938 百和|其他|26 38 24|97 97 5 26|0.9 133
9939 宏全|其他|-3 4 -1|93 93 -3 24|1.3 250
9940 信義|其他|22 23 19|100 100 10 29|2.0 23
9941 裕融|其他|2 2 -6|78 87 3 -13|0.7 260
9942 茂順|其他|-27 -24 -17|88 93 -1 1|1.1 18
9943 好樂迪|觀光餐旅|9 -5 -4|88 89 -7 -7|0.6 19
9944 新麗|其他|5 7 11|100 100 14 17|1.0 6
9945 潤泰新|其他|21 9 10|100 100 27 50|1.6 1397
9946 三發地產|建材營造|57 256 167|86 86 9 101|1.3 100
9951 皇田|電機機械|-2 12 7|87 96 1 -0|0.9 5
9955 佳龍|綠能環保|32 22 11|95 95 22 58|0.9 152
9958 世紀鋼|鋼鐵工業|-40 7 -33|60 60 -1 0|0.8 1721