# 2025-02-03 全池(1091 檔)。欄位:代碼 名稱|產業|最新月YoY 3月YoY均 加速度|距52週高% 距120日高% 60日漲% 120日漲%|量能比 日均值M
1101 台泥|水泥工業|74 78 37|91 92 -1 -8|1.0 261
1102 亞泥|水泥工業|12 5 8|85 85 -13 -2|0.5 210
1104 環泥|水泥工業|2 -4 -7|77 85 -6 -14|0.7 10
1210 大成|食品工業|-1 -3 3|91 95 3 -5|0.6 52
1215 卜蜂|食品工業|1 2 6|82 92 -3 -8|0.7 35
1216 統一|食品工業|5 7 -6|88 88 -11 -2|0.9 514
1217 愛之味|食品工業|7 12 7|89 94 0 -6|1.0 6
1218 泰山|食品工業|-3 -8 -4|82 90 -3 -8|0.5 8
1220 台榮|食品工業|2 14 7|85 85 4 8|0.3 7
1225 福懋油|食品工業|1 -6 5|26 26 -50 -67|2.1 90
1227 佳格|食品工業|13 6 2|82 87 -7 -12|0.7 16
1229 聯華|食品工業|-36 -24 -24|73 81 -15 -18|1.4 103
1231 聯華食|食品工業|20 21 8|100 100 34 27|1.2 45
1232 大統益|食品工業|-3 -3 3|93 93 -5 2|0.7 5
1268 漢來美食|觀光餐旅|15 15 -7|93 95 -1 -3|0.7 7
1301 台塑|塑膠工業|9 6 4|45 59 -28 -41|1.6 1009
1303 南亞|塑膠工業|15 8 8|49 63 -25 -38|1.2 408
1304 台聚|塑膠工業|-5 -2 0|60 69 -20 -29|1.6 38
1305 華夏|塑膠工業|-27 -22 -4|58 67 -23 -31|1.2 14
1307 三芳|塑膠工業|7 6 -1|81 81 -6 27|0.5 52
1308 亞聚|塑膠工業|-12 -7 2|64 72 -13 -25|0.5 11
1309 台達化|塑膠工業|13 17 -7|61 61 -27 -28|0.8 14
1312 國喬|塑膠工業|16 2 -4|72 76 -9 -23|1.0 31
1316 上曜|建材營造|278 226 98|53 61 -5 -33|0.6 50
1319 東陽|汽車工業|5 6 -3|86 92 3 17|0.9 306
1321 大洋|塑膠工業|9 2 4|82 82 4 -3|1.6 7
1325 恆大|塑膠工業|-43 -22 -1|85 92 30 27|1.9 143
1326 台化|塑膠工業|-5 -7 -13|46 56 -29 -44|1.3 430
1342 八貫|其他|25 2 2|76 100 10 10|0.7 19
1402 遠東新|紡織纖維|9 6 1|79 79 -19 -9|0.4 250
1409 新纖|紡織纖維|40 24 6|84 88 -3 -10|1.0 20
1414 東和|紡織纖維|-14 -18 -12|96 96 11 8|1.1 14
1432 大魯閣|運動休閒|4 -2 0|87 100 13 20|0.9 7
1434 福懋|紡織纖維|9 6 5|75 82 -6 -17|0.9 24
1436 華友聯|建材營造|5813 1904 202|63 67 -3 -28|0.4 21
1438 三地開發|建材營造|na na na|59 59 -9 -35|0.4 14
1440 南紡|紡織纖維|-7 -9 1|68 74 -10 -23|0.5 7
1442 名軒|建材營造|-86 -63 -1263|100 100 31 31|0.8 212
1446 宏和|紡織纖維|-61 1477 -1469|67 69 -4 -25|0.2 23
1449 佳和|紡織纖維|19 8 -9|67 67 -15 -3|0.1 44
1464 得力|紡織纖維|25 30 7|96 96 4 30|0.9 23
1473 台南|紡織纖維|27 5 -12|63 87 -7 -9|1.2 12
1476 儒鴻|紡織纖維|28 13 -7|93 93 1 3|1.0 186
1477 聚陽|紡織纖維|9 8 -2|78 81 4 -19|0.7 444
1503 士電|電機機械|23 19 9|52 73 -12 -26|0.8 148
1504 東元|電機機械|-3 -5 2|93 99 12 12|0.5 197
1513 中興電|電機機械|17 19 3|65 81 -2 -19|0.9 509
1514 亞力|電機機械|-12 -23 -19|54 69 -13 -29|0.5 140
1515 力山|電機機械|-67 -64 -120|61 72 -9 -26|1.1 6
1519 華城|電機機械|36 27 -46|53 76 -2 -22|1.1 1550
1522 堤維西|汽車工業|13 5 -0|90 92 8 -0|0.8 92
1524 耿鼎|汽車工業|41 21 8|90 90 6 20|0.4 113
1527 鑽全|電機機械|7 13 -2|86 86 -5 -0|0.8 10
1528 恩德|電機機械|-34 -7 -2|63 63 -34 5|0.1 26
1532 勤美|電機機械|-58 -21 -48|57 70 -18 -28|0.8 35
1536 和大|汽車工業|-30 -23 -12|79 82 5 -12|0.2 293
1537 廣隆|電機機械|19 19 -9|92 92 1 9|0.3 16
1540 喬福|電機機械|-70 -60 -76|62 62 -28 1|0.2 29
1558 伸興|電機機械|4 8 -2|89 89 -2 8|0.6 12
1560 中砂|電機機械|23 15 5|73 73 -15 -12|1.0 598
1563 巧新|汽車工業|-19 -13 na|na 86 5 -12|0.5 36
1565 精華|生技醫療|10 8 4|79 79 -11 12|0.3 28
1569 濱川|電腦及週|32 6 20|78 78 40 101|0.7 233
1580 新麥|電機機械|18 15 7|98 98 7 4|1.5 6
1582 信錦|電子零組|23 1 -9|81 81 -4 -3|1.2 40
1584 精剛|其他|-9 -18 -25|63 63 -19 -22|0.4 28
1587 吉茂|汽車工業|32 17 14|44 63 -15 -32|0.3 11
1589 永冠-KY|電機機械|7 1 15|58 81 -7 -15|0.7 9
1590 亞德客-KY|電機機械|14 4 -2|71 85 -4 3|1.0 448
1591 駿吉-KY|電機機械|530 190 -114|71 96 34 1|1.1 22
1595 川寶|半導體業|23 4 32|55 55 -38 16|0.2 29
1597 直得|電機機械|-11 10 11|75 75 -3 1|0.5 524
1598 岱宇|運動休閒|15 -0 6|92 100 14 2|2.5 9
1605 華新|電器電纜|-1 7 12|60 66 -22 -32|0.6 422
1608 華榮|電器電纜|29 8 -10|56 68 -15 -30|0.7 21
1609 大亞|電器電纜|-5 12 -3|64 72 -11 -24|0.6 109
1611 中電|電器電纜|-21 -22 -8|69 76 -10 -23|0.2 5
1612 宏泰|電器電纜|-43 8 -1|69 84 -8 -13|0.5 15
1616 億泰|電器電纜|-2 4 -9|63 75 -25 -20|0.4 6
1618 合機|電器電纜|144 33 9|69 88 8 -6|0.7 76
1702 南僑|食品工業|8 7 2|79 83 -8 -15|0.9 30
1707 葡萄王|生技醫療|-0 -1 -7|95 95 -0 5|0.7 20
1708 東鹼|化學工業|-1 16 6|85 85 -6 5|0.3 25
1709 和益|化學工業|-6 -1 -11|78 80 -11 -14|0.8 6
1710 東聯|化學工業|19 9 -5|74 77 -18 -19|0.9 12
1711 永光|化學工業|12 5 0|74 74 -15 -4|0.5 27
1712 興農|化學工業|-4 -3 -3|94 94 8 -2|0.7 12
1717 長興|化學工業|10 5 -1|81 81 -9 -7|0.7 25
1720 生達|生技醫療|7 5 -4|81 84 -3 -14|0.5 9
1721 三晃|化學工業|2 -13 -22|57 57 -30 -5|0.4 18
1722 台肥|化學工業|3 3 12|79 83 -9 -16|0.7 102
1723 中碳|化學工業|-11 -5 1|74 89 -5 -8|0.6 15
1727 中華化|化學工業|0 19 -2|65 65 -25 -13|0.8 15
1732 毛寶|化學工業|17 8 1|85 87 2 4|1.4 53
1734 杏輝|生技醫療|18 14 7|82 83 0 -17|0.6 6
1736 喬山|運動休閒|37 36 13|93 93 18 59|0.9 150
1760 寶齡富錦|生技醫療|14 0 -11|77 90 1 -8|1.4 14
1773 勝一|化學工業|9 13 1|80 82 -12 -2|0.5 30
1783 和康生|生技醫療|47 39 28|97 97 20 18|0.9 15
1784 訊聯|生技醫療|24 16 6|56 75 -9 -20|0.4 15
1785 光洋科|其他電子|35 35 3|79 84 -6 -7|0.4 279
1786 科妍|生技醫療|15 27 -5|90 90 20 14|1.4 152
1789 神隆|生技醫療|5 -12 -23|76 85 -7 -14|0.9 8
1795 美時|生技醫療|7 36 24|77 89 2 -0|0.7 284
1799 易威|生技醫療|1 188 17|27 27 -36 -62|0.4 19
1802 台玻|玻璃陶瓷|2 -4 2|80 80 -15 -4|0.8 96
1808 潤隆|建材營造|-94 -97 -601|28 28 -24 -70|0.6 41
1809 中釉|玻璃陶瓷|15 3 -1|55 79 -8 -19|0.3 7
1810 和成|玻璃陶瓷|7 3 2|74 83 -9 -10|0.9 14
1815 富喬|電子零組|131 85 48|97 97 36 27|0.7 646
1903 士紙|造紙工業|-8 -5 3|73 83 -8 -16|1.3 7
1904 正隆|造紙工業|21 5 -2|65 72 -20 -27|0.4 14
1905 華紙|造紙工業|1 -7 -7|67 74 -14 -21|1.0 13
1907 永豐餘|造紙工業|11 5 -2|89 89 -3 -1|0.6 18
1909 榮成|造紙工業|1 5 2|70 75 -17 -20|0.8 12
2002 中鋼|鋼鐵工業|1 -2 -2|78 84 -12 -14|1.7 535
2006 東和鋼鐵|鋼鐵工業|-5 -10 -9|85 85 -7 -6|1.0 82
2009 第一銅|鋼鐵工業|8 10 -10|61 75 -9 -19|1.4 21
2010 春源|鋼鐵工業|15 21 7|79 93 -2 -3|0.5 7
2014 中鴻|鋼鐵工業|-30 -29 -10|79 85 -5 -9|1.5 55
2015 豐興|鋼鐵工業|7 -4 -4|78 78 -19 -15|0.7 27
2020 美亞|鋼鐵工業|-35 -18 3|71 93 2 -3|0.7 7
2023 燁輝|鋼鐵工業|4 -4 -6|97 97 6 5|1.4 26
2025 千興|鋼鐵工業|24 99 na|77 82 -4 -17|1.3 6
2027 大成鋼|鋼鐵工業|4 -2 8|96 97 13 -2|2.1 232
2030 彰源|鋼鐵工業|8 -0 2|85 86 -10 -3|2.1 6
2031 新光鋼|鋼鐵工業|20 0 6|68 77 -16 -21|1.0 24
2033 佳大|鋼鐵工業|-5 3 3|82 82 -13 43|0.7 8
2034 允強|鋼鐵工業|28 20 23|78 81 -7 -16|0.6 13
2038 海光|鋼鐵工業|26 3 -3|74 83 -10 -15|2.6 6
2049 上銀|電機機械|12 11 11|87 87 22 43|0.9 2622
2059 川湖|電子零組|76 66 -11|86 86 11 25|0.7 1322
2062 橋椿|居家生活|-11 -19 -26|76 76 -8 -2|0.2 28
2066 世德|電機機械|-18 -6 -5|63 71 -18 -28|2.2 22
2070 精湛|電機機械|-49 -3 -26|54 54 -28 0|0.1 26
2101 南港|橡膠工業|5 5 -82|71 84 -6 -14|0.5 75
2102 泰豐|橡膠工業|-6 82 74|74 74 -18 -20|0.5 7
2103 台橡|橡膠工業|28 22 3|79 79 -18 -11|0.5 18
2104 國際中橡|橡膠工業|-8 -11 -12|64 71 -19 -28|1.4 16
2105 正新|橡膠工業|6 1 -1|85 94 11 5|0.6 159
2106 建大|橡膠工業|1 -6 -6|76 81 -11 -17|0.4 10
2108 南帝|橡膠工業|33 42 14|72 80 -6 -18|0.5 9
2201 裕隆|汽車工業|-6 -10 -15|66 82 -15 -17|1.3 164
2204 中華|汽車工業|-27 -35 -39|56 89 19 -15|0.3 191
2206 三陽工業|汽車工業|10 -3 -5|84 92 2 -7|0.4 56
2207 和泰車|汽車工業|-0 2 0|86 86 -5 -5|0.9 141
2208 台船|航運業|-29 -30 2|74 78 -14 -11|0.7 18
2211 長榮鋼|鋼鐵工業|35 84 56|57 71 -13 -27|0.4 219
2228 劍麟|汽車工業|-7 -1 -6|75 75 -15 -3|0.4 15
2230 泰茂|居家生活|312 310 120|62 68 -31 -30|1.5 71
2231 為升|汽車工業|7 43 34|74 85 4 -11|0.6 58
2233 宇隆|汽車工業|3 3 -7|76 76 30 71|0.4 802
2236 百達-KY|汽車工業|81 15 13|81 81 -8 8|0.2 24
2241 艾姆勒|汽車工業|-5 -30 -12|54 79 -10 -15|1.0 9
2247 汎德永業|汽車工業|25 37 23|89 99 2 0|0.5 9
2250 IKKA-KY|汽車工業|-8 -8 -10|86 86 37 43|3.0 226
2254 巨鎧精密-創|汽車工業|335 97 16|82 82 1 -11|2.3 28
2258 鴻華先進-創|汽車工業|85 263 -726|96 99 13 6|1.9 45
2301 光寶科|電腦及週|9 4 11|91 99 4 11|1.1 574
2302 麗正|半導體業|44 45 36|86 86 -4 -1|0.3 7
2303 聯電|半導體業|12 10 5|70 72 -16 -20|1.3 1827
2305 全友|電腦及週|8 15 -20|45 57 -29 -41|0.8 7
2308 台達電|電子零組|22 14 9|91 91 -2 -4|1.3 3147
2312 金寶|其他電子|17 11 7|73 73 -2 4|0.2 366
2313 華通|電子零組|10 -1 -11|73 80 5 -15|0.5 691
2314 台揚|通信網路|12 -7 35|89 89 23 17|0.6 126
2316 楠梓電|電子零組|2 8 13|81 88 -6 -5|1.0 33
2317 鴻海|其他電子|42 18 5|73 75 -21 -16|1.1 7937
2324 仁寶|電腦及週|-8 -5 -1|92 95 3 18|0.5 461
2327 國巨*|電子零組|6 10 -3|65 66 -12 -34|0.6 968
2328 廣宇|電子零組|-8 -12 3|91 91 11 16|0.5 245
2329 華泰|半導體業|-6 -13 -13|40 66 -19 -32|0.4 43
2330 台積電|半導體業|58 40 6|94 94 3 16|1.4 38377
2331 精英|電腦及週|9 -1 9|58 73 -9 -24|0.5 20
2332 友訊|通信網路|2 -7 2|85 85 20 26|0.4 306
2337 旺宏|半導體業|-1 2 7|62 63 -26 -36|0.9 138
2338 光罩|半導體業|1 2 -4|58 67 -14 -32|0.6 27
2340 台亞|半導體業|16 10 1|58 66 -25 -30|0.6 21
2342 茂矽|半導體業|97 75 45|83 83 -10 -8|0.3 9
2344 華邦電|半導體業|-2 -3 -12|49 59 -26 -38|0.7 243
2345 智邦|通信網路|96 77 47|92 92 29 41|0.9 3323
2347 聯強|電子通路|-2 1 -8|81 94 0 1|0.6 263
2348 海悅|其他|-85 131 6|48 56 20 -41|0.3 358
2349 錸德|光電業|-18 -21 -16|66 71 -10 -27|0.2 44
2351 順德|半導體業|8 3 4|54 54 -27 -24|0.4 74
2352 佳世達|電腦及週|15 7 8|73 88 -6 -3|0.7 70
2353 宏碁|電腦及週|4 5 -6|68 84 -5 -12|0.8 389
2354 鴻準|其他電子|382 209 179|78 78 3 16|0.2 1082
2355 敬鵬|電子零組|-9 -7 -5|69 78 -6 -19|0.5 42
2356 英業達|電腦及週|66 55 29|75 85 1 -4|0.5 934
2357 華碩|電腦及週|36 28 5|100 100 11 42|0.9 1785
2359 所羅門|其他電子|-42 7 18|76 76 -3 -5|0.4 1225
2360 致茂|其他電子|31 21 5|74 74 -15 14|0.9 1221
2362 藍天|電腦及週|11 9 -2|79 79 -7 -13|0.6 42
2363 矽統|半導體業|838 1144 820|60 75 -17 -12|0.4 248
2364 倫飛|電腦及週|47 17 -1|61 61 -13 -13|0.3 7
2365 昆盈|電腦及週|33 15 -14|67 69 -1 -20|0.4 265
2367 燿華|電子零組|39 24 0|73 80 2 -13|0.5 179
2368 金像電|電子零組|39 16 -15|78 88 10 -3|0.8 2138
2369 菱生|半導體業|-14 -12 -8|60 79 -12 -18|0.4 10
2371 大同|電機機械|-32 -15 -11|62 82 -4 -14|1.1 826
2374 佳能|光電業|36 27 -0|80 80 20 15|0.4 1649
2375 凱美|電子零組|11 8 -3|79 79 -0 -2|1.4 50
2376 技嘉|電腦及週|37 43 -63|63 77 -10 -7|0.6 1133
2377 微星|電腦及週|5 5 -4|100 100 8 19|1.2 680
2379 瑞昱|半導體業|25 17 -4|90 93 9 7|0.9 1158
2382 廣達|電腦及週|49 45 16|71 74 -20 -11|1.2 6014
2383 台光電|電子零組|49 44 -15|88 88 32 29|0.8 3387
2385 群光|電子零組|4 7 4|63 92 -3 0|0.7 308
2387 精元|電腦及週|13 7 -3|92 94 8 12|0.5 24
2388 威盛|半導體業|12 33 7|60 65 -24 -25|0.6 636
2392 正崴|電子零組|16 12 2|75 77 10 -4|0.1 187
2393 億光|光電業|10 12 -6|96 96 -2 11|0.4 372
2395 研華|電腦及週|11 8 14|94 99 19 8|1.4 281
2397 友通|電腦及週|52 38 60|75 80 -11 2|0.2 13
2399 映泰|電腦及週|4 -30 -18|58 58 -30 7|0.3 64
2401 凌陽|半導體業|19 10 -6|74 85 -4 -12|0.6 57
2402 毅嘉|電子零組|14 15 3|79 79 -11 -9|0.4 39
2404 漢唐|其他電子|-13 -30 -3|96 96 43 45|1.3 1009
2405 輔信|電腦及週|-13 -7 -5|69 82 -5 -16|0.2 42
2406 國碩|光電業|-50 -12 -109|48 57 -27 -43|0.6 14
2408 南亞科|半導體業|-30 -24 -42|38 48 -34 -51|1.1 558
2409 友達|光電業|12 9 -5|73 79 -18 -19|1.2 353
2412 中華電|通信網路|13 5 2|98 99 2 3|1.0 599
2413 環科|電子零組|-0 -5 22|78 79 -14 0|0.1 10
2415 錩新|電子零組|-12 -19 -21|81 81 6 15|1.0 13
2417 圓剛|電腦及週|7 -4 -6|83 95 20 13|1.1 172
2419 仲琦|通信網路|8 37 31|73 77 -12 -7|0.2 25
2420 新巨|電子零組|20 8 2|77 77 -18 -2|1.2 22
2421 建準|電子零組|39 19 5|67 85 -7 -3|0.5 120
2423 固緯|其他電子|-1 -7 1|96 99 2 6|1.0 7
2425 承啟|電腦及週|40 10 19|65 65 -23 -0|0.3 27
2426 鼎元|光電業|-9 -5 -11|81 81 -6 15|0.3 44
2427 三商電|資訊服務|31 15 -13|74 85 -6 -11|0.9 25
2428 興勤|電子零組|28 14 8|89 90 -2 1|3.6 22
2429 銘旺科|光電業|-24 14 47|65 76 5 -21|0.8 36
2431 聯昌|電子零組|-30 -17 11|71 71 -19 9|0.1 13
2436 偉詮電|半導體業|21 6 -3|76 79 -10 -2|1.0 41
2439 美律|通信網路|24 7 -16|75 76 -4 -12|0.4 121
2441 超豐|半導體業|16 10 -2|99 100 6 4|1.1 70
2442 新美齊|建材營造|-61 -1 -328|66 66 9 -30|0.6 15
2444 兆勁|通信網路|-7 -17 5|86 86 18 13|0.2 17
2449 京元電子|半導體業|19 15 4|73 73 -18 -2|0.7 1351
2451 創見|半導體業|-1 -7 -4|65 83 -9 -13|0.3 80
2453 凌群|資訊服務|9 6 -3|86 96 8 7|1.0 54
2454 聯發科|半導體業|-5 7 -20|100 100 18 26|1.4 9702
2455 全新|通信網路|-16 -23 -63|79 88 12 3|0.8 725
2457 飛宏|電子零組|35 4 14|56 78 -7 -18|0.6 46
2458 義隆|半導體業|1 -2 -9|88 95 0 11|0.4 212
2464 盟立|其他電子|-3 4 18|77 81 -7 -7|0.3 493
2465 麗臺|電腦及週|59 -3 -9|41 61 -24 -36|0.3 21
2466 冠西電|光電業|50 61 45|100 100 157 137|2.3 44
2467 志聖|電子零組|27 31 -8|76 76 -8 1|0.4 246
2468 華經|資訊服務|101 16 7|89 92 10 8|0.7 30
2471 資通|資訊服務|0 9 3|88 88 8 3|0.4 23
2472 立隆電|電子零組|13 17 0|90 90 24 13|6.0 119
2474 可成|其他電子|81 42 34|84 84 -13 -4|0.4 611
2476 鉅祥|電子零組|17 16 1|73 76 -5 -13|0.4 73
2477 美隆電|其他電子|23 10 -4|66 66 -34 -8|0.2 13
2480 敦陽科|資訊服務|25 13 10|100 100 11 24|1.0 76
2481 強茂|半導體業|2 -1 0|71 76 -19 -14|0.8 35
2485 兆赫|通信網路|-64 -69 -14|63 75 -16 -23|0.8 10
2486 一詮|光電業|0 5 -4|76 82 -14 -1|0.4 719
2488 漢平|其他電子|76 65 31|98 98 21 25|0.4 23
2489 瑞軒|光電業|32 26 -15|67 73 -17 -29|0.6 43
2492 華新科|電子零組|7 3 -3|71 77 -12 -21|0.7 104
2493 揚博|電子零組|1 6 -3|78 78 -13 14|0.2 24
2495 普安|電腦及週|29 -0 2|78 78 -19 1|0.6 58
2497 怡利電|汽車工業|20 21 -1|64 64 -21 -0|0.3 26
2498 宏達電|通信網路|-38 -14 12|90 90 20 21|4.4 1346
2501 國建|建材營造|65 53 -17|57 71 -2 -24|0.6 27
2504 國產|建材營造|7 0 -4|78 78 -18 -16|0.3 147
2511 太子|建材營造|15 19 17|76 78 -1 -18|0.9 7
2515 中工|建材營造|64 42 16|59 68 -2 -30|0.8 70
2516 新建|建材營造|71 22 8|100 100 52 35|2.6 39
2520 冠德|建材營造|-9 16 -38|79 82 13 -15|0.5 114
2524 京城|建材營造|266 849 495|44 44 -22 -42|0.2 30
2527 宏璟|建材營造|-53 5603 4015|59 71 11 -26|0.3 7
2528 皇普|建材營造|25266600 8422306 6307197|73 76 4 -19|0.6 20
2530 華建|建材營造|-39 15731 -27375|70 74 4 -29|0.8 19
2534 宏盛|建材營造|666 194 175|80 80 -8 -20|0.6 15
2535 達欣工|建材營造|-15 -15 -18|90 94 12 -6|0.9 12
2536 宏普|建材營造|-23 -53 -268|79 85 10 -13|0.7 6
2537 聯上發|建材營造|98171 32709 10450|45 49 -14 -50|0.7 13
2539 櫻花建|建材營造|-57 na na|65 65 7 -32|0.6 21
2540 愛山林|建材營造|17 52 -6|41 42 4 -55|0.7 123
2542 興富發|建材營造|117 86 63|67 69 7 -31|0.4 147
2543 皇昌|建材營造|-13 -8 -21|86 86 -8 34|1.6 588
2545 皇翔|建材營造|-33 53 -356|82 82 13 4|0.5 27
2547 日勝生|建材營造|-34 -15 -16|87 92 11 -6|0.3 15
2548 華固|建材營造|-99 -99 -622|64 66 -7 -34|0.4 99
2597 潤弘|建材營造|6 15 -2|65 65 19 -30|0.9 50
2603 長榮|航運業|61 66 -1|85 85 -1 19|0.5 2971
2605 新興|航運業|-10 -12 -19|72 79 -8 -10|0.6 61
2606 裕民|航運業|-13 -1 -19|92 92 3 9|0.5 231
2607 榮運|航運業|22 8 -24|86 93 -2 -3|0.5 25
2609 陽明|航運業|62 63 5|79 80 -0 4|0.5 2602
2610 華航|航運業|14 12 1|94 94 12 10|0.7 667
2611 志信|航運業|11 10 -4|63 81 -4 -17|0.6 7
2612 中航|航運業|19 21 6|77 80 -8 -12|0.5 6
2613 中櫃|航運業|6 1 -3|64 78 -0 -11|0.2 25
2614 東森|其他|2 -2 -1|74 74 -14 -24|0.8 6
2615 萬海|航運業|72 66 4|68 68 -15 -6|0.3 641
2617 台航|航運業|-0 2 -9|72 84 -7 -15|0.8 13
2618 長榮航|航運業|7 5 -6|97 97 23 34|0.7 1568
2630 亞航|航運業|-16 2 -6|82 94 15 10|1.2 147
2633 台灣高鐵|航運業|6 2 -5|89 91 -6 -8|0.9 112
2634 漢翔|航運業|27 17 16|77 86 1 -12|0.6 149
2636 台驊控股|航運業|53 58 -16|68 83 -9 -16|0.5 20
2637 慧洋-KY|航運業|-18 -5 -27|77 77 -14 -12|0.7 309
2641 正德|航運業|6 12 -14|76 87 -4 -9|0.4 12
2645 長榮航太|航運業|56 24 13|86 100 12 4|1.7 123
2646 星宇航空|航運業|48 48 na|na na -5 na|0.9 105
2704 國賓|觀光餐旅|12 6 1|69 73 -9 -27|2.3 5
2707 晶華|觀光餐旅|-3 -5 2|80 92 -3 -8|2.4 40
2718 全心投控|建材營造|-98 -49 -487|53 55 -19 -42|0.4 6
2722 夏都|觀光餐旅|-17 -17 -1|50 72 -13 -26|2.7 7
2723 美食-KY|觀光餐旅|3 -2 5|100 100 18 27|2.1 40
2727 王品|觀光餐旅|-1 1 1|88 91 -6 7|0.7 70
2731 雄獅|觀光餐旅|24 11 -26|78 82 -7 -17|3.0 36
2739 寒舍|觀光餐旅|1 1 -3|67 76 -11 -23|2.7 15
2743 山富|觀光餐旅|-9 -4 -59|57 72 -8 -26|2.9 20
2745 五福|觀光餐旅|37 18 -53|81 97 12 5|3.6 28
2748 雲品|觀光餐旅|-3 -5 -9|76 95 3 -2|2.6 11
2753 八方雲集|觀光餐旅|16 11 2|90 94 1 -2|1.1 12
2801 彰銀|金融保險|24 7 -2|98 99 3 -1|1.1 320
2809 京城銀|金融保險|-1 -5 -40|75 85 2 -14|0.2 171
2812 台中銀|金融保險|-3 7 -4|96 96 5 5|1.2 50
2820 華票|金融保險|68 47 28|95 97 1 0|0.8 6
2834 臺企銀|金融保險|-0 -2 -9|79 80 -3 -19|0.6 116
2836 高雄銀|金融保險|28 23 8|89 92 -2 -7|1.0 9
2838 聯邦銀|金融保險|5 1 -10|91 98 1 3|0.9 10
2845 遠東銀|金融保險|-1 -0 -1|80 87 2 -10|0.6 51
2850 新產|金融保險|3 6 1|95 95 4 8|0.7 18
2851 中再保|金融保險|3 5 -0|92 93 -4 -3|0.5 14
2852 第一保|金融保險|-3 3 -3|97 97 10 9|1.0 6
2855 統一證|金融保險|6 225 122|90 93 1 -5|0.7 67
2880 華南金|金融保險|18 10 -3|100 100 11 6|0.6 373
2881 富邦金|金融保險|315 305 168|97 97 -0 4|0.9 1018
2882 國泰金|金融保險|6 51 13|94 94 -4 6|0.7 1278
2883 凱基金|金融保險|511 289 95|93 93 2 6|0.7 666
2884 玉山金|金融保險|14 -5 -20|96 97 3 5|0.9 441
2885 元大金|金融保險|30 52 26|98 98 7 7|0.8 499
2886 兆豐金|金融保險|-6 -6 -16|94 94 0 -6|0.8 487
2887 台新新光金|金融保險|27 23 -5|87 87 1 -11|0.7 501
2888 新光金|金融保險|171 64 962|91 91 8 14|1.2 616
2889 國票金|金融保險|12 25 7|84 91 -2 -5|0.3 61
2890 永豐金|金融保險|12 14 -6|86 87 -1 -12|0.7 369
2891 中信金|金融保險|63 66 17|98 98 9 10|0.7 1155
2892 第一金|金融保險|17 8 1|98 98 3 -2|0.8 307
2903 遠百|貿易百貨|-5 -3 1|65 71 -15 -28|1.3 119
2905 三商|貿易百貨|174 261 33|76 76 -6 -19|0.8 9
2908 特力|貿易百貨|14 6 2|95 96 -0 -2|0.9 8
2912 統一超|貿易百貨|6 6 -1|85 85 -13 -4|1.3 334
2913 農林|貿易百貨|42 38 24|82 83 -10 -14|0.7 16
2915 潤泰全|貿易百貨|120 48 37|83 83 -12 -15|0.3 196
2929 淘帝-KY|貿易百貨|-7 -10 2|80 80 4 38|0.2 20
3003 健和興|電子零組|20 18 8|72 72 -5 -7|0.3 56
3004 豐達科|鋼鐵工業|11 8 -7|82 98 11 0|0.9 8
3005 神基|電腦及週|11 3 -0|80 100 9 17|1.4 297
3006 晶豪科|半導體業|2 -0 -14|56 66 -13 -31|0.5 65
3008 大立光|光電業|18 3 -23|88 88 23 2|1.3 2374
3010 華立|電子通路|21 18 -3|77 81 -7 -16|0.4 57
3011 今皓|電子零組|2 1 -1|52 55 -40 -39|0.7 21
3013 晟銘電|電腦及週|119 55 6|76 76 -16 21|0.3 1432
3014 聯陽|半導體業|1 13 6|76 90 2 -7|0.4 81
3015 全漢|電子零組|19 0 11|91 91 12 15|0.4 133
3016 嘉晶|半導體業|-10 -5 -2|58 63 -28 -36|0.6 19
3017 奇鋐|電腦及週|18 25 1|65 73 -17 -17|1.1 3730
3019 亞光|光電業|37 31 2|84 84 54 77|0.9 2421
3021 鴻名|電子零組|-10 8 -9|60 60 -35 -8|0.4 7
3022 威強電|電腦及週|14 -0 8|78 89 0 -7|0.3 26
3023 信邦|電子零組|21 13 11|78 83 -2 -18|1.1 303
3024 憶聲|光電業|576 320 239|72 72 -1 -28|0.3 23
3025 星通|通信網路|-64 17 -22|78 78 -5 14|0.2 101
3026 禾伸堂|電子零組|21 10 12|87 94 -3 -2|0.8 22
3027 盛達|通信網路|29 13 -18|60 73 -13 -23|0.2 8
3028 增你強|電子通路|7 5 -9|85 89 -7 -9|0.5 6
3029 零壹|資訊服務|76 61 27|76 76 26 26|0.6 466
3030 德律|其他電子|-26 34 -24|64 74 -10 -18|0.8 119
3031 佰鴻|光電業|14 -3 -12|88 88 5 12|0.5 51
3032 偉訓|電子零組|-6 -4 4|76 76 22 30|0.3 290
3033 威健|電子通路|42 35 8|90 94 -3 3|0.5 32
3034 聯詠|半導體業|-2 -7 -1|83 97 6 2|1.1 1137
3035 智原|半導體業|14 4 12|48 72 -10 -27|0.6 886
3036 文曄|電子通路|63 38 -28|63 93 0 7|0.5 234
3037 欣興|電子零組|14 14 3|59 69 -23 -30|1.2 1404
3038 全台|光電業|-10 -9 8|72 92 2 -7|0.5 11
3040 遠見|其他|-6 -9 4|90 90 18 49|0.3 25
3041 揚智|半導體業|-24 -9 -31|59 79 -8 -13|0.3 159
3042 晶技|電子零組|14 10 -8|81 81 -19 -5|1.0 151
3043 科風|其他電子|54 62 81|69 69 4 -13|0.2 19
3044 健鼎|電子零組|20 14 2|83 94 2 -1|0.6 294
3045 台灣大|通信網路|0 5 -4|94 94 -3 6|0.7 491
3047 訊舟|通信網路|62 58 -4|60 62 -18 -33|0.4 63
3048 益登|電子通路|17 5 -1|55 60 -26 -33|0.5 15
3050 鈺德|光電業|9 17 6|60 66 -14 -36|0.5 11
3051 力特|光電業|69 27 31|79 90 -4 4|0.7 22
3055 蔚華科|電子通路|-76 -79 -33|68 85 -10 -3|0.4 23
3056 富華新|建材營造|27398 44279 33193|85 85 6 -14|0.6 35
3059 華晶科|光電業|-9 -14 7|85 87 10 1|0.5 222
3060 銘異|電腦及週|47 21 -13|64 77 -17 -19|0.5 10
3062 建漢|通信網路|47 20 20|80 80 -6 6|0.2 119
3073 天方能源|綠能環保|19 119 93|44 51 -30 -38|0.4 7
3078 僑威|電子零組|35 -5 11|99 99 28 29|1.6 719
3081 聯亞|通信網路|-19 1 -22|90 90 44 287|2.4 302
3086 華義*|文化創意|-6 -19 -32|63 63 -15 17|3.8 31
3088 艾訊|電腦及週|23 21 16|96 96 25 38|0.7 327
3090 日電貿|電子零組|21 19 5|84 84 8 2|0.2 85
3105 穩懋|半導體業|-26 -24 -40|55 71 -20 -26|0.7 243
3131 弘塑|半導體業|89 29 10|64 64 -14 -13|1.3 1303
3138 耀登|通信網路|-15 -12 -9|66 79 -10 -15|1.3 13
3141 晶宏|半導體業|4 1 17|65 68 -26 -22|0.6 18
3147 大綜|資訊服務|67 43 16|83 83 15 31|0.7 272
3149 正達|光電業|6 11 -6|67 67 -22 22|0.3 120
3152 璟德|通信網路|4 10 -5|65 83 -3 -11|0.3 25
3162 精確|電機機械|63 61 28|87 96 11 25|0.4 24
3163 波若威|通信網路|-38 -41 -12|86 88 6 -5|2.4 3366
3167 大量|電機機械|125 110 11|55 55 -38 27|0.3 239
3169 亞信|半導體業|-13 -11 -8|69 86 -0 -9|0.5 21
3188 鑫龍騰|建材營造|-92 -90 na|48 48 -2 -51|0.5 5
3189 景碩|半導體業|20 8 -7|73 82 -8 -9|0.4 666
3207 耀勝|電子零組|136 98 51|55 59 -31 -38|0.6 16
3209 全科|電子通路|-29 -21 -8|76 76 -16 -4|0.2 14
3211 順達|電腦及週|-25 -34 -15|81 81 72 67|0.6 3177
3213 茂訊|電腦及週|-6 -13 -13|74 74 -12 -11|0.4 9
3217 優群|電子零組|15 19 3|77 88 -11 -2|0.5 63
3218 大學光|生技醫療|6 5 1|69 80 -5 -8|0.7 22
3227 原相|半導體業|32 30 -16|89 89 6 51|0.6 416
3228 金麗科|半導體業|8 -10 -57|35 69 -10 -27|0.5 80
3230 錦明|光電業|-20 -40 -1|81 81 18 138|0.3 106
3231 緯創|電腦及週|41 30 8|76 80 -11 3|1.4 2463
3234 光環|通信網路|-11 -17 -9|76 76 1 18|0.6 46
3257 虹冠電|半導體業|-43 -46 -28|77 77 -14 7|1.4 24
3260 威剛|半導體業|-8 -11 -36|64 77 -11 -20|0.6 150
3264 欣銓|半導體業|-1 -10 -4|82 97 23 5|2.6 509
3265 台星科|半導體業|-2 18 4|77 88 -2 0|0.6 78
3284 太普高|其他|-37 -28 -71|54 54 2 -30|0.9 7
3289 宜特|其他電子|15 20 6|66 66 -31 -2|0.6 78
3290 東浦|電子零組|13 6 -1|79 79 -8 7|0.3 24
3293 鈊象|文化創意|29 34 3|82 82 -14 22|0.5 1091
3294 英濟|電子零組|7 -4 -13|63 90 21 15|5.1 345
3296 勝德|電子零組|12 16 6|71 71 1 3|0.1 10
3303 岱稜|其他電子|23 10 -13|66 66 -17 3|0.1 19
3305 昇貿|其他電子|59 54 22|78 84 -6 -11|1.2 27
3306 鼎天|通信網路|-70 -37 -15|69 75 -17 -15|0.4 21
3312 弘憶股|電子通路|13 8 -9|48 56 -24 -37|0.4 47
3317 尼克森|半導體業|37 19 19|83 83 -1 1|0.1 7
3323 加百裕|電腦及週|-15 -11 10|76 76 34 32|0.8 495
3324 雙鴻|其他電子|34 24 -3|60 76 -12 -15|0.6 1442
3338 泰碩|電子零組|-4 -12 -13|62 67 -12 -32|0.2 19
3339 泰谷|光電業|7 12 -12|66 71 -17 -24|0.7 20
3346 麗清|汽車工業|-9 -0 -14|65 80 -17 -14|1.7 9
3356 奇偶|光電業|6 -3 0|73 77 -16 -19|0.6 18
3357 臺慶科|電子零組|49 37 12|77 79 -9 -14|0.5 17
3362 先進光|光電業|15 3 -6|67 67 -14 -17|0.6 143
3363 上詮|通信網路|-9 7 -2|90 90 55 97|0.3 495
3373 熱映|其他電子|44 15 11|85 85 16 7|1.8 41
3374 精材|半導體業|0 1 -9|68 68 -9 -19|2.3 1330
3376 新日興|電子零組|5 10 -25|82 95 23 3|1.7 461
3379 彬台|電機機械|127 86 -12|92 92 61 25|4.2 124
3380 明泰|通信網路|-24 -14 9|90 91 1 5|0.4 34
3402 漢科|其他電子|-4 -0 -27|83 88 -2 5|0.8 42
3406 玉晶光|光電業|-20 -20 -51|69 79 3 -13|0.9 1316
3413 京鼎|半導體業|34 42 15|73 78 -15 -5|0.7 185
3416 融程電|電腦及週|15 39 20|88 88 15 22|0.8 66
3419 譁裕|通信網路|46 26 18|84 87 0 -8|0.1 12
3430 奇鈦科|化學工業|32 14 -4|63 63 -22 -3|0.2 6
3437 榮創|光電業|14 1 -4|53 72 -20 -19|0.6 10
3438 類比科|半導體業|8 10 -1|62 71 -27 -26|0.5 5
3441 聯一光電|光電業|34 18 4|84 84 -9 -4|0.3 8
3443 創意|半導體業|22 -5 -0|69 86 4 11|0.9 2199
3444 利機|電子通路|34 26 8|58 73 -5 -23|0.7 8
3447 展達|通信網路|43 92 79|53 53 -34 55|0.2 100
3450 聯鈞|半導體業|81 72 34|90 90 37 138|1.0 9917
3454 晶睿|光電業|14 18 33|83 96 11 9|3.0 80
3455 由田|光電業|-31 -16 -12|74 74 -19 -6|0.4 39
3466 德晉|通信網路|-30 -65 -3|57 67 -25 -26|0.4 15
3479 安勤|電腦及週|6 4 11|74 79 -11 -8|0.4 15
3481 群創|光電業|-4 1 -2|77 81 -16 -19|0.9 480
3483 力致|電腦及週|2 11 3|61 76 -13 -16|0.4 57
3484 崧騰|電子零組|37 48 21|80 80 -3 3|0.3 16
3490 單井|光電業|48 1 19|66 75 -16 -18|0.1 5
3491 昇達科|通信網路|56 52 1|96 96 44 35|2.1 1610
3498 陽程|其他電子|403 386 309|67 67 -23 6|0.2 40
3501 維熹|電子零組|5 6 -5|78 80 -5 -14|0.3 8
3504 揚明光|光電業|-8 -5 9|78 87 3 4|1.0 109
3508 位速|其他電子|25 11 25|85 94 -2 -1|1.0 11
3511 矽瑪|電子零組|60 39 42|65 65 -6 20|0.2 18
3515 華擎|電腦及週|68 65 30|74 87 8 11|0.3 90
3518 柏騰|其他電子|-15 -1 2|52 52 -31 -44|0.6 8
3522 御嵿|觀光餐旅|38 21 -4|78 78 4 5|0.7 6
3526 凡甲|電子零組|54 38 3|90 90 -5 18|0.5 47
3529 力旺|半導體業|5 11 -9|89 89 -0 35|0.8 1409
3530 晶相光|半導體業|-25 -8 -14|59 78 -19 -13|0.2 10
3532 台勝科|半導體業|-23 -18 -2|47 54 -29 -44|0.5 60
3533 嘉澤|電子零組|26 27 4|84 84 1 24|0.8 1452
3535 晶彩科|光電業|-67 678 346|60 61 -15 -40|1.2 54
3537 堡達|電子零組|-2 -3 -3|69 75 -16 -20|0.2 8
3540 曜越|電腦及週|8 1 10|61 81 -9 -16|0.2 5
3545 敦泰|半導體業|1 16 6|67 80 -15 -12|0.4 114
3548 兆利|電子零組|58 19 -7|59 77 9 -1|0.2 126
3550 聯穎|電子零組|28 12 11|52 52 -36 -1|0.4 9
3551 世禾|綠能環保|17 16 3|83 83 -16 38|1.1 281
3552 同致|其他電子|-14 -21 -12|69 78 -19 -2|0.1 15
3557 嘉威|居家生活|-10 3 -18|87 87 -1 -9|0.7 10
3558 神準|通信網路|24 -0 25|78 78 23 22|0.2 137
3563 牧德|光電業|200 162 149|79 83 5 13|0.5 141
3564 其陽|通信網路|57 24 5|53 68 -21 -22|0.5 16
3570 大塚|資訊服務|31 50 23|89 89 16 -1|0.4 8
3580 友威科|其他電子|-17 -1 -5|62 62 -21 -18|0.2 48
3581 博磊|半導體業|-4 -2 2|62 62 -38 13|0.2 13
3583 辛耘|半導體業|10 34 -7|68 68 -23 -14|0.7 515
3587 閎康|其他電子|2 5 -1|77 80 -14 -11|0.6 45
3588 通嘉|半導體業|-1 2 -28|51 66 -26 -20|1.1 14
3591 艾笛森|光電業|29 27 -2|75 82 -8 -9|0.3 32
3592 瑞鼎|半導體業|14 16 -19|78 97 14 4|0.7 258
3594 磐儀|電腦及週|43 29 35|84 84 19 10|0.3 143
3596 智易|通信網路|-13 -14 -11|93 100 17 26|0.8 278
3597 映興|電子零組|73 90 63|66 66 1 39|0.2 20
3605 宏致|電子零組|29 24 9|91 91 1 15|4.4 47
3607 谷崧|電子零組|38 31 10|73 73 -20 -9|0.2 7
3609 三一東林|電子零組|-54 -36 -4|87 93 14 -3|1.3 22
3615 安可|光電業|-11 -13 -9|64 64 -25 -4|0.1 10
3617 碩天|其他電子|11 14 7|83 83 8 29|0.4 222
3622 洋華|光電業|-57 -20 -23|68 74 -14 -9|0.6 25
3624 光頡|電子零組|4 1 -1|65 67 -24 -31|1.2 6
3625 西勝|電腦及週|-82 -73 -22|81 81 47 29|0.7 30
3630 新鉅科|光電業|10 3 -23|70 82 -8 -13|0.3 31
3645 達邁|電子零組|44 65 18|93 93 48 61|2.7 2432
3653 健策|電子零組|54 41 23|79 79 -14 8|0.8 1102
3661 世芯-KY|半導體業|28 42 -33|67 88 55 14|0.9 8023
3663 鑫科|其他電子|113 111 29|55 55 -35 -27|0.3 46
3664 安瑞-KY|通信網路|20 -31 -30|75 83 -5 -1|0.8 7
3665 貿聯-KY|其他電子|33 20 14|80 80 29 54|1.2 2170
3673 TPK-KY|光電業|-19 -13 -12|69 79 -13 -16|0.7 47
3675 德微|半導體業|18 31 -2|52 61 -30 -34|0.4 43
3679 新至陞|電子零組|38 23 -1|97 98 9 -3|1.2 14
3680 家登|半導體業|13 22 -18|74 74 -17 -3|1.2 259
3687 歐買尬|數位雲端|9 5 -1|73 73 -27 0|0.9 9
3689 湧德|電子零組|11 7 21|81 81 -5 20|0.3 258
3691 碩禾|光電業|-48 -9 -156|39 54 -25 -44|0.5 10
3693 營邦|電腦及週|-7 -10 -10|73 82 5 -9|0.5 64
3694 海華|通信網路|5 1 3|88 88 33 29|0.7 410
3701 大眾控|電腦及週|-13 -9 -11|53 73 -2 -18|0.2 38
3702 大聯大|電子通路|45 27 -4|73 82 -8 -18|0.6 260
3703 欣陸|建材營造|-9 -5 -6|75 83 5 -16|0.4 17
3704 合勤控|通信網路|28 1 13|77 89 -8 5|0.3 37
3705 永信|生技醫療|15 12 -3|87 87 -4 4|0.8 12
3706 神達|電腦及週|255 202 123|81 81 56 69|0.6 1737
3707 漢磊|半導體業|-20 -13 4|58 64 -25 -31|0.6 38
3708 上緯投控|綠能環保|-7 7 -1|52 65 -21 -28|0.5 31
3709 鑫聯大投控|電腦及週|110 64 29|76 76 -24 19|0.3 5
3710 連展投控|電子零組|19 13 -9|77 77 -5 9|3.4 12
3711 日月光投控|半導體業|6 1 -1|83 91 2 7|1.4 2194
3712 永崴投控|電腦及週|46 68 13|82 82 22 7|0.3 88
3714 富采|光電業|5 -1 -12|92 92 -5 8|1.0 200
3715 定穎投控|電子零組|14 10 -4|66 71 -18 -4|0.7 92
4104 佳醫|生技醫療|6 5 1|91 93 -2 -4|0.8 7
4105 東洋|生技醫療|21 4 -4|97 100 4 4|1.6 22
4107 邦特|生技醫療|-10 -3 -10|84 84 -2 -5|0.4 6
4109 加捷生醫|生技醫療|147 60 -5|58 66 -20 -28|1.2 15
4113 聯上|建材營造|59 1217186 828730|42 48 -7 -50|0.6 13
4114 健喬|生技醫療|20 14 5|88 88 -7 -8|0.8 22
4119 旭富|生技醫療|-12 37 3|86 86 -5 -8|0.4 12
4121 優盛|生技醫療|1 1 -1|68 89 4 -10|0.6 15
4123 晟德|生技醫療|-17 12 -6|72 80 -17 -16|0.7 44
4126 太醫|生技醫療|29 23 21|95 95 5 11|0.4 7
4127 天良|生技醫療|-31 -25 -8|86 91 4 13|0.5 9
4128 中天|生技醫療|13 10 1|68 73 -17 -17|0.7 29
4129 聯合|生技醫療|20 16 -3|87 92 -5 3|0.7 12
4133 亞諾法|生技醫療|6 -5 1|89 97 6 -1|0.7 16
4137 麗豐-KY|生技醫療|-11 -16 -13|56 70 -24 -22|0.7 12
4142 國光生|生技醫療|147 19 19|75 84 1 -13|1.1 77
4147 中裕|生技醫療|-21 -7 -51|75 88 6 4|0.6 72
4157 太景*-KY|生技醫療|16 24 -12|68 74 -20 -21|0.7 11
4162 智擎|生技醫療|1149 391 276|92 94 -0 9|0.6 72
4164 承業醫|生技醫療|32 -19 -21|72 93 5 -6|0.8 10
4167 松瑞藥|生技醫療|-46 -13 -33|78 88 -9 -9|0.7 18
4174 浩鼎|生技醫療|10 -41 -1126|66 66 -9 1|0.7 24
4303 信立|塑膠工業|285 485 318|78 88 6 5|0.3 93
4306 炎洲|塑膠工業|-10 -16 -40|77 78 -5 -20|0.7 13
4438 廣越|紡織纖維|42 33 30|87 90 -4 -7|0.4 7
4503 金雨|電機機械|65 27 -7|81 91 11 4|1.3 35
4510 高鋒|電機機械|-26 -22 -8|73 73 -5 27|0.1 201
4513 福裕|電機機械|17 -8 -0|34 34 -24 -52|0.5 13
4523 永彰|電機機械|56 35 25|52 67 -14 -26|0.5 14
4526 東台|電機機械|-6 -11 11|71 71 -12 2|0.2 76
4527 方方土霖|電機機械|-0 -10 -22|73 73 -26 5|0.8 10
4532 瑞智|電機機械|11 26 -3|85 85 -3 -10|1.8 23
4533 協易機|電機機械|42 11 0|64 69 -19 -24|0.4 35
4534 慶騰|電機機械|37 24 -2|69 69 -2 -3|0.6 10
4536 拓凱|運動休閒|17 33 26|84 84 -16 4|1.0 41
4540 全球傳動|電機機械|69 35 41|77 77 7 42|0.5 296
4541 晟田|其他|35 32 13|95 95 16 27|0.8 38
4542 科嶠|電子零組|-69 -61 -32|71 71 -21 15|0.4 10
4545 銘鈺|電子零組|36 30 9|58 58 -33 -24|0.3 6
4549 桓達|電機機械|1 -6 -1|73 73 4 33|0.6 326
4551 智伸科|汽車工業|39 24 15|71 71 -23 11|0.6 20
4555 氣立|電機機械|12 15 3|56 72 -8 -26|0.2 29
4557 永新-KY|汽車工業|35 33 12|84 84 -7 17|0.9 11
4560 強信-KY|電機機械|41 36 4|92 94 4 -7|0.5 5
4561 健椿|電機機械|-24 -18 -23|75 75 -8 34|0.2 76
4562 穎漢|電機機械|15 22 16|70 70 -14 3|0.3 109
4563 百德|電機機械|-9 11 -16|62 62 -22 21|0.3 74
4564 元翎|電機機械|46 32 42|80 80 -1 -16|0.9 5
4566 時碩工業|電機機械|14 21 6|62 70 -18 -22|0.4 122
4569 六方科-KY|汽車工業|23 12 -8|53 53 -45 64|0.3 34
4571 鈞興-KY|電機機械|16 38 6|71 71 15 64|0.7 353
4572 駐龍|電機機械|-19 -0 -6|89 93 3 1|0.4 5
4576 大銀微系統|電機機械|63 18 12|88 88 -2 93|0.8 1228
4577 達航科技|其他電子|166 138 120|73 73 0 24|0.2 5
4583 台灣精銳|電機機械|13 7 -4|82 82 1 159|0.9 1841
4588 玖鼎電力|其他電子|232 89 66|na 79 -5 -19|0.6 6
4714 永捷|化學工業|112 137 66|57 70 -16 -23|0.4 10
4716 大立|化學工業|32 5 -9|59 59 -32 1|0.2 12
4721 美琪瑪|化學工業|-8 7 14|72 78 -15 -13|0.2 12
4722 國精化|化學工業|15 2 -19|93 99 13 4|2.6 8
4726 永昕|生技醫療|-34 24 -15|63 69 -22 -31|0.6 14
4729 熒茂|光電業|35 19 27|66 66 -23 7|0.1 13
4736 泰博|生技醫療|14 9 8|88 88 -10 -6|0.7 11
4739 康普|化學工業|-16 -16 4|72 81 -11 -17|0.4 8
4743 合一|生技醫療|37 23 -18|44 48 -40 -51|0.5 140
4746 台耀|生技醫療|9 13 4|64 70 -20 -28|0.4 46
4747 強生製藥|生技醫療|-7 -4 -6|79 92 -4 1|0.4 5
4755 三福化|化學工業|-19 40 31|74 84 -5 -5|0.2 13
4760 勤凱科技|其他電子|55 94 48|71 71 -12 -9|0.8 9
4763 材料*-KY|化學工業|15 18 -38|83 88 3 1|0.4 653
4766 南寶|化學工業|12 11 -2|86 96 15 -1|0.4 68
4768 晶呈科技|化學工業|29 32 3|63 70 -19 -17|0.8 35
4770 上品|化學工業|21 26 9|61 69 -16 -30|0.9 38
4771 望隼|生技醫療|-9 -6 na|na 67 -11 -30|1.2 14
4772 台特化|化學工業|19 36 na|na na 47 na|1.7 462
4903 聯光通|通信網路|100 -12 -41|65 65 -19 20|1.3 80
4904 遠傳|通信網路|15 10 -2|96 96 0 4|0.6 284
4906 正文|通信網路|-4 3 4|72 75 -8 -23|0.4 38
4908 前鼎|通信網路|3 -13 -17|78 80 -1 9|1.0 234
4909 新復興|通信網路|15 331 -23|51 51 -23 -12|0.4 206
4912 聯德控股-KY|電子零組|56 28 0|76 76 25 30|1.5 410
4915 致伸|電子零組|-2 -6 -3|74 83 -6 -11|1.3 87
4916 事欣科|電腦及週|6 -8 -14|88 92 9 5|0.7 27
4919 新唐|半導體業|-8 -14 -5|68 83 -13 -14|0.3 226
4927 泰鼎-KY|電子零組|-6 0 1|57 57 -23 -37|0.7 38
4931 新盛力|電腦及週|74 66 30|89 89 89 141|1.6 2449
4933 友輝|光電業|30 25 3|96 96 11 7|1.2 52
4935 茂林-KY|光電業|22 14 -5|72 72 -27 -8|1.5 9
4938 和碩|電腦及週|23 -1 8|81 92 -4 -3|0.9 541
4952 凌通|半導體業|-9 -6 -19|69 87 -7 -10|0.4 17
4953 緯致|資訊服務|8 11 -5|72 76 -9 -10|0.9 74
4956 光鋐|光電業|29 28 12|67 67 -22 14|0.2 54
4958 臻鼎-KY|電子零組|6 3 -14|74 82 3 -16|0.5 373
4960 誠美材|光電業|10 -3 -1|79 89 10 -10|0.8 18
4961 天鈺|半導體業|44 38 19|79 79 -10 -14|0.3 69
4966 譜瑞-KY|半導體業|-4 9 -11|54 87 -3 -4|0.4 285
4967 十銓|半導體業|-43 -41 -90|43 59 -17 -39|0.4 62
4968 立積|半導體業|-1 3 -22|80 88 18 -9|0.6 579
4971 IET-KY|半導體業|88 35 21|88 88 17 64|1.0 88
4974 亞泰|電子零組|13 38 10|73 73 9 41|0.6 581
4976 佳凌|光電業|29 17 -6|55 68 -17 -28|0.5 19
4977 眾達-KY|通信網路|73 92 88|90 90 32 98|0.9 2539
4979 華星光|通信網路|20 5 -19|96 96 65 126|1.4 5142
4987 科誠|電腦及週|49 26 11|97 97 25 46|0.4 8
4991 環宇-KY|半導體業|49 18 -29|90 90 100 251|1.2 2368
5009 榮剛|鋼鐵工業|0 -7 -2|90 99 5 4|1.5 86
5014 建錩|鋼鐵工業|6 16 8|73 73 -20 -5|0.4 5
5202 力新|資訊服務|328 95 56|73 73 -23 9|0.4 15
5203 訊連|資訊服務|4 3 -9|90 98 7 2|1.5 27
5213 亞昕|建材營造|813 236 -120|63 65 9 -36|0.6 18
5222 全訊|半導體業|-0 -12 -19|68 74 -9 -23|0.5 23
5225 東科-KY|其他電子|21 10 -11|83 83 8 3|0.5 60
5234 達興材料|光電業|24 8 10|84 84 -5 54|1.5 344
5236 凌陽創新|半導體業|40 14 3|70 70 -17 -13|0.6 28
5243 乙盛-KY|光電業|35 36 22|76 76 -8 -5|0.5 161
5244 弘凱|光電業|-18 -13 -12|79 79 6 -6|1.1 79
5258 虹堡|電腦及週|-2 -7 -4|56 60 -27 -33|0.4 26
5263 智崴|文化創意|104 99 41|70 70 -23 -19|0.4 28
5269 祥碩|半導體業|-4 14 -17|80 95 26 22|0.8 1622
5274 信驊|半導體業|131 114 10|60 60 -21 -22|1.0 2218
5278 尚凡*|數位雲端|19 15 9|75 75 14 75|0.9 20
5283 禾聯碩|電器電纜|-7 8 2|91 95 -1 1|1.3 6
5284 jpp-KY|其他|67 49 40|69 89 -2 35|1.3 235
5288 豐祥-KY|電機機械|16 8 6|85 85 -7 -1|0.8 15
5289 宜鼎|電腦及週|0 5 -3|59 65 -25 -30|1.0 49
5292 華懋|綠能環保|19 11 0|86 86 -4 -4|0.9 6
5306 桂盟|運動休閒|30 15 8|78 78 -8 -15|0.5 12
5309 系統電|電子零組|-18 -14 -9|79 79 14 -8|0.1 122
5314 世紀*|其他|155 745 na|91 91 299 378|1.4 107
5315 光聯|光電業|74 66 59|81 81 -1 10|0.1 13
5328 華容|電子零組|25 14 27|82 82 -2 -2|0.3 33
5340 建榮|電子零組|26 35 -31|57 70 -14 -21|0.3 6
5347 世界|半導體業|23 19 3|65 71 -9 -23|0.9 576
5351 鈺創|半導體業|-8 -2 -34|56 75 -16 -24|0.6 51
5371 中光電|光電業|10 -0 -1|66 85 9 6|0.5 941
5381 光譜|電機機械|24 96 -267|52 65 -25 -34|1.1 7
5386 青雲|電腦及週|216 182 43|66 66 -26 16|0.1 15
5388 中磊|通信網路|3 -14 -5|87 98 11 9|1.3 534
5392 能率|光電業|2 -4 -5|75 82 7 2|1.6 196
5403 中菲|資訊服務|69 29 15|90 100 9 6|1.2 7
5425 台半|半導體業|42 22 20|63 75 -20 -19|0.6 43
5426 振發|電腦及週|63 49 42|67 75 7 -10|0.1 35
5432 新門|綠能環保|-36 -39 -17|40 41 -48 -51|1.2 33
5434 崇越|電子通路|39 30 14|89 89 -9 6|0.5 128
5438 東友|電腦及週|11 46 30|54 54 -45 32|0.1 15
5439 高技|電子零組|18 7 10|83 83 17 18|0.4 385
5443 均豪|半導體業|-8 93 37|62 62 -19 -8|0.4 209
5452 佶優|其他電子|3 -0 -3|65 66 -26 -18|0.3 18
5457 宣德|電子零組|57 58 23|72 79 0 -0|0.2 22
5465 富驊|電腦及週|26 -8 8|74 84 4 15|0.3 19
5469 瀚宇博|電子零組|12 1 4|73 90 -8 -6|0.7 97
5471 松翰|半導體業|12 1 -5|74 82 -11 -17|0.3 8
5474 聰泰|電腦及週|-34 -6 -12|91 91 21 32|1.2 433
5478 智冠|文化創意|-5 2 -7|73 85 -13 -8|0.8 7
5481 新華|其他|1 -3 -4|97 97 31 126|0.6 57
5483 中美晶|半導體業|-19 -4 -2|49 57 -27 -40|0.5 543
5484 慧友|光電業|-66 7 -20|46 57 -4 -28|0.5 43
5493 三聯|其他電子|23 17 -5|69 75 -21 -10|1.1 9
5508 永信建|建材營造|-79 -71 -234|41 42 -41 -57|0.7 84
5511 德昌|建材營造|2 -16 -7|85 96 1 7|0.6 7
5515 建國|建材營造|100 72 25|84 97 8 4|1.0 11
5519 隆大|建材營造|-17 -1 -166|53 53 -9 -42|0.6 12
5521 工信|建材營造|70 34 -1|69 78 -13 -20|1.5 12
5522 遠雄|建材營造|-89 -16 -265|82 89 15 -10|0.3 119
5530 龍巖|其他|-9 15 13|91 94 15 3|0.5 18
5531 鄉林|建材營造|2491 794 615|75 89 3 -7|0.9 7
5534 長虹|建材營造|273 72 -46|59 59 -3 -36|0.4 41
5536 聖暉*|其他電子|55 43 22|100 100 30 91|1.0 387
5603 陸海|航運業|11 -3 -5|74 74 -26 -7|0.3 5
5607 遠雄港|航運業|17 17 -2|67 76 -4 -21|0.4 11
5608 四維航|航運業|17 12 11|66 82 -9 -17|0.4 10
5609 中菲行|航運業|42 42 13|84 89 -5 -9|0.6 6
5706 鳳凰|觀光餐旅|97 63 4|81 97 9 1|4.5 20
5864 致和證|金融業|-95 -44 -49|70 75 -15 -24|0.5 7
5871 中租-KY|其他|-0 1 -4|67 73 -21 -21|0.8 970
5876 上海商銀|金融保險|36 17 11|95 100 10 6|0.7 317
5880 合庫金|金融保險|1 -3 -10|93 93 -3 -6|0.8 230
5903 全家|居家生活|3 5 -1|97 97 1 2|0.4 15
5904 寶雅|居家生活|11 7 -1|88 88 -4 -7|0.5 39
5905 南仁湖|觀光餐旅|-3 -7 -3|56 56 -12 -16|1.4 10
5907 大洋-KY|貿易百貨|-16 -17 -2|75 75 -13 16|0.2 6
6005 群益證|金融保險|-1 15 -22|91 91 18 11|0.4 516
6015 宏遠證|金融業|-26 888 609|80 87 -6 -12|1.0 7
6016 康和證|金融業|41 85 -11|88 98 5 -1|1.7 11
6023 元大期貨|金融業|5 3 -15|89 93 -4 -4|0.5 13
6024 群益期|金融保險|19 16 -12|97 97 4 7|0.8 17
6101 寬魚國際|文化創意|-53 159 -41|79 79 -3 -16|1.5 14
6104 創惟|半導體業|32 35 8|92 92 17 84|1.4 416
6108 競國|電子零組|-25 -25 -11|67 79 -5 -12|0.3 9
6111 光聚晶電|文化創意|21 25 -70|68 86 -12 -13|2.5 21
6112 邁達特|資訊服務|29 6 11|86 100 28 5|1.9 138
6117 迎廣|電腦及週|20 2 -24|52 68 -17 -29|0.2 44
6118 建達|電子通路|18 12 4|85 89 -0 -3|1.5 24
6120 達運|光電業|-8 -1 -24|65 79 -14 -15|0.9 8
6121 新普|電腦及週|-11 -10 -4|69 90 8 3|0.6 350
6122 擎邦|電機機械|-13 -33 -17|81 93 -1 6|0.8 8
6125 廣運|電機機械|-23 -33 16|62 78 -7 -17|0.5 276
6126 信音|電子零組|25 7 2|68 73 -16 -28|0.2 8
6127 九豪|電子零組|7 19 -3|71 78 -11 -16|0.2 17
6133 金橋|電子零組|25 23 4|68 68 -29 -9|0.2 10
6134 萬旭|電子零組|67 59 18|65 65 -23 35|0.1 13
6138 茂達|半導體業|7 -0 -15|75 80 -16 -1|0.4 72
6139 亞翔|其他電子|-57 -54 -102|71 100 9 12|1.9 768
6140 訊達電腦|資訊服務|72 42 37|59 94 8 -4|2.6 13
6141 柏承|電子零組|-28 -33 -27|64 81 8 -15|0.5 25
6142 友勁|通信網路|44 58 84|81 81 -14 4|0.2 8
6143 振曜|通信網路|144 59 43|81 81 6 2|1.2 117
6146 耕興|其他電子|-3 -3 3|72 86 -8 -12|0.7 20
6147 頎邦|半導體業|16 12 10|84 95 0 0|0.6 118
6150 撼訊|電腦及週|19 -16 -6|70 84 -7 -8|0.2 14
6151 晉倫|其他電子|1 7 -1|58 58 -40 18|0.2 29
6152 百一|通信網路|15 -14 -20|61 61 -23 -25|0.5 6
6153 嘉聯益|電子零組|-27 -27 -2|57 62 -28 -36|0.4 18
6156 松上|電子零組|56 47 18|64 64 -29 1|0.2 17
6163 華電網|資訊服務|-10 47 21|70 70 -14 -13|0.4 12
6165 浪凡|數位雲端|7 4 -2|85 90 -8 24|1.4 15
6166 凌華|電腦及週|1 6 17|86 94 10 5|0.6 48
6168 宏齊|光電業|-17 -13 -10|74 85 -8 -4|1.4 62
6173 信昌電|電子零組|14 6 4|70 78 -13 -20|0.6 13
6175 立敦|電子零組|3 8 -7|88 88 15 -5|4.3 14
6176 瑞儀|光電業|41 27 10|90 92 -7 12|0.8 294
6177 達麗|建材營造|-93 33 -344|61 61 2 -35|0.6 56
6179 亞通|其他|300 162 129|76 79 -13 -8|0.6 9
6180 橘子|文化創意|-9 4 -10|84 84 -7 -2|0.7 63
6182 合晶|半導體業|-9 -2 11|56 64 -21 -35|0.4 35
6186 新潤|建材營造|-88 207 -14370|57 57 1 -37|0.4 17
6187 萬潤|半導體業|313 333 -15|71 71 -14 35|1.2 1599
6188 廣明|電腦及週|1 -14 7|76 86 2 -3|0.4 503
6189 豐藝|電子通路|13 9 -23|74 85 -6 -11|0.7 33
6190 萬泰科|通信網路|33 36 10|78 84 -5 -7|0.7 15
6191 精成科|電子零組|-7 -11 -7|83 90 7 4|1.3 873
6192 巨路|其他電子|-13 26 9|81 86 -4 -11|0.6 29
6196 帆宣|其他電子|-5 -1 -9|85 91 -6 -3|0.4 41
6197 佳必琪|電子零組|15 12 -28|67 70 -24 -20|0.3 78
6199 天品|其他|-38 6 26|96 96 116 236|0.6 34
6202 盛群|半導體業|45 43 41|71 76 -21 -15|0.6 32
6203 海韻電|電子零組|-27 -25 11|76 90 5 -10|0.4 12
6205 詮欣|電子零組|-19 6 -5|80 87 2 1|1.3 38
6206 飛捷|電腦及週|69 32 -2|95 100 9 11|1.2 36
6207 雷科|電子零組|60 11 -13|63 68 -21 -18|0.8 25
6209 今國光|光電業|27 15 24|78 89 6 -2|0.2 43
6213 聯茂|電子零組|13 14 -5|53 76 -9 -22|0.3 176
6214 精誠|資訊服務|-18 7 -5|81 81 0 9|1.1 333
6215 和椿|其他電子|164 129 57|96 96 79 92|2.3 2363
6216 居易|通信網路|-9 16 -43|69 69 -24 -18|0.3 14
6217 中探針|電子零組|43 48 31|68 79 -18 -17|0.9 15
6219 富旺|建材營造|309 254 -1980|74 74 16 -25|0.7 10
6220 岳豐|電子零組|0 -4 -6|85 85 -9 8|0.6 9
6223 旺矽|半導體業|26 38 13|80 80 -1 47|0.8 2250
6224 聚鼎|電子零組|33 17 12|68 68 -28 -2|0.8 10
6227 茂綸|電子通路|-7 13 20|79 79 3 3|0.3 47
6230 尼得科超眾|電腦及週|10 -2 21|44 62 -23 -36|0.5 7
6231 系微|資訊服務|18 15 -4|63 63 -31 -9|1.6 543
6234 高僑|光電業|-26 -31 -9|77 84 -8 -5|0.8 10
6235 華孚|電腦及週|-25 -21 -22|53 77 -18 -20|0.3 45
6237 驊訊|半導體業|23 53 43|71 86 4 10|2.5 261
6239 力成|半導體業|-14 -10 -15|57 72 -12 -29|1.2 296
6243 迅杰|半導體業|-9 -8 9|50 74 -16 -19|0.5 9
6244 茂迪|光電業|-21 -9 8|58 69 -18 -30|0.6 20
6245 立端|通信網路|-6 -1 8|87 94 7 9|0.9 138
6248 沛波|鋼鐵工業|9 10 -17|85 86 -7 -7|0.6 5
6257 矽格|半導體業|20 23 5|84 87 -11 -10|0.7 156
6261 久元|半導體業|-34 -18 -29|76 82 -15 -13|0.5 11
6263 普萊德|通信網路|26 9 4|79 79 -9 -5|0.8 7
6269 台郡|電子零組|-22 -32 -13|68 73 -13 -26|1.3 54
6271 同欣電|半導體業|-12 -6 -11|78 87 -6 -9|0.6 116
6274 台燿|電子零組|41 43 -1|81 82 -6 -5|0.7 698
6275 元山|電子零組|40 17 8|67 87 -13 -10|1.1 5
6278 台表科|光電業|2 -2 -2|76 83 -4 -15|0.5 87
6279 胡連|電子零組|26 23 3|98 98 10 22|0.6 112
6281 全國電|電子通路|3 -1 2|92 93 -6 -6|2.7 6
6282 康舒|電子零組|3 -1 -22|69 82 -9 -15|0.5 60
6283 淳安|其他電子|61 48 22|75 84 -13 -4|0.3 6
6284 佳邦|電子零組|2 4 -9|79 81 -9 -5|0.6 89
6285 啟碁|通信網路|-2 -6 -6|84 100 13 2|1.8 562
6288 聯嘉|汽車工業|14 20 -9|69 77 -14 -9|0.1 20
6290 良維|電子零組|21 13 4|78 90 0 -2|1.5 46
6405 悅城|光電業|-99 -51 -16|60 60 -34 20|0.1 14
6409 旭隼|其他電子|8 9 -12|72 72 -22 -8|0.8 227
6411 晶焱|半導體業|3 14 9|70 76 -18 -13|0.5 9
6412 群電|電子零組|15 10 7|68 84 -4 -9|0.5 83
6414 樺漢|電腦及週|10 16 -4|78 89 -4 -7|0.4 92
6415 矽力*-KY|半導體業|41 19 -1|68 68 -27 -16|0.7 699
6416 瑞祺電通|通信網路|35 7 3|69 69 -22 -14|0.4 38
6425 易發|電機機械|-19 60 -61|66 69 -26 -3|0.6 44
6426 統新|通信網路|21 -14 -10|70 70 8 24|0.6 87
6438 迅得|其他電子|-14 -7 4|90 90 2 84|1.1 605
6442 光聖|通信網路|485 298 153|87 87 18 24|0.2 358
6443 元晶|光電業|-63 -59 -14|52 61 -24 -39|0.6 34
6446 藥華藥|生技醫療|74 93 -1|92 92 5 3|0.9 1120
6449 鈺邦|電子零組|30 27 7|64 70 -13 -19|0.9 62
6451 訊芯-KY|半導體業|43 27 27|84 84 8 2|0.9 1527
6456 GIS-KY|光電業|51 12 12|70 79 -9 -18|0.8 51
6462 神盾|半導體業|13 44 19|44 55 -24 -39|0.3 140
6469 大樹|生技醫療|11 7 0|53 75 -13 -25|0.8 23
6470 宇智|通信網路|16 13 29|78 78 -4 -9|0.3 6
6472 保瑞|生技醫療|108 81 35|88 97 13 2|1.1 798
6477 安集|光電業|-7 -23 4|81 94 15 1|0.5 36
6488 環球晶|半導體業|-15 -1 9|55 64 -21 -34|0.6 493
6491 晶碩|生技醫療|9 -10 -12|72 83 -1 -11|0.8 98
6492 生華科|生技醫療|0 0 0|69 77 -18 -24|0.6 5
6504 南六|其他|26 16 7|85 91 -7 -6|0.9 7
6505 台塑化|油電燃氣|-6 -15 -9|43 52 -28 -47|1.2 312
6509 聚和|化學工業|-3 9 4|83 83 -17 -9|0.4 13
6510 精測|半導體業|60 67 43|82 82 37 75|0.5 456
6515 穎崴|半導體業|165 132 64|77 77 -14 6|0.9 1038
6517 保勝光學|光電業|3 5 7|72 73 -14 -3|0.3 15
6525 捷敏-KY|半導體業|15 7 1|88 88 -5 3|0.4 14
6526 達發|半導體業|58 52 10|82 90 7 7|0.6 351
6530 創威|通信網路|6 17 3|73 73 -18 38|0.4 106
6531 愛普*|半導體業|-1 6 6|56 88 -1 -7|1.0 424
6532 瑞耘|半導體業|40 18 11|79 82 -8 -2|0.7 10
6533 晶心科|半導體業|-16 24 -39|69 90 -5 2|0.6 192
6535 順藥|生技醫療|93 11 36|56 56 -44 0|0.9 190
6538 倉和|電子零組|-34 -36 -44|47 60 -24 -36|0.4 8
6541 泰福-KY|生技醫療|-65 -35 -338|92 92 9 25|1.0 11
6546 正基|通信網路|14 9 -2|56 56 10 -23|0.3 138
6547 高端疫苗|生技醫療|57 -7 na|76 100 24 11|1.0 89
6548 長科*|半導體業|11 9 5|80 81 -7 -10|0.6 17
6550 北極星藥業-KY|生技醫療|24 na na|61 71 -7 -28|0.6 20
6558 興能高|其他電子|21 3 5|100 100 167 155|2.5 3113
6561 是方|通信網路|11 26 9|79 79 -9 -1|0.4 35
6568 宏觀|半導體業|75 39 29|95 98 13 25|3.6 55
6569 醫揚|生技醫療|8 -9 7|71 76 1 -29|1.3 5
6570 維田|電腦及週|15 -0 5|70 70 -1 -7|2.7 10
6576 逸達|生技醫療|-48 233 na|72 93 -1 -3|0.8 11
6579 研揚|電腦及週|-18 -13 -3|62 69 -11 -27|0.8 9
6584 南俊國際|電子零組|20 34 -13|59 69 -24 -27|0.5 13
6585 鼎基|其他|6 2 -18|69 85 14 -11|1.0 46
6588 東典光電|通信網路|179 121 89|68 68 -10 1|0.4 6
6589 台康生技|生技醫療|30 -23 -43|83 86 -11 -7|0.8 54
6591 動力-KY|電腦及週|-23 -19 -13|73 89 -1 -1|0.4 7
6592 和潤企業|其他|-18 -18 -20|64 77 -13 -23|0.6 32
6596 寬宏藝術|文化創意|-39 10 -96|94 94 21 25|0.5 38
6598 ABC-KY|生技醫療|-37 25 17|68 83 1 -12|2.3 6
6603 富強鑫|電機機械|-4 11 -9|71 71 -17 -14|1.6 8
6605 帝寶|汽車工業|16 8 -1|80 80 -9 -18|0.4 71
6609 瀧澤科|電機機械|-16 8 3|59 59 -33 45|0.1 43
6613 朋億*|其他電子|28 12 -5|94 94 30 52|6.1 40
6617 共信-KY|生技醫療|-31 4 na|na 84 9 -14|1.0 19
6625 必應|其他|12 18 -13|72 83 -14 -10|0.3 7
6629 泰金-KY|居家生活|-22 8 -32|79 79 -12 -2|0.3 7
6640 均華|半導體業|-24 193 43|47 47 -25 -40|0.4 161
6642 富致|電子零組|33 23 -1|83 83 -9 -3|0.5 5
6643 M31|半導體業|-44 -34 -31|38 54 -20 -44|0.6 431
6651 全宇昕|半導體業|24 20 12|80 80 -2 29|0.3 6
6657 華安|生技醫療|-2 17 -9|86 92 6 3|1.5 12
6658 聯策|其他電子|33 81 50|60 60 -35 8|0.2 27
6664 群翊|電子零組|-2 3 -0|64 64 -23 -18|0.5 48
6667 信紘科|其他電子|43 76 25|69 69 -29 -10|0.4 30
6668 中揚光|光電業|-13 -8 -8|63 89 2 -9|0.4 43
6669 緯穎|電腦及週|111 97 42|68 73 5 -0|1.0 5343
6670 復盛應用|運動休閒|25 25 7|97 97 10 13|0.5 127
6672 騰輝電子-KY|電子零組|-4 -7 4|76 91 5 3|3.5 180
6679 鈺太|半導體業|-2 -3 -22|59 78 -13 -12|0.7 57
6683 雍智科技|半導體業|59 48 25|87 87 35 27|1.2 830
6684 安格|半導體業|-34 -28 -58|47 71 -9 -25|0.1 11
6689 伊雲谷|數位雲端|34 28 -1|90 91 24 7|1.3 167
6690 安碁資訊|數位雲端|15 16 -0|77 86 -6 -9|0.8 25
6691 洋基工程|其他電子|60 62 60|96 96 53 52|1.0 391
6693 廣閎科|半導體業|61 41 26|92 92 -4 10|0.3 8
6695 芯鼎|半導體業|40 16 22|62 85 0 -10|0.1 74
6698 旭暉應材|其他電子|-8 -14 7|62 70 -14 -15|0.7 7
6706 惠特|光電業|58 43 65|50 50 -40 -21|0.8 342
6712 長聖|生技醫療|57 37 12|85 92 -2 -7|1.0 25
6715 嘉基|電子零組|-30 -2 3|71 77 -16 -12|0.3 20
6719 力智|半導體業|5 17 -6|67 81 -13 -18|2.2 144
6727 亞泰金屬|電子零組|47 34 14|84 84 -7 24|0.3 8
6732 昇佳電子|半導體業|-10 -9 -23|49 71 -19 -22|0.4 27
6739 竹陞科技|其他電子|96 70 na|na na 15 na|0.3 19
6741 91APP*-KY|數位雲端|22 16 -1|90 93 -3 -0|1.2 16
6742 澤米|光電業|22 11 -19|74 81 -7 10|1.5 282
6743 安普新|其他電子|41 62 -16|58 58 -19 -31|0.5 7
6752 叡揚|資訊服務|9 10 0|87 87 9 31|0.5 21
6753 龍德造船|航運業|73 36 28|67 75 -4 -13|1.0 29
6756 威鋒電子|半導體業|-11 -27 -13|43 61 -29 -36|0.6 22
6757 台灣虎航|航運業|14 11 -24|98 98 44 46|1.0 623
6761 穩得|電子零組|18 13 -3|77 77 -5 -3|0.5 7
6763 綠界科技*|數位雲端|11 7 3|68 68 -26 57|0.5 116
6768 志強-KY|運動休閒|18 30 -1|86 86 17 32|1.4 131
6770 力積電|半導體業|2 -0 -2|71 87 12 -10|3.3 199
6781 AES-KY|電子零組|39 28 27|88 88 114 109|1.2 3394
6782 視陽|生技醫療|-5 36 -22|58 66 -23 -32|1.3 41
6785 昱展新藥|生技醫療|-100 na na|na 56 -25 -35|0.8 14
6788 華景電|半導體業|79 83 19|70 70 -19 1|0.3 63
6789 采鈺|半導體業|34 44 5|82 91 9 -6|1.6 982
6790 永豐實|造紙工業|11 1 -5|73 82 -12 -17|0.4 7
6791 虎門科技|資訊服務|0 8 -5|83 83 1 62|0.4 36
6799 來頡|半導體業|-16 -16 -6|50 83 -2 -14|3.8 25
6803 崑鼎|綠能環保|34 23 11|96 97 3 -2|0.8 9
6805 富世達|電子零組|43 56 2|59 59 -20 -8|0.9 1230
6806 森崴能源|綠能環保|61 91 11|63 73 -3 -27|0.5 72
6811 宏碁資訊|數位雲端|7 26 9|84 90 15 9|0.7 45
6829 千附精密|半導體業|92 49 30|93 93 14 26|0.9 71
6830 汎銓|其他電子|8 8 3|71 71 -24 16|3.4 155
6838 台新藥|生技醫療|na na na|na na -20 na|0.5 6
6841 長佳智能|生技醫療|90 139 -197|68 82 1 -18|2.6 31
6854 錼創科技-KY創|半導體業|107 189 84|93 93 36 201|0.7 166
6859 伯特光|光電業|48 56 52|89 89 16 54|0.8 176
6862 三集瑞-KY|電子零組|14 26 na|na na -34 na|0.3 11
6863 永道-KY|通信網路|71 59 -14|94 94 9 28|1.5 208
6869 雲豹能源|綠能環保|-2 -7 11|51 65 -18 -24|0.5 170
6870 騰雲|數位雲端|24 50 26|87 87 4 20|1.1 7
6873 泓德能源|綠能環保|13 129 -77|65 66 -12 -27|0.3 104
6877 鏵友益|其他電子|1004 464 295|74 74 17 41|0.1 52
6890 來億-KY|運動休閒|44 33 na|na 90 11 45|1.4 460
6895 宏碩系統|半導體業|36 45 42|59 70 -9 -29|0.6 42
6901 鑽石投資|其他|134 -121 92|70 77 -11 -22|0.5 11
6903 巨漢|其他電子|-12 -18 na|na 78 -7 -20|0.4 7
6906 現觀科|數位雲端|9 7 -7|na 67 -23 -5|0.3 9
6913 鴻呈|電子零組|46 45 na|na na -9 na|0.3 9
6919 康霈*|生技醫療|-100 2523 na|na na 42 na|2.0 749
6922 宸曜|電腦及週|85 53 14|88 88 39 15|1.6 54
6928 攸泰科技|電腦及週|-39 -42 na|na 80 6 -15|0.5 38
6933 AMAX-KY|電腦及週|28 7 13|51 70 -20 -27|0.4 15
6937 天虹|半導體業|326 97 30|73 73 -13 11|0.3 398
6951 青新-創|綠能環保|28 51 na|na 88 8 32|0.7 5
6957 裕慶-KY|其他|173 90 na|na 66 -13 -18|0.9 88
7402 邑錡|光電業|16 7 1|60 87 8 -11|0.6 69
7556 意德士科技|半導體業|27 27 5|90 90 8 26|1.2 15
8011 台通|通信網路|13 -22 -60|67 75 -14 -19|0.2 17
8016 矽創|半導體業|6 2 -6|65 84 -8 -17|0.4 140
8021 尖點|其他電子|25 22 -8|79 79 -17 -9|0.3 15
8027 鈦昇|電機機械|-13 2 -14|56 67 -23 -24|0.3 58
8028 昇陽半導體|半導體業|47 40 31|84 84 0 3|0.6 1055
8032 光菱|電子通路|60 36 26|57 57 -30 84|0.1 42
8033 雷虎|其他|50 33 6|83 99 23 5|1.2 171
8039 台虹|電子零組|10 3 -22|62 62 -17 -17|1.0 74
8040 九暘|半導體業|-12 -7 2|70 83 -7 -4|0.4 14
8042 金山電|電子零組|9 5 -4|63 63 3 2|0.4 19
8043 蜜望實|電子零組|26 9 13|57 57 -28 9|0.4 8
8044 網家|數位雲端|-7 -10 -1|73 73 -7 34|0.1 39
8046 南電|電子零組|0 -14 8|55 75 -2 -23|1.1 404
8047 星雲|其他電子|-6 11 12|71 71 8 25|0.1 16
8050 廣積|電腦及週|-5 10 21|77 83 -13 -16|1.0 27
8054 安國|半導體業|-28 11 -3|53 57 -19 -37|0.2 210
8059 凱碩|通信網路|182 108 81|72 72 -10 4|0.3 13
8064 東捷|光電業|-20 -10 1|65 65 -29 -25|0.3 85
8069 元太|光電業|51 67 45|90 90 -5 7|0.8 732
8070 長華*|電子通路|10 8 3|61 61 -24 -7|0.5 121
8071 能率網通|電子零組|15 7 10|74 79 -1 1|1.0 40
8076 伍豐|電腦及週|32 -3 4|82 82 -4 -7|0.7 13
8081 致新|半導體業|16 10 5|70 89 0 -10|0.5 64
8083 瑞穎|電機機械|10 7 -33|89 94 1 -5|0.6 7
8084 巨虹|電子通路|63 10 23|51 66 -6 -35|1.1 7
8085 福華|其他電子|-5 -1 13|29 58 -21 -40|0.6 13
8086 宏捷科|半導體業|-34 -29 -143|57 77 -4 -16|0.8 201
8089 康全電訊|通信網路|500 387 47|48 48 -16 -38|0.2 45
8091 翔名|半導體業|7 5 -6|68 70 -18 -20|0.4 10
8096 擎亞|電子通路|27 6 -32|73 73 7 -2|2.4 43
8097 常珵|通信網路|1994 2229 560|87 87 10 22|0.2 57
8099 大世科|資訊服務|6 -1 4|67 88 -6 -3|0.7 11
8103 瀚荃|電子零組|29 16 9|64 65 -10 -27|0.5 17
8104 錸寶|光電業|-28 -20 -7|69 69 -11 -7|0.2 54
8105 凌巨|光電業|16 10 13|59 69 -19 -29|7.3 12
8110 華東|半導體業|-10 2 -6|58 69 -20 -29|0.5 9
8111 立碁|光電業|0 5 2|86 86 16 106|1.5 730
8112 至上|電子通路|28 5 -61|63 77 -9 -22|0.5 98
8114 振樺電|電腦及週|138 104 63|82 82 42 63|0.6 212
8121 越峰|電子零組|-5 4 -18|49 52 -28 -40|0.6 10
8131 福懋科|半導體業|13 10 -8|72 75 -18 -24|0.7 8
8147 正淩|電子零組|19 15 -8|67 75 -5 -18|0.4 25
8150 南茂|半導體業|-5 -6 -13|61 77 -12 -21|1.3 28
8155 博智|電子零組|24 21 -4|65 67 -30 -22|0.6 25
8163 達方|電腦及週|7 0 15|60 75 -14 -22|0.2 36
8171 天宇|綠能環保|-69 -48 -70|77 77 3 -6|0.2 19
8183 精星|其他電子|55 38 29|80 83 -11 -1|0.3 7
8210 勤誠|電腦及週|-11 -17 -63|70 76 -15 -14|0.9 244
8213 志超|電子零組|-10 -3 3|75 86 -11 -10|0.6 8
8215 明基材|光電業|33 31 21|83 87 -8 -6|0.3 9
8222 寶一|電機機械|-17 22 1|75 93 -1 -3|0.5 10
8227 巨有科技|半導體業|-64 -40 -8|37 70 -9 -28|0.2 35
8234 新漢|電腦及週|15 29 33|82 82 9 8|0.3 162
8240 華宏|光電業|10 8 7|76 76 -6 20|0.1 20
8249 菱光|電子零組|69 135 82|64 64 -32 45|0.2 249
8255 朋程|電機機械|9 18 -20|68 80 -6 -13|0.5 41
8261 富鼎|半導體業|8 15 12|82 82 5 2|0.1 46
8271 宇瞻|半導體業|15 -0 -5|59 80 -10 -18|0.6 7
8299 群聯|半導體業|-13 -20 -50|64 85 1 -7|0.5 989
8341 日友|綠能環保|12 20 5|74 82 -13 -16|0.3 9
8349 恒耀國際|鋼鐵工業|6 0 -8|86 86 -10 -11|1.0 8
8358 金居|電子零組|7 -3 -18|71 79 -12 -18|0.5 45
8367 建新國際|航運業|-5 10 -16|85 86 -8 -11|0.4 6
8374 羅昇|電機機械|82 80 57|73 73 -11 12|0.2 211
8383 千附|半導體業|58 63 46|92 93 1 6|0.3 17
8390 金益鼎|綠能環保|10 40 4|77 77 -18 -12|1.2 15
8401 白紗科|其他|5 3 -4|99 99 15 30|1.1 7
8404 百和興業-KY|其他|31 29 -7|75 75 -19 38|0.9 59
8422 可寧衛*|綠能環保|40 22 -9|92 93 -2 -1|1.0 17
8429 金麗-KY|貿易百貨|-42 -47 -28|71 71 -12 1|0.5 13
8431 匯鑽科|其他電子|81 44 30|90 90 -4 0|0.9 11
8436 大江|生技醫療|-2 -1 8|67 79 -14 -20|1.1 23
8442 威宏-KY|其他|-7 6 -0|81 83 -9 -9|1.1 9
8446 華研|文化創意|-33 -6 -25|88 88 -2 0|0.4 9
8454 富邦媒|數位雲端|0 2 -1|74 85 -5 -15|0.8 100
8462 柏文|運動休閒|20 19 -1|78 78 -3 -3|0.7 5
8464 億豐|居家生活|13 10 0|84 84 -10 8|1.1 506
8467 波力-KY|運動休閒|73 36 4|69 69 -9 -7|0.5 88
8473 山林水|綠能環保|25 34 39|65 76 -10 -22|1.5 8
8478 東哥遊艇|運動休閒|-94 -62 -47|45 54 -32 -45|0.8 40
8482 商億-KY|居家生活|20 15 12|94 94 59 60|4.5 26
8924 大田|運動休閒|-33 -8 -20|76 77 -15 -22|0.5 5
8926 台汽電|油電燃氣|79 91 7|84 89 -3 -10|0.9 20
8927 北基|油電燃氣|7 5 -60|87 88 -7 -1|1.4 55
8932 智通*|數位雲端|160 94 32|56 56 6 -40|0.6 38
8936 國統|其他|24 6 -27|59 71 -12 -28|1.2 65
8937 合騏*|其他|-36 -11 -9|100 100 106 339|1.6 136
8938 明安|運動休閒|25 22 18|85 87 -7 -10|0.7 8
8942 森鉅|其他|34 21 41|87 87 -1 -13|0.3 12
8996 高力|電機機械|25 12 17|53 63 -14 -23|0.5 442
9802 鈺齊-KY|運動休閒|57 21 29|100 100 34 25|3.3 167
9904 寶成|運動休閒|11 12 5|82 82 -5 0|0.5 437
9906 欣巴巴|建材營造|1651 1243 -89238|51 51 -11 -42|0.3 22
9907 統一實|其他|44 43 14|87 87 -9 1|0.4 14
9910 豐泰|運動休閒|-9 -3 -5|77 82 -9 -9|1.0 105
9911 櫻花|居家生活|1 6 -11|86 88 -0 -14|0.6 19
9914 美利達|運動休閒|18 25 12|63 63 -15 -36|0.6 99
9917 中保科|其他|14 7 3|82 82 -10 -7|0.3 55
9919 康那香|其他|25 6 8|74 93 6 1|0.9 103
9921 巨大|運動休閒|-1 -8 -1|60 60 -21 -38|0.4 170
9924 福興|居家生活|-22 -23 -15|85 85 -3 -7|0.7 7
9927 泰銘|其他|-3 -14 -10|85 90 -1 -6|0.7 8
9933 中鼎|其他|25 4 -14|73 74 -10 -26|0.7 86
9934 成霖|居家生活|15 3 4|68 71 -15 -26|0.5 9
9935 慶豐富|居家生活|29 13 -7|90 90 -5 11|1.2 20
9938 百和|其他|24 22 -4|79 79 -19 -1|1.2 86
9939 宏全|其他|17 14 6|90 93 3 1|1.6 109
9940 信義|其他|-19 -29 -22|78 78 -7 -18|0.7 5
9941 裕融|其他|-1 -6 -6|67 77 -17 -22|0.4 142
9945 潤泰新|其他|30 1 -22|80 80 -9 -17|0.6 124
9946 三發地產|建材營造|228 77 -19|44 50 -15 -51|0.7 5
9955 佳龍|綠能環保|9 2 -8|77 77 -11 -18|1.1 5
9958 世紀鋼|鋼鐵工業|-36 -30 -25|45 66 -22 -25|0.4 280