# 2025-03-03 全池(1152 檔)。欄位:代碼 名稱|產業|最新月YoY 3月YoY均 加速度|距52週高% 距120日高% 60日漲% 120日漲%|量能比 日均值M
1101 台泥|水泥工業|69 77 30|99 99 4 6|2.5 689
1102 亞泥|水泥工業|-9 2 10|92 92 2 -2|1.1 168
1103 嘉泥|水泥工業|10 4 2|89 89 -10 -10|6.2 9
1104 環泥|水泥工業|1 -3 -3|83 97 4 1|1.4 9
1210 大成|食品工業|-8 -5 3|96 98 5 7|1.1 52
1215 卜蜂|食品工業|-7 -2 3|91 100 4 5|1.5 32
1216 統一|食品工業|12 8 -4|93 93 -3 0|1.1 487
1217 愛之味|食品工業|1 8 4|92 97 1 2|0.9 6
1218 泰山|食品工業|-20 -12 -5|85 93 -7 -3|0.9 8
1225 福懋油|食品工業|-15 -7 6|25 25 -45 -72|0.5 38
1227 佳格|食品工業|-4 4 4|84 90 -6 -8|1.1 13
1229 聯華|食品工業|-19 -20 -15|73 82 -12 -18|0.6 57
1231 聯華食|食品工業|16 20 6|73 73 10 23|3.9 101
1232 大統益|食品工業|-14 -6 1|99 99 6 5|2.5 7
1256 鮮活果汁-KY|食品工業|-23 -18 2|59 88 12 -2|1.4 6
1301 台塑|塑膠工業|-20 -0 2|52 71 -14 -27|1.2 1020
1303 南亞|塑膠工業|0 7 7|54 71 -18 -29|1.0 390
1304 台聚|塑膠工業|-16 -4 -0|65 73 -11 -21|2.0 52
1305 華夏|塑膠工業|-27 -24 -5|63 74 -11 -24|0.9 15
1307 三芳|塑膠工業|-4 4 -1|95 95 21 59|3.3 191
1308 亞聚|塑膠工業|-24 -11 3|66 72 -15 -19|1.1 14
1309 台達化|塑膠工業|-5 14 -6|65 65 -14 -22|1.1 13
1310 台苯|塑膠工業|-1 10 -11|71 79 -12 -22|0.9 6
1312 國喬|塑膠工業|0 8 2|69 78 -10 -20|2.8 48
1316 上曜|建材營造|172 173 36|58 75 1 -21|3.4 78
1319 東陽|汽車工業|-3 3 -1|92 98 1 24|0.9 271
1321 大洋|塑膠工業|-21 -16 -12|82 91 7 -9|0.4 13
1325 恆大|塑膠工業|-36 -28 -2|79 79 13 11|0.7 32
1326 台化|塑膠工業|-15 -8 -12|50 65 -19 -35|1.3 462
1342 八貫|其他|40 20 14|77 96 7 16|0.7 32
1402 遠東新|紡織纖維|-4 4 0|83 83 -9 -12|0.5 238
1409 新纖|紡織纖維|-8 18 4|86 93 -5 -6|1.0 20
1414 東和|紡織纖維|-15 -18 -8|87 87 -1 2|1.3 12
1432 大魯閣|運動休閒|19 9 9|76 85 -6 7|3.2 9
1434 福懋|紡織纖維|-3 4 3|81 89 -7 -11|1.4 21
1436 華友聯|建材營造|5817 3855 1675|73 85 13 -14|3.2 122
1438 三地開發|建材營造|na na na|57 65 -5 -31|0.4 7
1440 南紡|紡織纖維|-10 -9 2|74 91 -3 -9|1.3 9
1442 名軒|建材營造|-63 -77 -684|96 96 2 35|0.3 91
1446 宏和|紡織纖維|202 17 -2903|73 75 -21 -10|0.8 25
1449 佳和|紡織纖維|-52 -14 -10|64 64 -25 -9|0.2 15
1464 得力|紡織纖維|14 21 -1|100 100 20 41|0.7 25
1473 台南|紡織纖維|1 4 -13|69 96 5 4|1.0 6
1476 儒鴻|紡織纖維|27 17 -3|89 89 -6 -4|2.1 281
1477 聚陽|紡織纖維|27 14 4|84 99 17 1|0.8 391
1503 士電|電機機械|9 19 9|53 79 -10 -19|2.4 247
1504 東元|電機機械|-12 -6 2|92 97 8 11|0.4 168
1513 中興電|電機機械|-1 14 -2|63 85 -9 -16|1.8 555
1514 亞力|電機機械|-12 -19 -12|62 82 -3 -19|4.1 163
1515 力山|電機機械|-59 -64 -94|72 96 15 -0|2.7 14
1519 華城|電機機械|89 42 -17|61 90 9 -10|2.1 1846
1522 堤維西|汽車工業|-9 2 -1|87 93 -1 -6|0.6 115
1524 耿鼎|汽車工業|-16 11 5|89 89 -7 21|0.3 68
1527 鑽全|電機機械|-5 1 -12|91 91 1 -8|1.4 9
1528 恩德|電機機械|-35 -21 -15|82 82 0 25|4.4 53
1529 樂事綠能|電機機械|24 -3 -30|63 79 -6 -22|1.8 6
1532 勤美|電機機械|-21 -26 -46|60 81 -6 -18|1.9 49
1536 和大|汽車工業|-26 -26 -12|90 90 20 17|2.0 2252
1537 廣隆|電機機械|3 14 -12|95 95 -5 9|0.6 17
1539 巨庭|電機機械|-4 -28 -19|69 69 -5 1|0.8 10
1540 喬福|電機機械|-10 -37 -53|77 77 -0 -9|4.4 94
1558 伸興|電機機械|12 8 0|94 94 6 4|0.9 9
1560 中砂|電機機械|4 14 5|70 70 -12 -21|0.9 394
1563 巧新|汽車工業|-13 -15 na|na 100 7 1|1.2 47
1565 精華|生技醫療|-19 -2 -2|79 79 -18 8|0.5 25
1569 濱川|電腦及週|15 15 24|97 97 23 173|3.7 328
1570 力肯|電機機械|57 73 -45|70 88 8 -11|1.1 7
1580 新麥|電機機械|-6 9 8|97 97 2 -0|1.9 7
1582 信錦|電子零組|2 8 3|87 87 10 -6|0.7 85
1584 精剛|其他|9 -7 -12|64 68 -16 -33|1.1 32
1586 和勤|電機機械|-24 -9 -14|88 95 4 -0|0.7 6
1587 吉茂|汽車工業|5 14 11|45 69 -10 -29|0.4 10
1589 永冠-KY|電機機械|-21 -4 13|63 88 -2 -2|0.8 7
1590 亞德客-KY|電機機械|-22 -2 2|79 94 17 9|1.5 971
1591 駿吉-KY|電機機械|-56 146 -148|68 90 7 2|0.3 26
1595 川寶|半導體業|-42 4 34|57 57 -11 12|0.2 16
1597 直得|電機機械|-5 7 7|80 80 9 -3|0.3 329
1598 岱宇|運動休閒|14 7 11|92 92 9 13|1.7 24
1603 華電|電器電纜|-15 17 5|70 90 -5 -10|1.0 6
1605 華新|電器電纜|4 9 13|71 79 -3 -19|3.0 1486
1608 華榮|電器電纜|-6 1 -15|63 82 -6 -18|3.5 113
1609 大亞|電器電纜|-8 3 -8|66 78 -11 -23|1.6 118
1611 中電|電器電纜|-22 -22 -6|74 88 -11 -12|0.6 6
1612 宏泰|電器電纜|28 10 -3|76 93 -2 -7|1.1 22
1616 億泰|電器電纜|14 4 -8|71 84 -12 -1|1.1 8
1618 合機|電器電纜|-51 11 -4|75 91 1 -4|3.1 114
1702 南僑|食品工業|5 5 2|80 84 -5 -7|0.7 21
1707 葡萄王|生技醫療|-12 -7 -11|97 97 -3 7|0.7 17
1708 東鹼|化學工業|-4 4 -5|92 92 -6 -1|3.1 53
1709 和益|化學工業|14 4 -7|83 86 -2 -7|0.9 8
1710 東聯|化學工業|-13 6 -5|83 86 -1 -9|4.5 30
1711 永光|化學工業|-9 4 2|75 75 -9 -14|0.7 26
1712 興農|化學工業|-7 -8 -7|99 99 5 10|3.2 23
1713 國化|化學工業|-21 -1 -9|90 93 14 -7|0.5 5
1717 長興|化學工業|-14 -0 0|82 82 -6 -8|0.9 28
1720 生達|生技醫療|-18 -3 -8|82 93 -4 -6|1.4 13
1721 三晃|化學工業|-22 -19 -25|60 60 -18 -5|1.2 16
1722 台肥|化學工業|-12 -2 9|82 89 -6 -10|0.7 59
1723 中碳|化學工業|17 6 8|79 96 0 -1|1.4 16
1727 中華化|化學工業|-0 1 -20|69 69 -19 -14|0.7 13
1732 毛寶|化學工業|-1 5 0|85 85 2 -0|0.5 11
1733 五鼎|生技醫療|-11 7 -2|83 96 5 2|1.4 8
1734 杏輝|生技醫療|-12 3 -1|83 86 1 -13|0.7 5
1736 喬山|運動休閒|45 40 14|96 96 19 53|1.5 115
1760 寶齡富錦|生技醫療|-26 -6 -10|75 89 -7 -11|0.9 14
1773 勝一|化學工業|-16 3 -6|84 86 -7 -4|1.6 40
1777 生泰|生技醫療|18 8 -11|98 99 0 9|3.8 6
1783 和康生|生技醫療|32 37 25|100 100 20 14|1.5 13
1784 訊聯|生技醫療|-16 10 5|56 76 -12 -26|0.4 15
1785 光洋科|其他電子|-0 28 3|82 86 -1 -4|0.6 171
1786 科妍|生技醫療|1 16 -7|90 90 30 -6|1.0 95
1789 神隆|生技醫療|-18 -14 -22|78 89 -2 -9|1.3 11
1795 美時|生技醫療|9 3 -10|80 92 -5 -6|0.8 465
1799 易威|生技醫療|205 219 29|30 31 1 -68|0.7 19
1802 台玻|玻璃陶瓷|-21 -7 4|79 79 -19 2|1.6 253
1808 潤隆|建材營造|-73 -89 -593|28 28 -9 -67|0.9 50
1809 中釉|玻璃陶瓷|-22 -2 2|55 81 -14 -11|0.6 13
1810 和成|玻璃陶瓷|-16 -5 -1|78 88 -4 -6|0.6 6
1815 富喬|電子零組|80 97 51|94 94 16 47|1.5 2212
1817 凱撒衛|玻璃陶瓷|-19 -3 -8|100 100 13 23|1.6 22
1903 士紙|造紙工業|-5 -3 6|73 85 -8 -12|4.1 10
1904 正隆|造紙工業|-15 2 -2|68 78 -10 -22|0.7 16
1905 華紙|造紙工業|-20 -9 -5|70 77 -8 -12|0.9 14
1907 永豐餘|造紙工業|-14 1 -2|90 90 -3 -3|0.9 16
1909 榮成|造紙工業|-27 -6 -4|73 79 -7 -15|1.0 14
2002 中鋼|鋼鐵工業|-19 -7 -3|94 99 9 7|2.3 907
2006 東和鋼鐵|鋼鐵工業|-20 -12 -5|93 93 4 -4|1.1 69
2007 燁興|鋼鐵工業|25 29 -13|85 94 8 6|1.9 9
2009 第一銅|鋼鐵工業|-34 -7 -19|68 84 -0 -6|4.0 211
2010 春源|鋼鐵工業|-10 10 1|84 99 2 4|1.5 14
2013 中鋼構|鋼鐵工業|25 19 10|81 97 -1 -2|1.4 8
2014 中鴻|鋼鐵工業|-48 -35 -10|96 97 15 25|4.4 496
2015 豐興|鋼鐵工業|-37 -10 -2|83 83 -7 -13|1.7 36
2017 官田鋼|鋼鐵工業|9 8 -3|80 94 6 -3|3.1 12
2020 美亞|鋼鐵工業|-51 -35 -6|77 96 2 8|3.3 29
2022 聚亨|鋼鐵工業|0 13 20|80 95 8 2|1.6 18
2023 燁輝|鋼鐵工業|-12 -5 -3|99 99 10 12|1.8 65
2025 千興|鋼鐵工業|-60 92 na|79 88 -0 -9|0.6 11
2027 大成鋼|鋼鐵工業|6 2 10|99 99 38 36|3.0 2683
2028 威致|鋼鐵工業|-45 -28 -23|81 87 5 -0|1.5 9
2029 盛餘|鋼鐵工業|-1 12 4|84 96 2 1|1.8 11
2030 彰源|鋼鐵工業|-26 -5 2|96 96 1 4|1.5 15
2031 新光鋼|鋼鐵工業|-5 -4 8|75 85 2 -13|1.5 77
2032 新鋼|鋼鐵工業|-12 2 -0|95 95 35 36|6.1 33
2033 佳大|鋼鐵工業|19 10 12|85 85 -2 39|0.5 6
2034 允強|鋼鐵工業|13 24 26|98 98 31 17|4.4 306
2038 海光|鋼鐵工業|-2 6 5|87 96 11 11|2.5 56
2049 上銀|電機機械|6 10 11|83 83 29 42|1.2 3980
2059 川湖|電子零組|88 77 -2|98 98 38 58|1.6 2410
2062 橋椿|居家生活|-45 -29 -19|78 78 3 -19|0.7 24
2065 世豐|鋼鐵工業|-12 -10 -11|83 89 8 -9|3.3 10
2066 世德|電機機械|-3 -12 -11|73 92 -5 -3|2.0 33
2069 運錩|鋼鐵工業|-0 -2 7|91 91 -1 4|2.1 12
2070 精湛|電機機械|-17 -21 -38|57 57 -22 -21|0.1 17
2101 南港|橡膠工業|-5 1 -83|74 88 -2 -10|0.9 65
2103 台橡|橡膠工業|6 14 -3|86 86 -7 -6|0.7 18
2104 國際中橡|橡膠工業|-2 -7 -8|67 76 -19 -24|4.3 29
2105 正新|橡膠工業|-15 -5 -1|85 94 1 1|1.0 155
2106 建大|橡膠工業|7 -2 -1|81 89 -4 -10|0.8 9
2108 南帝|橡膠工業|4 27 0|73 85 -4 -13|0.9 8
2201 裕隆|汽車工業|-21 -13 -15|66 81 -16 -10|0.6 84
2204 中華|汽車工業|-44 -37 -32|53 87 -13 -3|0.4 124
2206 三陽工業|汽車工業|-28 -9 -5|82 90 -4 -8|0.5 35
2207 和泰車|汽車工業|-5 -1 2|87 87 -3 -5|1.4 115
2208 台船|航運業|-15 -19 11|88 92 0 -9|2.1 21
2211 長榮鋼|鋼鐵工業|48 66 40|60 74 -9 -24|0.3 83
2228 劍麟|汽車工業|2 0 -3|80 80 -6 -2|0.9 14
2230 泰茂|居家生活|130 254 80|61 67 -26 -27|0.3 54
2231 為升|汽車工業|-17 23 17|68 82 -16 -7|1.3 51
2233 宇隆|汽車工業|-17 -5 -11|77 77 12 54|0.3 514
2236 百達-KY|汽車工業|544 205 159|89 89 7 21|0.7 70
2241 艾姆勒|汽車工業|-8 -18 2|57 83 -3 5|1.1 12
2247 汎德永業|汽車工業|-17 26 17|93 100 7 4|2.2 13
2250 IKKA-KY|汽車工業|-7 -10 -9|84 84 39 34|0.6 241
2254 巨鎧精密-創|汽車工業|91 142 59|73 73 -17 -20|0.1 20
2258 鴻華先進-創|汽車工業|2462 971 -180|94 94 16 14|0.8 58
2301 光寶科|電腦及週|23 11 16|92 98 2 2|1.6 684
2302 麗正|半導體業|51 51 38|96 96 11 23|0.7 20
2303 聯電|半導體業|4 8 2|76 79 -4 -19|0.8 1508
2305 全友|電腦及週|-17 -10 -28|48 65 -21 -34|0.7 9
2308 台達電|電子零組|15 15 10|89 89 1 -3|1.4 3170
2312 金寶|其他電子|36 19 12|76 76 -21 10|0.4 250
2313 華通|電子零組|-9 -0 -8|72 79 4 -14|0.7 516
2314 台揚|通信網路|-32 -4 35|82 82 4 19|0.5 51
2316 楠梓電|電子零組|-11 -5 2|77 83 -11 -3|1.0 43
2317 鴻海|其他電子|3 16 1|75 77 -16 -6|1.1 7825
2324 仁寶|電腦及週|-14 -9 -4|92 94 -3 10|1.2 459
2327 國巨*|電子零組|2 5 -6|67 82 1 -17|1.4 1719
2328 廣宇|電子零組|12 -6 6|100 100 17 30|2.7 219
2329 華泰|半導體業|-15 -11 -7|43 78 -3 -15|1.2 96
2330 台積電|半導體業|36 43 6|90 90 1 9|1.3 38223
2331 精英|電腦及週|16 5 12|57 81 -12 -20|2.2 29
2332 友訊|通信網路|-8 -5 3|74 74 -9 8|0.5 230
2337 旺宏|半導體業|4 4 8|72 78 -3 -22|1.8 338
2338 光罩|半導體業|-21 -6 -7|55 71 -21 -27|2.4 45
2340 台亞|半導體業|-12 5 -2|60 67 -16 -30|2.4 37
2342 茂矽|半導體業|48 73 38|84 84 -12 -4|0.5 7
2344 華邦電|半導體業|-5 -3 -10|67 78 7 -20|2.0 1517
2345 智邦|通信網路|113 97 58|84 84 4 26|1.2 4661
2347 聯強|電子通路|-29 -12 -14|78 91 -8 -2|0.9 166
2348 海悅|其他|-51 -15 -82|52 71 8 -26|0.4 147
2349 錸德|光電業|-21 -19 -12|64 74 -20 -26|0.6 43
2351 順德|半導體業|-9 1 3|55 55 -12 -32|1.5 83
2352 佳世達|電腦及週|2 6 6|77 92 -6 -0|1.7 61
2353 宏碁|電腦及週|-1 5 -5|68 87 -1 -14|0.9 343
2354 鴻準|其他電子|147 251 204|77 77 -10 9|0.3 785
2355 敬鵬|電子零組|-22 -14 -9|71 86 -7 -13|2.7 39
2356 英業達|電腦及週|4 36 11|76 86 -9 1|0.8 803
2357 華碩|電腦及週|3 22 3|94 94 8 21|0.9 2258
2359 所羅門|其他電子|63 29 33|88 89 14 -5|0.9 886
2360 致茂|其他電子|59 41 20|72 72 -19 0|0.8 977
2362 藍天|電腦及週|-34 -6 -13|74 74 -15 -18|1.4 55
2363 矽統|半導體業|1079 1167 759|60 75 -11 -9|0.5 262
2364 倫飛|電腦及週|55 28 8|69 71 3 -30|1.1 26
2365 昆盈|電腦及週|-18 6 -17|74 80 7 -21|2.3 145
2367 燿華|電子零組|-0 18 -3|69 76 -10 -18|0.7 173
2368 金像電|電子零組|5 16 -9|79 89 14 3|0.6 1265
2369 菱生|半導體業|-20 -14 -6|62 81 -4 -11|1.2 13
2371 大同|電機機械|6 -14 -11|61 80 -12 -9|1.2 448
2374 佳能|光電業|14 26 2|84 84 25 16|0.5 1115
2375 凱美|電子零組|1 5 -1|77 77 1 -6|0.2 62
2376 技嘉|電腦及週|25 34 -66|70 85 -9 -3|0.6 831
2377 微星|電腦及週|2 4 -3|92 92 7 3|1.2 1307
2379 瑞昱|半導體業|35 24 6|95 98 15 7|0.8 1320
2382 廣達|電腦及週|95 60 22|73 76 -16 -9|1.3 6146
2383 台光電|電子零組|56 52 -4|99 99 34 44|2.1 3051
2385 群光|電子零組|-2 2 0|65 95 3 -1|0.7 321
2387 精元|電腦及週|-13 2 -2|100 100 10 18|4.5 32
2388 威盛|半導體業|-2 13 -10|63 63 -17 -34|0.4 350
2390 云辰|其他電子|6 7 -1|79 87 -4 -4|1.0 5
2392 正崴|電子零組|11 8 -3|75 77 -23 -3|0.4 124
2393 億光|光電業|-1 6 -11|93 93 6 5|0.3 114
2395 研華|電腦及週|15 10 15|96 96 15 16|1.4 881
2397 友通|電腦及週|34 36 52|86 92 3 3|2.1 21
2399 映泰|電腦及週|-34 -26 -10|58 58 -19 1|0.8 54
2401 凌陽|半導體業|-2 6 -7|73 88 -2 -12|0.7 79
2402 毅嘉|電子零組|16 15 3|88 88 -6 -12|1.4 89
2404 漢唐|其他電子|-15 -24 4|82 82 5 23|0.7 652
2405 輔信|電腦及週|-23 -18 -14|79 95 4 -5|1.1 115
2406 國碩|光電業|-40 -32 -122|54 72 -17 -29|2.1 12
2408 南亞科|半導體業|-29 -28 -40|51 71 5 -29|3.2 2283
2409 友達|光電業|17 15 1|79 85 -7 -12|1.4 424
2412 中華電|通信網路|1 5 2|100 100 4 3|1.5 771
2413 環科|電子零組|-28 -12 19|80 81 -13 11|0.3 6
2415 錩新|電子零組|-18 -15 -13|86 86 4 14|0.6 11
2417 圓剛|電腦及週|-0 -1 -1|83 87 17 -2|0.7 267
2419 仲琦|通信網路|11 -2 -12|74 78 -21 -8|0.4 21
2420 新巨|電子零組|-14 4 -0|82 82 -5 1|1.2 15
2421 建準|電子零組|7 18 7|67 86 -9 -4|0.6 92
2423 固緯|其他電子|-20 -14 -5|96 96 1 16|0.4 6
2425 承啟|電腦及週|4 4 15|73 73 -5 5|1.5 27
2426 鼎元|光電業|-10 -8 -11|79 79 -14 8|0.3 33
2427 三商電|資訊服務|-1 -2 -27|79 92 3 -4|0.3 58
2428 興勤|電子零組|14 16 9|90 91 2 -4|0.9 37
2429 銘旺科|光電業|422 141 132|83 97 29 8|1.6 93
2431 聯昌|電子零組|-46 -25 7|71 71 -12 13|0.6 10
2436 偉詮電|半導體業|-1 7 3|78 81 3 -2|0.4 45
2438 翔耀|光電業|-10 446 207|42 56 -18 -43|0.6 6
2439 美律|通信網路|-15 5 -14|82 83 5 -10|1.8 203
2441 超豐|半導體業|4 9 -1|97 97 11 7|1.0 81
2442 新美齊|建材營造|1 -12 -161|71 79 1 -19|1.1 26
2444 兆勁|通信網路|-12 -15 8|87 87 -11 26|0.5 23
2449 京元電子|半導體業|21 19 7|73 73 -18 -14|1.0 1701
2451 創見|半導體業|-16 -8 -1|66 84 -6 -15|0.5 40
2453 凌群|資訊服務|5 6 -3|86 86 14 8|0.4 204
2454 聯發科|半導體業|15 5 -15|94 94 17 24|1.4 12459
2455 全新|通信網路|-6 -16 -43|72 80 -15 4|0.7 643
2457 飛宏|電子零組|-12 9 20|54 77 -21 -16|0.7 31
2458 義隆|半導體業|5 -1 -6|91 95 4 10|0.9 347
2461 光群雷|其他電子|-8 -9 -6|80 85 -6 -14|2.0 6
2464 盟立|其他電子|6 -1 10|81 85 -1 -10|0.7 336
2465 麗臺|電腦及週|-19 -4 -3|46 71 2 -33|2.6 36
2466 冠西電|光電業|-22 19 8|82 82 124 108|0.5 84
2467 志聖|電子零組|22 26 -13|68 68 -18 -32|0.6 125
2468 華經|資訊服務|53 50 39|85 85 55 42|0.8 448
2471 資通|資訊服務|14 9 0|87 87 16 8|0.2 163
2472 立隆電|電子零組|4 11 -3|85 85 11 11|0.3 343
2474 可成|其他電子|5 35 27|89 89 11 -9|0.9 522
2476 鉅祥|電子零組|2 11 -2|81 85 5 -15|1.0 174
2477 美隆電|其他電子|13 11 -2|73 73 -14 6|2.7 14
2478 大毅|電子零組|-13 13 6|76 83 -5 -12|0.8 5
2480 敦陽科|資訊服務|22 21 16|100 100 29 36|0.8 94
2481 強茂|半導體業|7 4 6|83 89 3 -1|1.7 60
2484 希華|電子零組|3 -6 -1|76 89 -2 -9|1.1 5
2485 兆赫|通信網路|-66 -65 -5|63 80 -15 -17|1.0 8
2486 一詮|光電業|-7 0 -6|71 77 -13 4|0.6 480
2488 漢平|其他電子|17 55 20|90 90 -4 14|1.8 32
2489 瑞軒|光電業|12 25 -13|71 78 -8 -19|0.6 42
2492 華新科|電子零組|-3 2 -2|74 86 -3 -13|0.6 91
2493 揚博|電子零組|7 5 -4|77 77 -14 6|0.7 19
2495 普安|電腦及週|-19 1 5|76 76 -22 -5|0.4 40
2496 卓越|其他|5 6 -2|92 92 16 19|0.6 7
2497 怡利電|汽車工業|32 22 -2|65 65 -13 -9|0.6 28
2498 宏達電|通信網路|-28 -24 4|76 76 -5 -2|0.4 560
2501 國建|建材營造|43 44 -21|60 87 -5 -9|0.8 30
2504 國產|建材營造|-9 -2 -1|77 77 -19 -16|0.7 99
2511 太子|建材營造|1 25 22|78 92 -5 -8|0.9 7
2515 中工|建材營造|17 40 17|64 84 3 -17|1.2 66
2516 新建|建材營造|-11 19 8|100 100 78 110|1.2 55
2520 冠德|建材營造|65 20 -37|87 90 -4 -0|1.4 146
2524 京城|建材營造|266 849 495|47 51 -22 -47|0.6 24
2527 宏璟|建材營造|-68 106 -1456|60 90 -7 -3|0.5 6
2528 皇普|建材營造|1837800 9034852 6766584|90 100 21 13|1.9 69
2530 華建|建材營造|998 7054 -36065|74 89 1 -8|1.5 26
2534 宏盛|建材營造|231 283 238|84 91 -7 -5|0.5 9
2535 達欣工|建材營造|-23 -12 -11|96 100 18 9|1.2 17
2536 宏普|建材營造|-17 -46 -115|79 89 -0 -6|0.5 5
2537 聯上發|建材營造|262 32829 10567|48 59 -9 -36|0.9 18
2539 櫻花建|建材營造|-41 na na|65 77 -6 -24|1.2 29
2540 愛山林|建材營造|-2 -7 -44|42 44 3 -48|0.5 54
2542 興富發|建材營造|-54 54 28|69 81 -4 -14|0.5 132
2543 皇昌|建材營造|-4 -6 -13|90 90 32 34|1.6 1916
2545 皇翔|建材營造|-39 -45 -449|92 92 -8 17|1.2 68
2546 根基|建材營造|20 6 4|69 99 12 6|2.2 6
2547 日勝生|建材營造|-21 -24 -20|90 94 -4 4|0.8 21
2548 華固|建材營造|23 -58 -591|68 77 -7 -20|0.6 91
2597 潤弘|建材營造|-8 5 -7|73 95 23 17|1.1 62
2603 長榮|航運業|49 56 -14|91 91 -5 19|0.8 2463
2605 新興|航運業|-28 -16 -20|81 90 -1 -1|3.9 159
2606 裕民|航運業|-19 -9 -19|97 97 18 33|4.0 1585
2607 榮運|航運業|19 14 -15|87 95 -3 -2|0.8 22
2609 陽明|航運業|26 49 -11|87 87 -5 16|0.6 1343
2610 華航|航運業|21 17 5|87 87 -5 14|0.5 448
2611 志信|航運業|-6 5 -1|67 93 1 -5|1.7 11
2612 中航|航運業|26 23 6|94 97 5 11|5.5 45
2613 中櫃|航運業|-7 3 0|72 87 -2 5|0.6 18
2615 萬海|航運業|59 62 -5|79 79 -5 9|0.9 862
2617 台航|航運業|1 -0 -10|81 98 0 1|3.5 30
2618 長榮航|航運業|14 8 -3|91 91 5 24|0.5 1360
2630 亞航|航運業|28 19 8|80 91 14 6|0.2 33
2633 台灣高鐵|航運業|8 7 -1|90 93 -3 -6|1.2 83
2634 漢翔|航運業|-40 3 8|74 86 -4 -14|0.7 117
2636 台驊控股|航運業|34 49 -25|72 91 -4 -7|1.1 30
2637 慧洋-KY|航運業|-23 -14 -33|97 97 1 17|4.1 876
2640 大車隊|數位雲端|2 2 -2|99 99 16 17|0.6 7
2641 正德|航運業|22 13 -10|100 100 21 25|8.0 94
2645 長榮航太|航運業|-3 22 13|88 98 10 5|0.8 97
2646 星宇航空|航運業|71 55 na|na na 0 na|1.6 181
2707 晶華|觀光餐旅|20 6 10|81 96 1 -4|0.7 23
2718 全心投控|建材營造|-100 -82 -417|57 67 -15 -32|3.5 5
2723 美食-KY|觀光餐旅|4 1 6|98 98 6 24|0.6 39
2727 王品|觀光餐旅|21 9 6|95 95 0 7|0.7 52
2731 雄獅|觀光餐旅|45 29 -8|84 96 10 -1|2.4 53
2736 富野|觀光餐旅|131 77 79|73 92 16 9|0.4 5
2739 寒舍|觀光餐旅|20 8 2|67 87 1 -11|0.4 10
2743 山富|觀光餐旅|21 10 -39|58 88 7 -11|1.0 12
2745 五福|觀光餐旅|42 32 -30|80 96 12 15|0.7 23
2748 雲品|觀光餐旅|18 5 -0|83 96 1 5|0.5 9
2753 八方雲集|觀光餐旅|5 11 2|95 99 11 8|1.1 33
2755 揚秦|觀光餐旅|16 18 2|100 100 38 44|2.8 11
2801 彰銀|金融保險|-11 4 -2|98 99 2 1|1.3 248
2809 京城銀|金融保險|-24 -12 -45|75 89 0 -6|0.5 88
2812 台中銀|金融保險|12 5 -6|100 100 7 11|2.0 98
2820 華票|金融保險|-47 8 -2|97 99 1 1|1.1 8
2832 台產|金融保險|-2 3 -4|99 100 7 -1|0.9 8
2834 臺企銀|金融保險|-10 -2 -6|82 98 3 -1|1.4 216
2836 高雄銀|金融保險|16 22 7|91 98 0 -2|1.5 10
2838 聯邦銀|金融保險|-4 -0 -10|94 100 2 4|2.0 14
2845 遠東銀|金融保險|-3 -7 -6|83 97 3 -4|1.2 69
2850 新產|金融保險|-6 3 -1|94 94 0 7|0.6 17
2851 中再保|金融保險|1 3 -1|97 98 3 1|1.7 28
2852 第一保|金融保險|-5 -3 -7|97 97 9 13|2.4 12
2855 統一證|金融保險|-38 -21 -111|95 99 2 4|1.9 74
2880 華南金|金融保險|0 2 -8|100 100 9 10|0.5 212
2881 富邦金|金融保險|3 267 142|98 98 3 1|1.2 1305
2882 國泰金|金融保險|6 60 24|98 98 2 9|1.0 991
2883 凱基金|金融保險|10 282 88|100 100 5 14|0.8 646
2884 玉山金|金融保險|-2 -1 -15|98 98 7 6|1.4 476
2885 元大金|金融保險|1 32 9|99 99 10 15|1.1 643
2886 兆豐金|金融保險|-14 -16 -22|96 100 1 1|1.1 583
2887 台新新光金|金融保險|4 16 -10|88 93 -0 -9|1.0 380
2888 新光金|金融保險|24 94 996|93 93 5 -3|1.8 520
2889 國票金|金融保險|-22 -1 -14|83 89 -1 -9|0.7 49
2890 永豐金|金融保險|15 7 -11|87 94 0 -6|1.3 482
2891 中信金|金融保險|10 58 20|100 100 8 25|1.3 1494
2892 第一金|金融保險|-8 2 -5|97 99 1 2|1.0 349
2903 遠百|貿易百貨|12 2 4|72 85 -5 -15|0.8 127
2905 三商|貿易百貨|-38 230 4|76 76 -5 -21|1.1 12
2908 特力|貿易百貨|-11 -0 -2|98 99 1 -1|1.5 11
2912 統一超|貿易百貨|10 7 -0|87 87 -2 -9|1.2 438
2913 農林|貿易百貨|47 42 23|83 85 -7 -7|0.5 12
2915 潤泰全|貿易百貨|8 47 35|84 84 -12 -14|0.4 99
2916 滿心|居家生活|45 20 8|92 97 15 22|1.0 5
2929 淘帝-KY|貿易百貨|-3 -7 4|81 81 -5 49|0.3 9
3003 健和興|電子零組|-14 6 -2|71 71 -11 -19|1.1 70
3004 豐達科|鋼鐵工業|0 7 -5|85 98 10 2|0.9 12
3005 神基|電腦及週|-5 3 3|82 98 17 10|1.1 392
3006 晶豪科|半導體業|-14 -7 -17|63 83 2 -17|0.9 90
3008 大立光|光電業|11 6 -18|85 85 9 -10|0.7 1626
3010 華立|電子通路|5 16 -1|76 83 -9 -14|0.6 45
3011 今皓|電子零組|-27 -4 -1|52 55 -32 -37|0.5 13
3013 晟銘電|電腦及週|44 65 14|79 79 -11 10|1.2 764
3014 聯陽|半導體業|7 9 5|83 95 7 6|0.9 149
3015 全漢|電子零組|-2 3 14|95 95 5 23|0.8 83
3016 嘉晶|半導體業|-18 -11 -7|59 68 -21 -32|2.5 21
3017 奇鋐|電腦及週|20 22 5|65 73 -20 -15|1.1 3831
3019 亞光|光電業|22 28 0|93 93 73 61|1.0 7956
3021 鴻名|電子零組|-12 -2 -16|62 62 -34 0|0.5 9
3022 威強電|電腦及週|-24 -4 7|99 99 28 33|7.4 151
3023 信邦|電子零組|2 11 9|90 94 13 4|4.0 309
3024 憶聲|光電業|53 302 216|75 83 -9 -13|0.7 24
3025 星通|通信網路|2 8 -24|77 77 -9 7|0.1 57
3026 禾伸堂|電子零組|-7 6 10|89 95 -3 -2|4.0 38
3027 盛達|通信網路|-5 12 5|61 75 -20 -19|0.4 7
3028 增你強|電子通路|-2 3 -5|94 98 4 3|2.5 5
3029 零壹|資訊服務|62 68 28|83 83 24 52|0.3 1856
3030 德律|其他電子|38 19 -35|68 78 -7 -22|1.1 144
3031 佰鴻|光電業|-24 -5 -5|90 90 6 18|0.7 21
3032 偉訓|電子零組|4 2 13|93 93 16 29|0.9 338
3033 威健|電子通路|13 28 5|92 97 0 -0|1.2 33
3034 聯詠|半導體業|-3 -4 4|85 99 13 0|0.9 1409
3035 智原|半導體業|23 12 16|53 78 5 -20|0.9 1396
3036 文曄|電子通路|6 25 -38|63 92 -2 -8|3.4 162
3037 欣興|電子零組|3 9 -3|53 65 -28 -29|1.6 2302
3038 全台|光電業|-19 -13 6|80 100 5 4|1.0 7
3040 遠見|其他|-8 -7 5|95 95 6 35|0.7 17
3041 揚智|半導體業|-27 -17 -29|61 81 16 -1|0.2 68
3042 晶技|電子零組|14 12 -3|83 83 -6 -9|1.0 161
3043 科風|其他電子|53 60 73|75 75 -6 12|0.1 9
3044 健鼎|電子零組|-4 9 0|89 100 10 1|1.7 278
3045 台灣大|通信網路|-3 1 -6|98 98 3 4|1.1 519
3046 建碁|電腦及週|1 -9 -25|76 80 -7 -18|1.3 7
3047 訊舟|通信網路|8 38 -26|61 66 -18 -32|0.6 49
3048 益登|電子通路|-2 4 0|57 65 -13 -36|1.0 12
3050 鈺德|光電業|1 13 3|63 75 -14 -27|0.8 11
3051 力特|光電業|1 28 31|74 85 -8 4|0.5 14
3055 蔚華科|電子通路|-74 -80 -29|72 89 15 3|0.9 60
3056 富華新|建材營造|621 29263 18121|91 95 2 -2|1.8 66
3058 立德|電子零組|-7 -16 2|65 82 -10 -3|1.2 5
3059 華晶科|光電業|-13 -12 9|96 96 42 29|4.9 540
3060 銘異|電腦及週|25 29 -4|66 80 -1 -11|0.8 11
3062 建漢|通信網路|66 57 50|78 78 -8 -5|0.6 107
3066 李洲|光電業|-5 -12 -14|69 69 -14 -1|0.4 7
3078 僑威|電子零組|18 10 30|96 96 35 30|1.0 869
3081 聯亞|通信網路|7 -10 -33|67 67 3 167|1.9 714
3086 華義*|文化創意|9 -16 -23|63 63 6 4|0.5 36
3088 艾訊|電腦及週|-11 13 11|91 91 27 55|0.8 469
3090 日電貿|電子零組|17 17 4|90 90 -2 12|0.2 94
3094 聯傑|半導體業|11 -11 15|75 86 -0 -4|0.6 5
3105 穩懋|半導體業|-22 -24 -32|60 78 -8 -18|0.8 194
3130 一零四|數位雲端|3 7 1|94 98 2 -1|1.9 5
3131 弘塑|半導體業|16 27 9|57 57 -27 -41|0.8 759
3138 耀登|通信網路|-13 -11 -9|78 86 6 -9|0.5 17
3141 晶宏|半導體業|6 4 15|75 78 -7 -4|0.7 16
3147 大綜|資訊服務|7 39 19|100 100 43 31|1.4 412
3149 正達|光電業|8 13 -0|76 76 4 25|1.4 65
3152 璟德|通信網路|-10 3 -7|68 87 -5 -4|0.5 16
3162 精確|電機機械|110 77 37|93 93 15 48|3.0 165
3163 波若威|通信網路|-33 -39 -5|94 94 33 1|0.7 1993
3167 大量|電機機械|81 102 -1|56 56 -23 -0|0.4 155
3169 亞信|半導體業|-3 -7 -1|73 91 7 -3|0.4 16
3176 基亞|生技醫療|24 10 -24|76 90 2 -8|1.3 6
3188 鑫龍騰|建材營造|-77 -84 na|55 69 4 -28|1.1 8
3189 景碩|半導體業|11 10 -5|74 82 1 -11|0.9 630
3207 耀勝|電子零組|15 87 38|72 78 10 -9|1.7 96
3209 全科|電子通路|-4 -12 0|87 87 -0 4|5.7 42
3211 順達|電腦及週|-45 -36 -15|75 75 -5 66|0.4 1161
3213 茂訊|電腦及週|38 6 7|100 100 58 48|6.2 341
3217 優群|電子零組|21 20 5|85 97 4 7|1.3 71
3218 大學光|生技醫療|16 9 4|79 90 8 -0|0.8 29
3227 原相|半導體業|30 31 -9|91 91 24 28|0.8 1141
3228 金麗科|半導體業|-35 -15 -46|37 73 -5 -26|0.8 103
3230 錦明|光電業|-12 -27 16|75 75 -18 7|0.3 62
3231 緯創|電腦及週|35 34 11|81 86 -11 5|0.9 3263
3234 光環|通信網路|23 -2 5|77 77 -8 16|0.4 82
3257 虹冠電|半導體業|-17 -35 -10|78 78 -12 9|0.5 19
3260 威剛|半導體業|-21 -15 -32|74 91 -4 -10|1.0 179
3264 欣銓|半導體業|-1 -5 1|90 94 30 10|0.7 1638
3265 台星科|半導體業|4 9 -3|78 89 1 2|0.4 56
3284 太普高|其他|31 -9 -50|53 55 2 -42|0.7 7
3289 宜特|其他電子|1 14 1|67 67 -10 -13|0.5 56
3290 東浦|電子零組|9 9 6|83 83 -6 9|1.2 26
3293 鈊象|文化創意|34 33 1|84 84 -1 15|2.1 1143
3294 英濟|電子零組|-43 -16 -13|63 89 26 20|0.5 215
3303 岱稜|其他電子|3 12 -8|81 81 -2 -10|2.3 36
3305 昇貿|其他電子|48 53 18|83 90 3 4|1.2 63
3306 鼎天|通信網路|-24 -34 -10|73 80 -10 -9|0.3 7
3312 弘憶股|電子通路|9 12 -1|48 56 -17 -42|1.0 43
3317 尼克森|半導體業|4 17 17|84 84 -9 -7|0.2 7
3323 加百裕|電腦及週|-14 -10 12|75 75 -16 35|0.7 110
3324 雙鴻|其他電子|7 21 -4|71 89 -2 5|1.4 1438
3338 泰碩|電子零組|-12 -8 -5|65 78 -19 -23|0.3 19
3339 泰谷|光電業|-12 1 -20|68 77 -14 -23|0.4 7
3346 麗清|汽車工業|9 3 -7|69 85 -13 -10|0.6 8
3356 奇偶|光電業|-27 -11 -4|77 82 -2 -12|2.0 20
3357 臺慶科|電子零組|8 29 4|85 87 3 -13|0.9 25
3362 先進光|光電業|-5 2 -1|71 71 -1 -16|0.5 122
3363 上詮|通信網路|73 34 17|84 84 40 73|0.2 727
3373 熱映|其他電子|-5 12 5|75 75 5 -4|0.5 11
3374 精材|半導體業|-19 -5 -12|63 63 -9 -35|0.5 1285
3376 新日興|電子零組|5 4 -27|92 92 43 22|1.2 3720
3379 彬台|電機機械|331 164 37|93 93 110 60|3.6 192
3380 明泰|通信網路|-11 -22 -0|87 87 -12 -0|0.4 36
3390 旭軟|電子零組|-22 -6 -12|76 77 2 -21|1.1 7
3402 漢科|其他電子|-14 -6 -25|81 86 -2 -11|0.6 22
3406 玉晶光|光電業|5 -11 -38|73 83 5 -10|0.7 754
3413 京鼎|半導體業|46 41 10|78 84 -1 -8|1.4 202
3416 融程電|電腦及週|22 25 5|91 91 11 22|1.2 79
3419 譁裕|通信網路|21 29 18|87 91 -9 3|0.4 6
3430 奇鈦科|化學工業|35 23 3|68 68 1 1|0.9 9
3437 榮創|光電業|-18 -1 -2|54 75 -12 -11|0.5 5
3438 類比科|半導體業|12 6 -3|65 76 -13 -25|0.5 6
3441 聯一光電|光電業|-4 22 12|94 94 8 1|0.9 10
3443 創意|半導體業|17 11 13|79 89 8 16|0.7 2827
3444 利機|電子通路|29 30 11|56 77 -12 -23|1.9 30
3447 展達|通信網路|61 76 53|69 69 -14 79|1.1 241
3450 聯鈞|半導體業|94 79 33|78 78 10 81|0.6 5668
3454 晶睿|光電業|24 21 32|85 92 1 15|0.4 69
3455 由田|光電業|-41 -29 -23|74 74 -15 -23|0.7 43
3466 德晉|通信網路|-96 -66 2|58 68 -6 -14|1.0 17
3479 安勤|電腦及週|14 9 13|87 91 6 1|1.1 115
3481 群創|光電業|13 6 4|82 89 -5 -8|1.0 606
3483 力致|電腦及週|-23 -0 -4|66 82 -6 -16|1.9 113
3484 崧騰|電子零組|36 48 18|89 89 11 10|4.5 26
3490 單井|光電業|20 18 30|69 77 -13 -10|0.9 8
3491 昇達科|通信網路|17 35 -15|97 97 47 31|0.8 1450
3498 陽程|其他電子|152 423 328|70 70 -3 -9|0.3 27
3501 維熹|電子零組|-9 -1 -9|81 86 -4 -11|0.6 9
3504 揚明光|光電業|-11 -8 7|86 86 8 11|0.6 96
3511 矽瑪|電子零組|9 33 31|66 66 -27 26|0.1 9
3515 華擎|電腦及週|139 89 46|82 93 0 17|0.6 157
3518 柏騰|其他電子|-36 -17 -8|55 57 -19 -40|0.5 8
3522 御嵿|觀光餐旅|64 45 17|74 80 -8 -26|0.6 7
3526 凡甲|電子零組|28 35 4|96 96 2 22|1.2 49
3529 力旺|半導體業|20 13 -7|82 82 -1 12|1.0 1484
3530 晶相光|半導體業|-27 -25 -27|61 80 -12 -11|0.9 10
3532 台勝科|半導體業|-10 -18 -2|51 62 -23 -37|0.5 44
3533 嘉澤|電子零組|4 17 -2|81 81 -5 10|2.7 1456
3535 晶彩科|光電業|-84 676 345|57 59 -10 -41|0.5 36
3537 堡達|電子零組|-16 -10 -7|72 78 -10 -8|0.3 5
3540 曜越|電腦及週|26 9 16|68 92 -1 -9|0.8 11
3545 敦泰|半導體業|-26 2 1|72 85 -13 -4|0.8 66
3546 宇峻|文化創意|9 6 2|93 98 3 -2|2.3 6
3548 兆利|電子零組|-12 21 7|60 78 -15 2|0.4 274
3551 世禾|綠能環保|11 13 -0|83 83 -4 16|0.6 125
3552 同致|其他電子|-2 -14 3|72 80 -17 1|0.4 10
3557 嘉威|居家生活|-23 -5 -21|84 84 -6 -7|0.5 7
3558 神準|通信網路|2 5 29|98 98 18 62|0.9 540
3563 牧德|光電業|168 184 152|96 100 17 23|1.8 201
3564 其陽|通信網路|38 32 7|60 78 -4 -11|0.7 19
3570 大塚|資訊服務|10 27 4|91 91 2 16|1.8 20
3576 聯合再生|光電業|-49 -24 24|66 78 -5 -16|0.9 19
3577 泓格|電腦及週|48 15 6|97 97 32 56|6.7 16
3580 友威科|其他電子|-30 -29 -16|68 68 -15 -30|0.9 47
3581 博磊|半導體業|17 0 2|65 65 -25 -11|0.3 9
3583 辛耘|半導體業|21 26 -12|64 64 -24 -27|0.6 290
3587 閎康|其他電子|-3 1 -4|68 71 -20 -29|2.0 72
3588 通嘉|半導體業|6 1 -23|54 70 -14 -12|0.6 11
3591 艾笛森|光電業|2 19 -7|75 83 -1 -6|0.2 14
3592 瑞鼎|半導體業|-4 7 -21|77 96 5 9|0.8 93
3594 磐儀|電腦及週|32 38 39|86 86 18 30|1.2 268
3596 智易|通信網路|-12 -13 -7|99 100 15 35|0.8 226
3597 映興|電子零組|39 68 39|74 74 -25 37|0.5 14
3605 宏致|電子零組|26 26 9|90 90 15 11|1.1 481
3609 三一東林|電子零組|178 29 42|97 97 61 46|1.7 57
3611 鼎翰|電腦及週|31 30 23|92 95 1 1|1.3 6
3615 安可|光電業|-39 -21 -10|66 66 -25 -18|0.7 9
3617 碩天|其他電子|5 12 5|78 78 -15 10|0.7 139
3622 洋華|光電業|103 0 -7|76 83 -14 6|0.6 30
3624 光頡|電子零組|-15 -5 -5|68 71 -18 -24|0.6 6
3625 西勝|電腦及週|-63 -70 -9|84 84 15 43|0.6 23
3630 新鉅科|光電業|3 5 -13|73 84 -2 -8|0.5 19
3631 晟楠|電子零組|-72 440 362|81 81 -1 -7|0.6 6
3645 達邁|電子零組|28 52 11|85 85 70 22|0.7 1802
3653 健策|電子零組|47 48 27|81 81 -10 -5|1.4 2333
3661 世芯-KY|半導體業|-3 25 -41|70 84 37 16|1.0 10104
3663 鑫科|其他電子|53 96 12|61 66 -17 -33|0.7 43
3665 貿聯-KY|其他電子|31 27 19|81 81 -5 26|0.9 2536
3673 TPK-KY|光電業|-14 -14 -13|72 82 -6 -10|0.7 50
3675 德微|半導體業|-22 11 -17|51 60 -24 -35|1.2 44
3679 新至陞|電子零組|5 18 3|92 92 16 14|3.3 21
3680 家登|半導體業|-21 23 -10|77 77 -10 -18|0.8 208
3687 歐買尬|數位雲端|-17 -2 -5|70 70 -9 -7|0.6 16
3689 湧德|電子零組|28 18 31|94 94 22 15|0.8 356
3691 碩禾|光電業|-42 -30 -169|44 70 -10 -30|3.4 17
3693 營邦|電腦及週|52 12 10|84 90 -7 -3|1.3 195
3694 海華|通信網路|-5 0 4|91 91 39 45|2.4 323
3701 大眾控|電腦及週|-28 -15 -8|55 76 -7 -5|0.2 12
3702 大聯大|電子通路|3 22 -6|70 84 -4 -15|1.4 191
3703 欣陸|建材營造|12 0 -2|80 92 4 -8|1.0 26
3704 合勤控|通信網路|81 32 34|79 91 -3 8|0.5 54
3705 永信|生技醫療|1 5 -8|85 85 -7 -5|5.1 30
3706 神達|電腦及週|168 208 115|76 76 -19 50|0.3 2349
3707 漢磊|半導體業|-22 -18 1|66 75 -6 -25|0.9 40
3708 上緯投控|綠能環保|9 5 -1|54 68 -18 -25|0.7 29
3709 鑫聯大投控|電腦及週|-0 55 24|78 78 -1 15|0.8 6
3710 連展投控|電子零組|9 12 -4|69 69 -13 1|0.7 17
3711 日月光投控|半導體業|4 2 0|86 90 7 13|1.3 3361
3712 永崴投控|電腦及週|108 70 11|87 87 -13 15|0.6 110
3714 富采|光電業|-11 -2 -7|85 85 -6 9|1.4 216
3715 定穎投控|電子零組|17 15 3|72 75 -7 -8|0.7 138
3716 中化控股|生技醫療|na na na|na na 1 na|1.2 7
4104 佳醫|生技醫療|-9 -3 -4|94 99 0 -1|1.3 7
4105 東洋|生技醫療|-20 -2 -4|100 100 8 7|2.8 42
4107 邦特|生技醫療|-10 -6 -10|91 95 2 -4|0.9 10
4109 加捷生醫|生技醫療|-27 39 -17|59 69 -12 -29|1.2 27
4111 濟生|生技醫療|7 20 11|94 100 8 12|0.7 5
4113 聯上|建材營造|-63 775643 387506|47 63 -10 -36|1.0 17
4114 健喬|生技醫療|-13 6 2|86 86 -5 -13|3.5 40
4119 旭富|生技醫療|15 15 -19|88 88 -10 -3|0.4 9
4120 友華|生技醫療|-4 -7 -3|87 87 6 6|2.8 16
4123 晟德|生技醫療|-20 -11 -23|72 80 -20 -12|0.5 44
4126 太醫|生技醫療|-12 15 14|94 94 3 6|0.8 6
4128 中天|生技醫療|17 13 3|67 72 -20 -26|1.1 29
4129 聯合|生技醫療|6 14 -2|85 91 -6 -8|1.1 14
4137 麗豐-KY|生技醫療|-53 -28 -10|63 78 -1 -13|2.1 16
4142 國光生|生技醫療|1973 678 506|76 80 7 -20|0.9 89
4147 中裕|生技醫療|14 -2 -41|83 94 12 15|1.4 128
4157 太景*-KY|生技醫療|-14 1 -28|68 74 -9 -22|1.1 10
4162 智擎|生技醫療|-13 382 269|93 93 20 30|2.2 238
4164 承業醫|生技醫療|-12 -1 -1|92 96 37 28|4.6 301
4167 松瑞藥|生技醫療|-13 -16 -32|77 86 -3 -12|1.7 14
4174 浩鼎|生技醫療|-61 -40 -916|65 65 -7 -30|1.0 46
4303 信立|塑膠工業|167 295 116|88 88 21 23|2.4 847
4306 炎洲|塑膠工業|-17 -18 -36|79 85 -1 -9|0.8 18
4417 金洲|紡織纖維|55 50 39|100 100 15 18|1.4 7
4420 光明|紡織纖維|21 20 -3|96 96 9 23|1.1 6
4438 廣越|紡織纖維|17 35 30|97 100 11 0|3.6 6
4503 金雨|電機機械|-26 21 6|90 92 23 27|3.4 59
4506 崇友|電機機械|32 24 16|91 100 8 10|1.8 6
4510 高鋒|電機機械|-21 -20 -3|94 94 22 20|3.1 1034
4513 福裕|電機機械|-7 -5 1|39 41 -15 -58|1.7 30
4523 永彰|電機機械|-2 33 30|57 78 -4 -20|2.9 15
4526 東台|電機機械|-10 -11 13|83 83 -3 5|2.1 207
4527 方方土霖|電機機械|-15 -19 -25|76 76 1 12|1.0 10
4532 瑞智|電機機械|35 23 -5|92 100 9 14|1.7 46
4533 協易機|電機機械|86 56 37|77 88 3 -8|2.3 118
4534 慶騰|電機機械|-17 11 -2|92 92 37 1|3.7 12
4536 拓凱|運動休閒|-2 17 9|92 92 7 -1|1.8 55
4540 全球傳動|電機機械|-34 25 35|89 89 34 17|1.1 531
4541 晟田|其他|-2 28 12|95 95 5 30|0.3 19
4542 科嶠|電子零組|-41 -51 -20|78 78 -6 9|0.4 8
4545 銘鈺|電子零組|10 20 -2|63 63 -14 -12|0.6 6
4549 桓達|電機機械|-24 -8 -1|69 69 11 2|0.2 54
4551 智伸科|汽車工業|11 22 13|77 77 -11 -8|1.4 46
4555 氣立|電機機械|-3 6 -1|63 83 14 -8|1.5 23
4557 永新-KY|汽車工業|33 30 9|86 86 -13 15|1.4 19
4560 強信-KY|電機機械|9 28 3|95 96 5 3|1.6 12
4561 健椿|電機機械|-44 -27 -21|85 85 2 3|0.8 76
4562 穎漢|電機機械|-2 9 3|76 78 -18 -20|1.2 65
4563 百德|電機機械|-16 -10 -28|69 69 -4 18|0.7 70
4564 元翎|電機機械|89 59 58|77 79 -4 -21|1.2 17
4566 時碩工業|電機機械|3 12 -2|64 72 -10 -24|0.3 51
4569 六方科-KY|汽車工業|24 16 -5|58 58 -19 75|0.5 29
4571 鈞興-KY|電機機械|16 28 -0|75 75 19 53|0.4 434
4572 駐龍|電機機械|-21 -15 -17|92 96 2 -4|0.7 8
4576 大銀微系統|電機機械|19 26 18|87 87 27 67|0.5 1508
4583 台灣精銳|電機機械|10 10 1|79 79 7 69|0.6 1100
4588 玖鼎電力|其他電子|-87 64 52|59 90 8 -10|0.8 6
4714 永捷|化學工業|69 85 11|61 77 -10 -12|1.5 12
4716 大立|化學工業|-28 -3 -9|59 59 -16 -22|0.3 7
4720 德淵|化學工業|3 9 2|83 92 1 -3|1.4 10
4721 美琪瑪|化學工業|5 1 6|79 86 -7 -9|0.8 12
4722 國精化|化學工業|-17 -6 -16|88 88 37 37|2.3 139
4726 永昕|生技醫療|196 104 47|70 84 -4 -15|0.5 19
4729 熒茂|光電業|16 15 19|68 68 -29 -4|0.3 10
4736 泰博|生技醫療|-13 4 1|86 86 -6 -9|4.3 18
4739 康普|化學工業|21 -5 12|79 92 -6 -4|0.9 12
4743 合一|生技醫療|-16 9 -23|42 46 -31 -54|1.0 181
4746 台耀|生技醫療|13 19 11|65 72 -5 -20|0.4 34
4755 三福化|化學工業|-16 36 30|74 83 -11 -8|0.5 12
4760 勤凱科技|其他電子|41 69 24|74 74 -0 -5|1.1 16
4763 材料*-KY|化學工業|-6 12 -28|91 97 7 5|0.7 1031
4766 南寶|化學工業|-4 6 -2|86 93 -3 10|0.9 89
4768 晶呈科技|化學工業|-26 9 -19|59 65 -20 -27|1.4 116
4770 上品|化學工業|-55 -3 -15|71 85 0 -15|1.6 213
4771 望隼|生技醫療|-20 -15 na|na 79 -1 -16|0.9 26
4772 台特化|化學工業|-23 18 na|na na 47 na|2.1 616
4903 聯光通|通信網路|-37 -4 -27|63 63 -11 19|0.2 93
4904 遠傳|通信網路|-3 6 -5|97 97 1 0|1.0 308
4906 正文|通信網路|-0 -0 1|70 75 -11 -25|0.6 44
4908 前鼎|通信網路|-49 -16 -6|75 77 -1 -4|0.2 87
4909 新復興|通信網路|-67 244 -92|55 55 -9 -14|1.9 160
4912 聯德控股-KY|電子零組|41 41 13|78 78 23 31|0.5 99
4915 致伸|電子零組|-22 -11 -3|79 88 6 -4|1.2 219
4916 事欣科|電腦及週|-7 -6 -8|96 96 57 84|3.6 793
4919 新唐|半導體業|-8 -10 1|70 87 -2 2|0.4 170
4923 力士|半導體業|-20 -12 -21|80 84 13 -3|1.4 11
4927 泰鼎-KY|電子零組|13 5 3|65 65 -4 -32|1.1 82
4931 新盛力|電腦及週|-17 33 -2|92 92 24 104|1.0 1047
4933 友輝|光電業|-5 16 5|94 94 14 12|0.6 43
4938 和碩|電腦及週|-4 3 12|79 90 -2 -9|1.0 475
4945 陞達科技|半導體業|38 23 14|52 79 4 -9|1.0 5
4946 辣椒|文化創意|1499 628 447|90 90 80 35|1.7 8
4951 精拓科|半導體業|10 19 -7|85 97 8 3|2.6 14
4952 凌通|半導體業|-25 -14 -23|69 87 -1 -8|0.3 11
4953 緯致|資訊服務|1 7 -8|74 77 -5 -5|0.3 101
4956 光鋐|光電業|-11 20 6|67 67 -20 12|0.4 33
4958 臻鼎-KY|電子零組|5 5 -12|74 83 -3 -9|0.8 377
4960 誠美材|光電業|-1 1 5|77 97 2 -2|0.5 17
4961 天鈺|半導體業|13 31 12|81 82 -5 -12|0.9 75
4966 譜瑞-KY|半導體業|4 5 -13|51 82 -7 -15|1.0 362
4967 十銓|半導體業|83 -5 -52|49 69 -5 -31|0.8 211
4968 立積|半導體業|-20 -7 -27|80 88 2 11|0.4 536
4971 IET-KY|半導體業|47 55 39|91 91 85 210|0.2 181
4973 廣穎電通|半導體業|-19 -6 -1|67 97 -3 -4|0.7 6
4974 亞泰|電子零組|25 34 8|80 80 26 37|0.3 234
4976 佳凌|光電業|3 13 -9|61 76 -3 -21|0.5 17
4977 眾達-KY|通信網路|39 74 59|70 70 -11 47|0.2 588
4979 華星光|通信網路|51 22 -4|73 73 8 66|0.6 6811
4987 科誠|電腦及週|-17 12 1|88 88 -3 23|0.2 8
4991 環宇-KY|半導體業|-8 18 -19|78 78 22 194|0.6 2443
5009 榮剛|鋼鐵工業|-17 -9 -2|88 97 -1 1|1.7 149
5014 建錩|鋼鐵工業|-38 -5 -3|77 77 1 -4|1.9 12
5201 凱衛|資訊服務|31 31 -0|88 92 24 16|0.5 15
5202 力新|資訊服務|-43 83 54|76 76 3 2|0.4 69
5203 訊連|資訊服務|28 12 -1|93 93 54 35|1.1 230
5213 亞昕|建材營造|1273 690 232|71 91 12 -8|2.3 26
5222 全訊|半導體業|2 -8 -13|68 82 -12 -18|0.9 28
5225 東科-KY|其他電子|-10 2 -12|88 88 6 -3|2.7 142
5234 達興材料|光電業|3 10 13|84 84 -8 30|1.6 298
5236 凌陽創新|半導體業|10 15 7|77 77 -1 -8|0.7 32
5243 乙盛-KY|光電業|42 36 18|78 78 -19 1|0.3 56
5244 弘凱|光電業|-18 -17 -12|78 78 9 1|0.1 18
5258 虹堡|電腦及週|-2 -5 -2|63 68 3 -26|1.1 60
5263 智崴|文化創意|13 71 14|59 61 -28 -37|0.9 28
5269 祥碩|半導體業|24 21 -4|80 90 23 17|0.7 1746
5274 信驊|半導體業|93 108 1|65 71 -15 -30|0.7 1861
5278 尚凡*|數位雲端|-11 11 7|77 77 8 58|0.4 10
5283 禾聯碩|電器電纜|9 3 -2|92 96 -2 -1|0.9 8
5284 jpp-KY|其他|32 49 38|64 83 -2 26|0.5 152
5288 豐祥-KY|電機機械|-9 6 7|80 80 -5 -8|1.4 19
5289 宜鼎|電腦及週|3 3 -5|82 90 15 -8|2.0 292
5292 華懋|綠能環保|-5 9 -2|87 87 -3 7|2.0 9
5299 杰力|半導體業|-19 -9 -3|74 87 3 -13|2.0 6
5306 桂盟|運動休閒|-7 12 6|79 79 1 -18|0.7 22
5309 系統電|電子零組|-9 -13 -8|84 84 -13 5|0.6 141
5312 寶島科|生技醫療|1 2 -1|96 96 31 41|1.4 28
5314 世紀*|其他|184 245 na|88 88 116 384|0.7 665
5315 光聯|光電業|54 65 51|86 86 -7 16|0.4 9
5328 華容|電子零組|-4 11 24|80 80 1 0|0.2 17
5340 建榮|電子零組|14 26 -39|61 75 -14 -12|1.4 22
5347 世界|半導體業|16 19 1|74 81 10 -18|1.5 656
5351 鈺創|半導體業|-32 -13 -36|64 84 -3 -14|1.6 52
5371 中光電|光電業|-10 -1 0|68 87 6 1|0.5 415
5381 光譜|電機機械|2 27 -208|59 79 -12 -14|0.6 8
5386 青雲|電腦及週|148 206 61|70 70 -9 -21|1.3 16
5388 中磊|通信網路|-27 -14 -3|94 98 22 23|0.8 522
5392 能率|光電業|-21 -10 -6|82 89 24 5|1.0 266
5403 中菲|資訊服務|6 33 21|96 99 23 13|0.8 21
5425 台半|半導體業|26 27 22|63 75 -17 -23|1.9 49
5426 振發|電腦及週|57 57 43|73 81 -12 3|0.4 22
5432 新門|綠能環保|-64 -46 -15|49 50 -15 -48|0.7 59
5434 崇越|電子通路|37 36 16|89 89 -6 3|1.2 131
5438 東友|電腦及週|-4 20 6|57 57 -28 47|0.5 16
5439 高技|電子零組|13 12 14|99 99 42 51|1.0 862
5443 均豪|半導體業|-38 8 -39|59 59 -28 -38|1.1 208
5452 佶優|其他電子|-10 -2 -2|74 75 -14 -15|1.4 20
5457 宣德|電子零組|22 46 13|72 79 -10 2|0.4 18
5465 富驊|電腦及週|-7 -3 17|79 89 -10 15|0.5 12
5469 瀚宇博|電子零組|0 3 7|77 95 4 3|0.6 90
5471 松翰|半導體業|-24 -3 -4|75 85 -8 -10|0.5 7
5474 聰泰|電腦及週|-11 -7 -8|84 84 24 19|0.9 432
5478 智冠|文化創意|14 2 -11|83 93 -0 -0|2.1 12
5481 新華|其他|-4 -4 -3|80 80 1 12|0.2 17
5483 中美晶|半導體業|-3 -9 -7|54 63 -21 -37|0.8 575
5484 慧友|光電業|-36 -12 -34|46 67 -2 -35|0.4 23
5493 三聯|其他電子|6 14 -5|80 87 9 -6|1.5 13
5508 永信建|建材營造|-89 -80 -130|49 55 -13 -41|2.1 138
5511 德昌|建材營造|-22 -12 2|89 100 4 8|1.1 7
5515 建國|建材營造|29 55 5|84 96 2 5|0.5 9
5519 隆大|建材營造|10 2 -142|56 71 -6 -24|0.9 12
5521 工信|建材營造|13 32 2|78 89 3 4|1.3 14
5522 遠雄|建材營造|4 -30 -287|84 94 18 2|0.2 74
5530 龍巖|其他|-17 -16 -13|99 99 23 31|1.6 53
5531 鄉林|建材營造|-38 800 622|71 87 -13 -2|0.6 7
5534 長虹|建材營造|65 115 0|67 82 5 -16|0.9 123
5536 聖暉*|其他電子|31 42 22|85 85 24 39|0.5 266
5607 遠雄港|航運業|5 12 -5|69 90 -2 -10|0.3 12
5608 四維航|航運業|13 16 11|88 97 14 16|7.5 77
5609 中菲行|航運業|21 36 4|86 93 -1 -7|1.3 10
5706 鳳凰|觀光餐旅|150 105 31|84 99 8 15|0.8 18
5864 致和證|金融業|175 -19 -49|80 85 -4 -12|0.8 11
5871 中租-KY|其他|0 0 -4|75 78 4 -13|1.1 791
5876 上海商銀|金融保險|20 19 12|95 100 18 10|0.4 206
5880 合庫金|金融保險|-6 -6 -11|93 95 -1 -4|1.2 207
5903 全家|居家生活|6 5 -1|99 99 1 2|0.7 7
5904 寶雅|居家生活|24 15 5|96 96 8 1|2.3 89
5905 南仁湖|觀光餐旅|44 14 10|60 60 -4 -40|1.0 10
6005 群益證|金融保險|6 6 -28|94 94 24 22|0.3 85
6015 宏遠證|金融業|-13 -38 -288|83 91 -5 -3|1.2 9
6016 康和證|金融業|-1 -4 -96|92 100 9 7|1.2 19
6023 元大期貨|金融業|-16 -1 -13|95 98 -0 9|1.1 9
6024 群益期|金融保險|2 14 -11|93 93 -4 1|1.7 20
6026 福邦證|金融業|618 161 117|82 96 1 -4|1.6 9
6101 寬魚國際|文化創意|-94 58 -138|74 76 -4 -24|1.0 10
6104 創惟|半導體業|40 36 11|90 90 16 48|0.9 327
6108 競國|電子零組|-21 -23 -6|70 82 2 -17|0.3 6
6111 光聚晶電|文化創意|2 13 -52|79 94 2 -3|3.2 23
6112 邁達特|資訊服務|-8 4 12|79 79 19 20|0.4 716
6113 亞矽|電子通路|-36 -45 -3|48 68 -14 -26|1.1 6
6114 久威|電子零組|-1 -23 8|84 84 16 18|1.1 9
6117 迎廣|電腦及週|-6 5 -15|59 81 -3 -15|0.6 36
6118 建達|電子通路|-7 11 4|79 82 -8 4|0.2 5
6120 達運|光電業|-14 -1 -14|73 89 -0 -6|0.9 14
6121 新普|電腦及週|-11 -12 -5|72 93 0 4|0.4 241
6122 擎邦|電機機械|-24 -22 3|82 94 3 -6|2.3 15
6125 廣運|電機機械|14 -14 30|65 89 2 -12|0.7 159
6126 信音|電子零組|-11 6 3|69 79 -13 -15|0.4 5
6127 九豪|電子零組|2 12 -8|70 77 -11 -7|0.1 12
6133 金橋|電子零組|30 22 -1|71 71 -17 -17|0.4 10
6134 萬旭|電子零組|25 47 2|66 66 -21 3|0.5 12
6136 富爾特|通信網路|-4 6 9|88 88 7 9|2.1 8
6138 茂達|半導體業|13 5 -5|76 81 4 -5|0.9 106
6139 亞翔|其他電子|-48 -57 -85|75 95 14 12|1.7 1259
6140 訊達電腦|資訊服務|-17 33 36|84 85 40 17|0.4 260
6141 柏承|電子零組|-48 -37 -19|70 89 24 8|1.5 24
6142 友勁|通信網路|44 66 83|83 83 -6 10|0.5 8
6143 振曜|通信網路|-11 59 44|86 86 5 -10|1.7 210
6146 耕興|其他電子|-4 -3 2|75 91 -0 -8|1.2 32
6147 頎邦|半導體業|15 13 10|87 98 0 -0|1.2 146
6148 驊宏資|資訊服務|-50 -2 1|82 82 36 47|1.7 89
6150 撼訊|電腦及週|14 -1 8|75 89 -1 -6|1.8 22
6151 晉倫|其他電子|-8 0 -6|58 58 -26 -14|0.3 13
6152 百一|通信網路|-9 -1 -10|62 62 -13 -25|1.0 7
6153 嘉聯益|電子零組|-37 -28 2|59 64 -16 -34|1.2 53
6156 松上|電子零組|63 52 21|74 74 4 -3|1.7 24
6160 欣技|電腦及週|33 34 26|75 94 2 -6|1.5 7
6161 捷波|電腦及週|-16 -17 -9|61 77 -0 -23|1.3 6
6163 華電網|資訊服務|101 45 15|78 78 -8 -5|0.4 14
6165 浪凡|數位雲端|10 9 4|81 86 -9 16|0.7 26
6166 凌華|電腦及週|14 9 16|94 94 8 13|0.9 122
6168 宏齊|光電業|-15 -13 -8|75 86 -4 -0|0.3 15
6170 統振|通信網路|19 21 -7|95 95 14 22|5.8 15
6173 信昌電|電子零組|-4 4 4|73 84 -4 -13|0.3 14
6175 立敦|電子零組|11 9 -5|91 91 6 8|1.2 80
6176 瑞儀|光電業|3 23 8|89 91 2 6|1.0 225
6177 達麗|建材營造|-37 7 -291|64 73 1 -25|1.1 52
6179 亞通|其他|39 126 88|75 77 -11 -13|0.8 10
6180 橘子|文化創意|6 1 -16|90 90 -6 1|1.2 43
6182 合晶|半導體業|17 3 11|61 72 -18 -27|2.4 63
6183 關貿|資訊服務|1 10 0|84 84 14 24|1.0 8
6186 新潤|建材營造|-93 27 -14528|63 65 -1 -27|1.4 18
6187 萬潤|半導體業|134 265 -84|65 65 -23 -3|0.8 942
6188 廣明|電腦及週|1 -4 16|81 90 6 0|0.5 433
6189 豐藝|電子通路|-31 -7 -26|74 86 -11 -13|0.8 33
6190 萬泰科|通信網路|23 31 6|87 95 7 -2|2.9 36
6191 精成科|電子零組|-13 -11 -3|93 93 25 15|0.5 698
6192 巨路|其他電子|-26 4 -8|83 88 -2 -11|0.5 12
6196 帆宣|其他電子|-26 -9 -12|90 96 1 -0|1.2 56
6197 佳必琪|電子零組|2 8 -24|73 76 -8 -22|0.8 65
6199 天品|其他|3 -4 14|76 76 15 77|0.2 20
6202 盛群|半導體業|54 51 42|79 85 -5 1|0.5 35
6203 海韻電|電子零組|-4 -20 18|89 99 32 17|1.4 21
6204 艾華|電子零組|-18 -17 -12|40 55 -14 -45|1.5 13
6205 詮欣|電子零組|4 4 -11|81 88 -5 0|0.5 26
6206 飛捷|電腦及週|32 43 8|87 87 79 72|2.8 1688
6207 雷科|電子零組|-43 -6 -21|63 68 -12 -30|0.5 27
6209 今國光|光電業|28 25 32|91 95 23 18|0.6 119
6213 聯茂|電子零組|-3 10 -7|53 88 -10 -6|0.8 216
6214 精誠|資訊服務|-12 1 -8|82 82 3 12|0.5 678
6215 和椿|其他電子|42 125 52|82 82 90 77|0.2 414
6216 居易|通信網路|-56 8 -32|70 70 -12 -14|0.4 7
6217 中探針|電子零組|30 42 23|64 74 -17 -18|4.3 20
6219 富旺|建材營造|520 443 -1826|80 88 7 -10|1.3 11
6221 晉泰|資訊服務|77 34 25|90 90 16 19|1.0 15
6223 旺矽|半導體業|34 35 9|73 73 -5 -11|1.3 2214
6224 聚鼎|電子零組|2 13 9|70 70 -12 -15|0.5 9
6227 茂綸|電子通路|-6 7 15|97 97 17 16|0.5 110
6230 尼得科超眾|電腦及週|4 3 22|50 73 -13 -20|0.7 10
6231 系微|資訊服務|-5 9 -8|61 61 -22 -14|1.0 554
6235 華孚|電腦及週|-26 -20 -17|56 82 -7 -14|1.4 44
6237 驊訊|半導體業|16 30 19|72 87 6 15|0.4 103
6239 力成|半導體業|-17 -14 -16|65 86 -1 -13|1.0 490
6244 茂迪|光電業|-32 -20 -0|63 81 -11 -21|1.7 18
6245 立端|通信網路|-4 -7 0|93 93 19 19|0.8 515
6248 沛波|鋼鐵工業|-24 -2 -18|89 91 2 -5|2.2 12
6257 矽格|半導體業|16 20 2|96 100 12 7|1.6 351
6261 久元|半導體業|5 -15 -27|78 83 -4 -13|1.0 10
6263 普萊德|通信網路|-18 -1 1|83 83 -4 -12|0.6 7
6266 泰詠|電子零組|-12 3 9|98 98 0 8|1.9 6
6269 台郡|電子零組|-27 -26 -6|72 79 0 -15|1.3 155
6271 同欣電|半導體業|-12 -8 -12|76 85 -6 -14|0.8 141
6274 台燿|電子零組|35 40 -4|86 88 -3 0|0.8 588
6275 元山|電子零組|-16 9 7|68 88 -6 -4|0.8 6
6278 台表科|光電業|5 3 7|79 93 5 -4|0.7 88
6279 胡連|電子零組|9 20 3|93 93 4 20|0.5 110
6282 康舒|電子零組|-12 -4 -22|73 89 -8 -9|0.7 68
6283 淳安|其他電子|60 57 32|79 89 -5 7|1.2 10
6284 佳邦|電子零組|-3 0 -7|82 84 3 -14|0.6 64
6285 啟碁|通信網路|9 -1 -1|85 97 21 15|0.5 653
6288 聯嘉|汽車工業|9 16 -10|70 79 -17 -1|0.4 16
6290 良維|電子零組|21 17 8|80 92 11 -5|0.8 254
6405 悅城|光電業|-100 -76 -32|59 59 -32 1|0.5 11
6409 旭隼|其他電子|3 6 -13|75 75 -9 -14|1.8 296
6411 晶焱|半導體業|-3 3 -1|73 79 -12 -10|0.6 9
6412 群電|電子零組|-3 7 5|72 88 -0 -1|1.2 86
6414 樺漢|電腦及週|-4 8 -9|85 94 -2 6|1.5 234
6415 矽力*-KY|半導體業|-14 12 -4|81 81 3 -7|1.1 1317
6416 瑞祺電通|通信網路|41 22 13|77 77 -1 -10|3.0 52
6419 京晨科|光電業|29 59 -84|64 91 0 -5|1.0 7
6425 易發|電機機械|-9 48 -55|73 76 -18 8|0.4 29
6426 統新|通信網路|-21 -6 3|75 75 10 37|0.5 54
6435 大中|半導體業|36 14 11|95 95 17 14|2.4 36
6438 迅得|其他電子|19 0 7|77 77 -16 49|1.1 535
6442 光聖|通信網路|302 347 180|72 72 -7 4|0.6 1308
6443 元晶|光電業|-46 -55 -9|61 79 -2 -21|3.9 33
6446 藥華藥|生技醫療|108 107 14|82 82 10 -10|1.3 2563
6449 鈺邦|電子零組|3 19 4|70 77 -9 -17|1.0 65
6451 訊芯-KY|半導體業|47 29 24|67 68 -15 -23|0.6 614
6456 GIS-KY|光電業|7 20 20|74 88 5 -10|0.6 43
6462 神盾|半導體業|-9 22 2|39 53 -27 -47|0.7 149
6469 大樹|生技醫療|13 10 3|68 89 6 -7|3.3 50
6470 宇智|通信網路|66 34 41|87 87 3 8|0.2 7
6472 保瑞|生技醫療|34 64 12|95 99 14 16|1.0 1274
6477 安集|光電業|-48 -28 2|76 88 16 -2|0.8 50
6485 點序|半導體業|52 22 38|78 93 32 18|2.6 60
6488 環球晶|半導體業|10 -2 5|62 77 -14 -21|1.5 940
6491 晶碩|生技醫療|-12 -9 -9|72 83 -1 -13|0.5 100
6492 生華科|生技醫療|0 0 0|72 81 -1 -9|1.1 5
6505 台塑化|油電燃氣|5 -3 2|52 68 -11 -33|1.2 417
6509 聚和|化學工業|-4 5 2|85 85 -10 -6|0.8 15
6510 精測|半導體業|63 65 36|80 80 3 47|0.5 301
6515 穎崴|半導體業|82 108 32|93 93 5 17|1.1 1013
6517 保勝光學|光電業|-26 -18 -15|73 74 -10 2|0.3 7
6523 達爾膚|生技醫療|5 -5 -14|84 97 -1 4|0.9 7
6525 捷敏-KY|半導體業|8 9 3|90 90 -2 9|0.4 12
6526 達發|半導體業|66 62 17|79 87 3 7|0.6 313
6530 創威|通信網路|14 15 3|71 71 -20 31|0.2 47
6531 愛普*|半導體業|53 18 14|61 87 -4 -3|0.5 293
6532 瑞耘|半導體業|-2 18 14|78 81 -10 -6|0.8 8
6533 晶心科|半導體業|24 8 -55|69 84 3 6|1.0 484
6535 順藥|生技醫療|-99 -22 10|58 58 -41 -13|0.2 69
6538 倉和|電子零組|-26 -34 -36|56 74 -2 -26|1.1 15
6541 泰福-KY|生技醫療|62 -28 -336|94 94 9 26|2.2 32
6546 正基|通信網路|11 11 4|59 59 -0 -23|0.4 267
6547 高端疫苗|生技醫療|98 37 na|79 95 28 2|2.2 89
6548 長科*|半導體業|2 6 2|80 81 -1 -12|0.9 26
6550 北極星藥業-KY|生技醫療|-85 na na|62 74 -12 -21|0.9 25
6558 興能高|其他電子|17 11 11|95 95 69 171|0.7 480
6561 是方|通信網路|15 14 -3|85 85 -11 -8|1.0 40
6568 宏觀|半導體業|26 37 23|90 90 19 21|1.0 91
6569 醫揚|生技醫療|10 8 20|73 86 8 -14|1.0 15
6570 維田|電腦及週|1 1 6|78 82 9 -17|3.5 13
6576 逸達|生技醫療|-66 -59 na|79 98 7 6|0.8 17
6577 勁豐|電腦及週|10 5 12|91 91 25 13|6.6 19
6579 研揚|電腦及週|-22 -14 -0|76 89 14 -15|2.2 26
6581 鋼聯|綠能環保|13 48 18|93 93 2 6|1.7 5
6584 南俊國際|電子零組|-11 14 -26|63 74 -25 -21|1.9 36
6585 鼎基|其他|21 11 -8|78 94 31 -1|0.8 119
6589 台康生技|生技醫療|-56 -29 -40|80 83 -12 -8|0.3 35
6591 動力-KY|電腦及週|-1 -13 -1|83 95 8 8|2.4 32
6592 和潤企業|其他|-23 -20 -18|65 82 -5 -17|0.7 27
6596 寬宏藝術|文化創意|454 164 17|94 94 22 28|0.3 20
6603 富強鑫|電機機械|17 11 -5|78 78 -1 -14|0.9 7
6605 帝寶|汽車工業|6 7 -2|77 77 -14 -13|0.9 38
6609 瀧澤科|電機機械|29 6 -6|65 65 -9 6|1.0 109
6613 朋億*|其他電子|6 11 0|83 83 12 43|0.8 118
6617 共信-KY|生技醫療|40 15 na|na 81 -5 -15|0.6 14
6640 均華|半導體業|-56 31 -83|46 50 -38 -54|0.7 115
6643 M31|半導體業|0 -15 -11|45 74 7 -22|0.8 626
6651 全宇昕|半導體業|-6 10 4|92 92 5 20|2.4 11
6657 華安|生技醫療|4 4 -12|94 94 22 32|1.9 81
6658 聯策|其他電子|108 95 55|68 68 -15 -7|0.9 34
6664 群翊|電子零組|-3 -0 -2|66 67 -13 -34|1.9 51
6667 信紘科|其他電子|56 64 11|78 78 -2 -21|4.1 31
6668 中揚光|光電業|-9 -20 -18|65 91 1 3|0.4 25
6669 緯穎|電腦及週|100 101 39|65 69 -9 1|1.0 4160
6670 復盛應用|運動休閒|37 30 9|97 97 9 21|0.9 155
6672 騰輝電子-KY|電子零組|-16 -10 2|83 94 14 13|1.2 148
6679 鈺太|半導體業|8 1 -12|61 81 -7 -9|0.7 67
6683 雍智科技|半導體業|19 43 18|79 79 20 1|0.4 310
6684 安格|半導體業|-24 -31 -43|48 77 -2 -17|0.1 8
6689 伊雲谷|數位雲端|18 25 -4|81 82 11 1|0.3 181
6690 安碁資訊|數位雲端|13 15 -2|79 88 -2 -7|1.2 25
6691 洋基工程|其他電子|26 58 55|88 88 40 27|0.6 208
6693 廣閎科|半導體業|22 41 26|80 80 -10 -8|0.8 5
6695 芯鼎|半導體業|-14 10 20|63 83 1 -6|0.3 46
6703 軒郁|生技醫療|-20 -10 -28|54 76 0 -22|1.4 5
6706 惠特|光電業|114 78 87|52 52 -41 -22|0.5 207
6712 長聖|生技醫療|6 35 14|86 98 4 1|2.3 45
6715 嘉基|電子零組|-38 -24 -12|69 74 -16 -12|0.3 14
6719 力智|半導體業|1 6 -14|68 82 -6 -17|0.8 100
6727 亞泰金屬|電子零組|-23 7 -9|78 78 -22 5|0.6 6
6728 上洋|居家生活|40 39 9|100 100 15 27|2.2 6
6732 昇佳電子|半導體業|-26 -16 -19|49 70 -21 -20|1.1 27
6739 竹陞科技|其他電子|137 104 na|na na 57 na|0.4 50
6741 91APP*-KY|數位雲端|10 15 -1|94 94 14 18|0.7 78
6742 澤米|光電業|19 17 -18|78 85 16 31|0.7 288
6743 安普新|其他電子|44 37 -43|61 61 -11 -34|0.8 11
6752 叡揚|資訊服務|9 9 -1|84 84 10 19|0.3 102
6753 龍德造船|航運業|40 48 32|69 78 6 -20|1.4 57
6756 威鋒電子|半導體業|-17 -23 -3|47 67 -9 -27|0.5 18
6757 台灣虎航|航運業|31 19 -14|92 92 6 55|0.5 331
6761 穩得|電子零組|-15 3 -9|87 87 7 -7|1.7 26
6763 綠界科技*|數位雲端|-17 -1 -2|74 74 2 62|0.5 166
6768 志強-KY|運動休閒|37 22 -12|93 93 3 84|2.4 465
6770 力積電|半導體業|2 0 -3|63 80 -2 -19|0.8 812
6781 AES-KY|電子零組|30 32 28|76 76 16 88|1.3 1762
6782 視陽|生技醫療|6 12 -44|60 69 -12 -20|1.8 67
6785 昱展新藥|生技醫療|na na na|33 72 -1 -26|0.6 27
6788 華景電|半導體業|26 57 -6|70 70 -13 -25|0.8 46
6789 采鈺|半導體業|5 24 -13|74 82 2 -9|0.9 651
6790 永豐實|造紙工業|-13 -4 -7|74 86 -6 -13|0.9 6
6791 虎門科技|資訊服務|18 10 -4|75 75 4 59|0.4 18
6799 來頡|半導體業|2 -10 1|55 91 16 -1|1.8 145
6803 崑鼎|綠能環保|10 21 9|100 100 9 4|2.6 12
6805 富世達|電子零組|9 41 0|61 61 -22 -20|0.4 833
6806 森崴能源|綠能環保|191 113 24|61 81 -14 -20|1.0 117
6811 宏碁資訊|數位雲端|2 15 3|80 86 9 5|0.3 84
6829 千附精密|半導體業|29 45 30|86 86 3 12|0.8 62
6830 汎銓|其他電子|2 4 1|62 62 -19 7|0.4 72
6835 圓裕|電子零組|18 12 -2|90 98 16 1|3.3 35
6838 台新藥|生技醫療|na na na|na 71 -11 -9|0.9 7
6841 長佳智能|生技醫療|81 106 -222|72 94 12 -5|0.9 52
6854 錼創科技-KY創|半導體業|79 156 62|80 80 52 185|0.7 129
6859 伯特光|光電業|63 69 62|85 85 -3 51|0.2 64
6862 三集瑞-KY|電子零組|-16 10 na|na na 0 na|0.5 19
6863 永道-KY|通信網路|37 60 -13|82 82 8 9|0.4 113
6869 雲豹能源|綠能環保|30 2 14|50 66 -6 -35|0.7 155
6870 騰雲|數位雲端|16 36 12|75 75 -15 -4|0.5 53
6873 泓德能源|綠能環保|170 74 -149|75 76 9 -19|0.8 215
6875 國邑*|生技醫療|-100 na na|na 78 -4 -7|0.8 7
6877 鏵友益|其他電子|76 469 294|84 84 9 4|0.8 29
6890 來億-KY|運動休閒|21 34 na|na 85 9 29|0.6 369
6895 宏碩系統|半導體業|7 29 24|56 73 -11 -18|0.2 11
6901 鑽石投資|其他|56 14 12|67 73 -20 -26|0.8 14
6903 巨漢|其他電子|-48 -26 na|na 74 -8 -19|0.8 8
6906 現觀科|數位雲端|11 13 2|76 76 -15 -2|0.8 88
6913 鴻呈|電子零組|14 34 na|na na 20 na|1.6 116
6914 阜爾運通|其他|19 16 na|na 97 26 5|1.8 23
6919 康霈*|生技醫療|na na na|na na 64 na|1.2 1440
6922 宸曜|電腦及週|6 44 9|85 85 49 31|1.0 124
6928 攸泰科技|電腦及週|5 -18 na|na 82 10 7|0.2 13
6933 AMAX-KY|電腦及週|49 22 18|53 72 -21 -15|0.8 15
6937 天虹|半導體業|17 92 19|69 69 -14 1|0.3 124
6949 沛爾生醫-創|生技醫療|495 253 184|na 96 72 52|3.2 29
6953 家碩|半導體業|-46 20 na|na 76 -13 -22|1.0 7
6957 裕慶-KY|其他|40 85 na|na 71 2 -17|1.1 42
6962 奕力-KY|半導體業|-16 -11 na|na na -1 na|1.3 571
7402 邑錡|光電業|3 11 17|73 92 19 10|1.2 119
7556 意德士科技|半導體業|35 35 12|89 89 28 32|0.6 16
7703 銳澤|其他電子|7 39 na|na na 5 na|0.5 15
7705 三商餐飲|觀光餐旅|26 16 na|na na -10 na|1.4 6
8011 台通|通信網路|-39 -26 -57|69 77 -16 -11|0.4 14
8016 矽創|半導體業|-14 -2 -5|67 90 0 -8|1.1 113
8021 尖點|其他電子|19 21 -9|79 80 -6 -19|1.3 18
8027 鈦昇|電機機械|-37 -10 -23|62 75 -8 -20|0.6 53
8028 昇陽半導體|半導體業|46 46 33|87 87 9 12|2.0 3225
8032 光菱|電子通路|3 29 18|62 62 -30 98|0.3 29
8033 雷虎|其他|-28 13 -9|77 92 8 7|0.3 150
8039 台虹|電子零組|9 7 -13|67 69 -3 -33|1.2 144
8040 九暘|半導體業|-3 -6 -0|72 85 -0 -12|1.4 15
8042 金山電|電子零組|-5 2 -2|64 64 -16 7|0.1 17
8043 蜜望實|電子零組|-21 3 9|60 62 -9 -35|0.5 11
8044 網家|數位雲端|-17 -12 -2|74 74 -19 45|0.3 24
8046 南電|電子零組|0 -5 14|56 88 2 -12|1.3 493
8047 星雲|其他電子|-20 -4 -1|71 71 -14 24|0.2 5
8050 廣積|電腦及週|27 19 26|84 91 -1 -2|1.8 113
8054 安國|半導體業|-14 3 -8|57 71 -6 -29|0.2 133
8059 凱碩|通信網路|438 221 149|82 82 17 20|1.5 12
8064 東捷|光電業|-15 -17 -8|70 70 -13 -27|0.8 64
8069 元太|光電業|-8 38 16|90 90 -1 -5|1.1 1909
8070 長華*|電子通路|-1 4 0|60 60 -19 -31|0.4 78
8071 能率網通|電子零組|-5 5 10|79 85 8 -16|0.9 32
8076 伍豐|電腦及週|-33 -0 8|87 87 -2 -3|1.6 29
8081 致新|半導體業|10 13 8|75 97 5 5|0.6 84
8083 瑞穎|電機機械|-37 -5 -33|91 96 4 0|0.9 11
8084 巨虹|電子通路|14 6 15|49 77 -17 -22|1.6 6
8085 福華|其他電子|-9 -3 13|31 63 -20 -31|0.5 10
8086 宏捷科|半導體業|-48 -37 -126|62 85 -3 -5|0.3 106
8088 品安|半導體業|-3 1 27|51 73 12 -27|1.0 10
8089 康全電訊|通信網路|-43 219 -112|48 55 -30 -45|0.7 51
8091 翔名|半導體業|-7 -0 -9|76 78 -1 -13|0.9 12
8096 擎亞|電子通路|100 42 10|81 81 56 12|2.3 486
8097 常珵|通信網路|3572 3125 1150|86 86 0 24|0.3 35
8099 大世科|資訊服務|6 1 5|61 80 -15 -11|1.8 17
8103 瀚荃|電子零組|-13 12 8|65 69 -2 -30|0.7 16
8104 錸寶|光電業|-5 -18 -5|68 68 -31 -6|0.2 18
8105 凌巨|光電業|-10 3 5|62 72 -16 -21|0.3 12
8110 華東|半導體業|-5 -7 -14|64 80 -10 -18|0.8 24
8111 立碁|光電業|-8 6 4|85 85 18 79|0.3 220
8112 至上|電子通路|1 1 -56|66 85 -1 -14|0.6 104
8114 振樺電|電腦及週|106 118 68|77 77 -5 58|1.6 229
8121 越峰|電子零組|-17 -6 -24|51 56 -18 -44|0.3 6
8131 福懋科|半導體業|-7 4 -13|77 81 -4 -18|2.9 10
8147 正淩|電子零組|-13 5 -10|78 87 20 -9|4.8 17
8150 南茂|半導體業|2 -2 -7|61 81 -5 -17|1.9 80
8155 博智|電子零組|33 26 -1|74 76 -3 -5|0.7 27
8163 達方|電腦及週|4 3 18|63 86 -13 -13|1.1 40
8171 天宇|綠能環保|-47 -62 -77|85 85 -7 26|0.2 26
8183 精星|其他電子|6 32 24|85 87 -1 10|0.7 8
8210 勤誠|電腦及週|0 -14 -47|84 91 -3 -4|0.8 485
8213 志超|電子零組|-5 -5 2|78 89 -10 -7|0.5 7
8215 明基材|光電業|-13 24 17|80 83 -15 -2|0.8 10
8222 寶一|電機機械|45 11 -12|81 97 3 12|1.0 13
8227 巨有科技|半導體業|-37 -44 -7|46 88 13 -12|0.9 50
8234 新漢|電腦及週|36 27 26|88 88 79 64|0.7 452
8240 華宏|光電業|8 9 10|86 86 -6 32|0.4 18
8249 菱光|電子零組|51 97 42|80 80 5 81|0.7 345
8255 朋程|電機機械|19 15 -20|69 81 -7 -9|1.0 40
8261 富鼎|半導體業|3 13 12|90 90 -7 13|0.5 63
8271 宇瞻|半導體業|-10 1 -1|69 94 6 -5|1.7 15
8299 群聯|半導體業|-29 -21 -41|76 95 25 6|1.4 900
8341 日友|綠能環保|19 17 -0|83 87 -6 -7|0.9 7
8349 恒耀國際|鋼鐵工業|-16 -5 -9|87 87 -6 -10|1.1 9
8358 金居|電子零組|12 5 -13|74 85 -8 -13|2.6 51
8367 建新國際|航運業|16 12 -12|97 98 9 1|1.7 7
8374 羅昇|電機機械|45 68 42|75 75 -13 -21|0.5 150
8383 千附|半導體業|6 49 32|96 97 8 6|0.8 10
8390 金益鼎|綠能環保|-0 14 -20|76 76 -11 -15|0.5 50
8401 白紗科|其他|-31 -7 -5|100 100 20 21|0.8 6
8404 百和興業-KY|其他|-6 20 -7|82 82 -5 58|1.4 89
8415 大國鋼|鋼鐵工業|-1 -2 5|97 97 8 14|2.5 86
8422 可寧衛*|綠能環保|18 29 -5|96 98 4 -0|1.5 23
8429 金麗-KY|貿易百貨|2176 696 526|77 77 -10 12|0.3 8
8431 匯鑽科|其他電子|9 45 34|97 97 5 8|1.2 21
8436 大江|生技醫療|-8 -4 5|92 99 13 -0|6.9 43
8438 昶昕|綠能環保|12 16 3|63 72 -4 -30|0.7 5
8440 綠電|綠能環保|-9 3 -1|64 75 -5 -25|1.0 6
8442 威宏-KY|其他|-5 0 -1|89 92 3 -1|0.8 7
8446 華研|文化創意|-13 -21 -37|93 93 -2 6|1.4 9
8454 富邦媒|數位雲端|-5 -1 -3|87 97 2 -2|2.4 64
8464 億豐|居家生活|9 9 1|87 87 8 -4|0.9 292
8467 波力-KY|運動休閒|7 31 6|76 76 -7 15|0.2 40
8473 山林水|綠能環保|-1 34 41|66 78 3 -16|1.6 11
8476 台境*|綠能環保|-46 -42 -55|42 46 -1 -55|1.6 12
8478 東哥遊艇|運動休閒|-47 -80 -56|46 61 -22 -40|1.3 34
8482 商億-KY|居家生活|-10 6 3|86 86 76 68|1.0 62
8926 台汽電|油電燃氣|-16 40 -37|84 90 -3 -8|1.0 21
8927 北基|油電燃氣|14 10 -55|81 82 7 -2|0.4 22
8932 智通*|數位雲端|88 94 29|57 57 16 -42|1.0 58
8936 國統|其他|13 14 -13|62 84 5 -17|2.6 105
8937 合騏*|其他|1 -23 -24|89 89 20 190|0.5 154
8938 明安|運動休閒|-1 13 11|91 94 4 -5|2.1 15
8942 森鉅|其他|15 31 50|92 97 10 2|0.6 11
8996 高力|電機機械|-10 2 8|56 67 -11 -24|1.4 624
9802 鈺齊-KY|運動休閒|15 23 29|98 98 32 26|2.8 317
9904 寶成|運動休閒|15 12 3|87 87 -9 10|1.1 414
9906 欣巴巴|建材營造|-42 1099 -89384|51 54 -15 -47|0.9 19
9907 統一實|其他|12 31 5|95 95 3 -1|1.6 15
9910 豐泰|運動休閒|-6 -1 -2|83 88 3 -5|1.5 152
9911 櫻花|居家生活|6 2 -12|90 97 3 -2|1.4 28
9912 偉聯|電腦及週|-6 -6 -7|89 99 11 0|3.7 8
9914 美利達|運動休閒|59 34 14|70 70 5 -29|0.8 190
9917 中保科|其他|4 8 4|84 84 -10 -13|0.3 46
9919 康那香|其他|-19 4 7|77 88 5 -5|0.5 16
9921 巨大|運動休閒|-2 -7 -0|66 66 2 -34|1.2 195
9924 福興|居家生活|-14 -19 -9|87 87 -2 -4|1.0 9
9927 泰銘|其他|-24 -16 -4|89 94 5 -4|0.8 10
9930 中聯資源|綠能環保|7 12 6|98 100 6 8|2.3 6
9933 中鼎|其他|-33 -2 -15|77 83 2 -14|0.7 111
9934 成霖|居家生活|-6 1 3|71 74 -1 -24|1.5 15
9935 慶豐富|居家生活|8 15 -6|95 95 4 11|1.3 50
9938 百和|其他|-2 14 -7|84 84 -10 16|1.9 210
9939 宏全|其他|-1 11 4|95 98 10 4|1.7 133
9941 裕融|其他|-10 -7 -5|74 79 2 -17|0.3 73
9942 茂順|其他|-22 -13 8|82 95 -2 3|1.2 8
9945 潤泰新|其他|-23 2 -13|80 86 -8 -12|1.1 108
9946 三發地產|建材營造|28 114 8|51 66 -2 -33|3.1 5
9955 佳龍|綠能環保|-34 -9 -12|75 77 -6 -22|0.7 29
9958 世紀鋼|鋼鐵工業|7 -21 -10|51 75 1 -21|1.7 392