# 2025-09-01 全池(1166 檔)。欄位:代碼 名稱|產業|最新月YoY 3月YoY均 加速度|距52週高% 距120日高% 60日漲% 120日漲%|量能比 日均值M
1101 台泥|水泥工業|-6 -14 -51|66 67 -15 -33|1.3 515
1102 亞泥|水泥工業|-13 -9 -10|81 81 -9 -13|0.8 220
1103 嘉泥|水泥工業|-3 -1 -5|75 81 -9 -17|0.9 5
1104 環泥|水泥工業|-7 -9 -6|97 97 3 3|1.7 18
1210 大成|食品工業|-7 -5 -2|84 84 -9 -1|0.5 135
1215 卜蜂|食品工業|2 3 3|97 97 18 33|0.4 98
1216 統一|食品工業|-4 1 -5|89 92 2 -3|0.7 666
1217 愛之味|食品工業|-6 -1 -5|91 93 2 -8|1.6 6
1218 泰山|食品工業|-9 -3 4|88 88 -8 -4|0.5 9
1225 福懋油|食品工業|-5 -1 4|17 49 -18 -51|0.3 6
1227 佳格|食品工業|-10 -5 -6|80 83 -6 -14|0.9 15
1229 聯華|食品工業|3 2 12|79 96 8 -3|1.2 80
1231 聯華食|食品工業|3 8 -4|76 88 3 -7|0.9 56
1232 大統益|食品工業|-5 -7 -2|94 94 -5 1|0.4 7
1268 漢來美食|觀光餐旅|4 7 -4|100 100 6 7|1.4 8
1295 生合|食品工業|-19 4 na|na na 24 na|1.7 148
1301 台塑|塑膠工業|-18 -16 -13|74 91 11 1|1.0 954
1303 南亞|塑膠工業|-6 -5 -9|92 92 49 29|1.6 3912
1304 台聚|塑膠工業|-22 -18 -10|65 87 9 -14|0.9 21
1305 華夏|塑膠工業|-25 -19 1|67 87 12 -15|0.9 12
1307 三芳|塑膠工業|-12 -5 -11|62 67 -12 -35|0.4 31
1308 亞聚|塑膠工業|-18 -10 1|62 83 3 -19|1.0 16
1309 台達化|塑膠工業|-29 -27 -30|54 79 4 -25|1.1 9
1313 聯成|塑膠工業|-15 -19 -4|83 92 26 10|0.6 33
1316 上曜|建材營造|176 157 -30|61 66 -12 -14|0.9 43
1319 東陽|汽車工業|-18 -14 -19|77 77 -11 -11|0.6 213
1321 大洋|塑膠工業|-13 -26 -16|83 95 1 -0|2.1 7
1325 恆大|塑膠工業|-20 -3 8|68 68 -23 -6|0.6 11
1326 台化|塑膠工業|-22 -24 -12|69 98 26 5|0.8 483
1336 台翰|電子零組|-16 -8 -19|63 66 -10 -28|0.8 6
1342 八貫|其他|14 6 -4|81 86 -4 -16|2.7 10
1402 遠東新|紡織纖維|-11 -12 -9|73 81 -14 -15|1.0 174
1409 新纖|紡織纖維|-25 -20 -19|86 86 22 -1|1.8 284
1414 東和|紡織纖維|-22 -16 -2|66 77 -13 -24|1.2 9
1419 新紡|紡織纖維|25 16 -10|67 67 -23 27|0.2 15
1434 福懋|紡織纖維|-4 -8 -9|76 83 3 -16|0.7 19
1436 華友聯|建材營造|21 -6 -1597|42 54 -35 -45|0.8 19
1437 勤益控|其他|21 8 2|86 91 -3 -9|1.0 6
1440 南紡|紡織纖維|-33 -21 -12|84 95 4 -4|0.6 12
1442 名軒|建材營造|-74 -71 -123|63 66 -28 -32|1.3 32
1446 宏和|紡織纖維|-85 -81 -1407|38 51 -18 -49|1.2 7
1449 佳和|紡織纖維|-22 -2 5|41 66 -9 -35|1.5 11
1464 得力|紡織纖維|1 0 -22|59 59 -15 -41|1.1 10
1476 儒鴻|紡織纖維|-3 -5 -20|72 81 1 -20|0.7 236
1477 聚陽|紡織纖維|-9 -5 -13|72 78 11 -26|0.5 306
1503 士電|電機機械|-1 13 4|86 95 13 10|2.3 384
1504 東元|電機機械|4 6 8|91 91 36 29|2.8 2043
1513 中興電|電機機械|11 15 0|95 96 7 17|1.3 816
1514 亞力|電機機械|30 28 28|77 93 0 -0|1.1 233
1515 力山|電機機械|-9 -16 26|89 94 13 -4|3.2 6
1519 華城|電機機械|12 21 -16|89 92 36 4|0.7 2055
1522 堤維西|汽車工業|32 -1 2|64 73 -5 -29|0.7 40
1524 耿鼎|汽車工業|-9 -20 -22|68 68 -7 -22|1.5 40
1527 鑽全|電機機械|-4 -5 -9|70 77 -11 -23|0.7 11
1528 恩德|電機機械|-12 -16 -3|80 81 32 5|0.7 303
1529 樂事綠能|電機機械|271 84 22|82 88 -8 6|0.9 18
1532 勤美|電機機械|-14 -41 -8|65 83 1 -19|1.0 15
1536 和大|汽車工業|-20 -30 -11|77 89 13 -10|3.6 442
1537 廣隆|電機機械|-22 -26 -29|85 89 -3 -9|1.2 29
1540 喬福|電機機械|26 -8 4|54 70 -12 -27|1.7 12
1560 中砂|電機機械|10 17 2|93 96 21 32|1.0 1257
1563 巧新|汽車工業|6 -3 3|73 73 -8 -27|0.8 17
1565 精華|生技醫療|-17 -3 -9|62 75 -9 -22|1.2 36
1569 濱川|電腦及週|-10 8 -4|66 68 12 -21|0.7 248
1580 新麥|電機機械|-2 -4 -11|96 98 7 -4|0.7 14
1582 信錦|電子零組|-23 -20 -14|63 71 -5 -27|1.0 39
1584 精剛|其他|-34 -26 -18|61 82 -1 -4|3.5 45
1586 和勤|電機機械|-14 -12 -5|85 93 1 -5|1.9 8
1587 吉茂|汽車工業|24 19 2|61 94 9 -5|1.5 9
1589 永冠-KY|電機機械|23 24 10|48 54 -16 -44|1.9 11
1590 亞德客-KY|電機機械|7 5 -3|77 79 -16 -19|1.8 578
1591 駿吉-KY|電機機械|17 -15 -58|80 88 -2 -6|0.5 5
1595 川寶|半導體業|-61 -8 -5|54 92 33 -4|1.8 9
1597 直得|電機機械|9 5 -4|68 88 -4 -13|1.3 96
1603 華電|電器電纜|-10 7 -16|94 94 3 4|1.0 19
1605 華新|電器電纜|-5 -10 -12|65 86 6 -16|1.0 405
1608 華榮|電器電纜|-10 -7 -12|85 96 24 8|2.6 108
1609 大亞|電器電纜|-3 1 -6|74 93 10 -1|1.8 569
1611 中電|電器電纜|4 -3 6|72 83 -2 -17|1.2 6
1612 宏泰|電器電纜|25 35 20|95 95 9 12|0.6 92
1615 大山|電器電纜|-18 0 -5|71 85 1 -15|1.2 6
1616 億泰|電器電纜|44 34 14|90 90 40 87|0.4 378
1618 合機|電器電纜|-60 -10 -34|91 92 -3 0|0.7 123
1702 南僑|食品工業|-9 -5 -7|68 82 -8 -18|0.7 17
1707 葡萄王|生技醫療|-9 -7 -8|86 91 0 -10|0.4 9
1708 東鹼|化學工業|1 -8 -14|76 77 -5 -20|1.0 32
1709 和益|化學工業|-7 -18 -13|69 81 -3 -20|2.2 7
1710 東聯|化學工業|-27 -20 -27|65 73 -4 -28|0.7 13
1711 永光|化學工業|-10 -14 -12|66 89 11 -13|1.5 74
1712 興農|化學工業|-12 -5 -2|93 95 1 -2|1.1 17
1713 國化|化學工業|-6 -25 -16|95 95 8 4|1.2 31
1717 長興|化學工業|-12 -12 -10|100 100 80 66|1.4 372
1720 生達|生技醫療|-2 0 -4|87 92 1 -7|0.9 10
1721 三晃|化學工業|-23 -34 -20|49 83 6 -17|0.5 15
1722 台肥|化學工業|-4 -1 -3|88 91 1 2|0.8 55
1723 中碳|化學工業|-34 -28 -19|84 87 -6 -14|0.8 28
1727 中華化|化學工業|4 -4 -17|96 97 76 38|2.6 272
1732 毛寶|化學工業|23 23 11|84 88 -2 3|0.7 10
1733 五鼎|生技醫療|-22 -2 -23|93 93 6 3|1.5 6
1734 杏輝|生技醫療|12 6 -2|92 100 3 6|1.3 6
1736 喬山|運動休閒|1 12 -15|67 68 1 -27|0.4 73
1760 寶齡富錦|生技醫療|-5 1 0|75 85 -11 -15|1.0 8
1773 勝一|化學工業|16 12 2|86 100 3 0|3.8 116
1784 訊聯|生技醫療|5 5 1|67 85 9 -3|1.0 17
1785 光洋科|其他電子|63 31 -4|88 96 -0 3|3.1 294
1786 科妍|生技醫療|-1 -1 -10|68 72 -7 -24|0.4 69
1789 神隆|生技醫療|-19 -8 2|70 79 5 -21|0.9 10
1795 美時|生技醫療|-12 -15 -27|66 73 -19 -26|0.8 193
1799 易威|生技醫療|-46 -24 -134|20 55 -21 -45|0.8 7
1802 台玻|玻璃陶瓷|4 -4 1|85 85 105 78|0.3 1989
1808 潤隆|建材營造|-97 -99 -4|23 83 -6 -17|0.4 25
1809 中釉|玻璃陶瓷|19 -3 -5|84 91 22 5|2.8 43
1810 和成|玻璃陶瓷|1 1 2|100 100 41 32|4.0 135
1815 富喬|電子零組|52 33 -29|86 86 75 112|0.2 4098
1903 士紙|造紙工業|-9 4 5|74 74 -14 9|0.2 9
1904 正隆|造紙工業|-7 -0 -6|70 88 3 -13|0.8 11
1905 華紙|造紙工業|-11 -14 -6|55 72 -2 -30|2.4 23
1907 永豐餘|造紙工業|-9 -10 -10|78 86 -1 -14|0.6 14
2002 中鋼|鋼鐵工業|-17 -13 -5|82 83 4 -18|1.5 481
2006 東和鋼鐵|鋼鐵工業|-10 -4 0|80 82 -4 -18|1.1 53
2009 第一銅|鋼鐵工業|10 -7 -9|71 74 5 -17|0.6 38
2010 春源|鋼鐵工業|2 3 -8|92 92 3 12|0.9 28
2014 中鴻|鋼鐵工業|-58 -48 -12|64 66 8 -36|1.0 135
2015 豐興|鋼鐵工業|-16 -10 -4|80 90 2 -8|0.3 11
2020 美亞|鋼鐵工業|110 13 24|85 85 -3 -13|0.7 7
2023 燁輝|鋼鐵工業|-10 -11 -3|87 87 -2 -11|0.6 14
2027 大成鋼|鋼鐵工業|18 9 6|74 74 10 -21|0.9 1256
2031 新光鋼|鋼鐵工業|20 15 -2|76 86 9 -14|0.8 37
2032 新鋼|鋼鐵工業|9 4 -7|71 76 1 -26|0.7 6
2034 允強|鋼鐵工業|-25 -17 -22|77 77 -4 -21|1.4 36
2038 海光|鋼鐵工業|-23 -1 -8|73 75 -5 -25|0.8 6
2049 上銀|電機機械|-6 -6 -9|58 70 -5 -30|0.8 606
2059 川湖|電子零組|59 61 -18|94 94 40 58|2.0 2438
2062 橋椿|居家生活|-10 -21 -3|57 72 -3 -27|2.5 12
2066 世德|電機機械|-9 -8 -3|56 64 -16 -36|1.4 6
2070 精湛|電機機械|12 -6 -10|38 68 0 -29|0.8 11
2101 南港|橡膠工業|-5 -2 -80|74 92 5 -8|1.6 88
2102 泰豐|橡膠工業|14 7 -44|87 92 -2 12|0.4 8
2103 台橡|橡膠工業|-17 -8 -22|69 83 -4 -17|1.2 14
2104 國際中橡|橡膠工業|-21 -19 -10|66 87 2 -14|1.2 22
2105 正新|橡膠工業|-7 -7 -5|74 76 -17 -20|1.0 113
2106 建大|橡膠工業|-13 -7 -5|68 76 -11 -23|1.5 10
2108 南帝|橡膠工業|-23 -20 -32|66 79 -0 -22|1.1 10
2201 裕隆|汽車工業|-16 -18 -6|57 74 -4 -26|1.0 81
2204 中華|汽車工業|-32 -29 2|70 79 -1 -20|0.7 56
2206 三陽工業|汽車工業|-1 -6 -1|88 93 -2 -1|0.6 45
2207 和泰車|汽車工業|-0 -7 -7|81 88 -2 -4|1.0 93
2208 台船|航運業|-11 170 142|95 95 22 16|5.1 65
2211 長榮鋼|鋼鐵工業|9 -3 -41|75 95 3 -3|0.5 74
2228 劍麟|汽車工業|-1 2 1|97 97 40 36|3.9 313
2230 泰茂|居家生活|-18 7 -112|70 94 8 1|1.1 24
2231 為升|汽車工業|-13 -14 -18|100 100 53 28|5.0 82
2233 宇隆|汽車工業|-20 -14 -12|88 89 49 15|1.6 643
2236 百達-KY|汽車工業|492 406 161|73 88 6 -10|1.4 27
2241 艾姆勒|汽車工業|7 -14 3|68 77 1 -17|1.7 8
2247 汎德永業|汽車工業|-21 -20 -31|89 89 9 -1|0.9 76
2250 IKKA-KY|汽車工業|-12 -10 -5|65 77 6 -23|1.1 68
2258 鴻華先進-創|汽車工業|-72 -70 -472|76 79 -7 -18|0.8 18
2301 光寶科|電腦及週|7 15 4|91 91 21 23|1.0 3404
2302 麗正|半導體業|4 8 -15|69 69 -1 -18|1.1 6
2303 聯電|半導體業|-4 1 -4|77 88 -4 -4|0.8 1229
2305 全友|電腦及週|-6 0 -9|52 82 1 -19|3.3 9
2308 台達電|電子零組|22 20 1|96 96 77 86|1.0 8402
2312 金寶|其他電子|-21 -12 -21|57 76 -9 -26|1.0 133
2313 華通|電子零組|-11 0 -3|93 93 29 20|2.2 3071
2316 楠梓電|電子零組|4 1 -5|93 93 141 137|1.8 2846
2317 鴻海|其他電子|7 10 -10|94 95 32 20|1.0 11259
2324 仁寶|電腦及週|-23 -25 -16|70 72 -6 -26|0.8 465
2327 國巨*|電子零組|-3 1 -7|72 94 11 -5|3.5 1545
2328 廣宇|電子零組|-9 -4 -6|94 94 50 27|2.4 1903
2329 華泰|半導體業|41 36 31|97 98 11 20|1.3 250
2330 台積電|半導體業|26 31 -8|97 97 18 18|0.8 28614
2331 精英|電腦及週|4 3 -1|71 93 4 -10|1.8 37
2332 友訊|通信網路|-7 -12 -4|63 81 1 -16|1.4 64
2337 旺宏|半導體業|14 7 1|72 86 -9 -8|0.6 139
2338 光罩|半導體業|-19 -21 -10|64 87 35 -14|2.1 171
2340 台亞|半導體業|14 9 3|55 85 10 -17|1.1 36
2342 茂矽|半導體業|-6 2 -38|59 67 -6 -30|1.4 9
2344 華邦電|半導體業|-3 -3 -2|84 96 11 7|1.1 829
2345 智邦|通信網路|163 152 45|87 87 32 47|1.0 4935
2347 聯強|電子通路|-12 -11 -8|86 86 -10 -4|2.1 308
2348 海悅|其他|-69 -43 -68|31 51 -18 -50|0.7 49
2349 錸德|光電業|29 23 27|59 86 11 -14|0.6 35
2351 順德|半導體業|-18 -13 -13|54 89 27 -5|1.3 202
2352 佳世達|電腦及週|7 7 2|82 91 18 -3|3.8 155
2353 宏碁|電腦及週|-6 -4 -6|68 78 -16 -19|1.3 289
2354 鴻準|其他電子|99 159 -17|73 91 15 -5|0.9 1813
2355 敬鵬|電子零組|-3 -4 1|92 92 19 9|5.2 88
2356 英業達|電腦及週|-2 13 -13|79 89 4 -12|0.7 549
2357 華碩|電腦及週|16 25 -0|87 87 1 -1|0.5 1508
2359 所羅門|其他電子|-9 35 11|84 90 8 1|5.1 847
2360 致茂|其他電子|10 12 -15|96 96 65 79|1.3 1428
2362 藍天|電腦及週|-8 -7 -0|66 82 -11 -8|0.8 20
2363 矽統|半導體業|1562 1343 296|66 89 16 -13|0.6 369
2364 倫飛|電腦及週|10 27 -5|57 63 -6 -15|1.2 95
2365 昆盈|電腦及週|2 -6 -13|75 95 30 12|3.8 390
2367 燿華|電子零組|-19 -18 -23|78 90 18 2|1.3 416
2368 金像電|電子零組|60 48 15|90 90 73 112|0.9 5661
2369 菱生|半導體業|3 2 10|84 92 28 6|4.4 26
2371 大同|電機機械|3 1 3|78 91 -1 -6|0.7 607
2374 佳能|光電業|26 42 13|94 94 56 28|1.7 2829
2375 凱美|電子零組|-1 -1 -8|71 88 0 -6|1.1 21
2376 技嘉|電腦及週|45 55 9|90 92 -4 3|0.8 986
2377 微星|電腦及週|22 29 15|66 74 -7 -25|1.2 576
2379 瑞昱|半導體業|-9 -3 -19|93 93 -0 -2|1.3 1454
2382 廣達|電腦及週|27 52 -7|82 88 -3 3|0.9 5501
2383 台光電|電子零組|45 46 -4|90 90 48 105|0.8 4728
2385 群光|電子零組|-4 -3 -6|82 82 -7 -15|0.5 273
2387 精元|電腦及週|-24 -20 -15|60 64 -15 -35|0.5 20
2388 威盛|半導體業|-1 -9 -30|44 66 -6 -29|1.3 264
2390 云辰|其他電子|-1 -11 -22|76 86 -7 -11|0.9 6
2392 正崴|電子零組|-22 -7 -11|55 76 -11 -23|0.5 175
2393 億光|光電業|-8 -9 -13|82 85 -4 -7|0.5 84
2395 研華|電腦及週|19 19 4|84 89 4 -11|3.9 832
2397 友通|電腦及週|23 27 3|97 97 30 9|3.2 117
2399 映泰|電腦及週|-3 -14 5|43 79 -1 -22|1.4 22
2401 凌陽|半導體業|-12 -9 -17|76 88 24 -10|2.2 120
2402 毅嘉|電子零組|8 13 -3|93 93 56 48|1.5 1376
2404 漢唐|其他電子|52 45 47|99 99 127 194|0.7 2291
2405 輔信|電腦及週|-10 -6 1|82 85 13 -9|1.0 97
2406 國碩|光電業|-9 -32 -28|84 84 91 51|3.0 252
2408 南亞科|半導體業|95 39 41|77 77 -10 19|0.5 2008
2409 友達|光電業|-16 -11 -17|74 84 -2 -14|1.7 402
2412 中華電|通信網路|8 5 1|97 97 7 9|1.2 1262
2413 環科|電子零組|6 3 8|65 76 5 -18|1.3 9
2414 精技|電子通路|21 27 5|99 99 15 22|1.1 16
2417 圓剛|電腦及週|-16 -1 2|82 93 21 -0|2.6 105
2419 仲琦|通信網路|11 18 5|61 84 -9 -18|1.8 16
2420 新巨|電子零組|-2 -1 -5|74 89 7 -9|1.8 30
2421 建準|電子零組|15 21 -6|95 95 26 28|0.7 977
2423 固緯|其他電子|6 8 9|94 94 32 31|2.0 18
2425 承啟|電腦及週|73 67 30|63 82 -15 -8|0.7 19
2426 鼎元|光電業|-13 -6 -9|73 94 21 -7|2.3 12
2427 三商電|資訊服務|7 161 115|86 86 15 5|0.4 70
2428 興勤|電子零組|-0 2 -11|84 93 12 -6|1.3 91
2429 銘旺科|光電業|148 115 32|100 100 50 109|0.5 117
2431 聯昌|電子零組|-18 -3 -3|59 73 3 -14|0.9 17
2436 偉詮電|半導體業|0 16 3|74 85 -4 -10|0.7 55
2439 美律|通信網路|-4 1 -9|80 88 -3 -9|1.2 197
2441 超豐|半導體業|9 9 -1|94 98 12 1|2.1 81
2442 新美齊|建材營造|-45 20 -84|78 100 8 6|1.4 29
2449 京元電子|半導體業|24 25 4|100 100 66 58|1.9 4941
2451 創見|半導體業|62 51 37|87 87 -1 6|0.3 88
2453 凌群|資訊服務|6 8 1|84 84 10 3|2.4 65
2454 聯發科|半導體業|-5 11 -0|89 91 8 -1|0.6 6776
2455 全新|通信網路|11 -8 2|92 99 59 19|0.9 717
2457 飛宏|電子零組|-8 -6 -3|55 74 6 -26|3.1 53
2458 義隆|半導體業|-8 -7 -4|75 77 -7 -21|0.6 133
2460 建通|電子零組|-9 -14 -23|63 84 4 -17|1.5 7
2462 良得電|電子零組|-7 -4 -11|74 90 20 -6|0.2 12
2464 盟立|其他電子|-18 -13 -16|80 91 19 -1|2.6 439
2465 麗臺|電腦及週|10 -2 -1|58 93 4 -8|0.8 29
2466 冠西電|光電業|-8 -31 -62|65 65 -15 -13|0.3 36
2467 志聖|電子零組|38 24 2|81 96 36 19|3.3 751
2468 華經|資訊服務|-20 4 -16|68 68 -12 34|0.3 121
2471 資通|資訊服務|4 5 -12|76 76 -8 -6|0.7 17
2472 立隆電|電子零組|4 3 -14|86 96 17 2|1.6 256
2474 可成|其他電子|-19 1 -18|82 86 -9 -6|0.9 392
2476 鉅祥|電子零組|-3 1 -14|97 100 41 16|2.8 684
2477 美隆電|其他電子|5 4 -14|70 93 26 -1|2.3 14
2480 敦陽科|資訊服務|22 23 7|93 93 11 21|1.0 56
2481 強茂|半導體業|1 1 -1|97 97 29 23|3.7 678
2484 希華|電子零組|12 16 4|74 86 1 -14|1.3 8
2485 兆赫|通信網路|60 -8 40|69 83 9 -10|1.2 13
2486 一詮|光電業|9 12 -1|57 66 -1 -32|1.0 272
2488 漢平|其他電子|-21 -9 -36|81 89 6 -11|1.7 12
2489 瑞軒|光電業|-13 0 -20|56 78 -3 -22|1.6 31
2492 華新科|電子零組|0 5 -1|75 85 2 -13|0.9 76
2493 揚博|電子零組|-1 -2 -8|91 91 54 69|4.7 483
2495 普安|電腦及週|-17 -21 -5|57 74 -4 -25|0.9 16
2497 怡利電|汽車工業|11 -7 -23|60 89 21 -9|2.0 87
2498 宏達電|通信網路|-37 -14 -6|100 100 89 63|4.6 2385
2501 國建|建材營造|4 58 35|74 91 12 -10|1.1 34
2504 國產|建材營造|8 6 1|69 84 -13 -8|0.4 61
2505 國揚|建材營造|170658 57103 42788|64 85 -3 -12|0.8 6
2515 中工|建材營造|-2 -5 -21|79 93 -2 -6|0.9 43
2516 新建|建材營造|8 5 -9|56 57 -23 -40|1.1 6
2520 冠德|建材營造|-31 -49 -46|59 63 -30 -34|1.1 133
2524 京城|建材營造|-55 -43 -371|30 63 -18 -32|0.8 6
2527 宏璟|建材營造|-28 -73 -1467|62 70 -13 -28|1.7 6
2528 皇普|建材營造|536651 268402 -2810049|60 65 -19 -36|0.7 16
2530 華建|建材營造|90 814 -14337|67 77 0 -20|0.7 23
2534 宏盛|建材營造|-13 324 11|78 83 -12 -14|0.6 14
2535 達欣工|建材營造|63 38 16|93 93 -5 2|0.7 19
2537 聯上發|建材營造|-76 -77 -9243|42 68 -19 -23|0.9 10
2538 基泰|建材營造|-64 -81 -76|60 81 -6 -19|1.3 6
2539 櫻花建|建材營造|na na na|66 70 -21 -13|3.2 55
2540 愛山林|建材營造|48 123 73|36 85 2 -15|1.6 67
2542 興富發|建材營造|-45 -29 -8|72 92 3 -3|0.8 125
2543 皇昌|建材營造|-10 -31 -20|76 89 -2 -19|1.4 271
2545 皇翔|建材營造|-79 10 -172|55 62 -22 -35|1.2 22
2546 根基|建材營造|83 65 31|96 96 2 -4|0.8 8
2547 日勝生|建材營造|-31 -25 -13|79 79 -13 -5|0.9 16
2548 華固|建材營造|-73 4 13|69 87 -5 -5|1.1 75
2597 潤弘|建材營造|22 16 -1|78 78 -14 -11|0.5 71
2603 長榮|航運業|-38 -28 -60|81 81 -10 -6|0.7 1868
2605 新興|航運業|-11 -17 -6|80 85 4 -14|0.8 60
2606 裕民|航運業|-21 -19 -16|77 77 3 -21|0.7 265
2607 榮運|航運業|-35 -27 -28|89 89 3 15|0.8 69
2609 陽明|航運業|-39 -33 -56|73 73 -13 -14|0.7 788
2610 華航|航運業|-3 -1 -8|81 87 -1 -11|0.5 315
2612 中航|航運業|-5 2 -12|93 93 18 16|1.1 85
2613 中櫃|航運業|7 5 2|71 78 -7 -18|0.7 9
2614 東森|其他|-7 -6 -0|91 100 10 3|2.7 8
2615 萬海|航運業|-38 -22 -60|67 67 -17 -2|0.8 678
2617 台航|航運業|-15 -14 -14|89 89 1 -10|0.8 14
2618 長榮航|航運業|-7 -3 -7|87 92 4 -8|0.5 682
2630 亞航|航運業|16 20 12|100 100 90 92|0.6 565
2633 台灣高鐵|航運業|3 2 -1|96 98 3 4|1.1 58
2634 漢翔|航運業|-8 -8 -1|96 96 40 35|5.3 1511
2636 台驊控股|航運業|-35 -24 -51|84 87 -4 -8|0.9 15
2637 慧洋-KY|航運業|-28 -32 -22|75 76 0 -23|0.9 223
2641 正德|航運業|24 33 8|87 91 7 -11|1.1 76
2645 長榮航太|航運業|10 15 -0|99 99 74 90|1.7 2641
2646 星宇航空|航運業|16 23 -18|na 88 -1 -11|1.3 135
2704 國賓|觀光餐旅|4 4 -2|70 84 -1 -16|0.9 6
2707 晶華|觀光餐旅|10 13 10|95 95 -1 -1|0.9 19
2718 全心投控|建材營造|-86 1232 660|48 76 10 -20|1.3 6
2723 美食-KY|觀光餐旅|-6 -5 -4|79 82 -7 -20|1.6 14
2727 王品|觀光餐旅|-0 2 -1|88 88 -6 -3|0.4 89
2731 雄獅|觀光餐旅|-7 2 -10|96 96 5 22|0.8 173
2743 山富|觀光餐旅|-2 -0 2|79 79 -9 12|0.3 34
2745 五福|觀光餐旅|5 6 -11|74 74 -8 2|0.2 64
2753 八方雲集|觀光餐旅|6 7 -3|97 97 13 19|0.7 77
2755 揚秦|觀光餐旅|16 21 1|92 92 15 22|1.6 21
2756 聯發國際|觀光餐旅|83 89 50|80 80 -8 37|0.5 7
2801 彰銀|金融保險|12 11 1|96 96 7 12|0.7 361
2809 京城銀|金融保險|173 47 41|98 98 11 11|0.3 99
2812 台中銀|金融保險|4 -1 -6|91 91 4 6|0.6 177
2820 華票|金融保險|48 66 14|100 100 14 15|1.0 20
2832 台產|金融保險|-9 -10 -9|95 95 2 10|0.7 14
2834 臺企銀|金融保險|-4 4 -2|92 92 2 -0|0.7 202
2836 高雄銀|金融保險|4 7 -11|95 95 2 1|0.7 11
2838 聯邦銀|金融保險|1 1 -3|93 93 0 5|1.0 29
2845 遠東銀|金融保險|-8 -5 -0|88 97 6 1|1.6 115
2850 新產|金融保險|12 8 5|100 100 17 8|0.7 27
2851 中再保|金融保險|-2 -15 -5|87 87 1 -12|0.5 23
2852 第一保|金融保險|-9 -2 -0|92 92 2 1|0.9 8
2855 統一證|金融保險|33 -10 -57|76 81 -3 -20|0.6 32
2880 華南金|金融保險|5 -3 -7|99 99 12 8|0.8 477
2881 富邦金|金融保險|-27 -64 -115|94 94 1 -2|0.8 1399
2882 國泰金|金融保險|-32 -50 -44|94 96 -0 -2|0.5 1125
2883 凱基金|金融保險|-175 -3323 -2681|87 87 -8 -13|0.5 338
2884 玉山金|金融保險|6 13 -2|98 98 13 20|0.8 853
2885 元大金|金融保險|-18 -18 -29|92 96 6 -3|0.6 537
2886 兆豐金|金融保險|1 1 5|95 95 5 7|1.1 808
2887 台新新光金|金融保險|33 3 -21|87 93 2 -1|0.7 1047
2889 國票金|金融保險|9 -1 2|91 91 23 13|0.1 72
2890 永豐金|金融保險|4 5 -7|93 93 7 9|1.2 655
2891 中信金|金融保險|-53 -2 -24|96 96 5 9|0.7 1256
2892 第一金|金融保險|10 8 1|96 96 7 7|0.7 455
2903 遠百|貿易百貨|-2 -4 0|77 86 -4 -12|0.6 22
2905 三商|貿易百貨|-35 10 -38|63 85 3 -16|2.1 6
2908 特力|貿易百貨|-1 -11 -7|97 97 1 1|0.6 7
2912 統一超|貿易百貨|0 3 -2|86 97 2 -0|1.1 259
2913 農林|貿易百貨|1 8 -21|64 76 -6 -25|0.8 17
2915 潤泰全|貿易百貨|-28 -11 -18|68 81 6 -18|0.7 74
3002 歐格|電腦及週|16 17 14|92 92 25 15|1.8 7
3003 健和興|電子零組|-12 -3 -10|54 76 -5 -24|1.4 17
3004 豐達科|鋼鐵工業|6 10 -0|82 82 -11 37|2.4 143
3005 神基|電腦及週|2 12 5|97 97 33 41|2.5 649
3006 晶豪科|半導體業|11 -0 0|71 84 3 -13|0.9 107
3008 大立光|光電業|-0 -2 -18|75 91 2 -9|0.8 861
3010 華立|電子通路|-11 -11 -16|76 92 -3 -8|0.6 94
3011 今皓|電子零組|-44 -36 -25|47 85 23 -15|0.6 27
3013 晟銘電|電腦及週|-40 -16 -52|78 93 31 -3|1.0 1650
3014 聯陽|半導體業|4 11 -2|88 92 4 -6|0.5 73
3015 全漢|電子零組|23 27 16|80 89 -7 -9|0.7 24
3016 嘉晶|半導體業|-9 -10 -3|60 89 17 -13|0.9 32
3017 奇鋐|電腦及週|93 85 34|83 83 39 68|1.0 6907
3019 亞光|光電業|-3 13 -15|78 95 22 -2|0.9 2710
3022 威強電|電腦及週|-7 -8 -10|62 70 -11 -28|0.7 62
3023 信邦|電子零組|-12 -9 -10|72 81 3 -20|0.6 247
3024 憶聲|光電業|-16 -9 -112|60 72 -10 -27|1.9 11
3025 星通|通信網路|-63 -37 -53|62 84 6 -16|4.5 21
3026 禾伸堂|電子零組|-9 -4 -10|96 96 5 -2|1.2 16
3027 盛達|通信網路|-11 1 -24|67 67 -24 -13|0.8 7
3028 增你強|電子通路|12 11 5|90 90 -3 -0|0.6 9
3029 零壹|資訊服務|41 31 -22|74 82 6 -15|1.1 234
3030 德律|其他電子|39 53 16|93 93 56 72|0.9 1196
3031 佰鴻|光電業|-21 -20 -12|83 95 13 -7|2.3 10
3032 偉訓|電子零組|151 76 54|90 90 54 10|0.6 421
3033 威健|電子通路|10 17 -16|81 81 -13 -17|0.8 135
3034 聯詠|半導體業|-12 -4 -4|81 81 -9 -17|0.6 978
3035 智原|半導體業|0 39 -28|51 63 -13 -34|0.9 466
3036 文曄|電子通路|-1 -7 -34|88 88 2 21|0.4 276
3037 欣興|電子零組|13 15 -0|77 88 32 21|1.5 3870
3038 全台|光電業|-12 -15 -0|78 78 -8 -21|1.6 5
3040 遠見|其他|12 3 5|84 84 33 15|0.3 42
3041 揚智|半導體業|-64 -51 -37|70 86 9 -13|1.0 35
3042 晶技|電子零組|-5 4 -8|75 90 -9 -8|0.6 113
3044 健鼎|電子零組|7 10 -2|92 92 49 55|0.7 1349
3045 台灣大|通信網路|-2 -2 -5|93 93 -3 -5|0.5 571
3046 建碁|電腦及週|-30 -5 -4|73 90 -1 -11|1.0 7
3047 訊舟|通信網路|-68 -62 -81|49 81 9 -20|5.0 53
3048 益登|電子通路|-5 -1 -10|89 100 52 43|3.4 19
3050 鈺德|光電業|-16 -2 -6|55 77 -4 -23|0.8 9
3051 力特|光電業|-6 -3 -16|70 74 -11 -20|1.0 8
3052 夆典|建材營造|55 66 56|83 83 -8 -1|1.0 11
3055 蔚華科|電子通路|-85 -14 26|68 77 7 -23|0.5 13
3056 富華新|建材營造|154 183 -14178|53 53 -38 -39|0.7 72
3058 立德|電子零組|-11 -9 -1|61 78 21 -22|1.8 16
3059 華晶科|光電業|23 29 21|98 98 31 20|2.4 1099
3060 銘異|電腦及週|-2 -0 -18|68 69 -12 -18|1.3 9
3062 建漢|通信網路|-17 32 13|62 81 8 -19|0.8 87
3066 李洲|光電業|126 34 25|48 72 3 -26|0.5 6
3071 協禧|電腦及週|-17 -12 -11|84 100 53 20|1.4 10
3073 天方能源|綠能環保|6 48 -10|44 74 -25 -8|0.3 7
3078 僑威|電子零組|18 35 17|94 94 11 11|0.9 361
3081 聯亞|通信網路|72 108 51|87 92 75 54|0.2 336
3086 華義*|文化創意|44 28 24|56 84 -2 -14|0.9 10
3088 艾訊|電腦及週|-9 -3 -16|59 67 -2 -32|1.6 39
3090 日電貿|電子零組|14 31 3|85 85 -5 2|0.3 64
3093 港建*|其他電子|191 127 -42|84 84 -6 10|0.5 7
3094 聯傑|半導體業|-6 6 2|73 87 -2 -13|1.0 5
3105 穩懋|半導體業|-10 -18 0|65 76 9 -12|1.2 400
3122 笙泉|半導體業|-25 -21 -14|61 81 17 -17|0.4 6
3128 昇銳|光電業|-5 -2 -23|77 77 1 30|0.2 74
3130 一零四|數位雲端|6 8 -0|96 96 4 5|1.1 9
3131 弘塑|半導體業|67 70 26|71 86 10 31|1.1 1375
3138 耀登|通信網路|-5 -2 4|74 84 2 -20|0.9 11
3141 晶宏|半導體業|29 23 19|51 65 -10 -34|1.1 18
3147 大綜|資訊服務|61 26 -67|73 73 10 14|0.4 210
3149 正達|光電業|-15 -13 -24|84 97 12 5|4.0 93
3152 璟德|通信網路|-20 -16 -14|70 82 19 -16|0.8 44
3162 精確|電機機械|66 75 -32|97 97 41 43|5.8 119
3163 波若威|通信網路|11 17 28|97 97 44 54|2.5 5153
3167 大量|電機機械|107 141 14|89 89 83 125|0.4 4237
3169 亞信|半導體業|12 3 -1|84 84 11 -16|1.0 14
3171 炎洲流通|居家生活|64 24 16|97 97 28 43|1.3 6
3178 公準|半導體業|-15 -16 -4|73 95 32 -2|2.3 16
3189 景碩|半導體業|24 28 5|90 92 31 9|1.7 861
3205 佰研|生技醫療|0 -1 -1|99 99 30 80|0.6 11
3207 耀勝|電子零組|22 6 -36|45 60 -12 -39|1.1 29
3209 全科|電子通路|-16 -17 -19|79 86 -12 -11|0.6 37
3211 順達|電腦及週|-1 -10 12|96 96 95 98|0.9 2980
3213 茂訊|電腦及週|-7 -0 4|84 90 23 1|1.8 114
3217 優群|電子零組|13 24 -2|92 92 13 15|0.8 128
3218 大學光|生技醫療|-6 -3 -5|71 79 -14 -22|0.7 25
3219 倚強科|其他電子|23 15 -19|93 93 79 150|1.7 152
3227 原相|半導體業|-5 1 -24|70 80 -4 -20|0.6 328
3228 金麗科|半導體業|-23 -51 -31|49 73 -21 -24|1.0 42
3230 錦明|光電業|-25 -27 -7|76 85 57 0|1.4 93
3231 緯創|電腦及週|122 140 76|86 86 -0 7|0.7 3762
3234 光環|通信網路|19 10 4|63 81 14 -19|0.9 30
3257 虹冠電|半導體業|31 35 42|86 92 -4 16|1.1 29
3260 威剛|半導體業|40 43 37|99 99 10 15|1.0 465
3264 欣銓|半導體業|-0 1 6|92 92 1 4|1.1 321
3265 台星科|半導體業|15 19 6|86 95 8 -0|1.4 34
3276 宇環|電子零組|-27 -27 26|85 85 13 -3|2.0 6
3287 廣寰科|電腦及週|12 16 7|76 76 1 18|0.4 7
3289 宜特|其他電子|34 21 3|69 99 21 6|1.2 107
3290 東浦|電子零組|12 7 -6|70 84 -1 -17|1.8 13
3293 鈊象|文化創意|17 19 -9|71 89 -6 -9|1.1 1099
3294 英濟|電子零組|-9 -5 8|100 100 51 59|1.2 1023
3296 勝德|電子零組|-11 7 2|62 91 19 -12|0.6 6
3297 杭特|光電業|44 23 16|90 90 64 205|0.7 275
3303 岱稜|其他電子|-3 -1 -11|75 99 9 -1|3.3 16
3305 昇貿|其他電子|18 15 -27|98 98 106 100|3.8 2513
3306 鼎天|通信網路|30 13 20|100 100 62 36|5.3 49
3311 閎暉|通信網路|-12 -3 -13|91 91 6 -1|2.3 78
3312 弘憶股|電子通路|18 11 -10|49 71 -13 -21|2.3 56
3317 尼克森|半導體業|7 14 -2|87 98 11 6|1.2 11
3322 建舜電|電子零組|-5 7 -2|62 80 17 -19|2.0 11
3323 加百裕|電腦及週|-16 -10 1|84 89 26 7|0.5 349
3324 雙鴻|其他電子|27 15 -15|87 87 9 2|0.7 2526
3325 旭品|電腦及週|-27 -13 5|72 91 8 -8|0.5 5
3332 幸康|電子零組|109 57 29|88 88 21 63|0.7 19
3338 泰碩|電子零組|-10 -8 -5|82 90 16 8|0.9 93
3339 泰谷|光電業|46 73 47|71 77 -15 -3|0.4 46
3346 麗清|汽車工業|-12 -15 -16|59 70 -11 -30|1.6 8
3356 奇偶|光電業|-21 -18 -2|71 76 2 -13|1.6 21
3357 臺慶科|電子零組|9 9 -20|88 96 15 5|2.4 59
3362 先進光|光電業|1 2 -4|41 62 -6 -38|0.7 92
3363 上詮|通信網路|14 43 8|97 97 54 48|0.4 1026
3374 精材|半導體業|-15 -20 -23|48 77 -9 -23|0.4 340
3376 新日興|電子零組|-25 -20 -20|82 90 33 -3|1.1 1381
3379 彬台|電機機械|18 18 -113|80 80 -17 -11|0.2 79
3380 明泰|通信網路|16 10 18|73 84 -5 -15|1.7 27
3402 漢科|其他電子|-10 -10 -10|97 97 56 46|3.0 274
3406 玉晶光|光電業|5 -3 6|80 96 18 3|1.0 449
3413 京鼎|半導體業|20 31 -12|80 88 -3 -2|0.8 282
3416 融程電|電腦及週|36 30 7|97 97 40 20|3.6 253
3430 奇鈦科|化學工業|11 1 -11|55 81 -1 -17|0.5 9
3434 哲固|光電業|18 -13 -27|59 59 -22 46|0.6 34
3437 榮創|光電業|-36 -27 -14|59 82 6 -18|4.0 8
3441 聯一光電|光電業|16 16 -13|81 86 7 -10|2.3 6
3443 創意|半導體業|-23 -16 -13|91 96 18 8|2.1 3067
3444 利機|電子通路|-5 -2 -20|75 100 30 5|3.7 19
3447 展達|通信網路|43 31 -41|78 97 58 10|1.9 310
3450 聯鈞|半導體業|-5 6 -51|58 70 9 -23|0.9 1535
3454 晶睿|光電業|21 21 2|63 63 -12 -32|0.7 12
3455 由田|光電業|17 1 -0|70 91 16 -5|4.4 38
3466 德晉|通信網路|-53 -37 15|56 83 5 -21|3.0 15
3479 安勤|電腦及週|2 4 -4|99 99 26 13|4.2 42
3481 群創|光電業|9 2 -1|90 91 14 0|1.9 852
3483 力致|電腦及週|-3 13 7|72 86 2 -9|0.9 138
3484 崧騰|電子零組|1 4 -23|78 79 12 -14|1.8 25
3490 單井|光電業|30 -8 -4|63 85 19 -15|0.7 9
3491 昇達科|通信網路|-44 -30 -60|81 81 22 -12|2.0 461
3498 陽程|其他電子|12 131 -50|69 88 30 2|1.6 128
3501 維熹|電子零組|-22 -14 -15|80 88 -0 -7|2.3 12
3504 揚明光|光電業|-13 -1 -6|78 95 25 -6|1.1 42
3508 位速|其他電子|37 47 17|91 92 44 -3|2.3 19
3511 矽瑪|電子零組|-17 -3 -31|46 69 7 -28|2.4 9
3515 華擎|電腦及週|43 76 -6|88 88 26 21|0.4 292
3518 柏騰|其他電子|-44 -21 -13|54 93 34 1|1.5 19
3526 凡甲|電子零組|7 14 -25|89 92 11 -6|0.7 127
3528 安馳|電子通路|62 47 17|76 76 -10 9|0.4 95
3529 力旺|半導體業|7 1 -7|65 85 3 -14|1.1 1427
3530 晶相光|半導體業|-26 -9 -13|60 78 1 -23|4.5 9
3532 台勝科|半導體業|-1 -7 3|54 84 11 -15|1.2 66
3533 嘉澤|電子零組|11 11 -11|73 92 8 -8|0.7 1153
3535 晶彩科|光電業|-94 -93 -216|83 90 74 47|1.2 497
3537 堡達|電子零組|19 2 0|61 78 -17 -20|0.9 7
3540 曜越|電腦及週|55 36 23|82 93 2 -3|3.8 7
3543 州巧|光電業|-16 -6 -9|77 77 49 37|0.2 123
3545 敦泰|半導體業|-12 -3 -3|75 88 11 -11|1.6 87
3546 宇峻|文化創意|20 -4 -2|72 72 -4 23|0.3 30
3548 兆利|電子零組|-18 5 -2|55 68 -1 -30|1.5 82
3550 聯穎|電子零組|1 1 -9|54 94 13 -5|1.2 9
3551 世禾|綠能環保|9 9 -4|94 94 34 40|0.5 306
3552 同致|其他電子|-3 -3 8|65 83 18 -17|0.8 19
3555 博士旺|半導體業|1270 657 441|79 79 87 78|0.7 6
3558 神準|通信網路|34 49 25|66 69 -5 -30|1.3 111
3563 牧德|光電業|146 184 31|94 94 10 20|2.8 561
3564 其陽|通信網路|-19 7 -16|58 81 -6 -18|0.3 15
3570 大塚|資訊服務|12 13 -20|75 75 -1 12|1.2 12
3577 泓格|電腦及週|11 20 -1|76 76 40 23|0.6 112
3580 友威科|其他電子|-27 -40 -20|59 91 6 -11|1.5 41
3581 博磊|半導體業|8 -3 -3|59 91 41 -7|3.7 20
3583 辛耘|半導體業|21 24 -7|76 97 34 12|1.4 803
3587 閎康|其他電子|4 7 1|67 90 27 -2|0.6 132
3588 通嘉|半導體業|-25 -19 -23|53 76 -2 -23|1.2 8
3591 艾笛森|光電業|-4 -12 -23|66 72 1 -21|1.6 6
3592 瑞鼎|半導體業|-11 -11 -15|78 79 -11 -21|0.6 63
3594 磐儀|電腦及週|42 38 8|66 77 5 -21|1.2 13
3596 智易|通信網路|10 11 13|91 91 15 15|0.6 207
3597 映興|電子零組|16 21 -30|57 81 13 -20|0.4 14
3605 宏致|電子零組|1 9 -13|96 96 35 25|1.0 912
3611 鼎翰|電腦及週|12 38 6|87 89 3 -12|0.8 8
3615 安可|光電業|12 7 12|70 100 17 9|3.9 11
3617 碩天|其他電子|-7 -11 -14|59 71 -12 -24|0.3 50
3622 洋華|光電業|7 1 1|75 93 5 -8|1.6 19
3624 光頡|電子零組|5 0 -4|72 92 24 5|0.6 15
3625 西勝|電腦及週|-21 -11 25|98 98 88 36|1.6 46
3628 盈正|其他電子|5 12 1|94 94 25 15|1.6 7
3630 新鉅科|光電業|7 16 3|100 100 78 64|4.4 159
3645 達邁|電子零組|-5 4 -22|92 98 36 16|1.1 1149
3653 健策|電子零組|42 45 -1|100 100 64 82|1.8 3459
3661 世芯-KY|半導體業|-46 -40 -53|92 92 40 37|0.6 7161
3663 鑫科|其他電子|-4 9 -77|50 81 5 -16|0.5 52
3665 貿聯-KY|其他電子|20 21 -2|91 91 60 69|1.2 4675
3673 TPK-KY|光電業|-10 -8 -2|86 95 31 7|1.6 125
3675 德微|半導體業|-9 -14 -20|40 71 -4 -27|1.8 35
3679 新至陞|電子零組|-2 11 -12|74 77 -13 -24|0.5 7
3680 家登|半導體業|-21 -12 -25|53 70 -14 -19|1.8 382
3687 歐買尬|數位雲端|-2 4 -1|60 82 1 -13|0.4 7
3689 湧德|電子零組|13 23 6|90 90 5 15|1.2 557
3691 碩禾|光電業|-12 -33 -40|69 81 19 5|1.0 49
3693 營邦|電腦及週|-48 -30 -35|66 71 -17 -28|0.5 110
3694 海華|通信網路|24 26 13|91 91 78 65|0.4 161
3701 大眾控|電腦及週|-34 -21 -7|89 94 34 19|5.7 80
3702 大聯大|電子通路|12 13 -16|81 91 -1 4|0.7 216
3703 欣陸|建材營造|-16 -12 -10|70 84 2 -15|0.6 13
3704 合勤控|通信網路|-5 -5 -9|72 79 9 -21|5.4 35
3705 永信|生技醫療|-5 5 -9|85 85 -5 7|0.5 33
3706 神達|電腦及週|78 97 -31|92 92 55 48|0.9 7553
3707 漢磊|半導體業|1 -3 8|69 94 32 -7|1.5 199
3708 上緯投控|綠能環保|5 3 -6|88 88 59 59|2.1 827
3709 鑫聯大投控|電腦及週|25 61 -3|78 78 -7 18|1.1 102
3711 日月光投控|半導體業|-0 3 -3|88 100 16 1|1.0 1936
3712 永崴投控|電腦及週|16 40 -16|49 66 -29 -40|0.5 53
3714 富采|光電業|-17 -15 -12|76 87 15 -9|1.4 89
3715 定穎投控|電子零組|-3 6 -3|91 91 146 88|1.2 4779
4104 佳醫|生技醫療|10 4 0|98 98 2 2|1.3 7
4105 東洋|生技醫療|-0 11 1|97 97 -2 -0|0.7 19
4107 邦特|生技醫療|-9 -3 -4|88 94 3 -6|0.8 6
4111 濟生|生技醫療|25 29 7|99 99 5 10|0.7 13
4114 健喬|生技醫療|1 21 4|88 88 9 16|0.6 50
4119 旭富|生技醫療|-40 -21 -36|62 72 -11 -29|0.6 6
4123 晟德|生技醫療|-3 -8 -13|74 92 -8 -7|1.3 30
4128 中天|生技醫療|13 13 3|56 77 6 -24|1.2 30
4129 聯合|生技醫療|27 19 -0|98 98 8 29|1.0 44
4137 麗豐-KY|生技醫療|-3 -7 7|79 94 3 -3|1.1 16
4142 國光生|生技醫療|-34 76 -98|61 79 1 -22|4.0 15
4147 中裕|生技醫療|-15 2 8|81 81 -3 -16|0.9 55
4161 聿新科|生技醫療|2 -1 5|82 88 0 -12|0.7 8
4162 智擎|生技醫療|-12 -30 -123|59 67 -16 -33|0.8 66
4164 承業醫|生技醫療|29 18 -4|84 94 7 -6|1.7 82
4167 松瑞藥|生技醫療|15 3 0|81 85 -13 -9|0.9 10
4174 浩鼎|生技醫療|-67 -54 -46|35 50 -11 -45|1.7 42
4207 環泰|食品工業|-10 -12 -8|99 99 13 14|1.8 8
4303 信立|塑膠工業|579 488 80|87 87 4 18|0.9 329
4306 炎洲|塑膠工業|-30 -42 -30|73 84 -4 -15|2.5 24
4417 金洲|紡織纖維|4 -1 -25|99 99 22 28|1.5 15
4420 光明|紡織纖維|19 29 -6|85 85 -2 -1|1.0 5
4503 金雨|電機機械|258 200 107|87 88 -4 -2|0.9 81
4506 崇友|電機機械|43 29 6|98 98 16 23|1.0 14
4510 高鋒|電機機械|-25 -16 4|80 89 5 1|1.4 449
4513 福裕|電機機械|-17 -25 -2|23 63 -3 -37|2.4 7
4526 東台|電機機械|-3 -10 -6|92 93 45 15|1.1 420
4532 瑞智|電機機械|-20 -20 -36|77 77 -14 -13|1.6 31
4533 協易機|電機機械|22 27 -5|55 63 -11 -36|0.9 21
4534 慶騰|電機機械|3 -12 -18|60 60 4 -29|1.1 12
4536 拓凱|運動休閒|-2 -2 -24|86 91 1 -8|0.8 55
4540 全球傳動|電機機械|49 24 16|71 85 12 -14|3.1 153
4541 晟田|其他|17 17 -11|98 98 28 49|4.2 266
4549 桓達|電機機械|23 4 8|64 91 25 -6|0.7 48
4551 智伸科|汽車工業|-12 -8 -23|94 94 73 55|0.9 524
4555 氣立|電機機械|5 4 -10|100 100 38 19|4.1 93
4557 永新-KY|汽車工業|-6 6 -21|60 73 -20 -25|1.2 40
4560 強信-KY|電機機械|-1 -4 -26|86 86 -11 -3|0.9 5
4561 健椿|電機機械|7 -22 0|55 68 -6 -31|1.0 23
4562 穎漢|電機機械|-16 15 1|62 80 -17 -15|0.5 52
4563 百德|電機機械|-47 -21 -25|47 69 -8 -31|1.6 19
4564 元翎|電機機械|-43 -9 -29|76 88 23 3|6.2 12
4566 時碩工業|電機機械|-3 -7 -19|64 78 7 -13|2.3 53
4569 六方科-KY|汽車工業|38 35 7|61 82 25 -3|1.5 42
4571 鈞興-KY|電機機械|1 1 -12|71 92 27 2|1.0 329
4572 駐龍|電機機械|-22 -22 -8|92 92 6 10|2.2 25
4576 大銀微系統|電機機械|32 20 -2|72 83 -1 -16|1.8 258
4577 達航科技|其他電子|26 35 -27|80 80 61 25|0.8 35
4583 台灣精銳|電機機械|-4 -5 -11|74 81 -11 -8|2.0 328
4714 永捷|化學工業|121 114 -2|78 84 4 -3|0.9 47
4716 大立|化學工業|-30 -15 -17|42 65 -7 -28|1.1 5
4721 美琪瑪|化學工業|-6 42 29|89 89 35 26|0.4 130
4722 國精化|化學工業|1 -11 -12|95 95 122 110|0.4 393
4726 永昕|生技醫療|-23 5 -22|69 89 -5 -10|0.9 8
4728 雙美|生技醫療|-8 -3 -16|85 85 6 31|0.6 6
4729 熒茂|光電業|6 3 -7|77 99 41 15|2.4 45
4736 泰博|生技醫療|3 -3 -6|88 93 3 1|1.3 30
4739 康普|化學工業|15 23 22|93 97 21 4|0.5 57
4743 合一|生技醫療|130 34 8|44 90 25 -12|1.5 227
4744 皇將|生技醫療|-21 19 14|100 100 39 36|3.0 19
4746 台耀|生技醫療|15 -2 -8|68 95 2 -2|1.3 49
4749 新應材|半導體業|18 29 na|na 100 33 59|2.5 1636
4755 三福化|化學工業|-16 -4 -14|92 100 19 9|2.1 25
4760 勤凱科技|其他電子|20 15 -36|91 91 85 70|3.1 161
4763 材料*-KY|化學工業|-43 -4 -20|62 62 -16 -22|1.3 713
4766 南寶|化學工業|-5 -4 -11|100 100 30 40|4.2 375
4768 晶呈科技|化學工業|-35 -36 -35|69 99 63 15|0.6 43
4770 上品|化學工業|-42 -23 -20|80 89 28 -13|0.9 467
4771 望隼|生技醫療|21 23 14|78 87 -4 -2|1.4 17
4772 台特化|化學工業|31 35 6|na 97 23 19|2.6 1073
4903 聯光通|通信網路|211 106 53|62 90 33 2|1.2 48
4904 遠傳|通信網路|2 -0 -4|94 94 2 -6|0.6 320
4906 正文|通信網路|-52 -49 -31|61 80 -2 -19|4.7 37
4908 前鼎|通信網路|3 3 10|76 94 21 3|0.7 147
4909 新復興|通信網路|-94 -92 -196|33 59 0 -36|0.4 65
4912 聯德控股-KY|電子零組|-21 -12 -21|46 63 -4 -38|1.0 10
4915 致伸|電子零組|7 -1 -3|87 98 6 3|0.5 167
4916 事欣科|電腦及週|-21 -14 -5|93 93 53 32|1.9 2167
4919 新唐|半導體業|-10 -7 1|57 63 -18 -35|1.6 102
4927 泰鼎-KY|電子零組|-25 -14 -14|42 57 14 -36|1.3 141
4931 新盛力|電腦及週|-21 -8 -43|93 93 114 89|0.6 4243
4933 友輝|光電業|18 11 -5|79 79 -12 -19|0.4 21
4934 太極|光電業|-86 -89 -4|50 74 -14 -26|0.9 5
4938 和碩|電腦及週|-20 -6 -7|69 78 -14 -22|0.8 336
4939 亞電|電子零組|-6 -13 -5|88 97 9 10|2.2 7
4942 嘉彰|光電業|0 -3 -1|85 90 -2 -9|1.9 6
4945 陞達科技|半導體業|9 47 13|85 93 1 -2|0.6 7
4946 辣椒|文化創意|1244 935 274|49 49 -41 22|1.0 21
4949 有成精密|光電業|3 13 23|73 73 -14 60|0.2 47
4951 精拓科|半導體業|13 7 -8|94 94 26 10|3.3 42
4953 緯致|資訊服務|11 8 -2|84 98 17 11|2.8 40
4956 光鋐|光電業|-4 1 -15|47 72 -18 -29|1.6 15
4958 臻鼎-KY|電子零組|-1 10 -5|97 97 88 76|2.0 4979
4960 誠美材|光電業|-9 -16 -11|92 92 5 -0|0.6 20
4961 天鈺|半導體業|-14 -8 -28|66 81 -13 -18|0.5 70
4966 譜瑞-KY|半導體業|-3 -0 -8|91 91 35 12|1.3 1928
4967 十銓|半導體業|-56 -43 -42|59 81 -1 -18|0.7 73
4968 立積|半導體業|8 -2 -7|65 76 18 -26|1.4 612
4971 IET-KY|半導體業|21 52 23|95 95 81 34|1.1 628
4974 亞泰|電子零組|-10 -16 -43|64 86 1 -14|0.7 47
4976 佳凌|光電業|-22 -16 -23|91 98 62 26|8.5 21
4977 眾達-KY|通信網路|-6 7 -67|73 93 40 3|1.5 693
4979 華星光|通信網路|29 31 1|81 95 30 18|0.9 3636
4989 榮科|電子零組|-29 -27 1|87 87 112 75|1.5 91
4991 環宇-KY|半導體業|13 17 -2|94 94 122 46|0.6 1152
5009 榮剛|鋼鐵工業|-13 -10 -0|80 81 -3 -19|1.4 76
5201 凱衛|資訊服務|78 69 41|61 61 -4 15|0.2 16
5202 力新|資訊服務|61 32 1|64 65 -7 -17|0.7 11
5203 訊連|資訊服務|21 12 1|70 80 -14 -15|0.6 19
5209 新鼎|其他|-16 -20 8|90 95 50 2|0.5 24
5210 寶碩|資訊服務|33 19 14|81 88 -8 12|0.6 6
5213 亞昕|建材營造|51 561 59|65 72 -19 -24|0.8 17
5222 全訊|半導體業|-27 -36 -21|95 100 44 22|4.5 139
5225 東科-KY|其他電子|-11 -17 -14|73 84 27 -16|1.2 102
5234 達興材料|光電業|10 11 3|100 100 64 87|1.7 803
5236 凌陽創新|半導體業|9 21 -4|70 90 8 -9|1.1 30
5243 乙盛-KY|光電業|-25 -12 -26|95 95 46 34|3.6 150
5244 弘凱|光電業|-0 -2 1|88 94 13 17|2.4 87
5251 天鉞電|光電業|78 44 -6|80 80 -7 115|0.4 112
5258 虹堡|電腦及週|-3 -1 3|55 86 23 -16|0.9 44
5263 智崴|文化創意|-10 9 -39|44 76 -9 -24|0.8 12
5269 祥碩|半導體業|59 63 28|73 78 -18 -14|1.2 1651
5274 信驊|半導體業|28 53 -46|95 96 23 55|0.6 2359
5278 尚凡*|數位雲端|31 37 16|77 77 21 4|0.6 47
5283 禾聯碩|電器電纜|-19 4 -7|68 70 -13 -30|1.1 8
5284 jpp-KY|其他|52 80 35|100 100 54 77|1.9 618
5285 界霖|半導體業|7 5 -1|67 86 7 -6|1.6 5
5287 數字|數位雲端|3 4 -0|99 99 4 1|2.3 6
5288 豐祥-KY|電機機械|-19 -19 -14|57 71 -8 -30|0.8 17
5289 宜鼎|電腦及週|41 43 21|97 97 23 9|5.2 166
5292 華懋|綠能環保|67 55 22|96 100 18 7|3.5 14
5306 桂盟|運動休閒|-18 -15 -24|60 75 -2 -25|0.6 8
5309 系統電|電子零組|12 10 13|93 93 57 25|1.6 1609
5312 寶島科|生技醫療|2 1 0|70 70 -28 -14|0.5 13
5314 世紀*|其他|797 594 24|94 94 45 78|0.8 1356
5315 光聯|光電業|7 21 -25|89 89 -4 -2|0.7 8
5328 華容|電子零組|-6 -1 -11|72 84 5 -13|1.4 8
5340 建榮|電子零組|6 19 -14|91 91 18 45|0.9 342
5347 世界|半導體業|2 3 -12|77 92 5 -3|0.7 381
5351 鈺創|半導體業|-16 -26 -16|83 97 27 2|2.0 232
5356 協益|電腦及週|-17 -19 -26|73 86 -5 -14|0.8 5
5371 中光電|光電業|-13 -1 2|95 95 109 54|2.9 4618
5381 光譜|電機機械|181 44 -133|84 84 20 17|0.7 85
5386 青雲|電腦及週|-57 67 -92|67 88 4 2|0.7 11
5388 中磊|通信網路|3 -4 13|77 80 5 -16|0.7 146
5392 能率|光電業|-9 -11 -4|96 96 42 21|1.2 366
5403 中菲|資訊服務|10 6 -11|96 99 3 1|1.0 6
5410 國眾|資訊服務|0 -11 -53|88 88 10 -3|1.0 7
5425 台半|半導體業|10 24 -1|77 96 10 1|1.3 63
5426 振發|電腦及週|24 12 -23|61 79 -0 -20|0.2 18
5432 新門|綠能環保|-28 1 17|47 95 13 -4|1.8 26
5434 崇越|電子通路|21 22 -6|95 97 13 7|0.9 151
5438 東友|電腦及週|49 27 -11|56 92 18 -3|1.2 10
5439 高技|電子零組|188 149 86|98 98 50 100|1.2 3237
5443 均豪|半導體業|-9 48 5|61 94 26 9|0.7 445
5452 佶優|其他電子|-17 -19 -14|63 82 -0 -16|3.3 30
5457 宣德|電子零組|-7 3 -29|68 88 -0 -8|1.4 15
5465 富驊|電腦及週|125 83 60|84 84 -2 -0|0.4 32
5469 瀚宇博|電子零組|34 44 25|94 94 46 64|3.1 454
5471 松翰|半導體業|-2 -5 -5|81 94 9 -4|1.7 12
5474 聰泰|電腦及週|52 51 44|90 100 34 13|2.5 181
5475 德宏|電子零組|29 31 -22|79 79 100 207|0.3 144
5478 智冠|文化創意|-22 -10 -9|76 83 0 -15|0.9 17
5483 中美晶|半導體業|-20 -7 -4|53 80 8 -18|0.4 388
5484 慧友|光電業|2 -28 -28|49 86 15 -12|6.2 12
5489 彩富|其他電子|-18 -15 -18|69 69 -7 6|0.2 7
5490 同亨|電腦及週|-19 -17 -44|86 86 1 11|0.9 13
5493 三聯|其他電子|15 20 1|92 97 28 8|1.5 27
5498 凱崴|電子零組|10 8 2|81 81 163 112|0.6 753
5508 永信建|建材營造|-91 -89 -26|28 54 -38 -44|0.9 45
5515 建國|建材營造|20 18 -29|78 78 -10 -11|0.9 7
5519 隆大|建材營造|792 230 181|60 78 -18 -11|0.9 8
5521 工信|建材營造|46 49 -0|99 99 14 21|2.6 40
5522 遠雄|建材營造|-63 -82 -46|75 79 -10 -20|0.9 27
5530 龍巖|其他|-2 24 13|61 61 -12 -17|0.9 23
5534 長虹|建材營造|-32 -61 -96|63 74 -7 -14|2.2 79
5536 聖暉*|其他電子|70 51 5|100 100 156 177|2.4 1407
5607 遠雄港|航運業|25 20 3|98 98 25 20|1.2 36
5608 四維航|航運業|-22 -16 -17|79 82 7 -19|1.5 46
5609 中菲行|航運業|-7 2 -27|95 97 5 2|0.9 12
5706 鳳凰|觀光餐旅|-19 -1 -32|84 87 -5 -15|0.5 9
5864 致和證|金融業|-2 339 280|82 97 14 1|2.6 11
5871 中租-KY|其他|-11 -7 -6|73 93 -0 -3|1.1 409
5876 上海商銀|金融保險|-17 -9 -13|88 88 -9 -2|0.9 124
5880 合庫金|金融保險|-9 4 -3|93 93 0 0|1.3 295
5903 全家|居家生活|5 6 2|97 97 2 6|0.7 19
5904 寶雅|居家生活|2 6 -1|90 94 -2 -6|0.3 70
5905 南仁湖|觀光餐旅|-14 -8 -6|45 77 -0 -24|1.4 11
6005 群益證|金融保險|-7 2 -6|81 83 1 -14|0.5 100
6016 康和證|金融業|667 225 173|91 96 17 -3|1.5 10
6023 元大期貨|金融業|-36 -29 -26|99 99 8 8|1.6 6
6024 群益期|金融保險|-17 18 -1|86 98 1 -2|0.8 8
6101 寬魚國際|文化創意|1664 603 434|73 86 -9 2|0.4 5
6104 創惟|半導體業|20 34 -12|69 69 -17 -15|0.9 237
6111 光聚晶電|文化創意|58 11 -28|73 79 -5 -15|1.0 14
6112 邁達特|資訊服務|32 38 30|73 90 -2 -3|0.3 138
6113 亞矽|電子通路|-32 -24 -0|77 77 -7 21|2.6 6
6117 迎廣|電腦及週|56 30 21|78 78 -3 -9|0.4 105
6118 建達|電子通路|8 11 -1|96 97 60 20|5.8 33
6120 達運|光電業|-47 -34 -26|74 81 2 -17|1.5 12
6121 新普|電腦及週|-1 0 0|95 95 6 2|0.5 155
6122 擎邦|電機機械|-21 0 15|88 90 -4 -5|0.8 14
6125 廣運|電機機械|58 33 42|78 86 14 -9|0.8 452
6126 信音|電子零組|-3 4 -1|79 96 17 1|1.2 9
6127 九豪|電子零組|-9 -7 -24|60 79 1 -20|0.6 10
6129 普誠|半導體業|13 8 24|79 100 69 16|2.8 11
6130 上亞科技|生技醫療|-41 -44 -44|89 89 21 83|0.3 8
6133 金橋|電子零組|10 -2 -23|66 87 24 -6|1.0 51
6134 萬旭|電子零組|28 14 -25|57 86 24 -7|0.6 41
6138 茂達|半導體業|22 23 9|86 92 13 3|0.6 94
6139 亞翔|其他電子|-0 -13 17|100 100 40 42|1.0 1542
6140 訊達電腦|資訊服務|123 94 40|85 85 8 22|0.2 58
6141 柏承|電子零組|-27 -19 11|76 86 16 -14|0.3 24
6143 振曜|通信網路|5 3 -18|83 95 2 -6|2.0 119
6146 耕興|其他電子|0 -3 -0|81 89 2 -10|1.4 23
6147 頎邦|半導體業|-5 -0 -10|84 85 -9 -14|0.5 87
6148 驊宏資|資訊服務|587 180 57|72 72 -10 30|0.7 168
6150 撼訊|電腦及週|89 82 55|87 96 6 -5|1.5 19
6151 晉倫|其他電子|-7 -6 -10|53 91 15 -9|1.1 12
6153 嘉聯益|電子零組|-39 -33 -8|62 93 29 -2|0.7 79
6156 松上|電子零組|-2 14 -31|60 78 -16 -19|0.5 19
6160 欣技|電腦及週|-18 17 5|77 87 -7 -10|1.1 6
6163 華電網|資訊服務|113 26 0|75 91 6 1|1.3 14
6165 浪凡|數位雲端|5 8 1|96 96 10 35|1.5 58
6166 凌華|電腦及週|22 20 7|70 70 -3 -15|1.1 66
6167 久正|光電業|96 75 59|75 79 -21 -10|0.5 6
6168 宏齊|光電業|-1 8 7|92 100 43 11|2.0 7
6170 統振|通信網路|21 15 -5|91 92 14 -1|0.9 14
6173 信昌電|電子零組|11 15 6|84 96 10 -2|1.7 17
6175 立敦|電子零組|-16 -10 -17|90 91 22 -3|2.0 56
6176 瑞儀|光電業|-12 1 -13|71 80 -1 -21|0.6 177
6177 達麗|建材營造|-25 -68 -78|65 89 -8 5|0.6 40
6179 亞通|其他|49 53 -24|92 95 24 20|4.4 25
6180 橘子|文化創意|-33 -30 -23|72 81 -14 -16|1.1 37
6182 合晶|半導體業|7 8 2|67 91 13 -9|0.7 87
6184 大豐電|其他|2 1 -1|91 91 1 1|1.1 7
6186 新潤|建材營造|432 260 89|67 95 11 6|1.1 39
6187 萬潤|半導體業|4 10 -181|73 95 17 22|0.9 884
6188 廣明|電腦及週|24 23 23|94 94 32 17|4.8 1284
6189 豐藝|電子通路|-16 -19 -7|58 67 -26 -30|0.8 42
6190 萬泰科|通信網路|-6 0 -22|98 98 30 37|2.0 916
6191 精成科|電子零組|60 68 49|91 91 71 98|1.7 2529
6192 巨路|其他電子|-15 -13 -23|97 97 10 7|1.9 38
6196 帆宣|其他電子|-24 -27 -21|100 100 63 70|1.2 506
6197 佳必琪|電子零組|12 2 -15|98 98 23 32|1.0 594
6199 天品|其他|145 72 49|75 76 10 -3|3.6 22
6202 盛群|半導體業|14 16 -24|66 74 -13 -22|1.3 22
6203 海韻電|電子零組|212 100 79|83 83 -8 -7|1.0 11
6205 詮欣|電子零組|-12 -13 -19|57 68 -11 -33|1.4 7
6206 飛捷|電腦及週|9 18 -9|70 84 7 -12|0.5 151
6207 雷科|電子零組|2 -13 -12|80 91 53 27|3.8 170
6209 今國光|光電業|66 41 21|95 95 45 24|3.7 201
6213 聯茂|電子零組|-12 2 -13|93 93 53 80|0.5 1750
6214 精誠|資訊服務|14 10 2|74 88 6 -8|0.9 55
6215 和椿|其他電子|119 85 -12|92 92 36 39|0.2 463
6216 居易|通信網路|-43 -49 -39|58 78 -6 -19|2.5 6
6217 中探針|電子零組|12 15 -16|100 100 75 56|5.3 234
6221 晉泰|資訊服務|46 20 -9|62 76 -6 -25|1.0 21
6223 旺矽|半導體業|30 38 1|100 100 70 96|0.9 2335
6224 聚鼎|電子零組|-14 -1 -15|54 79 -16 -22|1.6 10
6227 茂綸|電子通路|92 68 28|76 76 11 18|1.0 85
6230 尼得科超眾|電腦及週|18 13 8|56 69 13 -25|1.1 29
6231 系微|資訊服務|1 5 -5|39 70 3 -29|0.8 153
6234 高僑|光電業|-43 -20 12|79 79 22 2|0.4 63
6235 華孚|電腦及週|12 6 13|82 97 20 3|1.4 79
6237 驊訊|半導體業|12 15 -8|78 94 19 -6|1.4 61
6239 力成|半導體業|2 -3 5|85 89 0 1|0.5 291
6244 茂迪|光電業|18 -8 2|65 76 -4 -18|1.1 30
6245 立端|通信網路|-31 -16 -15|73 79 9 -17|3.8 84
6248 沛波|鋼鐵工業|-28 -19 -25|72 80 -7 -19|3.0 5
6257 矽格|半導體業|6 6 -7|98 98 11 13|1.3 219
6261 久元|半導體業|10 -4 0|85 95 2 1|3.4 17
6263 普萊德|通信網路|-4 -3 -7|80 93 -2 -6|0.8 8
6265 方土昶|電子通路|52 24 35|73 89 7 0|3.3 7
6266 泰詠|電子零組|7 -0 -7|100 100 1 1|1.6 5
6269 台郡|電子零組|-16 -21 5|76 97 28 6|0.8 210
6271 同欣電|半導體業|-12 -8 -7|80 93 4 -4|2.6 115
6274 台燿|電子零組|25 19 -20|93 93 64 124|1.4 7603
6275 元山|電子零組|3 11 -2|90 91 16 -3|1.3 13
6276 安鈦克|電腦及週|1 7 -26|69 69 -31 23|0.3 12
6278 台表科|光電業|11 10 6|92 92 2 -1|0.8 127
6279 胡連|電子零組|10 5 -12|79 86 11 -11|1.4 101
6282 康舒|電子零組|-8 -8 -3|80 87 9 -10|1.0 89
6283 淳安|其他電子|104 36 -6|89 91 24 2|2.0 14
6284 佳邦|電子零組|6 9 1|72 84 -2 -11|1.6 44
6285 啟碁|通信網路|2 -9 -6|82 82 4 -11|1.6 392
6290 良維|電子零組|18 30 5|94 94 11 29|0.5 856
6291 沛亨|半導體業|8 16 27|90 90 63 45|2.6 123
6409 旭隼|其他電子|-27 -20 -28|42 63 -32 -39|2.1 496
6411 晶焱|半導體業|-14 -12 -17|74 92 4 -4|3.4 11
6412 群電|電子零組|-9 -5 -10|75 82 -13 -12|0.3 43
6414 樺漢|電腦及週|-10 -9 -17|98 98 11 8|1.6 267
6415 矽力*-KY|半導體業|-9 -6 -14|53 64 -24 -27|1.6 700
6416 瑞祺電通|通信網路|-22 -15 -27|56 72 -3 -29|1.3 17
6417 韋僑|通信網路|6 3 -11|93 99 14 0|1.7 6
6418 詠昇|電子零組|-18 -18 -13|96 96 90 82|1.0 27
6425 易發|電機機械|-60 1 -8|59 83 20 -16|0.3 37
6426 統新|通信網路|77 47 26|71 94 4 -2|1.3 32
6435 大中|半導體業|19 23 6|80 80 -5 -15|1.3 14
6438 迅得|其他電子|42 41 26|83 93 16 2|2.5 731
6442 光聖|通信網路|51 64 -108|100 100 95 98|1.9 4396
6443 元晶|光電業|-82 -74 -20|61 74 -0 -24|0.8 80
6446 藥華藥|生技醫療|48 46 -39|64 85 -2 -14|0.9 757
6449 鈺邦|電子零組|30 37 9|92 92 71 37|4.0 359
6451 訊芯-KY|半導體業|65 58 1|59 87 28 -11|0.8 300
6456 GIS-KY|光電業|-1 15 4|100 100 35 20|3.0 66
6462 神盾|半導體業|38 34 5|47 87 17 -6|0.5 336
6469 大樹|生技醫療|6 12 2|79 87 4 -17|1.1 40
6470 宇智|通信網路|-9 3 -18|72 78 -17 -22|0.6 6
6472 保瑞|生技醫療|4 -3 -59|81 85 -12 -9|0.6 559
6477 安集|光電業|-14 -9 0|95 95 46 25|2.7 191
6485 點序|半導體業|-3 -7 -16|66 67 -19 -22|0.6 6
6488 環球晶|半導體業|-22 -6 -4|77 91 24 -5|0.8 854
6491 晶碩|生技醫療|24 5 8|72 83 -3 -13|0.8 87
6498 久禾光|光電業|32 28 na|na na -20 na|0.7 51
6499 益安|生技醫療|43 63 -22|71 71 6 132|0.5 148
6505 台塑化|油電燃氣|-6 -13 -3|68 91 7 3|0.7 290
6509 聚和|化學工業|7 -1 -9|80 96 5 -4|0.9 13
6510 精測|半導體業|38 55 -8|98 98 42 78|1.2 965
6515 穎崴|半導體業|5 10 -73|100 100 41 11|2.0 1172
6517 保勝光學|光電業|-20 15 -1|70 70 -13 13|0.3 58
6523 達爾膚|生技醫療|-7 -8 -7|80 82 -9 -17|0.6 9
6525 捷敏-KY|半導體業|15 16 4|100 100 15 14|3.1 11
6526 達發|半導體業|7 10 -23|77 90 11 -10|1.2 198
6530 創威|通信網路|21 18 -0|81 95 41 19|1.6 150
6531 愛普*|半導體業|33 40 15|88 88 4 9|0.8 745
6532 瑞耘|半導體業|20 -4 -13|79 83 9 -5|0.2 11
6533 晶心科|半導體業|-15 33 -26|62 76 4 -23|0.9 152
6534 正瀚-創|生技醫療|6 4 -38|99 99 54 47|2.0 18
6535 順藥|生技醫療|22 75 -110|53 96 16 2|1.8 124
6541 泰福-KY|生技醫療|111 366 -412|65 73 -2 -28|0.8 40
6546 正基|通信網路|-11 -6 -13|35 60 -7 -38|1.9 39
6547 高端疫苗|生技醫療|-14 -15 -33|67 67 -23 -23|1.2 41
6548 長科*|半導體業|14 9 -3|82 93 7 2|1.9 25
6550 北極星藥業-KY|生技醫療|-22 -48 na|59 84 -6 -17|1.6 31
6558 興能高|其他電子|-2 -2 -4|82 84 12 -13|0.6 452
6560 欣普羅|光電業|1614 684 346|81 81 -4 33|1.1 9
6561 是方|通信網路|-15 13 -5|82 94 4 -1|0.8 45
6568 宏觀|半導體業|-25 10 -6|69 77 -0 -13|0.3 7
6576 逸達|生技醫療|-75 -14 na|90 92 21 -8|3.3 13
6578 達邦蛋白|農業科技|14 8 26|97 97 42 28|1.2 7
6579 研揚|電腦及週|20 14 14|82 92 10 -5|3.0 13
6584 南俊國際|電子零組|23 21 -8|98 98 59 75|1.8 370
6585 鼎基|其他|-35 -37 -28|59 67 -12 -35|2.3 11
6589 台康生技|生技醫療|-16 -19 -14|64 77 -5 -22|1.2 25
6591 動力-KY|電腦及週|46 52 27|88 88 32 71|2.0 342
6592 和潤企業|其他|-25 -23 -4|72 92 -1 -8|0.7 16
6593 台灣銘板|資訊服務|-39 -46 -21|52 64 -25 -15|0.1 15
6596 寬宏藝術|文化創意|484 183 113|100 100 29 117|1.2 197
6603 富強鑫|電機機械|-23 -4 -18|72 94 -2 -7|0.8 7
6605 帝寶|汽車工業|-17 -9 -11|54 70 -18 -33|0.5 71
6609 瀧澤科|電機機械|-31 -14 -33|32 52 -14 -48|0.9 28
6613 朋億*|其他電子|5 9 3|90 99 31 11|2.5 62
6617 共信-KY|生技醫療|2 -18 -29|74 86 -8 -3|1.0 10
6625 必應|其他|7 88 31|82 82 5 29|0.2 40
6637 醫影|生技醫療|-9 324 235|80 80 20 5|0.4 16
6640 均華|半導體業|12 92 9|65 89 56 43|0.4 160
6643 M31|半導體業|13 12 13|50 70 -3 -27|1.0 259
6649 台生材|生技醫療|95 78 -91|93 93 28 17|2.5 18
6651 全宇昕|半導體業|-13 5 -18|68 68 -15 -27|0.9 9
6657 華安|生技醫療|-19 49 20|69 74 -14 -28|1.6 20
6658 聯策|其他電子|-22 11 -41|61 72 -16 -12|0.2 38
6664 群翊|電子零組|0 2 2|83 100 47 31|2.8 189
6667 信紘科|其他電子|53 96 -1|96 96 47 55|1.7 493
6668 中揚光|光電業|25 47 25|82 83 -2 -7|0.9 24
6669 緯穎|電腦及週|172 179 44|83 83 18 46|0.9 4155
6670 復盛應用|運動休閒|-11 2 -19|76 76 -8 -12|0.4 110
6672 騰輝電子-KY|電子零組|-1 -3 4|98 98 51 44|3.6 365
6674 鋐寶科技|通信網路|-9 -16 -5|72 75 -14 -4|0.9 7
6679 鈺太|半導體業|-9 -13 -8|57 72 -4 -29|0.7 57
6683 雍智科技|半導體業|27 36 2|89 98 33 19|2.4 375
6684 安格|半導體業|-6 -19 -3|80 98 7 11|2.3 17
6689 伊雲谷|數位雲端|-18 -8 -24|61 75 -8 -24|0.6 23
6690 安碁資訊|數位雲端|9 10 -5|83 95 2 -0|1.4 7
6691 洋基工程|其他電子|57 65 15|98 98 23 18|0.7 481
6693 廣閎科|半導體業|24 23 -7|59 76 -5 -22|1.0 10
6695 芯鼎|半導體業|1 38 19|75 91 22 -9|2.5 78
6697 東捷資訊|資訊服務|71 32 21|97 97 27 17|2.2 6
6698 旭暉應材|其他電子|53 55 49|72 97 29 7|0.9 22
6703 軒郁|生技醫療|-17 -17 -7|69 89 17 -6|1.9 12
6706 惠特|光電業|-44 21 -33|32 66 -8 -34|0.6 87
6712 長聖|生技醫療|17 23 3|95 98 0 -0|0.8 19
6715 嘉基|電子零組|-38 -27 -14|59 80 -7 -16|0.8 6
6719 力智|半導體業|11 19 -5|69 85 -11 -13|0.8 50
6720 久昌|半導體業|-27 -22 na|na 74 -15 -21|0.7 6
6727 亞泰金屬|電子零組|15 26 18|98 98 257 212|1.0 110
6728 上洋|居家生活|-4 37 -10|79 79 -11 -1|0.8 13
6732 昇佳電子|半導體業|-10 3 4|60 84 1 -15|1.9 16
6733 博晟生醫|生技醫療|55 53 -2|99 99 47 40|3.2 25
6739 竹陞科技|其他電子|105 94 -124|na 96 134 137|1.0 470
6741 91APP*-KY|數位雲端|9 10 -3|75 81 0 -18|1.3 22
6742 澤米|光電業|-44 -16 -23|73 87 14 -14|1.3 106
6747 亨泰光|生技醫療|-6 -5 -9|100 100 2 43|0.7 6
6752 叡揚|資訊服務|12 14 -2|75 75 -1 13|0.8 23
6753 龍德造船|航運業|45 13 3|94 94 51 43|5.5 364
6756 威鋒電子|半導體業|-33 -23 -9|49 72 -14 -26|1.4 17
6757 台灣虎航|航運業|-14 -8 -14|76 76 -8 -9|0.5 110
6761 穩得|電子零組|2 2 -8|98 98 66 53|4.1 323
6763 綠界科技*|數位雲端|1 10 3|66 88 14 -4|0.3 47
6768 志強-KY|運動休閒|-3 -0 -30|65 83 1 -22|0.5 94
6770 力積電|半導體業|3 1 -2|72 86 1 -15|0.5 210
6776 展碁國際|電子通路|66 25 4|91 91 2 0|0.7 9
6781 AES-KY|電子零組|84 86 38|87 87 28 27|1.2 2991
6782 視陽|生技醫療|20 10 -18|80 95 5 15|1.1 83
6785 昱展新藥|生技醫療|na na na|100 100 54 52|1.4 89
6788 華景電|半導體業|-20 5 -44|94 94 28 33|1.3 560
6789 采鈺|半導體業|-20 -19 -37|80 100 28 1|1.8 543
6791 虎門科技|資訊服務|14 17 0|81 90 36 10|5.9 22
6792 詠業|通信網路|14 10 8|90 97 11 -6|1.4 7
6799 來頡|半導體業|3 1 6|67 67 -15 -25|0.8 23
6803 崑鼎|綠能環保|6 15 -1|96 96 2 -1|1.7 13
6805 富世達|電子零組|89 70 22|89 89 55 43|0.6 2438
6806 森崴能源|綠能環保|43 65 -16|39 55 -39 -45|1.4 117
6811 宏碁資訊|數位雲端|18 14 -6|86 98 18 2|1.9 34
6821 聯寶|電子零組|22 12 -16|69 79 -1 7|0.8 9
6823 濾能|半導體業|175 62 17|93 95 71 9|1.5 17
6829 千附精密|半導體業|59 19 -7|83 83 13 20|3.2 153
6830 汎銓|其他電子|5 4 -2|81 100 47 30|3.0 128
6835 圓裕|電子零組|-2 6 -0|86 90 9 -13|1.5 5
6838 台新藥|生技醫療|na na na|64 78 1 -6|0.2 13
6840 東研信超|其他電子|0 4 -8|92 97 64 30|3.5 8
6841 長佳智能|生技醫療|5 -5 -117|88 88 19 -1|4.6 23
6854 錼創科技-KY創|半導體業|-12 -30 -97|62 80 20 -15|0.9 94
6859 伯特光|光電業|-4 45 -21|58 67 -16 -30|0.6 23
6862 三集瑞-KY|電子零組|-22 4 -22|na 98 18 3|2.9 37
6863 永道-KY|通信網路|-25 -27 -52|52 67 -8 -40|0.8 23
6869 雲豹能源|綠能環保|249 141 70|51 71 -21 -24|0.9 124
6870 騰雲|數位雲端|36 19 -10|74 88 9 10|1.7 9
6873 泓德能源|綠能環保|-88 18 -83|52 56 -37 -33|1.9 129
6877 鏵友益|其他電子|-2 5 -115|89 89 30 -2|1.1 76
6885 全福生技|生技醫療|na na na|na 88 8 20|0.9 17
6890 來億-KY|運動休閒|-15 -6 -30|47 60 -16 -38|0.7 214
6894 衛司特|綠能環保|24 66 28|100 100 31 22|1.7 8
6895 宏碩系統|半導體業|178 147 78|94 94 91 82|0.3 62
6901 鑽石投資|其他|29 -27 -11|47 64 -7 -36|0.9 15
6902 GOGOLOOK|數位雲端|37 22 2|47 59 -10 -40|1.2 7
6903 巨漢|其他電子|14 -9 16|91 94 24 20|3.5 31
6906 現觀科|數位雲端|0 2 -0|67 89 -3 -10|2.1 7
6909 創控|半導體業|-26 -12 na|na na 12 na|0.7 15
6913 鴻呈|電子零組|20 17 -17|na 100 46 11|2.0 44
6914 阜爾運通|其他|20 21 6|98 98 13 -1|1.4 7
6919 康霈*|生技醫療|na na na|na 100 118 100|3.5 4271
6922 宸曜|電腦及週|8 11 -20|83 94 16 5|3.4 37
6923 中台|綠能環保|-30 -42 -23|na 98 49 40|1.8 56
6925 意藍|數位雲端|17 11 na|na na -1 na|0.3 73
6928 攸泰科技|電腦及週|75 24 34|93 99 48 13|2.4 58
6933 AMAX-KY|電腦及週|11 51 32|67 76 39 -2|1.7 64
6937 天虹|半導體業|20 14 -32|51 77 12 -25|0.9 58
6944 兆聯實業|綠能環保|83 53 na|na na 30 na|1.6 509
6949 沛爾生醫-創|生技醫療|88 67 -8|91 91 180 164|2.0 132
6957 裕慶-KY|其他|12 7 -15|61 81 7 -22|1.4 11
6962 奕力-KY|半導體業|-29 -27 na|na 72 -23 -22|1.1 141
6965 中傑-KY|運動休閒|-35 -31 na|na 54 3 -46|0.4 7
6982 大井泵浦|電機機械|-19 -12 na|na 92 33 16|1.4 29
6994 富威電力|綠能環保|-5 -19 na|na 59 -29 -40|0.8 24
6996 力領科技|半導體業|-27 -27 na|na 76 3 -23|2.5 11
7402 邑錡|光電業|-22 5 5|89 89 48 37|4.4 186
7556 意德士科技|半導體業|11 18 -12|98 98 20 14|1.7 22
7642 昶瑞機電|電機機械|13 9 na|na na 30 na|0.8 81
7703 銳澤|其他電子|71 54 -1|na 100 114 87|3.7 130
7712 博盛半導體|半導體業|-19 -10 na|na 86 19 -17|4.8 8
7714 創泓科技|數位雲端|76 43 na|na 78 17 37|2.5 19
7715 裕山|綠能環保|-28 -18 na|na 73 -15 -26|3.7 5
7722 LINEPAY|數位雲端|24 24 na|na 79 8 -22|0.5 200
7723 築間|觀光餐旅|-20 -15 na|na na -25 na|2.1 5
7728 光焱科技|其他電子|-48 -26 na|na 90 15 -5|1.1 20
7734 印能科技|半導體業|76 33 na|na 85 4 -6|1.2 150
8011 台通|通信網路|21 -12 9|83 98 10 7|2.0 53
8016 矽創|半導體業|1 5 -1|92 97 2 2|0.8 61
8021 尖點|其他電子|13 13 -6|81 81 190 163|0.1 906
8027 鈦昇|電機機械|-18 -26 -22|76 99 10 7|2.2 85
8028 昇陽半導體|半導體業|20 21 -13|90 93 16 7|2.0 1880
8032 光菱|電子通路|1 18 -12|56 88 20 -6|1.0 27
8033 雷虎|其他|35 45 20|90 90 166 141|1.8 763
8034 榮群|通信網路|78 145 77|100 100 28 31|2.8 30
8038 長園科|電子零組|608 949 368|91 91 61 96|1.4 120
8039 台虹|電子零組|-11 -11 -15|77 93 22 18|2.3 146
8040 九暘|半導體業|13 1 -4|68 81 -3 -19|1.4 8
8042 金山電|電子零組|-1 -1 -9|59 74 8 -5|1.6 7
8043 蜜望實|電子零組|0 15 7|53 84 17 -10|0.7 9
8044 網家|數位雲端|7 2 8|55 71 -12 -31|2.1 9
8045 達運光電|通信網路|-45 -40 na|na 84 60 -4|1.4 117
8046 南電|電子零組|16 17 11|89 89 90 53|2.4 2545
8050 廣積|電腦及週|15 6 -17|73 79 -6 -19|1.7 24
8054 安國|半導體業|47 23 16|57 77 10 -1|0.3 243
8059 凱碩|通信網路|1543 1576 1005|54 59 -41 -32|0.6 29
8064 東捷|光電業|6 -12 -6|61 89 16 -12|1.7 114
8068 全達|電子通路|-11 -11 -16|71 79 16 -10|1.8 9
8069 元太|光電業|29 32 -16|83 88 24 -9|0.8 1460
8070 長華*|電子通路|17 13 1|65 91 2 8|1.7 74
8071 能率網通|電子零組|-5 -5 -5|75 82 10 -13|1.3 14
8072 陞泰|電子通路|33 32 18|73 73 -22 41|0.2 42
8074 鉅橡|電子零組|-2 4 -3|87 87 66 54|1.6 229
8076 伍豐|電腦及週|-25 -23 -4|70 83 -1 -17|2.2 13
8081 致新|半導體業|2 6 -2|96 96 7 1|0.6 84
8083 瑞穎|電機機械|4 13 20|94 97 2 -2|2.0 6
8085 福華|其他電子|-20 6 0|38 59 -13 -41|1.2 8
8086 宏捷科|半導體業|-14 -19 1|98 98 48 21|0.7 516
8088 品安|半導體業|79 79 63|81 81 -19 26|0.3 41
8089 康全電訊|通信網路|-92 -89 -225|31 67 -8 -32|1.5 19
8091 翔名|半導體業|1 -1 -7|71 88 4 -9|3.5 12
8096 擎亞|電子通路|-32 -27 -51|51 54 -11 -38|0.5 86
8097 常珵|通信網路|-88 -55 -132826|69 82 -8 -14|0.6 10
8099 大世科|資訊服務|11 4 2|77 86 -7 1|2.0 5
8103 瀚荃|電子零組|-2 1 -10|79 94 27 23|1.0 141
8104 錸寶|光電業|171 159 112|72 96 22 3|1.0 93
8105 凌巨|光電業|-28 0 -7|67 89 6 -8|0.7 16
8109 博大|電子零組|9 7 14|95 95 24 15|8.4 6
8110 華東|半導體業|-13 -12 -8|77 93 6 -8|1.2 21
8111 立碁|光電業|17 9 1|74 74 -2 6|0.6 189
8112 至上|電子通路|-11 -24 -23|60 74 -11 -27|0.7 98
8114 振樺電|電腦及週|19 38 -61|72 81 -5 -15|0.9 181
8121 越峰|電子零組|-20 -11 -13|53 95 18 -1|4.9 6
8131 福懋科|半導體業|20 3 -2|74 87 2 -10|0.6 8
8147 正淩|電子零組|3 46 18|78 95 8 1|0.7 20
8150 南茂|半導體業|-5 -3 -2|65 80 -15 -19|1.2 42
8155 博智|電子零組|18 22 -14|92 92 9 14|1.3 566
8163 達方|電腦及週|23 29 20|70 87 1 -12|1.0 13
8171 天宇|綠能環保|-74 -75 -26|67 70 -7 -23|0.8 9
8183 精星|其他電子|0 -5 -25|71 84 20 -15|5.7 7
8210 勤誠|電腦及週|16 29 -9|92 92 75 102|0.6 1769
8213 志超|電子零組|-7 -5 -4|95 96 19 7|1.9 35
8215 明基材|光電業|9 -3 -11|71 86 -1 -15|1.0 8
8222 寶一|電機機械|-2 8 -17|84 84 5 46|2.5 371
8227 巨有科技|半導體業|207 130 104|86 86 21 5|3.9 274
8234 新漢|電腦及週|-18 7 -17|85 85 25 17|1.1 869
8240 華宏|光電業|-4 -7 -10|81 94 31 -2|2.4 41
8249 菱光|電子零組|-46 -25 -81|88 97 25 4|2.3 254
8255 朋程|電機機械|-1 3 -14|69 85 9 -15|1.0 39
8261 富鼎|半導體業|0 5 -8|88 91 7 -1|0.9 39
8271 宇瞻|半導體業|72 59 42|96 96 18 26|0.7 87
8279 生展|生技醫療|-4 6 -3|79 89 -10 -3|1.1 8
8299 群聯|半導體業|21 14 17|82 82 -8 -13|0.7 792
8341 日友|綠能環保|-5 -7 -21|76 90 -1 -11|0.7 6
8349 恒耀國際|鋼鐵工業|-20 -15 -8|73 84 -4 -10|0.9 5
8358 金居|電子零組|8 7 -3|90 90 245 262|0.4 4489
8374 羅昇|電機機械|63 55 -7|70 92 7 -3|2.8 223
8383 千附|半導體業|13 8 -23|75 75 1 2|2.0 26
8390 金益鼎|綠能環保|-34 -18 -40|88 97 16 12|1.7 41
8404 百和興業-KY|其他|-5 -4 -27|61 74 5 -23|1.4 10
8410 森田|電腦及週|-12 2 -2|49 57 -10 -42|0.9 9
8415 大國鋼|鋼鐵工業|0 0 1|89 91 3 -7|0.7 9
8422 可寧衛*|綠能環保|0 -6 -23|100 100 10 11|1.1 68
8431 匯鑽科|其他電子|7 1 -27|66 66 10 -27|1.1 33
8436 大江|生技醫療|-6 -3 1|84 84 9 -13|1.2 71
8442 威宏-KY|其他|-8 -10 -12|71 77 2 -21|0.9 7
8446 華研|文化創意|-44 -33 -23|83 91 1 -8|0.4 13
8454 富邦媒|數位雲端|-5 -4 -4|65 68 -13 -33|0.8 66
8462 柏文|運動休閒|19 16 -2|97 97 30 50|3.2 21
8464 億豐|居家生活|-5 -2 -10|88 88 2 7|1.3 330
8467 波力-KY|運動休閒|12 13 -4|52 82 1 -25|1.2 24
8472 夠麻吉|數位雲端|56 64 53|78 78 191 226|1.5 17
8473 山林水|綠能環保|25 48 11|78 98 13 -2|1.5 14
8478 東哥遊艇|運動休閒|937 300 246|61 83 31 4|0.4 79
8499 鼎炫-KY|其他電子|-12 -8 -19|90 90 101 84|2.1 243
8916 光隆|其他|3 -10 -24|90 90 5 -9|0.7 7
8924 大田|運動休閒|-25 -27 -16|75 90 3 -8|1.9 7
8926 台汽電|油電燃氣|-44 -18 -46|98 98 11 18|0.6 51
8927 北基|油電燃氣|-32 -44 -41|69 83 -5 -17|4.5 13
8932 智通*|數位雲端|95 76 4|99 99 92 129|0.7 934
8935 邦泰|其他|-3 9 11|100 100 45 51|5.1 29
8936 國統|其他|24 -4 -14|83 89 -2 1|1.0 57
8937 合騏*|其他|-84 -65 -36|78 78 6 -9|1.0 109
8938 明安|運動休閒|-7 0 -14|75 77 -8 -21|1.0 17
8942 森鉅|其他|-0 -4 -9|69 71 -13 -30|1.1 9
8996 高力|電機機械|59 49 18|87 93 53 28|1.0 1780
9802 鈺齊-KY|運動休閒|5 21 -6|69 77 6 -18|0.6 82
9904 寶成|運動休閒|-11 -8 -13|68 81 -3 -22|2.4 341
9906 欣巴巴|建材營造|-97 -79 -117573|35 64 -9 -32|1.0 7
9907 統一實|其他|-8 1 -26|91 91 -4 6|0.5 45
9910 豐泰|運動休閒|-9 -12 -8|75 88 -1 -13|0.8 64
9911 櫻花|居家生活|3 5 -4|97 97 2 3|0.7 20
9914 美利達|運動休閒|-23 -27 -40|47 65 4 -33|0.8 218
9917 中保科|其他|4 8 1|79 92 -2 -6|0.6 49
9919 康那香|其他|0 -1 -3|76 80 -14 -10|0.7 5
9921 巨大|運動休閒|-33 -31 -21|44 63 -10 -35|0.6 70
9924 福興|居家生活|6 1 12|77 87 -4 -12|0.8 8
9927 泰銘|其他|-21 -13 -5|80 80 -10 -12|2.7 35
9930 中聯資源|綠能環保|-5 1 -12|93 93 -2 6|0.5 7
9933 中鼎|其他|-30 -32 -18|65 78 23 -22|1.3 220
9935 慶豐富|居家生活|-18 -13 -19|62 70 -9 -31|0.6 6
9938 百和|其他|-3 -9 -22|67 82 8 -19|0.5 49
9939 宏全|其他|2 2 -7|83 86 -6 -15|0.8 130
9940 信義|其他|-43 -45 -13|76 85 -8 -14|0.7 6
9941 裕融|其他|-5 -4 -0|69 89 -5 -11|1.3 61
9942 茂順|其他|12 5 8|96 96 0 0|0.6 5
9943 好樂迪|觀光餐旅|-9 -13 -8|84 87 -9 -13|0.7 5
9945 潤泰新|其他|43 40 17|62 72 2 -26|3.8 202
9951 皇田|電機機械|22 21 7|99 100 19 16|0.9 11
9955 佳龍|綠能環保|13 45 32|74 84 1 -3|0.8 12
9958 世紀鋼|鋼鐵工業|10 24 19|74 74 -16 -4|0.5 707