# 2026-07-01 全池(1316 檔)。欄位:代碼 名稱|產業|最新月YoY 3月YoY均 加速度|距52週高% 距120日高% 60日漲% 120日漲%|量能比 日均值M
1101 台泥|水泥工業|-0 -4 5|90 90 3 5|1.2 829
1102 亞泥|水泥工業|-1 -10 1|85 93 1 -3|1.8 567
1103 嘉泥|水泥工業|-8 -13 -7|93 93 -1 -5|1.0 5
1104 環泥|水泥工業|2 -8 -6|87 93 -3 -5|1.2 31
1201 味全|食品工業|-5 -4 3|77 84 -8 -16|0.9 6
1210 大成|食品工業|10 6 5|88 100 3 10|0.8 205
1215 卜蜂|食品工業|2 2 -1|73 73 -11 -12|0.5 227
1216 統一|食品工業|3 3 1|89 93 5 -4|0.8 1096
1218 泰山|食品工業|-1 4 3|91 98 -1 5|0.7 19
1225 福懋油|食品工業|2 4 7|75 85 -7 -1|0.7 8
1227 佳格|食品工業|5 2 1|86 94 -5 -5|0.7 40
1229 聯華|食品工業|-9 -11 -18|85 89 -5 -11|1.1 148
1231 聯華食|食品工業|-3 -2 -6|58 89 -4 -10|0.9 30
1232 大統益|食品工業|10 6 3|97 97 0 4|1.3 24
1234 黑松|食品工業|-23 -6 0|86 91 -3 -8|1.6 6
1256 鮮活果汁-KY|食品工業|24 46 13|88 88 29 35|1.2 19
1264 德麥|食品工業|3 5 5|87 95 -4 -5|0.8 7
1301 台塑|塑膠工業|1 5 17|95 95 19 37|1.7 1776
1303 南亞|塑膠工業|31 23 20|100 100 148 211|0.5 7170
1304 台聚|塑膠工業|-1 4 17|74 74 -26 18|0.4 64
1305 華夏|塑膠工業|21 31 33|70 70 -25 15|0.3 35
1307 三芳|塑膠工業|9 6 6|92 92 6 2|0.9 60
1308 亞聚|塑膠工業|10 4 7|72 72 -24 3|0.4 31
1309 台達化|塑膠工業|-21 -12 15|55 55 -37 26|0.2 57
1310 台苯|塑膠工業|-39 -3 19|83 83 -8 18|1.5 72
1312 國喬|塑膠工業|6 6 -27|93 93 3 19|1.2 194
1313 聯成|塑膠工業|5 7 15|91 91 -2 17|2.3 63
1316 上曜|建材營造|153 127 -51|63 64 -13 -36|0.5 24
1319 東陽|汽車工業|3 -10 2|70 70 -1 -16|1.1 822
1321 大洋|塑膠工業|13 9 26|82 88 -7 -11|0.5 8
1325 恆大|塑膠工業|-31 -28 -10|67 67 -12 -22|0.8 8
1326 台化|塑膠工業|15 22 29|95 95 27 73|1.2 1763
1339 昭輝|汽車工業|15 -6 10|94 95 9 -1|0.5 7
1342 八貫|其他|37 38 22|91 91 29 30|1.0 125
1402 遠東新|紡織纖維|19 10 12|88 97 8 0|0.7 915
1409 新纖|紡織纖維|35 22 28|85 85 66 64|1.5 552
1419 新紡|紡織纖維|2 28 8|81 81 7 -10|0.9 8
1423 利華|紡織纖維|18 -14 -19|90 90 2 5|0.4 11
1432 大魯閣|運動休閒|-39 -40 -25|88 88 -2 -6|0.8 8
1434 福懋|紡織纖維|6 -1 6|91 91 2 4|1.2 44
1436 華友聯|建材營造|45 -13 25|40 68 -15 -29|2.2 21
1440 南紡|紡織纖維|-13 -11 9|85 85 4 -2|0.7 39
1442 名軒|建材營造|-19 -60 -3|39 89 4 -10|0.4 12
1446 宏和|紡織纖維|-2 -39 -27|76 97 8 -2|1.8 5
1449 佳和|紡織纖維|99 69 41|86 86 27 27|0.4 22
1464 得力|紡織纖維|5 1 6|82 89 3 -5|1.6 6
1471 首利|電子零組|-66 -59 -11|73 73 -11 22|0.7 8
1472 三洋實業|建材營造|35 1 -38|97 97 -2 5|0.7 5
1476 儒鴻|紡織纖維|1 1 3|72 74 -1 -16|1.0 588
1477 聚陽|紡織纖維|9 3 10|68 68 -2 -22|1.3 695
1503 士電|電機機械|8 25 14|89 89 34 39|0.8 1403
1504 東元|電機機械|11 9 0|59 78 18 -17|0.5 1332
1513 中興電|電機機械|4 5 -0|95 95 24 17|0.8 2068
1514 亞力|電機機械|-31 4 -20|84 84 24 24|0.7 712
1515 力山|電機機械|8 -13 -34|100 100 54 30|4.3 58
1519 華城|電機機械|-9 0 -9|70 70 -4 -4|0.7 2382
1522 堤維西|汽車工業|40 47 4|57 57 -5 -35|0.5 27
1524 耿鼎|汽車工業|19 -3 12|85 85 3 7|0.3 24
1527 鑽全|電機機械|-14 -7 7|89 89 2 1|0.8 8
1528 恩德|電機機械|-17 5 13|73 73 -14 39|0.1 78
1529 樂事綠能|電機機械|158 6 -38|77 77 -4 16|0.5 17
1532 勤美|電機機械|26 15 -7|81 85 6 -15|0.6 20
1533 車王電|汽車工業|55 63 7|90 90 22 9|0.4 9
1536 和大|汽車工業|12 6 15|66 73 -3 -18|0.5 83
1537 廣隆|電機機械|9 -3 12|93 98 2 0|0.6 8
1540 喬福|電機機械|-3 -23 -21|78 80 2 -3|0.8 6
1558 伸興|電機機械|-2 5 13|87 87 -1 -11|1.0 5
1560 中砂|電機機械|18 23 2|100 100 79 106|0.7 1105
1563 巧新|汽車工業|19 8 10|90 90 50 37|0.8 106
1565 精華|生技醫療|-17 -17 -1|62 80 -8 -18|1.3 15
1568 倉佑|汽車工業|5 22 19|76 76 75 76|0.8 32
1569 濱川|電腦及週|-1 -0 6|67 72 -7 -16|0.4 34
1570 力肯|電機機械|-0 19 41|75 75 31 29|0.2 12
1580 新麥|電機機械|-11 -12 -9|87 91 -5 -9|0.8 10
1582 信錦|電子零組|-11 -4 4|71 71 -14 27|0.2 246
1584 精剛|其他|-21 -24 -7|69 76 -11 -15|1.3 16
1586 和勤|電機機械|17 2 6|64 64 -13 -22|1.3 8
1587 吉茂|汽車工業|4 2 -21|48 50 -21 -51|0.5 8
1590 亞德客-KY|電機機械|40 28 8|89 89 38 46|0.7 937
1595 川寶|半導體業|174 43 43|78 78 90 108|0.5 74
1597 直得|電機機械|51 54 27|65 65 69 96|0.3 285
1598 岱宇|運動休閒|5 2 19|80 87 1 -6|0.5 5
1603 華電|電器電纜|-6 3 -7|74 74 2 -14|0.6 10
1604 聲寶|電器電纜|-10 -2 3|96 97 -2 1|1.1 9
1605 華新|電器電纜|11 1 8|82 82 20 19|0.6 1784
1608 華榮|電器電纜|8 10 3|83 83 8 -9|0.6 122
1609 大亞|電器電纜|22 19 10|83 83 25 3|1.1 229
1611 中電|電器電纜|-4 -7 3|89 89 11 11|0.8 14
1612 宏泰|電器電纜|-14 -2 -9|91 91 9 8|1.2 54
1615 大山|電器電纜|15 13 12|86 89 0 -8|0.9 7
1616 億泰|電器電纜|-5 -0 -10|55 75 -2 -21|0.6 13
1618 合機|電器電纜|153 14 -26|81 81 8 -3|0.6 48
1623 大東電|電器電纜|-33 -11 na|na na 19 na|0.7 37
1702 南僑|食品工業|-1 -1 3|80 84 -9 -15|0.6 9
1707 葡萄王|生技醫療|-5 -6 -2|71 75 -22 -25|2.3 47
1708 東鹼|化學工業|18 22 18|96 96 28 63|1.4 637
1709 和益|化學工業|5 4 12|100 100 30 39|2.1 31
1710 東聯|化學工業|-29 -4 8|100 100 27 51|2.3 105
1711 永光|化學工業|9 12 17|71 71 21 122|0.3 375
1712 興農|化學工業|11 10 10|88 88 -10 -5|0.9 33
1713 國化|化學工業|12 22 22|92 93 6 12|1.4 10
1714 和桐|化學工業|85 67 32|95 95 99 131|0.6 479
1717 長興|化學工業|15 11 15|85 85 26 74|0.3 866
1718 中纖|化學工業|9 -3 -2|92 92 66 78|5.6 201
1720 生達|生技醫療|-5 1 -2|96 96 -0 5|0.6 15
1721 三晃|化學工業|5 -3 15|74 74 49 95|0.3 50
1722 台肥|化學工業|-1 9 4|89 94 4 0|0.4 116
1723 中碳|化學工業|58 38 49|88 90 -8 18|0.6 70
1725 元禎|化學工業|18 29 28|84 84 14 27|0.7 8
1727 中華化|化學工業|39 35 29|88 88 89 92|0.3 498
1733 五鼎|生技醫療|-18 -21 -11|82 98 5 -1|0.9 5
1734 杏輝|生技醫療|10 8 0|100 100 7 8|1.0 12
1735 日勝化|化學工業|10 17 25|72 72 -5 17|0.2 7
1736 喬山|運動休閒|2 7 -1|72 82 9 -9|1.4 86
1760 寶齡富錦|生技醫療|2 9 2|84 90 1 -1|0.8 12
1762 中化生|生技醫療|-27 53 50|87 87 28 49|0.5 19
1773 勝一|化學工業|28 26 15|89 89 27 27|0.4 112
1784 訊聯|生技醫療|15 14 8|58 58 -15 -41|1.0 12
1785 光洋科|其他電子|95 80 30|77 77 61 113|0.5 1850
1786 科妍|生技醫療|1 1 1|45 67 -12 -26|0.7 16
1788 杏昌|生技醫療|4 4 -3|98 99 0 0|0.9 5
1789 神隆|生技醫療|-33 -6 -5|74 74 0 19|0.9 17
1795 美時|生技醫療|106 100 57|52 52 -9 -33|0.6 326
1802 台玻|玻璃陶瓷|18 14 10|93 93 37 100|0.8 4720
1808 潤隆|建材營造|87448 54067 28093|70 83 -2 -12|0.5 54
1809 中釉|玻璃陶瓷|1 -8 -11|93 93 115 210|0.9 517
1810 和成|玻璃陶瓷|-7 -8 -0|87 93 25 22|1.2 63
1815 富喬|電子零組|50 45 9|82 82 8 12|1.1 2221
1903 士紙|造紙工業|-7 4 4|76 79 -5 -15|1.2 13
1904 正隆|造紙工業|13 13 13|92 92 10 22|0.5 100
1905 華紙|造紙工業|3 1 8|87 87 -13 37|0.9 143
1907 永豐餘|造紙工業|8 7 11|96 96 1 6|0.6 46
2002 中鋼|鋼鐵工業|2 1 9|88 88 -1 0|0.8 1091
2006 東和鋼鐵|鋼鐵工業|5 0 5|86 86 0 12|1.7 217
2009 第一銅|鋼鐵工業|13 10 3|70 70 -3 -13|0.5 89
2010 春源|鋼鐵工業|1 6 3|92 92 -4 13|1.5 51
2013 中鋼構|鋼鐵工業|-6 -10 -6|97 97 -0 5|1.8 7
2014 中鴻|鋼鐵工業|4 -10 20|86 86 -5 11|0.5 100
2015 豐興|鋼鐵工業|-8 -9 6|91 91 -1 4|1.0 25
2020 美亞|鋼鐵工業|-10 -9 -9|90 90 -6 -1|0.6 10
2023 燁輝|鋼鐵工業|-3 -6 4|84 87 -4 -8|1.1 26
2025 千興|鋼鐵工業|562 267 191|86 86 17 40|0.9 10
2027 大成鋼|鋼鐵工業|43 35 14|94 94 13 18|0.7 823
2029 盛餘|鋼鐵工業|-9 -5 8|85 94 1 -1|0.8 5
2030 彰源|鋼鐵工業|38 15 23|91 91 19 35|0.7 28
2031 新光鋼|鋼鐵工業|25 5 4|89 93 1 7|0.7 48
2032 新鋼|鋼鐵工業|29 15 10|87 87 1 18|0.7 12
2034 允強|鋼鐵工業|-9 -2 19|88 89 -0 -3|0.8 30
2038 海光|鋼鐵工業|-18 -15 4|78 79 -15 -7|0.7 6
2049 上銀|電機機械|28 22 17|85 85 53 77|0.4 1144
2059 川湖|電子零組|172 97 29|100 100 141 105|0.7 3991
2061 風青|電器電纜|16 8 8|95 95 292 253|0.4 39
2062 橋椿|居家生活|13 19 20|79 81 -7 -11|0.5 5
2066 世德|電機機械|8 6 10|87 90 33 32|1.3 10
2069 運錩|鋼鐵工業|11 -5 5|92 92 4 9|0.5 8
2070 精湛|電機機械|-11 23 15|75 75 65 65|0.2 26
2072 世紀風電|綠能環保|81 75 na|na na -17 na|1.0 101
2101 南港|橡膠工業|159 249 202|70 83 -11 -15|0.7 70
2103 台橡|橡膠工業|33 19 22|94 94 9 31|0.6 117
2104 國際中橡|橡膠工業|-31 -19 -0|75 75 -15 -13|1.2 34
2105 正新|橡膠工業|1 6 10|75 91 2 6|0.7 767
2106 建大|橡膠工業|-2 5 7|76 83 -4 -13|0.9 14
2107 厚生|橡膠工業|7 5 7|99 99 8 11|0.8 10
2108 南帝|橡膠工業|16 29 35|85 85 7 27|0.5 47
2114 鑫永銓|橡膠工業|7 7 -3|99 99 7 5|0.8 8
2201 裕隆|汽車工業|-3 -2 6|62 77 -1 -20|0.7 71
2204 中華|汽車工業|6 2 -4|88 93 2 -7|0.8 57
2206 三陽工業|汽車工業|-6 -7 -5|91 96 4 1|1.1 74
2207 和泰車|汽車工業|13 15 12|78 83 0 -14|0.7 458
2208 台船|航運業|-82 8 -14|64 77 -8 -9|1.7 63
2211 長榮鋼|鋼鐵工業|25 11 5|78 91 -3 -8|0.7 58
2221 大甲|其他|19 11 11|91 91 56 65|0.5 36
2228 劍麟|汽車工業|2 -3 1|69 78 -1 -20|0.6 14
2230 泰茂|居家生活|63 109 67|24 27 -19 -73|0.5 6
2231 為升|汽車工業|-24 -14 4|74 76 -12 13|1.1 35
2233 宇隆|汽車工業|1 4 14|61 61 7 19|1.8 359
2236 百達-KY|汽車工業|27 34 -207|100 100 45 39|1.8 40
2241 艾姆勒|汽車工業|40 36 5|86 86 55 18|0.8 173
2243 宏旭-KY|汽車工業|17 28 -54|100 100 184 434|0.3 52
2247 汎德永業|汽車工業|-24 -29 -6|75 84 5 -13|0.8 22
2250 IKKA-KY|汽車工業|-15 -11 1|66 89 14 -4|2.1 7
2258 鴻華先進-創|汽車工業|58 16 61|75 76 25 -20|0.8 27
2301 光寶科|電腦及週|30 26 6|88 88 56 37|0.7 6653
2302 麗正|半導體業|22 18 6|100 100 195 189|1.7 263
2303 聯電|半導體業|18 11 7|95 95 199 238|1.1 46673
2305 全友|電腦及週|98 85 54|98 98 140 241|0.4 111
2308 台達電|電子零組|44 42 5|79 79 45 112|1.3 28564
2312 金寶|其他電子|-8 -8 2|82 82 64 55|0.9 1414
2313 華通|電子零組|13 7 -0|74 74 -10 119|0.4 10519
2316 楠梓電|電子零組|39 43 19|93 93 124 112|0.3 935
2317 鴻海|其他電子|40 38 16|80 80 32 11|0.7 18399
2323 中環|光電業|17 7 4|85 85 4 5|0.9 162
2324 仁寶|電腦及週|22 18 27|74 74 28 20|0.6 2964
2327 國巨*|電子零組|47 31 12|100 100 372 416|1.1 57551
2328 廣宇|電子零組|1 -15 -1|85 86 23 13|0.4 287
2329 華泰|半導體業|4 6 -16|77 77 8 8|0.4 489
2330 台積電|半導體業|30 31 3|100 100 43 69|1.0 98869
2331 精英|電腦及週|-17 9 -14|69 69 -0 -10|0.7 86
2332 友訊|通信網路|13 12 12|87 87 18 11|1.1 124
2337 旺宏|半導體業|176 142 88|77 77 24 273|1.0 11634
2338 光罩|半導體業|-8 -5 11|92 92 23 43|0.6 271
2340 台亞|半導體業|6 -4 -3|81 81 45 30|0.8 293
2342 茂矽|半導體業|-3 -6 2|94 94 95 89|0.3 309
2344 華邦電|半導體業|182 152 88|86 86 111 162|1.0 44121
2345 智邦|通信網路|57 52 -51|99 99 76 124|0.9 8197
2347 聯強|電子通路|129 92 66|99 99 23 59|1.2 769
2348 海悅|其他|-55 -67 -53|68 85 -6 -13|0.5 58
2349 錸德|光電業|-2 -4 -6|79 79 0 -15|0.6 64
2351 順德|半導體業|37 25 22|90 90 118 170|1.1 1454
2352 佳世達|電腦及週|-2 2 1|85 93 42 34|2.6 281
2353 宏碁|電腦及週|37 36 18|77 77 22 30|0.7 1677
2354 鴻準|其他電子|-41 -50 -91|72 84 9 -11|0.4 498
2355 敬鵬|電子零組|12 5 4|78 78 2 62|0.2 583
2356 英業達|電腦及週|35 40 26|78 78 67 55|0.5 2571
2357 華碩|電腦及週|9 30 -0|75 75 27 28|1.4 4814
2359 所羅門|其他電子|67 14 3|80 89 24 4|0.4 342
2360 致茂|其他電子|133 108 52|87 87 56 200|0.6 6062
2362 藍天|電腦及週|10 8 16|83 83 15 6|0.9 100
2363 矽統|半導體業|89 69 -363|97 97 59 53|2.6 577
2364 倫飛|電腦及週|3 14 7|57 84 14 -1|0.5 18
2365 昆盈|電腦及週|26 15 10|68 82 12 -4|0.6 78
2367 燿華|電子零組|16 -7 5|69 69 -27 94|0.3 1277
2368 金像電|電子零組|87 70 4|82 82 43 89|0.8 7123
2369 菱生|半導體業|39 34 12|86 86 36 71|1.3 598
2371 大同|電機機械|-14 -3 -9|62 63 -13 -15|0.7 344
2374 佳能|光電業|28 61 -11|69 78 10 -4|0.9 463
2375 凱美|電子零組|2 1 -4|100 100 215 159|1.6 2371
2376 技嘉|電腦及週|5 51 15|85 85 52 44|0.6 3093
2377 微星|電腦及週|-24 -19 -26|98 98 71 48|0.9 2619
2379 瑞昱|半導體業|22 13 10|92 92 73 70|1.4 5184
2382 廣達|電腦及週|94 101 44|89 89 34 41|0.4 8190
2383 台光電|電子零組|115 88 34|95 95 113 243|0.4 11141
2385 群光|電子零組|-11 -6 2|73 73 -10 -9|1.2 712
2387 精元|電腦及週|-13 -3 14|94 95 4 14|1.1 26
2388 威盛|半導體業|88 81 87|81 81 36 29|0.4 429
2390 云辰|其他電子|21 -4 7|93 93 20 22|0.7 14
2392 正崴|電子零組|16 4 8|61 84 4 -2|0.5 71
2393 億光|光電業|10 1 5|94 94 4 28|0.9 236
2395 研華|電腦及週|32 29 11|96 96 58 77|0.7 1423
2397 友通|電腦及週|27 31 17|72 89 12 -3|0.8 31
2399 映泰|電腦及週|48 16 18|92 92 65 91|0.5 383
2401 凌陽|半導體業|29 22 19|89 89 60 53|1.1 414
2402 毅嘉|電子零組|14 14 2|86 86 37 4|0.2 429
2404 漢唐|其他電子|85 96 22|94 94 58 36|1.0 5820
2405 輔信|電腦及週|8 11 2|79 79 12 -7|0.5 83
2406 國碩|光電業|121 142 47|96 96 23 48|2.2 866
2408 南亞科|半導體業|730 669 278|83 83 112 139|0.8 47062
2409 友達|光電業|-1 -2 3|94 94 111 171|1.5 13442
2412 中華電|通信網路|5 7 2|97 97 6 8|1.4 1935
2413 環科|電子零組|41 25 15|78 78 -1 31|0.4 200
2414 精技|電子通路|73 47 23|93 93 39 43|0.8 30
2415 錩新|電子零組|6 4 -7|99 99 28 43|6.2 11
2417 圓剛|電腦及週|3 20 9|77 77 31 24|0.3 49
2419 仲琦|通信網路|-27 3 4|74 74 -14 11|0.2 46
2420 新巨|電子零組|-9 -0 3|93 93 21 20|0.8 42
2421 建準|電子零組|15 17 -5|80 90 23 -3|0.5 431
2423 固緯|其他電子|28 23 7|91 91 63 37|0.4 14
2425 承啟|電腦及週|95 81 31|96 96 66 41|4.1 119
2426 鼎元|光電業|3 -7 2|76 76 128 327|0.8 1399
2427 三商電|資訊服務|-74 -33 -80|67 81 -3 -19|0.5 19
2428 興勤|電子零組|30 20 13|96 96 103 75|0.9 796
2429 銘旺科|光電業|20 20 -13|32 58 22 -41|1.6 21
2431 聯昌|電子零組|-36 -47 -17|64 64 -2 -1|0.6 5
2434 統懋|半導體業|-9 -5 -1|100 100 66 54|4.0 18
2436 偉詮電|半導體業|26 27 8|91 91 24 53|0.4 284
2438 翔耀|光電業|13 9 -21|71 75 -10 -2|0.6 5
2439 美律|通信網路|6 9 -1|79 82 7 -10|0.8 182
2440 太空梭|電子零組|45 24 27|82 82 19 15|0.4 14
2441 超豐|半導體業|21 16 2|97 97 63 58|0.8 1125
2442 新美齊|建材營造|-21 253 -818|65 73 -4 -26|0.5 43
2444 兆勁|通信網路|-26 -22 2|84 84 2 7|0.6 9
2449 京元電子|半導體業|37 36 1|94 94 27 50|0.9 10908
2450 神腦|通信網路|9 22 10|97 97 5 5|0.5 9
2451 創見|半導體業|470 482 241|72 72 24 43|0.8 1997
2453 凌群|資訊服務|7 6 -1|87 87 8 4|0.4 26
2454 聯發科|半導體業|5 5 -1|93 93 191 218|1.0 52706
2455 全新|通信網路|47 34 11|81 81 46 136|0.2 857
2457 飛宏|電子零組|-10 -11 -1|74 74 18 -4|0.8 243
2458 義隆|半導體業|4 10 11|96 96 49 45|2.6 729
2459 敦吉|其他電子|28 10 8|96 96 5 4|0.5 15
2460 建通|電子零組|72 60 33|89 89 46 87|1.4 55
2461 光群雷|其他電子|10 0 -1|85 85 -3 15|0.9 36
2462 良得電|電子零組|2 -6 -1|84 84 9 4|0.7 25
2464 盟立|其他電子|31 21 27|95 95 182 207|0.8 1841
2465 麗臺|電腦及週|135 131 67|80 80 37 17|0.3 103
2466 冠西電|光電業|-33 -36 -9|78 100 56 6|3.5 29
2467 志聖|電子零組|75 80 31|98 98 61 178|0.8 954
2468 華經|資訊服務|-25 -19 -18|50 78 4 -19|0.3 35
2471 資通|資訊服務|4 4 -5|95 96 5 5|0.5 10
2472 立隆電|電子零組|30 18 11|94 94 237 303|2.0 4386
2474 可成|其他電子|-48 -36 -26|79 79 8 4|0.8 1484
2476 鉅祥|電子零組|49 38 18|98 98 58 45|0.8 548
2478 大毅|電子零組|16 14 7|93 93 288 301|0.2 606
2480 敦陽科|資訊服務|16 11 -1|90 100 19 9|1.0 90
2481 強茂|半導體業|14 14 7|100 100 129 137|0.5 3585
2483 百容|電子零組|15 15 11|98 98 171 203|3.3 317
2484 希華|電子零組|5 0 -1|100 100 178 282|1.6 2329
2485 兆赫|通信網路|11 83 -26|64 64 -34 79|0.3 805
2486 一詮|光電業|31 24 11|75 75 75 151|0.7 1989
2488 漢平|其他電子|26 14 19|99 99 13 19|0.7 7
2489 瑞軒|光電業|9 11 8|74 74 34 185|0.4 1101
2491 吉祥全|光電業|6 -2 8|89 89 160 81|0.9 31
2492 華新科|電子零組|16 15 7|98 98 415 420|0.2 1828
2493 揚博|電子零組|25 5 3|100 100 200 220|0.3 720
2495 普安|電腦及週|87 62 44|93 93 50 60|0.7 582
2497 怡利電|汽車工業|36 24 25|86 86 20 20|0.4 44
2498 宏達電|通信網路|-22 -11 -0|59 86 12 -12|0.6 403
2501 國建|建材營造|-2 99 29|89 89 6 1|0.7 135
2504 國產|建材營造|-6 -9 -7|83 90 0 -6|1.9 178
2505 國揚|建材營造|-25 -77 -22676|89 89 -6 -10|0.5 6
2515 中工|建材營造|57 47 38|73 73 1 0|1.0 127
2520 冠德|建材營造|52 43 36|68 94 8 -2|0.9 80
2524 京城|建材營造|-1 -38 22|69 81 -5 -16|0.5 6
2527 宏璟|建材營造|-10 1294 1008|100 100 41 44|1.4 40
2528 皇普|建材營造|506 102 -304144|73 76 -11 -24|1.0 14
2530 華建|建材營造|-99 281 254|65 67 -18 -30|0.8 16
2534 宏盛|建材營造|-85 -90 -76|71 86 -9 -13|1.1 24
2535 達欣工|建材營造|1 2 -49|92 92 35 52|0.7 55
2536 宏普|建材營造|367 72 -2091|70 78 -6 -21|1.2 17
2537 聯上發|建材營造|128 21870 14768|87 87 6 -12|0.5 19
2539 櫻花建|建材營造|419 295 na|57 78 -18 -18|0.6 46
2540 愛山林|建材營造|-71 -27 -22|64 92 12 7|0.5 43
2542 興富發|建材營造|2114 2577 1640|93 93 22 8|0.7 710
2543 皇昌|建材營造|86 56 36|44 49 -34 -38|0.4 77
2545 皇翔|建材營造|-86 37 72|81 96 7 -2|0.6 14
2546 根基|建材營造|25 13 -29|96 96 20 8|0.6 15
2547 日勝生|建材營造|70 35 33|93 98 7 5|1.0 52
2548 華固|建材營造|9204 39836 20269|83 83 -9 -8|0.7 359
2597 潤弘|建材營造|20 13 -8|88 88 20 8|0.4 147
2603 長榮|航運業|31 6 26|84 84 0 8|0.9 4742
2605 新興|航運業|16 15 -5|69 69 -29 13|0.8 214
2606 裕民|航運業|42 33 22|86 86 7 1|0.6 334
2607 榮運|航運業|33 10 26|75 82 -4 -15|0.9 25
2608 嘉里大榮|航運業|-6 -1 -2|87 92 -0 -8|0.5 10
2609 陽明|航運業|22 10 31|74 77 -2 -4|0.6 1783
2610 華航|航運業|28 21 16|93 93 26 13|1.8 1467
2612 中航|航運業|12 9 8|72 78 0 -11|0.8 29
2613 中櫃|航運業|4 5 1|79 81 -6 -4|0.7 6
2614 東森|其他|-5 -6 -2|77 78 -12 -19|0.6 13
2615 萬海|航運業|23 8 23|79 90 2 -0|0.6 764
2617 台航|航運業|33 18 14|89 90 -1 -3|0.9 21
2618 長榮航|航運業|22 20 16|98 98 29 20|1.3 2426
2630 亞航|航運業|-29 -22 -21|72 94 10 -4|3.9 35
2633 台灣高鐵|航運業|4 5 1|92 95 1 -6|1.2 357
2634 漢翔|航運業|19 8 6|84 98 20 9|4.2 214
2636 台驊控股|航運業|11 6 24|94 98 3 5|0.8 29
2637 慧洋-KY|航運業|46 34 28|90 90 11 8|0.7 394
2640 大車隊|數位雲端|8 6 1|80 80 -13 19|1.1 6
2641 正德|航運業|-0 6 -28|80 86 2 -11|0.6 35
2645 長榮航太|航運業|11 12 -1|100 100 40 39|2.0 226
2646 星宇航空|航運業|41 35 13|80 88 0 -11|1.3 145
2704 國賓|觀光餐旅|-2 4 1|95 95 4 1|0.7 7
2707 晶華|觀光餐旅|2 3 -3|93 97 3 -0|0.6 29
2723 美食-KY|觀光餐旅|-5 -14 -2|78 87 -2 -6|0.9 22
2727 王品|觀光餐旅|15 12 4|99 99 8 14|1.2 126
2729 瓦城|觀光餐旅|11 9 5|82 89 -8 -10|1.8 9
2731 雄獅|觀光餐旅|10 10 4|88 88 4 -3|0.8 179
2739 寒舍|觀光餐旅|-3 3 1|92 98 13 6|1.7 6
2743 山富|觀光餐旅|6 -5 -10|66 79 -10 -17|0.8 7
2745 五福|觀光餐旅|23 17 2|74 97 0 0|0.8 25
2748 雲品|觀光餐旅|8 2 0|80 88 1 -7|0.7 5
2753 八方雲集|觀光餐旅|13 9 2|89 98 5 -2|1.7 87
2755 揚秦|觀光餐旅|16 17 -2|92 92 -4 14|1.5 6
2762 世界健身-KY|運動休閒|7 8 -3|92 92 15 14|1.3 12
2801 彰銀|金融保險|25 19 6|99 99 17 14|2.0 720
2812 台中銀|金融保險|28 35 19|85 94 -3 -7|0.7 334
2816 旺旺保|金融保險|-7 13 7|100 100 15 21|0.7 14
2820 華票|金融保險|89 61 -4|99 99 6 5|1.8 52
2832 台產|金融保險|14 3 3|100 100 31 20|0.9 20
2834 臺企銀|金融保險|23 11 6|98 98 17 9|1.0 830
2836 高雄銀|金融保險|14 4 -8|94 94 1 -3|0.7 24
2838 聯邦銀|金融保險|61 44 21|99 99 10 14|1.1 51
2845 遠東銀|金融保險|22 22 11|96 98 4 1|1.3 272
2850 新產|金融保險|19 10 4|98 98 28 27|0.5 81
2851 中再保|金融保險|-41 55 37|94 94 24 46|1.9 121
2852 第一保|金融保險|1 -3 -0|100 100 10 1|0.7 15
2855 統一證|金融保險|428 455 257|89 89 65 117|0.6 609
2880 華南金|金融保險|33 22 13|96 96 11 15|0.8 1337
2881 富邦金|金融保險|139 73 -53|91 91 47 29|1.1 5912
2882 國泰金|金融保險|200 63 39|85 85 40 28|1.7 5339
2883 凱基金|金融保險|275 99 855|95 95 52 65|1.0 3427
2884 玉山金|金融保險|25 28 3|96 96 8 2|1.3 2117
2885 元大金|金融保險|70 78 51|96 96 47 63|1.0 2063
2886 兆豐金|金融保險|18 12 6|99 99 20 13|1.7 1848
2887 台新新光金|金融保險|1119 509 305|100 100 44 60|0.7 3208
2889 國票金|金融保險|148 1280 933|84 84 -0 -10|1.4 115
2890 永豐金|金融保險|83 74 37|100 100 30 38|1.5 2316
2891 中信金|金融保險|32 31 -2|98 98 38 40|0.8 3697
2892 第一金|金融保險|19 17 4|100 100 18 12|1.4 1722
2897 王道銀行|金融保險|40 36 16|98 98 4 13|0.7 61
2903 遠百|貿易百貨|1 -0 -0|94 95 2 3|2.2 92
2905 三商|貿易百貨|-56 -10 -15|87 90 3 -9|0.7 11
2912 統一超|貿易百貨|5 5 1|86 91 -0 1|0.7 800
2913 農林|貿易百貨|-19 -13 -5|66 79 -12 -22|1.1 33
2915 潤泰全|貿易百貨|-22 -26 -3|92 93 10 -8|0.6 187
3002 歐格|電腦及週|49 24 -8|75 79 20 -17|1.4 12
3003 健和興|電子零組|53 34 23|94 94 36 35|0.7 112
3004 豐達科|鋼鐵工業|56 36 11|94 98 43 33|0.6 77
3005 神基|電腦及週|15 5 -3|68 82 9 -5|1.5 555
3006 晶豪科|半導體業|297 278 173|80 80 42 143|0.5 2569
3008 大立光|光電業|43 26 22|83 83 101 97|1.4 15303
3010 華立|電子通路|28 21 17|92 92 13 16|1.0 202
3011 今皓|電子零組|-40 -40 2|83 93 19 -4|1.0 21
3013 晟銘電|電腦及週|2 28 19|76 80 11 -18|0.3 235
3014 聯陽|半導體業|-8 -2 1|97 97 43 42|1.6 436
3015 全漢|電子零組|-10 -11 -15|95 95 30 23|1.0 167
3016 嘉晶|半導體業|37 30 20|80 80 136 139|2.4 1241
3017 奇鋐|電腦及週|61 81 -22|89 89 32 74|1.0 10658
3019 亞光|光電業|16 16 4|84 88 19 3|0.5 1227
3021 鴻名|電子零組|-10 11 8|76 76 101 80|1.6 18
3022 威強電|電腦及週|92 33 34|95 95 37 27|1.2 132
3023 信邦|電子零組|18 13 15|100 100 33 67|1.3 621
3024 憶聲|光電業|-58 -62 -14|68 68 21 8|0.3 18
3025 星通|通信網路|135 99 55|84 84 19 2|0.4 43
3026 禾伸堂|電子零組|21 14 8|100 100 558 796|0.3 1551
3027 盛達|通信網路|-8 -42 -8|68 78 17 -6|0.6 13
3028 增你強|電子通路|103 111 59|97 97 73 119|0.8 265
3029 零壹|資訊服務|27 23 5|82 86 6 -8|0.6 125
3030 德律|其他電子|15 31 -3|86 86 41 88|0.6 819
3031 佰鴻|光電業|32 24 13|100 100 57 74|1.3 47
3032 偉訓|電子零組|13 2 -47|68 86 28 3|0.5 87
3033 威健|電子通路|28 19 3|92 92 57 62|0.5 430
3034 聯詠|半導體業|9 0 8|95 95 42 44|1.2 2887
3035 智原|半導體業|-45 -53 -35|91 91 52 30|0.8 1834
3036 文曄|電子通路|153 117 58|72 72 0 49|0.9 3450
3037 欣興|電子零組|32 28 8|96 96 134 383|1.6 23703
3038 全台|光電業|-7 -5 7|86 86 8 -3|0.5 8
3040 遠見|其他|-14 -4 -1|51 66 -28 -33|0.9 8
3041 揚智|半導體業|98 43 33|88 90 30 12|1.0 74
3042 晶技|電子零組|10 5 3|86 86 127 153|0.8 6495
3043 科風|其他電子|4 1 17|78 87 10 -0|0.4 7
3044 健鼎|電子零組|47 33 16|88 88 49 62|0.8 2111
3045 台灣大|通信網路|4 4 3|98 98 8 11|1.2 1324
3046 建碁|電腦及週|4 33 9|84 84 16 2|0.7 27
3047 訊舟|通信網路|-8 -30 19|66 77 -2 -18|0.7 27
3048 益登|電子通路|62 37 29|87 87 91 66|0.5 663
3049 精金|光電業|-73 -64 -42|73 73 14 77|0.4 124
3050 鈺德|光電業|-5 -5 -4|81 81 -5 -10|0.9 13
3051 力特|光電業|37 5 13|88 88 38 46|0.5 46
3054 立萬利|食品工業|786 1337 855|68 68 -9 121|0.2 8
3055 蔚華科|電子通路|-75 94 70|100 100 128 68|1.2 171
3056 富華新|建材營造|2 -27 -19|43 80 -1 -19|0.6 31
3057 喬鼎|電腦及週|-25 36 21|79 79 25 -8|0.5 6
3059 華晶科|光電業|2 5 -10|77 95 38 18|1.3 468
3060 銘異|電腦及週|28 12 5|84 84 22 3|1.6 306
3062 建漢|通信網路|-33 1 -13|75 75 -18 2|0.3 125
3066 李洲|光電業|84 33 8|99 99 34 71|1.6 15
3071 協禧|電腦及週|39 33 23|92 92 17 40|0.4 24
3078 僑威|電子零組|-52 -51 -33|61 79 -3 -22|1.1 51
3081 聯亞|通信網路|119 108 7|63 63 8 226|0.7 4591
3083 網龍|文化創意|13 27 2|74 74 4 -19|0.6 6
3086 華義*|文化創意|57 13 6|75 75 -1 37|0.3 15
3088 艾訊|電腦及週|49 48 32|95 95 70 78|0.5 179
3090 日電貿|電子零組|20 27 4|94 94 249 234|0.1 485
3092 鴻碩|電子零組|16 3 16|87 87 18 98|1.1 15
3093 港建*|其他電子|-49 -53 -53|99 99 57 196|1.1 228
3094 聯傑|半導體業|16 9 5|85 85 74 60|1.6 164
3105 穩懋|半導體業|40 41 20|68 68 12 121|0.7 11400
3114 好德|電子零組|3 2 -8|78 78 76 82|2.7 99
3122 笙泉|半導體業|2 2 14|76 76 25 47|0.5 8
3128 昇銳|光電業|-24 -14 -3|53 80 -1 -19|1.1 5
3130 一零四|數位雲端|10 10 3|95 98 1 -1|1.9 10
3131 弘塑|半導體業|7 1 -44|100 100 19 140|0.5 1272
3135 凌航|半導體業|234 328 na|na 64 64 163|0.4 532
3138 耀登|通信網路|7 19 7|54 54 -30 5|0.3 103
3141 晶宏|半導體業|20 14 4|94 94 86 48|0.6 90
3147 大綜|資訊服務|812 288 187|70 70 57 48|2.4 245
3149 正達|光電業|-7 -17 -25|90 90 116 181|1.5 1313
3152 璟德|通信網路|18 6 19|76 76 26 25|0.6 326
3162 精確|電機機械|22 14 -11|84 84 37 43|0.2 116
3163 波若威|通信網路|30 23 -1|58 58 -21 92|0.4 2283
3167 大量|電機機械|120 127 24|89 89 128 278|0.2 542
3169 亞信|半導體業|3 -4 -6|87 87 20 13|0.4 38
3176 基亞|生技醫療|-20 -33 -22|86 86 6 5|0.6 19
3178 公準|半導體業|10 15 19|89 89 4 15|0.4 7
3188 鑫龍騰|建材營造|826 1056 474|78 78 -12 -13|0.5 8
3189 景碩|半導體業|33 28 -2|100 100 184 523|1.5 18379
3205 佰研|生技醫療|130 90 84|84 84 -14 0|0.3 11
3207 耀勝|電子零組|-5 2 -22|76 76 -4 -8|1.3 106
3209 全科|電子通路|32 43 27|71 71 39 82|0.3 129
3211 順達|電腦及週|-11 28 9|87 87 23 26|0.4 2698
3213 茂訊|電腦及週|79 53 41|94 94 31 27|0.8 113
3217 優群|電子零組|-18 -9 -13|85 85 17 10|0.8 161
3218 大學光|生技醫療|7 5 6|67 96 5 1|0.8 31
3219 倚強科|其他電子|38 25 -31|65 77 15 20|0.3 17
3221 台嘉碩|通信網路|15 8 4|100 100 81 202|1.0 772
3227 原相|半導體業|10 3 5|90 97 28 15|2.5 395
3228 金麗科|半導體業|38 12 13|70 70 36 43|0.7 89
3229 晟鈦|電子零組|60 63 32|76 76 110 52|0.4 23
3230 錦明|光電業|10 12 21|72 100 22 25|4.0 15
3231 緯創|電腦及週|39 90 -34|82 82 30 10|0.7 7422
3234 光環|通信網路|13 5 -2|83 83 46 148|0.6 438
3236 千如|電子零組|3 18 1|100 100 139 153|2.3 719
3257 虹冠電|半導體業|-43 -43 -55|90 91 36 -0|1.6 53
3260 威剛|半導體業|210 187 80|78 78 10 86|0.4 5239
3264 欣銓|半導體業|33 29 11|95 95 47 132|0.5 1601
3265 台星科|半導體業|22 28 10|94 94 27 49|0.5 257
3268 海德威|半導體業|4 15 14|94 94 52 26|1.0 9
3276 宇環|電子零組|67 49 52|94 99 21 10|1.4 6
3284 太普高|其他|1 -5 -0|98 98 50 36|3.8 37
3285 微端|其他電子|217 82 52|98 98 80 76|1.6 10
3287 廣寰科|電腦及週|16 6 -21|83 83 14 10|0.3 5
3289 宜特|其他電子|0 -5 -12|82 82 36 56|0.6 485
3290 東浦|電子零組|96 78 41|97 97 62 63|1.0 194
3293 鈊象|文化創意|12 15 0|96 100 8 16|1.1 1832
3294 英濟|電子零組|-14 -8 1|61 82 16 -8|0.7 61
3296 勝德|電子零組|25 6 8|96 96 35 19|1.3 9
3303 岱稜|其他電子|21 14 11|92 92 29 29|0.7 47
3305 昇貿|其他電子|71 68 28|81 81 27 23|0.3 517
3306 鼎天|通信網路|26 -4 -23|71 90 5 -4|1.2 13
3311 閎暉|通信網路|14 2 9|92 92 21 22|0.6 41
3312 弘憶股|電子通路|18 14 5|78 78 67 58|0.7 335
3317 尼克森|半導體業|-13 3 -1|91 91 76 98|0.9 344
3321 同泰|電子零組|36 18 7|89 89 55 26|1.2 28
3322 建舜電|電子零組|-10 13 8|80 80 6 -10|0.5 17
3323 加百裕|電腦及週|-4 -7 1|59 79 5 -19|0.3 35
3324 雙鴻|其他電子|94 75 10|80 80 12 0|0.5 2292
3338 泰碩|電子零組|3 1 8|83 83 27 49|0.2 64
3339 泰谷|光電業|-27 13 -28|60 60 10 62|0.3 101
3346 麗清|汽車工業|-3 -10 6|98 98 48 41|2.5 35
3354 律勝|電子零組|73 46 45|76 76 9 -5|0.2 12
3356 奇偶|光電業|-4 9 13|97 97 37 36|1.0 53
3357 臺慶科|電子零組|38 22 6|89 89 120 117|0.7 3118
3360 尚立|電子通路|126 51 8|94 94 51 68|5.8 33
3362 先進光|光電業|-14 -0 -0|89 89 102 104|1.8 1334
3363 上詮|通信網路|-25 -29 -39|54 54 -10 29|1.0 1981
3372 典範|半導體業|16 27 -4|78 78 6 -9|1.2 22
3374 精材|半導體業|43 28 15|97 97 98 126|0.9 2345
3376 新日興|電子零組|-17 -12 10|74 82 2 -5|0.7 1182
3379 彬台|電機機械|-62 -69 -125|44 62 -10 -35|0.5 8
3380 明泰|通信網路|-8 4 -5|80 80 -5 6|0.5 133
3388 崇越電|電子零組|23 27 22|72 72 32 41|0.3 48
3390 旭軟|電子零組|66 46 34|91 91 30 10|0.4 27
3402 漢科|其他電子|18 15 11|96 96 29 19|1.2 112
3406 玉晶光|光電業|30 23 5|83 83 50 55|1.0 3341
3413 京鼎|半導體業|17 17 1|92 98 19 17|1.4 627
3416 融程電|電腦及週|52 41 10|91 97 29 21|1.3 59
3430 奇鈦科|化學工業|6 31 9|75 75 99 126|0.7 147
3434 哲固|光電業|-32 -39 -12|60 82 3 -5|1.6 6
3437 榮創|光電業|8 -12 8|71 71 3 47|0.3 29
3438 類比科|半導體業|-15 -18 -8|87 87 56 24|0.4 21
3441 聯一光電|光電業|46 44 14|83 83 164 104|0.4 217
3443 創意|半導體業|132 107 29|88 88 134 150|0.9 9576
3444 利機|電子通路|-0 2 -2|75 75 38 30|0.3 43
3447 展達|通信網路|34 17 -6|45 70 -1 -26|0.7 11
3450 聯鈞|半導體業|50 23 27|84 84 112 97|0.5 5757
3455 由田|光電業|14 -24 -7|76 76 70 160|0.6 332
3466 德晉|通信網路|1974 1643 1235|65 75 -3 -22|0.7 12
3467 台灣精材|半導體業|37 34 27|80 80 50 20|0.3 10
3479 安勤|電腦及週|11 14 4|97 97 63 51|2.1 210
3481 群創|光電業|10 18 9|95 95 189 428|1.2 25096
3483 力致|電腦及週|-16 7 6|79 82 21 -1|0.3 50
3484 崧騰|電子零組|4 -6 -2|93 93 15 8|0.8 25
3490 單井|光電業|-2 12 8|78 78 30 35|0.3 29
3491 昇達科|通信網路|57 59 30|57 57 -16 84|0.8 2499
3498 陽程|其他電子|67 121 21|74 74 63 143|0.3 143
3501 維熹|電子零組|-7 -13 -1|69 69 -14 -18|1.7 23
3504 揚明光|光電業|16 13 11|84 84 52 49|0.7 181
3511 矽瑪|電子零組|27 8 15|89 89 26 17|0.5 17
3515 華擎|電腦及週|-16 -3 -40|66 82 11 -11|0.7 184
3516 亞帝歐|光電業|32 37 25|96 96 54 43|1.0 5
3518 柏騰|其他電子|-32 -37 -22|78 78 52 46|0.4 20
3520 華盈|電子零組|6 4 -9|87 90 20 1|0.7 13
3526 凡甲|電子零組|22 27 9|83 83 24 40|0.5 247
3527 聚積|半導體業|16 -8 4|90 91 24 10|0.8 20
3528 安馳|電子通路|67 94 3|70 70 58 45|0.7 75
3529 力旺|半導體業|12 18 9|63 63 13 74|0.7 1416
3530 晶相光|半導體業|27 39 13|87 87 25 -4|0.8 22
3532 台勝科|半導體業|24 18 12|100 100 207 329|0.2 268
3533 嘉澤|電子零組|9 16 4|76 76 5 67|0.5 2293
3535 晶彩科|光電業|2229 739 -1252|78 78 12 27|0.2 179
3537 堡達|電子零組|3 -1 -5|87 87 86 45|0.8 387
3540 曜越|電腦及週|-20 -21 -35|64 71 -6 -16|1.3 9
3543 州巧|光電業|3 -5 1|53 53 -38 -35|0.5 19
3545 敦泰|半導體業|-15 -14 6|80 91 18 8|0.6 85
3546 宇峻|文化創意|61 47 19|84 95 18 7|0.7 30
3548 兆利|電子零組|-7 -25 -6|65 72 5 -8|0.2 39
3550 聯穎|電子零組|37 31 20|90 90 90 129|1.3 264
3551 世禾|綠能環保|22 16 -3|89 89 21 1|0.3 135
3552 同致|其他電子|22 -0 -0|62 74 -14 -24|0.5 10
3555 博士旺|半導體業|904 2819 1102|70 70 28 129|0.4 34
3556 禾瑞亞|半導體業|29 17 4|95 95 75 107|1.4 74
3558 神準|通信網路|-9 -21 -21|75 91 22 2|0.5 36
3563 牧德|光電業|5 7 -46|83 83 4 58|0.3 477
3564 其陽|通信網路|17 11 5|62 76 11 -8|0.5 11
3570 大塚|資訊服務|16 5 -1|82 92 7 6|1.0 12
3576 聯合再生|光電業|28 -4 33|63 63 -21 84|0.5 331
3577 泓格|電腦及週|8 62 47|81 81 80 108|0.3 52
3580 友威科|其他電子|-14 12 30|86 86 39 61|0.3 166
3581 博磊|半導體業|2 30 9|51 51 117 99|0.9 64
3583 辛耘|半導體業|1 6 -6|94 94 100 175|0.7 1466
3587 閎康|其他電子|27 24 9|75 75 31 61|0.3 272
3588 通嘉|半導體業|22 22 23|87 87 42 36|2.1 34
3591 艾笛森|光電業|5 6 15|93 93 30 38|0.7 35
3592 瑞鼎|半導體業|18 11 16|78 99 29 23|1.4 199
3594 磐儀|電腦及週|53 55 23|99 99 44 50|1.8 14
3596 智易|通信網路|4 2 -5|82 97 27 13|1.3 369
3605 宏致|電子零組|15 12 5|94 94 57 41|0.9 159
3607 谷崧|電子零組|-8 -4 11|88 88 15 12|0.7 13
3609 三一東林|電子零組|19 17 -71|51 64 -1 -35|0.9 6
3611 鼎翰|電腦及週|7 2 -11|94 99 9 -1|1.5 8
3615 安可|光電業|-32 -30 -16|86 86 60 117|0.6 393
3617 碩天|其他電子|21 10 11|79 96 29 3|1.9 96
3622 洋華|光電業|-1 5 -14|81 84 5 -10|1.0 21
3624 光頡|電子零組|31 27 15|88 88 239 197|0.1 2176
3625 西勝|電腦及週|6 -8 -4|46 74 -4 -24|0.9 7
3628 盈正|其他電子|6 8 -5|73 94 13 6|0.7 17
3630 新鉅科|光電業|6 5 -13|71 77 7 6|0.7 84
3645 達邁|電子零組|-0 13 12|78 78 26 66|0.1 206
3652 精聯|電腦及週|42 29 14|87 87 39 30|1.9 24
3653 健策|電子零組|38 28 1|63 63 -10 25|0.9 6329
3661 世芯-KY|半導體業|-33 -37 16|83 83 79 38|0.9 6861
3663 鑫科|其他電子|-14 17 -17|85 85 17 48|0.4 181
3665 貿聯-KY|其他電子|41 27 -3|68 68 7 36|0.6 6655
3669 圓展|通信網路|-6 14 5|81 81 9 21|0.4 8
3673 TPK-KY|光電業|-3 9 9|81 81 76 84|0.5 1850
3675 德微|半導體業|24 19 17|88 88 117 201|0.3 360
3679 新至陞|電子零組|-14 -9 1|91 93 4 6|1.0 10
3680 家登|半導體業|16 15 -5|91 91 50 72|0.7 799
3685 元創精密|電機機械|6 57 36|63 70 -1 -30|1.0 13
3687 歐買尬|數位雲端|16 13 3|92 93 11 -5|0.9 21
3689 湧德|電子零組|20 35 17|86 86 8 6|0.3 190
3691 碩禾|光電業|131 154 50|86 86 43 84|0.7 404
3693 營邦|電腦及週|25 4 28|67 67 2 71|0.3 288
3694 海華|通信網路|-9 5 -15|64 92 23 8|1.3 81
3701 大眾控|電腦及週|-32 -31 -2|55 55 -22 -2|0.2 57
3702 大聯大|電子通路|83 50 30|89 89 25 89|1.2 1510
3703 欣陸|建材營造|3 -2 -10|88 89 -3 -6|0.9 32
3704 合勤控|通信網路|31 33 34|89 89 35 35|1.1 236
3705 永信|生技醫療|-3 -9 -5|83 93 -1 -6|1.0 14
3706 神達|電腦及週|49 41 -6|85 91 24 10|1.4 1776
3707 漢磊|半導體業|28 27 13|83 83 72 62|1.1 1305
3708 上緯投控|綠能環保|71 38 61|75 85 -6 -6|0.6 86
3709 鑫聯大投控|電腦及週|2 11 -21|79 79 16 49|0.5 72
3711 日月光投控|半導體業|29 21 8|100 100 114 200|1.1 13996
3712 永崴投控|電腦及週|11 -2 -17|36 64 -19 -30|0.5 13
3714 富采|光電業|8 2 9|78 78 39 92|0.3 943
3715 定穎投控|電子零組|69 47 26|85 85 -2 41|0.4 1495
3716 中化控股|生技醫療|-4 -4 na|96 97 6 3|0.8 9
3717 聯嘉投控|汽車工業|na na na|na 100 34 71|5.0 72
4104 佳醫|生技醫療|-1 10 4|83 89 -5 -11|0.6 18
4105 東洋|生技醫療|-4 7 0|95 95 5 -0|1.3 67
4107 邦特|生技醫療|14 11 6|88 92 -3 -6|1.1 8
4113 聯上|建材營造|55 -48 35|57 60 -12 -41|0.8 5
4114 健喬|生技醫療|13 15 2|80 94 1 -2|1.2 31
4119 旭富|生技醫療|-47 -39 -25|67 81 -12 -8|0.7 10
4123 晟德|生技醫療|8 31 24|77 77 -9 3|0.7 82
4127 天良|生技醫療|27 47 -8|97 97 94 131|0.4 19
4128 中天|生技醫療|4 5 -4|60 74 -8 -16|2.0 24
4129 聯合|生技醫療|20 16 -4|71 79 -7 -16|0.7 17
4137 麗豐-KY|生技醫療|-15 -2 -10|95 95 6 11|1.4 23
4142 國光生|生技醫療|52 876 610|81 84 -5 -11|1.0 20
4147 中裕|生技醫療|43 22 13|67 98 12 3|1.3 111
4155 訊映|生技醫療|-3 -8 5|91 98 17 3|0.8 6
4162 智擎|生技醫療|52 19 3|85 85 6 -12|2.4 32
4163 鐿鈦|生技醫療|8 5 -1|92 92 20 42|1.0 20
4164 承業醫|生技醫療|80 35 7|57 77 -2 -24|0.8 25
4166 友霖|生技醫療|-1 14 na|na 90 -2 1|0.6 6
4167 松瑞藥|生技醫療|-23 -17 -16|93 93 -4 16|1.1 21
4168 醣聯|生技醫療|-100 na na|83 86 7 -8|0.7 7
4174 浩鼎|生技醫療|-60 -34 -58|41 50 -23 -48|1.8 11
4303 信立|塑膠工業|0 16 -134|56 73 -18 -26|0.7 21
4306 炎洲|塑膠工業|40 26 25|98 98 16 10|1.0 38
4417 金洲|紡織纖維|-3 -11 -8|85 89 -4 -11|0.9 6
4441 振大環球|紡織纖維|-35 4 na|na 69 1 -21|1.0 16
4503 金雨|電機機械|18 54 -41|69 89 8 3|2.1 7
4506 崇友|電機機械|1 5 -1|91 100 4 1|1.3 7
4510 高鋒|電機機械|-3 26 10|75 76 -2 -2|0.3 57
4513 福裕|電機機械|34 16 -6|70 72 -3 -11|0.5 9
4523 永彰|電機機械|72 32 5|75 85 1 1|1.3 5
4526 東台|電機機械|50 2 14|92 92 29 39|0.6 221
4532 瑞智|電機機械|17 6 19|100 100 16 24|4.2 30
4533 協易機|電機機械|10 15 13|69 69 -5 31|0.4 35
4534 慶騰|電機機械|36 31 25|87 87 34 106|0.4 88
4536 拓凱|運動休閒|21 -1 7|86 98 12 3|0.8 35
4540 全球傳動|電機機械|23 44 4|73 73 38 62|0.2 135
4541 晟田|其他|10 46 24|91 100 43 41|2.1 64
4542 科嶠|電子零組|58 32 -47|100 100 223 426|0.5 170
4543 萬在|電機機械|0 19 -0|78 78 13 18|0.4 12
4545 銘鈺|電子零組|-21 -7 -4|89 89 26 -10|0.6 10
4549 桓達|電機機械|-2 -6 -0|69 73 2 -10|0.4 27
4551 智伸科|汽車工業|27 22 17|94 94 81 101|1.0 269
4555 氣立|電機機械|18 7 0|85 85 41 27|0.6 19
4556 旭然|其他|2 -2 -7|93 93 174 211|0.2 24
4560 強信-KY|電機機械|22 13 10|85 89 2 1|0.8 8
4561 健椿|電機機械|15 15 18|69 69 20 17|0.3 13
4562 穎漢|電機機械|-48 -11 5|56 74 14 -8|0.2 14
4563 百德|電機機械|-34 -15 9|62 62 4 -0|0.3 7
4564 元翎|電機機械|-43 -42 -13|76 76 -15 -6|0.9 10
4566 時碩工業|電機機械|10 9 7|84 84 11 4|0.4 45
4569 六方科-KY|汽車工業|15 8 -7|80 84 36 12|0.4 15
4571 鈞興-KY|電機機械|7 3 4|75 75 17 7|0.3 64
4572 駐龍|電機機械|22 7 18|82 92 5 -5|0.8 5
4576 大銀微系統|電機機械|48 46 16|75 75 63 98|0.3 371
4577 達航科技|其他電子|30 59 29|49 49 -17 55|0.5 61
4583 台灣精銳|電機機械|7 15 12|72 76 -3 -3|0.5 58
4585 達明|其他電子|27 15 na|na 77 7 -12|0.4 76
4588 玖鼎電力|其他電子|33 -3 -63|82 82 6 -3|0.8 6
4590 富田-創|電機機械|11 -16 na|na na 11 na|1.2 15
4707 磐亞|化學工業|-5 -23 -11|93 93 151 168|3.2 96
4714 永捷|化學工業|81 92 1|58 67 -12 -28|0.8 12
4716 大立|化學工業|-19 -1 8|93 93 63 33|5.7 30
4720 德淵|化學工業|15 20 20|81 81 37 58|0.6 47
4721 美琪瑪|化學工業|2 30 4|89 89 24 27|0.4 158
4722 國精化|化學工業|-7 -5 2|90 90 73 47|0.8 680
4726 永昕|生技醫療|-40 113 62|63 71 -19 -17|0.9 6
4729 熒茂|光電業|-7 -1 -3|81 81 13 -8|0.7 16
4736 泰博|生技醫療|-15 9 15|91 91 2 2|0.5 17
4739 康普|化學工業|141 114 9|86 86 45 62|0.6 613
4741 泓瀚|化學工業|30 20 21|70 70 38 169|0.3 68
4743 合一|生技醫療|2 77 41|66 69 -5 -10|1.3 106
4744 皇將|生技醫療|26 -11 -30|65 65 -35 -13|0.1 9
4746 台耀|生技醫療|-5 -12 -10|77 87 0 -13|0.9 34
4749 新應材|半導體業|10 10 -9|78 78 14 12|0.4 956
4755 三福化|化學工業|-6 -9 -2|78 78 -6 18|0.6 64
4760 勤凱科技|其他電子|65 67 28|72 72 78 95|0.5 526
4763 材料*-KY|化學工業|-23 -33 1|49 87 14 -10|1.7 366
4764 雙鍵|化學工業|42 38 27|86 86 158 165|0.4 449
4766 南寶|化學工業|12 15 13|85 96 21 16|0.7 195
4768 晶呈科技|化學工業|64 137 35|68 68 -15 -4|0.4 249
4770 上品|化學工業|-26 11 20|69 81 2 -5|0.4 78
4771 望隼|生技醫療|33 33 6|94 94 8 11|0.7 27
4772 台特化|化學工業|241 247 24|73 73 -1 -8|0.4 246
4807 日成-KY|貿易百貨|49 52 35|83 83 162 112|1.2 20
4903 聯光通|通信網路|26 32 -126|75 75 -9 -16|0.8 59
4904 遠傳|通信網路|14 10 1|92 92 13 18|2.1 1452
4906 正文|通信網路|-12 -25 13|77 77 15 47|0.3 579
4908 前鼎|通信網路|38 16 4|59 59 71 113|0.5 389
4909 新復興|通信網路|-13 11 73|63 63 -20 -27|0.4 34
4912 聯德控股-KY|電子零組|31 23 9|75 75 -3 4|0.4 44
4915 致伸|電子零組|13 10 2|80 84 1 -8|1.8 391
4916 事欣科|電腦及週|104 59 30|90 90 101 88|0.8 741
4919 新唐|半導體業|2 -1 3|77 77 89 226|0.6 2028
4923 力士|半導體業|20 18 -3|92 92 60 102|0.5 56
4927 泰鼎-KY|電子零組|4 -5 6|75 75 16 36|0.3 321
4931 新盛力|電腦及週|179 104 51|84 84 81 33|0.3 2172
4933 友輝|光電業|-10 -4 0|86 86 18 13|0.3 21
4934 太極|光電業|281 181 131|85 85 9 21|1.2 26
4935 茂林-KY|光電業|-34 -33 -3|73 88 4 -9|0.8 7
4938 和碩|電腦及週|12 -1 5|88 88 13 25|1.1 2250
4939 亞電|電子零組|21 9 13|85 85 118 59|0.8 620
4946 辣椒|文化創意|18 -25 -570|55 66 -3 -1|0.7 6
4949 有成精密|光電業|26 37 22|70 70 14 94|0.4 108
4951 精拓科|半導體業|-0 3 -1|70 70 47 50|0.7 67
4952 凌通|半導體業|20 14 17|93 93 45 58|1.1 72
4953 緯致|資訊服務|29 31 9|89 89 16 6|0.6 91
4956 光鋐|光電業|-1 9 3|69 69 19 68|0.3 73
4958 臻鼎-KY|電子零組|37 19 14|94 94 194 322|1.0 22159
4960 誠美材|光電業|-7 -12 -5|55 55 1 80|0.4 190
4961 天鈺|半導體業|0 -0 13|79 95 11 17|0.7 150
4966 譜瑞-KY|半導體業|1 0 3|72 72 34 12|0.6 1038
4967 十銓|半導體業|113 104 52|82 82 26 64|0.4 1681
4968 立積|半導體業|7 3 -4|68 88 13 -12|0.7 106
4971 IET-KY|半導體業|1 14 -33|54 54 -16 55|0.7 695
4973 廣穎電通|半導體業|187 131 89|76 76 138 330|0.5 586
4974 亞泰|電子零組|2 -2 18|76 93 4 4|0.6 20
4976 佳凌|光電業|-5 -1 6|63 82 32 20|1.7 117
4977 眾達-KY|通信網路|-11 -25 1|58 58 -17 14|0.2 426
4979 華星光|通信網路|21 16 2|63 63 17 49|1.2 1716
4989 榮科|電子零組|34 39 3|79 79 42 116|0.5 517
4991 環宇-KY|半導體業|54 54 4|62 62 25 136|0.2 1548
5009 榮剛|鋼鐵工業|3 -1 6|82 82 4 2|1.3 117
5011 久陽|鋼鐵工業|-13 -18 -17|93 93 88 146|2.8 41
5202 力新|資訊服務|-15 -6 -5|66 83 12 -12|0.5 7
5203 訊連|資訊服務|-15 -8 -19|64 76 11 -24|1.0 24
5209 新鼎|其他|-33 -26 -15|92 95 3 2|1.4 9
5210 寶碩|資訊服務|77 20 -2|90 90 36 32|2.5 20
5213 亞昕|建材營造|211 46 -81|81 90 -6 3|0.3 15
5215 科嘉-KY|電腦及週|31 40 26|87 87 19 26|0.5 7
5222 全訊|半導體業|-12 -14 8|78 83 -2 -7|0.9 52
5225 東科-KY|其他電子|12 -1 11|69 74 -6 -22|0.7 19
5227 立凱-KY|電子零組|-97 -87 -19|80 80 47 35|0.9 16
5228 鈺鎧|電子零組|52 65 25|93 93 201 283|0.9 162
5230 雷笛克光學|光電業|9 -1 7|87 87 31 13|5.1 20
5234 達興材料|光電業|11 6 -4|86 86 21 17|0.5 171
5236 凌陽創新|半導體業|19 29 21|92 92 38 55|0.5 48
5243 乙盛-KY|光電業|-3 -5 10|74 74 21 22|0.4 339
5244 弘凱|光電業|10 -6 -3|71 71 -5 -11|0.1 7
5251 天鉞電|光電業|18 26 14|51 82 9 -18|2.8 9
5258 虹堡|電腦及週|36 26 18|65 72 11 -28|0.5 30
5263 智崴|文化創意|61 66 55|79 79 9 6|0.4 17
5269 祥碩|半導體業|-19 1 -59|75 92 38 26|0.7 1626
5272 笙科|半導體業|3 -16 -10|77 77 -5 1|0.4 5
5274 信驊|半導體業|69 71 33|89 89 47 149|1.1 4263
5278 尚凡*|數位雲端|15 18 -1|56 78 4 -14|0.7 7
5283 禾聯碩|電器電纜|-2 -1 2|63 86 -1 -14|1.0 6
5284 jpp-KY|其他|43 48 -8|83 83 42 28|0.4 278
5285 界霖|半導體業|19 15 8|86 86 101 93|1.8 401
5287 數字|數位雲端|-3 -4 -3|86 91 -7 -8|1.0 8
5288 豐祥-KY|電機機械|69 39 34|93 93 28 38|0.5 39
5289 宜鼎|電腦及週|641 570 319|79 79 65 209|0.8 6354
5291 邑昇|電子零組|15 42 24|74 74 -18 113|0.3 34
5292 華懋|綠能環保|45 5 -12|83 83 -8 52|0.4 31
5299 杰力|半導體業|2 2 14|94 94 60 74|1.3 64
5302 太欣|半導體業|107 86 -13|85 85 12 36|1.4 15
5306 桂盟|運動休閒|9 6 13|91 91 -0 1|0.4 13
5309 系統電|電子零組|15 6 -5|78 78 14 -8|0.4 385
5314 世紀*|其他|157 143 -281|47 65 -14 -33|2.1 158
5315 光聯|光電業|-14 -8 -15|89 89 1 -5|1.2 11
5321 美而快|數位雲端|-18 -21 -0|81 81 131 53|2.0 22
5328 華容|電子零組|23 15 12|100 100 243 271|1.8 1887
5340 建榮|電子零組|25 18 2|69 69 -9 37|0.4 178
5347 世界|半導體業|19 12 4|93 93 86 108|1.3 4810
5351 鈺創|半導體業|605 474 269|82 82 24 87|0.7 2496
5353 台林|通信網路|34 19 13|93 93 30 20|0.8 7
5371 中光電|光電業|6 10 2|68 84 20 -1|3.8 354
5381 光譜|電機機械|39 6 -2|73 73 3 -3|0.7 98
5386 青雲|電腦及週|413 455 209|72 72 54 440|0.7 703
5388 中磊|通信網路|70 74 45|74 85 9 1|0.6 322
5392 能率|光電業|4 3 6|76 86 25 -3|2.1 205
5403 中菲|資訊服務|11 -6 -5|78 85 -5 -16|0.4 8
5410 國眾|資訊服務|199 141 102|91 91 45 44|0.6 48
5425 台半|半導體業|12 5 -3|91 91 128 133|0.5 2165
5426 振發|電腦及週|7 5 1|87 87 79 74|1.6 101
5432 新門|綠能環保|-20 -6 -25|87 87 21 -8|2.1 51
5434 崇越|電子通路|19 22 7|97 97 75 79|2.5 508
5439 高技|電子零組|58 48 -76|72 72 14 -2|0.3 679
5443 均豪|半導體業|-44 15 -1|90 90 24 45|0.7 213
5452 佶優|其他電子|6 -0 14|91 91 14 48|1.5 71
5457 宣德|電子零組|4 -1 0|67 83 -3 -15|0.6 33
5464 霖宏|電子零組|46 47 36|95 95 263 321|1.2 108
5468 凱鈺|半導體業|35 91 32|85 85 76 63|1.4 11
5469 瀚宇博|電子零組|4 19 -19|78 81 9 -10|2.2 304
5471 松翰|半導體業|27 26 18|94 94 60 80|1.0 225
5474 聰泰|電腦及週|-7 -6 -30|79 84 32 7|0.3 77
5475 德宏|電子零組|215 147 57|57 57 -7 148|0.5 484
5478 智冠|文化創意|8 12 7|96 96 4 13|0.6 21
5483 中美晶|半導體業|6 5 6|100 100 87 97|1.1 2256
5484 慧友|光電業|152 62 -30|78 78 11 16|0.4 34
5488 松普|電子零組|19 44 36|90 90 28 32|0.5 7
5489 彩富|其他電子|16 21 19|91 91 57 54|5.4 12
5490 同亨|電腦及週|24 15 -0|79 95 5 5|1.1 14
5493 三聯|其他電子|19 18 0|91 91 19 -3|0.8 26
5498 凱崴|電子零組|86 63 22|71 71 10 27|0.2 276
5508 永信建|建材營造|116 42 64|46 80 7 -21|0.5 62
5511 德昌|建材營造|14 12 -14|100 100 7 21|1.6 20
5515 建國|建材營造|22 38 16|98 98 23 23|1.0 28
5519 隆大|建材營造|89 20 -101|98 98 5 4|0.9 22
5521 工信|建材營造|28 13 2|38 38 -16 -55|0.5 39
5522 遠雄|建材營造|192 317 -156|85 85 -1 -14|1.7 146
5530 龍巖|其他|-44 -12 -1|74 83 4 1|0.4 34
5534 長虹|建材營造|453 153 143|91 91 1 -7|0.5 156
5536 聖暉*|其他電子|28 34 3|99 99 92 71|0.6 1303
5607 遠雄港|航運業|39 38 9|90 90 12 2|0.6 34
5608 四維航|航運業|14 6 13|69 76 -11 -20|0.7 18
5609 中菲行|航運業|39 18 17|98 98 4 3|0.8 22
5706 鳳凰|觀光餐旅|-2 -15 -11|84 90 1 2|1.4 22
5864 致和證|金融業|350 779 -3045|86 86 96 215|0.9 400
5871 中租-KY|其他|1 -2 3|92 93 5 4|0.9 1539
5876 上海商銀|金融保險|5 -2 -1|90 99 9 3|1.1 567
5880 合庫金|金融保險|5 11 -3|97 99 6 0|1.1 614
5904 寶雅|居家生活|19 19 8|100 100 37 55|1.1 275
6005 群益證|金融保險|156 170 99|84 84 37 55|0.6 704
6015 宏遠證|金融業|343 1787 1229|76 76 38 68|0.6 84
6016 康和證|金融業|231 472 -3586|78 78 71 115|0.6 303
6021 美好證|金融業|831 1985 1320|91 91 46 73|0.4 20
6023 元大期貨|金融業|80 35 26|99 99 3 7|1.9 32
6024 群益期|金融保險|-201 -76 -54|99 99 10 19|0.6 31
6026 福邦證|金融業|6 193 60|92 92 21 34|1.5 80
6101 寬魚國際|文化創意|224 248 -760|94 94 18 21|4.8 16
6104 創惟|半導體業|2 -3 -9|67 92 14 8|0.8 218
6108 競國|電子零組|27 30 30|75 75 12 25|0.4 18
6111 光聚晶電|文化創意|254 173 54|82 87 0 -12|0.5 11
6112 邁達特|資訊服務|14 27 2|75 85 4 -7|0.7 37
6113 亞矽|電子通路|67 51 40|89 89 32 29|0.6 14
6115 鎰勝|電子零組|25 15 9|97 97 4 2|0.8 13
6116 彩晶|光電業|-10 1 -8|81 81 131 147|1.4 1384
6117 迎廣|電腦及週|-7 10 -7|69 77 6 -12|0.3 27
6118 建達|電子通路|-13 -10 -17|65 80 -2 -19|0.5 5
6120 達運|光電業|-10 -9 9|88 88 17 10|0.6 63
6121 新普|電腦及週|4 4 2|96 96 20 11|2.0 495
6122 擎邦|電機機械|-17 -13 -11|78 78 -2 -2|0.8 10
6123 上奇|資訊服務|-6 -11 -1|80 92 1 -9|0.9 5
6125 廣運|電機機械|79 62 10|67 77 10 -19|0.4 104
6126 信音|電子零組|56 48 23|82 82 21 14|0.7 156
6127 九豪|電子零組|6 2 10|100 100 140 170|1.0 997
6129 普誠|半導體業|27 42 18|93 93 24 29|2.6 18
6133 金橋|電子零組|5 2 -11|83 83 7 10|0.6 27
6134 萬旭|電子零組|64 48 12|86 86 22 19|0.6 50
6136 富爾特|通信網路|-25 16 -15|90 90 4 3|0.3 6
6138 茂達|半導體業|15 15 -5|97 97 82 75|1.8 281
6139 亞翔|其他電子|103 74 -7|95 95 74 58|1.5 4550
6141 柏承|電子零組|32 20 19|85 85 98 252|0.8 55
6143 振曜|通信網路|-7 8 -11|65 81 4 -19|0.8 53
6146 耕興|其他電子|14 10 7|85 85 6 28|0.5 74
6147 頎邦|半導體業|19 18 11|73 73 164 326|0.7 7767
6148 驊宏資|資訊服務|27 -8 -84|53 76 -7 -25|0.3 20
6150 撼訊|電腦及週|-54 -55 -98|66 80 11 -6|0.3 24
6151 晉倫|其他電子|12 13 9|79 79 20 43|0.3 22
6152 百一|通信網路|79 58 56|60 60 -16 11|0.3 21
6153 嘉聯益|電子零組|10 -1 17|83 83 28 32|1.0 433
6155 鈞寶|電子零組|43 22 12|89 89 100 95|0.9 1588
6156 松上|電子零組|35 17 16|100 100 64 42|3.4 76
6161 捷波|電腦及週|83 47 18|81 81 33 15|0.3 13
6163 華電網|資訊服務|47 33 3|66 66 -18 -18|0.2 86
6164 華興|光電業|-26 -15 -1|100 100 25 14|1.6 11
6165 浪凡|數位雲端|9 5 -7|77 89 6 -3|0.4 20
6166 凌華|電腦及週|79 57 26|82 82 125 100|0.7 381
6167 久正|光電業|1 9 -10|75 75 -6 6|0.9 8
6168 宏齊|光電業|3 4 -3|85 85 32 49|0.8 154
6170 統振|通信網路|-4 -0 -4|97 98 3 5|1.0 18
6173 信昌電|電子零組|26 20 8|100 100 498 410|0.2 454
6174 安碁|電子零組|25 30 4|99 99 147 161|1.0 193
6175 立敦|電子零組|25 20 20|93 93 134 110|1.0 1407
6176 瑞儀|光電業|-12 -8 1|62 66 -2 -29|0.8 894
6177 達麗|建材營造|149 189 -199|83 83 -2 -10|0.8 79
6179 亞通|其他|122 85 49|77 87 10 -7|0.9 43
6180 橘子|文化創意|5 -13 2|70 90 13 -6|2.1 94
6182 合晶|半導體業|12 8 -3|100 100 335 336|1.9 2429
6186 新潤|建材營造|-79 -37 -33|64 74 10 -26|0.8 45
6187 萬潤|半導體業|44 30 34|77 77 19 206|0.4 1992
6188 廣明|電腦及週|-12 -16 -24|61 67 -9 -23|1.1 135
6189 豐藝|電子通路|6 3 13|74 99 26 23|0.9 186
6190 萬泰科|通信網路|30 27 20|91 91 58 83|0.4 340
6191 精成科|電子零組|-2 26 -37|71 87 17 -12|2.4 932
6192 巨路|其他電子|-15 6 9|90 90 10 18|0.5 31
6196 帆宣|其他電子|65 43 42|100 100 112 113|0.7 1075
6197 佳必琪|電子零組|42 20 4|93 93 120 150|0.8 1572
6199 天品|其他|724 1173 616|81 86 -5 -4|1.0 64
6202 盛群|半導體業|7 11 4|87 87 38 70|1.1 461
6203 海韻電|電子零組|-42 -41 -74|77 87 0 -1|0.4 11
6204 艾華|電子零組|8 2 5|96 96 102 47|1.4 124
6205 詮欣|電子零組|-7 -15 -2|76 76 47 87|0.2 129
6206 飛捷|電腦及週|45 36 23|88 88 31 36|0.3 146
6207 雷科|電子零組|30 16 25|97 97 222 239|0.6 1816
6208 日揚|半導體業|12 -1 0|87 87 77 106|1.2 114
6209 今國光|光電業|71 71 6|81 81 62 22|0.6 1404
6213 聯茂|電子零組|29 19 6|97 97 142 221|1.1 3747
6214 精誠|資訊服務|46 35 11|87 87 30 7|0.8 313
6215 和椿|其他電子|38 58 3|69 80 14 2|0.3 127
6216 居易|通信網路|-21 -33 -4|76 78 -9 -15|0.7 6
6217 中探針|電子零組|51 30 4|77 77 37 394|1.3 1631
6218 豪勉|通信網路|-39 15 -7|80 80 35 33|0.5 26
6220 岳豐|電子零組|60 17 25|76 76 5 33|1.2 39
6223 旺矽|半導體業|58 50 15|93 93 78 184|0.7 5881
6224 聚鼎|電子零組|-6 -3 6|89 89 122 105|0.8 109
6226 光鼎|光電業|-2 5 11|100 100 91 211|4.9 29
6227 茂綸|電子通路|18 35 4|88 88 30 46|0.3 79
6229 研通|半導體業|77 73 42|86 86 30 23|0.5 7
6230 尼得科超眾|電腦及週|22 15 4|68 68 -10 5|0.4 10
6231 系微|資訊服務|13 14 7|81 81 5 32|0.5 225
6233 旺玖|半導體業|8 3 14|82 82 0 15|0.7 10
6234 高僑|光電業|34 33 26|74 74 64 64|0.5 61
6235 華孚|電腦及週|-2 -7 -29|53 62 -15 -35|0.6 30
6237 驊訊|半導體業|34 63 36|78 78 24 6|0.4 34
6239 力成|半導體業|30 33 10|89 89 79 105|1.1 8936
6241 鑫永洋|通信網路|23 4 8|93 93 33 13|1.5 6
6243 迅杰|半導體業|-58 -55 -23|90 90 45 6|1.9 14
6244 茂迪|光電業|32 19 15|74 74 6 18|0.5 219
6245 立端|通信網路|14 21 24|87 87 15 18|0.5 64
6257 矽格|半導體業|24 22 10|100 100 64 148|0.8 2431
6259 百徽|電子零組|41 32 10|94 94 131 109|1.7 88
6261 久元|半導體業|5 2 -9|70 70 30 40|0.2 158
6263 普萊德|通信網路|6 6 4|88 88 34 25|1.2 76
6265 方土昶|電子通路|1076 824 467|79 79 37 108|0.4 485
6266 泰詠|電子零組|-7 -10 -9|85 87 -5 -7|0.7 9
6269 台郡|電子零組|-6 1 3|75 75 15 13|1.3 912
6270 倍微|電子通路|1 -1 -4|92 92 62 82|2.5 117
6271 同欣電|半導體業|8 1 5|100 100 107 113|2.6 2152
6272 驊陞|電子零組|-19 -24 na|na 65 7 -39|0.5 12
6274 台燿|電子零組|128 100 48|89 89 174 242|0.9 9622
6275 元山|電子零組|0 -6 -14|81 81 6 -7|0.6 25
6277 宏正|電腦及週|9 7 5|86 86 1 14|0.3 19
6278 台表科|光電業|2 1 -5|84 84 124 119|0.7 1968
6279 胡連|電子零組|29 9 3|84 90 8 -7|0.4 65
6282 康舒|電子零組|26 26 15|82 82 28 42|0.6 2485
6283 淳安|其他電子|9 22 10|72 86 15 -12|0.6 7
6284 佳邦|電子零組|-12 -12 -8|85 85 32 34|0.8 552
6285 啟碁|通信網路|35 18 14|79 79 49 148|0.3 3816
6290 良維|電子零組|9 10 -7|84 84 60 67|0.4 1330
6291 沛亨|半導體業|16 34 1|79 79 52 170|1.0 492
6292 迅德|電子零組|80 50 33|98 98 51 69|0.9 23
6405 悅城|光電業|230 18 79|73 73 93 126|0.6 60
6409 旭隼|其他電子|0 -12 2|87 100 56 17|1.6 1577
6411 晶焱|半導體業|18 11 13|86 86 36 28|0.7 152
6412 群電|電子零組|-10 -9 3|79 93 36 4|0.7 351
6414 樺漢|電腦及週|35 26 22|96 96 42 29|0.7 677
6415 矽力*-KY|半導體業|32 24 14|87 87 109 204|0.3 2501
6416 瑞祺電通|通信網路|16 6 12|86 86 3 -6|0.7 18
6417 韋僑|通信網路|22 23 11|89 89 27 29|0.3 12
6419 京晨科|光電業|369 291 240|75 75 55 56|0.3 43
6423 億而得|半導體業|17 -6 -6|66 66 2 -5|0.6 11
6425 易發|電機機械|45 28 2|69 69 13 -23|0.2 68
6426 統新|通信網路|70 72 10|66 66 39 77|0.3 229
6432 今展科|電子零組|29 9 2|88 88 137 129|1.4 364
6435 大中|半導體業|22 16 -2|98 98 134 222|1.7 212
6438 迅得|其他電子|10 19 -5|84 92 2 23|0.6 112
6442 光聖|通信網路|116 58 12|66 66 -17 31|0.9 3245
6443 元晶|光電業|-40 -40 14|66 66 -16 29|0.4 479
6446 藥華藥|生技醫療|108 80 22|100 100 127 174|1.2 3132
6449 鈺邦|電子零組|12 18 -7|76 76 136 119|1.4 600
6451 訊芯-KY|半導體業|5 -8 -17|72 72 77 215|1.4 3934
6456 GIS-KY|光電業|-51 -34 -22|70 70 23 46|0.5 479
6462 神盾|半導體業|136 83 33|74 75 7 -6|0.7 135
6465 威潤|通信網路|170 111 -46|87 87 40 62|0.6 36
6469 大樹|生技醫療|3 3 -3|52 75 -8 -21|0.6 34
6472 保瑞|生技醫療|40 6 16|50 68 -4 -15|1.1 641
6477 安集|光電業|-1 29 12|75 84 3 -9|2.1 30
6485 點序|半導體業|-6 -13 -11|65 65 4 3|0.2 75
6486 互動|通信網路|-24 20 12|91 91 -3 -3|0.4 6
6488 環球晶|半導體業|-3 -4 4|99 99 170 184|0.3 2012
6491 晶碩|生技醫療|37 25 10|97 99 23 21|1.1 157
6492 生華科|生技醫療|-4 -4 -9|65 65 -13 3|0.4 7
6494 九齊|半導體業|79 51 35|94 94 53 80|0.6 30
6498 久禾光|光電業|29 37 14|74 86 13 6|0.9 21
6499 益安|生技醫療|-6 -3 -29|48 57 -23 -30|0.7 26
6505 台塑化|油電燃氣|27 23 22|80 80 -1 11|1.0 440
6509 聚和|化學工業|-5 4 3|100 100 16 57|0.9 107
6510 精測|半導體業|34 30 9|78 78 4 37|0.7 2292
6515 穎崴|半導體業|120 80 47|82 82 24 244|0.9 3011
6517 保勝光學|光電業|-35 -12 -1|87 87 27 3|1.3 151
6525 捷敏-KY|半導體業|19 16 3|89 89 98 112|1.4 400
6526 達發|半導體業|13 11 8|93 93 52 61|0.6 550
6530 創威|通信網路|25 18 2|64 64 -4 32|0.2 74
6531 愛普*|半導體業|89 98 32|81 81 119 135|0.7 5069
6532 瑞耘|半導體業|36 19 28|83 83 30 70|0.2 45
6533 晶心科|半導體業|2 22 -2|60 77 13 -19|0.4 91
6534 正瀚-創|生技醫療|7 5 -18|79 88 4 4|0.2 5
6535 順藥|生技醫療|-65 -81 -1034|31 51 -30 -48|0.7 21
6538 倉和|電子零組|-12 -19 11|100 100 98 110|1.9 95
6541 泰福-KY|生技醫療|208 419 -1704|62 69 2 -33|1.8 17
6546 正基|通信網路|0 -3 6|77 77 1 9|0.4 37
6547 高端疫苗|生技醫療|-25 -13 -8|74 74 -23 20|0.9 83
6548 長科*|半導體業|37 27 12|84 84 80 109|1.1 721
6550 北極星藥業-KY|生技醫療|249 44 -100|31 38 -30 -57|0.9 19
6552 易華電|半導體業|-15 -25 6|80 80 15 17|0.4 9
6558 興能高|其他電子|-17 1 16|51 75 5 -26|0.4 15
6561 是方|通信網路|-25 -8 -3|76 88 -3 -4|1.2 36
6568 宏觀|半導體業|-16 27 16|59 59 -25 24|0.3 41
6569 醫揚|生技醫療|50 30 21|68 87 13 -2|0.6 11
6570 維田|電腦及週|32 24 12|79 79 36 34|0.5 11
6573 虹揚-KY|半導體業|-10 -17 -2|97 97 66 40|2.9 13
6574 霈方|生技醫療|39 24 8|85 85 9 69|0.4 6
6576 逸達|生技醫療|750 260 161|92 92 4 -2|1.0 9
6577 勁豐|電腦及週|-1 4 9|97 98 6 16|1.2 5
6579 研揚|電腦及週|49 24 -3|90 90 42 49|0.4 92
6584 南俊國際|電子零組|47 45 1|87 87 22 104|1.3 530
6585 鼎基|其他|58 24 31|89 89 41 50|1.0 139
6588 東典光電|通信網路|160 154 40|53 53 -35 71|0.2 60
6589 台康生技|生技醫療|56 23 -5|59 72 -11 -23|1.3 55
6591 動力-KY|電腦及週|-63 -53 -59|54 69 -10 -31|0.4 12
6592 和潤企業|其他|-3 -3 7|86 92 0 0|1.8 53
6596 寬宏藝術|文化創意|122 627 363|59 70 -5 -24|0.4 16
6603 富強鑫|電機機械|-28 -5 -12|73 73 19 -8|0.6 20
6605 帝寶|汽車工業|-9 -8 -1|72 80 1 -5|1.4 99
6609 瀧澤科|電機機械|-27 -7 21|76 81 4 9|0.3 16
6613 朋億*|其他電子|82 59 51|96 96 79 87|0.4 101
6617 共信-KY|生技醫療|68 29 11|68 89 15 -11|1.4 12
6620 漢達|生技醫療|-24 -34 na|na 100 51 15|1.7 49
6625 必應|其他|30 60 -3|78 93 13 3|0.7 16
6640 均華|半導體業|-43 116 47|65 65 -17 90|0.3 248
6642 富致|電子零組|29 17 16|90 90 56 66|0.4 65
6643 M31|半導體業|-18 -4 -20|68 68 1 27|0.4 211
6651 全宇昕|半導體業|12 11 14|92 92 71 97|1.0 51
6654 天正國際|其他電子|107 92 40|81 81 103 111|0.8 29
6657 華安|生技醫療|-24 39 12|51 61 -12 -15|0.3 6
6658 聯策|其他電子|-3 12 4|100 100 261 405|1.5 200
6664 群翊|電子零組|8 13 4|83 83 12 35|0.3 195
6667 信紘科|其他電子|13 17 -25|92 94 18 5|0.4 145
6668 中揚光|光電業|12 10 -16|78 81 17 -0|0.7 42
6669 緯穎|電腦及週|18 21 -100|89 89 57 22|0.9 9304
6670 復盛應用|運動休閒|32 20 17|89 89 4 5|1.7 262
6672 騰輝電子-KY|電子零組|35 35 21|97 97 137 217|1.4 1439
6679 鈺太|半導體業|7 10 12|78 78 11 51|0.5 87
6683 雍智科技|半導體業|12 26 -1|71 71 26 332|1.0 1846
6684 安格|半導體業|41 12 21|94 100 51 25|3.6 44
6689 伊雲谷|數位雲端|-0 -7 2|73 73 -18 1|0.6 16
6690 安碁資訊|數位雲端|10 16 2|91 91 4 1|0.7 29
6691 洋基工程|其他電子|82 87 28|94 94 35 29|2.2 597
6693 廣閎科|半導體業|115 104 54|92 92 115 186|0.4 269
6695 芯鼎|半導體業|-25 -18 -19|86 86 56 27|1.0 109
6698 旭暉應材|其他電子|-35 -37 -62|89 89 46 48|1.0 57
6703 軒郁|生技醫療|17 16 12|95 95 -2 9|0.8 6
6706 惠特|光電業|-16 -39 2|68 68 32 13|0.3 549
6712 長聖|生技醫療|25 22 11|86 95 14 -3|3.3 48
6715 嘉基|電子零組|-26 -9 8|78 78 43 347|0.2 188
6716 應廣|半導體業|32 40 17|79 79 46 98|0.4 56
6719 力智|半導體業|-10 -11 -22|100 100 84 52|2.2 568
6720 久昌|半導體業|-6 -20 6|79 79 -16 14|0.5 7
6725 矽科宏晟|其他電子|-10 -1 na|na na 31 na|0.4 76
6727 亞泰金屬|電子零組|54 45 -49|64 64 18 133|0.5 487
6732 昇佳電子|半導體業|-32 -14 -3|67 87 20 -1|0.7 32
6735 美達科技|其他電子|155 176 104|60 60 40 54|0.4 35
6739 竹陞科技|其他電子|99 96 -3|65 65 -14 50|0.4 206
6741 91APP*-KY|數位雲端|32 33 12|71 85 2 -13|0.8 17
6742 澤米|光電業|-51 -51 -12|93 93 68 41|1.2 184
6743 安普新|其他電子|-20 -5 9|92 100 43 15|2.0 14
6753 龍德造船|航運業|27 32 17|70 88 12 0|2.3 71
6756 威鋒電子|半導體業|21 16 18|86 86 39 17|0.4 26
6757 台灣虎航|航運業|22 25 15|75 86 25 -7|1.7 314
6761 穩得|電子零組|-5 -7 2|80 80 15 39|0.3 121
6763 綠界科技*|數位雲端|14 12 1|70 81 -1 -16|0.8 32
6768 志強-KY|運動休閒|-2 0 5|63 71 -10 -30|0.6 58
6770 力積電|半導體業|59 40 23|84 84 40 91|1.5 12024
6776 展碁國際|電子通路|52 41 18|77 77 -2 15|0.6 22
6781 AES-KY|電子零組|21 21 -26|79 86 20 -8|0.7 1504
6782 視陽|生技醫療|23 16 -1|83 83 3 11|0.4 41
6785 昱展新藥|生技醫療|-20 na na|38 38 -29 -62|0.6 11
6788 華景電|半導體業|25 10 -1|88 88 23 32|0.5 453
6789 采鈺|半導體業|16 7 14|88 88 77 94|0.3 1363
6790 永豐實|造紙工業|-3 1 4|99 99 -0 5|1.3 9
6791 虎門科技|資訊服務|6 7 -6|70 75 11 5|0.7 6
6792 詠業|通信網路|16 6 1|93 93 24 34|0.7 8
6799 來頡|半導體業|3 4 -0|89 89 35 18|0.8 64
6803 崑鼎|綠能環保|-4 0 -7|93 93 -0 -1|1.3 26
6805 富世達|電子零組|37 64 -1|77 77 -3 6|0.5 1999
6811 宏碁資訊|數位雲端|31 27 14|84 89 20 8|1.2 37
6821 聯寶|電子零組|20 -6 3|89 89 15 78|0.9 81
6823 濾能|半導體業|15 40 -10|65 65 11 -21|0.2 7
6829 千附精密|半導體業|37 58 26|78 78 86 99|1.2 153
6830 汎銓|其他電子|19 21 4|47 47 -2 161|0.5 667
6831 邁科|電腦及週|-11 1 na|na 100 136 242|1.1 1014
6834 天二科技|電子零組|59 41 26|100 100 319 345|1.1 172
6841 長佳智能|生技醫療|13 15 11|75 87 3 -9|1.0 21
6854 錼創科技-KY創|半導體業|5 -11 20|61 63 -12 -7|0.4 49
6859 伯特光|光電業|-55 -50 -33|81 88 7 2|0.7 12
6861 睿生光電|生技醫療|66 53 21|70 70 158 461|0.4 259
6862 三集瑞-KY|電子零組|-35 -34 -15|86 86 22 24|0.7 308
6863 永道-KY|通信網路|74 42 47|57 70 5 -20|0.8 11
6869 雲豹能源|綠能環保|-28 3 -70|42 58 -20 -27|0.9 44
6870 騰雲|數位雲端|56 53 20|90 90 57 18|0.6 51
6873 泓德能源|綠能環保|-33 -19 -2|31 66 -0 -20|0.4 45
6877 鏵友益|其他電子|-55 -30 -6|72 72 15 59|0.7 34
6885 全福生技|生技醫療|-28 1891 na|52 70 -13 -28|0.7 9
6890 來億-KY|運動休閒|1 -10 2|63 72 28 -20|0.6 166
6894 衛司特|綠能環保|93 83 27|88 88 16 76|0.2 33
6895 宏碩系統|半導體業|-29 -36 -115|44 73 -17 -24|0.9 17
6901 鑽石投資|其他|407 275 201|87 97 33 10|2.9 63
6902 GOGOLOOK|數位雲端|28 25 1|90 90 80 75|0.3 23
6903 巨漢|其他電子|229 282 81|89 89 39 74|0.5 273
6906 現觀科|數位雲端|1 1 9|69 83 38 6|0.8 16
6907 雅特力-KY|半導體業|76 87 na|na na 45 na|0.5 271
6909 創控|半導體業|51 32 32|92 92 42 56|0.8 35
6913 鴻呈|電子零組|35 25 5|77 80 12 3|0.3 26
6914 阜爾運通|其他|7 8 -8|93 93 -2 -1|0.6 7
6919 康霈*|生技醫療|na na na|38 58 14 -39|0.5 418
6922 宸曜|電腦及週|88 46 23|78 83 15 1|0.5 30
6923 中台|綠能環保|21 19 26|62 72 2 -21|0.7 12
6924 榮惠-KY創|電子零組|4 19 18|59 59 43 75|0.3 6
6925 意藍|數位雲端|4 7 -6|34 67 -13 -33|0.4 8
6928 攸泰科技|電腦及週|2 -12 -9|69 93 18 2|3.0 7
6933 AMAX-KY|電腦及週|73 37 6|57 72 15 -6|0.3 24
6937 天虹|半導體業|20 23 6|77 77 14 22|0.5 141
6944 兆聯實業|綠能環保|48 35 -30|90 90 27 41|0.5 714
6949 沛爾生醫-創|生技醫療|19 67 26|99 99 61 155|0.7 169
6953 家碩|半導體業|-17 -12 -28|84 84 18 19|0.3 13
6957 裕慶-KY|其他|21 51 33|85 94 21 -5|0.8 24
6962 奕力-KY|半導體業|14 -1 9|72 93 16 -5|0.7 159
6994 富威電力|綠能環保|27 85 -77|36 43 -40 -54|1.7 43
6996 力領科技|半導體業|66 32 24|95 95 22 38|0.4 22
7402 邑錡|光電業|-38 -16 -11|77 88 6 -4|2.5 28
7556 意德士科技|半導體業|17 14 2|90 90 67 75|0.3 25
7610 聯友金屬-創|綠能環保|462 589 na|na 97 592 1806|0.3 502
7631 聚賢研發-創|其他電子|141 88 20|90 90 43 24|5.3 8
7703 銳澤|其他電子|-5 2 -21|71 82 -8 -12|0.8 32
7704 明遠精密|半導體業|2 0 3|94 94 40 39|0.4 6
7709 榮田|電機機械|54 42 44|64 64 25 126|0.3 20
7711 永擎|電腦及週|17 60 na|na 69 28 25|0.3 152
7712 博盛半導體|半導體業|3 3 7|96 96 88 129|0.5 85
7714 創泓科技|數位雲端|22 1 -26|82 82 15 -1|2.1 13
7715 裕山|綠能環保|-8 -19 17|95 97 34 27|2.3 7
7717 萊德光電-KY|通信網路|10 -4 na|na 46 -42 6|0.5 211
7721 微程式|數位雲端|72 51 na|na 77 -4 39|0.3 38
7722 LINEPAY|數位雲端|17 15 -5|42 56 6 -44|1.3 103
7728 光焱科技|其他電子|25 -6 -9|73 73 -11 46|0.2 37
7730 暉盛-創|半導體業|-69 -40 na|na 82 11 109|0.7 20
7734 印能科技|半導體業|137 87 29|71 71 31 253|0.3 576
7738 東聯互動|數位雲端|14 14 na|na 83 -9 -11|0.5 7
7740 熙特爾-創|綠能環保|1255 2408 1252|56 74 -16 -1|1.1 49
7744 崴寶|電子零組|128 100 na|na 76 5 61|0.3 56
7749 意騰-KY|半導體業|74 74 9|61 78 20 -5|0.5 209
7750 新代|電機機械|88 77 na|na 67 64 141|0.3 490
7751 竑騰|半導體業|56 63 na|na 53 -13 95|0.5 342
7765 中華資安|數位雲端|3 34 na|na 79 1 -17|0.9 26
7769 鴻勁|半導體業|84 102 na|na 84 99 112|0.7 4509
7777 能率亞洲|其他|701 616 na|na 91 64 64|1.6 131
7780 大研生醫*|食品工業|29 37 na|na 65 -6 2|0.5 39
7786 東方風能|綠能環保|38 57 na|na 71 -6 -24|0.7 26
7788 松川精密|電子零組|43 24 na|na 87 90 74|1.2 900
7791 皇家可口|食品工業|-11 -9 na|na 90 1 -10|0.7 6
7792 安葆|其他電子|32 12 na|na na -16 na|0.3 31
7795 長廣|電子零組|25 8 na|na na 80 na|1.8 144
7799 禾榮科|生技醫療|-27 74 na|na 71 20 -22|1.5 277
7805 威聯通|數位雲端|7 6 na|na 84 -1 -5|0.5 54
7810 捷創科技|半導體業|91 73 na|na 60 -12 -29|0.4 14
7822 倍利科|半導體業|80 80 na|na na -24 na|0.6 366
8011 台通|通信網路|-29 -24 -23|72 79 -10 -21|0.4 16
8016 矽創|半導體業|40 35 18|100 100 85 93|1.7 711
8021 尖點|其他電子|86 67 25|97 97 131 239|0.5 1078
8027 鈦昇|電機機械|140 52 17|81 81 53 132|0.1 424
8028 昇陽半導體|半導體業|46 34 11|88 88 74 82|0.5 2116
8032 光菱|電子通路|50 47 15|87 89 27 8|0.6 9
8033 雷虎|其他|-10 1 -16|99 100 37 25|3.1 365
8034 榮群|通信網路|-86 -12 -136|80 83 -1 -12|0.4 6
8038 長園科|電子零組|51 181 -124|64 67 2 -15|0.6 15
8039 台虹|電子零組|1 3 -4|91 91 39 61|0.4 1079
8040 九暘|半導體業|58 43 33|81 81 114 113|1.6 189
8042 金山電|電子零組|33 29 12|100 100 300 264|0.3 216
8043 蜜望實|電子零組|60 86 45|94 94 232 137|0.7 3343
8044 網家|數位雲端|8 9 5|77 85 21 -7|0.9 40
8045 達運光電|通信網路|9 45 23|46 68 -17 -21|0.5 12
8046 南電|電子零組|36 38 7|99 99 126 393|1.1 15693
8048 德勝|通信網路|73 42 20|84 84 19 10|0.4 26
8049 晶采|光電業|9 4 5|96 96 7 8|1.5 9
8050 廣積|電腦及週|4 -2 11|87 87 29 24|0.5 54
8054 安國|半導體業|383 221 60|77 83 29 -17|1.9 226
8059 凱碩|通信網路|-26 1034 -2255|43 66 -8 -14|0.4 6
8064 東捷|光電業|-18 14 -11|86 86 126 256|0.5 1560
8068 全達|電子通路|35 45 11|65 65 -9 -15|0.4 5
8069 元太|光電業|1 -3 -5|75 82 44 8|1.2 1652
8070 長華*|電子通路|26 29 12|85 85 30 31|0.8 657
8071 能率網通|電子零組|44 21 17|100 100 95 74|2.8 133
8072 陞泰|電子通路|31 25 -13|56 88 11 -4|0.7 10
8074 鉅橡|電子零組|23 27 16|72 72 27 33|0.3 107
8076 伍豐|電腦及週|40 37 20|87 87 6 5|0.5 49
8081 致新|半導體業|-3 -3 -2|90 90 37 46|1.2 344
8083 瑞穎|電機機械|-18 3 -11|95 95 3 9|0.5 6
8084 巨虹|電子通路|-2 -2 9|74 74 0 -20|0.8 5
8086 宏捷科|半導體業|37 45 7|80 80 14 26|0.4 602
8088 品安|半導體業|60 39 -35|84 84 24 38|0.4 223
8089 康全電訊|通信網路|-52 -38 32|47 65 -12 -29|0.8 8
8091 翔名|半導體業|82 60 34|96 96 75 151|1.3 351
8096 擎亞|電子通路|155 57 51|97 97 71 193|0.1 1335
8097 常珵|通信網路|3 -21 19|73 95 6 -5|0.9 7
8099 大世科|資訊服務|6 28 -7|70 78 -2 -22|0.4 6
8103 瀚荃|電子零組|22 23 12|78 78 28 17|1.0 99
8104 錸寶|光電業|-33 -31 -48|84 84 16 16|0.3 96
8105 凌巨|光電業|-4 -1 3|86 86 74 90|1.8 393
8109 博大|電子零組|23 24 1|97 97 18 31|0.5 21
8110 華東|半導體業|20 16 12|61 61 13 0|1.6 768
8111 立碁|光電業|-6 -7 -9|65 65 -10 -30|0.3 63
8112 至上|電子通路|253 167 102|89 89 22 23|0.7 2202
8114 振樺電|電腦及週|-17 -32 -11|66 72 17 10|0.7 220
8121 越峰|電子零組|2 20 10|93 93 118 76|1.2 139
8131 福懋科|半導體業|50 41 10|81 81 19 19|0.9 454
8147 正淩|電子零組|-7 9 -13|78 78 8 39|0.4 62
8150 南茂|半導體業|18 24 9|95 95 102 139|1.4 5446
8155 博智|電子零組|30 31 -2|82 82 49 114|0.3 403
8162 微矽電子-創|半導體業|-4 -0 -7|90 90 107 131|0.8 51
8163 達方|電腦及週|16 16 2|91 91 55 35|0.7 150
8171 天宇|綠能環保|8 205 175|65 68 -12 -16|0.7 5
8182 加高|電子零組|0 4 5|95 95 94 108|1.8 330
8183 精星|其他電子|33 21 20|84 84 6 3|1.8 16
8210 勤誠|電腦及週|37 29 -23|84 84 51 37|0.3 1944
8213 志超|電子零組|13 5 -2|85 85 11 8|0.5 27
8215 明基材|光電業|16 7 9|89 89 33 51|0.4 77
8222 寶一|電機機械|-19 -1 -5|70 93 18 -2|3.7 16
8227 巨有科技|半導體業|76 112 -20|80 80 70 36|1.7 215
8234 新漢|電腦及週|-1 -10 4|59 89 15 -7|1.2 51
8240 華宏|光電業|4 -5 5|70 70 -4 57|0.1 32
8249 菱光|電子零組|-14 12 26|78 79 8 -2|0.5 34
8255 朋程|電機機械|-12 -8 -6|85 85 54 54|0.8 330
8261 富鼎|半導體業|1 6 4|100 100 208 228|1.6 2037
8271 宇瞻|半導體業|224 293 149|71 71 42 91|0.5 556
8289 泰藝|電子零組|0 -1 -10|82 82 73 199|0.8 245
8299 群聯|半導體業|301 253 131|79 79 47 75|0.5 13852
8341 日友|綠能環保|35 23 11|87 87 5 2|1.2 25
8349 恒耀國際|鋼鐵工業|3 3 11|85 89 1 -4|0.7 8
8358 金居|電子零組|41 40 12|84 84 155 120|0.7 4316
8374 羅昇|電機機械|42 50 24|72 76 30 8|0.2 47
8383 千附|半導體業|46 48 28|85 85 40 52|1.1 85
8390 金益鼎|綠能環保|18 28 21|80 80 17 14|0.4 92
8404 百和興業-KY|其他|5 0 -1|59 67 -8 -30|0.7 7
8415 大國鋼|鋼鐵工業|21 18 10|97 97 3 5|1.0 19
8422 可寧衛*|綠能環保|200 63 60|54 54 -4 15|1.0 363
8431 匯鑽科|其他電子|-19 -17 -11|67 67 -6 -20|0.2 23
8436 大江|生技醫療|-10 1 1|71 71 -11 3|1.1 51
8438 昶昕|綠能環保|50 36 12|98 98 48 245|0.4 46
8446 華研|文化創意|120 42 45|92 96 -3 -0|0.4 7
8454 富邦媒|數位雲端|4 2 4|63 63 59 32|2.2 758
8462 柏文|運動休閒|20 21 1|89 95 10 3|1.2 18
8464 億豐|居家生活|3 2 5|75 87 8 -2|1.0 303
8473 山林水|綠能環保|3 10 -42|87 87 29 35|0.6 105
8476 台境*|綠能環保|-54 -34 -40|100 100 33 37|2.2 43
8478 東哥遊艇|運動休閒|-100 -10 -338|66 74 -2 -26|1.0 37
8499 鼎炫-KY|其他電子|86 81 11|76 76 24 -22|0.5 22
8908 欣雄|油電燃氣|3 -3 -9|88 88 2 -4|0.7 6
8916 光隆|其他|4 -8 -10|86 87 -8 -13|1.5 6
8924 大田|運動休閒|2 21 2|84 84 -6 -13|0.8 6
8926 台汽電|油電燃氣|768 632 377|90 90 72 80|1.1 958
8927 北基|油電燃氣|91 61 39|47 77 -9 -8|0.6 8
8932 智通*|數位雲端|4 13 -25|45 52 35 -36|2.4 325
8935 邦泰|其他|-8 12 15|74 96 24 12|1.1 17
8936 國統|其他|11 15 -10|86 92 17 5|2.2 587
8937 合騏*|其他|1337 1268 875|58 64 -29 -30|0.3 6
8938 明安|運動休閒|-8 -14 -10|77 77 -15 -16|0.7 8
8942 森鉅|其他|-20 -33 12|89 90 9 12|0.3 10
8996 高力|電機機械|40 110 -9|98 98 84 180|0.3 3904
9802 鈺齊-KY|運動休閒|-20 -3 -7|64 72 -6 -29|0.6 67
9904 寶成|運動休閒|0 -2 4|75 78 -12 -18|2.0 595
9906 欣巴巴|建材營造|76 1073933 805410|56 77 3 -21|0.5 14
9907 統一實|其他|-21 -19 -8|83 85 -9 -10|1.6 96
9908 大台北|油電燃氣|-2 -1 -1|86 86 0 -0|0.6 7
9910 豐泰|運動休閒|12 -1 3|53 62 -10 -37|0.6 462
9911 櫻花|居家生活|9 6 1|96 96 1 6|0.8 24
9914 美利達|運動休閒|18 -4 12|68 84 20 -8|1.3 129
9917 中保科|其他|1 1 -3|91 91 -3 3|1.2 117
9919 康那香|其他|-1 2 7|70 70 -12 -18|0.8 7
9921 巨大|運動休閒|6 -5 12|66 80 8 -18|0.9 149
9924 福興|居家生活|-9 -8 1|75 80 -6 -21|1.0 7
9925 新保|其他|4 4 -1|99 99 -0 -1|1.0 11
9927 泰銘|其他|20 21 21|82 96 1 1|0.6 5
9930 中聯資源|綠能環保|-6 -7 -4|94 97 -0 -0|0.8 7
9933 中鼎|其他|-3 -17 6|93 93 15 30|0.6 228
9934 成霖|居家生活|4 5 5|90 90 9 0|0.8 13
9935 慶豐富|居家生活|16 9 14|88 95 3 -4|1.3 6
9938 百和|其他|4 -3 1|75 84 -2 -11|0.9 59
9939 宏全|其他|11 7 8|81 95 10 8|1.4 207
9940 信義|其他|37 25 -2|75 87 0 -12|0.7 14
9941 裕融|其他|1 -4 -0|78 90 6 -11|0.6 179
9942 茂順|其他|11 12 4|97 97 4 10|1.1 12
9943 好樂迪|觀光餐旅|-1 -12 -3|77 94 0 -6|1.0 6
9945 潤泰新|其他|72 51 14|83 87 7 -13|1.0 291
9946 三發地產|建材營造|312 3314 -2696|95 95 13 2|0.7 19
9955 佳龍|綠能環保|-4 17 -29|65 65 -15 -18|0.5 8
9958 世紀鋼|鋼鐵工業|29 28 14|49 79 5 -15|1.1 353