# 2023-02 月中(2023-02-13,上月月報甫公佈)全池量化快照(949 檔)。欄位:代碼 名稱|產業|最新月YoY 3月YoY均 加速度|距52週高% 距120日高% 60日漲% 120日漲%|量能比 日均值M|外持% 外20 投20 資20 券20(外資持股比;外資/投信20日淨買佔成交值%;融資/借券餘額20日變化%)
1101 台泥|水泥工業|-3 4 -3|83 92 17 -6|0.5 565|21 1 4 -22 -5
1102 亞泥|水泥工業|-35 -18 -17|94 94 11 0|0.4 171|19 5 -0 -22 -20
1104 環泥|水泥工業|-15 6 -8|97 97 17 9|1.8 15|14 17 0 89 -1
1201 味全|食品工業|-5 -6 -5|91 100 9 2|2.0 5|11 14 0 1 -26
1210 大成|食品工業|-8 6 -4|88 95 11 0|1.3 54|10 13 0 5 -4
1215 卜蜂|食品工業|-11 5 -8|97 97 1 5|0.9 29|39 6 -3 -45 -2
1216 統一|食品工業|-4 6 -4|99 99 2 2|0.4 435|41 -5 -2 -4 10
1217 愛之味|食品工業|1 2 1|89 100 18 12|1.2 10|8 7 0 -7 -18
1218 泰山|食品工業|-1 3 -7|64 64 -26 -7|0.4 59|3 9 0 29 14
1219 福壽|食品工業|-7 1 -13|75 92 3 -4|0.9 13|5 -4 0 -45 29
1227 佳格|食品工業|-22 -15 -2|83 98 5 1|1.1 29|7 16 0 -4 -20
1229 聯華|食品工業|-7 -6 -13|80 94 8 -2|1.1 53|11 6 -0 -5 7
1231 聯華食|食品工業|1 12 -0|100 100 24 11|1.2 18|3 16 0 -7 -3
1232 大統益|食品工業|-1 16 -3|89 89 -1 -9|0.9 10|1 -0 -4 -46 9
1234 黑松|食品工業|11 8 6|98 100 3 1|1.3 13|6 11 0 -17 7
1256 鮮活果汁-KY|食品工業|-53 -19 -4|97 99 46 16|1.4 6|4 5 0 -15 -5
1268 漢來美食|觀光餐旅|41 23 -59|99 99 24 31|1.9 18|1 8 0 65 27
1301 台塑|塑膠工業|-40 -34 -22|88 94 4 -5|0.5 443|34 4 -1 -3 0
1303 南亞|塑膠工業|-42 -34 -17|89 97 7 8|0.4 323|30 10 4 -22 -8
1304 台聚|塑膠工業|-36 -25 -14|84 97 17 1|0.6 65|34 1 -2 -18 -8
1305 華夏|塑膠工業|-32 -23 -8|83 94 34 14|0.4 109|9 -3 7 -8 -7
1308 亞聚|塑膠工業|-40 -25 -25|78 94 7 3|0.8 48|10 13 -3 -3 -15
1309 台達化|塑膠工業|-33 -28 -13|73 96 10 -2|0.6 24|3 4 1 -4 -10
1310 台苯|塑膠工業|-47 -25 -31|78 94 5 -3|0.9 5|7 8 0 -9 -2
1312 國喬|塑膠工業|-21 -28 -7|74 93 8 1|0.5 61|13 -0 0 -14 -11
1313 聯成|塑膠工業|-40 -30 -16|70 94 17 9|1.1 43|10 9 0 -6 0
1314 中石化|塑膠工業|-55 -58 -26|76 91 5 -1|0.9 61|12 21 0 -11 -11
1316 上曜|建材營造|-54 -1 -170|42 69 -3 -23|1.0 7|2 5 0 -2 19
1319 東陽|汽車工業|-14 -2 -15|78 78 -6 -8|0.4 150|27 15 -3 -16 3
1325 恆大|塑膠工業|-48 -28 12|50 81 5 -8|0.4 7|3 -3 0 -8 8
1326 台化|塑膠工業|-16 -13 -15|91 93 1 1|0.7 166|34 3 -1 23 6
1336 台翰|電子零組|-5 11 -19|92 92 24 20|1.5 32|5 0 0 81 -14
1342 八貫|其他|17 20 -9|100 100 81 115|3.4 336|51 -1 0 54 82
1402 遠東新|紡織纖維|-8 -7 -17|97 97 -1 7|0.4 199|18 14 -5 -7 20
1409 新纖|紡織纖維|-33 -27 -27|90 96 7 -0|1.5 33|13 20 1 -6 -12
1417 嘉裕|紡織纖維|-14 -15 -34|89 89 26 34|1.1 31|2 -1 0 4 11
1432 大魯閣|運動休閒|57 27 -61|81 96 35 28|4.9 7|1 1 0 na na
1434 福懋|紡織纖維|-15 -12 -16|99 99 5 2|1.0 24|8 26 0 -9 4
1440 南紡|紡織纖維|-22 -8 -16|71 92 1 -4|0.9 13|7 17 0 -7 -0
1442 名軒|建材營造|-73 1625 1267|83 83 9 42|0.4 29|4 -3 -2 -12 11
1443 立益物流|其他|-34 -32 -34|89 89 46 68|1.6 25|0 1 0 880 316
1444 力麗|紡織纖維|-32 -29 -39|87 87 -1 -1|0.5 16|6 -7 0 -7 19
1451 年興|紡織纖維|-17 -19 -26|81 81 2 -7|1.6 6|7 -5 0 -15 23
1455 集盛|紡織纖維|-52 -47 -27|68 98 6 2|0.6 5|2 6 0 1 -9
1457 宜進|紡織纖維|-45 -26 -26|98 98 2 7|1.2 5|2 -6 0 -15 4
1467 南緯|紡織纖維|-33 -32 -22|78 91 4 -2|0.6 33|21 3 0 -11 -4
1475 業旺|紡織纖維|18 21 -274|88 94 12 15|0.8 9|0 1 0 10 2
1476 儒鴻|紡織纖維|-43 -31 -38|83 97 14 12|1.0 413|41 5 -1 -12 9
1477 聚陽|紡織纖維|-16 -10 -20|88 88 1 18|1.0 441|39 9 -11 31 -9
1503 士電|電機機械|7 11 -0|98 98 22 8|1.5 61|32 1 0 -10 3
1504 東元|電機機械|-3 2 -8|91 98 0 1|1.2 111|20 6 1 -3 5
1506 正道|電機機械|-8 -4 -12|96 100 22 28|2.8 5|0 -0 0 na na
1513 中興電|電機機械|34 12 1|100 100 57 32|1.0 1707|19 -2 0 -8 33
1514 亞力|電機機械|24 35 -2|93 96 24 12|0.7 121|10 2 1 8 -10
1515 力山|電機機械|-74 -77 -0|70 84 5 -4|0.6 13|9 4 0 -16 -14
1517 利奇|電機機械|-61 -45 -45|77 79 -10 -15|0.4 7|2 4 0 -12 -8
1519 華城|電機機械|-39 -21 -8|92 92 38 47|0.7 463|10 -0 0 19 21
1522 堤維西|汽車工業|1 6 -9|87 90 7 -8|0.3 39|6 10 0 -10 -6
1524 耿鼎|汽車工業|-28 1 -19|85 85 10 -3|0.7 91|3 3 0 13 4
1526 日馳|電機機械|-32 -24 -39|72 72 -10 -18|0.4 6|3 -10 0 -7 -12
1527 鑽全|電機機械|-37 -30 -12|94 98 5 3|1.0 7|10 13 0 -4 -7
1529 樂事綠能|電機機械|178 76 29|70 93 36 43|0.6 106|1 -1 -0 9 64
1532 勤美|電機機械|-49 -50 -28|92 99 15 6|2.5 11|11 10 -2 38 -6
1533 車王電|汽車工業|-12 2 -15|70 78 -1 -17|0.6 7|6 2 0 -3 -19
1535 中宇|電機機械|-19 -4 -6|92 92 5 1|1.3 5|1 3 0 -2 11
1536 和大|汽車工業|-5 4 -7|76 76 -5 -6|0.5 85|15 8 -4 -6 -15
1537 廣隆|電機機械|-26 -13 -65|98 98 3 1|1.4 9|18 6 0 -9 1
1539 巨庭|電機機械|-72 -71 -46|59 59 -4 -6|0.4 11|3 5 0 -8 -7
1558 伸興|電機機械|-32 5 1|88 92 11 -7|0.5 6|7 -6 0 1 -3
1560 中砂|電機機械|-11 -4 -17|69 69 9 -24|0.3 342|11 -1 1 -1 4
1565 精華|生技醫療|-29 -21 -11|90 94 14 -1|0.7 38|27 3 -3 -9 5
1580 新麥|電機機械|-7 -13 -8|94 95 11 2|0.9 10|6 -5 -3 1 -7
1582 信錦|電子零組|-46 -41 -36|88 88 0 -10|1.1 6|10 -8 0 -7 6
1584 精剛|其他|23 55 -7|97 97 59 25|1.6 318|2 -0 0 14 34
1589 永冠-KY|電機機械|-21 4 -2|94 96 30 23|2.0 57|7 6 5 22 -10
1590 亞德客-KY|電機機械|-25 -6 -8|96 96 30 30|1.5 943|79 8 4 -47 -53
1591 駿吉-KY|電機機械|-86 -60 na|98 98 52 33|2.7 16|18 3 0 98 2
1598 岱宇|運動休閒|9 -3 31|100 100 32 24|3.0 7|5 18 0 29 -23
1603 華電|電器電纜|3 40 -5|82 90 -0 -2|1.0 8|2 -1 0 13 11
1605 華新|電器電纜|12 -2 -20|97 97 32 54|0.5 2803|26 4 -1 -5 -47
1608 華榮|電器電纜|-5 -11 -13|71 96 8 2|0.7 15|2 0 0 -7 -3
1609 大亞|電器電纜|-25 -16 -13|81 97 34 12|0.9 114|11 0 0 4 0
1611 中電|電器電纜|-26 -21 -9|68 76 -2 -22|0.7 9|11 -5 0 -4 -10
1612 宏泰|電器電纜|-28 10 11|66 93 18 10|0.7 34|12 0 0 12 -3
1618 合機|電器電纜|-32 31 12|92 92 -5 18|0.4 11|2 5 -1 1 26
1701 中化|生技醫療|2 13 5|76 76 37 31|1.3 289|11 -1 0 -7 118
1702 南僑|食品工業|-9 -1 -4|96 99 3 2|1.8 12|11 15 0 -21 -9
1707 葡萄王|生技醫療|-5 3 -1|97 97 33 27|0.6 131|16 19 4 -21 0
1708 東鹼|化學工業|-25 -6 -73|59 78 -4 -15|0.6 72|12 -4 -0 -5 7
1709 和益|化學工業|-33 -14 -23|76 90 7 -5|0.6 9|4 3 0 -4 3
1710 東聯|化學工業|-23 -20 0|83 97 6 8|0.4 14|9 19 0 -10 -0
1711 永光|化學工業|-35 -25 -19|71 88 7 -7|0.5 13|8 18 0 -5 -7
1712 興農|化學工業|-20 -7 -25|85 85 5 7|0.7 43|16 7 -1 -16 -16
1717 長興|化學工業|-39 -22 -17|80 90 5 -2|0.6 34|15 20 -5 -6 4
1720 生達|生技醫療|3 16 -10|90 90 28 25|0.3 99|7 8 0 -39 -26
1721 三晃|化學工業|-40 -20 -23|62 85 9 -8|0.6 8|1 5 0 3 -5
1722 台肥|化學工業|-22 -31 -46|70 87 2 -12|0.8 79|13 -16 -1 -10 7
1723 中碳|化學工業|-19 -13 -39|88 92 4 -5|1.1 22|10 1 -1 0 6
1727 中華化|化學工業|-25 -13 -27|53 80 9 -16|0.5 6|2 11 0 -1 -7
1732 毛寶|化學工業|-24 -16 -9|59 77 4 -3|0.5 9|2 -4 0 -13 0
1733 五鼎|生技醫療|-12 -13 -19|90 90 8 -5|2.3 5|6 -8 0 -17 30
1734 杏輝|生技醫療|-5 8 -8|88 88 11 13|0.4 43|6 2 1 -17 14
1736 喬山|運動休閒|-20 10 3|82 82 7 30|0.4 136|8 2 -7 -17 56
1752 南光|生技醫療|16 27 17|87 87 70 60|0.9 457|2 0 0 -11 51
1760 寶齡富錦|生技醫療|-25 -8 -29|89 89 23 48|0.6 991|13 1 -1 -5 22
1762 中化生|生技醫療|83 26 -4|95 95 27 19|1.0 42|7 4 0 5 -2
1773 勝一|化學工業|-30 -24 -22|73 89 27 -7|0.5 20|5 7 0 25 -13
1777 生泰|生技醫療|46 65 19|96 96 11 27|0.5 6|1 -5 0 -12 46
1783 和康生|生技醫療|20 30 12|92 92 59 50|2.4 133|9 2 1 35 -12
1784 訊聯|生技醫療|-10 10 4|97 97 25 16|1.3 11|5 9 0 21 7
1785 光洋科|其他電子|-41 -37 -16|72 94 23 -2|1.0 49|10 13 1 -1 -3
1786 科妍|生技醫療|78 30 7|100 100 28 45|0.9 24|3 14 1 -21 25
1789 神隆|生技醫療|-11 57 37|89 89 8 -3|0.6 28|5 8 0 -15 1
1795 美時|生技醫療|112 53 24|98 98 74 91|1.6 3288|74 -3 0 25 10
1802 台玻|玻璃陶瓷|-22 -18 -2|91 91 6 27|0.2 79|8 17 2 -33 -26
1808 潤隆|建材營造|27 -1 68|99 99 24 26|2.0 28|2 33 0 5 2
1809 中釉|玻璃陶瓷|-42 -20 -36|95 97 9 14|1.0 26|2 0 0 3 14
1810 和成|玻璃陶瓷|-23 -23 -18|86 86 41 73|0.9 84|3 -1 0 5 19
1815 富喬|電子零組|-26 -25 -12|81 81 3 2|0.6 16|3 8 0 -11 -4
1904 正隆|造紙工業|-27 -20 -15|84 98 6 3|1.5 34|9 25 0 -23 -5
1905 華紙|造紙工業|-19 -5 -12|72 90 -1 -3|0.6 9|4 19 0 -12 -11
1907 永豐餘|造紙工業|-33 -19 -11|79 93 -1 10|0.6 32|16 14 2 -5 -8
1909 榮成|造紙工業|-38 -24 -18|85 97 19 22|0.6 102|12 7 4 -28 -12
2002 中鋼|鋼鐵工業|-34 -29 -22|87 98 15 9|0.3 524|20 10 3 -19 -27
2006 東和鋼鐵|鋼鐵工業|-29 -18 -19|75 97 12 5|0.7 80|12 15 -1 -27 -21
2007 燁興|鋼鐵工業|-27 -23 -19|57 94 25 2|0.6 17|0 5 0 -27 -4
2009 第一銅|鋼鐵工業|-41 -35 -24|70 96 20 29|1.1 180|0 -1 0 18 22
2010 春源|鋼鐵工業|-40 -30 -21|67 99 8 2|0.8 7|7 27 0 -26 -7
2013 中鋼構|鋼鐵工業|11 6 -15|95 95 5 -2|2.9 10|8 2 0 -71 -34
2014 中鴻|鋼鐵工業|-28 -35 -18|66 99 40 11|0.5 481|9 1 2 -33 -6
2015 豐興|鋼鐵工業|-35 -19 -18|76 99 21 4|0.8 13|11 15 4 -21 2
2017 官田鋼|鋼鐵工業|-32 -39 -25|88 100 30 28|1.3 13|2 9 0 -6 -6
2023 燁輝|鋼鐵工業|-31 -33 -24|69 97 14 11|0.5 45|6 15 -0 -27 -9
2027 大成鋼|鋼鐵工業|9 -0 -16|85 98 12 13|0.4 320|16 17 -0 -16 -27
2028 威致|鋼鐵工業|-41 -5 1|71 93 26 17|0.5 37|1 3 1 -14 12
2029 盛餘|鋼鐵工業|-44 -39 -23|68 97 4 -1|0.6 9|69 8 -0 -23 -2
2030 彰源|鋼鐵工業|-39 -32 -37|63 90 5 -7|0.4 29|4 8 0 -16 3
2031 新光鋼|鋼鐵工業|-36 6 -15|66 92 25 17|0.7 89|11 12 -2 -20 -25
2032 新鋼|鋼鐵工業|-36 -9 -6|59 95 19 6|0.3 12|1 7 1 -15 -5
2033 佳大|鋼鐵工業|-60 -35 -23|61 92 19 3|0.5 7|1 3 0 -19 1
2034 允強|鋼鐵工業|-23 -19 -13|87 99 16 4|1.1 51|8 10 0 -32 -4
2038 海光|鋼鐵工業|-44 -27 -32|68 94 22 3|0.4 24|2 5 0 -11 -7
2049 上銀|電機機械|-40 -26 -29|88 98 40 15|2.5 759|33 6 7 -42 33
2059 川湖|電子零組|-35 -9 -28|81 81 -12 -16|0.7 109|16 -11 -6 28 6
2062 橋椿|居家生活|-59 -34 -16|85 92 13 -7|1.1 6|10 13 0 -9 4
2063 世鎧精密|鋼鐵工業|-16 -4 -3|98 98 28 27|0.6 6|2 16 2 -21 -15
2065 世豐|鋼鐵工業|-20 -13 -2|100 100 10 16|1.0 5|2 3 1 -16 0
2066 世德|電機機械|5 19 -6|94 94 14 25|1.4 10|13 7 0 -15 23
2069 運錩|鋼鐵工業|-26 -28 -28|62 89 4 -6|0.4 7|2 8 0 -11 -14
2101 南港|橡膠工業|-20 -15 -7|73 88 3 -12|2.9 14|7 5 0 1 -1
2102 泰豐|橡膠工業|-18 -12 -27|66 88 3 1|2.0 8|7 9 0 16 -5
2103 台橡|橡膠工業|-12 -11 -14|80 96 7 4|2.0 29|29 3 3 21 5
2104 國際中橡|橡膠工業|-18 -20 -22|72 91 3 -1|0.6 25|13 21 0 -1 -6
2105 正新|橡膠工業|-26 -15 -11|86 86 2 -3|1.0 90|14 -0 -6 -16 -17
2106 建大|橡膠工業|-20 -9 -18|83 86 0 -9|0.9 11|7 13 -3 -7 5
2108 南帝|橡膠工業|-48 -43 6|52 94 15 -4|1.2 35|9 27 -3 -4 -28
2201 裕隆|汽車工業|-14 -3 -1|92 92 71 90|0.7 2144|8 -1 1 30 8
2204 中華|汽車工業|2 15 14|93 93 31 27|0.5 104|25 9 3 -43 4
2206 三陽工業|汽車工業|8 6 -17|89 89 -2 3|0.9 57|18 5 -1 -5 -4
2207 和泰車|汽車工業|-18 2 1|94 94 6 2|0.6 122|25 10 -1 -19 -20
2208 台船|航運業|-7 5 -9|95 100 14 12|1.0 45|6 20 0 -22 -32
2211 長榮鋼|鋼鐵工業|-62 -58 -41|85 85 2 -14|0.2 9|16 14 0 -6 -6
2228 劍麟|汽車工業|-4 7 -11|92 92 -2 11|0.7 10|8 -6 -2 -0 7
2230 泰茂|居家生活|-39 -13 -3|98 98 96 174|0.9 152|7 1 0 -4 -17
2231 為升|汽車工業|-13 4 5|95 97 10 29|1.1 83|8 8 -2 8 -32
2233 宇隆|汽車工業|-24 -5 -7|84 85 7 -11|0.7 10|10 -0 0 -3 13
2236 百達-KY|汽車工業|6 6 2|97 97 95 87|3.2 38|77 2 0 91 3
2243 宏旭-KY|汽車工業|5476 1797 1287|94 97 47 13|4.0 5|42 -1 0 38 -28
2247 汎德永業|汽車工業|-4 5 2|100 100 9 7|1.2 9|4 3 0 -33 25
2301 光寶科|電腦及週|-26 -13 -16|99 99 4 3|0.6 392|46 6 -1 -56 -35
2302 麗正|半導體業|-43 -5 -16|88 88 -8 2|1.5 7|3 -8 0 -2 19
2303 聯電|半導體業|-4 5 -24|86 98 24 17|0.9 3164|35 22 5 -36 -17
2305 全友|電腦及週|-34 -24 -15|71 71 -18 -2|0.2 11|5 4 0 -16 3
2308 台達電|電子零組|13 19 -4|96 96 7 10|1.0 1967|67 7 -3 -15 1
2312 金寶|其他電子|1 18 -12|80 91 -6 6|0.4 49|11 3 0 -19 -9
2313 華通|電子零組|-23 -11 -31|85 85 1 -11|0.6 539|26 -12 -7 12 -3
2314 台揚|通信網路|69 49 25|64 86 18 -7|1.8 30|2 4 -0 -32 -100
2317 鴻海|其他電子|48 8 -8|89 90 1 -10|0.7 3067|40 -19 -1 6 -27
2324 仁寶|電腦及週|-24 -34 -22|95 100 10 3|0.8 214|41 3 10 -6 -21
2327 國巨*|電子零組|-17 2 -9|86 95 31 27|0.8 1467|45 15 3 -11 13
2328 廣宇|電子零組|-15 -3 -9|94 94 18 11|0.8 113|12 5 0 -9 -26
2329 華泰|半導體業|-21 -15 -11|83 95 11 11|0.6 33|10 9 0 -2 -10
2330 台積電|半導體業|16 30 -12|85 99 36 6|0.7 16955|72 33 0 -29 -37
2331 精英|電腦及週|-44 -47 -46|80 80 -0 -0|0.4 16|10 7 0 -3 5
2332 友訊|通信網路|21 6 -7|92 92 9 -4|1.3 23|8 1 0 -1 3
2337 旺宏|半導體業|-41 -40 -24|84 95 10 6|0.3 172|21 21 -1 -19 -30
2338 光罩|半導體業|-16 4 -21|84 88 44 14|0.6 753|9 -3 2 -11 12
2340 台亞|半導體業|-49 -42 -15|64 88 10 -11|0.5 44|12 13 0 -3 -13
2342 茂矽|半導體業|-21 -14 -22|90 97 16 4|0.6 37|6 8 0 11 -20
2344 華邦電|半導體業|-44 -31 -22|65 95 10 3|1.6 491|24 5 1 -18 -21
2345 智邦|通信網路|19 26 -3|93 93 9 -2|1.5 890|63 12 -8 -24 0
2347 聯強|電子通路|-16 -16 -20|85 100 15 14|0.6 180|31 -3 12 -19 -36
2351 順德|半導體業|-20 -12 -15|76 98 26 1|1.0 168|23 3 7 -6 31
2352 佳世達|電腦及週|-23 -16 -20|91 97 8 5|0.8 89|15 -1 -1 2 -31
2353 宏碁|電腦及週|-46 -34 -17|91 99 5 15|1.0 211|31 12 9 -19 -11
2354 鴻準|其他電子|2 22 29|88 97 17 7|0.9 198|17 11 0 0 -19
2355 敬鵬|電子零組|-13 -12 -7|80 92 7 2|0.8 18|17 5 0 -9 -7
2356 英業達|電腦及週|-6 -12 -17|97 97 7 5|0.6 160|25 -5 15 3 -40
2357 華碩|電腦及週|-37 -25 -21|83 97 13 5|0.7 424|43 -6 7 -3 -5
2358 廷鑫|其他|-49 -22 -10|59 89 -2 7|0.8 63|2 1 0 -9 3
2359 所羅門|其他電子|-42 -2 -33|79 92 8 -5|1.3 56|2 -5 0 10 34
2360 致茂|其他電子|-8 7 -21|90 93 5 2|0.7 202|66 9 -0 -25 9
2362 藍天|電腦及週|-15 -27 -9|87 87 -0 -2|1.5 5|10 -19 0 2 7
2363 矽統|半導體業|-43 -4 17|82 84 9 -8|0.8 32|5 10 0 -10 -22
2364 倫飛|電腦及週|25 35 21|76 76 11 49|1.4 43|17 -2 0 -9 -19
2367 燿華|電子零組|-17 -15 -47|76 76 -3 -9|0.9 63|8 1 0 -5 7
2368 金像電|電子零組|-17 1 -20|84 84 -3 -1|1.3 756|17 -5 -16 50 1
2369 菱生|半導體業|-37 -35 -11|62 87 7 -9|1.7 10|14 -5 0 -5 -11
2371 大同|電機機械|30 49 29|90 93 8 -4|0.5 113|17 7 -0 -10 -17
2373 震旦行|其他電子|-16 -16 -8|91 92 2 -6|0.8 6|2 15 0 -11 28
2374 佳能|光電業|-20 -10 -62|72 81 -2 -15|0.7 7|5 5 0 -1 -6
2375 凱美|電子零組|-48 -34 -9|54 79 9 -5|0.9 24|7 4 0 -5 3
2376 技嘉|電腦及週|-42 -12 4|89 98 16 42|0.8 767|20 14 -3 -17 -59
2377 微星|電腦及週|-35 -27 -13|89 98 11 20|0.7 306|31 7 4 -16 -23
2379 瑞昱|半導體業|-46 -32 -34|71 95 29 7|0.9 1252|47 8 2 -12 -23
2380 虹光|電腦及週|-51 -22 -24|73 76 -6 -17|0.6 9|0 -4 0 na na
2382 廣達|電腦及週|-11 -9 -22|88 96 14 -4|0.6 401|23 -14 8 -31 -30
2383 台光電|電子零組|-38 -22 -18|71 97 17 19|0.7 368|38 8 -4 -12 -26
2385 群光|電子零組|-29 -16 -22|100 100 12 7|0.9 128|35 19 1 4 -14
2387 精元|電腦及週|-40 -20 -21|93 93 -1 1|0.6 10|7 -8 0 -7 -4
2388 威盛|半導體業|-27 10 -19|81 81 5 -8|0.9 498|10 2 -0 -5 0
2390 云辰|其他電子|14 16 12|56 78 -6 -11|0.5 7|3 18 0 -4 -25
2392 正崴|電子零組|10 -2 -15|97 97 13 19|1.1 57|14 21 0 -43 -4
2393 億光|光電業|-24 -23 -1|72 93 3 -5|1.1 28|25 8 0 -9 -22
2395 研華|電腦及週|5 6 -10|95 100 22 8|0.9 288|42 4 -0 45 -23
2399 映泰|電腦及週|-21 -39 -19|65 95 2 -0|0.7 18|5 9 0 -11 -24
2401 凌陽|半導體業|-52 -47 -28|74 95 8 -9|3.4 39|12 3 0 -3 -22
2402 毅嘉|電子零組|2 19 1|95 95 -1 26|0.7 34|11 6 -1 -10 6
2404 漢唐|其他電子|113 139 42|100 100 44 34|1.1 202|26 20 0 4 -12
2405 輔信|電腦及週|8 -9 -6|80 80 -1 -6|2.2 12|5 3 0 -4 0
2406 國碩|光電業|-44 -39 -20|71 84 11 -11|0.3 16|6 12 0 -5 -15
2408 南亞科|半導體業|-67 -65 -26|74 95 1 6|0.6 451|16 6 4 -42 -5
2409 友達|光電業|-43 -43 -7|73 85 -6 11|1.6 522|26 9 2 -17 -25
2412 中華電|通信網路|2 0 -3|89 91 5 -9|1.0 1005|17 -19 -1 -1 -14
2413 環科|電子零組|-10 24 3|93 93 8 48|1.3 64|6 6 -0 -1 -30
2417 圓剛|電腦及週|-42 -22 -5|69 93 12 4|0.3 6|2 29 0 -15 -15
2419 仲琦|通信網路|39 53 16|86 86 0 -5|0.9 50|2 -3 0 9 -1
2421 建準|電子零組|-30 -15 -17|88 88 -6 -1|0.3 35|23 -11 -2 5 57
2425 承啟|電腦及週|-35 -27 -21|93 93 24 31|5.1 44|15 -2 0 44 27
2426 鼎元|光電業|-26 -32 -8|62 91 5 -7|0.8 5|8 5 0 -24 -9
2428 興勤|電子零組|-21 -9 -7|97 97 22 6|0.7 100|15 5 4 16 50
2430 燦坤|電子通路|-14 -10 -7|84 97 8 12|1.4 6|6 1 0 67 -5
2436 偉詮電|半導體業|-53 -38 -15|53 86 11 -9|0.7 94|7 1 0 13 -8
2439 美律|通信網路|13 -11 -14|90 90 2 4|0.5 37|13 27 -1 -12 -10
2441 超豐|半導體業|-50 -43 -21|74 84 10 -11|0.4 50|15 4 -0 -7 -22
2444 兆勁|通信網路|-17 13 8|80 80 27 8|0.7 45|4 -1 0 na na
2449 京元電子|半導體業|-17 -12 -20|94 100 22 7|0.8 143|31 16 2 -26 -13
2451 創見|半導體業|-35 -30 -12|100 100 5 4|1.0 19|9 30 4 -16 7
2454 聯發科|半導體業|-49 -28 -35|69 97 18 7|0.8 4949|61 6 -0 -20 -29
2455 全新|通信網路|-61 -48 -15|66 95 36 21|0.8 359|30 3 7 -8 21
2457 飛宏|電子零組|-33 -13 -23|83 94 7 5|0.7 102|6 4 -0 -8 -7
2458 義隆|半導體業|-39 -49 -17|66 97 24 1|0.9 188|26 2 4 -17 4
2462 良得電|電子零組|-49 -29 -23|81 100 24 11|0.8 8|2 6 0 -5 -4
2464 盟立|其他電子|-14 -5 -13|95 95 5 -2|0.4 5|4 -1 0 -10 -4
2465 麗臺|電腦及週|-72 -51 -9|61 91 6 29|0.3 100|2 -1 0 -14 -1
2468 華經|資訊服務|-22 -2 -9|87 87 -0 94|0.9 86|1 -0 0 31 24
2472 立隆電|電子零組|-34 -20 -21|88 98 17 3|1.2 19|3 18 0 -27 -5
2474 可成|其他電子|-58 -38 -6|100 100 7 13|0.7 347|46 18 1 -13 -14
2476 鉅祥|電子零組|-24 -5 -8|79 80 5 -12|0.5 22|3 18 0 -2 -22
2480 敦陽科|資訊服務|4 -3 -7|97 100 14 -1|1.8 15|6 9 -0 24 1
2481 強茂|半導體業|-36 -25 -16|64 93 16 0|0.9 233|12 12 0 -11 -23
2482 連宇|其他電子|173 158 83|98 98 80 59|0.5 157|20 4 0 -13 -29
2484 希華|電子零組|-19 -14 -13|89 89 10 -7|1.3 37|7 -1 0 -1 7
2485 兆赫|通信網路|-8 16 10|90 90 4 1|0.7 10|6 9 0 -10 -5
2486 一詮|光電業|-30 -25 -10|46 83 27 -14|0.3 36|3 8 0 -10 -29
2489 瑞軒|光電業|-35 -38 -12|66 85 5 -11|0.3 9|10 17 0 -7 -25
2492 華新科|電子零組|-28 -21 -4|62 92 15 0|1.3 202|15 5 1 -19 -38
2493 揚博|電子零組|-7 -1 -17|97 97 15 13|1.6 11|5 18 0 -1 3
2495 普安|電腦及週|37 24 0|79 79 3 14|0.7 33|22 -4 0 -6 70
2497 怡利電|汽車工業|-2 17 -24|64 82 -1 8|0.4 104|1 -0 -0 5 -1
2498 宏達電|通信網路|-40 -22 -8|95 95 26 3|1.3 1614|14 2 -0 -0 -12
2501 國建|建材營造|188 119 24|90 97 13 -1|0.7 9|7 15 0 -15 1
2504 國產|建材營造|-27 -12 -8|88 100 12 8|1.5 34|15 7 1 -12 -12
2511 太子|建材營造|-67 -57 -55|84 95 10 -4|1.2 9|9 11 0 -20 -2
2520 冠德|建材營造|-51 15 7|80 96 10 1|0.8 17|15 13 0 -19 -12
2530 華建|建材營造|-89 -8 -21603|91 91 0 22|0.9 10|2 8 -5 -17 -5
2534 宏盛|建材營造|59 185 110|90 90 -7 -4|0.9 18|7 -3 0 12 14
2535 達欣工|建材營造|-20 -4 -22|92 97 4 2|1.1 7|7 -14 0 -21 -1
2538 基泰|建材營造|17 27 -21|88 88 11 -4|1.5 6|12 3 0 -2 -13
2539 櫻花建|建材營造|na na na|100 100 8 13|0.7 6|1 18 0 5 -0
2540 愛山林|建材營造|-40 -35 -19|81 81 9 11|0.2 11|0 -0 0 3 28
2542 興富發|建材營造|-44 46 84|93 93 -0 9|0.3 92|9 10 -0 -25 -9
2545 皇翔|建材營造|-66 -68 -81|80 93 7 -9|1.5 9|4 -8 0 8 -0
2546 根基|建材營造|48 66 25|98 98 19 12|1.2 6|4 13 0 150 -3
2548 華固|建材營造|-28 -74 -1908|96 96 4 -0|1.0 29|19 8 -0 -15 5
2597 潤弘|建材營造|-23 -1 -17|90 95 26 40|0.9 11|1 18 0 -9 -10
2603 長榮|航運業|-54 -42 -69|45 59 -3 -33|0.6 2836|29 -3 -2 12 6
2605 新興|航運業|28 10 13|63 81 7 -11|0.4 34|38 14 0 -14 -11
2606 裕民|航運業|-15 -22 -20|79 98 33 20|0.4 200|10 16 3 -37 -34
2607 榮運|航運業|-29 -9 -124|66 77 -1 -10|4.4 82|14 50 -1 -7 34
2608 嘉里大榮|航運業|-23 -13 -8|83 92 5 -6|0.8 10|5 14 0 -13 -4
2609 陽明|航運業|-64 -54 -63|56 67 -7 -35|0.5 1536|16 -14 -0 -7 -4
2610 華航|航運業|5 -10 -20|62 83 7 -14|0.6 531|11 3 -0 -2 0
2611 志信|航運業|-59 -54 -44|57 73 -1 -27|0.6 7|2 -4 0 -6 6
2612 中航|航運業|-6 -1 -24|71 84 13 -6|0.2 18|2 8 1 -15 -6
2613 中櫃|航運業|-15 -11 -12|53 74 1 -16|0.4 6|1 -6 -1 -3 1
2614 東森|其他|-6 -1 -6|58 87 7 -10|0.6 93|2 2 0 -9 13
2615 萬海|航運業|-71 -55 -66|47 73 5 -29|0.4 1038|43 -1 -0 -15 3
2616 山隆|油電燃氣|-23 -17 -13|82 89 -5 -8|0.5 6|4 9 0 22 5
2617 台航|航運業|15 19 0|74 90 7 -9|0.6 24|3 9 -0 -24 -6
2618 長榮航|航運業|42 24 -10|77 80 11 -11|0.8 929|30 -8 0 7 -11
2633 台灣高鐵|航運業|47 28 -48|98 98 3 0|0.6 111|11 10 0 -6 -17
2634 漢翔|航運業|53 31 -1|99 99 19 2|2.7 225|7 1 0 25 5
2636 台驊控股|航運業|-70 -65 -45|51 80 -3 -21|0.4 46|15 2 -1 -22 21
2637 慧洋-KY|航運業|-31 -25 -52|60 88 8 -11|0.3 212|11 4 1 -24 -12
2641 正德|航運業|-34 -24 -44|64 80 -1 -18|0.4 24|0 -2 0 -8 7
2642 宅配通|航運業|-17 -7 -5|57 84 7 -9|0.3 15|5 -2 0 -15 26
2702 華園|觀光餐旅|68 42 -23|79 79 7 6|1.2 7|38 1 0 -5 11
2707 晶華|觀光餐旅|31 21 -0|92 92 35 53|0.7 312|22 7 -1 8 -17
2723 美食-KY|觀光餐旅|6 3 5|99 99 46 54|0.6 211|56 11 2 -14 4
2727 王品|觀光餐旅|27 7 -4|100 100 43 72|2.7 372|27 9 0 91 40
2729 瓦城|觀光餐旅|67 26 8|100 100 20 36|2.1 18|4 13 5 6 11
2731 雄獅|觀光餐旅|591 314 106|99 99 30 28|0.9 155|10 2 0 10 -1
2732 六角|觀光餐旅|-1 -4 -7|99 99 37 50|1.4 201|8 -2 2 88 117
2736 富野|觀光餐旅|36 4 -104|75 83 12 -13|0.6 14|6 3 0 -8 -13
2743 山富|觀光餐旅|1339 876 106|83 83 17 14|0.7 45|1 1 0 10 43
2748 雲品|觀光餐旅|33 30 -55|93 93 58 68|2.3 258|5 2 1 59 -20
2752 豆府|觀光餐旅|66 33 -28|100 100 30 78|2.1 14|2 5 0 na 0
2753 八方雲集|觀光餐旅|6 9 -5|96 96 28 57|1.7 212|18 4 4 -30 15
2754 亞洲藏壽司|觀光餐旅|62 30 -184|100 100 42 80|0.8 67|81 3 0 -5 6
2801 彰銀|金融保險|32 31 10|91 97 3 -3|0.8 93|13 11 -1 11 -7
2809 京城銀|金融保險|115 38 74|88 94 5 -5|0.3 44|13 15 0 -15 -20
2812 台中銀|金融保險|28 13 1|89 96 4 -3|1.5 95|10 12 -0 -2 8
2820 華票|金融保險|-11 -40 -1|91 93 5 -4|1.1 7|7 26 0 4 -5
2834 臺企銀|金融保險|35 25 5|100 100 11 6|0.6 225|18 19 0 -2 -42
2836 高雄銀|金融保險|-24 -10 -4|86 92 1 -6|1.1 5|7 25 0 -2 5
2838 聯邦銀|金融保險|24 10 11|97 97 -1 18|0.7 10|6 33 0 28 -12
2845 遠東銀|金融保險|6 43 32|98 98 9 6|1.1 54|11 21 -0 -2 -4
2850 新產|金融保險|3 1 -2|89 89 14 -4|1.0 9|11 22 1 -71 -28
2851 中再保|金融保險|-7 0 -4|63 86 1 -15|0.9 55|2 16 0 -70 -11
2855 統一證|金融保險|2774 907 688|83 97 11 -0|1.5 12|9 25 0 10 -8
2880 華南金|金融保險|13 1 -5|96 96 5 -4|0.7 211|18 -8 -0 -3 9
2881 富邦金|金融保險|-74 -121 -62|85 98 12 4|0.7 739|20 6 2 -10 1
2882 國泰金|金融保險|-42 -71 -24|71 92 10 -7|0.4 1020|21 7 1 -16 -45
2883 凱基金|金融保險|-59 -98 -44|71 93 5 -6|0.7 289|23 11 5 -12 -52
2884 玉山金|金融保險|25 7 11|78 89 7 -11|1.0 506|32 -15 -1 -7 -13
2885 元大金|金融保險|-15 -25 -4|92 99 12 11|0.5 291|26 22 4 -16 -45
2886 兆豐金|金融保險|56 19 20|79 92 10 -7|0.8 422|22 12 -1 -20 -11
2887 台新新光金|金融保險|10 2 -6|84 98 19 5|0.6 201|24 28 -0 -2 -18
2889 國票金|金融保險|-10 -35 2|81 93 12 -7|0.6 86|10 4 1 5 17
2890 永豐金|金融保險|-6 -7 -9|95 95 6 2|0.5 303|28 8 5 -10 -27
2891 中信金|金融保險|-66 -90 -62|78 91 6 -6|0.6 562|39 -3 -1 11 -6
2892 第一金|金融保險|26 8 -2|95 98 6 -0|0.7 422|25 -7 1 23 1
2903 遠百|貿易百貨|10 2 -3|97 97 16 12|1.1 23|10 20 8 -26 5
2906 高林|貿易百貨|-20 -13 -20|64 88 20 -6|0.4 13|3 7 0 -12 -11
2912 統一超|貿易百貨|12 11 0|94 94 3 -4|0.7 288|30 -19 -5 30 5
2913 農林|貿易百貨|-6 -6 -11|90 90 -5 13|0.3 11|9 1 0 -5 -1
2915 潤泰全|貿易百貨|-27 -10 -12|60 93 8 5|0.3 137|9 -7 2 7 -13
2916 滿心|居家生活|49 18 -48|100 100 37 32|2.6 11|22 0 0 270 21
2929 淘帝-KY|貿易百貨|-13 -16 -3|77 77 41 33|0.7 72|18 -1 0 -30 14
3003 健和興|電子零組|-23 -20 -19|80 82 -0 -15|0.7 23|5 9 -5 -5 2
3004 豐達科|鋼鐵工業|46 60 5|98 98 29 27|1.3 24|6 6 -0 -9 -0
3005 神基|電腦及週|-3 3 -6|84 97 19 0|1.2 46|23 19 -3 -37 -5
3006 晶豪科|半導體業|-54 -55 -20|47 91 15 -4|0.6 309|17 15 0 -19 -38
3008 大立光|光電業|-13 -1 -3|95 95 15 9|0.7 1188|38 -2 2 -10 -1
3010 華立|電子通路|-35 -22 -22|83 93 7 -8|1.1 16|11 16 3 -21 -0
3011 今皓|電子零組|-52 -47 -38|75 90 24 -15|1.7 10|1 3 1 na na
3013 晟銘電|電腦及週|-1 23 -0|84 84 27 21|2.0 98|4 -2 0 53 63
3014 聯陽|半導體業|-24 -27 2|80 96 31 21|2.0 78|14 10 0 25 -7
3016 嘉晶|半導體業|-21 -6 -19|62 82 6 -10|0.7 47|4 14 0 -6 -30
3017 奇鋐|電腦及週|-35 1 -14|93 93 11 4|1.1 416|42 5 -7 5 -16
3019 亞光|光電業|-33 -27 -15|78 96 3 0|0.8 50|11 7 -0 -1 -14
3022 威強電|電腦及週|8 25 -4|98 98 34 32|2.1 102|28 -4 -0 4 76
3023 信邦|電子零組|17 21 0|97 97 13 12|1.3 175|64 18 -1 30 -5
3024 憶聲|光電業|-0 -15 -16|94 94 -1 -0|0.6 5|1 -10 0 4 13
3025 星通|通信網路|-61 -62 -44|78 78 -6 3|0.2 5|2 11 -1 -13 -15
3026 禾伸堂|電子零組|-37 -18 -7|86 100 6 5|1.2 15|11 20 0 -19 -3
3027 盛達|通信網路|-48 3 -3|89 89 38 104|0.7 370|2 -1 -0 -33 34
3028 增你強|電子通路|-54 -32 -23|82 98 11 -2|1.4 9|5 18 0 -1 -8
3029 零壹|資訊服務|37 15 9|100 100 23 15|7.4 14|4 7 0 58 -5
3030 德律|其他電子|-64 -25 -37|91 94 -1 3|1.0 21|17 -16 0 -1 8
3033 威健|電子通路|-30 -16 -12|88 98 2 1|1.2 22|6 14 0 -11 -1
3034 聯詠|半導體業|-41 -37 -15|95 98 47 46|1.4 2731|47 9 4 -41 -32
3035 智原|半導體業|2 13 -48|61 97 32 13|1.3 2090|28 0 3 -20 8
3036 文曄|電子通路|2 6 -20|73 98 13 1|0.6 61|11 6 4 -12 -22
3037 欣興|電子零組|-6 7 -25|52 77 -3 -19|0.5 3061|37 2 -2 -7 -16
3038 全台|光電業|-10 -0 -9|93 93 0 -2|1.0 10|8 -1 0 -21 -2
3041 揚智|半導體業|-58 -31 -23|54 84 15 -14|1.5 18|12 0 -0 2 16
3042 晶技|電子零組|-36 -21 -6|92 95 9 -4|1.0 111|15 8 2 -16 -13
3044 健鼎|電子零組|-28 -18 -19|81 99 9 -1|0.6 118|39 -13 -0 48 -26
3045 台灣大|通信網路|5 10 1|91 95 3 -5|0.7 250|16 -6 4 10 -1
3046 建碁|電腦及週|50 18 -17|85 85 -6 60|1.7 48|2 -1 -0 -4 96
3047 訊舟|通信網路|-23 -7 -17|80 80 -9 -8|0.4 36|3 -3 0 1 -9
3048 益登|電子通路|-27 -15 -22|81 91 -5 -7|1.1 10|3 8 0 -8 -7
3050 鈺德|光電業|-3 8 -1|93 98 8 5|0.2 6|10 10 0 -4 19
3051 力特|光電業|-50 -27 -15|66 84 1 6|0.6 8|2 -4 0 14 -8
3056 富華新|建材營造|72 765 -7785|86 94 3 2|0.5 17|5 15 1 6 -15
3059 華晶科|光電業|-34 5 -43|67 90 -1 -7|1.1 51|13 -7 -0 -3 7
3062 建漢|通信網路|-20 53 4|76 79 4 -18|0.5 52|12 8 0 -5 -12
3078 僑威|電子零組|-31 -24 11|81 90 16 -5|1.0 7|1 10 0 -15 -14
3081 聯亞|通信網路|-21 55 15|67 72 38 -21|1.0 274|37 -1 -1 -1 13
3083 網龍|文化創意|26 5 -4|86 92 17 8|0.5 30|1 -2 0 -5 7
3088 艾訊|電腦及週|-24 5 -19|91 97 12 7|3.3 20|6 3 -7 94 -13
3090 日電貿|電子零組|-24 -10 -7|99 99 10 10|0.9 19|9 13 1 -4 -5
3092 鴻碩|電子零組|-48 -44 -55|51 77 2 -14|0.6 11|3 17 0 -5 -9
3093 港建*|其他電子|-29 -7 -29|73 96 30 3|3.6 19|68 2 0 -24 159
3094 聯傑|半導體業|-23 -9 -15|78 94 14 4|5.2 11|2 -3 0 20 7
3105 穩懋|半導體業|-55 -52 -20|52 87 26 -3|1.6 1280|40 -0 0 6 5
3122 笙泉|半導體業|-76 -64 -26|41 75 1 -22|0.6 5|3 9 0 -7 -16
3128 昇銳|光電業|48 -3 -29|86 86 37 124|0.6 116|2 -2 -1 24 51
3131 弘塑|半導體業|-26 -17 -16|76 84 27 1|0.6 14|4 2 0 na -8
3138 耀登|通信網路|32 31 8|75 88 15 18|1.0 40|3 13 -1 0 -14
3141 晶宏|半導體業|-26 -37 -32|50 72 20 -14|1.0 504|5 -1 0 10 -0
3149 正達|光電業|-47 -26 -16|66 82 -15 8|0.6 6|2 1 0 0 na
3152 璟德|通信網路|-31 -27 19|70 94 26 22|1.3 23|17 -2 10 -13 -12
3162 精確|電機機械|46 100 15|88 88 21 13|2.3 161|44 1 -0 8 -8
3163 波若威|通信網路|-13 4 -35|87 87 4 -8|0.8 74|5 -0 0 4 15
3169 亞信|半導體業|-51 -36 -36|49 83 13 -10|1.1 71|2 4 0 2 -11
3178 公準|半導體業|-36 -1 -6|95 95 26 12|0.8 10|2 12 0 -4 -15
3189 景碩|半導體業|-37 -21 -36|48 76 -1 -20|0.4 631|11 -2 -0 -6 11
3205 佰研|生技醫療|-31 -18 -5|61 61 11 -13|0.7 17|11 -1 0 11 5
3207 耀勝|電子零組|22 30 1|99 99 14 75|1.1 190|6 3 -0 -11 -37
3209 全科|電子通路|12 42 12|100 100 22 6|3.0 31|5 15 -0 54 4
3211 順達|電腦及週|-6 -6 -0|75 99 9 1|1.4 16|11 18 -0 -3 -32
3217 優群|電子零組|-19 -24 -13|76 100 30 29|1.6 56|3 -0 2 22 16
3218 大學光|生技醫療|7 24 -6|97 97 29 9|0.8 238|29 2 4 -46 13
3219 倚強科|其他電子|-48 -19 -348|50 88 49 -13|2.3 6|2 0 0 -1 0
3221 台嘉碩|通信網路|-32 -22 -35|67 72 2 -25|0.7 8|5 11 0 -11 -0
3224 三顧|電子通路|-32 -42 -36|77 86 13 13|1.4 10|2 10 0 3 -9
3227 原相|半導體業|-37 -35 6|82 95 28 18|1.1 50|17 8 -1 -8 -13
3228 金麗科|半導體業|-75 -52 -22|40 51 20 -43|1.1 442|7 1 0 11 -0
3231 緯創|電腦及週|-18 -5 -18|99 99 16 11|0.8 289|33 37 2 -23 -1
3234 光環|通信網路|-54 -45 -17|78 78 3 -16|0.7 9|3 -7 0 3 10
3236 千如|電子零組|-16 2 -17|91 91 -1 10|0.2 6|12 17 0 -13 -6
3252 海灣|觀光餐旅|-23 -30 -67|72 76 9 -16|0.4 5|8 -1 0 -0 7
3260 威剛|半導體業|-34 -30 -15|71 97 16 9|0.7 108|12 14 2 -32 -57
3264 欣銓|半導體業|11 17 -4|99 99 23 27|1.2 163|25 19 -0 12 -4
3265 台星科|半導體業|-9 -3 -30|94 99 13 9|0.8 62|6 8 0 -9 13
3272 東碩|電腦及週|-10 46 -8|70 70 -21 34|0.4 33|1 -6 0 -4 28
3289 宜特|其他電子|17 13 -5|92 92 4 49|0.9 277|13 7 -1 -22 -30
3290 東浦|電子零組|-18 -5 -10|98 98 15 20|1.6 29|4 8 0 2 40
3293 鈊象|文化創意|20 18 12|96 96 32 23|0.7 1037|38 16 1 -19 -1
3296 勝德|電子零組|-39 -22 -1|87 87 -3 2|1.5 8|3 11 0 -2 -37
3305 昇貿|其他電子|-49 -40 -43|59 83 15 -17|1.2 42|1 -4 0 6 29
3317 尼克森|半導體業|-31 -26 -15|77 87 11 -9|0.8 21|3 7 0 -14 -15
3322 建舜電|電子零組|-49 -48 -14|79 89 10 15|1.0 8|1 -5 0 0 34
3324 雙鴻|其他電子|-38 -26 -21|64 95 21 2|0.7 108|10 8 -1 -2 -19
3346 麗清|汽車工業|-11 11 -11|85 85 19 -0|0.6 27|5 10 0 -13 -33
3356 奇偶|光電業|19 7 0|82 82 -6 49|0.4 58|4 -5 0 0 -10
3357 臺慶科|電子零組|-25 -21 -5|85 95 32 9|3.8 13|11 -1 0 79 27
3362 先進光|光電業|-36 -32 -30|89 89 34 -0|0.9 72|2 2 0 0 -10
3374 精材|半導體業|-12 -7 -13|73 80 14 -14|1.0 187|9 -1 0 -21 -25
3376 新日興|電子零組|-49 -37 -33|90 90 4 -1|1.2 24|21 -3 0 -15 -22
3380 明泰|通信網路|11 38 13|88 88 5 -2|0.4 28|7 8 0 -5 -21
3402 漢科|其他電子|-21 -2 -39|92 95 11 -4|0.5 5|3 -4 0 3 7
3406 玉晶光|光電業|3 -5 -22|77 82 16 -12|0.4 663|21 -5 0 -1 5
3413 京鼎|半導體業|4 15 -5|90 93 16 -1|1.0 73|22 12 -4 -9 -13
3419 譁裕|通信網路|7 47 19|79 85 3 1|0.2 12|4 1 0 -7 -7
3430 奇鈦科|化學工業|-42 -22 na|na na -2 na|0.9 6|1 8 0 na na
3438 類比科|半導體業|-50 -49 -13|76 97 9 7|1.4 15|2 2 0 -4 -3
3441 聯一光電|光電業|-43 -39 -33|88 88 23 -6|0.3 16|4 3 0 -18 15
3443 創意|半導體業|27 61 3|97 97 56 64|1.3 5890|36 -2 0 49 -3
3444 利機|電子通路|-39 -25 -9|78 78 9 14|1.2 52|9 -2 0 -11 -41
3450 聯鈞|半導體業|-33 -22 -13|78 85 12 -12|1.4 9|8 4 0 -7 2
3454 晶睿|光電業|59 103 15|97 97 42 142|0.9 1777|9 1 0 -19 14
3455 由田|光電業|-0 7 -6|80 96 6 3|1.1 44|5 10 0 -12 -14
3466 德晉|通信網路|22 84 65|90 90 15 29|0.5 20|13 -7 0 5 18
3479 安勤|電腦及週|6 37 -18|89 89 44 32|2.7 379|5 -0 1 16 36
3481 群創|光電業|-48 -42 -3|72 93 -2 19|1.9 424|26 12 -0 -17 -6
3483 力致|電腦及週|-17 -30 -28|70 94 25 -2|1.3 16|2 -1 0 -2 15
3491 昇達科|通信網路|-21 -21 -25|75 80 19 -16|0.6 94|9 7 -1 -6 -9
3494 誠研|電腦及週|4 -6 -26|76 76 26 -10|1.4 8|12 1 0 na na
3498 陽程|其他電子|-45 61 29|86 86 28 18|2.1 15|3 1 0 -8 -0
3499 環天科|通信網路|-51 -43 -16|72 85 -1 -4|0.3 6|2 8 0 -9 -13
3501 維熹|電子零組|-21 -11 -20|95 95 8 11|0.4 6|5 -2 0 -28 3
3504 揚明光|光電業|-43 -39 -39|73 73 -1 -14|0.4 77|2 4 0 -2 -5
3508 位速|其他電子|-38 -36 -29|73 88 13 -10|0.7 29|1 -1 0 -17 -100
3511 矽瑪|電子零組|-34 -12 -67|79 79 -7 -2|0.3 6|1 4 0 -14 -12
3515 華擎|電腦及週|-36 -23 -5|68 96 46 55|0.4 308|6 3 -2 -2 -9
3520 華盈|電子零組|-55 16 -31|76 76 -0 12|0.9 8|1 -3 0 9 -12
3521 台鋼建設|建材營造|16 -24 -22|77 77 -12 28|0.9 12|1 1 0 na -26
3526 凡甲|電子零組|-45 -35 -19|66 81 8 -12|1.6 28|5 0 -2 2 -1
3527 聚積|半導體業|-41 -34 -14|63 87 16 -5|1.8 21|6 9 0 0 -14
3529 力旺|半導體業|-9 34 -5|85 93 38 24|1.3 1099|62 -2 1 -25 0
3530 晶相光|半導體業|-29 -40 7|67 88 11 -11|1.1 15|42 5 0 -29 -4
3532 台勝科|半導體業|-9 21 -12|41 82 -1 -14|0.6 173|51 -1 -0 -11 11
3533 嘉澤|電子零組|-31 -4 -27|92 92 6 24|1.0 572|31 -6 -1 4 8
3535 晶彩科|光電業|-52 -55 -86|62 79 -20 -12|0.4 12|4 8 -1 -4 -4
3537 堡達|電子零組|-54 -31 -9|99 100 17 16|3.0 7|2 3 0 69 -13
3545 敦泰|半導體業|-45 -40 3|54 90 -8 -7|0.6 209|17 13 0 -14 -27
3546 宇峻|文化創意|-5 -8 -1|94 98 5 7|0.7 13|11 -3 0 -17 -8
3548 兆利|電子零組|-59 -47 -35|84 94 8 2|3.8 18|7 3 0 -11 -8
3552 同致|其他電子|-51 -17 -27|79 79 9 3|1.0 189|15 1 0 3 -17
3558 神準|通信網路|46 97 20|96 96 33 17|1.0 824|14 4 -0 33 -29
3563 牧德|光電業|-20 -19 6|66 95 23 8|1.0 16|10 11 0 3 -9
3576 聯合再生|光電業|2 22 -10|86 89 -1 -6|0.5 88|16 3 0 -1 21
3577 泓格|電腦及週|-32 -13 -32|88 88 19 11|0.8 7|1 -3 0 -4 -0
3580 友威科|其他電子|-69 -12 -39|78 78 1 -6|2.0 22|7 -4 0 -1 22
3583 辛耘|半導體業|9 5 -19|82 91 14 6|0.8 20|8 4 0 -3 -20
3587 閎康|其他電子|20 20 2|96 96 31 50|1.0 258|10 7 0 -12 -3
3588 通嘉|半導體業|-67 -57 -29|47 90 -2 -8|1.3 30|1 -1 0 6 10
3591 艾笛森|光電業|-14 -13 -1|100 100 48 28|3.6 16|3 3 1 38 10
3592 瑞鼎|半導體業|-56 -43 -30|62 95 46 34|0.9 332|15 3 2 -20 -25
3594 磐儀|電腦及週|1 20 3|100 100 38 25|3.4 50|5 1 0 35 24
3596 智易|通信網路|10 29 5|77 89 13 -10|0.8 77|21 18 -9 2 -27
3611 鼎翰|電腦及週|10 13 -3|99 99 10 7|1.7 5|12 -3 0 39 0
3617 碩天|其他電子|39 33 1|98 98 14 37|1.8 44|7 10 0 8 12
3624 光頡|電子零組|-35 -30 -29|60 98 33 13|3.3 251|41 -2 3 33 54
3630 新鉅科|光電業|-55 -44 -5|76 82 2 -7|0.3 6|36 8 0 -8 -11
3645 達邁|電子零組|-64 -55 -28|57 84 8 -13|0.7 5|11 1 0 -5 -3
3653 健策|電子零組|4 26 -7|97 97 9 18|1.0 461|12 6 -3 -39 -7
3661 世芯-KY|半導體業|87 100 60|80 95 23 35|1.1 3918|52 -2 3 2 -23
3665 貿聯-KY|其他電子|27 48 -39|79 79 2 -13|0.8 529|43 -10 -1 -5 7
3669 圓展|通信網路|-39 -21 -3|78 88 8 -5|0.5 9|1 7 0 -12 -10
3673 TPK-KY|光電業|-29 -22 -17|78 81 1 -11|1.0 17|34 7 0 -10 -30
3675 德微|半導體業|-24 -13 -16|70 98 41 21|1.1 482|53 1 8 -9 -14
3680 家登|半導體業|-7 19 -29|96 96 35 20|1.7 652|9 2 1 5 -5
3686 達能|半導體業|-97 -95 -10|54 70 34 -16|0.4 5|0 -2 0 na na
3687 歐買尬|數位雲端|-8 -2 -6|46 86 12 -5|0.5 54|3 1 0 -21 -18
3691 碩禾|光電業|-45 -51 -26|60 67 5 -26|0.9 20|6 -0 0 -1 -5
3693 營邦|電腦及週|84 128 61|91 91 83 106|0.8 467|3 -2 0 31 25
3701 大眾控|電腦及週|-32 1 -20|58 80 14 -3|1.3 37|4 2 0 -3 -16
3702 大聯大|電子通路|-36 -23 -20|90 94 8 -4|0.7 150|26 2 13 -12 -12
3703 欣陸|建材營造|-23 -28 -52|92 92 9 1|1.0 37|28 12 0 -17 1
3704 合勤控|通信網路|24 32 11|100 100 33 24|1.2 262|13 3 2 10 73
3705 永信|生技醫療|-18 -19 -12|86 86 11 6|0.4 44|10 3 1 -26 38
3706 神達|電腦及週|-36 4 -9|95 96 10 6|1.5 72|13 16 4 -6 -8
3707 漢磊|半導體業|-12 -1 -20|70 82 6 -5|0.7 331|9 6 1 -13 -24
3708 上緯投控|綠能環保|-50 -28 -18|72 93 11 -1|0.8 301|9 -4 7 -6 -17
3710 連展投控|電子零組|-51 -31 -15|71 71 9 -9|3.0 14|2 0 0 na na
3711 日月光投控|半導體業|-7 -6 -23|98 98 23 16|1.0 1283|76 27 -0 -47 -7
3712 永崴投控|電腦及週|31 -6 -32|91 100 25 8|1.7 18|3 9 0 -17 -5
3714 富采|光電業|-58 -49 -25|49 92 13 -4|0.7 192|15 10 0 -4 -10
3715 定穎投控|電子零組|na na na|na na 2 na|1.2 10|14 12 0 -3 -4
4102 永日|生技醫療|-22 22 5|73 73 -1 59|0.4 61|2 0 0 -42 -5
4104 佳醫|生技醫療|6 9 0|100 100 20 21|2.2 26|7 12 0 22 8
4105 東洋|生技醫療|-2 10 -2|92 92 6 11|0.3 75|21 -12 -3 -21 44
4106 雃博|生技醫療|22 23 8|78 94 33 27|0.4 28|4 10 0 -23 -3
4107 邦特|生技醫療|-11 4 -5|90 90 -2 5|1.4 13|24 -36 -10 22 9
4111 濟生|生技醫療|-11 1 -8|93 93 14 20|0.4 10|4 14 0 -43 -29
4113 聯上|建材營造|-66 -89 -9|92 96 10 10|0.8 13|0 -0 0 113 120
4114 健喬|生技醫療|11 27 -7|92 92 38 54|1.2 719|6 -3 -0 3 17
4116 明基醫|生技醫療|8 51 -48|74 82 18 -9|0.4 19|1 4 0 -3 -0
4119 旭富|生技醫療|43 64 36|98 98 10 20|1.0 28|4 13 -1 -6 -1
4121 優盛|生技醫療|-7 1 -9|80 91 19 14|0.3 18|3 12 0 -23 -25
4123 晟德|生技醫療|62 73 4|87 92 9 -3|0.7 37|8 21 0 -9 -1
4126 太醫|生技醫療|12 25 12|94 94 13 11|0.9 9|11 5 0 -12 -20
4128 中天|生技醫療|-13 -4 0|84 84 15 25|1.1 278|6 2 -0 -10 -1
4129 聯合|生技醫療|16 25 0|95 95 54 64|0.6 32|12 9 1 -14 40
4130 健亞|生技醫療|15 -0 -6|79 79 39 28|1.1 66|4 -5 0 11 61
4133 亞諾法|生技醫療|-25 -12 -6|48 82 9 4|0.3 18|16 9 0 -18 -1
4137 麗豐-KY|生技醫療|-54 -42 -18|98 98 44 25|0.5 90|61 6 -1 43 8
4142 國光生|生技醫療|1164 468 -21|91 97 18 8|2.0 80|7 10 0 -8 -30
4147 中裕|生技醫療|86 344 252|96 96 18 29|0.7 42|8 10 -1 3 1
4148 全宇生技-KY|生技醫療|39 35 -38|72 90 16 8|1.1 12|73 2 0 -13 -4
4153 鈺緯|生技醫療|7 48 16|91 91 44 42|0.6 19|2 2 0 -1 38
4155 訊映|生技醫療|0 0 -20|97 97 31 46|1.4 76|8 9 0 52 3
4157 太景*-KY|生技醫療|59 3035 2159|76 81 7 -5|0.6 19|4 -2 0 1 -5
4162 智擎|生技醫療|-1 -11 -22|79 79 11 36|0.5 681|5 -1 -4 -0 22
4163 鐿鈦|生技醫療|47 40 15|100 100 40 44|2.9 75|7 5 -0 26 21
4164 承業醫|生技醫療|-2 -4 -35|100 100 39 33|2.5 79|27 8 3 67 22
4167 松瑞藥|生技醫療|-15 -27 -6|75 75 27 27|0.3 117|12 3 0 -21 -25
4168 醣聯|生技醫療|na na na|73 73 13 21|0.3 23|6 9 0 -8 -15
4171 瑞基|農業科技|-82 -72 -34|40 75 14 -5|0.4 53|18 -3 0 -20 6
4174 浩鼎|生技醫療|na na na|58 89 12 -3|1.1 27|12 9 0 -5 34
4175 杏一|生技醫療|0 5 -5|80 92 6 4|0.6 9|2 6 -2 -16 -46
4190 佐登-KY|生技醫療|0 3 -0|92 92 3 12|0.3 11|65 -1 0 -7 28
4426 利勤|紡織纖維|15 131 -29|79 80 12 -14|0.8 12|7 3 2 -0 -4
4438 廣越|紡織纖維|-12 -1 -58|83 83 -9 4|1.0 17|4 13 -0 -8 12
4503 金雨|電機機械|22 19 -23|98 100 27 27|3.8 13|4 4 0 -3 17
4523 永彰|電機機械|-46 -28 -10|100 100 73 74|1.1 6|2 1 0 4 38
4536 拓凱|運動休閒|30 18 -12|94 94 9 20|1.0 137|21 -9 -5 55 31
4541 晟田|其他|-35 0 -22|86 86 7 3|1.5 13|4 2 0 -12 17
4551 智伸科|汽車工業|-36 -11 -12|85 85 -1 -7|0.5 34|52 10 -13 15 -13
4563 百德|電機機械|-13 -8 -35|96 96 27 33|0.9 8|0 1 0 7 -15
4564 元翎|電機機械|-36 -38 -12|65 78 3 -10|1.9 8|2 7 0 -12 -27
4566 時碩工業|電機機械|-9 6 -11|84 84 -2 -2|0.4 18|2 0 -1 -4 -5
4572 駐龍|電機機械|70 69 9|96 100 22 13|1.9 28|4 9 -2 26 -5
4576 大銀微系統|電機機械|-46 -25 -21|68 84 16 -11|1.8 6|0 -6 0 -3 -2
4583 台灣精銳|電機機械|-38 -6 na|na 93 6 -2|1.7 6|0 -2 0 na na
4721 美琪瑪|化學工業|-43 -32 -65|72 80 8 -13|2.1 55|1 1 -0 -1 -10
4726 永昕|生技醫療|5 24 -0|79 79 16 4|2.0 18|1 7 0 14 -7
4736 泰博|生技醫療|-8 -7 -64|67 83 6 -5|0.8 88|11 -0 0 -11 -1
4739 康普|化學工業|-32 -24 -44|62 75 10 -18|1.7 60|2 1 -2 1 -5
4743 合一|生技醫療|-19 -9 -990|93 93 14 63|1.2 2120|8 3 0 -6 -12
4744 皇將|生技醫療|-33 -29 -14|94 98 36 25|4.1 8|3 3 0 12 18
4746 台耀|生技醫療|-6 7 -13|86 86 37 26|0.7 279|10 -2 1 -6 91
4747 強生製藥|生技醫療|24 31 8|92 92 80 77|3.2 119|2 -0 0 -19 73
4755 三福化|化學工業|-39 -30 -46|59 81 18 -9|0.4 53|30 3 0 -7 2
4763 材料*-KY|化學工業|58 53 -7|97 97 138 173|1.7 3399|68 -1 1 27 35
4766 南寶|化學工業|-27 -3 -25|95 95 6 6|2.0 8|15 6 0 2 -14
4768 晶呈科技|化學工業|47 54 na|na 81 5 58|0.8 210|6 1 -0 na 33
4770 上品|化學工業|20 29 -36|89 89 28 37|1.4 426|14 5 -1 5 65
4904 遠傳|通信網路|-3 -1 -5|82 89 0 -11|0.8 292|23 -24 4 -15 -29
4906 正文|通信網路|1 31 8|86 86 1 -5|0.7 36|11 -6 0 -10 -16
4908 前鼎|通信網路|-43 -17 -27|76 76 1 -14|0.6 5|5 1 0 -6 -0
4915 致伸|電子零組|-31 -16 -27|82 84 9 -15|0.7 184|60 1 1 -7 4
4916 事欣科|電腦及週|51 91 54|97 98 25 13|0.8 19|5 14 0 10 -0
4919 新唐|半導體業|-32 -15 -13|79 96 37 21|1.1 1094|9 10 4 -27 -35
4927 泰鼎-KY|電子零組|-28 -24 -22|54 95 10 5|0.5 37|16 11 0 -11 -6
4931 新盛力|電腦及週|-14 2 -89|88 88 -5 45|1.4 160|26 -1 -0 -3 15
4934 太極|光電業|31 69 13|76 92 10 -3|1.5 35|1 1 0 na na
4935 茂林-KY|光電業|-59 -40 -25|78 87 -2 -8|0.6 6|26 13 1 -15 -6
4938 和碩|電腦及週|1 -18 -26|99 100 15 4|0.5 181|33 22 -1 -10 -20
4950 金耘國際|鋼鐵工業|-72 -88 -30|73 83 -3 -8|0.8 18|0 -1 0 na na
4952 凌通|半導體業|-60 -50 -35|65 83 8 -15|1.7 13|6 12 0 -12 -8
4953 緯致|資訊服務|9 15 -12|100 100 18 13|0.5 18|12 23 3 -17 -29
4958 臻鼎-KY|電子零組|19 -8 -23|89 89 -0 -3|0.6 292|69 5 -4 -6 -14
4960 誠美材|光電業|-42 -32 -14|91 100 16 18|4.4 17|8 6 0 16 -5
4961 天鈺|半導體業|-44 -34 -19|72 95 16 20|0.8 1026|12 5 4 -27 -44
4966 譜瑞-KY|半導體業|-41 -43 -41|43 88 36 -2|1.1 1126|65 -2 -4 51 8
4967 十銓|半導體業|-24 -13 -0|59 86 11 2|1.7 7|3 10 0 -41 6
4968 立積|半導體業|-20 -9 16|54 84 22 -11|1.0 538|21 -2 0 16 -8
4974 亞泰|電子零組|-13 9 1|95 95 14 13|1.4 79|9 5 0 76 23
4976 佳凌|光電業|-7 -22 3|61 80 8 -16|0.8 10|2 18 0 -13 -25
4977 眾達-KY|通信網路|77 84 51|93 93 16 24|1.4 579|36 -3 -2 18 18
4979 華星光|通信網路|236 166 87|93 93 50 41|1.7 708|6 -2 -2 34 172
4989 榮科|電子零組|-28 -15 -2|62 87 5 1|0.5 7|2 1 0 -3 7
5009 榮剛|鋼鐵工業|18 24 -17|97 97 27 30|0.7 350|23 2 -5 3 8
5011 久陽|鋼鐵工業|-24 7 -22|60 89 13 -9|0.6 9|1 0 0 -13 4
5014 建錩|鋼鐵工業|-39 -29 -33|79 94 36 6|0.5 37|3 2 0 -5 -6
5015 華祺|鋼鐵工業|-56 -35 -40|75 75 -22 -4|0.4 15|10 -2 0 -6 5
5203 訊連|資訊服務|18 15 5|85 92 11 1|9.3 9|7 -11 0 38 42
5222 全訊|半導體業|-8 30 16|82 89 12 13|2.5 72|6 -4 1 38 -17
5225 東科-KY|其他電子|-31 -0 -36|80 80 -12 40|0.2 13|51 -7 1 -8 -0
5227 立凱-KY|電子零組|-7 65 -66|82 90 -10 38|1.1 36|20 -1 -0 na na
5234 達興材料|光電業|-23 -22 -6|61 98 24 11|1.9 11|8 -5 2 31 -18
5236 凌陽創新|半導體業|-46 -38 -2|59 93 18 -5|1.2 10|1 3 0 4 27
5243 乙盛-KY|光電業|-2 6 -11|86 89 -0 -10|0.7 51|53 15 -1 -6 -23
5245 智晶|光電業|-32 -27 -23|66 76 -9 -18|0.4 8|13 -2 0 -8 12
5251 天鉞電|光電業|-7 83 19|84 84 -5 32|0.3 15|25 4 0 -18 -11
5258 虹堡|電腦及週|10 40 -25|94 94 16 16|1.1 642|12 4 0 13 -42
5263 智崴|文化創意|8 26 19|90 90 22 6|0.9 104|15 0 -2 9 -11
5269 祥碩|半導體業|-40 -20 -6|46 89 44 2|0.8 945|17 -0 6 -20 -4
5274 信驊|半導體業|-43 0 -36|72 87 13 24|1.3 1041|57 8 3 -18 -19
5283 禾聯碩|電器電纜|-50 -20 -22|96 99 9 7|1.7 7|1 6 0 -24 -8
5284 jpp-KY|其他|49 49 13|97 97 66 74|1.6 210|65 1 -0 18 70
5285 界霖|半導體業|-25 -19 -16|75 85 20 -13|2.8 36|2 -0 3 5 7
5288 豐祥-KY|電機機械|-19 14 -23|94 94 7 14|0.5 15|63 4 -0 17 4
5289 宜鼎|電腦及週|-19 -13 -12|96 97 12 12|0.9 31|33 3 2 12 -27
5299 杰力|半導體業|-51 -49 -31|71 95 27 2|0.8 38|2 5 0 -27 -26
5306 桂盟|運動休閒|-45 -39 -27|68 94 7 2|0.8 19|20 32 3 -36 -7
5309 系統電|電子零組|35 30 -11|92 97 10 8|1.8 119|3 3 2 na 7
5315 光聯|光電業|-5 5 9|100 100 12 18|3.0 7|7 11 0 4 -28
5321 美而快|數位雲端|7 17 2|66 94 26 12|0.6 241|0 -1 0 15 24
5340 建榮|電子零組|3 6 10|90 90 73 52|2.6 43|49 1 -1 na na
5347 世界|半導體業|-23 -30 -45|74 96 40 26|0.9 1006|29 6 1 5 1
5351 鈺創|半導體業|-70 -68 -46|55 92 22 -1|0.7 317|8 0 0 8 4
5353 台林|通信網路|-3 15 -18|72 72 -3 7|0.7 21|1 -2 0 -6 -1
5371 中光電|光電業|-36 -32 -30|85 90 12 -8|0.8 116|18 8 0 -3 -9
5386 青雲|電腦及週|-73 -56 -66|84 94 6 -3|0.2 6|1 2 0 -18 -7
5388 中磊|通信網路|20 27 -19|77 82 5 -21|0.6 200|27 -1 1 7 -8
5403 中菲|資訊服務|-24 -4 -11|100 100 10 14|1.3 6|5 3 0 -6 -12
5410 國眾|資訊服務|25 47 -45|88 88 4 30|0.2 16|6 1 0 -7 61
5425 台半|半導體業|-8 3 -15|93 93 16 10|0.9 757|15 7 3 -17 -43
5434 崇越|電子通路|0 6 -16|99 99 9 5|1.2 42|31 5 -3 12 -2
5439 高技|電子零組|7 17 21|99 99 35 36|2.8 30|3 6 3 52 -24
5443 均豪|半導體業|-15 8 6|91 91 9 12|0.4 12|3 10 -2 -25 -31
5457 宣德|電子零組|-44 -40 -44|74 80 -2 -9|0.4 25|38 15 -5 -3 -2
5469 瀚宇博|電子零組|-22 -24 -8|79 93 -2 7|0.6 22|11 7 0 -13 0
5471 松翰|半導體業|-52 -51 -7|65 89 10 -9|0.4 23|13 21 -0 -27 -17
5475 德宏|電子零組|-44 -46 16|44 84 1 3|2.9 7|1 1 0 -29 -37
5478 智冠|文化創意|24 19 23|91 99 12 9|1.3 13|31 8 0 -6 -6
5483 中美晶|半導體業|12 13 -6|80 96 19 2|0.7 518|27 13 0 -13 -32
5508 永信建|建材營造|-63 -66 -46|81 84 -4 -11|1.2 6|1 8 0 -22 -3
5522 遠雄|建材營造|-19 -39 -27|94 95 15 -5|0.4 20|7 -9 9 -11 4
5530 龍巖|其他|-38 -21 -29|79 90 3 -7|0.8 9|57 7 0 -24 10
5534 長虹|建材營造|-95 16 -478|99 99 5 2|1.0 13|12 20 0 -7 18
5536 聖暉*|其他電子|-10 18 -21|53 53 19 -40|1.8 58|15 12 0 18 277
5603 陸海|航運業|-12 -17 -17|56 69 10 -20|0.5 5|8 9 0 -2 -10
5607 遠雄港|航運業|-26 -14 -37|82 91 1 0|0.6 20|2 27 -2 -18 -12
5608 四維航|航運業|-40 -37 -61|51 73 1 -26|0.3 73|4 -1 0 -12 13
5609 中菲行|航運業|-54 -49 -55|75 89 10 -11|0.9 17|17 12 0 -20 -1
5704 老爺知|觀光餐旅|15 2 -153|93 93 25 52|0.7 17|6 10 0 -38 5
5706 鳳凰|觀光餐旅|2394 1038 776|89 91 20 4|0.5 50|2 4 0 -12 -4
5871 中租-KY|其他|20 19 -1|92 97 40 4|0.4 952|76 10 1 13 -30
5876 上海商銀|金融保險|25 27 7|90 91 4 -9|0.5 152|54 15 6 -11 -11
5880 合庫金|金融保險|23 18 18|93 97 4 -2|0.6 262|19 7 -1 3 -11
5903 全家|居家生活|11 10 1|86 99 10 9|0.8 8|53 5 -9 24 9
5904 寶雅|居家生活|21 15 -0|98 98 14 23|0.8 261|29 1 0 43 -0
5905 南仁湖|觀光餐旅|51 6 -49|80 93 6 3|0.7 14|2 -3 0 -10 15
5907 大洋-KY|貿易百貨|-18 -33 -14|93 93 28 17|0.4 6|53 1 0 2 -28
6005 群益證|金融保險|78 11 36|81 96 14 -2|1.6 27|17 24 0 -13 -8
6024 群益期|金融保險|-31 1 -12|99 99 9 7|1.0 6|1 1 0 31 3
6026 福邦證|金融業|-12 -50 43|65 86 1 -8|0.8 6|2 17 0 5 -23
6104 創惟|半導體業|-68 -53 -51|37 87 31 -3|1.0 720|5 -1 0 17 17
6109 亞元|通信網路|-19 -13 -22|94 94 20 38|0.5 24|9 9 0 -3 2
6111 光聚晶電|文化創意|-49 188 -92|81 87 23 -3|0.3 112|17 1 0 -9 -0
6116 彩晶|光電業|-55 -42 -4|72 92 1 13|1.5 90|8 11 -1 -19 -12
6118 建達|電子通路|-19 -11 -13|82 82 15 -14|0.8 149|0 -0 0 -3 9
6121 新普|電腦及週|-14 -4 -4|98 98 12 10|0.9 103|48 7 -1 -36 -34
6122 擎邦|電機機械|20 33 -8|98 100 18 3|0.6 14|4 5 0 -5 -18
6123 上奇|資訊服務|-17 7 -4|98 98 15 13|4.1 7|3 4 0 57 9
6125 廣運|電機機械|-6 6 -27|79 79 6 -12|1.0 29|5 -2 0 -4 -14
6129 普誠|半導體業|-9 11 -6|80 80 11 -15|1.6 93|1 0 -0 2 -8
6133 金橋|電子零組|-7 -11 -43|80 80 -11 9|0.2 54|3 -1 0 6 2
6138 茂達|半導體業|-50 -49 -40|61 93 37 9|2.5 290|16 4 5 4 -22
6139 亞翔|其他電子|-19 4 -44|92 92 31 27|0.6 77|26 7 1 2 9
6142 友勁|通信網路|94 63 9|100 100 22 7|2.7 9|3 4 0 na na
6143 振曜|通信網路|11 18 3|95 95 30 37|0.9 195|10 -2 0 6 -15
6146 耕興|其他電子|1 3 -12|89 89 12 2|2.3 69|45 -15 11 31 46
6147 頎邦|半導體業|-37 -25 -10|97 98 14 13|1.4 120|21 23 4 -12 -29
6150 撼訊|電腦及週|-45 -59 -21|56 96 23 19|0.3 129|10 1 0 -6 4
6153 嘉聯益|電子零組|-49 -28 -27|80 80 -18 -5|0.3 60|13 2 0 -7 14
6155 鈞寶|電子零組|-38 -25 -19|94 95 7 8|0.6 7|2 6 0 -7 -21
6160 欣技|電腦及週|35 10 17|91 97 26 6|0.9 5|3 5 0 -23 -24
6163 華電網|資訊服務|8 48 30|83 96 5 1|0.9 6|2 5 0 -6 -0
6166 凌華|電腦及週|4 10 -9|100 100 22 8|2.1 8|10 20 0 6 -9
6173 信昌電|電子零組|-37 -37 -4|68 90 13 -5|0.8 9|1 1 3 -37 1
6175 立敦|電子零組|-35 -22 -10|78 94 35 10|0.9 10|17 -1 0 -3 -5
6176 瑞儀|光電業|-29 -19 -21|95 95 4 3|0.7 168|36 -15 2 -12 29
6177 達麗|建材營造|-87 -93 -6835|99 99 13 11|0.6 10|4 11 1 -12 -3
6180 橘子|文化創意|7 -0 1|100 100 57 50|1.8 320|35 11 0 98 38
6182 合晶|半導體業|-11 -3 -24|58 84 7 -10|1.3 213|14 9 -0 -7 -18
6186 新潤|建材營造|na na na|96 96 36 46|0.3 17|2 -9 0 6 92
6187 萬潤|半導體業|-53 -37 -20|47 76 12 -13|0.4 24|3 12 -3 -2 -19
6188 廣明|電腦及週|-17 -5 -13|100 100 21 16|2.8 103|8 9 0 8 14
6189 豐藝|電子通路|-36 -32 -15|93 99 7 1|1.5 10|6 16 0 39 -5
6190 萬泰科|通信網路|-40 -28 -41|73 73 -5 -21|0.9 28|1 -4 0 -6 14
6191 精成科|電子零組|-23 -21 -8|83 95 1 0|0.8 19|8 17 1 -4 -17
6192 巨路|其他電子|-21 -7 -10|90 93 5 -3|1.0 6|19 -28 0 7 1
6196 帆宣|其他電子|20 19 -26|80 98 25 10|0.6 108|7 8 -0 -17 -32
6197 佳必琪|電子零組|-15 -5 -15|96 99 14 13|0.9 15|9 13 -0 11 -9
6202 盛群|半導體業|-61 -49 -31|67 97 11 1|1.2 100|18 9 1 -12 -40
6205 詮欣|電子零組|3 3 -15|89 95 -0 7|1.8 140|6 8 -1 17 -20
6206 飛捷|電腦及週|-53 -52 -59|71 81 2 -17|0.7 14|13 3 0 -5 -22
6213 聯茂|電子零組|-37 -20 -5|60 91 11 14|0.7 138|11 4 -4 12 -12
6214 精誠|資訊服務|18 22 6|95 99 15 4|0.6 16|11 18 0 -26 13
6215 和椿|其他電子|-59 -41 -29|94 94 26 5|2.8 22|6 -1 0 -11 56
6217 中探針|電子零組|-43 -29 -36|72 75 10 -25|1.9 47|1 1 0 4 -14
6220 岳豐|電子零組|-40 -36 -26|74 74 -5 -6|0.3 17|2 -1 0 -11 7
6223 旺矽|半導體業|-5 -1 -14|92 92 29 25|0.9 280|16 3 -1 -24 7
6224 聚鼎|電子零組|-25 -13 -9|58 95 14 -1|0.7 8|8 9 0 -16 -21
6227 茂綸|電子通路|-26 -4 -8|96 96 11 15|1.4 14|2 6 0 -15 22
6230 尼得科超眾|電腦及週|22 4 -8|76 93 11 12|2.9 5|89 -20 0 11 -3
6231 系微|資訊服務|-23 -13 -19|91 92 26 35|3.4 60|15 1 0 26 29
6233 旺玖|半導體業|-27 -10 -7|68 83 10 -7|0.7 10|3 8 0 -22 -32
6234 高僑|光電業|-20 33 -30|90 90 24 19|0.7 13|12 4 0 -12 -1
6235 華孚|電腦及週|34 37 -13|97 97 44 29|5.2 219|13 6 0 6 -6
6237 驊訊|半導體業|-50 -32 16|58 82 13 -13|0.6 27|2 4 0 -4 2
6239 力成|半導體業|-31 -24 -21|95 98 14 0|0.6 159|41 7 1 -22 1
6243 迅杰|半導體業|-8 -2 11|58 91 14 -4|1.9 5|2 3 0 9 -8
6244 茂迪|光電業|-19 7 19|84 93 16 1|0.5 83|16 -0 -2 8 11
6245 立端|通信網路|33 34 2|98 98 57 58|1.3 721|20 -5 -1 45 98
6257 矽格|半導體業|-19 -9 -19|91 99 8 1|0.7 49|20 22 3 -12 -18
6261 久元|半導體業|-17 -22 -8|78 93 6 -5|1.0 8|3 -3 0 -15 -3
6266 泰詠|電子零組|57 35 2|100 100 37 22|6.0 13|4 2 0 62 18
6269 台郡|電子零組|-5 -17 -31|87 87 -3 2|1.0 105|34 -8 -0 -4 3
6271 同欣電|半導體業|-15 -11 -10|76 97 26 12|0.8 330|34 -2 4 -23 57
6274 台燿|電子零組|-41 -28 -12|67 92 19 8|0.9 254|31 -3 3 -3 42
6277 宏正|電腦及週|12 2 -4|100 100 8 9|3.4 6|12 -32 0 66 21
6278 台表科|光電業|-60 -30 -29|68 82 -1 -13|1.6 131|16 -1 0 20 6
6279 胡連|電子零組|2 23 -8|85 85 -1 8|0.5 222|11 6 -3 5 -17
6282 康舒|電子零組|-14 -11 -26|97 97 27 23|3.8 728|10 2 3 57 -7
6283 淳安|其他電子|-68 -52 -18|73 78 -2 -6|0.3 5|18 18 0 -8 -17
6284 佳邦|電子零組|-27 -16 -9|89 96 18 12|0.7 21|2 4 0 2 -15
6285 啟碁|通信網路|12 32 -8|93 93 4 6|0.6 240|26 3 -4 -5 14
6288 聯嘉|汽車工業|-8 -3 -7|80 96 15 7|1.1 11|3 2 0 3 -5
6290 良維|電子零組|-21 -20 -16|100 100 15 11|2.6 61|8 14 -0 33 10
6409 旭隼|其他電子|-8 6 -27|88 88 9 -7|0.7 235|68 4 2 0 1
6411 晶焱|半導體業|-39 -57 -26|58 96 29 11|4.6 86|11 -1 0 29 24
6412 群電|電子零組|-27 -15 -15|96 99 9 6|1.0 13|14 23 8 4 -29
6414 樺漢|電腦及週|23 27 1|95 99 17 -0|0.8 165|18 8 -3 23 -11
6415 矽力*-KY|半導體業|-46 -33 -40|66 92 49 5|1.3 1435|92 2 2 -25 16
6416 瑞祺電通|通信網路|-15 -4 -11|89 89 12 -3|0.3 10|2 -4 2 -8 -1
6426 統新|通信網路|-60 -35 -55|69 69 3 -21|0.5 8|9 -2 0 4 7
6435 大中|半導體業|-51 -48 -40|69 86 6 -12|1.5 17|1 4 0 4 -10
6438 迅得|其他電子|22 20 2|79 97 21 5|1.1 26|13 5 0 2 -22
6441 廣錠|電腦及週|11 11 50|92 92 61 56|3.3 48|4 3 0 -7 10
6442 光聖|通信網路|-25 -10 -14|71 71 11 -23|0.4 14|32 5 0 7 11
6443 元晶|光電業|-3 18 -24|77 88 8 2|0.6 428|18 2 2 -4 -4
6446 藥華藥|生技醫療|259 141 -421|82 83 4 -6|0.8 550|15 11 -4 na 93
6451 訊芯-KY|半導體業|45 44 10|91 91 2 7|0.8 25|63 -6 0 -7 41
6456 GIS-KY|光電業|-26 -19 -18|89 89 -3 10|0.7 127|54 -7 -12 -17 16
6457 紘康|半導體業|-69 -62 -18|40 79 1 -16|0.7 7|1 4 0 -25 -2
6461 益得|生技醫療|-48 -66 -60|70 70 5 5|0.2 14|1 2 0 -29 -13
6462 神盾|半導體業|-11 -2 -5|75 93 28 -7|3.6 8|11 13 0 4 -21
6469 大樹|生技醫療|18 22 -6|98 98 16 11|0.9 107|12 11 -7 -10 -35
6470 宇智|通信網路|19 16 -37|78 84 19 -13|1.2 21|9 -2 -1 7 -6
6472 保瑞|生技醫療|400 367 214|98 98 67 118|2.1 1226|19 5 1 -25 -30
6477 安集|光電業|-65 -28 -160|69 77 4 -16|0.3 51|1 2 0 -4 -17
6485 點序|半導體業|-41 -33 -29|52 88 9 -7|1.1 33|8 7 0 -1 -9
6488 環球晶|半導體業|14 13 -3|70 96 36 10|0.7 1120|27 16 2 -38 -13
6491 晶碩|生技醫療|4 7 -6|88 93 43 9|0.7 352|17 12 -5 -34 -15
6492 生華科|生技醫療|0 na na|54 85 30 2|0.4 11|5 13 0 na na
6494 九齊|半導體業|-70 -54 -32|53 93 22 -5|1.3 14|6 -1 0 -6 -1
6505 台塑化|油電燃氣|-5 0 -33|85 95 -1 -1|0.6 159|7 3 -1 -29 -5
6508 惠光|農業科技|-48 -51 -67|62 76 3 -13|0.5 7|2 1 0 -5 -6
6509 聚和|化學工業|-19 -11 -23|76 99 27 10|3.7 32|4 -0 0 0 -11
6510 精測|半導體業|-14 -13 -18|94 97 44 32|2.0 100|8 -4 -1 -4 -6
6515 穎崴|半導體業|36 68 -4|98 98 65 42|1.9 271|19 5 5 13 3
6523 達爾膚|生技醫療|-31 -6 13|92 92 16 33|0.3 22|8 21 0 -24 -5
6525 捷敏-KY|半導體業|-25 -14 -21|80 90 8 -3|1.4 9|13 -1 1 -18 -4
6531 愛普*|半導體業|-64 -58 -31|61 91 44 22|1.7 1045|17 3 -0 8 1
6532 瑞耘|半導體業|23 25 -8|87 87 1 22|0.3 15|5 10 -1 -19 -5
6533 晶心科|半導體業|11 25 -2|95 95 38 93|1.1 2181|34 1 -0 -3 -11
6535 順藥|生技醫療|2926 951 -310|93 93 19 20|0.9 15|0 2 0 na na
6538 倉和|電子零組|4 6 -9|85 93 21 9|3.5 6|5 5 0 -8 -23
6541 泰福-KY|生技醫療|135 205 na|66 91 67 -0|2.8 28|32 2 0 na na
6546 正基|通信網路|-71 -57 na|na 58 9 -36|2.2 31|1 -2 0 76 51
6547 高端疫苗|生技醫療|-100 -99 na|37 46 2 -48|1.0 162|7 -0 0 13 -3
6548 長科*|半導體業|-22 -16 -27|32 38 14 -53|1.9 27|5 -9 0 10 13
6550 北極星藥業-KY|生技醫療|-63 -84 na|na 46 4 -19|0.5 437|67 1 0 na 52
6556 勝品|光電業|-12 -2 -12|80 80 19 99|2.9 9|0 0 0 na na
6561 是方|通信網路|6 9 -0|97 99 3 2|1.8 11|13 -2 -7 -9 12
6568 宏觀|半導體業|51 67 34|63 88 37 35|0.8 78|6 2 0 0 -3
6570 維田|電腦及週|-21 -5 -29|85 85 6 8|1.1 13|3 10 0 -5 -47
6576 逸達|生技醫療|8947 5520 -14833|80 97 46 4|1.0 38|32 1 -4 na na
6579 研揚|電腦及週|3 -1 -38|98 99 18 4|0.8 7|3 3 0 -2 22
6581 鋼聯|綠能環保|46 36 -24|84 93 9 9|1.0 6|2 -1 1 5 -3
6582 申豐|橡膠工業|-75 -55 21|47 80 13 -15|0.7 11|17 14 0 -15 -9
6585 鼎基|其他|-8 -7 na|na 87 24 -12|1.5 7|10 3 0 47 39
6589 台康生技|生技醫療|-68 -24 -13|78 78 19 39|1.0 502|7 -5 -0 20 82
6591 動力-KY|電腦及週|-58 -32 -17|71 91 9 1|1.0 6|23 1 0 2 5
6592 和潤企業|其他|20 21 -6|92 100 16 5|1.8 49|27 -1 0 -0 -3
6598 ABC-KY|生技醫療|44 20 -25|49 83 7 1|0.5 5|32 0 0 0 -4
6603 富強鑫|電機機械|-43 -1 -6|91 91 0 8|1.3 14|2 4 0 1 5
6605 帝寶|汽車工業|4 2 -5|97 97 12 1|2.0 40|17 -5 0 22 26
6609 瀧澤科|電機機械|19 34 10|96 96 30 17|0.9 53|56 3 0 11 61
6612 奈米醫材|生技醫療|22 19 -12|90 90 66 59|1.4 48|28 1 0 354 20
6613 朋億*|其他電子|-6 16 -22|59 59 20 -36|2.5 18|4 23 0 28 30
6625 必應|其他|-37 51 -218|89 89 48 58|4.2 13|4 4 0 7 -4
6643 M31|半導體業|12 23 -11|96 96 56 88|1.4 1581|19 0 1 -1 20
6649 台生材|生技醫療|-48 1114 719|89 89 18 48|1.6 16|4 4 0 na na
6664 群翊|電子零組|2 14 -8|96 96 14 19|0.6 15|6 5 -2 -2 -1
6666 羅麗芬-KY|生技醫療|-69 -49 -44|91 91 11 50|0.8 25|78 10 0 -9 1
6667 信紘科|其他電子|-10 3 -36|76 78 4 -7|0.5 6|2 3 0 -4 -0
6668 中揚光|光電業|-4 17 16|77 89 12 -8|1.7 7|21 3 0 -4 -9
6669 緯穎|電腦及週|29 44 -8|80 87 -3 12|0.9 1089|33 -1 -3 49 -44
6670 復盛應用|運動休閒|-10 20 -22|99 99 15 16|1.1 100|26 7 -2 11 21
6672 騰輝電子-KY|電子零組|-39 -35 -6|70 96 23 18|0.7 23|25 18 0 -12 -33
6679 鈺太|半導體業|-61 -54 -27|58 93 42 16|0.6 271|6 -3 7 -6 16
6683 雍智科技|半導體業|7 -0 -3|75 84 26 12|1.4 36|12 7 -5 na 6
6689 伊雲谷|數位雲端|-1 2 na|na na 48 na|1.5 118|15 -2 0 na na
6690 安碁資訊|數位雲端|18 54 -32|100 100 38 28|3.6 5|0 1 0 na na
6691 洋基工程|其他電子|12 23 -14|98 98 36 45|2.5 31|2 14 0 176 41
6695 芯鼎|半導體業|-16 -31 na|na na 39 na|0.5 12|0 -0 0 na na
6703 軒郁|生技醫療|42 54 25|91 91 23 17|1.0 6|12 9 0 na na
6706 惠特|光電業|-78 -78 -50|40 76 13 -20|0.7 40|8 12 0 -2 -23
6712 長聖|生技醫療|-37 -2 -42|88 88 21 29|1.8 295|5 2 -0 12 -10
6715 嘉基|電子零組|-23 14 -29|77 82 8 -16|0.9 26|2 -1 -0 -2 9
6719 力智|半導體業|-55 -46 -46|36 91 27 6|1.5 1032|8 3 3 98 -12
6732 昇佳電子|半導體業|-44 -34 -4|66 92 28 6|2.2 75|11 2 4 15 -7
6741 91APP*-KY|數位雲端|5 13 -1|47 96 44 25|0.8 274|62 2 -1 6 20
6743 安普新|其他電子|-57 -49 -33|57 99 37 20|1.5 5|3 13 0 7 -18
6747 亨泰光|生技醫療|-19 -4 -16|75 96 27 -4|2.3 20|7 -9 0 na na
6752 叡揚|資訊服務|31 29 7|100 100 46 56|4.4 5|1 1 0 na na
6756 威鋒電子|半導體業|-68 -60 -43|44 79 16 -12|0.8 100|4 1 0 2 6
6763 綠界科技*|數位雲端|-2 5 -1|na 91 42 7|2.7 81|5 -7 1 na 1200
6768 志強-KY|運動休閒|-13 9 -89|76 76 -3 -3|0.3 20|78 -10 -1 -9 16
6770 力積電|半導體業|-43 -39 -51|52 93 4 -4|0.7 725|19 9 1 -4 -21
6781 AES-KY|電子零組|-19 -6 -32|51 75 28 -18|1.2 843|74 -1 5 -22 3
6788 華景電|半導體業|-10 20 -11|62 90 38 12|1.5 272|3 1 0 33 16
6789 采鈺|半導體業|-18 -19 na|na 74 24 -23|1.1 426|10 5 -0 na 12
6792 詠業|通信網路|-34 -23 -9|54 75 6 -13|1.2 5|2 7 0 -16 6
6796 晉弘|生技醫療|-9 -8 na|na 78 42 -13|3.8 6|22 1 0 na na
6799 來頡|半導體業|-34 -28 na|na 89 29 -4|4.9 25|10 2 0 na na
6803 崑鼎|綠能環保|19 22 2|96 96 7 7|2.4 8|2 12 -6 0 -11
6806 森崴能源|綠能環保|286 67 -54|80 97 42 19|1.3 368|1 -0 -3 6 21
6811 宏碁資訊|數位雲端|10 12 na|na 90 12 3|2.1 6|1 13 0 na 0
6829 千附精密|半導體業|-51 -22 -26|na 92 17 7|1.0 11|2 10 9 -16 -10
6830 汎銓|其他電子|0 7 na|na na 45 na|2.6 32|0 1 2 na na
6854 錼創科技-KY創|半導體業|42 37 na|na na 5 na|1.0 5|47 -6 0 na na
8016 矽創|半導體業|-45 -41 -21|85 95 17 18|1.3 379|30 17 2 -19 -22
8027 鈦昇|電機機械|-50 -24 -51|66 71 -0 -19|0.6 7|6 5 0 -0 -8
8028 昇陽半導體|半導體業|0 7 -2|81 81 12 -15|0.3 96|14 5 -0 -5 -14
8033 雷虎|其他|20 19 21|96 96 34 173|1.3 135|2 -0 -0 na na
8038 長園科|電子零組|429 1049 639|94 94 8 14|1.8 60|3 -0 0 na na
8040 九暘|半導體業|-21 -11 -25|76 84 -9 9|0.3 25|2 5 0 6 -8
8043 蜜望實|電子零組|-33 -29 -23|96 96 8 12|1.0 6|1 3 0 7 7
8044 網家|數位雲端|-17 -7 -1|53 91 23 7|0.9 187|14 0 3 -12 3
8046 南電|電子零組|-22 7 -13|44 75 6 -11|0.4 1686|9 1 -2 -4 -18
8049 晶采|光電業|-9 22 3|97 97 21 30|1.2 40|9 10 -2 2 -7
8050 廣積|電腦及週|6 43 22|92 92 11 15|0.7 361|7 2 -8 -8 8
8054 安國|半導體業|-6 3 -10|55 84 3 -14|2.2 11|2 3 0 -10 -13
8069 元太|光電業|10 24 -36|79 79 -3 -1|0.6 3657|37 -0 3 -15 -1
8070 長華*|電子通路|-27 -21 -25|91 95 7 -3|1.4 15|10 8 1 -5 3
8076 伍豐|電腦及週|-12 -13 -17|82 82 11 -1|0.6 21|4 15 0 -6 -25
8081 致新|半導體業|-31 -27 -14|73 99 25 16|1.6 190|20 6 1 -10 -9
8084 巨虹|電子通路|36 50 12|72 72 -4 18|0.3 27|0 -0 0 na na
8085 福華|其他電子|-33 -12 -9|85 85 8 7|0.3 6|1 4 0 -6 16
8086 宏捷科|半導體業|-52 -62 -7|67 93 22 1|0.6 145|8 0 1 -5 4
8088 品安|半導體業|-14 -14 -12|97 97 12 21|0.9 12|11 10 0 3 1
8091 翔名|半導體業|-28 -6 -26|92 92 17 18|0.8 54|5 1 0 -11 30
8097 常珵|通信網路|104 326 -241|70 73 1 -19|1.3 37|1 2 0 -49 12
8104 錸寶|光電業|96 55 24|55 92 15 -6|1.4 9|1 -2 0 -2 -11
8105 凌巨|光電業|-7 -6 -6|98 98 25 15|1.6 55|60 3 0 61 63
8109 博大|電子零組|2 17 -1|93 93 2 13|1.0 8|2 7 1 -20 22
8110 華東|半導體業|-25 -17 -32|67 91 2 -2|1.0 8|2 7 0 -14 -2
8112 至上|電子通路|-69 -53 -30|76 97 5 -3|1.4 35|15 9 0 -11 -1
8114 振樺電|電腦及週|-13 -8 -36|69 69 -1 -23|0.4 43|9 10 -1 -17 -3
8121 越峰|電子零組|-17 -10 -9|59 81 10 -16|0.9 20|0 -0 0 na 4
8131 福懋科|半導體業|-13 -5 -9|100 100 6 6|1.4 12|5 26 0 -13 4
8147 正淩|電子零組|-30 1 -15|89 89 -5 23|0.8 6|4 4 0 -18 13
8150 南茂|半導體業|-41 -34 -17|75 95 10 -3|0.9 66|39 22 -0 -9 -16
8155 博智|電子零組|-27 -16 -32|58 92 27 0|1.0 148|1 -2 5 -4 -10
8163 達方|電腦及週|-27 -19 -21|87 95 4 -2|2.5 21|10 3 0 -2 -10
8171 天宇|綠能環保|34 93 -116|98 98 52 64|1.7 340|3 1 1 -11 -15
8183 精星|其他電子|-11 16 -37|75 81 -3 -14|0.8 37|2 5 0 -2 -5
8210 勤誠|電腦及週|-43 -10 -17|94 94 16 10|1.3 72|10 12 -0 9 9
8213 志超|電子零組|-39 -35 -13|79 98 10 0|0.9 10|20 6 1 -3 -9
8215 明基材|光電業|-16 -13 -5|99 99 14 17|1.3 43|5 9 -0 -11 -12
8222 寶一|電機機械|26 15 -13|100 100 67 57|2.5 60|7 1 -0 -9 9
8234 新漢|電腦及週|1 -3 -22|98 98 26 12|1.1 27|5 6 0 -51 18
8249 菱光|電子零組|-34 30 19|88 88 7 26|0.3 11|3 3 0 2 5
8255 朋程|電機機械|6 21 8|71 87 14 -10|0.7 193|7 8 -9 -3 -15
8261 富鼎|半導體業|-48 -42 -32|78 93 12 4|0.9 242|6 2 0 -8 -19
8271 宇瞻|半導體業|-39 -22 -17|92 100 9 12|2.2 11|4 14 0 -28 -3
8289 泰藝|電子零組|-22 -23 -24|95 95 20 8|2.3 31|6 1 0 63 20
8299 群聯|半導體業|-47 -32 -25|71 95 19 18|1.0 594|32 9 9 -12 -38
8341 日友|綠能環保|-16 2 -9|75 86 20 -6|0.8 88|13 -8 5 -23 39
8349 恒耀國際|鋼鐵工業|-23 -5 -14|80 80 3 24|2.4 12|2 3 4 -4 26
8358 金居|電子零組|-16 -14 4|93 94 29 48|0.8 725|12 4 6 -30 -25
8390 金益鼎|綠能環保|7 3 -5|82 95 9 -2|0.4 9|2 -4 0 -3 80
8403 盛弘|生技醫療|-17 -12 -19|85 85 11 8|0.5 13|4 0 0 -12 11
8415 大國鋼|鋼鐵工業|8 7 -13|96 98 15 9|0.6 10|11 17 0 -9 -6
8420 明揚|運動休閒|19 35 0|93 93 12 6|1.2 39|4 -0 -0 -20 193
8422 可寧衛*|綠能環保|18 54 -20|89 98 9 5|1.1 27|12 13 -2 -24 5
8433 弘帆|居家生活|-10 -14 -29|95 97 24 -5|0.7 8|1 2 0 -1 -28
8436 大江|生技醫療|6 0 12|98 99 77 57|0.6 397|27 5 -1 -19 -0
8440 綠電|綠能環保|-19 -7 -6|46 79 8 -12|0.2 24|1 1 0 -17 -19
8442 威宏-KY|其他|-22 7 -48|90 90 -6 5|0.8 9|64 -7 0 21 -57
8454 富邦媒|數位雲端|4 14 -2|77 90 48 -6|0.7 721|26 -3 2 -19 -16
8462 柏文|運動休閒|-5 -1 -3594|99 99 19 12|1.6 8|1 6 0 16 -0
8464 億豐|居家生活|-23 -16 -14|84 96 30 7|0.6 117|44 4 7 3 18
8476 台境*|綠能環保|-42 144 -207|91 91 31 21|2.8 27|2 7 0 14 82
8478 東哥遊艇|運動休閒|42 28 -2|80 80 35 49|0.7 1176|43 0 -1 8 -24
8916 光隆|其他|-24 -21 -54|82 82 -11 13|0.6 37|9 -2 -13 -7 -1
8924 大田|運動休閒|-28 -8 -3|84 92 11 -2|0.8 23|4 -2 -2 -10 -5
8926 台汽電|油電燃氣|-2 39 54|92 92 21 -3|0.5 22|7 16 0 -60 -13
8927 北基|油電燃氣|11 9 -13|99 99 9 10|2.1 11|0 8 0 -14 -30
8928 鉅明|運動休閒|17 26 14|81 91 17 5|1.4 9|2 6 0 2 -1
8931 大汽電|油電燃氣|65 85 37|96 96 68 75|1.4 14|0 -2 0 8 50
8932 智通*|數位雲端|-54 -56 -31|87 87 6 59|0.7 17|31 -5 0 8 8
8933 愛地雅|運動休閒|7 9 -11|63 63 -25 30|0.3 35|7 -4 0 na 14
8936 國統|其他|-27 -29 -16|98 98 17 22|1.2 16|8 12 0 -5 1
8938 明安|運動休閒|-26 8 -15|86 86 -1 4|1.4 83|15 -3 -0 -3 -25
8942 森鉅|其他|-33 -30 -33|96 98 13 -1|1.0 7|22 18 0 -51 1
8996 高力|電機機械|72 64 32|100 100 68 192|1.0 2996|15 1 0 1 -18
9802 鈺齊-KY|運動休閒|4 29 -27|64 64 -8 -20|1.0 307|45 -15 -5 -19 97
9904 寶成|運動休閒|-8 -5 -19|98 98 19 18|0.4 208|56 24 -3 -6 4
9907 統一實|其他|-44 -32 -32|83 83 3 -9|0.5 30|21 7 1 8 3
9910 豐泰|運動休閒|-15 -3 -49|87 92 13 7|0.7 199|18 12 -7 3 -16
9911 櫻花|居家生活|-18 -11 -19|98 98 5 -0|1.1 6|18 -13 0 -3 11
9914 美利達|運動休閒|-9 41 15|66 82 2 -16|0.8 136|38 -1 5 -22 -5
9917 中保科|其他|2 6 -3|93 96 7 -3|1.2 24|40 22 5 -50 -15
9919 康那香|其他|-24 -21 -6|61 90 -1 0|0.2 12|4 -4 0 1 4
9921 巨大|運動休閒|-13 -6 -17|70 83 -3 -17|0.5 166|50 -4 -1 37 7
9928 中視|其他|6 6 -1|66 66 9 21|0.7 5|0 0 0 na na
9933 中鼎|其他|13 18 -21|89 89 13 -1|0.6 69|19 2 -4 3 24
9938 百和|其他|-41 -35 -28|82 93 22 4|2.5 114|27 2 -2 95 40
9939 宏全|其他|-3 7 -9|98 98 10 24|2.1 98|33 -6 -2 62 3
9940 信義|其他|59 -0 19|84 90 -2 -8|1.2 8|6 22 -25 -6 -3
9941 裕融|其他|7 15 1|82 96 18 -5|0.9 153|5 11 -0 1 -23
9942 茂順|其他|-5 6 -3|100 100 5 35|1.3 38|6 17 1 -6 14
9945 潤泰新|其他|-33 23 5|85 93 1 5|0.6 185|14 2 -0 -3 -15
9955 佳龍|綠能環保|-46 -40 -23|62 89 15 -4|0.3 16|1 -3 0 -5 3
9958 世紀鋼|鋼鐵工業|-11 9 16|75 92 21 1|0.6 302|8 2 -1 -9 -10
9962 有益|鋼鐵工業|33 27 -18|92 100 21 24|0.9 16|4 6 0 34 15
