# 2024-03 月中(2024-03-11,上月月報甫公佈)全池量化快照(1266 檔)。欄位:代碼 名稱|產業|最新月YoY 3月YoY均 加速度|距52週高% 距120日高% 60日漲% 120日漲%|量能比 日均值M|外持% 外20 投20 資20 券20(外資持股比;外資/投信20日淨買佔成交值%;融資/借券餘額20日變化%)
1101 台泥|水泥工業|-34 -20 -13|81 90 -9 -7|1.3 437|17 -6 1 6 19
1102 亞泥|水泥工業|-42 -11 0|95 96 -3 2|0.9 112|16 2 -4 0 -6
1104 環泥|水泥工業|-19 6 -4|100 100 10 13|2.1 24|16 14 -0 12 -5
1108 幸福|水泥工業|-21 14 -9|89 97 5 5|1.9 11|3 0 0 -0 -16
1201 味全|食品工業|16 17 7|90 96 -3 1|1.0 6|9 -2 0 42 -8
1210 大成|食品工業|-12 -6 -4|96 99 5 9|1.3 95|11 7 -4 -12 -1
1215 卜蜂|食品工業|-10 -6 -7|99 99 4 7|1.9 33|40 1 3 25 -4
1216 統一|食品工業|18 19 5|100 100 4 9|1.1 478|38 17 4 7 72
1217 愛之味|食品工業|5 0 -3|79 92 -1 -4|0.9 12|8 7 -3 -2 -23
1218 泰山|食品工業|-6 -2 -2|66 89 -2 -10|1.9 14|2 -6 -0 6 10
1219 福壽|食品工業|-20 -13 -7|87 93 -4 -7|2.1 6|6 -3 0 -2 -2
1227 佳格|食品工業|-7 5 3|90 94 -6 -1|1.5 18|6 -23 -0 -1 7
1229 聯華|食品工業|-3 28 15|100 100 0 14|2.0 65|12 1 -0 2 -16
1231 聯華食|食品工業|19 6 3|100 100 3 8|2.7 14|2 -1 0 -1 -3
1232 大統益|食品工業|-23 -13 -5|97 99 -0 1|1.4 8|1 -3 0 0 -15
1234 黑松|食品工業|16 2 -6|99 99 2 5|1.2 5|6 -18 0 -11 -4
1268 漢來美食|觀光餐旅|75 28 -15|84 96 2 5|0.9 13|1 -4 0 -23 8
1301 台塑|塑膠工業|-27 -5 10|76 83 -15 -15|1.7 382|31 -19 -1 7 11
1303 南亞|塑膠工業|-23 -13 9|72 81 -18 -17|2.1 381|29 -14 1 35 28
1304 台聚|塑膠工業|-21 -10 8|66 79 -12 -18|1.5 15|33 -7 -6 7 3
1305 華夏|塑膠工業|-36 -26 -6|68 72 -17 -23|1.5 20|7 -13 -3 -12 23
1307 三芳|塑膠工業|-30 -1 7|97 97 -2 -2|1.5 11|13 8 -0 -12 -14
1308 亞聚|塑膠工業|-12 -3 21|71 80 -15 -18|1.6 15|7 -0 -3 4 0
1309 台達化|塑膠工業|-10 9 18|68 84 -10 -11|1.2 11|2 -1 0 -2 -2
1310 台苯|塑膠工業|23 20 28|79 83 -16 -9|1.6 9|7 -6 0 -18 -4
1312 國喬|塑膠工業|-18 -8 5|68 80 -14 -16|1.0 29|11 -9 0 -15 6
1313 聯成|塑膠工業|-42 25 15|79 84 -16 -10|1.8 20|11 -9 0 11 -25
1316 上曜|建材營造|-73 -18 35|87 87 76 126|4.4 849|4 -1 0 75 111
1319 東陽|汽車工業|-17 20 6|96 96 19 46|0.9 561|27 3 0 -15 -0
1325 恆大|塑膠工業|-20 2 21|67 67 -17 42|0.2 43|3 2 0 -32 7
1326 台化|塑膠工業|-8 0 10|78 84 -14 -13|1.2 187|34 -4 -0 11 2
1339 昭輝|汽車工業|-28 8 3|90 90 -3 51|1.0 29|5 17 0 -3 -3
1342 八貫|其他|43 3 3|83 100 14 17|1.6 113|45 5 0 -19 -1
1402 遠東新|紡織纖維|-1 11 11|100 100 4 14|0.8 122|16 15 2 -0 -16
1409 新纖|紡織纖維|1 15 20|93 96 3 7|5.1 37|12 -2 0 51 29
1410 南染|紡織纖維|-16 -13 25|92 94 -2 -2|1.5 5|21 -4 0 9 0
1414 東和|紡織纖維|-20 4 13|86 86 4 3|1.5 16|1 1 0 46 27
1416 廣豐|其他|13 47 13|93 93 14 25|5.4 6|10 2 0 67 15
1432 大魯閣|運動休閒|28 5 -12|80 80 12 18|2.7 32|2 -4 0 na na
1434 福懋|紡織纖維|-12 -10 7|84 88 -11 -11|1.8 21|7 -15 -0 41 16
1436 華友聯|建材營造|428 135 -431|100 100 27 47|2.3 8|1 14 0 37 1
1438 三地開發|建材營造|-100 -100 na|84 84 41 45|1.1 20|1 1 0 45 58
1440 南紡|紡織纖維|-37 -20 -7|85 88 -9 1|1.3 12|7 -2 0 -2 -2
1442 名軒|建材營造|66 2373 -17506|96 96 -3 9|0.7 12|5 7 -0 -2 -25
1445 大宇|紡織纖維|-51 -27 -13|99 99 26 28|3.1 18|3 8 0 -2 -28
1449 佳和|紡織纖維|-8 72 45|79 79 -12 -2|0.6 28|9 10 0 9 15
1455 集盛|紡織纖維|11 46 44|100 100 24 44|3.4 49|3 1 0 55 14
1463 強盛新|紡織纖維|-25 -19 6|96 96 6 17|1.3 6|6 34 0 -58 -11
1471 首利|電子零組|-58 9 -8|69 69 -10 -18|3.2 28|1 1 0 -6 na
1472 三洋實業|建材營造|60 105 -7|96 96 27 89|2.0 8|2 4 0 -48 0
1476 儒鴻|紡織纖維|9 12 23|95 95 -4 11|0.9 336|41 -2 -10 23 6
1477 聚陽|紡織纖維|3 16 12|91 91 6 7|0.6 350|35 -11 -11 -7 -32
1503 士電|電機機械|9 12 8|90 90 38 41|1.0 3550|33 4 -0 -11 -36
1504 東元|電機機械|-9 -1 -2|85 97 12 5|1.3 584|12 -4 5 -10 -16
1513 中興電|電機機械|-6 10 -4|95 95 27 52|1.7 7251|15 2 0 -3 -3
1514 亞力|電機機械|-5 20 0|88 88 34 114|1.2 2914|21 2 0 -14 -26
1515 力山|電機機械|295 234 104|84 84 -6 43|1.0 67|13 3 0 22 -3
1517 利奇|電機機械|-69 -45 15|86 96 9 11|8.1 9|2 1 0 40 -9
1519 華城|電機機械|162 178 56|92 92 51 77|0.1 3386|22 1 -1 -16 -32
1522 堤維西|汽車工業|10 8 6|87 87 8 28|1.1 386|18 11 -0 -14 -18
1524 耿鼎|汽車工業|6 31 14|87 87 13 41|0.5 193|5 3 0 -10 -21
1527 鑽全|電機機械|12 4 24|96 99 2 3|2.0 8|9 11 0 18 -25
1528 恩德|電機機械|-20 -4 -2|75 83 10 7|0.4 63|2 1 0 -23 24
1529 樂事綠能|電機機械|-36 42 -139|70 91 -4 5|0.4 86|1 3 0 -9 -23
1532 勤美|電機機械|42 73 34|93 93 -3 7|1.5 39|14 0 -0 -3 11
1533 車王電|汽車工業|-24 -24 -46|71 84 -14 -12|1.7 9|6 3 0 -10 -9
1535 中宇|電機機械|44 31 14|100 100 26 36|4.5 17|1 -0 0 285 34
1536 和大|汽車工業|-15 -11 1|71 77 -17 -20|0.9 95|8 -15 -1 28 18
1537 廣隆|電機機械|44 25 27|100 100 3 3|1.4 12|17 -1 0 -9 -17
1558 伸興|電機機械|-10 13 -3|83 87 -10 -1|2.3 9|7 -7 0 33 -15
1560 中砂|電機機械|-3 4 9|87 87 32 81|0.7 1195|19 0 -2 0 13
1565 精華|生技醫療|-21 2 11|75 93 -1 -2|1.5 34|11 -1 0 3 -11
1568 倉佑|汽車工業|-22 -17 1|77 77 -14 11|1.0 39|4 9 0 -13 -15
1569 濱川|電腦及週|-45 -35 -10|97 97 10 13|2.0 11|4 12 0 8 -17
1570 力肯|電機機械|-45 -15 21|97 97 41 38|4.9 8|2 -2 0 29 18
1580 新麥|電機機械|-17 25 6|100 100 1 26|1.6 17|9 10 0 1 -12
1582 信錦|電子零組|-7 26 23|93 93 -7 42|2.2 159|17 -0 -0 18 46
1584 精剛|其他|-19 4 -44|81 87 -5 -1|0.4 54|1 2 0 -3 -0
1589 永冠-KY|電機機械|-63 -23 -13|67 89 11 2|3.8 67|3 -4 0 17 32
1590 亞德客-KY|電機機械|-40 24 6|87 88 7 17|1.3 836|73 -7 0 283 32
1591 駿吉-KY|電機機械|50 55 109|95 95 30 54|1.0 71|17 3 0 -3 -54
1597 直得|電機機械|-33 -24 11|80 98 -1 3|2.4 7|3 1 0 27 -14
1598 岱宇|運動休閒|-22 -11 -17|65 84 -13 -2|1.3 8|5 2 0 -2 2
1603 華電|電器電纜|-7 27 1|85 85 -7 5|0.9 54|4 4 -1 -14 -11
1604 聲寶|電器電纜|7 1 1|87 96 1 2|1.5 9|10 0 -4 -2 -7
1605 華新|電器電纜|-34 -17 -16|65 89 -4 -3|0.6 303|17 11 -2 -6 -4
1608 華榮|電器電纜|5 5 10|97 100 14 12|1.9 59|3 17 0 9 -13
1609 大亞|電器電纜|-4 19 16|92 94 9 -0|2.0 570|9 -0 -0 9 -6
1611 中電|電器電纜|-21 -3 9|77 92 -5 -3|1.0 11|12 7 0 -3 -14
1612 宏泰|電器電纜|-1 2 1|89 89 3 4|0.4 37|16 -5 -0 -14 -14
1615 大山|電器電纜|53 35 13|100 100 30 42|0.9 13|2 9 0 -40 31
1616 億泰|電器電纜|25 19 5|90 90 -1 29|0.8 27|3 2 0 na na
1618 合機|電器電纜|-12 52 -26|89 89 8 13|0.7 203|6 0 -0 22 -3
1701 中化|生技醫療|1 -0 -3|85 90 -8 1|0.8 12|9 14 0 1 -25
1702 南僑|食品工業|-5 10 -2|98 98 11 16|1.9 29|13 11 0 26 -8
1707 葡萄王|生技醫療|-2 8 5|82 96 -1 -4|1.0 38|14 -11 -0 -16 -8
1708 東鹼|化學工業|-22 -0 22|73 87 -10 -5|1.4 14|6 -9 -0 -8 -1
1709 和益|化學工業|19 19 21|83 97 -2 -1|1.5 7|3 -1 0 -4 -18
1710 東聯|化學工業|-16 11 9|78 89 -8 -10|1.7 25|8 -15 -0 22 15
1711 永光|化學工業|-26 3 10|91 93 -3 3|1.5 77|8 -1 0 4 18
1712 興農|化學工業|-4 -3 12|99 99 10 14|2.4 69|13 -7 -0 -25 50
1713 國化|化學工業|-34 25 30|90 90 2 29|0.5 12|5 -5 0 5 44
1717 長興|化學工業|-26 10 17|92 96 8 11|2.6 103|14 -1 -0 76 25
1720 生達|生技醫療|-2 8 1|87 93 -4 3|1.0 39|5 6 -0 -19 -9
1721 三晃|化學工業|-10 -10 11|79 79 -7 13|1.1 26|2 1 0 -7 -5
1722 台肥|化學工業|-11 -13 -16|95 95 2 8|0.7 92|12 -1 -4 -22 -3
1723 中碳|化學工業|-23 -18 5|92 92 -4 0|1.2 30|9 -24 -1 12 36
1727 中華化|化學工業|-18 -16 6|67 84 -8 -4|1.1 18|2 0 0 -2 -6
1731 美吾華|生技醫療|24 28 14|100 100 11 20|2.2 17|3 6 0 32 -21
1732 毛寶|化學工業|8 10 10|79 79 -2 17|0.1 14|1 -1 0 -12 19
1733 五鼎|生技醫療|-4 0 19|73 73 2 14|0.3 29|7 4 0 -37 -18
1734 杏輝|生技醫療|-2 10 4|96 100 6 10|4.2 12|6 9 0 1 -6
1736 喬山|運動休閒|18 16 -2|91 93 6 -4|4.4 16|7 -0 0 21 21
1737 臺鹽|食品工業|-21 -6 1|91 99 -0 1|1.2 8|8 1 0 8 -19
1752 南光|生技醫療|-18 -4 -13|61 79 -19 -11|0.9 12|1 2 0 1 6
1760 寶齡富錦|生技醫療|15 29 37|54 82 -11 -4|1.3 43|11 4 0 -5 -4
1762 中化生|生技醫療|-69 -54 -30|48 78 -17 -20|1.0 16|2 -4 0 4 7
1773 勝一|化學工業|-6 10 17|93 93 23 30|5.3 186|5 2 6 42 131
1783 和康生|生技醫療|-11 -5 -9|66 77 -9 -20|1.2 7|7 7 0 -0 -4
1784 訊聯|生技醫療|15 25 5|84 90 5 -2|1.1 16|4 5 0 -1 -8
1785 光洋科|其他電子|-8 26 23|93 93 8 15|3.5 260|10 1 -0 27 5
1786 科妍|生技醫療|108 81 36|97 100 14 3|2.3 48|4 13 -1 22 -21
1789 神隆|生技醫療|60 32 26|75 91 -6 -6|1.8 13|4 -3 0 -7 6
1795 美時|生技醫療|-3 1 -21|81 90 1 11|0.9 1312|65 -4 -1 3 -1
1799 易威|生技醫療|36 102 29|93 93 54 194|2.0 20|14 -0 0 na na
1802 台玻|玻璃陶瓷|-25 8 -1|76 89 -6 -8|1.1 49|6 4 -1 2 -10
1805 寶徠|建材營造|23 -8 -149|95 95 56 20|1.1 10|1 4 0 na na
1806 冠軍|玻璃陶瓷|-2 50 32|92 92 21 26|0.6 24|9 1 0 29 69
1808 潤隆|建材營造|-91 -64 -10332|92 92 8 10|0.9 112|7 6 -8 22 5
1809 中釉|玻璃陶瓷|-17 22 24|91 91 107 130|0.7 127|9 4 0 17 5
1810 和成|玻璃陶瓷|-21 9 7|62 80 -4 -17|0.8 12|3 15 0 1 -26
1815 富喬|電子零組|-32 -28 3|87 87 15 34|4.3 631|3 1 0 21 -11
1903 士紙|造紙工業|-0 5 -2|71 86 -7 -12|0.6 9|12 0 0 -2 -5
1904 正隆|造紙工業|-18 5 6|82 94 -5 1|1.1 20|9 -12 -0 -2 -5
1905 華紙|造紙工業|-25 3 13|71 89 -1 -2|1.0 44|3 1 0 0 -3
1907 永豐餘|造紙工業|-22 7 10|78 87 -13 -1|0.4 36|14 -25 -1 -0 -27
1909 榮成|造紙工業|-27 3 11|77 93 -6 -2|1.6 17|11 -6 0 4 12
2002 中鋼|鋼鐵工業|-7 3 16|78 89 -8 -9|1.0 463|17 -21 -0 5 17
2006 東和鋼鐵|鋼鐵工業|-17 15 7|99 99 12 27|1.2 165|17 5 -4 -46 6
2007 燁興|鋼鐵工業|-13 -5 16|75 75 -7 5|0.3 8|1 -4 0 -3 7
2009 第一銅|鋼鐵工業|-20 19 18|85 96 3 10|1.7 33|1 11 0 29 -33
2010 春源|鋼鐵工業|-15 15 21|92 92 2 -1|0.6 9|8 3 1 3 -8
2014 中鴻|鋼鐵工業|-5 14 16|76 79 -5 -4|0.4 89|6 -5 -1 -6 2
2015 豐興|鋼鐵工業|-34 7 11|100 100 8 7|1.4 16|11 14 4 9 -2
2017 官田鋼|鋼鐵工業|20 22 26|80 91 -8 1|0.8 15|1 -10 0 -1 12
2020 美亞|鋼鐵工業|-50 1 -4|100 100 20 43|1.2 41|8 15 0 49 -20
2022 聚亨|鋼鐵工業|-3 11 14|65 76 -13 -17|0.9 7|3 13 0 -10 -5
2023 燁輝|鋼鐵工業|17 19 21|82 82 -12 0|0.6 26|6 1 -0 -2 -3
2025 千興|鋼鐵工業|-64 196 -36|93 93 60 101|3.0 66|1 -1 0 na na
2027 大成鋼|鋼鐵工業|-12 -16 -2|88 90 -9 -0|0.9 143|16 -6 2 1 11
2029 盛餘|鋼鐵工業|9 35 19|88 88 -5 15|0.5 11|69 -4 0 10 -9
2030 彰源|鋼鐵工業|-43 -3 14|83 90 -3 1|0.8 7|3 11 0 -17 -4
2031 新光鋼|鋼鐵工業|-22 19 16|90 90 17 26|0.9 215|18 6 0 34 -1
2034 允強|鋼鐵工業|-29 -10 -2|84 89 -8 -9|1.4 15|8 -17 0 -15 14
2038 海光|鋼鐵工業|-33 10 19|82 82 4 8|0.2 11|2 5 0 -2 -0
2049 上銀|電機機械|-15 6 15|93 93 6 21|1.2 587|28 -0 3 13 -9
2059 川湖|電子零組|68 46 55|89 89 56 50|1.2 2999|18 7 0 -1 -6
2062 橋椿|居家生活|-3 58 44|92 92 8 28|1.5 28|11 7 4 78 -16
2065 世豐|鋼鐵工業|-30 -11 2|96 96 8 15|2.2 17|3 4 0 97 -35
2066 世德|電機機械|2 0 4|94 96 6 8|2.3 31|12 5 0 24 -8
2101 南港|橡膠工業|-4 15 3|90 90 4 8|0.8 73|7 -15 0 4 20
2103 台橡|橡膠工業|3 10 14|81 93 -4 -6|1.6 23|24 -24 -2 5 0
2104 國際中橡|橡膠工業|-15 -10 12|77 86 -11 -12|2.0 27|11 -16 -0 -14 23
2105 正新|橡膠工業|-21 6 5|96 96 4 16|0.5 158|17 24 5 -1 -19
2106 建大|橡膠工業|-11 4 11|94 94 -4 1|0.7 12|7 5 0 -10 -15
2107 厚生|橡膠工業|-21 -11 7|97 97 1 3|1.0 5|7 -1 0 18 11
2108 南帝|橡膠工業|-25 -1 14|77 88 -11 -6|1.6 9|7 -15 -2 6 -7
2109 華豐|橡膠工業|-6 6 14|100 100 9 13|6.5 5|15 -11 0 258 15
2114 鑫永銓|橡膠工業|-26 -2 10|95 96 0 2|2.4 6|1 0 0 18 -2
2201 裕隆|汽車工業|4 11 2|76 79 -12 -20|1.0 257|6 -7 -0 -4 5
2204 中華|汽車工業|11 35 1|96 96 20 16|1.3 415|26 4 5 3 -31
2206 三陽工業|汽車工業|-8 16 -9|79 97 5 1|1.9 308|8 -0 1 -3 3
2207 和泰車|汽車工業|-18 11 -5|79 93 -4 -1|1.0 147|25 7 1 -10 34
2208 台船|航運業|-27 -30 -37|66 75 -16 -22|0.8 66|5 -7 0 -2 27
2211 長榮鋼|鋼鐵工業|-5 31 19|100 100 39 76|1.3 165|6 -6 12 -22 20
2227 裕日車|汽車工業|-12 7 -18|82 85 -14 -12|2.0 12|41 -5 0 na na
2228 劍麟|汽車工業|11 19 4|91 91 -1 5|2.0 16|8 3 0 -2 -3
2230 泰茂|居家生活|78 156 91|80 80 1 46|1.5 207|7 3 0 -12 -23
2231 為升|汽車工業|-19 -1 -11|65 81 -15 -18|1.9 38|6 -7 -0 5 15
2233 宇隆|汽車工業|-8 18 12|89 89 -9 27|1.2 70|17 11 -1 -41 -4
2236 百達-KY|汽車工業|5 1 -27|85 86 -4 -4|1.5 42|65 0 0 -10 145
2241 艾姆勒|汽車工業|5 17 -21|76 80 -0 -18|2.6 30|19 2 0 10 5
2247 汎德永業|汽車工業|-26 6 -9|88 95 -3 -2|1.0 18|5 -2 -0 7 -12
2250 IKKA-KY|汽車工業|2 17 9|95 95 14 49|2.1 17|10 8 0 45 97
2254 巨鎧精密-創|汽車工業|-44 -11 na|na na -11 na|1.5 11|25 6 0 na na
2258 鴻華先進-創|汽車工業|1750 934 na|na na -7 na|0.9 39|0 10 0 na na
2301 光寶科|電腦及週|-25 -13 1|72 84 3 -15|1.3 1920|33 -18 -1 26 158
2302 麗正|半導體業|-28 -14 3|85 93 3 6|0.7 11|2 8 0 11 -12
2303 聯電|半導體業|3 -6 12|96 96 5 13|1.8 2617|32 -8 4 -3 6
2305 全友|電腦及週|33 97 68|86 86 13 26|2.9 41|2 7 0 -18 -45
2308 台達電|電子零組|-7 -1 -5|83 91 -1 -10|2.0 2413|63 -1 -0 3 -0
2312 金寶|其他電子|-23 -21 -7|84 88 -5 -9|0.6 73|10 -15 -0 2 35
2313 華通|電子零組|8 8 15|100 100 14 68|1.7 2263|29 0 -1 5 42
2314 台揚|通信網路|-66 -70 -29|64 78 -14 -13|0.8 33|1 0 0 -100 na
2316 楠梓電|電子零組|-21 -2 20|86 99 8 7|3.3 54|26 4 -0 -2 -5
2317 鴻海|其他電子|-12 -20 -9|98 100 8 4|2.5 2964|38 4 0 43 32
2323 中環|光電業|6 11 9|72 88 0 -10|0.9 41|8 2 0 6 -8
2324 仁寶|電腦及週|-14 -5 1|92 92 21 18|0.7 919|44 -8 1 -0 21
2327 國巨*|電子零組|-1 5 13|89 89 -6 13|1.1 1011|51 -15 -3 32 33
2328 廣宇|電子零組|-45 -23 -16|72 82 -11 -17|1.9 37|12 -9 -0 0 24
2329 華泰|半導體業|21 32 15|82 82 7 48|0.8 3279|14 -2 -0 13 100
2330 台積電|半導體業|11 4 8|98 98 35 43|1.8 32337|75 16 -0 14 -52
2331 精英|電腦及週|-28 -22 12|75 87 5 -14|0.5 154|14 -2 -0 7 -22
2332 友訊|通信網路|-15 -17 -6|73 84 -6 -18|1.2 82|7 -14 0 3 26
2337 旺宏|半導體業|-16 -20 12|78 78 -4 -20|0.9 184|13 -21 0 -4 19
2338 光罩|半導體業|-4 17 19|72 88 -7 -3|1.3 89|7 3 -0 -10 -9
2340 台亞|半導體業|8 21 21|73 80 -15 -17|2.7 69|12 -8 0 6 9
2342 茂矽|半導體業|-21 -23 6|74 94 -2 -6|5.3 10|0 -1 0 -1 1
2344 華邦電|半導體業|8 13 22|89 89 0 7|1.0 615|22 -2 1 -2 31
2345 智邦|通信網路|-13 -9 -13|86 86 -7 4|1.5 2048|66 3 -12 33 17
2347 聯強|電子通路|8 20 20|95 95 11 18|1.1 260|30 24 6 92 -8
2348 海悅|其他|254 411 294|100 100 20 51|1.8 32|3 21 0 3 6
2351 順德|半導體業|-20 -6 0|75 82 -13 -2|1.0 61|15 -12 -1 12 18
2352 佳世達|電腦及週|-12 -5 7|75 90 -1 -4|2.5 429|18 29 -0 -0 33
2353 宏碁|電腦及週|10 8 11|83 83 31 18|0.4 1343|37 -10 0 7 10
2354 鴻準|其他電子|-65 -66 -44|83 83 -5 -11|1.7 108|17 -13 -0 -0 24
2355 敬鵬|電子零組|2 6 7|85 85 -12 20|1.0 506|20 -10 0 13 77
2356 英業達|電腦及週|2 10 12|76 94 35 0|0.5 1878|21 2 -0 -11 9
2357 華碩|電腦及週|1 8 10|90 90 14 11|0.6 1545|57 -10 -5 -28 8
2359 所羅門|其他電子|10 8 18|92 98 2 -3|1.3 80|4 2 0 2 16
2360 致茂|其他電子|-14 3 18|91 95 27 -2|2.9 962|67 0 2 244 184
2362 藍天|電腦及週|-14 5 -24|80 80 13 20|0.3 104|5 -3 0 -5 -14
2363 矽統|半導體業|-12 3 -31|70 70 -11 9|0.5 611|4 -1 -0 2 -7
2364 倫飛|電腦及週|-19 0 -14|61 61 -21 6|0.4 35|16 -5 0 -18 -1
2365 昆盈|電腦及週|4 22 25|78 78 62 75|0.7 183|5 1 0 -21 -35
2367 燿華|電子零組|18 16 24|97 97 15 44|5.8 485|11 3 -0 32 -14
2368 金像電|電子零組|39 36 33|90 90 17 18|1.2 2395|23 3 -1 -7 -30
2369 菱生|半導體業|4 11 6|88 88 7 27|0.7 424|17 0 0 23 -0
2371 大同|電機機械|7 17 -29|90 96 23 5|1.5 1787|12 -4 -0 -10 13
2374 佳能|光電業|21 26 25|94 94 -1 14|0.6 42|11 17 -0 -30 -36
2375 凱美|電子零組|-23 7 17|80 81 -16 -7|0.8 24|6 -9 0 0 23
2376 技嘉|電腦及週|38 64 18|94 94 58 14|1.0 9121|23 2 1 -5 3
2377 微星|電腦及週|5 9 -1|92 92 5 14|0.5 774|33 -1 -2 -10 29
2379 瑞昱|半導體業|26 31 31|100 100 35 44|1.6 3213|48 5 10 8 -11
2382 廣達|電腦及週|1 -10 3|92 94 28 -1|0.8 8104|26 1 -4 -10 28
2383 台光電|電子零組|59 74 48|91 91 29 11|1.4 3598|29 1 -0 77 -21
2385 群光|電子零組|-3 -1 10|96 96 29 102|2.1 914|37 2 8 90 9
2387 精元|電腦及週|-9 11 12|94 94 11 30|0.8 138|21 18 1 -28 -19
2388 威盛|半導體業|-20 47 4|73 73 -24 12|0.8 849|8 -3 -0 7 13
2390 云辰|其他電子|-23 -5 -11|78 78 -16 -3|0.7 19|3 -0 0 -15 5
2392 正崴|電子零組|-11 -0 5|85 85 -2 -4|0.7 87|18 -3 -0 -49 -6
2393 億光|光電業|8 9 13|99 99 9 7|1.1 64|29 6 0 7 -11
2395 研華|電腦及週|-26 -17 -8|100 100 16 18|1.6 576|42 23 -0 -6 101
2399 映泰|電腦及週|-24 -5 -11|87 90 0 0|1.1 107|2 3 0 15 -31
2401 凌陽|半導體業|-18 14 16|85 85 -10 -4|0.5 101|17 4 0 2 2
2402 毅嘉|電子零組|7 10 -3|71 77 -3 -24|0.7 146|7 1 0 -3 -13
2404 漢唐|其他電子|-32 -16 -62|99 99 57 67|3.4 405|27 -7 15 72 45
2405 輔信|電腦及週|5 9 6|89 89 12 37|0.7 247|14 5 0 3 -1
2406 國碩|光電業|41 54 77|90 100 10 17|1.8 23|7 14 0 -2 -22
2408 南亞科|半導體業|51 39 57|83 83 -10 -2|1.0 1003|16 -11 -7 -33 36
2409 友達|光電業|24 20 4|85 91 3 7|0.8 487|23 -7 -3 -3 2
2412 中華電|通信網路|4 4 1|99 99 0 4|0.9 799|16 -19 -1 -12 53
2413 環科|電子零組|-56 -26 -16|68 89 -8 -4|1.1 13|1 9 0 -3 -21
2417 圓剛|電腦及週|6 7 16|98 98 29 141|4.8 234|14 8 0 9 -31
2419 仲琦|通信網路|-33 -30 -2|62 84 -7 -12|1.3 51|1 -0 0 -4 -3
2420 新巨|電子零組|-9 -7 10|97 97 6 12|2.1 30|6 12 -0 -17 -35
2421 建準|電子零組|-29 2 5|82 89 28 -1|1.1 2128|23 3 -1 6 -21
2423 固緯|其他電子|-26 -3 -6|90 90 9 18|0.7 20|7 15 0 -41 73
2425 承啟|電腦及週|-26 3 -11|75 85 -2 -4|0.6 110|7 -0 0 -6 -8
2426 鼎元|光電業|-11 17 15|85 91 -3 3|1.1 18|10 6 0 0 2
2427 三商電|資訊服務|-58 -0 -1|74 79 -12 5|1.1 20|3 7 0 -4 -9
2428 興勤|電子零組|-24 -7 -2|94 94 5 7|1.4 134|14 4 -0 12 -13
2430 燦坤|電子通路|2 -9 1|85 100 3 0|2.7 6|4 -2 0 60 -19
2431 聯昌|電子零組|-51 -20 19|95 95 23 27|1.3 25|2 2 0 20 52
2436 偉詮電|半導體業|-3 22 4|81 81 -14 -12|0.6 124|7 3 0 -4 -32
2438 翔耀|光電業|42 171 153|83 91 -1 -6|0.8 6|1 1 0 na na
2439 美律|通信網路|7 14 8|95 95 -3 29|0.9 208|24 9 -1 15 17
2440 太空梭|電子零組|-54 73 55|83 91 3 -8|1.8 11|1 4 0 -23 na
2441 超豐|半導體業|7 22 23|100 100 7 10|4.6 43|15 9 -3 125 -11
2442 新美齊|建材營造|624 4864 3575|100 100 22 54|1.3 58|6 6 0 -1 7
2449 京元電子|半導體業|1 2 9|93 93 30 37|2.5 2159|38 -0 3 2 -5
2450 神腦|通信網路|0 -8 -7|97 97 0 7|1.4 9|3 -5 -0 12 -12
2451 創見|半導體業|-0 16 21|100 100 1 15|1.6 40|13 2 1 0 -18
2453 凌群|資訊服務|22 14 5|73 94 0 7|0.8 47|5 -3 0 -8 0
2454 聯發科|半導體業|27 46 48|100 100 35 75|1.4 11541|62 18 1 -41 2
2455 全新|通信網路|168 126 73|91 91 3 11|1.8 1161|43 12 3 -57 -11
2457 飛宏|電子零組|-18 -9 0|68 88 -10 -15|1.1 353|7 -4 0 -3 17
2458 義隆|半導體業|26 36 22|94 94 9 20|0.7 419|35 14 -1 7 0
2459 敦吉|其他電子|-10 -10 -4|99 99 14 14|1.1 6|18 -12 0 -40 1
2460 建通|電子零組|-37 29 24|90 90 27 37|1.0 186|3 0 0 54 18
2461 光群雷|其他電子|2 1 10|83 88 -4 -3|1.1 21|7 -6 0 -3 -17
2462 良得電|電子零組|-42 -11 3|83 83 -6 -0|1.2 57|2 10 0 -18 -35
2464 盟立|其他電子|-45 -32 -9|88 92 4 -8|2.9 58|3 -5 -0 52 87
2465 麗臺|電腦及週|6 31 22|81 81 106 259|1.1 292|8 -1 0 -11 na
2467 志聖|電子零組|-12 -5 22|86 86 92 165|2.1 583|6 -0 -0 12 40
2468 華經|資訊服務|37 7 -6|66 80 -13 3|0.5 10|1 1 0 3 -5
2471 資通|資訊服務|-15 -2 -1|85 95 0 9|0.8 23|6 -9 0 -4 7
2472 立隆電|電子零組|-26 7 15|88 88 -5 9|1.0 68|5 3 -0 4 30
2474 可成|其他電子|-7 -11 7|99 99 6 13|0.9 333|34 -17 7 8 -5
2476 鉅祥|電子零組|-19 -3 9|90 90 16 52|1.2 428|7 -0 -0 9 44
2478 大毅|電子零組|-31 -0 2|92 92 -5 1|1.2 6|5 -3 0 -9 22
2480 敦陽科|資訊服務|1 2 -5|100 100 6 13|1.8 32|8 9 -0 -7 -19
2481 強茂|半導體業|-11 6 4|77 83 -14 -9|0.8 70|10 -1 -1 -13 6
2482 連宇|其他電子|-78 -68 -64|44 68 -19 -34|0.8 17|2 4 0 -4 -3
2484 希華|電子零組|-14 -12 13|92 93 2 6|1.0 57|6 2 0 1 -3
2485 兆赫|通信網路|-55 -32 -18|74 77 -7 -25|3.3 39|5 1 -0 2 -10
2486 一詮|光電業|-17 17 13|92 92 14 5|1.6 521|4 1 -0 6 -13
2488 漢平|其他電子|53 20 31|98 98 6 19|1.2 23|9 18 0 -22 -17
2489 瑞軒|光電業|6 25 13|86 86 10 17|0.7 86|13 -1 0 41 235
2492 華新科|電子零組|-9 6 8|74 74 -24 -2|0.7 322|12 -15 -0 4 95
2493 揚博|電子零組|-5 -1 0|95 95 18 27|1.1 37|10 5 -0 -0 -11
2495 普安|電腦及週|-13 -8 1|86 92 8 14|1.6 51|19 0 0 10 4
2497 怡利電|汽車工業|28 17 4|66 77 -20 -22|1.7 23|1 6 -1 -10 -6
2498 宏達電|通信網路|-39 -4 -6|69 84 -6 -9|0.8 248|9 -9 -0 -1 12
2501 國建|建材營造|86 89 58|96 96 14 24|0.6 28|8 -11 -0 -3 -13
2504 國產|建材營造|-19 10 9|99 99 32 42|2.1 197|16 26 1 13 -33
2505 國揚|建材營造|-64 -10 49|93 93 19 18|0.5 10|6 0 0 -5 10
2506 太設|建材營造|185 278 170|96 96 10 13|0.5 10|5 14 0 -18 60
2511 太子|建材營造|-50 -22 -0|88 92 -7 -3|1.7 17|7 -36 0 -11 59
2514 龍邦|其他|147 281 118|86 99 2 -2|1.4 8|2 10 0 8 5
2515 中工|建材營造|-12 19 -15|89 89 14 25|0.9 162|15 1 -0 2 -4
2516 新建|建材營造|9 16 -13|87 87 10 66|1.6 30|3 1 0 na na
2520 冠德|建材營造|-33 -7 -2|95 95 -1 15|0.8 61|17 2 -2 -7 20
2527 宏璟|建材營造|706 420 198|100 100 30 52|2.0 16|43 11 0 39 -4
2528 皇普|建材營造|-100 -100 -32058|100 100 26 43|1.4 25|2 1 0 3 90
2530 華建|建材營造|18229 70897 53216|100 100 21 58|1.0 55|3 6 -0 1 -4
2534 宏盛|建材營造|-73 -79 -13|94 100 3 10|2.4 8|7 16 -0 -0 -16
2535 達欣工|建材營造|-5 7 17|99 99 19 30|1.9 16|8 -5 0 25 22
2536 宏普|建材營造|297 6967 4720|93 93 -2 11|1.9 5|10 -6 0 -2 -6
2537 聯上發|建材營造|240 130 -5866|97 97 14 36|1.2 30|6 10 0 38 3
2538 基泰|建材營造|-43 6 -5|96 96 -2 9|1.7 8|13 8 0 -3 -11
2539 櫻花建|建材營造|-44 na na|97 97 24 55|1.7 78|2 20 0 4 33
2540 愛山林|建材營造|72 117 7|100 100 11 38|0.7 33|2 21 0 4 -39
2542 興富發|建材營造|-39 -69 -557|95 95 -2 2|1.1 94|9 -2 -0 -10 19
2543 皇昌|建材營造|-19 31 -4|100 100 64 316|1.8 441|7 5 0 24 44
2545 皇翔|建材營造|-60 16 24|98 98 9 10|0.9 10|4 7 0 -40 -21
2546 根基|建材營造|-29 -9 -8|98 98 18 14|1.3 14|3 6 -0 65 -7
2548 華固|建材營造|-100 361 -178|99 99 6 12|2.5 48|19 3 0 10 47
2596 綠意|建材營造|-46 148 -13716|90 90 37 33|1.1 7|1 10 0 14 91
2597 潤弘|建材營造|-15 12 15|100 100 29 44|4.6 14|2 10 0 327 17
2603 長榮|航運業|62 17 55|100 100 53 68|1.1 4720|32 4 7 -3 20
2605 新興|航運業|3 0 -2|90 90 -9 29|0.7 320|34 7 -0 3 -24
2606 裕民|航運業|23 40 28|97 99 -1 25|0.8 460|12 13 0 -11 -54
2607 榮運|航運業|40 35 29|96 96 9 20|0.6 67|16 3 2 -15 -5
2608 嘉里大榮|航運業|-12 5 7|98 98 -1 1|1.4 7|5 -13 0 -3 4
2609 陽明|航運業|26 0 47|84 84 8 14|0.4 1522|14 -5 -1 4 43
2610 華航|航運業|28 16 -8|71 85 -9 -14|0.8 355|9 -13 -0 0 22
2611 志信|航運業|17 58 52|100 100 9 53|1.2 28|4 10 0 8 16
2612 中航|航運業|9 7 13|80 80 -15 19|0.6 62|3 -2 0 -18 16
2614 東森|其他|10 2 3|53 83 -14 -21|1.4 16|2 -1 0 12 2
2615 萬海|航運業|21 -3 42|66 82 -5 8|0.4 310|40 -1 -1 4 -2
2617 台航|航運業|13 9 6|99 99 -1 28|0.8 86|6 7 -0 -4 -34
2618 長榮航|航運業|29 24 -18|79 95 2 2|0.8 925|26 1 1 -6 37
2630 亞航|航運業|12 27 8|52 75 -12 -11|0.3 31|1 -1 0 na 11
2633 台灣高鐵|航運業|21 9 -27|92 97 -1 1|1.2 83|10 -12 -2 -22 109
2634 漢翔|航運業|-14 8 -16|75 77 -9 -21|0.7 234|1 2 -1 -9 -10
2636 台驊控股|航運業|40 28 51|96 96 14 33|0.6 133|22 -0 -3 -5 40
2637 慧洋-KY|航運業|44 28 46|98 99 15 36|0.9 407|12 16 2 -12 -36
2640 大車隊|數位雲端|17 16 1|80 97 -3 2|2.2 8|7 11 0 -55 -23
2641 正德|航運業|64 52 43|90 90 -10 35|0.5 67|6 10 0 -4 2
2645 長榮航太|航運業|9 16 -9|na 82 -4 -14|1.3 62|5 5 -0 6 -34
2705 六福|觀光餐旅|24 7 -44|63 85 -6 -2|0.8 7|3 -13 0 -4 20
2707 晶華|觀光餐旅|15 4 -17|66 85 -5 -5|0.6 50|12 -5 -1 -4 2
2722 夏都|觀光餐旅|14 -21 -13|49 73 -9 -1|0.5 6|0 3 0 -10 2
2723 美食-KY|觀光餐旅|-11 -10 -12|55 78 -11 -21|0.9 60|47 -29 -1 9 72
2727 王品|觀光餐旅|11 3 -17|73 90 1 -5|1.5 197|18 -22 0 -4 71
2729 瓦城|觀光餐旅|47 9 -16|79 83 -1 -17|1.2 26|3 -22 -1 -53 49
2731 雄獅|觀光餐旅|115 105 -551|64 80 -13 -5|1.1 140|10 -2 -10 -4 0
2732 六角|觀光餐旅|-7 -1 2|73 100 14 13|1.4 62|6 6 0 16 -5
2734 易飛網|觀光餐旅|127 114 -267|50 74 -12 -5|1.2 6|7 5 0 na na
2736 富野|觀光餐旅|-43 -50 -44|50 77 -10 -12|0.4 9|1 3 0 -6 1
2739 寒舍|觀光餐旅|18 11 -36|63 81 -7 28|0.6 29|3 -3 0 36 48
2743 山富|觀光餐旅|218 158 -835|64 78 -11 8|0.9 32|1 3 0 -10 -1
2745 五福|觀光餐旅|198 194 -2395|70 82 0 9|0.9 13|1 -3 0 na -50
2748 雲品|觀光餐旅|14 10 -6|61 80 -8 -2|0.4 65|1 -5 -10 16 5
2753 八方雲集|觀光餐旅|7 12 3|68 93 -4 1|2.7 40|9 0 -11 -14 -12
2754 亞洲藏壽司|觀光餐旅|36 21 -8|53 80 -5 -17|1.0 9|74 -18 0 1 4
2801 彰銀|金融保險|-2 3 -8|99 99 1 3|0.9 131|14 8 -0 -4 -36
2809 京城銀|金融保險|4 12 -146|99 99 18 30|2.2 91|16 14 1 -43 3
2812 台中銀|金融保險|13 19 3|100 100 9 16|1.1 150|11 10 -0 3 -8
2816 旺旺保|金融保險|16 14 -6|89 89 -3 3|1.2 33|2 5 0 8 2
2820 華票|金融保險|-25 -4 -112|99 99 1 2|1.5 11|6 -13 0 10 -11
2832 台產|金融保險|12 13 -1|100 100 11 18|1.4 7|4 -7 0 30 5
2834 臺企銀|金融保險|-6 4 -6|100 100 8 9|2.7 201|18 12 -0 70 -21
2836 高雄銀|金融保險|10 5 3|94 95 -3 -4|6.1 23|7 5 0 215 20
2838 聯邦銀|金融保險|7 5 -10|93 100 6 6|1.6 22|3 -14 -0 155 -3
2845 遠東銀|金融保險|9 2 -9|100 100 17 23|5.0 42|10 3 -0 -1 -24
2850 新產|金融保險|7 8 2|100 100 6 21|1.7 23|11 27 -0 252 -20
2851 中再保|金融保險|21 11 2|96 99 3 3|3.2 21|3 5 0 16 42
2852 第一保|金融保險|9 11 4|100 100 7 17|2.9 6|4 6 0 28 18
2855 統一證|金融保險|163 120 55|100 100 25 23|5.4 50|10 20 0 138 -12
2880 華南金|金融保險|4 16 5|98 98 0 7|1.4 155|18 1 -0 16 -8
2881 富邦金|金融保險|245 189 125|100 100 8 13|1.3 794|19 12 -0 15 -15
2882 國泰金|金融保險|187 92 26|97 98 1 1|1.7 762|20 -3 0 4 -5
2883 凱基金|金融保險|229 533 428|100 100 9 13|2.6 361|23 7 -0 1 -14
2884 玉山金|金融保險|27 16 -9|98 98 0 5|1.3 539|31 -11 -1 14 4
2885 元大金|金融保險|18 22 7|100 100 8 16|1.4 391|27 2 3 218 12
2886 兆豐金|金融保險|20 25 -16|100 100 3 11|1.4 449|22 8 1 -51 -4
2887 台新新光金|金融保險|7 13 5|97 97 -1 0|1.3 235|24 -12 -0 0 -0
2889 國票金|金融保險|-2 38 6|92 100 9 8|1.7 48|10 8 0 76 -9
2890 永豐金|金融保險|17 27 8|100 100 6 17|0.8 260|27 7 2 32 -4
2891 中信金|金融保險|97 245 128|100 100 13 28|1.1 1041|40 4 5 -17 -8
2892 第一金|金融保險|-4 2 5|97 97 -1 2|1.1 355|23 -8 1 15 154
2897 王道銀行|金融保險|2 -11 -16|100 100 3 3|2.6 47|6 9 -0 -15 5
2903 遠百|貿易百貨|13 -7 -8|98 98 3 7|2.0 40|11 -1 -1 -54 55
2905 三商|貿易百貨|1860 601 433|76 90 -9 -7|1.0 6|4 -12 0 8 6
2906 高林|貿易百貨|11 15 19|92 92 10 10|0.8 30|5 0 0 -0 -25
2912 統一超|貿易百貨|12 8 -1|95 98 -1 -0|1.0 208|26 -8 0 2 -3
2913 農林|貿易百貨|-4 -7 -9|67 88 -6 -9|0.7 40|6 -1 0 -1 -2
2915 潤泰全|貿易百貨|30 3 4|93 94 -5 0|1.1 115|7 -5 0 5 24
3002 歐格|電腦及週|-5 -6 7|85 85 11 18|0.6 14|2 -0 0 8 46
3003 健和興|電子零組|-9 -1 11|78 92 -5 -4|1.3 25|3 5 -0 -6 -10
3004 豐達科|鋼鐵工業|9 23 -16|81 92 7 -3|1.5 83|4 9 0 -22 -48
3005 神基|電腦及週|-5 11 -3|92 92 19 67|1.7 2171|21 -9 3 93 -1
3006 晶豪科|半導體業|2 20 28|83 83 -2 7|0.9 595|9 -1 -1 6 -12
3008 大立光|光電業|32 29 22|88 88 6 22|0.5 2032|37 1 -1 -33 11
3010 華立|電子通路|3 17 18|97 97 12 17|2.4 227|14 2 0 196 42
3011 今皓|電子零組|-13 7 17|74 80 -17 -15|1.9 25|3 3 0 na na
3013 晟銘電|電腦及週|-43 -20 -18|95 95 20 36|4.7 458|11 5 0 66 -35
3014 聯陽|半導體業|6 24 -9|92 92 4 6|1.3 329|32 7 0 24 -23
3015 全漢|電子零組|-26 -11 -4|97 97 9 14|2.2 22|15 19 -0 27 -6
3016 嘉晶|半導體業|-1 -12 13|84 95 -3 1|4.3 30|2 7 0 1 2
3017 奇鋐|電腦及週|7 44 27|93 93 105 71|1.6 7810|47 4 -0 -2 -41
3019 亞光|光電業|-4 14 15|88 88 -4 -1|0.6 52|12 -11 2 -3 8
3022 威強電|電腦及週|-32 -19 -15|81 92 -6 -2|1.8 73|16 -5 1 5 -2
3023 信邦|電子零組|-12 -10 -13|73 82 -7 -16|1.2 229|52 -18 0 49 4
3024 憶聲|光電業|-2 15 11|90 90 -1 8|0.7 32|6 -5 0 2 5
3025 星通|通信網路|-53 238 157|82 82 17 37|0.5 473|11 1 0 -10 -15
3026 禾伸堂|電子零組|-42 -14 -2|95 95 -5 -4|1.5 14|11 -5 0 -7 4
3027 盛達|通信網路|15 92 6|79 94 2 5|1.9 109|2 3 0 9 -19
3028 增你強|電子通路|-11 13 18|96 96 6 12|1.4 32|9 17 -0 1 8
3029 零壹|資訊服務|-8 -0 -6|96 96 12 22|1.2 182|9 -1 0 -20 -2
3030 德律|其他電子|44 77 87|98 98 22 24|1.4 68|19 15 -0 -22 -14
3031 佰鴻|光電業|-52 4 23|88 94 5 10|0.6 7|2 10 0 11 -14
3032 偉訓|電子零組|8 28 -3|89 89 8 24|0.9 483|4 -1 -0 -38 -15
3033 威健|電子通路|-27 21 16|92 93 9 4|0.8 123|11 16 -0 -29 -13
3034 聯詠|半導體業|-7 9 -8|96 96 16 36|1.5 4074|47 -12 7 74 26
3035 智原|半導體業|-24 -17 -5|80 80 -0 -2|0.6 5529|27 -4 -4 19 35
3036 文曄|電子通路|62 39 25|90 90 37 122|0.6 2269|22 8 -3 -15 75
3037 欣興|電子零組|3 -9 15|87 90 3 -4|0.9 2677|49 6 0 -9 17
3038 全台|光電業|-21 -13 -4|81 91 7 -0|0.8 86|8 -4 0 -33 24
3041 揚智|半導體業|-40 5 36|85 85 -6 55|0.5 283|9 0 0 1 -11
3042 晶技|電子零組|-1 10 20|99 99 2 2|3.0 183|21 6 1 202 -31
3043 科風|其他電子|-60 -46 -47|48 61 -19 -45|1.0 6|1 3 0 -8 -6
3044 健鼎|電子零組|-13 6 11|92 92 4 4|1.9 1305|37 -7 3 75 48
3045 台灣大|通信網路|11 12 4|98 98 -2 6|1.1 280|14 -8 -1 -5 19
3046 建碁|電腦及週|-16 81 -2|64 80 -2 -21|0.6 33|2 2 0 10 -6
3047 訊舟|通信網路|-16 -24 3|82 82 2 12|0.7 169|5 1 0 -13 5
3048 益登|電子通路|-20 -1 5|89 93 0 3|1.2 14|3 11 0 -8 -20
3050 鈺德|光電業|13 5 1|100 100 14 42|1.3 70|10 4 0 4 0
3051 力特|光電業|-31 -24 3|94 94 6 34|1.1 148|4 3 0 2 0
3052 夆典|建材營造|-5 44 17|100 100 12 14|1.9 15|4 14 0 24 10
3055 蔚華科|電子通路|-87 -22 11|80 80 66 91|0.8 659|7 0 0 -4 -5
3056 富華新|建材營造|-91 -75 -120|74 90 -7 -10|1.5 34|3 -7 -0 20 7
3057 喬鼎|電腦及週|9 6 25|85 91 9 10|1.3 5|3 6 0 na na
3058 立德|電子零組|-33 -18 -2|65 89 -0 8|1.5 20|2 0 0 na na
3059 華晶科|光電業|-37 -24 7|83 83 -12 -3|0.7 65|12 -5 -0 -14 0
3060 銘異|電腦及週|33 34 32|96 96 3 11|2.3 10|10 1 0 8 -10
3062 建漢|通信網路|-26 -31 -2|87 92 -3 -3|3.0 28|12 -4 0 -12 13
3066 李洲|光電業|4 14 29|82 82 40 43|0.3 14|1 1 0 -34 33
3071 協禧|電腦及週|-21 -11 2|74 90 3 -12|3.6 30|1 -1 0 16 8
3078 僑威|電子零組|-40 10 -63|89 89 -6 -7|1.7 256|6 -0 0 -6 -22
3081 聯亞|通信網路|6 -9 38|93 93 44 36|1.4 1046|19 4 0 -9 -37
3083 網龍|文化創意|74 6 9|91 92 -6 11|2.0 12|1 -0 0 2 17
3086 華義*|文化創意|55 72 52|71 71 49 105|1.6 29|39 -0 0 28 47
3088 艾訊|電腦及週|-13 -9 -10|85 88 -3 -8|2.4 53|7 -7 0 10 18
3090 日電貿|電子零組|-13 13 8|93 93 0 2|1.5 48|11 10 -0 5 3
3092 鴻碩|電子零組|-34 -4 21|74 79 -13 -15|2.4 10|1 -4 0 -13 -2
3094 聯傑|半導體業|-57 -32 -6|84 84 -10 1|1.1 26|2 2 0 -10 -5
3105 穩懋|半導體業|53 60 48|84 89 -11 7|1.5 621|24 -6 0 5 6
3114 好德|電子零組|-15 5 14|95 95 4 6|0.9 9|1 6 0 -24 13
3122 笙泉|半導體業|-21 18 25|80 80 -18 70|0.6 29|4 7 0 -9 -19
3128 昇銳|光電業|18 5 14|67 92 3 -2|1.0 9|1 0 0 -3 1
3130 一零四|數位雲端|-4 9 1|96 96 7 10|1.9 7|32 -28 0 -50 0
3131 弘塑|半導體業|11 12 10|86 86 68 70|2.0 1056|15 5 5 na 14
3138 耀登|通信網路|-3 -10 -7|76 78 -18 -11|1.1 46|2 -3 0 -22 12
3141 晶宏|半導體業|-45 -39 -15|70 78 -19 -14|1.0 47|7 -2 0 -17 0
3147 大綜|資訊服務|13 44 18|82 82 27 90|2.9 317|5 1 0 5 9
3149 正達|光電業|-20 11 25|77 77 6 8|1.2 34|2 1 0 na na
3152 璟德|通信網路|15 27 15|83 83 -8 6|2.6 44|17 -3 -2 50 -4
3162 精確|電機機械|-65 2 -34|64 75 -17 -18|1.2 26|44 2 0 -5 -2
3163 波若威|通信網路|-18 5 15|100 100 33 20|4.2 951|11 1 0 98 -46
3167 大量|電機機械|36 29 50|89 89 16 36|1.0 46|3 1 0 25 99
3169 亞信|半導體業|-20 4 28|92 92 4 9|4.9 134|2 2 0 22 -22
3171 炎洲流通|居家生活|-20 -2 10|100 100 63 74|7.6 6|1 1 0 644 28
3176 基亞|生技醫療|35 33 -24|65 65 -21 16|0.9 16|5 -5 0 na na
3178 公準|半導體業|-36 -11 -16|87 87 5 28|1.3 193|2 -2 0 27 14
3188 鑫龍騰|建材營造|3149 1145 na|100 100 43 59|3.8 10|1 -0 0 5 40
3189 景碩|半導體業|6 1 30|81 87 -6 -9|1.0 257|12 -10 0 2 -14
3202 樺晟|電子零組|16 29 1|65 81 -12 -14|2.4 6|1 5 0 -55 -43
3205 佰研|生技醫療|-0 11 20|78 84 -7 2|0.5 6|11 10 0 -12 -18
3206 志豐|電子零組|-13 -3 7|92 92 5 6|4.8 23|6 3 0 56 -18
3207 耀勝|電子零組|-22 -25 -10|100 100 24 26|2.2 171|4 3 0 -8 -17
3209 全科|電子通路|10 -16 -9|84 94 -4 -3|2.3 29|3 6 0 73 -17
3211 順達|電腦及週|-7 -10 -3|88 88 8 8|2.1 85|13 -14 2 1 58
3213 茂訊|電腦及週|-38 3 -6|86 86 3 13|0.7 54|10 1 0 -8 -21
3217 優群|電子零組|3 20 -4|85 85 -2 18|0.8 484|8 -1 -6 10 13
3218 大學光|生技醫療|4 4 -11|70 83 -3 -14|1.1 192|16 -20 -2 58 67
3221 台嘉碩|通信網路|3 -2 20|84 84 -0 6|1.0 40|4 -1 0 24 10
3227 原相|半導體業|50 76 42|87 87 -2 23|0.9 460|25 1 -0 33 25
3228 金麗科|半導體業|-17 46 32|94 94 92 306|1.2 1064|7 1 0 -24 -89
3230 錦明|光電業|-55 -16 -4|73 82 10 0|1.4 9|1 -0 0 -28 -100
3231 緯創|電腦及週|31 10 16|77 93 36 10|1.2 10043|29 -1 -2 12 13
3232 昱捷|電子通路|20 38 22|91 91 42 37|1.9 53|11 4 0 -37 -4
3234 光環|通信網路|8 7 29|91 91 32 48|1.3 168|3 1 0 -32 na
3257 虹冠電|半導體業|30 84 -68|78 86 -7 -15|1.0 20|6 5 0 -2 -29
3260 威剛|半導體業|34 44 33|92 92 -1 9|0.9 710|12 1 -4 -3 -12
3264 欣銓|半導體業|1 -6 -2|94 94 1 18|1.8 438|24 -2 3 -3 39
3265 台星科|半導體業|18 26 26|97 97 41 52|1.5 507|6 -6 0 37 27
3266 昇陽|建材營造|-82 175 -138|92 92 14 48|1.2 9|8 10 0 -12 12
3268 海德威|半導體業|86 39 32|77 77 16 39|1.5 44|1 -1 0 12 18
3276 宇環|電子零組|5 68 12|77 77 -20 47|0.5 12|2 11 0 -10 -8
3284 太普高|其他|45 45 38|100 100 57 70|3.6 10|3 2 0 -7 95
3287 廣寰科|電腦及週|112 100 33|78 78 35 44|0.3 68|2 -0 0 -30 5
3289 宜特|其他電子|-7 0 1|88 88 37 20|1.9 736|9 1 -0 -10 -23
3290 東浦|電子零組|-10 16 6|79 79 -18 -8|0.8 10|2 4 0 -4 6
3293 鈊象|文化創意|32 22 2|96 96 55 72|2.0 929|32 -9 10 19 77
3294 英濟|電子零組|-35 17 12|78 78 138 143|4.4 143|9 2 0 53 -20
3296 勝德|電子零組|12 -5 28|100 100 47 56|0.8 27|6 6 0 -38 -7
3297 杭特|光電業|12 39 42|81 81 13 24|2.0 16|1 0 0 -22 14
3303 岱稜|其他電子|-4 19 21|99 99 18 25|1.6 13|4 2 -0 121 -1
3305 昇貿|其他電子|-11 -1 17|85 85 -3 1|0.8 130|7 9 -0 -13 -19
3306 鼎天|通信網路|-43 4 -6|66 80 -8 -26|0.4 20|0 -2 0 -21 2
3308 聯德|電子零組|-75 -65 -139|58 58 4 -40|2.8 25|0 1 0 33 -91
3311 閎暉|通信網路|8 16 10|91 91 7 -3|0.9 17|3 5 0 -10 -29
3312 弘憶股|電子通路|-7 13 24|81 81 69 106|2.2 470|12 4 0 112 22
3313 斐成|建材營造|na na na|80 80 102 113|2.3 36|1 -0 0 na na
3317 尼克森|半導體業|-36 -7 -7|82 82 -16 4|0.8 19|5 6 0 -3 -9
3321 同泰|電子零組|-9 28 13|92 92 27 47|1.3 27|1 -0 0 na na
3322 建舜電|電子零組|-38 18 9|96 96 7 17|2.1 54|7 9 0 -21 -42
3324 雙鴻|其他電子|-26 0 3|100 100 84 85|2.1 5054|24 -1 2 -5 -18
3325 旭品|電腦及週|33 37 -30|96 96 8 25|4.9 70|3 1 0 -20 -11
3338 泰碩|電子零組|-33 4 13|90 90 13 8|4.1 209|9 0 0 32 -24
3339 泰谷|光電業|3 10 13|100 100 36 52|1.8 53|9 6 0 39 6
3346 麗清|汽車工業|31 37 -9|92 92 9 6|1.1 115|11 8 -0 -1 -33
3354 律勝|電子零組|28 32 38|81 81 77 77|1.1 75|1 0 0 -9 51
3356 奇偶|光電業|19 6 9|89 100 17 13|2.7 41|3 2 0 21 -1
3357 臺慶科|電子零組|-22 -6 8|93 93 5 7|1.8 47|12 12 0 22 -40
3360 尚立|電子通路|-57 -48 -23|77 77 37 32|0.9 82|3 -0 0 -11 80
3362 先進光|光電業|-16 30 11|83 83 31 50|0.5 1144|9 6 0 -17 -17
3363 上詮|通信網路|-11 -6 10|97 97 63 98|0.4 1904|11 2 -0 -4 -59
3372 典範|半導體業|12 27 34|84 84 35 53|4.1 99|3 1 0 85 -1
3373 熱映|其他電子|-34 -31 -58|74 74 -14 24|0.3 8|1 1 0 10 4
3374 精材|半導體業|11 14 26|89 92 -5 11|1.3 424|8 2 -0 -6 -29
3376 新日興|電子零組|51 46 44|91 91 62 143|2.0 2737|24 1 2 -4 158
3380 明泰|通信網路|-43 -26 -6|76 88 -6 -8|0.7 118|8 -9 -0 3 20
3388 崇越電|電子零組|-29 5 17|97 97 4 7|2.4 5|7 6 0 14 14
3390 旭軟|電子零組|-26 -6 2|80 80 20 77|0.6 175|4 1 0 38 -38
3402 漢科|其他電子|13 38 35|94 94 39 85|1.1 122|8 -4 0 1 38
3406 玉晶光|光電業|43 38 23|93 93 0 2|0.8 632|26 14 0 -20 -33
3413 京鼎|半導體業|-2 -5 6|95 95 24 31|1.8 434|28 2 3 70 26
3416 融程電|電腦及週|20 11 11|91 91 9 4|1.7 58|5 -2 -0 -22 48
3419 譁裕|通信網路|-42 -33 -0|73 83 -11 -13|1.4 7|2 8 0 -3 -9
3430 奇鈦科|化學工業|-2 0 15|96 96 3 5|3.7 6|1 3 0 -19 -2
3434 哲固|光電業|55 71 67|91 91 17 14|1.8 9|1 -0 0 2 51
3437 榮創|光電業|22 28 19|79 79 -4 74|0.8 213|6 -1 0 -11 38
3438 類比科|半導體業|21 28 22|93 93 15 23|0.5 80|5 5 0 -21 -11
3443 創意|半導體業|-22 -23 -27|77 78 -10 4|0.6 5087|25 -2 -1 -10 -28
3444 利機|電子通路|3 11 9|83 83 -9 35|0.6 47|11 -1 0 9 13
3450 聯鈞|半導體業|-9 -0 15|90 90 17 62|2.0 1373|7 -2 1 -10 12
3454 晶睿|光電業|-52 -42 -26|51 86 -10 -15|0.7 34|2 1 -0 -2 -0
3455 由田|光電業|-18 -10 25|92 98 6 10|2.0 24|4 -4 0 47 19
3466 德晉|通信網路|-73 -49 -64|69 91 12 7|0.9 6|7 5 0 -18 -12
3479 安勤|電腦及週|-17 -15 -14|85 85 6 4|0.6 162|9 -1 -4 -11 3
3481 群創|光電業|-10 12 6|86 88 12 12|0.8 1156|28 -1 -5 0 49
3483 力致|電腦及週|1 22 4|85 85 -2 8|1.5 927|7 -2 -0 -11 21
3484 崧騰|電子零組|1 -3 30|90 90 -7 8|2.2 8|5 -1 0 -0 -24
3489 森寶|建材營造|152 52 55|95 95 63 84|0.7 10|2 -1 0 0 72
3490 單井|光電業|-59 -52 -17|89 89 14 10|0.4 14|1 1 0 -5 44
3491 昇達科|通信網路|-21 4 11|87 90 -4 5|2.7 102|5 4 -4 25 -35
3499 環天科|通信網路|5 67 42|88 88 25 11|0.5 10|1 1 0 -8 na
3501 維熹|電子零組|-20 4 14|98 98 5 7|2.1 16|6 3 0 43 -25
3504 揚明光|光電業|-42 -17 11|67 83 -6 -5|0.4 69|1 -1 0 -10 4
3508 位速|其他電子|-27 -29 3|62 78 -14 -21|1.8 5|1 2 0 -100 na
3515 華擎|電腦及週|4 18 -3|90 90 39 25|2.3 570|12 -1 4 20 -3
3516 亞帝歐|光電業|-23 47 23|76 76 44 43|2.4 33|1 0 0 9 55
3518 柏騰|其他電子|-54 -8 -6|76 81 -19 -2|1.1 8|6 -2 0 -3 -2
3520 華盈|電子零組|-48 8 13|79 88 9 9|0.8 29|1 0 0 -23 -5
3521 台鋼建設|建材營造|99 -2 -15|77 85 19 -12|0.7 9|2 4 0 na na
3522 御嵿|觀光餐旅|77 26 -0|91 91 2 41|0.9 14|4 14 0 na na
3526 凡甲|電子零組|-12 33 15|93 93 15 19|2.4 129|17 12 -0 13 2
3527 聚積|半導體業|-27 0 19|80 83 -10 4|0.5 16|8 -1 0 -8 -8
3529 力旺|半導體業|23 15 7|85 85 12 46|1.0 1836|59 0 -4 42 13
3530 晶相光|半導體業|-43 -13 -8|81 81 6 47|0.9 364|40 -0 0 -16 12
3532 台勝科|半導體業|-24 -11 1|85 85 4 11|1.0 116|48 -9 -0 -9 29
3533 嘉澤|電子零組|-23 10 16|98 98 34 36|1.8 1590|45 -1 1 21 25
3535 晶彩科|光電業|-74 -79 -5|84 84 10 12|0.4 81|2 1 0 -21 7
3540 曜越|電腦及週|1 1 -35|91 96 26 34|6.7 39|4 0 0 42 1
3543 州巧|光電業|2 20 6|83 83 3 18|0.6 14|2 -0 0 -15 42
3545 敦泰|半導體業|-1 29 8|71 71 -23 26|0.8 459|25 -9 0 23 7
3546 宇峻|文化創意|24 6 18|95 98 2 1|2.3 8|10 6 0 -5 -4
3548 兆利|電子零組|80 81 30|99 99 22 132|1.8 2695|9 0 1 -7 -56
3551 世禾|綠能環保|8 4 7|84 84 39 48|2.6 277|6 -2 0 98 78
3552 同致|其他電子|-12 33 18|78 83 -15 -5|1.0 25|15 10 0 -3 -9
3556 禾瑞亞|半導體業|-51 -5 7|84 84 -11 -14|2.5 10|5 -6 0 23 2
3557 嘉威|居家生活|13 13 15|89 95 -0 12|1.7 11|19 3 0 1 -12
3558 神準|通信網路|-44 -34 -29|62 79 -12 -20|0.6 83|1 -3 -0 -6 7
3563 牧德|光電業|-50 -54 -32|97 97 57 55|1.6 471|9 -2 -0 37 29
3564 其陽|通信網路|-4 -16 9|87 99 23 43|8.0 21|2 1 0 2504 269
3567 逸昌|半導體業|-11 7 -11|88 93 -3 -5|2.2 8|8 6 0 4 -22
3570 大塚|資訊服務|3 11 4|99 99 5 28|1.6 20|45 4 0 na na
3576 聯合再生|光電業|-69 -69 -26|55 78 -19 -22|1.5 67|13 -5 -1 -13 -3
3580 友威科|其他電子|-63 19 29|91 91 3 5|0.7 39|5 7 0 -22 -20
3581 博磊|半導體業|-9 -7 -1|89 90 14 5|1.4 27|8 -0 0 -5 58
3583 辛耘|半導體業|32 41 14|96 96 30 28|2.4 2284|12 3 -0 10 -31
3587 閎康|其他電子|1 9 -10|89 93 19 -9|1.5 593|10 1 -1 -21 2
3588 通嘉|半導體業|21 37 39|87 87 22 46|0.6 548|14 4 0 -14 -40
3591 艾笛森|光電業|17 24 11|93 95 4 6|1.0 28|6 8 0 -2 -0
3592 瑞鼎|半導體業|58 49 39|96 96 17 33|1.6 349|22 7 2 31 8
3594 磐儀|電腦及週|-30 -27 -17|66 76 -23 -17|1.8 9|1 -0 0 -7 -2
3596 智易|通信網路|14 15 4|90 90 4 6|0.8 295|31 -4 0 9 7
3605 宏致|電子零組|-15 -4 10|96 96 29 47|1.3 65|11 -2 0 17 81
3607 谷崧|電子零組|-37 4 4|87 87 19 23|0.7 70|7 -0 0 27 11
3611 鼎翰|電腦及週|-0 0 -3|90 94 1 -4|2.1 19|13 2 0 16 4
3615 安可|光電業|-7 11 11|81 81 2 14|0.3 47|3 2 0 -10 -12
3617 碩天|其他電子|19 7 2|74 74 5 -14|1.7 126|6 1 -0 -3 17
3622 洋華|光電業|20 90 62|82 82 43 30|0.4 178|6 -1 -1 -2 3
3623 富晶通|光電業|-31 -16 -17|66 66 -29 89|0.2 28|1 0 0 -16 -3
3624 光頡|電子零組|-28 -9 7|70 84 -7 -10|1.0 35|41 -2 -0 -2 4
3630 新鉅科|光電業|26 54 25|84 86 -3 -0|0.5 14|36 5 0 -7 -1
3645 達邁|電子零組|62 78 54|87 92 5 6|3.3 70|12 2 0 9 -0
3653 健策|電子零組|-14 -4 -2|96 96 46 47|1.5 1338|22 6 -4 12 39
3661 世芯-KY|半導體業|111 111 -21|85 85 16 53|1.0 7931|62 0 -4 12 -35
3663 鑫科|其他電子|-11 11 5|90 90 26 29|3.6 69|3 1 0 67 37
3664 安瑞-KY|通信網路|33 33 11|79 100 33 19|2.1 14|44 6 0 na na
3665 貿聯-KY|其他電子|-4 -4 2|77 87 -11 -5|1.1 299|45 3 -1 -0 11
3669 圓展|通信網路|13 10 18|99 99 11 41|7.3 16|4 3 0 13 10
3673 TPK-KY|光電業|-14 -7 17|75 89 -6 -4|1.7 66|34 -7 0 2 27
3675 德微|半導體業|7 12 25|83 87 2 -2|0.5 162|53 -2 -1 -4 22
3679 新至陞|電子零組|-11 39 28|90 90 3 19|1.1 19|9 2 0 54 -12
3680 家登|半導體業|2 13 -6|89 89 13 22|0.9 834|13 -1 5 -27 3
3687 歐買尬|數位雲端|4 8 8|85 91 -6 19|0.8 57|5 2 0 18 -3
3689 湧德|電子零組|-39 -13 -12|87 87 27 27|4.9 860|11 0 0 210 -5
3691 碩禾|光電業|101 146 152|98 100 39 41|2.1 59|5 5 0 12 17
3693 營邦|電腦及週|1 17 -38|67 68 -14 -33|1.1 457|2 -0 -0 -10 17
3694 海華|通信網路|-1 5 6|88 88 24 57|0.9 296|5 -2 0 -4 15
3701 大眾控|電腦及週|-13 12 -3|76 76 -9 5|2.7 124|4 4 0 -2 -21
3702 大聯大|電子通路|6 17 20|96 96 21 65|2.3 556|36 6 -1 41 27
3703 欣陸|建材營造|-20 -5 -8|96 100 2 7|2.8 33|24 -7 -2 16 -4
3704 合勤控|通信網路|-31 -31 -23|70 80 -16 -14|0.7 98|14 -11 -0 2 -1
3705 永信|生技醫療|13 20 19|99 99 0 8|1.4 11|11 11 -0 -10 -20
3706 神達|電腦及週|45 2 14|84 94 7 10|0.5 535|9 -1 0 -18 3
3707 漢磊|半導體業|-18 -17 3|69 80 -12 -19|5.4 94|9 0 -0 -8 3
3708 上緯投控|綠能環保|-20 1 18|91 91 8 20|1.8 317|9 0 -1 74 43
3709 鑫聯大投控|電腦及週|-3 13 5|73 73 0 12|0.5 6|2 2 0 -17 -23
3710 連展投控|電子零組|13 35 27|76 91 -9 0|1.6 10|2 1 0 na na
3711 日月光投控|半導體業|-1 -1 11|94 94 19 30|2.8 1840|78 5 2 138 58
3712 永崴投控|電腦及週|-7 48 6|85 85 9 29|0.9 335|5 1 -0 15 16
3714 富采|光電業|2 28 34|73 87 -10 -11|1.6 95|14 -1 0 -2 18
3715 定穎投控|電子零組|9 16 na|70 70 -21 19|0.8 928|12 -3 -7 8 12
4102 永日|生技醫療|-6 24 13|92 92 -1 20|1.1 24|6 10 0 20 -21
4104 佳醫|生技醫療|-5 5 -8|99 100 7 5|2.4 21|4 -5 0 10 9
4105 東洋|生技醫療|-19 14 5|94 94 -3 6|1.9 62|18 -17 -0 21 15
4107 邦特|生技醫療|-3 6 7|98 98 8 9|1.9 21|13 -11 0 51 -10
4108 懷特|生技醫療|12 42 13|85 87 -9 5|1.2 11|1 1 0 na na
4109 加捷生醫|生技醫療|170 74 44|92 92 56 67|1.7 47|2 1 0 -20 45
4113 聯上|建材營造|131204 118190 77063|96 96 26 64|1.3 45|3 -1 0 -10 -7
4114 健喬|生技醫療|-17 5 -11|86 90 -9 1|0.9 41|5 10 0 -6 -10
4116 明基醫|生技醫療|-7 3 2|86 88 -9 -0|0.6 8|2 -12 0 -16 -22
4119 旭富|生技醫療|-31 -10 -38|77 89 -3 -9|1.2 23|7 -10 0 -12 13
4121 優盛|生技醫療|13 2 12|75 95 -1 9|2.0 7|1 7 0 9 -23
4123 晟德|生技醫療|-23 41 -25|78 93 -2 -2|1.1 67|7 1 0 5 6
4126 太醫|生技醫療|-37 -17 -17|96 99 3 7|1.5 11|14 -9 0 0 -14
4128 中天|生技醫療|19 6 9|73 79 -11 -8|3.2 66|4 2 0 -8 -1
4129 聯合|生技醫療|3 22 -3|96 96 16 52|1.0 140|20 -5 1 -12 -4
4130 健亞|生技醫療|-11 13 -6|80 89 -10 -7|1.1 6|1 -4 0 -8 3
4133 亞諾法|生技醫療|-19 -4 2|84 85 -13 -0|0.4 8|12 6 0 -3 2
4137 麗豐-KY|生技醫療|-31 50 10|83 95 0 5|1.6 12|60 6 0 -1 -7
4138 曜亞|生技醫療|3 2 -21|88 100 18 25|1.8 14|2 3 0 -10 -14
4142 國光生|生技醫療|-82 -68 -120|63 78 -21 -13|0.9 28|7 -5 -0 -13 22
4147 中裕|生技醫療|147 61 32|73 83 13 -1|2.1 291|7 1 1 3 -4
4155 訊映|生技醫療|89 31 39|65 82 -5 -14|1.8 8|1 -8 0 -5 -3
4157 太景*-KY|生技醫療|114 102 -893|80 86 -9 -3|1.4 20|4 -4 0 24 -5
4161 聿新科|生技醫療|4 58 32|93 97 20 12|1.1 9|1 6 0 -4 -12
4162 智擎|生技醫療|-7 8 -17|81 81 -6 10|0.9 127|4 -10 -1 3 15
4163 鐿鈦|生技醫療|-5 -10 -8|85 93 -2 -0|1.5 13|3 -14 0 -16 26
4164 承業醫|生技醫療|-16 0 -35|82 90 -5 5|1.0 57|23 -2 -0 -4 -2
4167 松瑞藥|生技醫療|-13 21 25|77 77 -22 6|0.5 28|11 -1 0 -3 -4
4168 醣聯|生技醫療|na na na|74 86 -9 -7|2.4 5|5 -2 0 -10 5
4171 瑞基|農業科技|-27 -14 32|73 78 -14 -6|0.6 5|15 9 0 -8 -11
4174 浩鼎|生技醫療|6118 3290 na|66 76 -24 -22|0.9 33|10 -16 0 4 30
4175 杏一|生技醫療|3 5 1|58 88 -10 -9|1.2 5|1 -3 0 -7 -13
4188 安克|生技醫療|13 32 14|80 80 3 32|0.5 12|1 -7 0 na na
4207 環泰|食品工業|3 7 1|97 100 8 1|2.1 5|1 -1 0 3 -24
4303 信立|塑膠工業|-64 -26 22|79 79 150 160|1.0 180|2 0 0 171 134
4306 炎洲|塑膠工業|-25 18 20|96 96 5 19|4.2 25|8 3 0 18 5
4402 郡都開發|紡織纖維|-31 -48 3|89 89 59 76|1.9 21|2 4 0 na na
4420 光明|紡織纖維|-14 6 25|100 100 40 113|2.2 10|2 4 0 -10 50
4503 金雨|電機機械|22 101 33|78 93 12 15|1.4 84|3 2 0 10 -12
4513 福裕|電機機械|14 -10 4|100 100 29 24|3.7 16|1 -1 0 225 13
4526 東台|電機機械|-64 -20 -8|87 87 5 16|1.0 33|7 -0 0 63 16
4529 淳紳|其他|44 85 -1|73 73 44 63|0.9 15|17 0 0 -100 na
4532 瑞智|電機機械|1 23 17|90 99 16 18|1.9 42|15 17 0 9 -27
4533 協易機|電機機械|-51 -37 -46|66 82 -14 -16|3.1 30|2 -0 0 24 6
4534 慶騰|電機機械|-27 25 30|81 81 11 17|1.2 14|0 0 0 -88 na
4536 拓凱|運動休閒|-42 -27 -5|80 97 -2 11|3.6 45|15 6 -2 12 0
4540 全球傳動|電機機械|-34 -17 8|80 98 1 7|1.7 8|2 -2 0 32 21
4542 科嶠|電子零組|-21 -24 -20|82 82 0 -17|1.4 53|4 -0 0 2 24
4543 萬在|電機機械|-37 6 14|79 88 18 18|2.3 265|7 0 0 13 3
4549 桓達|電機機械|-26 -1 2|92 97 6 8|1.6 5|7 -2 0 11 2
4551 智伸科|汽車工業|-34 -17 4|70 76 -22 -22|1.1 27|50 1 -8 -16 -4
4552 力達-KY|電機機械|-52 21 10|83 83 -3 -7|1.0 9|45 -1 0 -3 -11
4556 旭然|其他|1 30 33|84 84 29 25|1.5 36|12 0 0 427 na
4557 永新-KY|汽車工業|-8 33 21|92 92 9 14|1.3 10|36 2 0 35 -7
4561 健椿|電機機械|-0 29 5|79 79 -12 20|1.8 15|2 -3 0 15 16
4563 百德|電機機械|-14 23 8|73 80 4 -19|1.2 25|3 11 0 -23 -35
4564 元翎|電機機械|-36 -41 -12|71 83 -7 -9|2.4 14|2 -3 0 0 5
4566 時碩工業|電機機械|-23 -5 9|73 93 -2 2|2.4 13|2 6 0 -4 -7
4571 鈞興-KY|電機機械|11 34 27|92 92 30 36|1.6 14|67 6 0 563 81
4572 駐龍|電機機械|27 28 2|84 90 -2 -10|1.1 34|4 -2 -1 3 49
4576 大銀微系統|電機機械|-26 -19 8|82 93 3 -0|1.1 8|1 3 0 12 -10
4583 台灣精銳|電機機械|2 -3 10|86 97 6 9|3.1 22|1 -0 0 1 18
4707 磐亞|化學工業|-46 -11 -0|97 97 7 9|4.4 11|1 1 0 17 15
4714 永捷|化學工業|-53 -21 18|84 84 63 80|1.0 200|4 1 0 122 -9
4720 德淵|化學工業|-23 10 13|91 91 3 9|0.9 20|9 10 0 17 9
4721 美琪瑪|化學工業|-14 -24 26|69 83 -16 -6|1.4 13|2 4 0 -18 -8
4726 永昕|生技醫療|-68 -41 -40|78 95 4 -1|1.6 21|21 -4 0 -12 6
4728 雙美|生技醫療|-6 33 1|72 96 0 7|1.7 9|15 8 0 -3 -18
4729 熒茂|光電業|-20 -24 -3|84 84 21 18|0.6 26|0 -0 0 -24 78
4736 泰博|生技醫療|-35 -35 12|74 80 -19 -15|1.3 24|10 -9 -1 -20 11
4737 華廣|生技醫療|-7 4 22|86 86 -10 -6|1.1 6|22 8 0 1 -15
4739 康普|化學工業|-36 -28 13|64 76 -21 -12|1.3 24|2 6 -0 -8 0
4743 合一|生技醫療|13 44 12|69 74 -14 -4|2.4 300|6 -5 0 7 10
4744 皇將|生技醫療|11 116 49|60 74 -13 -18|0.8 9|3 4 0 -12 -21
4746 台耀|生技醫療|-11 14 -2|85 85 -7 9|1.0 272|7 -7 -4 -1 30
4747 強生製藥|生技醫療|5 16 -9|68 79 -8 -21|1.3 21|1 -1 0 0 0
4755 三福化|化學工業|-4 12 15|93 96 16 7|2.0 162|30 -0 0 53 27
4763 材料*-KY|化學工業|103 179 17|74 74 11 -4|1.4 3150|54 -0 -0 11 -1
4766 南寶|化學工業|-19 14 16|93 93 15 33|1.5 233|18 -4 1 87 -19
4768 晶呈科技|化學工業|32 -8 14|89 98 9 30|3.5 156|4 1 -1 43 -17
4770 上品|化學工業|-45 -24 -10|91 91 15 35|2.2 467|12 7 -1 -2 17
4904 遠傳|通信網路|19 13 6|94 94 -6 10|0.8 342|19 -16 1 61 39
4906 正文|通信網路|-31 -15 -9|92 92 6 -2|3.4 191|18 -4 -0 13 25
4907 富宇|建材營造|77628 52144 -432925|87 87 18 19|1.8 6|0 3 0 17 1
4908 前鼎|通信網路|-11 67 41|91 91 21 84|0.6 1286|6 -2 0 -31 -40
4909 新復興|通信網路|297 198 125|100 100 136 157|0.7 740|3 1 0 -6 -8
4912 聯德控股-KY|電子零組|18 29 33|93 93 29 23|2.5 54|30 4 0 16 9
4915 致伸|電子零組|-29 -8 11|97 97 15 9|1.3 321|39 14 7 -36 -24
4916 事欣科|電腦及週|-1 1 -21|72 83 -8 -12|2.4 18|2 0 0 5 -8
4919 新唐|半導體業|-20 -5 8|82 84 -14 -2|1.0 222|6 -7 -2 -3 21
4927 泰鼎-KY|電子零組|-11 -8 4|63 73 -16 -24|4.4 32|15 -19 0 -2 16
4930 燦星網|電器電纜|2 22 20|98 98 25 46|2.4 9|6 5 0 6 31
4931 新盛力|電腦及週|-37 -30 7|62 87 -6 -13|1.2 11|2 6 -0 -3 -10
4933 友輝|光電業|7 54 19|88 88 0 29|0.6 43|9 13 0 -35 -33
4934 太極|光電業|-90 -87 -72|67 75 -7 -30|1.5 21|2 6 0 -8 -6
4935 茂林-KY|光電業|1 15 34|89 93 -4 -6|1.2 5|27 0 0 -5 -17
4938 和碩|電腦及週|-28 -22 -15|95 95 5 10|0.8 453|36 3 -2 -32 -24
4939 亞電|電子零組|-27 40 33|82 82 13 29|1.8 67|3 -2 0 2 46
4942 嘉彰|光電業|-28 -3 13|94 94 2 6|3.8 13|11 -4 0 8 -16
4945 陞達科技|半導體業|30 78 45|88 88 38 72|0.8 134|6 1 0 47 -46
4951 精拓科|半導體業|7 10 21|95 96 2 21|1.3 45|4 1 0 -9 -5
4952 凌通|半導體業|15 21 33|85 85 -10 -5|1.0 12|7 -9 0 -8 17
4953 緯致|資訊服務|10 19 7|86 95 7 25|1.2 297|6 -1 1 12 -2
4956 光鋐|光電業|-23 -11 -7|78 78 19 30|0.2 48|7 0 0 -30 -2
4958 臻鼎-KY|電子零組|-13 -7 7|91 92 -2 3|0.8 265|64 -3 1 -2 25
4960 誠美材|光電業|-12 1 -9|91 91 -1 10|0.6 85|13 -7 0 -9 20
4961 天鈺|半導體業|-28 -12 -1|86 86 -12 20|1.5 430|19 -2 2 9 59
4966 譜瑞-KY|半導體業|22 31 43|78 78 1 8|1.1 2183|55 -3 -1 39 105
4967 十銓|半導體業|56 120 -46|83 83 -8 17|0.5 201|4 -1 0 6 -6
4968 立積|半導體業|44 37 38|90 90 32 39|1.4 1819|24 3 0 -14 -23
4973 廣穎電通|半導體業|1 8 2|88 88 6 22|1.0 54|11 8 0 7 -21
4974 亞泰|電子零組|-34 -9 5|96 96 1 -1|2.0 15|7 1 0 -2 -15
4976 佳凌|光電業|-11 -3 15|74 86 -5 -8|0.7 17|1 1 0 -7 -1
4977 眾達-KY|通信網路|-84 -82 -28|60 84 -7 -12|1.3 93|19 -1 0 -3 -2
4979 華星光|通信網路|11 28 -74|79 84 -11 -4|0.8 1467|12 4 0 -18 -23
4994 傳奇|資訊服務|34 23 22|100 100 66 67|3.9 46|2 2 0 194 -10
4999 鑫禾|電子零組|5 0 7|91 92 -7 -4|1.3 5|3 -7 0 19 17
5007 三星|鋼鐵工業|-10 10 12|95 100 3 0|0.6 5|3 1 0 -59 -69
5009 榮剛|鋼鐵工業|-7 -0 -6|79 93 -3 2|0.9 218|11 -3 -5 -8 9
5011 久陽|鋼鐵工業|-28 10 19|90 90 7 18|1.0 11|2 -0 0 17 -4
5202 力新|資訊服務|81 34 30|91 91 45 55|2.5 43|1 1 0 21 68
5203 訊連|資訊服務|17 13 4|77 86 -8 -9|1.4 30|10 -17 -1 3 98
5209 新鼎|其他|62 93 8|96 100 5 13|1.9 27|2 13 0 na -9
5210 寶碩|資訊服務|42 17 26|61 61 -15 106|0.6 52|1 -2 0 na na
5211 蒙恬|資訊服務|13 21 7|73 89 7 6|0.9 5|8 -1 0 -9 1
5213 亞昕|建材營造|2298 956 -80|100 100 16 51|3.1 17|2 7 0 -16 -15
5215 科嘉-KY|電腦及週|7 44 21|75 75 -11 -5|1.1 9|26 3 0 0 -10
5222 全訊|半導體業|9 14 -9|80 92 -4 -9|0.7 53|4 -6 0 -1 17
5223 安力-KY|電腦及週|-22 -10 4|85 85 4 4|0.3 6|42 5 0 -1 33
5225 東科-KY|其他電子|31 34 38|100 100 76 95|2.1 224|60 -1 0 10 -25
5227 立凱-KY|電子零組|-33 -20 -68|54 72 -21 -18|2.7 11|12 -14 0 na na
5234 達興材料|光電業|-4 -0 -20|94 94 60 47|3.1 444|8 -0 0 142 184
5236 凌陽創新|半導體業|-28 8 -33|69 69 -13 3|0.8 98|8 -1 0 -52 2
5243 乙盛-KY|光電業|-8 -13 3|62 80 -10 -19|1.3 30|51 1 0 -0 8
5244 弘凱|光電業|-29 2 -0|91 91 38 65|0.9 26|5 7 0 -2 36
5251 天鉞電|光電業|30 -3 28|82 82 24 29|2.9 33|23 -1 0 -12 37
5258 虹堡|電腦及週|-8 -2 -9|84 84 -8 11|0.9 684|3 1 -0 3 -5
5263 智崴|文化創意|3 13 5|84 89 -8 0|1.4 37|14 5 0 11 2
5269 祥碩|半導體業|25 67 26|94 94 60 122|0.6 2789|25 2 5 -28 7
5272 笙科|半導體業|-14 37 36|92 92 4 46|1.4 175|3 -1 0 45 22
5274 信驊|半導體業|31 26 51|90 90 4 10|1.1 1234|49 -7 -6 51 23
5283 禾聯碩|電器電纜|-16 1 4|100 100 7 5|1.7 10|1 6 0 -12 -6
5284 jpp-KY|其他|16 1 -21|89 89 61 42|1.2 384|61 5 3 8 -45
5285 界霖|半導體業|-27 -12 5|72 75 -14 -25|1.2 9|2 -6 0 2 4
5287 數字|數位雲端|2 7 -3|99 99 3 2|1.3 11|22 -4 -3 71 40
5288 豐祥-KY|電機機械|-24 -3 5|93 97 2 4|1.3 8|61 2 0 5 -8
5289 宜鼎|電腦及週|-8 4 20|85 85 -9 7|1.4 264|29 -14 -8 6 175
5292 華懋|綠能環保|-17 -8 na|na na 2 na|1.4 34|1 4 0 na na
5299 杰力|半導體業|5 22 27|89 89 -7 -2|1.5 18|3 -0 0 -8 15
5302 太欣|半導體業|98 48 16|91 91 0 14|1.9 6|1 4 0 na na
5306 桂盟|運動休閒|-41 -13 17|96 97 18 7|2.6 89|16 10 1 49 -4
5309 系統電|電子零組|-0 1 8|75 94 -2 1|2.5 36|1 1 -1 5 -7
5310 天剛|資訊服務|-97 1231 895|95 95 68 33|8.6 5|0 0 0 na na
5312 寶島科|生技醫療|0 5 -10|99 99 17 21|3.1 9|10 1 0 -26 -12
5314 世紀*|其他|1275 17095 10888|87 87 354 465|1.4 37|3 2 0 4 -77
5315 光聯|光電業|-45 -39 -13|84 93 4 -1|0.9 7|6 -2 0 39 9
5321 美而快|數位雲端|11 -8 -12|66 66 -4 2|0.7 17|1 -1 0 -9 3
5328 華容|電子零組|-52 -29 -23|80 80 -18 -5|0.5 23|1 -0 0 -18 18
5340 建榮|電子零組|30 21 22|77 81 -2 -19|2.1 93|52 4 0 na -1
5347 世界|半導體業|24 13 29|79 86 -5 6|1.3 448|15 -15 1 -1 -1
5351 鈺創|半導體業|30 39 55|89 89 2 16|0.5 322|8 1 0 -9 4
5353 台林|通信網路|28 4 -3|74 96 2 -4|2.1 10|2 15 0 8 -26
5355 佳總|電子零組|-28 -12 -10|89 89 48 68|0.8 11|1 1 0 na na
5356 協益|電腦及週|-32 34 36|96 96 17 21|2.3 12|4 9 0 4 -13
5371 中光電|光電業|-12 -1 13|83 83 -4 -15|1.1 43|15 -14 -4 -6 21
5381 光譜|電機機械|816 867 402|94 94 25 24|0.4 76|3 2 0 na na
5383 金利|其他電子|-32 -23 -3|95 95 46 30|2.5 23|9 4 0 na na
5386 青雲|電腦及週|171 87 81|100 100 22 38|5.0 43|3 2 0 72 4
5388 中磊|通信網路|-1 -5 -1|91 91 4 5|2.3 575|35 -5 -0 21 -28
5392 能率|光電業|-5 10 13|91 91 -6 -4|1.5 16|4 5 0 -3 -24
5398 慕康生醫|其他|-63 -44 -20|96 96 50 54|1.2 5|3 4 0 -28 36
5403 中菲|資訊服務|-5 18 3|99 99 34 37|2.3 52|9 -4 0 20 142
5410 國眾|資訊服務|-44 -24 -7|96 98 5 3|0.9 8|3 7 0 1 1
5425 台半|半導體業|-13 -13 -5|69 81 -10 -10|0.8 184|12 -7 -1 -3 -4
5426 振發|電腦及週|-36 -22 11|85 85 111 177|0.6 434|1 -0 0 -17 35
5432 新門|綠能環保|-34 29 -0|97 97 77 187|0.7 155|1 -1 0 -18 9
5434 崇越|電子通路|-2 -7 1|100 100 15 20|2.6 155|25 5 -0 4 -1
5439 高技|電子零組|-15 -6 -38|73 73 -22 25|2.5 251|3 -4 1 26 44
5443 均豪|半導體業|27 52 72|87 87 67 57|1.4 278|6 2 0 111 1
5452 佶優|其他電子|-15 1 8|86 86 6 11|2.7 107|6 -0 0 30 12
5457 宣德|電子零組|-3 22 26|90 90 16 8|1.2 222|40 3 -0 -20 -16
5465 富驊|電腦及週|-10 14 -9|75 87 -7 15|5.3 51|1 2 0 2 -6
5469 瀚宇博|電子零組|-19 -6 2|84 84 -14 -10|0.9 184|14 3 0 -14 3
5471 松翰|半導體業|-8 20 25|87 87 -9 11|1.0 19|15 6 0 22 -28
5474 聰泰|電腦及週|1 26 26|75 90 20 19|2.2 124|1 -0 0 -23 4
5478 智冠|文化創意|14 -2 -2|75 75 -19 56|1.7 66|23 -2 1 8 13
5483 中美晶|半導體業|-4 4 6|100 100 18 35|1.9 709|20 5 -1 24 16
5487 通泰|半導體業|-4 3 21|95 95 21 26|2.0 6|0 0 0 27 -26
5488 松普|電子零組|-62 -28 -4|82 82 30 6|3.9 68|3 2 0 125 26
5490 同亨|電腦及週|51 171 157|93 93 16 18|0.7 12|3 -1 0 28 33
5498 凱崴|電子零組|-16 4 22|95 95 48 42|7.3 31|2 -1 0 145 60
5508 永信建|建材營造|454 674 321|100 100 15 49|1.7 66|4 10 0 -28 -3
5511 德昌|建材營造|-19 11 -16|92 100 9 9|2.1 37|3 4 0 37 1
5512 力麒|建材營造|-33 21 -13|88 96 2 8|0.9 31|8 4 0 -22 -22
5515 建國|建材營造|10 -3 13|100 100 32 40|2.1 25|7 5 0 48 47
5519 隆大|建材營造|1663 864 602|100 100 23 59|1.9 28|6 4 0 33 -8
5521 工信|建材營造|19 43 15|90 90 23 76|1.2 111|4 -6 0 20 17
5522 遠雄|建材營造|-81 1 33|90 90 -8 -1|0.8 22|6 -26 -3 -40 18
5530 龍巖|其他|-9 20 10|100 100 11 19|3.7 10|56 -2 0 16 -17
5533 皇鼎|建材營造|-95 14 -188|94 94 4 29|0.8 11|6 2 0 17 43
5534 長虹|建材營造|13 25 -362|100 100 4 9|1.3 30|11 -2 0 5 -5
5536 聖暉*|其他電子|-28 -0 9|94 94 9 26|2.1 114|21 5 2 -3 28
5604 中連|其他|3 -0 0|77 83 -7 -10|1.7 5|3 -293 0 564 3
5607 遠雄港|航運業|2 13 16|87 97 8 16|1.5 103|2 5 -0 3 -16
5608 四維航|航運業|2 -15 26|70 83 -17 5|0.6 42|3 6 0 -0 -8
5609 中菲行|航運業|-0 -5 31|100 100 8 14|1.1 33|18 -6 0 70 26
5706 鳳凰|觀光餐旅|258 93 -1381|52 78 -13 -7|0.9 23|1 1 0 -7 6
5864 致和證|金融業|-25 12 -63|58 91 2 -7|1.7 14|2 7 0 -1 4
5871 中租-KY|其他|10 8 -3|77 89 -4 0|1.0 807|67 -20 1 -1 12
5876 上海商銀|金融保險|8 4 -5|95 95 -3 5|0.9 128|56 -3 4 11 -5
5880 合庫金|金融保險|7 11 -7|93 96 -3 -1|1.1 195|18 -2 -0 -1 -1
5903 全家|居家生活|15 9 -1|87 93 -1 -8|0.8 10|51 -34 -2 -26 18
5904 寶雅|居家生活|29 8 -5|85 88 -7 4|1.2 142|27 -38 2 24 72
5905 南仁湖|觀光餐旅|10 -11 -21|84 91 -4 1|1.6 8|2 -4 0 6 -8
6005 群益證|金融保險|35 49 -28|100 100 17 23|3.0 87|18 12 -0 180 -26
6015 宏遠證|金融業|45 186 85|91 100 14 11|3.9 12|3 1 0 25 47
6016 康和證|金融業|68 75 268|100 100 25 19|4.3 58|5 12 0 35 -39
6023 元大期貨|金融業|-31 5 13|99 99 16 17|1.8 8|1 4 0 29 -27
6024 群益期|金融保險|-13 4 16|97 97 10 19|1.8 16|4 13 -0 113 -21
6026 福邦證|金融業|110 226 -477|100 100 13 17|2.3 27|5 10 0 37 -26
6101 寬魚國際|文化創意|-17 1878 -110687|87 99 -1 18|1.3 10|1 5 0 na na
6104 創惟|半導體業|-3 27 22|79 79 -15 -7|1.0 351|10 1 0 -6 -24
6108 競國|電子零組|-9 -1 8|93 93 2 21|1.4 32|8 12 0 3 -1
6109 亞元|通信網路|-47 -34 -5|85 94 11 2|5.7 7|4 -1 0 -3 2
6111 光聚晶電|文化創意|250 221 113|81 92 -0 9|0.5 64|11 2 0 -5 -3
6112 邁達特|資訊服務|12 12 -3|85 86 -6 3|0.5 130|1 -7 0 -3 32
6113 亞矽|電子通路|-58 -45 -9|77 77 118 146|0.3 171|3 0 0 -2 -5
6115 鎰勝|電子零組|-29 6 13|97 97 8 10|1.8 15|5 6 0 2131 23
6116 彩晶|光電業|-1 2 17|77 89 -6 -9|0.9 95|8 -16 -1 8 18
6117 迎廣|電腦及週|63 57 42|90 90 1 105|1.9 242|4 1 0 29 -34
6118 建達|電子通路|-1 -5 4|63 85 -10 -12|1.1 8|1 4 0 -9 -17
6120 達運|光電業|46 79 20|87 95 19 17|0.9 99|7 8 0 -11 -21
6121 新普|電腦及週|-20 -8 2|96 96 16 51|2.3 431|41 -8 18 102 90
6122 擎邦|電機機械|-24 34 -85|87 87 4 15|1.0 216|4 2 0 22 -25
6124 業強|電子零組|-62 -24 -10|73 92 9 10|1.0 14|49 1 0 -5 25
6125 廣運|電機機械|-66 -50 -44|77 87 26 1|2.9 2356|3 1 -0 18 -9
6126 信音|電子零組|-14 2 9|85 85 17 13|2.0 542|4 -2 0 48 42
6127 九豪|電子零組|-2 18 2|89 89 -3 19|2.0 32|3 2 0 17 -27
6128 上福|電腦及週|7 4 9|97 98 1 3|1.7 5|4 3 0 10 -27
6129 普誠|半導體業|-50 -25 -4|72 84 -11 -10|0.8 26|1 1 0 -15 1
6133 金橋|電子零組|-22 -16 11|60 86 -8 -3|1.1 6|1 4 0 -12 -100
6134 萬旭|電子零組|-24 -21 1|79 95 12 9|2.0 10|22 0 0 34 -14
6136 富爾特|通信網路|5 -4 -7|95 95 17 31|0.9 16|7 2 0 12 23
6138 茂達|半導體業|41 58 46|86 86 1 35|0.7 603|13 2 -2 -10 -23
6139 亞翔|其他電子|74 123 50|97 97 31 86|0.7 1056|27 -2 0 18 -6
6140 訊達電腦|資訊服務|-57 4 13|77 77 89 101|0.2 88|3 1 0 -21 -46
6141 柏承|電子零組|20 75 63|91 91 26 19|2.1 40|2 -3 0 115 106
6142 友勁|通信網路|-82 -76 -41|68 92 -0 -7|1.6 6|2 2 0 na na
6143 振曜|通信網路|-29 -24 -30|87 87 -6 29|2.8 129|8 6 2 -10 -23
6146 耕興|其他電子|-9 -6 -1|90 90 -1 -7|2.4 106|38 -8 -0 25 69
6147 頎邦|半導體業|-6 -6 4|96 96 7 6|1.7 293|18 -13 9 16 33
6148 驊宏資|資訊服務|-71 -24 -164|61 76 -19 -12|0.5 12|2 4 0 -2 -20
6150 撼訊|電腦及週|-6 -3 -54|83 93 2 25|2.4 151|5 -0 0 21 -12
6152 百一|通信網路|-39 -44 -3|86 94 8 3|0.9 14|4 10 0 na na
6153 嘉聯益|電子零組|-38 -5 16|79 87 -7 -8|1.3 42|10 2 0 3 -6
6155 鈞寶|電子零組|-34 -23 6|89 89 -7 -1|0.3 7|7 -4 0 -3 10
6156 松上|電子零組|-33 -1 14|88 88 -11 14|1.4 30|9 6 0 2 -24
6158 禾昌|電子零組|4 17 17|77 77 -10 -19|1.2 9|3 -1 0 11 -31
6160 欣技|電腦及週|-24 -28 -27|55 82 -17 -20|4.0 9|3 -11 0 6 10
6161 捷波|電腦及週|-2 16 25|89 89 13 23|3.4 35|7 7 0 15 -39
6163 華電網|資訊服務|-69 -14 6|80 88 18 22|5.4 23|5 3 0 4 -11
6164 華興|光電業|-22 8 16|78 78 23 26|0.9 56|6 2 0 67 -10
6165 浪凡|數位雲端|6 0 7|90 90 48 22|1.8 155|6 2 0 43 -8
6166 凌華|電腦及週|-21 -14 -7|74 91 3 -3|1.2 41|12 -3 0 -1 48
6167 久正|光電業|-50 -32 -8|87 89 0 -5|0.9 25|5 -1 0 11 15
6168 宏齊|光電業|-26 -4 9|85 85 -5 3|0.6 59|9 7 0 10 -10
6170 統振|通信網路|25 25 16|86 90 0 -3|1.0 53|2 5 0 -12 -22
6173 信昌電|電子零組|-13 -1 2|82 82 -14 -11|1.0 23|2 -3 0 -9 4
6176 瑞儀|光電業|-0 9 21|99 99 28 32|2.7 276|34 -3 13 68 44
6177 達麗|建材營造|-90 2648 1199|99 99 -0 12|1.9 21|6 10 0 5 0
6179 亞通|其他|15 10 -15|92 92 18 19|1.6 150|3 -1 0 2 9
6180 橘子|文化創意|72 12 19|94 99 2 11|1.7 63|29 1 0 -12 32
6182 合晶|半導體業|-28 -30 -6|87 87 -6 -7|1.8 85|9 -5 -0 -4 13
6185 幃翔|電子零組|-47 -28 -20|63 92 -1 -6|0.8 9|2 -4 0 -4 14
6186 新潤|建材營造|2579 904 na|93 93 -7 13|1.1 32|2 -3 0 -23 73
6187 萬潤|半導體業|255 160 151|93 93 115 169|0.7 295|10 1 -0 46 -22
6188 廣明|電腦及週|-15 -14 -2|64 89 -0 -13|1.9 201|7 -4 -0 -8 42
6189 豐藝|電子通路|1 46 25|86 86 24 62|1.7 585|7 -5 -0 822 475
6190 萬泰科|通信網路|-6 5 24|87 98 11 1|5.9 23|1 2 0 -0 -16
6191 精成科|電子零組|-12 3 4|87 87 -9 4|1.3 188|15 -7 0 25 34
6192 巨路|其他電子|-14 11 4|96 96 12 11|1.1 21|20 8 0 53 -12
6194 育富|電子零組|-26 20 2|83 83 -13 3|1.1 26|4 3 0 -1 -10
6196 帆宣|其他電子|-23 12 3|95 95 18 12|1.1 420|6 0 0 -14 1
6197 佳必琪|電子零組|-5 39 17|91 91 18 51|5.6 238|12 2 0 80 -6
6198 瑞築|建材營造|5 na na|94 100 51 26|1.5 13|3 6 0 na na
6201 亞弘電|其他電子|-20 17 2|95 95 16 37|1.4 12|2 8 0 71 144
6202 盛群|半導體業|-60 -51 3|79 83 -14 -11|1.9 59|9 -8 -2 -6 6
6203 海韻電|電子零組|-59 -9 -44|79 86 -3 -15|2.1 38|3 -6 0 13 -1
6204 艾華|電子零組|-26 35 17|90 90 32 125|0.9 164|2 0 0 7 2
6205 詮欣|電子零組|-44 -30 5|91 94 23 29|1.4 135|3 3 -6 5 -7
6206 飛捷|電腦及週|20 22 42|100 100 10 11|2.5 19|12 20 -0 -12 -12
6207 雷科|電子零組|39 36 34|95 95 23 24|1.6 130|4 1 0 58 142
6208 日揚|半導體業|-3 -9 -10|90 90 18 18|2.1 31|2 1 0 789 48
6209 今國光|光電業|-41 -22 2|77 84 -6 -16|0.7 8|2 -1 0 6 -7
6213 聯茂|電子零組|-17 -2 5|86 89 -2 -8|1.1 405|16 -4 -0 18 37
6214 精誠|資訊服務|2 13 6|97 97 7 2|0.9 61|15 -3 0 -8 1
6215 和椿|其他電子|-19 4 35|91 96 15 15|1.5 14|7 8 0 -18 -4
6216 居易|通信網路|42 77 52|92 92 11 18|2.1 29|5 2 0 -14 -12
6217 中探針|電子零組|-31 -11 5|98 100 21 10|7.8 34|3 1 0 217 34
6218 豪勉|通信網路|29 12 -17|75 91 19 2|1.3 42|1 -0 0 -5 5
6219 富旺|建材營造|9477 3518 2117|94 94 56 50|0.7 71|7 -1 0 2 26
6220 岳豐|電子零組|16 11 16|83 83 -3 -7|1.1 6|2 -6 0 -7 2
6223 旺矽|半導體業|6 15 5|89 89 46 41|1.2 1139|25 1 0 -17 21
6224 聚鼎|電子零組|-23 -4 -1|85 95 -1 1|2.0 12|9 1 0 27 -7
6226 光鼎|光電業|-17 20 23|84 87 4 4|0.8 8|2 7 0 -9 -100
6227 茂綸|電子通路|-41 -15 -4|83 83 38 37|3.7 113|1 1 0 523 -3
6229 研通|半導體業|-43 17 36|79 79 22 29|0.8 39|3 1 0 -12 10
6230 尼得科超眾|電腦及週|-46 -40 -22|82 96 18 -3|1.7 18|89 0 0 1 17
6231 系微|資訊服務|7 16 15|85 85 40 86|0.7 660|14 -1 0 -12 10
6233 旺玖|半導體業|-9 -2 11|88 88 20 71|0.4 326|3 0 0 2 -2
6234 高僑|光電業|100 28 -22|71 81 -4 -16|2.2 6|12 0 0 14 -15
6235 華孚|電腦及週|8 20 -17|66 75 -1 -22|2.2 316|5 1 -0 -2 -3
6237 驊訊|半導體業|-30 -21 10|84 84 7 64|0.6 301|3 -0 0 -28 11
6239 力成|半導體業|13 16 24|99 99 45 63|1.6 1224|47 6 7 19 40
6243 迅杰|半導體業|-20 -5 -33|81 81 -2 34|0.2 180|1 -0 0 -22 -11
6244 茂迪|光電業|-52 -31 -4|66 90 -5 -5|1.3 45|13 -2 0 -2 9
6245 立端|通信網路|-27 -27 -6|78 82 -13 -2|1.3 244|11 -3 -3 -18 12
6248 沛波|鋼鐵工業|-40 30 6|99 99 18 20|2.2 35|5 5 0 -15 4
6257 矽格|半導體業|13 10 21|94 94 4 18|1.4 310|28 3 -3 15 37
6261 久元|半導體業|17 22 33|95 95 4 10|0.9 14|4 4 0 5 -27
6263 普萊德|通信網路|-29 5 -4|93 93 27 27|0.9 139|2 -2 0 58 40
6265 方土昶|電子通路|-23 3 32|83 83 27 24|0.7 63|4 0 0 -10 95
6266 泰詠|電子零組|-22 -18 -23|76 96 0 -2|1.8 18|2 -3 0 -11 11
6269 台郡|電子零組|-32 -24 -8|88 96 -1 -6|1.2 133|16 -27 0 -3 18
6270 倍微|電子通路|-47 -41 -7|82 82 4 10|0.6 28|2 1 0 -33 24
6271 同欣電|半導體業|-4 1 16|86 86 -8 0|1.0 262|16 3 -2 0 3
6274 台燿|電子零組|-6 13 18|95 95 29 17|2.0 2828|30 1 2 -17 -21
6275 元山|電子零組|-23 11 3|95 95 33 31|5.4 246|5 2 0 13 -46
6276 安鈦克|電腦及週|-7 -11 -16|56 56 0 28|1.0 64|1 0 0 -24 -55
6277 宏正|電腦及週|-7 -13 -5|94 99 1 1|0.9 9|6 -14 -0 1 -3
6278 台表科|光電業|3 11 28|100 100 3 9|1.9 126|21 17 7 -15 -14
6279 胡連|電子零組|8 24 9|94 94 2 7|2.0 108|13 14 -0 -9 -17
6281 全國電|電子通路|5 -7 -2|99 100 2 1|2.0 8|2 0 0 1000 32
6282 康舒|電子零組|17 43 25|71 87 -4 -15|0.7 560|5 -1 0 -8 17
6283 淳安|其他電子|-36 9 21|72 80 -10 -20|2.0 6|18 1 0 -8 -2
6284 佳邦|電子零組|6 29 17|93 93 0 47|1.6 295|5 -1 -0 16 -17
6285 啟碁|通信網路|-9 1 -13|85 85 3 3|0.8 948|13 -9 2 20 37
6288 聯嘉|汽車工業|27 38 19|94 94 8 12|1.2 186|5 3 0 45 -11
6290 良維|電子零組|-6 9 10|86 86 40 49|1.8 1819|9 1 4 68 6
6291 沛亨|半導體業|-15 4 -43|66 76 -17 -5|1.8 27|1 -1 -2 6 6
6292 迅德|電子零組|-33 -23 -5|86 86 24 60|0.9 77|2 -1 0 39 16
6409 旭隼|其他電子|-21 -3 12|82 97 10 12|1.1 358|67 7 -0 -78 19
6411 晶焱|半導體業|-20 13 -0|85 85 -10 -6|1.0 53|7 -8 0 3 27
6412 群電|電子零組|-3 -2 6|95 95 16 42|1.1 95|16 -2 8 -16 1
6414 樺漢|電腦及週|-10 8 -2|94 94 9 7|1.7 635|25 14 6 -3 10
6415 矽力*-KY|半導體業|-13 7 29|67 80 -4 30|1.0 1071|88 3 -1 -17 -38
6416 瑞祺電通|通信網路|-39 -26 -5|99 99 24 41|1.0 147|5 -3 0 9 90
6417 韋僑|通信網路|6 4 -4|57 88 1 -15|1.2 16|9 1 -7 -10 -4
6418 詠昇|電子零組|-52 19 11|83 83 -14 -9|1.2 5|3 3 0 13 -20
6419 京晨科|光電業|298 270 113|72 72 -0 23|0.6 8|14 2 0 na na
6425 易發|電機機械|186 148 137|80 80 142 175|0.6 184|3 2 0 35 11
6426 統新|通信網路|-26 -0 27|79 79 -16 5|2.0 37|7 -1 0 -7 5
6435 大中|半導體業|25 47 34|92 92 0 14|1.4 55|2 4 0 -32 -7
6438 迅得|其他電子|-29 -19 -12|93 93 6 9|1.5 165|15 8 -0 31 -17
6441 廣錠|電腦及週|-47 -22 -41|62 80 -16 -18|1.3 5|2 7 0 1 -6
6442 光聖|通信網路|19 24 27|86 86 92 133|0.5 373|37 3 0 -27 -19
6443 元晶|光電業|-47 -41 -31|69 88 -7 -11|1.4 114|14 -2 -5 -7 8
6446 藥華藥|生技醫療|91 126 44|64 87 -11 -5|1.3 362|16 -3 0 -2 29
6449 鈺邦|電子零組|0 30 -3|97 97 20 11|1.8 36|3 12 0 108 2
6451 訊芯-KY|半導體業|-39 -18 -9|92 92 30 110|0.9 987|67 -1 0 5 7
6456 GIS-KY|光電業|-26 -21 15|68 83 -13 -10|0.9 42|47 -1 0 -3 -1
6457 紘康|半導體業|-3 47 31|80 80 1 26|0.6 13|5 10 0 2 -9
6461 益得|生技醫療|1173 424 202|77 90 3 4|0.4 8|1 2 0 -43 na
6462 神盾|半導體業|-8 35 11|74 74 129 192|1.1 1559|14 2 -0 -6 -11
6465 威潤|通信網路|-35 34 -2|81 81 22 27|1.5 11|0 -0 0 na na
6469 大樹|生技醫療|17 10 -0|81 81 -14 -12|1.1 119|7 -7 -2 15 -0
6470 宇智|通信網路|-45 -37 -19|64 79 -15 -19|3.3 17|3 -5 0 -8 7
6472 保瑞|生技醫療|-44 -41 -96|78 89 -7 -12|1.3 745|12 -0 -3 -8 20
6477 安集|光電業|-63 -38 4|73 96 4 -5|2.0 25|2 4 0 -0 -4
6485 點序|半導體業|-45 -36 -24|70 70 -26 -16|0.5 64|7 0 -5 -6 -3
6486 互動|通信網路|-4 21 -5|99 99 6 15|1.8 25|5 13 0 -36 56
6488 環球晶|半導體業|-16 -12 -7|98 98 4 32|1.8 711|23 -11 -4 10 143
6491 晶碩|生技醫療|28 17 5|89 96 -0 7|1.0 224|10 13 -1 -17 -32
6492 生華科|生技醫療|0 0 -0|70 70 -24 -6|1.1 9|5 6 0 -2 -8
6494 九齊|半導體業|-23 43 43|84 84 -11 26|1.9 55|10 6 0 -34 0
6504 南六|其他|-13 6 3|85 85 -11 -5|0.8 7|4 3 0 -18 4
6505 台塑化|油電燃氣|-10 -9 7|80 83 -14 -11|1.3 170|7 -11 -1 185 10
6509 聚和|化學工業|-8 -0 13|83 95 -0 1|0.9 35|3 8 -0 -6 -20
6510 精測|半導體業|-15 -8 22|84 88 -6 -3|0.8 77|6 -8 -6 0 13
6515 穎崴|半導體業|-2 -27 -3|77 83 -6 9|1.3 557|12 1 -7 22 -1
6517 保勝光學|光電業|-28 -7 8|44 77 -16 -10|0.5 22|1 3 0 3 24
6523 達爾膚|生技醫療|40 39 3|100 100 5 22|1.9 14|8 1 0 6 -1
6525 捷敏-KY|半導體業|-13 1 13|89 94 -6 -0|1.5 7|12 2 0 11 -7
6526 達發|半導體業|29 23 na|na na 23 na|1.6 751|7 3 2 na 9
6527 明達醫|生技醫療|-7 7 3|74 94 -1 -3|1.8 5|0 -6 0 na na
6530 創威|通信網路|40 20 17|90 90 2 67|0.6 285|5 -0 0 18 -5
6531 愛普*|半導體業|-1 23 22|81 81 -2 27|1.1 2400|21 -6 -2 1 66
6532 瑞耘|半導體業|15 10 1|87 87 13 28|1.6 96|3 -1 0 28 4
6533 晶心科|半導體業|-52 42 29|78 81 -2 8|0.9 809|22 1 0 -15 -6
6535 順藥|生技醫療|-99 -37 -2090|88 88 148 172|0.9 183|2 -2 0 na na
6538 倉和|電子零組|21 39 -8|72 72 -23 -21|1.3 179|7 -13 -3 23 85
6541 泰福-KY|生技醫療|2886 941 377|40 76 -23 -5|1.2 17|26 3 0 8 0
6546 正基|通信網路|-2 12 28|82 82 35 37|1.2 681|6 0 0 -12 26
6547 高端疫苗|生技醫療|na na na|71 72 -27 -24|1.2 76|5 -7 0 -0 25
6548 長科*|半導體業|-11 -6 11|74 95 0 -3|1.3 39|5 -6 -1 4 -16
6550 北極星藥業-KY|生技醫療|na na na|64 76 -10 -24|1.8 115|67 -7 0 9 6
6558 興能高|其他電子|-34 -6 -30|73 81 -13 6|0.6 5|3 0 0 7 -11
6561 是方|通信網路|7 5 -0|98 99 11 3|1.6 62|9 -10 2 11 25
6568 宏觀|半導體業|-33 -35 -11|80 86 -12 11|1.4 19|5 2 0 -2 -11
6569 醫揚|生技醫療|-17 -14 -9|70 84 -6 2|2.6 31|3 2 0 9 -3
6576 逸達|生技醫療|13571 4611 1694|75 89 8 18|1.4 46|26 0 0 na na
6577 勁豐|電腦及週|30 10 -34|76 89 -2 5|0.8 6|2 11 0 -9 -9
6578 達邦蛋白|農業科技|-20 5 11|95 95 16 39|1.5 35|3 -0 0 -26 55
6579 研揚|電腦及週|-27 -3 2|65 88 -3 1|0.8 104|3 -1 1 -13 -5
6584 南俊國際|電子零組|14 36 na|na 82 122 169|2.8 160|8 -1 0 -7 33
6585 鼎基|其他|21 40 25|93 93 35 76|0.7 183|16 4 1 -13 -43
6589 台康生技|生技醫療|-42 0 23|69 83 -13 -5|1.5 54|5 -4 0 -6 2
6590 普鴻|資訊服務|-4 11 -12|96 99 18 19|1.5 10|1 10 0 na na
6591 動力-KY|電腦及週|-45 2 -7|87 87 21 14|9.1 16|24 -0 -1 177 -12
6592 和潤企業|其他|21 22 -4|76 84 -12 -10|2.5 83|27 -6 0 17 44
6593 台灣銘板|資訊服務|24 42 -1|70 70 -18 84|0.4 133|1 -2 0 na 29
6596 寬宏藝術|文化創意|310 113 25|87 100 12 19|4.4 7|3 1 0 25 -14
6603 富強鑫|電機機械|-55 3 15|85 86 -6 -2|1.2 5|2 11 0 -19 -21
6605 帝寶|汽車工業|-3 6 0|97 97 5 29|0.7 86|19 7 -2 -19 19
6613 朋億*|其他電子|9 37 20|100 100 38 47|1.8 96|7 15 1 4 -7
6625 必應|其他|-43 26 -190|65 76 -10 -18|0.2 35|1 0 0 2 15
6640 均華|半導體業|98 214 185|81 81 97 143|1.4 53|1 -0 0 na na
6643 M31|半導體業|20 23 3|78 78 59 72|1.4 1740|18 -1 -5 44 3
6651 全宇昕|半導體業|-29 -9 8|91 91 -5 7|3.0 11|3 3 0 6 -16
6657 華安|生技醫療|-57 13 na|na 82 -7 -6|1.9 11|7 -8 0 35 48
6664 群翊|電子零組|2 5 2|91 91 -0 -8|1.8 62|7 4 0 32 0
6667 信紘科|其他電子|5 24 20|97 97 76 96|1.6 540|5 0 0 2 15
6668 中揚光|光電業|-47 -6 15|88 88 39 46|0.7 236|19 2 0 14 2
6669 緯穎|電腦及週|6 -5 12|95 95 45 57|1.0 6538|33 8 -1 -40 -13
6670 復盛應用|運動休閒|-20 -15 14|99 99 8 8|0.9 50|26 5 -2 -23 -5
6672 騰輝電子-KY|電子零組|-13 -5 4|90 90 2 -9|0.7 48|32 5 1 27 -23
6679 鈺太|半導體業|29 57 42|88 88 12 17|0.7 392|9 -10 4 -26 -6
6683 雍智科技|半導體業|2 1 8|96 96 28 59|1.2 152|12 1 1 na 3
6684 安格|半導體業|130 171 107|77 77 37 90|0.7 866|3 0 0 -34 27
6689 伊雲谷|數位雲端|27 21 4|73 86 -3 -6|0.9 48|12 -1 -0 -0 -10
6690 安碁資訊|數位雲端|11 11 -4|84 91 2 7|0.6 13|3 -4 0 na -4
6691 洋基工程|其他電子|-36 -11 -18|97 97 19 46|1.3 251|6 15 7 6 -4
6693 廣閎科|半導體業|-22 -1 19|87 87 -4 4|3.4 16|2 3 0 2 -11
6695 芯鼎|半導體業|-20 13 6|74 74 20 76|0.3 592|5 1 0 -22 -25
6697 東捷資訊|資訊服務|-22 16 13|68 88 6 9|1.1 6|0 0 0 na na
6698 旭暉應材|其他電子|-31 -2 10|90 94 26 15|2.3 20|1 -0 0 -6 41
6703 軒郁|生技醫療|48 73 -6|89 89 -5 10|3.1 50|14 3 1 na -13
6706 惠特|光電業|-64 -49 9|56 83 -14 -14|1.3 16|6 -5 0 1 7
6712 長聖|生技醫療|41 45 16|91 91 3 5|1.8 154|6 3 -0 11 -3
6715 嘉基|電子零組|-42 -4 22|90 90 36 51|1.8 175|5 5 0 -4 -9
6716 應廣|半導體業|43 139 81|73 73 -18 41|0.9 36|1 -0 0 na 248
6719 力智|半導體業|-1 3 38|79 88 1 18|0.7 567|11 15 2 -30 -72
6732 昇佳電子|半導體業|60 80 35|78 78 -8 12|1.0 435|7 -6 1 2 8
6733 博晟生醫|生技醫療|213 206 -90|80 92 1 7|1.2 17|1 -1 0 na na
6735 美達科技|其他電子|126 193 172|100 100 104 133|5.8 59|1 2 0 na na
6741 91APP*-KY|數位雲端|12 11 1|61 83 -15 -7|0.7 35|62 6 -4 6 -4
6742 澤米|光電業|6 -32 na|na na 25 na|2.2 80|1 -0 0 na na
6743 安普新|其他電子|-5 9 20|63 92 -1 -6|1.0 10|4 9 0 -5 -7
6752 叡揚|資訊服務|3 2 -7|72 87 -9 7|0.7 9|4 2 0 -1 -5
6753 龍德造船|航運業|29 9 -12|na 78 -7 -20|1.8 25|1 2 0 4 9
6754 匯僑設計|居家生活|9 41 37|94 98 9 21|0.6 7|17 13 0 -12 2
6756 威鋒電子|半導體業|-25 13 23|78 78 -4 -0|0.8 138|5 5 -2 -20 -23
6757 台灣虎航|航運業|96 89 na|na 84 -2 -13|1.4 22|1 -2 0 na na
6761 穩得|電子零組|-11 7 13|84 94 5 1|4.0 10|1 -1 0 na 20
6763 綠界科技*|數位雲端|1 5 1|71 86 -8 -1|0.7 15|5 2 0 na -33
6768 志強-KY|運動休閒|26 11 27|100 100 14 17|3.2 20|75 6 0 -12 -20
6770 力積電|半導體業|-3 -10 24|77 87 -8 -3|1.2 361|13 -16 -1 4 38
6776 展碁國際|電子通路|5 5 3|98 98 19 19|2.5 28|5 11 0 -21 2
6781 AES-KY|電子零組|-28 -19 14|89 97 -1 14|1.2 267|74 7 -3 -22 -26
6782 視陽|生技醫療|130 58 55|70 96 39 44|1.4 231|6 6 -1 30 1
6788 華景電|半導體業|-25 -8 -6|85 93 2 6|2.1 70|6 12 0 -25 -25
6789 采鈺|半導體業|52 33 41|91 91 -5 42|0.9 1484|10 -1 -1 -8 29
6790 永豐實|造紙工業|-16 3 -1|96 96 5 16|1.4 15|3 10 0 75 -25
6792 詠業|通信網路|-8 -6 -6|81 81 -4 -9|1.9 12|2 1 0 -55 -10
6796 晉弘|生技醫療|-58 -13 -17|67 81 -11 -15|1.4 9|22 1 0 -11 2
6799 來頡|半導體業|-8 3 9|88 88 19 24|1.0 658|14 2 -0 -1 -26
6803 崑鼎|綠能環保|6 -3 -11|94 95 -2 -4|1.1 14|2 -4 -4 -8 7
6805 富世達|電子零組|125 116 na|na na 123 na|1.3 947|15 12 5 na na
6806 森崴能源|綠能環保|35 84 -110|87 87 23 40|2.0 1563|9 6 1 -12 -41
6811 宏碁資訊|數位雲端|-24 15 9|74 85 2 -9|0.7 261|2 1 3 -6 -8
6821 聯寶|電子零組|-49 -16 na|na 92 -4 2|1.6 6|1 0 0 62 -50
6829 千附精密|半導體業|0 14 25|79 87 9 -13|2.5 118|1 1 -3 16 -16
6830 汎銓|其他電子|7 6 -5|78 80 7 -18|1.5 115|5 -2 1 2 8
6835 圓裕|電子零組|20 4 17|92 92 20 19|0.8 28|9 11 0 -8 14
6841 長佳智能|生技醫療|454 226 92|na 89 -6 -7|3.3 35|2 -3 0 933 77
6854 錼創科技-KY創|半導體業|70 117 -37|73 84 -9 -15|2.4 5|45 -8 0 630 129
6855 數泓科|其他電子|45 17 6|100 100 26 50|2.0 6|0 0 0 na na
6861 睿生光電|生技醫療|-15 -1 2|na 82 -6 -18|1.8 7|2 -8 0 27 9
6863 永道-KY|通信網路|59 65 30|na 96 4 13|1.0 71|77 2 -0 29 -26
6869 雲豹能源|綠能環保|39 -19 -38|na 91 35 51|2.1 42|2 1 0 23 166
6870 騰雲|數位雲端|-5 -1 na|na na -13 na|1.0 7|0 -1 0 na na
6873 泓德能源|綠能環保|-8 7 -37|na 92 36 39|0.9 64|4 1 0 64 -12
6874 倍力|資訊服務|134 101 69|60 83 -17 -2|0.9 10|0 -3 0 na na
6894 衛司特|綠能環保|-11 8 na|na na 33 na|4.1 47|1 -3 0 na 300
6895 宏碩系統|半導體業|-42 -21 na|na 76 -7 -24|2.1 11|1 1 0 na -19
6901 鑽石投資|其他|-57 -833 na|na na -13 na|1.8 51|1 -4 0 na 70
6904 伯鑫|其他|66 26 na|na na 23 na|1.0 7|0 -3 0 na na
6922 宸曜|電腦及週|-7 9 na|na na -0 na|2.0 9|2 2 0 na na
6933 AMAX-KY|電腦及週|-12 -21 na|na na -4 na|2.2 77|37 -5 0 na na
7402 邑錡|光電業|10 48 45|89 89 47 35|1.7 295|9 2 0 19 -20
7556 意德士科技|半導體業|-15 5 8|85 85 20 29|1.8 9|3 2 0 na na
8011 台通|通信網路|82 56 23|100 100 52 72|2.8 239|4 -3 0 28 23
8016 矽創|半導體業|19 34 24|92 92 -1 4|1.3 278|33 3 4 10 7
8021 尖點|其他電子|17 8 22|86 95 0 1|0.8 13|6 12 -0 -18 -6
8027 鈦昇|電機機械|-29 -12 28|95 95 50 40|1.2 376|6 2 0 -6 17
8028 昇陽半導體|半導體業|-15 -10 -14|81 93 -1 -5|1.3 96|11 -7 0 -0 -8
8033 雷虎|其他|5 10 19|66 77 -7 -17|1.0 47|1 1 0 na na
8034 榮群|通信網路|232 166 -48|86 86 21 35|1.1 70|6 -4 0 -33 -4
8039 台虹|電子零組|22 41 32|89 89 5 1|0.5 36|15 -3 0 -4 6
8040 九暘|半導體業|-39 -33 11|100 100 70 89|2.2 265|2 -1 0 33 8
8044 網家|數位雲端|-4 -6 3|53 75 -22 -15|1.0 28|11 -10 0 6 8
8046 南電|電子零組|-54 -48 -9|72 76 -18 -17|0.9 521|8 -8 -1 -1 13
8047 星雲|其他電子|-22 -1 18|81 81 28 30|0.9 9|0 -0 0 657 57
8048 德勝|通信網路|5 28 -40|68 75 -4 -13|1.1 44|2 3 0 -1 -23
8049 晶采|光電業|-52 -38 -18|96 96 5 10|3.8 21|5 2 0 65 -5
8050 廣積|電腦及週|-53 -32 -15|78 80 1 -20|1.9 263|3 -1 0 -0 8
8054 安國|半導體業|-4 64 38|65 65 50 284|1.5 546|5 -2 -0 -28 30
8059 凱碩|通信網路|-67 -73 -15|91 91 158 146|0.8 199|2 0 0 4 3
8064 東捷|光電業|-37 -40 -14|87 87 51 42|1.2 335|8 -0 0 43 205
8068 全達|電子通路|60 86 70|78 78 -2 -2|0.3 23|7 -2 0 -7 13
8069 元太|光電業|-38 -24 -8|91 91 28 25|1.4 1857|41 13 2 -18 21
8070 長華*|電子通路|-10 -6 14|97 97 10 19|2.1 126|10 -3 0 35 29
8072 陞泰|電子通路|-35 1 3|91 92 -0 6|1.9 5|1 0 0 -11 -15
8076 伍豐|電腦及週|38 -5 -4|79 89 -4 -3|2.3 17|4 -2 0 1 4
8081 致新|半導體業|6 7 2|91 91 0 2|0.6 115|29 5 0 14 -23
8083 瑞穎|電機機械|66 60 64|100 100 10 6|2.1 17|2 6 0 71 -7
8084 巨虹|電子通路|-44 -47 -20|77 85 -5 12|0.8 34|1 2 -5 na na
8085 福華|其他電子|-41 -17 0|96 96 73 114|0.9 548|3 -4 0 27 25
8086 宏捷科|半導體業|305 255 160|99 99 11 34|1.9 1201|22 7 1 2 -58
8087 麗升能源|綠能環保|666 3424 1472|83 100 32 15|3.8 16|4 4 0 na na
8088 品安|半導體業|-20 -25 -10|89 89 -2 15|0.4 54|8 0 0 -3 10
8089 康全電訊|通信網路|30 8 40|76 76 48 288|1.0 252|2 0 0 -27 -57
8091 翔名|半導體業|-3 3 8|96 96 30 32|3.8 95|9 4 0 110 -31
8092 建暐|其他電子|-11 -17 -25|80 80 114 113|2.6 34|2 1 0 na na
8096 擎亞|電子通路|117 142 98|94 94 103 138|0.5 404|22 -0 0 -18 24
8097 常珵|通信網路|-100 -99 -4|88 88 12 8|1.2 55|3 -1 0 -12 -14
8099 大世科|資訊服務|-25 -16 -11|100 100 28 30|5.0 15|2 5 0 22 -6
8103 瀚荃|電子零組|-24 2 13|92 92 9 11|0.9 18|15 14 0 -12 5
8104 錸寶|光電業|-23 -8 -2|77 93 -5 -2|5.8 5|1 -5 0 -3 -4
8105 凌巨|光電業|-14 -15 -1|90 99 11 8|2.3 39|58 -5 0 -10 60
8109 博大|電子零組|-27 -11 -13|86 95 2 -5|2.1 9|2 11 -1 -5 -17
8110 華東|半導體業|-0 6 24|94 94 11 10|1.3 87|5 -4 0 47 -20
8111 立碁|光電業|-20 -5 1|84 88 4 8|0.2 19|2 1 0 -18 13
8112 至上|電子通路|84 82 60|96 96 23 36|1.7 365|26 -6 1 4 30
8114 振樺電|電腦及週|-6 -8 8|86 86 1 8|2.2 58|9 12 -0 -9 -24
8121 越峰|電子零組|-4 9 21|76 91 -3 -4|1.1 6|0 -1 0 na na
8131 福懋科|半導體業|-0 -4 19|86 90 -8 -8|1.3 13|4 -23 -0 37 6
8147 正淩|電子零組|-5 23 24|87 87 74 69|1.6 177|3 -1 0 370 1
8150 南茂|半導體業|24 24 20|99 99 12 16|1.9 192|44 22 -1 9 -32
8155 博智|電子零組|-10 4 15|77 83 -10 -4|0.5 81|2 -3 -13 7 -16
8163 達方|電腦及週|-16 -13 -2|97 97 9 37|4.4 94|18 3 -1 -13 -17
8171 天宇|綠能環保|31 2 33|65 96 -4 5|1.4 13|2 14 0 9 -15
8176 智捷|通信網路|-37 11 -16|80 80 -2 27|0.7 7|4 7 0 na na
8182 加高|電子零組|28 26 19|86 86 7 13|0.8 28|51 1 0 6 1
8183 精星|其他電子|-30 -4 -3|82 82 -17 -8|1.0 17|1 -1 0 -11 8
8201 無敵|其他電子|-45 -22 -6|71 86 20 8|0.5 9|1 -0 0 0 na
8210 勤誠|電腦及週|11 80 52|82 82 4 17|1.0 1548|8 -4 -1 18 94
8213 志超|電子零組|-18 -8 -5|89 89 -8 -11|1.5 17|22 -26 -0 2 -5
8215 明基材|光電業|6 11 -4|80 92 -1 -4|0.8 54|2 -9 -0 -2 26
8222 寶一|電機機械|10 57 6|66 80 -3 -17|0.4 49|1 -2 0 -4 -2
8227 巨有科技|半導體業|-53 105 65|68 68 11 93|1.0 254|4 -1 0 -15 -25
8234 新漢|電腦及週|-44 -30 2|68 91 -8 -7|1.5 18|5 3 0 -5 4
8249 菱光|電子零組|-49 -22 5|87 94 5 2|1.5 6|2 -11 0 -9 3
8255 朋程|電機機械|60 52 11|91 93 0 0|1.4 77|9 -8 -3 -2 23
8261 富鼎|半導體業|-16 1 17|78 81 -16 -3|0.7 54|2 0 -2 -9 -12
8271 宇瞻|半導體業|4 7 13|89 89 10 21|1.6 83|15 6 -0 33 -3
8289 泰藝|電子零組|-35 -21 14|77 94 3 11|2.0 20|1 0 0 -15 -14
8299 群聯|半導體業|42 50 49|96 96 26 39|1.3 1611|50 12 0 -5 -3
8341 日友|綠能環保|-10 -7 7|63 84 -14 -11|1.7 19|9 -15 -3 1 -0
8349 恒耀國際|鋼鐵工業|1 26 12|96 96 3 6|1.2 10|2 5 -1 6 -7
8358 金居|電子零組|-14 -17 -1|81 84 -6 -17|1.1 103|7 -2 -0 7 -2
8383 千附|半導體業|-29 -25 9|89 95 4 4|1.5 15|7 1 0 51 -27
8390 金益鼎|綠能環保|2 23 19|88 96 -1 -1|2.9 19|4 8 0 -9 -12
8403 盛弘|生技醫療|13 18 19|74 92 -6 -5|1.5 7|1 -8 0 2 -13
8404 百和興業-KY|其他|-41 20 38|72 86 -10 -11|1.1 14|53 5 0 6 48
8410 森田|電腦及週|-37 5 -13|83 83 17 20|0.6 15|2 4 0 4 -3
8415 大國鋼|鋼鐵工業|-10 -13 -3|92 95 -4 1|0.5 5|10 -23 0 -3 -10
8422 可寧衛*|綠能環保|-27 -22 2|87 97 -1 -0|0.8 31|10 -20 -0 -4 1
8426 紅木-KY|其他|4 32 -39|79 79 10 24|0.5 33|68 -0 0 -16 8
8431 匯鑽科|其他電子|-59 -1 9|84 93 5 -9|0.9 17|2 -0 0 1 -24
8432 東生華|生技醫療|-23 58 34|87 87 12 21|1.5 23|3 3 0 -7 -35
8433 弘帆|居家生活|5 18 0|95 96 3 18|0.9 12|3 2 0 2 -11
8435 鉅邁|其他|-7 -9 -1|100 100 13 18|1.0 11|1 -0 0 110 63
8436 大江|生技醫療|-31 -11 -14|67 79 -19 -14|1.5 83|23 -9 -13 -2 28
8440 綠電|綠能環保|-15 6 -0|74 93 1 -0|0.6 7|1 2 0 -7 -5
8442 威宏-KY|其他|-24 7 12|96 96 22 46|0.5 51|61 -2 0 -31 25
8446 華研|文化創意|-5 47 11|73 98 6 10|0.9 20|6 3 0 -4 -11
8454 富邦媒|數位雲端|4 5 -0|49 75 -22 -20|1.0 436|18 -12 -0 29 -33
8462 柏文|運動休閒|12 22 -0|67 78 -8 -19|2.2 10|1 0 0 -8 1
8464 億豐|居家生活|-9 5 7|99 99 8 24|0.7 165|42 -8 1 -4 3
8467 波力-KY|運動休閒|-1 31 14|94 94 27 134|0.7 122|46 2 2 -17 -22
8473 山林水|綠能環保|-43 -18 -22|91 91 29 41|1.7 57|1 -1 0 45 199
8476 台境*|綠能環保|47 5 33|87 90 11 -5|4.3 6|5 22 0 19 6
8478 東哥遊艇|運動休閒|-3 19 2|58 89 -4 -6|4.1 145|42 1 0 27 -9
8489 三貝德|其他|-5 7 -2|92 92 22 30|0.5 9|6 13 0 -18 2
8916 光隆|其他|-44 -19 5|98 98 6 6|1.0 12|4 8 0 -64 -7
8924 大田|運動休閒|-52 -29 17|73 95 2 -0|1.3 13|4 18 0 -16 -24
8926 台汽電|油電燃氣|110 40 -13|89 95 16 9|3.0 204|6 -7 -0 94 87
8927 北基|油電燃氣|17 16 1|90 95 11 -7|2.2 38|1 -7 0 3 37
8930 青鋼|鋼鐵工業|-26 30 9|90 90 15 24|0.9 63|7 -2 0 -27 -41
8931 大汽電|油電燃氣|-47 -29 -17|69 91 15 16|2.1 23|0 -1 2 5 4
8932 智通*|數位雲端|47 69 16|81 81 -1 27|1.3 55|30 1 0 3 6
8936 國統|其他|61 65 37|95 95 42 117|0.8 1168|12 -2 0 7 95
8938 明安|運動休閒|-51 -27 10|68 94 -1 -5|1.1 16|8 6 -2 -5 -15
8940 新天地|觀光餐旅|49 37 -55|74 83 -11 12|0.7 8|9 -11 0 na na
8942 森鉅|其他|-41 -15 -13|98 100 2 4|2.4 21|21 -10 0 -1 -6
8996 高力|電機機械|-18 -10 -53|74 98 24 2|2.2 2964|8 0 0 7 -1
9802 鈺齊-KY|運動休閒|-64 -42 -8|83 83 -15 -3|1.0 70|41 2 -21 -11 -2
9904 寶成|運動休閒|5 1 8|95 98 0 8|1.3 233|43 -35 -0 37 174
9906 欣巴巴|建材營造|-100 -85 -86|100 100 33 33|1.0 38|4 12 0 36 2
9907 統一實|其他|-23 5 17|75 86 -10 -14|2.8 24|16 -14 -0 3 11
9910 豐泰|運動休閒|-8 2 10|79 79 -12 -10|0.9 181|15 -19 -5 -19 26
9911 櫻花|居家生活|19 18 11|99 99 11 19|1.2 19|18 5 -0 -6 -16
9914 美利達|運動休閒|-41 -43 -12|98 98 16 8|3.1 308|37 7 5 23 37
9917 中保科|其他|-0 6 -4|96 96 3 16|0.5 33|41 21 -3 -23 3
9919 康那香|其他|-28 -10 -1|70 70 -23 13|0.3 55|4 0 0 -4 3
9921 巨大|運動休閒|-27 -24 -6|94 98 17 14|2.6 404|38 11 2 -38 30
9924 福興|居家生活|4 13 12|99 99 10 24|1.3 35|15 7 -0 -60 -19
9925 新保|其他|-2 1 0|99 99 -1 1|1.2 12|17 -20 0 133 41
9927 泰銘|其他|-6 20 8|94 94 0 25|1.2 46|18 9 -0 12 -10
9930 中聯資源|綠能環保|-19 2 -5|98 98 4 5|1.4 9|2 -1 0 76 13
9933 中鼎|其他|33 22 8|100 100 3 13|2.7 67|19 8 -0 25 -0
9934 成霖|居家生活|-10 -10 -2|99 99 11 12|0.7 22|18 19 -1 -5 -15
9935 慶豐富|居家生活|28 4 11|91 91 9 24|0.5 7|7 2 0 72 6
9938 百和|其他|-20 23 34|85 85 -14 5|1.1 54|19 -3 -4 -26 18
9939 宏全|其他|-6 8 1|98 98 20 40|1.4 165|26 -7 0 -26 3
9940 信義|其他|-34 -44 -39|98 98 -1 3|1.1 5|6 -0 0 11 11
9941 裕融|其他|4 7 -5|74 77 -22 -19|3.7 157|5 -6 0 48 44
9942 茂順|其他|-38 -8 -21|87 92 -4 -8|2.4 33|6 1 -6 12 2
9943 好樂迪|觀光餐旅|15 -8 -27|90 97 -2 3|1.3 17|2 -4 -0 -1 14
9945 潤泰新|其他|-41 -4 4|76 92 -1 -8|1.0 140|12 -1 0 -7 31
9946 三發地產|建材營造|-96 86 64|97 97 16 70|2.4 17|4 12 0 15 -13
9950 萬國通|塑膠工業|22 -4 -38|70 70 -22 2|2.2 7|0 -1 0 na na
9951 皇田|電機機械|-10 0 -9|89 89 -7 -3|0.8 8|6 -5 0 17 -8
9955 佳龍|綠能環保|-9 16 3|85 90 -1 15|4.4 6|2 3 0 9 -5
9958 世紀鋼|鋼鐵工業|3 63 -6|89 89 29 39|0.9 1363|22 -0 4 1 -31
