# 2023-03 月末(2023-03-31)全池量化快照(1128 檔)。欄位:代碼 名稱|產業|最新YoY 3月YoY 加速|距52週高% 距120日高% 60日漲% 120日漲%|量能x 日均值M
1101 台泥|水泥工業|34 16 8|82 92 6 4|0.9 602
1102 亞泥|水泥工業|52 2 0|96 97 4 9|0.8 178
1103 嘉泥|水泥工業|57 37 27|90 90 8 12|0.3 5
1104 環泥|水泥工業|70 27 7|100 100 19 28|2.4 33
1108 幸福|水泥工業|72 31 9|97 97 30 39|0.8 20
1201 味全|食品工業|15 0 -1|90 95 5 2|0.7 8
1210 大成|食品工業|10 4 -4|97 100 15 13|0.6 68
1215 卜蜂|食品工業|10 4 -8|98 98 7 6|0.4 52
1216 統一|食品工業|19 11 1|100 100 9 8|1.3 481
1217 愛之味|食品工業|-1 2 0|92 98 7 27|0.7 20
1218 泰山|食品工業|12 6 -3|61 61 -10 -15|0.5 35
1219 福壽|食品工業|14 5 -10|80 95 15 11|0.6 24
1220 台榮|食品工業|-14 -21 -23|71 90 8 17|1.0 15
1227 佳格|食品工業|8 -5 6|84 95 3 10|0.7 23
1229 聯華|食品工業|26 8 0|90 99 14 10|1.2 55
1231 聯華食|食品工業|7 9 -4|100 100 22 30|0.9 18
1232 大統益|食品工業|41 27 5|92 95 5 -2|0.7 6
1234 黑松|食品工業|71 26 16|100 100 9 9|0.5 8
1256 鮮活果汁-KY|食品工業|58 3 13|94 94 22 37|0.9 11
1268 漢來美食|觀光餐旅|17 25 -61|88 88 7 29|0.4 38
1301 台塑|塑膠工業|-14 -29 -14|91 99 5 8|0.9 436
1303 南亞|塑膠工業|-27 -33 -12|91 99 9 19|1.0 347
1304 台聚|塑膠工業|-14 -19 -6|96 99 22 35|0.9 50
1305 華夏|塑膠工業|-15 -15 1|80 90 0 35|0.3 71
1308 亞聚|塑膠工業|-15 -22 -18|83 97 1 8|0.7 35
1309 台達化|塑膠工業|-15 -20 -3|70 91 -5 4|0.5 19
1310 台苯|塑膠工業|-49 -31 -28|80 96 3 7|0.8 5
1312 國喬|塑膠工業|11 -13 5|80 96 7 20|0.9 43
1313 聯成|塑膠工業|19 -16 -2|77 93 4 22|0.4 14
1316 上曜|建材營造|127 35 -135|58 83 10 -17|0.8 27
1319 東陽|汽車工業|39 9 -7|83 93 13 -6|0.9 225
1321 大洋|塑膠工業|-12 -19 -13|96 100 11 8|0.7 8
1326 台化|塑膠工業|-2 -9 -9|89 91 -1 3|0.8 171
1336 台翰|電子零組|35 15 -11|86 86 6 10|0.4 14
1339 昭輝|汽車工業|41 3 -2|94 94 12 16|0.7 14
1342 八貫|其他|-21 1 -19|94 94 21 123|1.4 233
1402 遠東新|紡織纖維|1 -5 -13|94 94 -5 -3|0.7 178
1409 新纖|紡織纖維|-14 -22 -18|91 97 1 12|0.6 37
1417 嘉裕|紡織纖維|31 2 -17|83 83 -8 29|0.3 11
1432 大魯閣|運動休閒|-0 24 -64|74 74 38 41|0.5 28
1434 福懋|紡織纖維|-8 -11 -13|99 99 7 6|1.0 37
1437 勤益控|其他|2 -10 -23|91 91 12 16|0.9 17
1438 三地開發|建材營造|na na na|84 84 1 0|1.1 9
1440 南紡|紡織纖維|3 -8 -14|74 93 -4 5|0.7 19
1442 名軒|建材營造|362 1778 1384|85 85 -12 13|0.8 34
1444 力麗|紡織纖維|-15 -32 -38|86 95 0 -0|0.3 14
1451 年興|紡織纖維|-38 -32 -34|84 97 10 2|0.6 9
1453 大將|建材營造|-100 -50 -38440|47 90 9 6|0.7 5
1455 集盛|紡織纖維|-24 -41 -19|67 93 3 18|0.9 6
1467 南緯|紡織纖維|-26 -31 -20|82 92 5 -1|0.5 34
1473 台南|紡織纖維|-33 -10 -41|89 89 18 29|0.9 8
1475 業旺|紡織纖維|47 28 -238|75 78 -15 18|0.4 5
1476 儒鴻|紡織纖維|-28 -36 -39|96 96 2 21|1.2 420
1477 聚陽|紡織纖維|4 -12 -19|94 94 -3 22|1.7 447
1503 士電|電機機械|30 14 1|94 94 34 38|0.4 191
1504 東元|電機機械|14 4 -7|97 97 55 52|3.1 1408
1506 正道|電機機械|2 -6 -11|90 90 19 32|0.3 9
1513 中興電|電機機械|38 17 7|94 94 44 64|0.4 1799
1514 亞力|電機機械|25 37 -0|90 90 29 38|0.3 211
1515 力山|電機機械|-63 -71 5|66 87 -6 1|0.6 14
1516 川飛|其他|23 na na|69 85 2 3|0.4 6
1517 利奇|電機機械|-28 -41 -37|78 82 -2 -9|0.9 12
1519 華城|電機機械|-42 -34 -16|92 92 45 71|0.3 635
1522 堤維西|汽車工業|9 7 -8|93 99 14 15|0.6 75
1524 耿鼎|汽車工業|74 24 -3|89 96 13 9|0.7 151
1526 日馳|電機機械|-13 -26 -35|73 85 1 -12|0.9 12
1527 鑽全|電機機械|-16 -29 -11|95 95 4 6|0.6 13
1528 恩德|電機機械|22 14 4|97 97 9 16|1.1 8
1529 樂事綠能|電機機械|236 140 76|92 92 44 33|0.7 100
1532 勤美|電機機械|-21 -42 -14|100 100 24 22|1.1 29
1533 車王電|汽車工業|18 -10 -25|72 94 1 -0|0.5 11
1535 中宇|電機機械|3 -5 -9|97 97 11 17|0.5 12
1536 和大|汽車工業|33 14 1|76 78 2 -20|0.5 59
1537 廣隆|電機機械|-9 -12 -63|100 100 4 4|1.0 8
1539 巨庭|電機機械|-76 -74 -41|66 95 7 3|1.0 25
1540 喬福|電機機械|29 50 -39|91 91 10 11|0.8 9
1558 伸興|電機機械|13 -5 -13|86 90 -5 -6|0.9 13
1560 中砂|電機機械|-3 -5 -17|70 92 7 -2|0.6 235
1565 精華|生技醫療|8 -10 -1|95 96 6 14|0.6 27
1568 倉佑|汽車工業|-27 -29 -22|79 93 7 5|0.7 8
1569 濱川|電腦及週|-39 -28 -29|91 98 14 8|1.4 13
1580 新麥|電機機械|21 1 8|98 98 17 11|0.8 9
1582 信錦|電子零組|-21 -39 -28|87 94 2 -5|0.9 6
1584 精剛|其他|216 114 42|93 93 34 90|1.5 332
1589 永冠-KY|電機機械|52 15 5|96 96 39 35|1.4 108
1590 亞德客-KY|電機機械|38 2 -2|98 98 30 62|1.1 711
1591 駿吉-KY|電機機械|-91 -90 na|88 88 60 92|1.6 11
1597 直得|電機機械|-15 -21 -8|91 91 9 18|0.6 9
1598 岱宇|運動休閒|9 -1 29|87 87 4 21|0.6 16
1603 華電|電器電纜|110 49 -6|87 90 3 9|1.5 40
1604 聲寶|電器電纜|0 -7 -5|94 100 7 6|1.0 6
1605 華新|電器電纜|37 11 -3|83 83 3 28|0.9 2118
1608 華榮|電器電纜|-19 -14 -12|69 92 5 20|0.4 10
1609 大亞|電器電纜|13 -8 -4|90 96 27 45|2.2 406
1611 中電|電器電纜|-2 -14 -3|82 100 23 14|1.4 21
1612 宏泰|電器電纜|-12 6 10|69 98 18 41|1.1 17
1618 合機|電器電纜|58 2 -27|98 98 18 28|5.8 8
1701 中化|生技醫療|22 18 9|71 71 -16 24|0.2 55
1702 南僑|食品工業|30 5 1|99 99 4 10|0.8 8
1707 葡萄王|生技醫療|26 9 2|95 95 11 35|0.5 97
1708 東鹼|化學工業|-23 -17 -67|62 94 3 3|1.5 89
1709 和益|化學工業|-10 -16 -23|92 99 12 15|0.6 43
1710 東聯|化學工業|-19 -21 3|89 97 9 16|1.0 26
1711 永光|化學工業|3 -18 -12|71 94 1 6|0.8 10
1712 興農|化學工業|-2 -8 -25|89 95 10 4|0.9 115
1717 長興|化學工業|1 -19 -12|81 93 2 -5|1.3 38
1720 生達|生技醫療|41 17 -12|85 85 -6 24|0.3 64
1721 三晃|化學工業|4 -12 -16|58 83 -7 4|0.4 6
1722 台肥|化學工業|-3 -21 -33|71 96 5 5|0.8 66
1723 中碳|化學工業|28 4 -21|93 100 9 12|1.4 23
1727 中華化|化學工業|-22 -23 -30|51 87 -1 1|0.8 6
1733 五鼎|生技醫療|-27 -20 -25|90 97 0 5|0.7 6
1734 杏輝|生技醫療|27 11 -8|85 85 -7 8|0.2 14
1736 喬山|運動休閒|-12 -6 -12|78 78 -12 -8|0.3 29
1737 臺鹽|食品工業|18 -13 -5|99 100 4 5|0.6 5
1752 南光|生技醫療|80 42 24|88 88 1 71|0.3 105
1760 寶齡富錦|生技醫療|2 -10 -30|87 87 -6 27|0.9 625
1762 中化生|生技醫療|144 63 20|96 96 25 50|2.2 300
1773 勝一|化學工業|-4 -19 -14|68 89 8 12|0.8 32
1777 生泰|生技醫療|29 39 -11|91 91 -4 15|0.4 7
1783 和康生|生技醫療|3 24 6|85 85 13 56|0.2 58
1784 訊聯|生技醫療|18 9 1|98 98 10 21|2.0 19
1785 光洋科|其他電子|-20 -31 -10|74 94 11 25|0.5 45
1786 科妍|生技醫療|4 26 2|91 91 18 50|0.3 33
1789 神隆|生技醫療|-4 56 37|89 95 -0 9|0.5 14
1795 美時|生技醫療|6 52 23|85 85 8 63|0.8 1965
1796 金穎生技|食品工業|60 19 -4|94 94 34 67|0.4 26
1802 台玻|玻璃陶瓷|-17 -19 2|82 82 -3 24|0.8 67
1808 潤隆|建材營造|459 185 208|94 94 5 21|0.5 23
1809 中釉|玻璃陶瓷|35 -5 -23|94 94 11 19|0.3 5
1810 和成|玻璃陶瓷|-5 -15 -7|82 82 1 70|0.6 48
1815 富喬|電子零組|-15 -22 -8|80 94 3 1|0.4 14
1903 士紙|造紙工業|-6 -14 11|71 82 -12 -19|1.0 13
1904 正隆|造紙工業|8 -13 -7|86 97 3 8|0.6 18
1905 華紙|造紙工業|23 2 -8|73 91 -2 4|0.8 10
1907 永豐餘|造紙工業|9 -12 -6|83 94 7 16|1.3 46
1909 榮成|造紙工業|7 -16 -10|86 89 9 19|0.3 34
2002 中鋼|鋼鐵工業|-7 -22 -13|86 96 1 16|0.7 499
2006 東和鋼鐵|鋼鐵工業|11 -8 -8|79 93 13 21|2.1 117
2007 燁興|鋼鐵工業|-16 -21 -16|54 89 -10 20|0.2 7
2009 第一銅|鋼鐵工業|-9 -30 -14|76 91 7 65|0.2 39
2010 春源|鋼鐵工業|-12 -27 -14|65 94 -1 13|0.5 6
2013 中鋼構|鋼鐵工業|-1 2 -16|96 96 -2 14|1.8 9
2014 中鴻|鋼鐵工業|-15 -27 -8|60 89 -3 29|0.4 251
2015 豐興|鋼鐵工業|8 -11 -7|78 95 11 22|2.0 30
2017 官田鋼|鋼鐵工業|-24 -34 -20|91 91 28 50|0.4 35
2023 燁輝|鋼鐵工業|-30 -32 -17|65 90 -7 19|0.4 29
2027 大成鋼|鋼鐵工業|-1 3 -10|88 98 3 29|0.5 395
2028 威致|鋼鐵工業|8 3 9|69 89 -2 27|0.2 12
2029 盛餘|鋼鐵工業|-21 -32 -14|70 100 3 15|0.9 8
2030 彰源|鋼鐵工業|2 -23 -23|63 96 -1 6|0.4 21
2031 新光鋼|鋼鐵工業|-7 -7 -24|71 99 8 41|0.8 101
2034 允強|鋼鐵工業|2 -9 0|83 94 -1 11|0.4 27
2038 海光|鋼鐵工業|10 -20 -23|65 90 -9 16|0.3 13
2049 上銀|電機機械|-18 -25 -24|95 95 38 44|0.5 551
2059 川湖|電子零組|-34 -24 -37|80 80 -3 -15|0.8 150
2063 世鎧精密|鋼鐵工業|24 3 1|92 92 18 36|0.5 5
2065 世豐|鋼鐵工業|23 -3 5|100 100 25 42|2.9 16
2066 世德|電機機械|11 15 -9|96 96 16 17|0.9 14
2069 運錩|鋼鐵工業|-20 -26 -18|59 92 -6 2|0.4 6
2101 南港|橡膠工業|11 -3 2|91 100 15 5|0.7 22
2102 泰豐|橡膠工業|-12 -22 -39|78 99 4 -1|0.7 13
2103 台橡|橡膠工業|2 -7 -9|88 94 3 12|0.5 33
2104 國際中橡|橡膠工業|3 2 -0|71 94 2 1|1.4 37
2105 正新|橡膠工業|16 -8 -6|92 97 7 1|2.0 107
2106 建大|橡膠工業|-2 -11 -18|84 97 4 -1|1.3 15
2107 厚生|橡膠工業|-63 -47 -19|96 96 1 11|0.6 7
2108 南帝|橡膠工業|-15 -35 12|64 90 10 25|1.2 63
2201 裕隆|汽車工業|13 2 2|89 89 26 83|0.3 942
2204 中華|汽車工業|49 22 17|99 99 29 59|1.1 150
2206 三陽工業|汽車工業|75 29 1|94 94 16 -3|1.0 152
2207 和泰車|汽車工業|31 8 5|97 97 8 17|0.9 138
2208 台船|航運業|-4 0 -12|96 96 19 47|1.2 80
2211 長榮鋼|鋼鐵工業|-8 -43 -25|91 98 6 1|0.6 48
2221 大甲|其他|-1 -22 -17|99 99 15 16|1.2 12
2227 裕日車|汽車工業|23 5 7|81 93 1 3|1.0 8
2228 劍麟|汽車工業|20 6 -12|95 95 12 8|0.6 24
2230 泰茂|居家生活|17 -7 0|93 93 162 170|0.4 126
2231 為升|汽車工業|56 18 13|99 99 26 27|1.6 249
2233 宇隆|汽車工業|-10 -13 -12|96 100 16 14|3.7 15
2236 百達-KY|汽車工業|16 13 7|92 92 64 88|0.2 8
2239 英利-KY|汽車工業|-11 -2 -13|92 98 23 4|2.5 9
2243 宏旭-KY|汽車工業|325 1922 1394|89 89 70 63|0.7 56
2247 汎德永業|汽車工業|91 31 18|100 100 23 26|3.8 36
2301 光寶科|電腦及週|-7 -15 -16|100 100 19 19|1.0 660
2302 麗正|半導體業|31 -10 -24|100 100 33 47|2.8 83
2303 聯電|半導體業|-19 -7 -30|99 99 23 46|0.7 2666
2305 全友|電腦及週|31 -14 -9|70 78 -3 -3|0.3 17
2308 台達電|電子零組|14 14 -8|99 99 5 19|1.0 1655
2312 金寶|其他電子|-4 1 -26|77 87 -5 1|0.7 51
2313 華通|電子零組|-21 -20 -35|87 90 -0 6|0.9 407
2314 台揚|通信網路|55 62 33|61 92 12 13|0.5 40
2317 鴻海|其他電子|-12 8 -6|92 97 3 3|0.7 2853
2324 仁寶|電腦及週|-19 -29 -14|100 100 11 16|1.2 367
2327 國巨*|電子零組|-7 -5 -12|92 92 13 26|0.7 1465
2328 廣宇|電子零組|28 1 -6|95 95 2 30|0.9 100
2329 華泰|半導體業|-7 -14 -9|95 98 15 33|2.1 70
2330 台積電|半導體業|11 17 -22|91 98 15 23|0.6 12617
2331 精英|電腦及週|-32 -41 -36|89 91 9 -6|3.1 84
2332 友訊|通信網路|3 5 -8|97 97 17 28|1.6 60
2337 旺宏|半導體業|-43 -40 -19|88 94 1 20|1.7 178
2338 光罩|半導體業|0 -1 -23|95 95 8 49|0.6 420
2340 台亞|半導體業|-15 -35 -10|79 93 11 23|3.5 73
2342 茂矽|半導體業|-27 -20 -23|99 99 27 44|6.5 85
2344 華邦電|半導體業|-33 -34 -19|79 100 31 42|1.7 687
2345 智邦|通信網路|64 38 4|100 100 26 22|1.1 1290
2347 聯強|電子通路|-1 -13 -15|83 95 -0 16|0.7 152
2351 順德|半導體業|4 -10 -12|83 99 34 31|0.8 186
2352 佳世達|電腦及週|-12 -18 -19|100 100 17 17|1.6 194
2353 宏碁|電腦及週|-36 -35 -13|99 99 22 33|1.2 247
2354 鴻準|其他電子|11 18 25|92 99 7 24|1.2 151
2355 敬鵬|電子零組|-4 -12 -6|98 100 12 17|2.1 29
2356 英業達|電腦及週|1 -9 -13|100 100 23 40|1.6 424
2357 華碩|電腦及週|-13 -24 -17|83 93 -1 15|0.7 477
2358 廷鑫|其他|-24 -11 10|60 87 -1 12|0.2 11
2359 所羅門|其他電子|-48 -33 -51|92 92 19 45|0.9 326
2360 致茂|其他電子|29 -1 -31|87 89 -0 -0|1.2 328
2362 藍天|電腦及週|-20 -21 1|85 95 -1 -2|1.1 15
2363 矽統|半導體業|26 19 34|88 99 17 13|0.4 32
2364 倫飛|電腦及週|23 15 0|69 78 -0 31|0.3 29
2367 燿華|電子零組|7 -12 -44|80 96 8 -2|0.8 67
2368 金像電|電子零組|-13 -8 -25|95 95 9 9|1.2 739
2369 菱生|半導體業|-21 -28 -2|65 96 13 23|0.5 11
2371 大同|電機機械|74 55 30|89 93 -2 3|1.9 245
2374 佳能|光電業|-1 -12 -57|77 90 -2 4|0.7 12
2375 凱美|電子零組|-1 -26 -0|75 92 32 53|0.8 141
2376 技嘉|電腦及週|13 -5 12|100 100 27 51|0.9 744
2377 微星|電腦及週|-5 -20 -5|99 99 23 35|0.8 383
2379 瑞昱|半導體業|-32 -36 -33|92 97 33 43|0.8 1031
2380 虹光|電腦及週|-23 -32 -28|74 78 -11 -2|0.6 7
2382 廣達|電腦及週|-8 -11 -23|100 100 24 15|1.5 690
2383 台光電|電子零組|-19 -25 -18|74 92 2 8|0.8 354
2385 群光|電子零組|-17 -20 -22|100 100 9 17|1.2 214
2387 精元|電腦及週|-22 -27 -23|100 100 11 26|2.1 35
2388 威盛|半導體業|40 1 -30|90 90 24 16|0.8 2433
2390 云辰|其他電子|31 29 21|55 87 -5 -8|0.6 7
2392 正崴|電子零組|5 1 -12|96 96 11 26|1.6 57
2393 億光|光電業|-13 -20 2|87 99 8 17|1.9 35
2395 研華|電腦及週|12 6 -9|98 98 10 23|1.2 304
2397 友通|電腦及週|1 -1 -20|97 97 18 25|0.9 11
2399 映泰|電腦及週|18 -15 6|77 93 18 38|0.6 42
2401 凌陽|半導體業|-41 -46 -19|72 94 8 13|0.9 40
2402 毅嘉|電子零組|14 10 -9|95 95 48 62|1.6 335
2404 漢唐|其他電子|171 162 54|88 88 13 43|2.3 315
2405 輔信|電腦及週|-21 -5 2|76 91 4 1|0.6 13
2406 國碩|光電業|-38 -44 -22|77 96 5 14|0.8 37
2408 南亞科|半導體業|-69 -67 -22|96 100 29 46|2.3 427
2409 友達|光電業|-37 -41 -2|82 96 20 -5|0.6 589
2412 中華電|通信網路|8 1 -3|93 100 6 3|0.7 790
2413 環科|電子零組|128 48 12|91 91 31 62|1.2 234
2417 圓剛|電腦及週|-23 -26 -10|70 95 4 21|0.6 6
2419 仲琦|通信網路|2 26 -12|91 95 15 17|0.8 66
2420 新巨|電子零組|-6 -9 -6|100 100 11 13|1.2 11
2421 建準|電子零組|23 -7 -9|99 99 14 45|2.6 172
2423 固緯|其他電子|11 4 -3|100 100 17 29|0.9 8
2425 承啟|電腦及週|-15 -30 -22|87 87 12 40|0.4 55
2426 鼎元|光電業|-21 -29 -3|74 97 10 27|3.9 10
2427 三商電|資訊服務|62 10 -11|96 96 27 35|1.3 55
2428 興勤|電子零組|2 -8 -5|98 98 28 33|3.0 56
2430 燦坤|電子通路|-8 -7 -3|86 90 11 5|1.2 27
2436 偉詮電|半導體業|-37 -41 -11|60 97 23 31|0.6 71
2438 翔耀|光電業|-38 -60 -11|100 100 62 59|6.0 13
2439 美律|通信網路|33 10 2|96 98 12 4|0.9 62
2441 超豐|半導體業|-26 -39 -14|77 96 8 10|0.9 51
2442 新美齊|建材營造|-18 -5 -353|100 100 17 26|1.7 21
2444 兆勁|通信網路|35 13 5|80 80 -12 49|0.3 13
2449 京元電子|半導體業|-4 -10 -17|97 97 31 56|0.9 690
2450 神腦|通信網路|21 4 1|100 100 14 18|1.3 7
2451 創見|半導體業|-23 -29 -9|99 99 10 15|0.9 46
2453 凌群|資訊服務|1 1 -1|98 98 170 189|1.1 942
2454 聯發科|半導體業|-24 -30 -32|89 99 19 44|0.6 4101
2455 全新|通信網路|-63 -52 -14|81 99 38 73|1.8 283
2457 飛宏|電子零組|10 -12 -23|99 99 45 73|1.1 3368
2458 義隆|半導體業|-29 -42 -7|68 93 17 28|0.6 110
2461 光群雷|其他電子|-7 -13 -13|98 99 19 28|4.4 11
2462 良得電|電子零組|9 -20 -14|88 90 4 25|0.8 32
2464 盟立|其他電子|-9 -8 -14|93 93 -1 0|0.7 12
2465 麗臺|電腦及週|-48 -50 -3|64 89 2 61|0.2 35
2467 志聖|電子零組|-14 -21 -13|97 97 11 10|0.9 7
2468 華經|資訊服務|-6 -4 -10|76 76 -6 64|0.2 19
2471 資通|資訊服務|17 -2 -12|98 98 84 92|1.0 363
2472 立隆電|電子零組|-1 -19 -18|91 91 19 38|0.7 78
2474 可成|其他電子|-37 -44 -13|99 99 10 12|0.6 420
2476 鉅祥|電子零組|-5 -9 -9|96 99 21 27|2.5 136
2478 大毅|電子零組|-15 -27 -4|83 92 7 19|1.3 9
2480 敦陽科|資訊服務|22 1 -3|99 99 17 21|0.5 23
2481 強茂|半導體業|-16 -25 -13|72 99 18 30|1.5 503
2482 連宇|其他電子|644 304 170|100 100 151 212|0.9 1014
2483 百容|電子零組|-22 -25 -22|84 87 9 -8|0.8 5
2484 希華|電子零組|-33 -21 -17|90 94 10 21|0.4 53
2485 兆赫|通信網路|37 14 6|100 100 17 19|1.9 21
2486 一詮|光電業|-1 -19 -4|58 98 31 57|0.7 188
2488 漢平|其他電子|-41 -29 -50|97 97 7 13|0.6 5
2489 瑞軒|光電業|-1 -27 -1|67 93 3 11|0.5 14
2492 華新科|電子零組|-9 -19 -1|70 95 21 32|0.6 214
2493 揚博|電子零組|-1 -0 -16|98 98 24 33|0.9 14
2495 普安|電腦及週|92 43 11|93 93 1 48|0.8 104
2497 怡利電|汽車工業|-20 -4 -38|72 90 6 -0|0.6 153
2498 宏達電|通信網路|-21 -24 -4|91 91 13 20|0.5 1035
2501 國建|建材營造|170 106 -8|93 97 12 6|0.6 7
2504 國產|建材營造|60 9 7|92 99 12 18|0.9 56
2511 太子|建材營造|-24 -45 -37|89 100 10 7|0.5 6
2520 冠德|建材營造|69 -6 -22|84 99 5 25|1.2 25
2530 華建|建材營造|133 26 -21581|97 97 8 10|1.7 10
2534 宏盛|建材營造|11 65 -9|88 89 1 -6|2.2 41
2535 達欣工|建材營造|-21 -5 -14|99 99 13 8|2.9 22
2536 宏普|建材營造|3 -40 -48|99 99 10 10|1.9 8
2538 基泰|建材營造|37 37 -16|87 93 6 -7|0.7 8
2539 櫻花建|建材營造|20822 na na|100 100 17 17|0.8 9
2540 愛山林|建材營造|12 -14 -1|77 77 3 7|1.6 27
2542 興富發|建材營造|170 103 123|92 92 -2 8|0.7 85
2545 皇翔|建材營造|-59 -67 -68|84 97 13 14|1.3 26
2546 根基|建材營造|83 55 6|100 100 35 39|1.1 14
2548 華固|建材營造|-6 -44 -232|99 100 5 4|1.1 52
2597 潤弘|建材營造|15 -2 -17|91 96 2 53|1.0 12
2603 長榮|航運業|-66 -55 -69|50 92 -8 10|0.5 4284
2605 新興|航運業|39 24 24|78 92 16 33|0.6 209
2606 裕民|航運業|9 -7 -6|86 91 8 52|0.8 437
2607 榮運|航運業|-24 -25 -126|68 84 -3 -10|0.3 57
2608 嘉里大榮|航運業|8 -7 -3|82 96 -1 5|0.4 6
2609 陽明|航運業|-66 -61 -61|62 93 -5 7|0.5 1901
2610 華航|航運業|19 3 -6|68 92 1 5|0.6 477
2611 志信|航運業|-29 -48 -32|58 89 -4 7|0.5 11
2612 中航|航運業|-7 -3 -24|74 87 -12 26|0.2 23
2613 中櫃|航運業|-3 -10 -9|55 85 -1 -10|0.3 8
2614 東森|其他|7 2 -4|53 75 -18 -1|0.4 42
2615 萬海|航運業|-69 -64 -61|52 79 -21 4|0.3 776
2616 山隆|油電燃氣|0 -12 -8|86 97 1 -3|1.0 6
2617 台航|航運業|15 17 -2|86 91 12 26|0.5 76
2618 長榮航|航運業|48 36 2|73 90 -6 -4|0.5 669
2630 亞航|航運業|58 18 6|95 95 13 16|2.0 15
2633 台灣高鐵|航運業|32 31 -49|99 99 5 8|0.8 119
2634 漢翔|航運業|95 47 9|96 96 24 24|1.3 796
2636 台驊控股|航運業|-66 -67 -36|67 98 9 37|0.4 123
2637 慧洋-KY|航運業|-43 -34 -53|63 91 -4 25|0.8 404
2640 大車隊|數位雲端|11 6 -16|99 99 35 36|1.7 22
2641 正德|航運業|-32 -27 -36|77 95 5 32|0.4 117
2643 捷迅|航運業|-6 -22 -29|100 100 8 13|0.9 6
2702 華園|觀光餐旅|34 41 -24|81 85 3 6|0.3 16
2704 國賓|觀光餐旅|-28 -9 -26|89 89 10 14|0.4 8
2705 六福|觀光餐旅|51 30 -71|86 89 4 6|0.5 12
2707 晶華|觀光餐旅|13 21 -4|88 88 9 52|0.5 566
2722 夏都|觀光餐旅|-2 5 -264|95 95 52 66|1.0 50
2723 美食-KY|觀光餐旅|4 4 5|86 86 5 39|2.2 250
2726 雅茗-KY|觀光餐旅|-24 -34 9|98 98 26 28|2.6 5
2727 王品|觀光餐旅|12 11 -1|97 97 94 134|1.6 1243
2729 瓦城|觀光餐旅|-4 23 4|86 86 17 20|0.9 57
2731 雄獅|觀光餐旅|377 387 148|100 100 52 55|2.6 406
2732 六角|觀光餐旅|8 1 -3|98 98 46 49|0.5 383
2734 易飛網|觀光餐旅|897 685 362|85 92 18 5|1.4 13
2736 富野|觀光餐旅|-9 6 -103|81 85 13 19|0.5 29
2739 寒舍|觀光餐旅|61 50 -43|89 89 93 100|0.9 37
2743 山富|觀光餐旅|638 998 179|82 91 2 5|0.6 47
2745 五福|觀光餐旅|2877 1733 1071|69 91 7 2|0.6 6
2748 雲品|觀光餐旅|22 27 -60|87 87 59 99|0.7 427
2752 豆府|觀光餐旅|19 35 -25|100 100 47 48|0.3 6
2753 八方雲集|觀光餐旅|17 11 -4|73 73 -7 -0|1.7 250
2754 亞洲藏壽司|觀光餐旅|19 31 -183|72 72 18 58|0.4 35
2755 揚秦|觀光餐旅|25 15 -7|91 91 72 65|2.2 13
2756 聯發國際|觀光餐旅|32 -7 -4|98 98 25 62|1.3 11
2801 彰銀|金融保險|38 33 9|91 98 0 3|0.8 86
2809 京城銀|金融保險|90 58 85|91 96 0 7|0.8 32
2812 台中銀|金融保險|22 19 5|93 98 8 6|0.5 81
2820 華票|金融保險|28 6 43|89 96 3 3|0.6 9
2834 臺企銀|金融保險|19 25 4|91 91 4 8|0.6 324
2836 高雄銀|金融保險|-1 -11 -7|82 95 -2 -4|0.7 6
2838 聯邦銀|金融保險|7 11 12|95 95 -2 7|1.5 11
2845 遠東銀|金融保險|36 47 30|93 93 -1 0|0.8 69
2850 新產|金融保險|4 3 0|86 96 2 7|0.9 12
2851 中再保|金融保險|-8 -1 -4|62 91 -3 -8|0.3 21
2855 統一證|金融保險|15 924 702|78 93 2 10|0.6 12
2880 華南金|金融保險|35 15 5|95 95 -2 -0|0.6 197
2881 富邦金|金融保險|-82 -83 -17|81 93 -1 13|0.6 700
2882 國泰金|金融保險|-63 -60 -9|70 94 3 7|0.6 807
2883 凱基金|金融保險|-81 -80 -22|68 93 -2 3|0.8 314
2884 玉山金|金融保險|-6 6 10|78 97 4 -3|0.7 578
2885 元大金|金融保險|-4 -8 12|90 97 2 14|0.8 258
2886 兆豐金|金融保險|21 25 24|78 97 7 3|0.7 435
2887 台新新光金|金融保險|23 8 2|86 99 9 22|1.0 221
2889 國票金|金融保險|16 -16 15|80 90 9 8|1.4 175
2890 永豐金|金融保險|15 4 0|91 92 -5 -1|1.0 347
2891 中信金|金融保險|-56 -71 -35|75 94 -1 9|0.7 681
2892 第一金|金融保險|27 17 4|94 98 0 0|0.5 295
2903 遠百|貿易百貨|-4 2 -4|99 99 6 15|0.6 29
2905 三商|貿易百貨|-94 -24 -44|74 91 1 8|0.8 5
2906 高林|貿易百貨|7 -9 -16|64 85 -2 8|0.3 10
2912 統一超|貿易百貨|11 11 -0|93 94 -1 -5|0.8 244
2913 農林|貿易百貨|-0 -3 -7|89 89 -2 3|2.1 18
2915 潤泰全|貿易百貨|19 -3 -8|51 79 -15 12|0.8 148
2916 滿心|居家生活|-3 20 -47|94 94 40 51|0.5 8
2929 淘帝-KY|貿易百貨|-16 -16 -5|67 67 -21 39|0.2 18
3003 健和興|電子零組|-5 -20 -17|82 94 2 2|0.7 22
3004 豐達科|鋼鐵工業|67 53 -5|94 94 16 26|0.4 16
3005 神基|電腦及週|13 4 -5|98 98 32 40|2.6 313
3006 晶豪科|半導體業|-43 -51 -12|51 99 26 38|1.7 236
3008 大立光|光電業|-2 -9 -12|90 90 4 30|0.9 1449
3010 華立|電子通路|-9 -21 -19|86 97 4 7|0.8 21
3011 今皓|電子零組|-49 -49 -32|94 94 32 55|1.9 64
3013 晟銘電|電腦及週|82 34 8|90 90 8 65|0.7 197
3014 聯陽|半導體業|-22 -25 6|89 99 25 58|0.5 44
3015 全漢|電子零組|12 -12 -1|100 100 21 23|1.3 13
3016 嘉晶|半導體業|-29 -15 -23|58 87 0 -1|0.6 46
3017 奇鋐|電腦及週|5 -6 -17|95 95 27 31|2.6 946
3019 亞光|光電業|9 -17 -8|88 91 6 23|0.5 67
3022 威強電|電腦及週|53 21 -9|98 98 14 60|1.0 261
3023 信邦|電子零組|34 24 3|100 100 24 31|1.6 133
3024 憶聲|光電業|57 4 -3|99 99 12 14|1.5 25
3025 星通|通信網路|84 -15 -7|98 98 38 36|7.0 25
3026 禾伸堂|電子零組|5 -13 -1|91 100 12 21|0.6 23
3027 盛達|通信網路|120 40 24|96 96 33 117|0.3 418
3028 增你強|電子通路|-26 -35 -21|90 100 15 24|1.5 20
3029 零壹|資訊服務|26 22 17|97 97 47 53|0.8 351
3030 德律|其他電子|-43 -43 -47|92 95 -1 4|0.9 25
3032 偉訓|電子零組|27 0 14|100 100 54 66|6.3 26
3033 威健|電子通路|24 -6 -2|98 99 13 19|1.1 51
3034 聯詠|半導體業|-35 -37 -9|99 99 43 101|0.8 2196
3035 智原|半導體業|3 7 -44|62 91 24 54|1.4 2904
3036 文曄|電子通路|-1 9 -15|84 100 7 16|0.8 54
3037 欣興|電子零組|-16 -6 -33|61 89 21 28|1.4 2778
3038 全台|光電業|28 6 -5|100 100 26 35|1.6 75
3041 揚智|半導體業|-35 -39 -23|62 93 3 16|0.6 15
3042 晶技|電子零組|-14 -21 -5|94 98 8 22|1.0 128
3044 健鼎|電子零組|-12 -19 -17|89 99 19 20|1.0 146
3045 台灣大|通信網路|12 10 0|95 100 7 4|0.8 246
3046 建碁|電腦及週|103 51 14|98 98 49 53|1.2 781
3047 訊舟|通信網路|-3 -8 -17|87 93 6 9|2.7 73
3048 益登|電子通路|3 -11 -17|84 97 5 6|0.9 14
3050 鈺德|光電業|13 8 -3|85 89 -9 2|1.2 10
3051 力特|光電業|-33 -31 -17|74 93 9 14|1.1 19
3056 富華新|建材營造|2070 1055 -7676|100 100 52 49|2.3 196
3058 立德|電子零組|5 -6 0|97 97 56 64|0.9 29
3059 華晶科|光電業|-31 -25 -63|81 94 7 13|0.7 71
3062 建漢|通信網路|49 35 -19|74 89 -1 3|0.8 58
3071 協禧|電腦及週|3 -4 -12|97 99 9 10|3.1 5
3078 僑威|電子零組|90 15 40|100 100 61 61|3.3 95
3081 聯亞|通信網路|-37 5 -35|72 92 19 -5|1.8 252
3083 網龍|文化創意|-8 6 -5|81 85 -3 15|0.2 10
3088 艾訊|電腦及週|47 15 -12|95 95 33 50|2.2 160
3090 日電貿|電子零組|-3 -14 -10|99 99 12 26|1.0 43
3092 鴻碩|電子零組|-41 -44 -47|50 87 5 -0|0.9 17
3093 港建*|其他電子|-7 0 -19|93 93 48 53|0.7 124
3094 聯傑|半導體業|16 -3 -10|94 94 36 36|0.6 41
3105 穩懋|半導體業|-52 -53 -17|66 94 33 45|1.6 689
3114 好德|電子零組|-16 -27 -14|96 96 4 4|1.0 5
3122 笙泉|半導體業|-41 -57 -13|42 93 4 19|0.5 7
3128 昇銳|光電業|-12 -2 -27|78 78 -7 48|0.2 39
3131 弘塑|半導體業|-16 -24 -20|94 94 36 46|1.5 73
3138 耀登|通信網路|6 22 2|81 89 20 16|0.8 116
3141 晶宏|半導體業|-19 -23 -12|57 88 33 24|0.3 239
3147 大綜|資訊服務|-3 -16 7|86 86 22 29|0.7 47
3149 正達|光電業|-8 -28 -20|67 80 -5 2|0.6 7
3152 璟德|通信網路|-11 -21 21|89 98 30 56|2.5 35
3162 精確|電機機械|424 214 95|97 97 22 38|0.5 439
3163 波若威|通信網路|-2 -9 -44|89 94 12 18|0.5 58
3169 亞信|半導體業|-41 -40 -32|58 97 19 36|1.4 111
3176 基亞|生技醫療|10 -50 -26|57 83 -8 -2|0.7 5
3178 公準|半導體業|80 24 14|95 95 26 35|0.9 66
3189 景碩|半導體業|-28 -25 -34|58 84 8 26|0.6 693
3202 樺晟|電子零組|29 -4 3|87 99 8 5|1.5 5
3205 佰研|生技醫療|-20 -21 -7|52 79 -9 -11|0.5 10
3207 耀勝|電子零組|71 44 14|89 89 48 88|0.5 221
3209 全科|電子通路|-34 17 -8|88 88 15 24|0.5 91
3211 順達|電腦及週|-22 -10 -4|83 98 13 20|2.0 39
3217 優群|電子零組|-23 -22 -5|99 99 39 74|1.3 288
3218 大學光|生技醫療|32 23 -7|95 95 37 41|3.0 180
3221 台嘉碩|通信網路|-30 -25 -34|75 98 17 19|0.6 20
3224 三顧|電子通路|-18 -29 -18|80 95 18 17|3.6 28
3227 原相|半導體業|-13 -27 11|83 93 13 32|0.7 48
3228 金麗科|半導體業|-61 -71 -33|44 67 3 -32|0.7 222
3231 緯創|電腦及週|-4 -7 -17|100 100 39 56|3.3 1075
3234 光環|通信網路|-59 -52 -21|87 95 10 15|1.1 14
3236 千如|電子零組|6 -2 -20|96 96 21 49|1.0 66
3252 海灣|觀光餐旅|-9 -22 -53|72 88 -1 2|0.5 6
3260 威剛|半導體業|-22 -28 -11|99 100 38 57|2.8 164
3264 欣銓|半導體業|10 13 -8|96 96 14 46|1.1 397
3265 台星科|半導體業|-11 -8 -30|95 95 22 58|0.5 91
3272 東碩|電腦及週|39 -4 -63|91 91 13 89|3.2 79
3289 宜特|其他電子|17 15 -1|92 92 17 29|0.7 283
3290 東浦|電子零組|60 11 2|100 100 32 59|1.5 133
3293 鈊象|文化創意|12 18 11|99 99 34 65|0.6 650
3296 勝德|電子零組|-8 -16 4|91 91 9 14|0.8 16
3297 杭特|光電業|-27 -47 -29|81 81 5 22|0.5 6
3305 昇貿|其他電子|-45 -43 -37|62 95 22 23|0.3 21
3310 佳穎|電子零組|-12 -14 -29|100 100 61 60|0.5 10
3312 弘憶股|電子通路|-20 -26 -21|85 99 20 30|6.0 8
3317 尼克森|半導體業|-21 -26 -12|78 96 4 21|0.6 20
3322 建舜電|電子零組|-11 -34 -0|92 99 24 40|2.0 29
3323 加百裕|電腦及週|-31 -42 -21|87 94 1 5|0.7 6
3324 雙鴻|其他電子|2 -20 -14|99 99 45 63|3.9 523
3338 泰碩|電子零組|-2 -29 -17|91 100 50 45|6.0 16
3346 麗清|汽車工業|11 6 -20|97 97 15 19|1.1 84
3356 奇偶|光電業|14 10 2|88 88 2 46|0.3 75
3357 臺慶科|電子零組|-9 -19 -1|97 97 40 44|0.5 15
3362 先進光|光電業|1 -25 -23|83 83 45 66|1.1 509
3363 上詮|通信網路|-29 -37 -15|90 95 14 14|1.4 5
3374 精材|半導體業|-17 -15 -23|74 97 7 11|0.8 146
3376 新日興|電子零組|-22 -35 -30|92 95 8 -5|0.6 25
3380 明泰|通信網路|15 19 -8|99 99 21 28|0.8 87
3402 漢科|其他電子|8 -6 -38|100 100 18 24|2.0 19
3406 玉晶光|光電業|10 -3 -17|85 92 5 7|0.7 723
3413 京鼎|半導體業|-4 4 -13|87 94 6 8|0.5 83
3416 融程電|電腦及週|37 16 2|98 98 25 34|0.8 45
3419 譁裕|通信網路|28 30 2|82 88 4 26|0.6 22
3430 奇鈦科|化學工業|-2 -19 na|na 96 24 -4|2.9 7
3434 哲固|光電業|-10 -40 -33|64 94 17 27|0.9 10
3437 榮創|光電業|-58 -60 -11|87 97 18 28|1.2 7
3438 類比科|半導體業|-46 -48 -8|87 94 17 34|1.3 19
3441 聯一光電|光電業|-12 -32 -22|90 90 8 39|0.7 127
3443 創意|半導體業|65 66 7|91 91 49 94|0.8 6409
3444 利機|電子通路|-19 -28 -11|78 78 -4 21|0.3 18
3447 展達|通信網路|30 34 na|na na 51 na|4.4 34
3450 聯鈞|半導體業|-16 -26 -16|84 95 7 2|0.9 8
3454 晶睿|光電業|39 63 -23|88 88 27 94|0.3 857
3455 由田|光電業|-10 1 -11|98 98 16 25|1.0 53
3466 德晉|通信網路|951 367 261|91 91 10 40|0.4 16
3479 安勤|電腦及週|75 37 -22|98 98 40 84|1.1 350
3481 群創|光電業|-29 -39 1|89 93 31 21|0.5 901
3483 力致|電腦及週|-7 -22 -16|84 99 32 53|3.7 38
3484 崧騰|電子零組|-46 -47 -24|63 92 4 -4|3.0 14
3491 昇達科|通信網路|14 -6 -9|92 100 30 27|2.1 929
3494 誠研|電腦及週|56 17 -7|68 83 -4 11|0.8 9
3498 陽程|其他電子|37 40 3|89 89 -2 53|0.4 6
3499 環天科|通信網路|50 -10 11|93 93 16 43|2.4 19
3501 維熹|電子零組|6 -10 -17|99 99 6 18|1.8 12
3504 揚明光|光電業|-38 -38 -32|77 94 14 1|0.8 66
3508 位速|其他電子|-32 -28 -15|75 88 -1 14|0.4 17
3511 矽瑪|電子零組|10 -12 -45|88 94 9 10|0.6 16
3515 華擎|電腦及週|5 -22 -5|75 84 3 69|0.3 151
3518 柏騰|其他電子|-20 -47 -1|91 100 27 4|3.0 6
3520 華盈|電子零組|21 20 -20|81 89 7 16|0.9 22
3521 台鋼建設|建材營造|-24 -29 -29|83 86 1 -2|1.8 12
3526 凡甲|電子零組|-20 -31 -12|76 97 19 3|0.6 35
3527 聚積|半導體業|-21 -33 -8|77 98 21 31|0.9 28
3528 安馳|電子通路|26 23 15|98 98 15 18|0.4 7
3529 力旺|半導體業|-10 15 -15|92 92 39 71|0.9 1122
3530 晶相光|半導體業|-32 -31 17|70 93 18 21|0.3 13
3532 台勝科|半導體業|7 9 -22|45 97 14 23|0.9 336
3533 嘉澤|電子零組|33 1 -24|99 99 12 26|1.3 700
3535 晶彩科|光電業|43 -11 -54|62 80 3 -6|0.4 14
3540 曜越|電腦及週|72 42 45|100 100 39 72|3.8 17
3545 敦泰|半導體業|-16 -31 12|61 96 33 30|0.6 243
3546 宇峻|文化創意|-6 -3 1|100 100 6 9|1.2 8
3548 兆利|電子零組|-41 -47 -29|92 96 17 12|0.4 17
3552 同致|其他電子|14 -18 -29|78 85 9 -9|1.7 323
3556 禾瑞亞|半導體業|-19 -38 -16|88 100 17 24|1.1 9
3557 嘉威|居家生活|-22 -25 -21|94 96 35 49|3.2 7
3558 神準|通信網路|97 79 -3|96 96 65 108|0.9 1989
3563 牧德|光電業|-11 -12 14|93 97 44 54|1.1 46
3564 其陽|通信網路|56 22 -15|94 94 34 29|0.7 12
3570 大塚|資訊服務|80 36 6|95 95 31 33|1.2 16
3576 聯合再生|光電業|4 7 -16|86 95 2 0|1.1 162
3577 泓格|電腦及週|0 -19 -31|87 87 -11 21|0.6 9
3580 友威科|其他電子|60 3 -32|78 85 -4 -6|0.8 23
3583 辛耘|半導體業|29 12 -8|93 100 18 28|1.7 51
3587 閎康|其他電子|41 25 5|96 96 17 44|0.9 147
3588 通嘉|半導體業|-58 -59 -24|48 88 12 23|0.4 21
3591 艾笛森|光電業|5 -8 3|92 92 43 42|1.0 53
3592 瑞鼎|半導體業|-51 -49 -27|89 93 35 97|0.7 381
3594 磐儀|電腦及週|30 20 2|94 94 77 87|0.9 223
3596 智易|通信網路|7 18 -6|79 96 8 11|1.3 149
3605 宏致|電子零組|-14 -22 -14|64 89 -3 10|2.1 11
3611 鼎翰|電腦及週|14 10 -6|100 100 28 34|1.4 38
3617 碩天|其他電子|-14 20 -11|97 97 30 38|1.0 101
3624 光頡|電子零組|-16 -29 -22|75 96 74 75|1.9 704
3628 盈正|其他電子|13 -8 -14|86 98 12 39|1.5 13
3630 新鉅科|光電業|-18 -39 -2|83 90 3 10|0.9 20
3645 達邁|電子零組|-59 -61 -29|57 96 3 7|1.0 8
3652 精聯|電腦及週|5 1 -1|96 96 42 52|1.6 97
3653 健策|電子零組|33 21 -13|98 98 28 32|2.5 582
3661 世芯-KY|半導體業|73 89 43|95 95 52 53|0.7 6397
3664 安瑞-KY|通信網路|16 27 11|100 100 94 96|4.6 12
3665 貿聯-KY|其他電子|-1 22 -55|82 97 9 1|0.9 318
3666 光耀|光電業|-55 -60 -5|79 91 28 19|0.5 10
3669 圓展|通信網路|-21 -25 -8|76 87 -2 17|0.5 6
3673 TPK-KY|光電業|-21 -25 -20|91 93 15 12|0.7 72
3675 德微|半導體業|-8 -13 -14|91 100 94 69|0.8 1052
3680 家登|半導體業|54 36 -13|100 100 48 42|1.1 882
3686 達能|半導體業|-54 -81 5|55 86 -8 -15|0.9 6
3687 歐買尬|數位雲端|1 -1 -4|51 89 -1 29|0.2 14
3689 湧德|電子零組|18 -11 -10|80 99 15 26|1.3 17
3691 碩禾|光電業|-54 -60 -32|64 95 13 9|1.4 41
3693 營邦|電腦及週|98 116 42|94 94 10 104|0.7 190
3694 海華|通信網路|-2 -15 -2|99 99 19 32|2.7 7
3701 大眾控|電腦及週|10 1 -17|69 99 33 37|1.2 98
3702 大聯大|電子通路|-26 -26 -18|92 99 4 9|1.0 166
3703 欣陸|建材營造|-34 -25 -38|93 96 10 8|1.3 76
3704 合勤控|通信網路|43 27 3|90 90 7 15|0.4 134
3705 永信|生技醫療|3 -17 -10|87 87 -4 12|0.2 21
3706 神達|電腦及週|-20 -7 -20|90 90 -4 9|1.5 97
3707 漢磊|半導體業|-18 -8 -23|66 88 4 0|1.0 232
3708 上緯投控|綠能環保|-21 -33 -21|72 91 6 6|0.2 119
3710 連展投控|電子零組|-5 -27 -12|70 91 11 -5|0.5 18
3711 日月光投控|半導體業|-9 -9 -23|100 100 16 44|1.2 1345
3712 永崴投控|電腦及週|19 7 -15|96 96 34 56|0.7 89
3714 富采|光電業|-42 -52 -22|75 96 13 33|2.2 187
3715 定穎投控|電子零組|na na na|na 100 38 32|7.9 33
4102 永日|生技醫療|18 1 -18|68 68 -26 28|0.1 12
4104 佳醫|生技醫療|20 12 2|97 97 19 26|0.8 30
4105 東洋|生技醫療|30 6 -8|94 94 -4 13|1.2 74
4106 雃博|生技醫療|-1 13 -0|70 85 -6 21|0.1 8
4107 邦特|生技醫療|5 4 -6|90 94 -1 1|1.2 17
4111 濟生|生技醫療|6 1 -7|97 97 5 24|0.9 6
4113 聯上|建材營造|-100 -89 1|100 100 33 30|1.1 12
4114 健喬|生技醫療|40 30 -6|86 86 -12 35|0.3 242
4116 明基醫|生技醫療|16 28 -63|70 85 -11 5|0.4 12
4119 旭富|生技醫療|299 156 96|100 100 26 37|1.2 84
4121 優盛|生技醫療|-0 1 -9|80 92 -1 20|0.2 12
4123 晟德|生技醫療|318 150 54|83 93 0 2|1.1 46
4126 太醫|生技醫療|61 35 16|99 99 12 27|0.5 40
4128 中天|生技醫療|-4 -5 -1|84 94 -2 5|0.8 194
4129 聯合|生技醫療|31 24 -0|99 99 10 80|0.5 50
4130 健亞|生技醫療|35 6 -0|67 67 -28 10|0.2 17
4133 亞諾法|生技醫療|17 -9 -7|46 87 -6 11|0.2 8
4137 麗豐-KY|生技醫療|35 -20 1|90 90 1 34|0.3 43
4138 曜亞|生技醫療|19 23 -8|98 98 20 34|0.3 5
4142 國光生|生技醫療|37 496 212|88 88 9 21|0.3 45
4147 中裕|生技醫療|68 191 88|95 95 31 49|3.4 149
4148 全宇生技-KY|生技醫療|2 24 -44|72 91 19 18|0.7 16
4153 鈺緯|生技醫療|82 36 -4|100 100 36 63|1.1 27
4155 訊映|生技醫療|-46 -34 -50|97 97 32 55|0.7 92
4157 太景*-KY|生技醫療|-83 2974 2098|72 84 -9 4|0.9 20
4162 智擎|生技醫療|27 -1 -13|74 74 -11 -5|0.6 274
4163 鐿鈦|生技醫療|24 41 14|86 86 9 38|0.3 51
4164 承業醫|生技醫療|23 1 -36|94 94 56 71|1.0 380
4167 松瑞藥|生技醫療|-13 -14 4|67 67 -28 11|0.1 34
4168 醣聯|生技醫療|na na na|71 87 -3 -6|0.3 20
4171 瑞基|農業科技|-62 -73 -35|41 85 9 17|0.3 19
4174 浩鼎|生技醫療|-90 na na|69 98 14 18|0.7 44
4175 杏一|生技醫療|17 10 -1|98 100 23 36|1.9 15
4190 佐登-KY|生技醫療|38 8 1|100 100 19 34|1.7 59
4306 炎洲|塑膠工業|3 -23 -6|100 100 13 18|2.1 29
4417 金洲|紡織纖維|-3 1 -48|100 100 5 17|1.4 7
4426 利勤|紡織纖維|138 87 -83|77 91 -4 7|0.9 10
4432 銘旺實|紡織纖維|-48 -41 -52|69 80 -13 -5|1.4 7
4438 廣越|紡織纖維|-19 -9 -54|78 78 -6 -8|0.7 16
4440 宜新實業|紡織纖維|-27 -38 -14|76 95 8 5|1.5 5
4503 金雨|電機機械|70 39 -9|100 100 36 33|0.5 33
4506 崇友|電機機械|21 3 -4|91 96 7 1|1.7 6
4526 東台|電機機械|49 10 18|99 99 17 23|0.5 5
4532 瑞智|電機機械|-14 -27 -3|94 100 16 11|2.8 9
4536 拓凱|運動休閒|38 25 -6|85 85 10 38|0.9 399
4541 晟田|其他|57 8 -20|94 95 19 11|1.6 51
4543 萬在|電機機械|17 -11 -11|88 96 21 21|0.7 36
4549 桓達|電機機械|7 -4 -14|99 99 9 5|0.9 6
4550 長佳|電機機械|162 52 37|98 98 36 42|0.9 11
4551 智伸科|汽車工業|-1 -13 -14|82 82 -2 -10|2.0 67
4555 氣立|電機機械|-11 -25 -7|85 94 -1 -4|1.6 5
4557 永新-KY|汽車工業|42 -3 -64|80 90 7 0|0.4 10
4564 元翎|電機機械|-54 -40 -8|70 89 3 2|0.8 19
4566 時碩工業|電機機械|-6 -6 -18|91 97 10 13|1.4 23
4572 駐龍|電機機械|74 74 14|89 89 18 16|1.0 69
4576 大銀微系統|電機機械|-23 -25 -18|73 95 11 10|0.5 6
4580 捷流閥業|電機機械|26 1 -4|98 98 12 5|2.9 11
4583 台灣精銳|電機機械|-11 -10 na|na 95 18 9|1.1 15
4707 磐亞|化學工業|-26 -27 -36|100 100 8 7|0.8 6
4721 美琪瑪|化學工業|-45 -35 -55|71 90 3 -5|0.5 58
4726 永昕|生技醫療|35 15 -3|77 95 4 5|0.5 20
4736 泰博|生技醫療|-9 -3 -57|67 92 -1 17|0.5 101
4739 康普|化學工業|-26 -27 -41|61 93 2 3|0.5 89
4743 合一|生技醫療|7 2 -979|90 90 2 18|0.8 1326
4744 皇將|生技醫療|-24 -24 -8|99 99 30 32|1.1 8
4746 台耀|生技醫療|34 15 -9|97 97 2 62|1.0 174
4747 強生製藥|生技醫療|10 25 3|83 83 3 61|0.1 24
4755 三福化|化學工業|-25 -28 -37|59 96 9 14|1.2 44
4763 材料*-KY|化學工業|136 80 9|98 98 93 198|0.3 2393
4766 南寶|化學工業|15 -4 -23|98 98 8 9|4.0 10
4768 晶呈科技|化學工業|39 38 -23|na 85 13 -7|0.5 91
4770 上品|化學工業|70 46 -13|79 88 -0 -8|0.6 321
4903 聯光通|通信網路|12 -17 -46|98 98 50 34|1.6 13
4904 遠傳|通信網路|6 1 -3|89 100 14 4|0.6 282
4906 正文|通信網路|47 24 -2|96 100 13 19|2.2 100
4908 前鼎|通信網路|-27 -26 -25|79 90 6 -1|1.6 8
4911 德英|生技醫療|573 519 182|92 95 29 2|0.8 5
4915 致伸|電子零組|-11 -18 -27|85 92 9 -6|0.6 189
4916 事欣科|電腦及週|91 89 46|96 96 26 55|2.8 84
4919 新唐|半導體業|-15 -19 -15|80 94 25 42|0.9 885
4923 力士|半導體業|-39 -36 -24|82 97 28 39|0.6 8
4927 泰鼎-KY|電子零組|-16 -27 -22|59 91 8 20|0.7 41
4930 燦星網|電器電纜|-11 -29 0|80 90 7 18|1.2 6
4931 新盛力|電腦及週|26 2 -87|82 82 1 17|0.4 83
4934 太極|光電業|132 78 7|89 94 12 25|0.9 97
4935 茂林-KY|光電業|-55 -50 -32|91 91 4 9|0.7 6
4938 和碩|電腦及週|8 -6 -10|100 100 9 18|1.3 276
4950 金耘國際|鋼鐵工業|-74 -80 -18|63 77 -20 -18|1.4 16
4952 凌通|半導體業|-59 -55 -30|74 98 21 23|0.6 25
4953 緯致|資訊服務|19 15 -11|98 98 43 49|1.6 384
4958 臻鼎-KY|電子零組|0 -0 -13|90 90 4 10|1.0 602
4960 誠美材|光電業|-31 -32 -11|97 97 29 34|0.9 61
4961 天鈺|半導體業|-22 -30 -9|90 93 45 87|0.2 690
4966 譜瑞-KY|半導體業|-56 -50 -38|58 93 31 82|1.0 1463
4967 十銓|半導體業|20 1 10|99 99 126 82|3.0 528
4968 立積|半導體業|-28 -24 -1|57 89 13 30|0.6 236
4973 廣穎電通|半導體業|7 0 -3|100 100 30 49|5.0 12
4974 亞泰|電子零組|7 4 -2|96 96 23 33|0.4 23
4976 佳凌|光電業|24 -6 13|88 95 29 33|0.6 166
4977 眾達-KY|通信網路|40 65 27|91 91 17 8|0.7 558
4979 華星光|通信網路|157 192 101|94 94 19 54|1.2 422
4989 榮科|電子零組|39 0 11|72 94 14 27|0.7 16
4994 傳奇|資訊服務|-26 -39 0|88 99 17 25|0.7 11
4995 晶達|光電業|11 -15 -23|98 98 41 48|2.0 8
5009 榮剛|鋼鐵工業|43 30 -10|98 98 36 88|0.8 848
5011 久陽|鋼鐵工業|15 4 -18|68 95 10 36|3.8 21
5014 建錩|鋼鐵工業|17 -19 -18|76 90 -8 27|0.3 13
5015 華祺|鋼鐵工業|-30 -37 -37|77 77 -5 3|0.5 21
5203 訊連|資訊服務|15 11 -0|91 91 25 20|1.6 179
5209 新鼎|其他|61 27 -8|98 98 44 61|1.3 12
5210 寶碩|資訊服務|-36 -6 -25|63 83 19 2|0.7 8
5211 蒙恬|資訊服務|29 14 -4|94 94 55 63|2.8 43
5222 全訊|半導體業|52 36 15|95 95 36 45|3.6 162
5225 東科-KY|其他電子|-26 -21 -45|92 92 16 48|2.9 42
5227 立凱-KY|電子零組|368 177 26|75 82 -3 3|0.4 17
5230 雷笛克光學|光電業|22 6 3|81 90 0 -2|0.5 9
5234 達興材料|光電業|-25 -23 -4|75 96 24 31|0.3 10
5236 凌陽創新|半導體業|-27 -34 3|73 97 36 40|0.9 26
5243 乙盛-KY|光電業|13 5 -12|94 98 12 17|4.6 97
5245 智晶|光電業|-16 -25 -19|71 80 -3 -7|0.6 6
5251 天鉞電|光電業|114 116 36|76 76 -5 -0|0.3 5
5258 虹堡|電腦及週|38 29 -27|88 88 34 57|0.7 962
5263 智崴|文化創意|39 34 23|87 87 -0 20|0.5 50
5269 祥碩|半導體業|-4 -15 -1|59 91 60 79|0.7 1209
5272 笙科|半導體業|-51 -60 -31|69 94 11 21|0.5 18
5274 信驊|半導體業|-33 -23 -54|88 89 45 61|0.8 1491
5283 禾聯碩|電器電纜|-16 -21 -19|99 99 10 11|1.0 9
5284 jpp-KY|其他|46 45 5|100 100 60 136|2.3 332
5285 界霖|半導體業|-16 -18 -12|89 96 45 38|1.1 119
5287 數字|數位雲端|14 9 -7|95 99 6 13|1.9 5
5288 豐祥-KY|電機機械|23 11 -23|96 96 14 11|0.9 19
5289 宜鼎|電腦及週|-11 -12 -7|97 97 71 99|4.3 643
5299 杰力|半導體業|-58 -53 -26|74 97 17 40|0.8 23
5306 桂盟|運動休閒|-19 -36 -21|79 92 4 5|1.4 27
5309 系統電|電子零組|27 33 -3|98 100 15 29|3.8 116
5315 光聯|光電業|9 3 7|94 94 24 45|1.1 32
5321 美而快|數位雲端|10 19 3|66 86 35 44|0.3 66
5340 建榮|電子零組|-12 3 7|88 88 87 81|0.4 40
5347 世界|半導體業|-41 -35 -43|83 96 17 53|0.8 464
5351 鈺創|半導體業|-64 -67 -34|60 98 21 45|1.2 231
5353 台林|通信網路|23 16 -15|100 100 66 32|2.4 78
5371 中光電|光電業|-22 -31 -23|99 99 23 29|0.6 134
5381 光譜|電機機械|-4 -23 -8|100 100 162 169|3.5 12
5386 青雲|電腦及週|-52 -63 -66|97 100 11 34|1.0 6
5388 中磊|通信網路|44 32 -16|90 100 22 20|1.5 436
5403 中菲|資訊服務|67 18 5|98 98 27 25|0.7 25
5410 國眾|資訊服務|-8 9 -82|91 91 5 44|0.3 20
5425 台半|半導體業|4 -0 -15|90 90 38 34|1.0 1880
5426 振發|電腦及週|14 -0 -21|76 84 -7 -6|1.0 6
5434 崇越|電子通路|6 2 -18|97 97 14 22|0.9 79
5439 高技|電子零組|34 28 29|98 98 43 68|2.4 71
5443 均豪|半導體業|-41 -24 -23|92 92 0 11|0.5 9
5450 南良|其他|-7 -31 -20|91 91 28 33|2.0 30
5452 佶優|其他電子|-13 -29 -12|92 92 40 44|0.8 30
5457 宣德|電子零組|23 -20 -26|86 96 14 15|0.6 49
5464 霖宏|電子零組|34 -3 8|82 82 13 35|0.3 21
5465 富驊|電腦及週|14 -3 9|96 96 39 64|2.9 38
5469 瀚宇博|電子零組|-13 -22 -4|88 99 11 25|1.1 32
5471 松翰|半導體業|-42 -47 -1|66 97 3 16|0.5 14
5474 聰泰|電腦及週|-0 -20 1|80 97 26 43|2.4 9
5475 德宏|電子零組|17 -24 35|71 97 51 33|2.8 11
5478 智冠|文化創意|-0 12 13|100 100 19 32|0.6 30
5483 中美晶|半導體業|10 11 -6|90 93 9 21|0.8 494
5508 永信建|建材營造|-47 -63 -41|90 92 5 0|0.6 9
5519 隆大|建材營造|-30 -63 -160|99 99 6 12|1.1 9
5522 遠雄|建材營造|-18 -29 -7|91 96 -3 4|1.0 29
5530 龍巖|其他|22 -11 -22|81 98 1 4|0.6 7
5534 長虹|建材營造|-46 -64 -552|100 100 9 9|1.1 26
5536 聖暉*|其他電子|36 19 -19|66 100 37 44|0.9 75
5603 陸海|航運業|5 -9 -8|52 85 -7 -14|0.4 6
5607 遠雄港|航運業|-2 -14 -33|96 96 30 26|0.8 58
5608 四維航|航運業|-48 -41 -53|58 85 -1 11|0.4 182
5609 中菲行|航運業|-48 -51 -48|85 99 17 41|1.2 33
5704 老爺知|觀光餐旅|-5 3 -152|80 80 17 76|0.4 24
5706 鳳凰|觀光餐旅|821 1171 841|89 89 5 17|0.6 95
5864 致和證|金融業|68 65 104|91 99 36 43|1.1 6
5871 中租-KY|其他|19 18 -2|93 93 4 23|0.9 907
5876 上海商銀|金融保險|22 26 4|90 92 6 -2|0.9 163
5880 合庫金|金融保險|23 19 16|91 96 -0 -1|0.7 206
5903 全家|居家生活|11 10 -1|97 97 7 15|0.4 21
5904 寶雅|居家生活|4 15 -1|93 93 27 46|0.6 248
5905 南仁湖|觀光餐旅|-14 8 -47|86 88 3 5|0.2 10
5907 大洋-KY|貿易百貨|-17 -25 -6|81 81 -15 8|1.2 7
6005 群益證|金融保險|17 22 45|83 97 8 19|0.7 29
6016 康和證|金融業|82 300 50|85 97 12 15|1.2 14
6024 群益期|金融保險|-24 -11 -22|100 100 15 25|1.1 12
6026 福邦證|金融業|45 -17 68|68 94 6 7|1.0 13
6101 寬魚國際|文化創意|-34 13629 9605|99 99 82 140|1.7 16
6104 創惟|半導體業|-54 -56 -36|40 94 38 38|0.4 458
6109 亞元|通信網路|33 -1 -11|95 95 18 51|1.0 29
6111 光聚晶電|文化創意|28 115 -147|84 92 6 29|0.9 28
6112 邁達特|資訊服務|17 14 8|96 96 23 28|0.7 43
6113 亞矽|電子通路|-32 -41 -35|63 89 5 5|1.3 10
6115 鎰勝|電子零組|5 -17 -8|99 99 6 9|1.1 7
6116 彩晶|光電業|-48 -48 -9|85 91 16 21|0.6 179
6118 建達|電子通路|-12 -7 -7|78 88 3 11|0.3 51
6120 達運|光電業|-34 -42 -5|81 100 20 29|1.0 12
6121 新普|電腦及週|-12 -10 -8|95 95 5 23|2.8 183
6122 擎邦|電機機械|146 73 31|99 99 73 94|2.8 244
6123 上奇|資訊服務|8 -1 -15|96 96 24 29|1.0 20
6125 廣運|電機機械|13 4 -29|87 98 15 7|1.3 95
6128 上福|電腦及週|-6 -6 -19|100 100 23 30|3.1 11
6129 普誠|半導體業|38 17 -1|82 91 15 21|0.6 135
6133 金橋|電子零組|5 -7 -35|85 90 6 17|3.1 58
6134 萬旭|電子零組|11 -4 4|96 100 21 46|4.8 6
6138 茂達|半導體業|-43 -49 -34|64 97 33 52|2.7 242
6139 亞翔|其他電子|59 16 -33|100 100 30 70|0.9 110
6140 訊達電腦|資訊服務|20 -11 -16|92 92 19 25|3.1 19
6142 友勁|通信網路|85 69 8|95 95 23 42|1.2 22
6143 振曜|通信網路|61 26 5|96 96 53 77|1.2 336
6146 耕興|其他電子|1 -2 -15|99 99 19 14|0.8 174
6147 頎邦|半導體業|-32 -32 -14|98 98 19 39|1.2 200
6148 驊宏資|資訊服務|124 52 40|96 96 59 73|1.7 21
6150 撼訊|電腦及週|-46 -49 6|60 94 5 55|0.3 52
6153 嘉聯益|電子零組|-21 -35 -35|81 81 -1 -8|0.8 36
6155 鈞寶|電子零組|-2 -19 -11|97 97 7 29|0.3 8
6156 松上|電子零組|-2 -23 -9|94 94 3 23|2.1 8
6160 欣技|電腦及週|60 32 32|99 99 55 98|2.2 26
6161 捷波|電腦及週|-48 -48 -30|97 97 35 43|5.8 13
6163 華電網|資訊服務|126 88 60|100 100 40 51|2.4 147
6164 華興|光電業|-7 -16 -6|78 98 17 20|1.4 8
6165 浪凡|數位雲端|-9 -4 -11|86 88 11 24|0.3 6
6166 凌華|電腦及週|16 6 -14|97 97 19 26|0.7 10
6167 久正|光電業|-3 -17 -25|89 99 18 13|1.4 13
6168 宏齊|光電業|-15 -22 -1|100 100 46 66|4.8 38
6170 統振|通信網路|-28 -30 -8|96 96 14 41|0.8 10
6173 信昌電|電子零組|-27 -33 1|74 92 13 12|0.5 13
6175 立敦|電子零組|-28 -24 -9|89 96 16 31|0.5 15
6176 瑞儀|光電業|-30 -30 -29|100 100 5 10|1.1 195
6177 達麗|建材營造|1445 420 -6290|98 98 9 20|1.1 28
6179 亞通|其他|30 21 27|95 95 22 14|1.5 8
6180 橘子|文化創意|-36 -6 -1|80 80 12 33|0.4 142
6182 合晶|半導體業|-10 -7 -24|63 98 16 28|1.2 334
6185 幃翔|電子零組|34 23 8|100 100 24 26|2.0 6
6186 新潤|建材營造|550 na na|100 100 21 51|0.9 12
6187 萬潤|半導體業|-65 -55 -29|50 92 6 2|0.4 20
6188 廣明|電腦及週|-11 -11 -17|98 98 43 55|1.0 238
6189 豐藝|電子通路|5 -21 -4|100 100 10 16|1.2 19
6190 萬泰科|通信網路|-19 -26 -34|76 89 7 -3|0.6 36
6191 精成科|電子零組|-14 -19 -5|100 100 21 39|1.9 75
6192 巨路|其他電子|8 -2 -5|95 97 9 2|1.2 8
6196 帆宣|其他電子|85 41 -7|88 99 14 26|0.7 90
6197 佳必琪|電子零組|27 1 -10|99 99 18 30|2.0 21
6202 盛群|半導體業|-63 -53 -24|67 95 9 16|0.7 90
6203 海韻電|電子零組|38 -13 28|100 100 25 37|3.2 9
6205 詮欣|電子零組|39 13 -3|82 82 13 6|0.5 130
6206 飛捷|電腦及週|-44 -50 -47|75 97 12 9|0.9 27
6208 日揚|半導體業|40 29 5|97 100 13 22|0.6 7
6209 今國光|光電業|14 -14 -12|84 96 5 10|0.9 10
6213 聯茂|電子零組|-15 -22 -5|68 95 9 30|1.1 104
6214 精誠|資訊服務|9 16 3|99 99 12 18|0.7 22
6215 和椿|其他電子|-40 -45 -25|97 97 35 38|0.2 8
6217 中探針|電子零組|24 -14 -22|71 94 4 9|0.5 47
6220 岳豐|電子零組|-9 -29 -18|78 89 8 -7|3.0 32
6223 旺矽|半導體業|18 5 -10|92 92 17 69|1.2 323
6224 聚鼎|電子零組|-3 -10 -2|66 97 15 30|0.9 13
6226 光鼎|光電業|-10 -22 -22|90 99 18 26|5.6 6
6227 茂綸|電子通路|-5 -8 -9|97 97 23 35|0.5 10
6229 研通|半導體業|-42 -45 -14|73 97 11 17|1.0 6
6230 尼得科超眾|電腦及週|31 12 -1|99 99 24 55|3.6 22
6231 系微|資訊服務|-14 -12 -13|88 88 53 105|0.7 512
6233 旺玖|半導體業|-15 -16 -13|91 96 33 40|1.3 58
6234 高僑|光電業|6 1 -63|91 91 12 39|0.7 32
6235 華孚|電腦及週|56 43 -9|100 100 118 152|1.3 2062
6237 驊訊|半導體業|-50 -39 9|62 93 7 21|0.6 20
6239 力成|半導體業|-20 -24 -18|99 100 13 16|1.1 155
6243 迅杰|半導體業|5 -5 9|70 96 28 56|0.9 29
6244 茂迪|光電業|76 25 29|100 100 29 43|2.0 634
6245 立端|通信網路|49 43 7|96 96 23 112|0.9 622
6248 沛波|鋼鐵工業|52 5 -44|100 100 18 36|1.7 18
6257 矽格|半導體業|-19 -17 -23|98 98 15 33|1.2 103
6261 久元|半導體業|-39 -25 -6|89 100 16 18|1.1 21
6263 普萊德|通信網路|59 16 -4|100 100 28 51|1.2 18
6266 泰詠|電子零組|44 38 3|97 97 44 63|0.6 98
6269 台郡|電子零組|-11 -14 -24|88 88 -1 11|0.9 102
6270 倍微|電子通路|-4 -2 -11|99 99 14 17|2.8 7
6271 同欣電|半導體業|-10 -9 -7|64 82 -5 -14|0.8 346
6274 台燿|電子零組|-14 -27 -9|90 99 37 59|1.4 367
6275 元山|電子零組|15 -14 -4|87 95 22 30|1.8 22
6276 安鈦克|電腦及週|-8 -15 1|98 98 28 50|2.5 15
6277 宏正|電腦及週|10 5 -1|97 97 7 13|0.6 21
6278 台表科|光電業|-49 -43 -32|87 98 4 21|1.0 188
6279 胡連|電子零組|33 20 -11|79 81 -6 -11|1.3 208
6282 康舒|電子零組|-8 -11 -22|90 90 28 39|0.3 638
6283 淳安|其他電子|-32 -45 -11|83 91 4 7|0.6 12
6284 佳邦|電子零組|12 -11 -5|95 96 14 38|0.6 32
6285 啟碁|通信網路|52 33 -9|100 100 25 28|3.7 444
6288 聯嘉|汽車工業|20 -1 -8|96 96 38 45|3.1 201
6290 良維|電子零組|-8 -17 -10|90 90 27 26|0.7 329
6291 沛亨|半導體業|18 23 -12|92 92 41 48|1.2 8
6409 旭隼|其他電子|21 9 -22|96 96 12 26|1.3 274
6411 晶焱|半導體業|-28 -43 -10|73 93 45 39|0.4 200
6412 群電|電子零組|-14 -16 -14|100 100 20 36|3.2 53
6414 樺漢|電腦及週|59 44 13|100 100 33 43|3.4 236
6415 矽力*-KY|半導體業|-42 -41 -39|62 74 10 20|0.9 1174
6416 瑞祺電通|通信網路|6 -3 -13|99 99 27 28|5.1 79
6417 韋僑|通信網路|20 14 -9|100 100 78 67|2.7 223
6426 統新|通信網路|-58 -51 -55|73 88 7 -4|0.4 8
6432 今展科|電子零組|-21 -35 -9|97 100 24 19|2.2 6
6435 大中|半導體業|-36 -48 -34|66 93 5 8|0.6 13
6438 迅得|其他電子|52 33 13|85 100 21 26|2.0 29
6441 廣錠|電腦及週|55 34 65|92 92 21 60|0.7 32
6442 光聖|通信網路|11 -3 -6|80 99 16 19|1.0 19
6443 元晶|光電業|11 17 -20|80 96 14 7|0.9 693
6446 藥華藥|生技醫療|459 281 -315|70 80 -14 -17|1.7 581
6449 鈺邦|電子零組|-11 -20 -2|98 98 29 40|1.0 9
6451 訊芯-KY|半導體業|95 56 11|87 87 -11 -1|0.3 13
6456 GIS-KY|光電業|-54 -40 -30|86 86 -11 10|0.5 55
6457 紘康|半導體業|-45 -56 -8|46 92 -4 7|0.3 8
6461 益得|生技醫療|-97 -75 -38|65 73 -18 -25|0.4 8
6462 神盾|半導體業|43 7 -3|84 95 41 37|1.5 29
6469 大樹|生技醫療|20 22 -7|97 97 26 36|0.9 162
6470 宇智|通信網路|83 36 -25|89 99 24 35|1.3 76
6472 保瑞|生技醫療|377 379 193|96 96 78 149|1.6 2578
6477 安集|光電業|-32 -53 -153|74 97 8 10|0.9 105
6485 點序|半導體業|-23 -31 -21|75 100 59 89|7.2 75
6488 環球晶|半導體業|12 13 -2|78 95 18 45|0.8 901
6491 晶碩|生技醫療|-10 3 -5|81 86 -1 17|0.7 172
6492 生華科|生技醫療|0 na na|48 81 -14 12|0.7 8
6494 九齊|半導體業|-43 -56 -22|53 95 3 36|0.5 16
6499 益安|生技醫療|431 172 -40|88 96 3 13|1.3 6
6504 南六|其他|36 4 7|80 98 8 13|0.8 6
6505 台塑化|油電燃氣|21 6 -28|89 98 5 6|0.6 133
6508 惠光|農業科技|13 -33 -48|67 95 10 5|0.7 13
6509 聚和|化學工業|-3 -10 -21|78 93 15 22|0.4 79
6510 精測|半導體業|-12 -15 -16|90 90 15 54|1.0 117
6514 芮特-KY|通信網路|21 -21 -7|83 99 19 19|1.5 6
6515 穎崴|半導體業|39 49 -21|96 96 75 99|0.8 889
6517 保勝光學|光電業|5 37 na|na na 89 na|1.3 120
6523 達爾膚|生技醫療|0 -10 8|94 94 1 22|0.4 18
6525 捷敏-KY|半導體業|-13 -21 -24|86 99 11 14|1.0 11
6527 明達醫|生技醫療|72 36 15|95 95 46 62|0.9 19
6531 愛普*|半導體業|-50 -56 -22|97 97 91 122|0.7 3060
6532 瑞耘|半導體業|-1 22 -8|84 84 3 6|0.5 13
6533 晶心科|半導體業|152 39 -4|87 87 3 32|0.5 1879
6535 順藥|生技醫療|21 980 -282|91 91 3 13|0.3 10
6538 倉和|電子零組|25 14 -4|94 99 23 25|1.2 12
6541 泰福-KY|生技醫療|-97 69 na|38 53 -31 -44|0.1 21
6546 正基|通信網路|-50 -56 na|na 82 24 -16|1.5 46
6547 高端疫苗|生技醫療|-100 -99 na|32 69 -18 -27|0.5 133
6548 長科*|半導體業|-19 -19 -24|46 100 50 63|2.2 124
6550 北極星藥業-KY|生技醫療|-100 -88 na|na 70 4 -32|0.8 276
6556 勝品|光電業|28 4 -8|85 85 39 139|0.4 53
6558 興能高|其他電子|30 -14 10|92 92 23 44|0.5 13
6561 是方|通信網路|7 8 -2|100 100 37 37|1.2 65
6568 宏觀|半導體業|11 45 12|78 84 -1 37|0.7 60
6570 維田|電腦及週|28 1 -21|98 98 31 32|0.6 53
6573 虹揚-KY|半導體業|33 -16 17|79 99 18 22|2.4 7
6576 逸達|生技醫療|97 5552 -14811|90 93 33 50|0.9 179
6578 達邦蛋白|農業科技|26 -3 -2|65 94 13 22|0.3 6
6579 研揚|電腦及週|13 2 -28|96 96 16 32|2.4 16
6581 鋼聯|綠能環保|-44 19 -34|86 92 10 18|1.3 12
6582 申豐|橡膠工業|-72 -71 5|51 89 5 18|0.3 6
6589 台康生技|生技醫療|25 -25 -16|74 74 -7 18|0.7 250
6590 普鴻|資訊服務|45 21 4|91 91 37 38|0.8 11
6591 動力-KY|電腦及週|-48 -42 -16|83 100 19 31|2.0 13
6592 和潤企業|其他|32 25 -2|100 100 19 19|1.3 98
6593 台灣銘板|資訊服務|-1 -20 -8|93 93 43 52|0.7 16
6603 富強鑫|電機機械|5 -14 -18|90 95 1 6|0.8 19
6605 帝寶|汽車工業|37 15 5|98 98 28 29|0.5 91
6609 瀧澤科|電機機械|-7 18 1|89 89 15 40|0.2 15
6612 奈米醫材|生技醫療|17 23 -5|86 86 60 63|0.4 34
6613 朋億*|其他電子|24 4 -30|63 99 17 29|0.7 15
6625 必應|其他|8 -2 -261|94 94 22 64|0.5 16
6643 M31|半導體業|29 21 -14|100 100 32 94|0.8 1406
6651 全宇昕|半導體業|-24 -24 -25|94 97 21 44|5.0 13
6664 群翊|電子零組|36 17 -8|100 100 17 42|1.5 24
6666 羅麗芬-KY|生技醫療|46 -21 -17|82 82 4 43|0.1 13
6667 信紘科|其他電子|4 -4 -39|84 100 17 6|0.7 16
6668 中揚光|光電業|-2 2 -1|86 92 10 15|0.7 13
6669 緯穎|電腦及週|68 46 -11|100 100 36 47|1.3 2017
6670 復盛應用|運動休閒|1 9 -31|91 91 6 27|1.1 147
6672 騰輝電子-KY|電子零組|-25 -33 -1|81 97 13 46|1.4 29
6679 鈺太|半導體業|-48 -54 -22|73 95 33 57|0.4 220
6683 雍智科技|半導體業|3 1 -2|75 95 10 18|0.8 55
6684 安格|半導體業|-64 -65 -23|44 95 24 27|0.9 8
6689 伊雲谷|數位雲端|17 8 na|na 86 47 2|0.6 94
6690 安碁資訊|數位雲端|7 22 -56|94 94 58 76|0.9 43
6691 洋基工程|其他電子|53 24 -8|91 91 40 66|0.7 130
6695 芯鼎|半導體業|-5 -20 na|na na 4 na|0.4 8
6703 軒郁|生技醫療|39 46 15|97 97 35 54|1.7 16
6706 惠特|光電業|-78 -78 -40|54 91 12 21|0.9 65
6712 長聖|生技醫療|22 -0 -33|84 92 6 14|1.1 226
6715 嘉基|電子零組|53 13 -36|95 95 24 23|1.9 245
6719 力智|半導體業|-57 -50 -39|48 94 20 43|0.7 734
6727 亞泰金屬|電子零組|11 -17 -42|91 96 4 6|0.8 14
6728 上洋|居家生活|27 0 -15|85 96 23 18|1.1 6
6732 昇佳電子|半導體業|-35 -38 -3|87 91 58 66|0.9 309
6733 博晟生醫|生技醫療|94 98 -182|98 98 53 51|2.8 31
6741 91APP*-KY|數位雲端|22 15 1|65 84 -10 45|0.3 174
6743 安普新|其他電子|-41 -50 -28|81 99 53 70|1.2 18
6747 亨泰光|生技醫療|20 0 -11|100 100 40 33|2.0 101
6751 智聯服務|資訊服務|69 28 4|95 95 118 142|1.0 40
6752 叡揚|資訊服務|21 29 7|84 84 132 101|0.8 59
6756 威鋒電子|半導體業|-61 -61 -36|53 91 18 29|1.0 216
6761 穩得|電子零組|-7 -8 -6|87 95 16 29|0.9 5
6763 綠界科技*|數位雲端|9 6 1|65 85 23 28|0.2 33
6768 志強-KY|運動休閒|-22 -13 -109|74 84 -4 -9|0.3 16
6770 力積電|半導體業|-44 -42 -46|58 95 -0 17|0.8 480
6776 展碁國際|電子通路|1 -7 -14|95 95 32 38|2.8 21
6781 AES-KY|電子零組|-15 -11 -34|55 83 7 13|0.8 479
6782 視陽|生技醫療|-33 -15 na|na na -11 na|0.6 250
6788 華景電|半導體業|26 35 5|91 97 55 24|0.7 265
6789 采鈺|半導體業|-36 -27 na|na 88 15 -10|0.4 234
6790 永豐實|造紙工業|12 -1 -3|83 97 5 5|2.5 9
6791 虎門科技|資訊服務|8 2 na|na na 65 na|1.0 34
6796 晉弘|生技醫療|29 2 na|na 90 34 24|0.7 36
6799 來頡|半導體業|-29 -30 na|na 95 66 93|1.6 507
6803 崑鼎|綠能環保|6 21 3|98 98 10 5|1.2 9
6806 森崴能源|綠能環保|52 103 10|80 97 7 33|0.7 210
6811 宏碁資訊|數位雲端|14 19 na|na 93 67 62|1.5 117
6829 千附精密|半導體業|-40 -34 -24|100 100 24 13|3.1 26
6830 汎銓|其他電子|7 5 na|na 100 41 41|0.9 29
6835 圓裕|電子零組|-18 -23 na|na na 8 na|1.2 6
6843 進典|電機機械|10 15 na|na na 63 na|0.9 24
6859 伯特光|光電業|56 25 na|na na 25 na|0.8 51
6874 倍力|資訊服務|7 72 na|na na 196 na|0.6 52
7402 邑錡|光電業|-31 -38 -49|91 91 88 57|5.1 93
8016 矽創|半導體業|-42 -43 -14|97 98 36 53|1.0 399
8021 尖點|其他電子|-33 -29 -16|86 96 -1 21|0.6 6
8027 鈦昇|電機機械|-49 -39 -60|67 93 1 0|1.4 11
8028 昇陽半導體|半導體業|28 12 0|85 97 4 17|2.2 100
8033 雷虎|其他|22 22 21|90 90 40 231|0.9 291
8038 長園科|電子零組|1058 822 327|91 91 12 43|0.7 26
8039 台虹|電子零組|-24 -37 -25|96 97 3 10|0.6 6
8040 九暘|半導體業|-33 -23 -26|74 82 -6 2|0.8 16
8043 蜜望實|電子零組|-28 -28 -14|90 90 14 18|0.3 6
8044 網家|數位雲端|-11 -9 -1|68 88 18 34|0.2 43
8046 南電|電子零組|-0 -2 -19|55 91 16 51|1.1 2299
8048 德勝|通信網路|24 53 25|100 100 14 28|1.4 7
8049 晶采|光電業|84 38 13|100 100 32 44|0.5 34
8050 廣積|電腦及週|65 48 23|97 97 11 29|1.8 339
8054 安國|半導體業|20 6 -11|56 95 9 13|0.7 19
8064 東捷|光電業|62 12 14|100 100 16 45|2.4 17
8069 元太|光電業|83 45 -22|74 83 9 -10|0.4 2445
8070 長華*|電子通路|-22 -23 -22|100 100 21 25|2.4 33
8072 陞泰|電子通路|3 -26 -14|81 81 2 23|0.9 7
8076 伍豐|電腦及週|-12 -3 -5|82 90 2 5|0.4 16
8081 致新|半導體業|-33 -30 -13|82 98 27 56|0.6 100
8083 瑞穎|電機機械|-50 -54 -18|85 89 -9 -10|1.1 9
8084 巨虹|電子通路|-0 24 -11|77 79 2 -15|1.2 74
8086 宏捷科|半導體業|-42 -52 2|88 99 30 46|3.6 97
8088 品安|半導體業|-0 -12 -12|96 96 32 57|5.7 54
8091 翔名|半導體業|6 -9 -25|94 94 5 22|0.6 32
8097 常珵|通信網路|69 326 -229|56 70 -21 -17|0.8 49
8099 大世科|資訊服務|53 11 4|95 95 3 6|0.4 10
8103 瀚荃|電子零組|-31 -37 -19|82 97 14 14|1.2 16
8104 錸寶|光電業|80 71 32|63 100 16 29|1.0 13
8105 凌巨|光電業|-4 -8 -5|87 87 15 34|0.4 39
8109 博大|電子零組|79 32 8|96 96 7 8|1.1 14
8110 華東|半導體業|-17 -20 -27|81 98 17 20|2.5 16
8111 立碁|光電業|3 -16 8|85 93 39 27|0.6 26
8112 至上|電子通路|-41 -49 -23|93 100 24 35|0.9 183
8114 振樺電|電腦及週|-4 -8 -35|66 81 3 -15|0.9 57
8121 越峰|電子零組|5 -6 -5|69 90 6 -2|2.4 31
8131 福懋科|半導體業|-11 -8 -11|99 99 15 21|1.0 18
8147 正淩|電子零組|27 3 -10|97 97 15 37|5.2 7
8150 南茂|半導體業|-31 -35 -14|81 100 18 31|1.0 71
8155 博智|電子零組|-25 -22 -31|65 98 21 42|1.6 209
8163 達方|電腦及週|-12 -15 -15|95 99 17 15|0.7 30
8171 天宇|綠能環保|21 106 -89|96 96 33 74|0.5 241
8176 智捷|通信網路|36 117 -9|86 86 18 30|0.8 8
8183 精星|其他電子|2 1 -47|73 90 -1 -0|0.4 29
8210 勤誠|電腦及週|-1 -9 -14|91 91 11 13|1.1 78
8213 志超|電子零組|-36 -37 -10|86 100 14 24|1.5 19
8215 明基材|光電業|4 -9 -2|94 94 10 30|0.5 53
8222 寶一|電機機械|71 25 -8|93 93 46 61|1.5 430
8227 巨有科技|半導體業|122 30 na|na na 108 na|0.6 209
8234 新漢|電腦及週|22 3 -16|98 98 26 69|1.0 51
8249 菱光|電子零組|26 18 5|95 95 11 45|2.1 12
8255 朋程|電機機械|12 11 -2|81 100 16 28|3.6 311
8261 富鼎|半導體業|-44 -44 -27|73 89 -2 2|0.5 131
8271 宇瞻|半導體業|-13 -22 -16|100 100 26 35|2.6 27
8279 生展|生技醫療|31 13 -17|91 91 4 9|0.6 8
8289 泰藝|電子零組|8 -17 -16|93 93 27 41|1.7 187
8299 群聯|半導體業|-38 -35 -20|86 100 27 61|2.0 500
8341 日友|綠能環保|-22 -11 -18|73 85 -6 14|0.2 35
8349 恒耀國際|鋼鐵工業|0 -9 -16|82 86 9 -2|0.5 21
8358 金居|電子零組|-17 -15 6|88 88 16 70|0.4 226
8367 建新國際|航運業|9 5 9|96 96 28 45|0.3 7
8383 千附|半導體業|-14 3 -7|96 96 14 17|0.9 49
8390 金益鼎|綠能環保|7 -2 -11|91 98 4 9|0.5 23
8401 白紗科|其他|26 0 -13|97 97 18 24|1.7 14
8403 盛弘|生技醫療|-7 -9 -16|84 92 -1 8|1.0 14
8415 大國鋼|鋼鐵工業|16 11 -8|91 92 -7 9|1.2 22
8420 明揚|運動休閒|73 46 5|93 93 26 43|0.8 63
8422 可寧衛*|綠能環保|34 38 -36|97 98 6 10|1.0 31
8431 匯鑽科|其他電子|-10 -43 -24|88 98 29 33|2.5 10
8433 弘帆|居家生活|-25 -16 -25|82 82 13 32|0.3 15
8436 大江|生技醫療|16 5 15|87 87 12 64|0.5 322
8440 綠電|綠能環保|26 3 2|49 96 7 23|0.9 39
8442 威宏-KY|其他|30 8 -45|92 92 13 25|0.8 20
8454 富邦媒|數位雲端|13 12 -3|98 98 44 69|0.9 598
8462 柏文|運動休閒|15 5 -3590|98 98 23 26|1.3 21
8464 億豐|居家生活|-14 -16 -12|96 96 16 28|0.9 141
8476 台境*|綠能環保|-69 -34 -336|85 85 19 31|0.4 20
8478 東哥遊艇|運動休閒|-9 16 -6|94 94 75 117|0.5 1246
8499 鼎炫-KY|其他電子|-47 -43 -22|85 91 1 6|2.8 8
8916 光隆|其他|-8 -21 -47|86 87 2 -1|0.6 32
8924 大田|運動休閒|143 33 24|97 97 12 35|0.6 69
8926 台汽電|油電燃氣|30 15 23|97 97 32 21|2.3 156
8927 北基|油電燃氣|12 11 -10|91 91 12 13|0.7 37
8931 大汽電|油電燃氣|119 91 35|98 98 94 161|2.5 71
8932 智通*|數位雲端|18 -33 -7|96 96 19 53|0.5 10
8933 愛地雅|運動休閒|-0 8 -11|51 55 -20 -30|0.3 18
8936 國統|其他|-44 -34 -17|87 87 25 46|0.7 195
8938 明安|運動休閒|59 21 -6|92 92 14 22|1.2 237
8940 新天地|觀光餐旅|75 51 -120|85 85 47 69|0.5 16
8942 森鉅|其他|33 -7 -10|98 98 10 15|0.5 8
8996 高力|電機機械|104 78 36|96 96 37 129|0.2 278
9802 鈺齊-KY|運動休閒|34 24 -31|67 82 -17 -14|0.3 112
9904 寶成|運動休閒|0 -7 -23|90 90 -8 11|0.7 172
9907 統一實|其他|5 -20 -17|93 98 13 9|1.1 76
9910 豐泰|運動休閒|-0 -5 -50|92 92 -8 19|0.5 139
9911 櫻花|居家生活|7 -7 -15|98 99 2 3|0.9 6
9914 美利達|運動休閒|18 22 -8|63 86 -4 -7|0.8 119
9917 中保科|其他|17 7 -3|98 100 7 8|1.4 47
9919 康那香|其他|-6 -18 -2|66 93 -0 17|2.0 9
9921 巨大|運動休閒|-15 -13 -22|66 72 -17 -12|2.0 412
9925 新保|其他|3 0 -2|99 99 4 5|0.7 5
9927 泰銘|其他|-14 -26 -24|99 100 14 26|1.3 8
9933 中鼎|其他|-14 -0 -30|85 88 1 -9|0.9 88
9934 成霖|居家生活|-6 -6 -7|96 96 1 16|2.9 8
9937 全國|油電燃氣|5 1 -11|88 88 19 25|0.5 6
9938 百和|其他|-4 -24 -15|85 92 5 1|0.3 44
9939 宏全|其他|25 11 -5|93 93 14 21|0.7 182
9941 裕融|其他|24 17 1|86 99 15 26|0.9 176
9942 茂順|其他|45 15 5|98 98 13 28|1.2 35
9945 潤泰新|其他|87 39 15|68 75 -20 5|1.0 284
9955 佳龍|綠能環保|-35 -43 -19|77 96 21 46|0.7 73
9958 世紀鋼|鋼鐵工業|-7 9 20|73 88 5 50|0.8 199
9962 有益|鋼鐵工業|22 37 -3|96 96 24 51|0.8 20
