# 2023-06 月末(2023-06-30)全池量化快照(1183 檔)。欄位:代碼 名稱|產業|最新YoY 3月YoY 加速|距52週高% 距120日高% 60日漲% 120日漲%|量能x 日均值M
1101 台泥|水泥工業|24 17 3|95 95 5 12|0.5 531
1102 亞泥|水泥工業|-10 -9 -6|99 99 3 9|1.1 199
1103 嘉泥|水泥工業|39 28 9|92 92 13 23|1.1 19
1104 環泥|水泥工業|25 17 -5|97 97 18 38|0.4 46
1108 幸福|水泥工業|45 30 -0|99 99 20 58|0.6 19
1201 味全|食品工業|6 9 6|96 96 2 7|1.5 10
1210 大成|食品工業|13 8 -2|99 99 6 21|0.7 72
1215 卜蜂|食品工業|9 9 -2|95 95 14 22|0.5 101
1216 統一|食品工業|7 5 -4|97 97 6 17|0.8 477
1217 愛之味|食品工業|3 8 5|100 100 14 22|5.1 18
1218 泰山|食品工業|-3 -8 -12|60 86 -2 -14|0.6 83
1219 福壽|食品工業|-1 -5 -13|95 95 1 16|0.9 10
1227 佳格|食品工業|9 -2 8|92 97 2 6|0.8 48
1229 聯華|食品工業|9 7 2|100 100 22 39|1.7 56
1231 聯華食|食品工業|-3 7 -5|99 99 7 30|1.0 14
1232 大統益|食品工業|1 -3 -21|94 99 3 8|2.0 10
1234 黑松|食品工業|28 15 -2|98 98 15 26|2.9 19
1268 漢來美食|觀光餐旅|166 86 -24|85 85 17 24|0.7 59
1301 台塑|塑膠工業|-34 -31 -7|89 95 -3 5|1.5 735
1303 南亞|塑膠工業|-31 -32 -4|93 93 -3 7|1.3 388
1304 台聚|塑膠工業|-26 -23 -5|85 85 -13 10|0.6 22
1305 華夏|塑膠工業|-28 -33 -6|80 80 -10 -3|0.6 21
1307 三芳|塑膠工業|-4 -15 -39|97 97 24 26|1.1 34
1308 亞聚|塑膠工業|-32 -22 -13|87 87 -8 -5|0.4 23
1309 台達化|塑膠工業|-24 -21 -1|77 86 -5 -5|0.9 9
1310 台苯|塑膠工業|-49 -28 -8|94 94 19 25|0.2 22
1312 國喬|塑膠工業|-26 -18 2|91 92 -2 7|0.4 23
1313 聯成|塑膠工業|-18 -14 5|89 96 3 12|3.0 14
1316 上曜|建材營造|-84 -70 -185|58 87 -8 2|0.4 10
1319 東陽|汽車工業|11 8 -6|98 98 18 34|0.8 308
1326 台化|塑膠工業|-30 -26 -17|89 92 -2 -2|1.2 167
1339 昭輝|汽車工業|1 1 -4|94 94 -0 13|0.8 5
1340 勝悅-KY|塑膠工業|35 66 71|99 99 31 40|0.9 5
1342 八貫|其他|-6 -0 -10|76 76 -19 -4|0.2 46
1402 遠東新|紡織纖維|-8 -6 -9|100 100 7 7|1.0 165
1409 新纖|紡織纖維|-21 -26 -13|92 92 -4 -4|0.4 27
1417 嘉裕|紡織纖維|61 27 5|89 93 6 1|1.1 8
1419 新紡|紡織纖維|-2 -2 -18|94 94 5 9|0.6 6
1432 大魯閣|運動休閒|45 30 -58|84 84 15 58|0.6 21
1434 福懋|紡織纖維|-20 -21 -17|99 99 -1 7|0.7 21
1437 勤益控|其他|0 3 -7|93 93 4 15|0.6 7
1440 南紡|紡織纖維|-11 -7 -10|84 91 -2 -3|0.7 13
1442 名軒|建材營造|99 85 -338|85 87 1 -11|0.5 18
1444 力麗|紡織纖維|-27 -32 -18|95 100 11 12|2.4 24
1445 大宇|紡織纖維|-7 7 -5|86 86 26 27|0.3 7
1449 佳和|紡織纖維|-14 -10 0|91 91 41 38|1.1 14
1451 年興|紡織纖維|-24 -26 -14|80 92 -5 5|1.0 5
1467 南緯|紡織纖維|-31 -37 -15|90 98 6 11|4.8 13
1471 首利|電子零組|40 6 13|96 96 69 77|3.3 22
1472 三洋實業|建材營造|78 101 -48|98 98 25 83|3.8 10
1476 儒鴻|紡織纖維|-25 -31 -23|98 98 4 10|1.2 444
1477 聚陽|紡織纖維|-3 -1 -4|100 100 36 34|2.8 1524
1503 士電|電機機械|9 12 -2|96 96 85 153|0.4 1277
1504 東元|電機機械|6 6 -3|94 94 28 102|0.6 1265
1506 正道|電機機械|-7 -5 -4|81 81 -10 7|0.5 6
1513 中興電|電機機械|32 12 -1|100 100 43 109|1.1 3375
1514 亞力|電機機械|20 21 -12|100 100 62 112|0.8 927
1515 力山|電機機械|12 -15 46|92 92 20 11|1.5 56
1519 華城|電機機械|-1 68 65|89 89 110 207|0.4 2227
1522 堤維西|汽車工業|7 -2 -11|99 99 24 42|1.6 272
1524 耿鼎|汽車工業|10 -1 -16|83 90 -7 7|0.4 43
1525 江申|汽車工業|37 35 -5|95 95 81 106|1.4 115
1526 日馳|電機機械|-63 -53 -40|72 91 -2 -0|0.7 7
1527 鑽全|電機機械|-50 -43 -13|92 92 -2 3|1.0 10
1528 恩德|電機機械|-2 -1 -9|97 97 56 70|2.5 134
1529 樂事綠能|電機機械|630 381 245|91 91 46 105|0.6 358
1532 勤美|電機機械|2 -16 14|98 98 4 29|1.2 26
1533 車王電|汽車工業|113 74 40|100 100 35 38|2.9 263
1535 中宇|電機機械|31 19 9|99 99 12 29|0.5 7
1536 和大|汽車工業|3 2 -9|76 95 -0 3|1.1 74
1537 廣隆|電機機械|-8 -15 -62|99 99 -0 4|0.8 10
1539 巨庭|電機機械|-34 -43 1|59 85 -12 -3|0.6 6
1540 喬福|電機機械|33 0 -75|96 96 6 17|1.7 10
1558 伸興|電機機械|15 3 -11|85 88 -1 -7|0.8 8
1560 中砂|電機機械|-9 -8 -13|72 93 5 11|0.7 334
1565 精華|生技醫療|-3 -8 2|86 86 -10 -2|0.8 36
1568 倉佑|汽車工業|-11 -11 2|87 95 12 18|0.5 22
1580 新麥|電機機械|0 19 20|92 92 23 44|0.4 25
1582 信錦|電子零組|-21 -22 -3|88 96 1 3|1.0 7
1584 精剛|其他|71 68 1|88 88 26 74|0.5 227
1589 永冠-KY|電機機械|9 29 11|84 84 -9 30|0.9 116
1590 亞德客-KY|電機機械|5 11 7|83 83 -15 12|0.7 655
1591 駿吉-KY|電機機械|-94 -93 na|97 97 38 114|2.0 46
1598 岱宇|運動休閒|13 4 21|79 79 -9 -5|3.2 18
1603 華電|電器電纜|61 22 -29|100 100 26 33|2.9 58
1604 聲寶|電器電纜|3 -1 3|98 98 3 11|0.8 7
1605 華新|電器電纜|0 2 -3|73 73 -14 -11|2.0 1767
1608 華榮|電器電纜|-18 -12 -3|94 94 59 68|0.5 124
1609 大亞|電器電纜|-13 -9 -0|95 95 48 91|0.5 1495
1611 中電|電器電纜|-24 -20 -7|91 92 19 39|0.3 37
1612 宏泰|電器電纜|-2 -8 -4|95 95 34 62|0.6 112
1616 億泰|電器電纜|14 9 -1|92 92 21 41|0.9 14
1618 合機|電器電纜|-20 59 16|90 90 17 40|0.3 36
1701 中化|生技醫療|1 2 -7|71 71 1 -14|1.0 29
1702 南僑|食品工業|12 15 7|96 96 6 11|0.5 17
1707 葡萄王|生技醫療|-8 -1 -6|92 92 -3 8|0.4 35
1708 東鹼|化學工業|-9 -14 -40|74 86 -9 -5|0.4 34
1709 和益|化學工業|-40 -4 -6|91 91 -2 11|0.2 17
1710 東聯|化學工業|5 -11 11|94 94 14 23|0.5 90
1711 永光|化學工業|-15 -20 -8|98 98 18 21|0.9 64
1712 興農|化學工業|-21 -22 -26|84 90 -4 5|0.5 18
1717 長興|化學工業|-18 -20 -7|93 93 4 7|0.5 37
1720 生達|生技醫療|2 14 -16|92 92 31 25|0.5 79
1721 三晃|化學工業|-37 -40 -24|85 85 10 4|0.2 19
1722 台肥|化學工業|-4 -9 -5|94 97 8 14|0.6 61
1723 中碳|化學工業|-36 -24 -30|98 98 0 10|1.8 58
1727 中華化|化學工業|-20 -26 -19|80 80 35 35|0.4 83
1731 美吾華|生技醫療|29 27 24|94 94 23 24|1.0 11
1733 五鼎|生技醫療|-35 -24 -19|99 99 16 18|0.8 16
1734 杏輝|生技醫療|3 13 -5|93 93 17 10|1.9 103
1736 喬山|運動休閒|38 21 10|84 94 8 -4|2.0 46
1737 臺鹽|食品工業|7 -9 2|100 100 5 8|3.3 8
1742 台蠟|化學工業|97 -1 5|96 96 31 31|0.7 7
1752 南光|生技醫療|22 34 6|81 81 11 12|0.6 121
1760 寶齡富錦|生技醫療|-42 -30 -29|71 71 -21 -21|0.8 200
1762 中化生|生技醫療|50 9 -16|90 90 17 51|0.9 122
1773 勝一|化學工業|-21 -22 -8|80 95 6 15|0.6 22
1777 生泰|生技醫療|15 14 -43|92 92 7 9|0.5 7
1783 和康生|生技醫療|7 21 2|89 89 15 36|1.5 49
1784 訊聯|生技醫療|24 20 9|91 91 46 57|0.9 34
1785 光洋科|其他電子|-22 -21 6|91 97 6 20|2.0 72
1786 科妍|生技醫療|42 35 4|100 100 38 68|2.4 47
1789 神隆|生技醫療|-45 -15 -28|100 100 16 18|1.7 51
1795 美時|生技醫療|52 58 12|95 95 26 42|1.3 2147
1796 金穎生技|食品工業|46 46 18|71 71 22 54|0.3 33
1802 台玻|玻璃陶瓷|-5 6 20|77 82 -7 -9|2.0 224
1806 冠軍|玻璃陶瓷|21 -1 11|92 92 17 16|0.4 32
1808 潤隆|建材營造|4327 1683 1263|99 99 11 17|1.6 13
1809 中釉|玻璃陶瓷|-7 -11 -19|90 90 7 19|0.2 13
1810 和成|玻璃陶瓷|10 -2 4|86 86 34 37|0.4 81
1815 富喬|電子零組|-24 -27 -7|89 92 12 15|0.7 48
1903 士紙|造紙工業|1 18 23|88 88 20 4|0.5 35
1904 正隆|造紙工業|-8 -11 -2|99 99 25 30|1.9 158
1905 華紙|造紙工業|-20 -11 -16|96 96 75 73|1.0 517
1907 永豐餘|造紙工業|-11 -6 -1|95 95 40 54|1.8 436
1909 榮成|造紙工業|-5 -10 4|91 91 2 14|1.0 36
2002 中鋼|鋼鐵工業|-25 -24 -5|92 92 -5 -1|1.0 418
2006 東和鋼鐵|鋼鐵工業|9 -4 0|98 99 5 24|0.9 78
2009 第一銅|鋼鐵工業|-31 -21 1|85 85 -6 2|0.4 28
2010 春源|鋼鐵工業|-11 -16 1|100 100 14 14|3.5 10
2013 中鋼構|鋼鐵工業|52 23 4|95 95 -1 -1|1.3 5
2014 中鴻|鋼鐵工業|-41 -35 0|82 82 -7 -10|1.6 136
2015 豐興|鋼鐵工業|-11 -14 -1|99 99 4 18|0.4 13
2017 官田鋼|鋼鐵工業|-21 -32 -10|88 88 -4 22|1.1 17
2023 燁輝|鋼鐵工業|-27 -19 4|90 90 1 -7|1.3 25
2027 大成鋼|鋼鐵工業|-16 -19 -17|98 98 4 10|0.7 326
2028 威致|鋼鐵工業|-11 -16 -0|78 78 -13 -16|0.9 6
2029 盛餘|鋼鐵工業|-3 -23 6|96 96 -2 4|0.9 7
2030 彰源|鋼鐵工業|-20 -26 -11|90 95 -1 -1|1.1 17
2031 新光鋼|鋼鐵工業|2 -11 -15|86 86 -3 11|0.3 85
2034 允強|鋼鐵工業|-24 -12 4|94 94 0 2|1.0 14
2038 海光|鋼鐵工業|-7 -5 -5|85 85 -7 -11|0.8 7
2049 上銀|電機機械|-19 -19 -8|90 90 -3 31|0.8 283
2059 川湖|電子零組|-29 -29 -28|100 100 74 71|2.9 473
2065 世豐|鋼鐵工業|-15 -3 1|97 97 6 26|0.6 7
2066 世德|電機機械|-3 2 -18|90 90 9 22|0.4 19
2101 南港|橡膠工業|-3 -9 0|95 95 2 17|0.7 28
2102 泰豐|橡膠工業|-66 -52 -53|87 88 -12 -5|0.7 9
2103 台橡|橡膠工業|-13 -11 -10|90 90 -6 -1|0.9 24
2104 國際中橡|橡膠工業|-26 -23 -20|94 94 9 12|1.5 72
2105 正新|橡膠工業|3 5 3|97 97 14 24|1.0 243
2106 建大|橡膠工業|-21 -13 -14|86 100 3 6|1.1 14
2107 厚生|橡膠工業|-42 -38 -7|95 95 0 2|1.6 8
2108 南帝|橡膠工業|-37 -39 5|84 84 -7 4|0.6 20
2201 裕隆|汽車工業|22 13 8|92 92 10 40|0.5 811
2204 中華|汽車工業|43 27 12|93 93 46 89|0.5 519
2206 三陽工業|汽車工業|52 45 9|92 92 129 167|0.6 1798
2207 和泰車|汽車工業|44 31 17|94 94 29 39|0.7 237
2208 台船|航運業|-11 35 11|88 88 5 27|0.4 86
2211 長榮鋼|鋼鐵工業|-4 3 27|98 98 20 28|1.5 147
2227 裕日車|汽車工業|104 46 28|88 98 4 5|0.8 7
2228 劍麟|汽車工業|29 13 -7|100 100 18 32|1.3 56
2230 泰茂|居家生活|55 18 14|100 100 48 293|2.3 29
2231 為升|汽車工業|22 33 14|85 85 -11 13|0.4 111
2233 宇隆|汽車工業|-6 -7 -4|90 90 3 11|0.2 14
2236 百達-KY|汽車工業|23 36 21|100 100 66 171|1.0 59
2239 英利-KY|汽車工業|135 87 47|97 97 11 36|1.0 31
2247 汎德永業|汽車工業|55 25 5|98 98 37 71|1.2 269
2301 光寶科|電腦及週|-15 -15 -11|93 93 41 70|1.3 1968
2302 麗正|半導體業|10 3 -10|87 87 -11 18|0.5 31
2303 聯電|半導體業|-23 -21 -30|95 95 -0 24|1.5 2591
2305 全友|電腦及週|77 40 27|67 86 -5 -7|0.5 9
2308 台達電|電子零組|12 13 -9|94 94 20 25|1.2 3912
2312 金寶|其他電子|-3 -3 -23|97 97 15 10|1.2 193
2313 華通|電子零組|-8 -15 -20|88 99 2 1|1.1 315
2314 台揚|通信網路|1 -5 -30|77 86 5 17|0.4 43
2317 鴻海|其他電子|-9 -14 -23|98 98 8 13|1.7 4333
2323 中環|光電業|-3 -6 8|94 94 79 91|2.1 817
2324 仁寶|電腦及週|-7 6 16|98 98 22 34|0.9 815
2327 國巨*|電子零組|-14 -14 -13|85 85 -5 8|0.6 1198
2328 廣宇|電子零組|-4 -4 -5|93 93 3 6|0.5 165
2329 華泰|半導體業|-6 -13 -4|99 99 17 36|1.0 168
2330 台積電|半導體業|-5 -12 -35|97 97 8 27|0.9 14056
2331 精英|電腦及週|-35 -41 -17|100 100 38 53|1.1 360
2332 友訊|通信網路|-1 1 -7|100 100 19 38|2.5 175
2337 旺宏|半導體業|-36 -31 -2|92 92 -1 -1|0.9 486
2338 光罩|半導體業|0 -9 -19|86 86 -9 -3|1.1 141
2340 台亞|半導體業|-16 -28 5|91 91 14 28|6.6 132
2342 茂矽|半導體業|-37 -34 -22|84 84 -16 9|0.3 28
2344 華邦電|半導體業|-30 -31 -6|94 94 9 37|1.5 1072
2345 智邦|通信網路|5 9 -21|91 91 12 38|0.7 1235
2347 聯強|電子通路|-10 -10 -8|94 94 1 0|0.6 216
2348 海悅|其他|10 -21 0|90 98 5 11|0.7 6
2351 順德|半導體業|-11 -5 -2|96 96 1 34|1.0 130
2352 佳世達|電腦及週|-12 -15 -9|94 94 45 74|1.0 653
2353 宏碁|電腦及週|-18 -22 3|96 96 16 44|1.1 995
2354 鴻準|其他電子|-29 -18 -4|97 97 0 10|1.7 143
2355 敬鵬|電子零組|-13 -4 2|95 95 -4 9|0.8 23
2356 英業達|電腦及週|17 -4 -2|94 94 36 68|1.0 2035
2357 華碩|電腦及週|-5 -7 1|97 97 15 18|1.2 730
2358 廷鑫|其他|-68 -33 5|60 62 -28 -30|0.4 8
2359 所羅門|其他電子|-14 -15 -20|91 91 8 31|0.5 173
2360 致茂|其他電子|-8 -9 -34|97 97 41 41|0.9 612
2362 藍天|電腦及週|-1 88 83|97 99 15 14|2.6 42
2363 矽統|半導體業|-29 -30 -7|87 96 -2 16|1.1 25
2364 倫飛|電腦及週|22 34 9|65 85 -6 -6|0.3 17
2365 昆盈|電腦及週|6 -21 5|100 100 16 23|2.9 13
2367 燿華|電子零組|-8 -4 -26|74 91 -7 1|0.9 34
2368 金像電|電子零組|-25 -13 -20|100 100 55 68|1.0 1897
2369 菱生|半導體業|-13 -20 10|92 98 2 17|1.1 14
2371 大同|電機機械|92 72 30|99 99 64 61|1.8 2312
2373 震旦行|其他電子|19 35 25|92 99 1 3|0.9 5
2374 佳能|光電業|-21 -17 -37|79 93 2 0|1.2 11
2375 凱美|電子零組|-22 -18 6|84 84 -7 21|0.3 28
2376 技嘉|電腦及週|39 12 19|94 94 83 141|1.3 5241
2377 微星|電腦及週|-13 -12 6|95 95 23 51|0.8 872
2379 瑞昱|半導體業|-14 -19 -4|93 93 1 36|0.7 899
2382 廣達|電腦及週|-4 -1 -13|100 100 83 131|1.3 8003
2383 台光電|電子零組|-10 -12 1|98 98 33 41|0.9 1003
2385 群光|電子零組|-14 -11 -8|100 100 11 22|1.2 357
2387 精元|電腦及週|33 21 15|92 92 -1 11|0.5 27
2388 威盛|半導體業|2 8 -10|85 85 -4 17|0.8 751
2390 云辰|其他電子|20 8 -1|74 97 5 2|0.8 6
2392 正崴|電子零組|-26 -13 -20|97 97 2 15|1.3 53
2393 億光|光電業|-20 -13 8|100 100 27 40|1.2 119
2395 研華|電腦及週|4 9 -4|98 98 10 23|0.9 407
2397 友通|電腦及週|8 -2 -4|97 97 15 35|0.9 16
2399 映泰|電腦及週|21 14 26|100 100 43 72|0.6 207
2401 凌陽|半導體業|-24 -33 4|92 92 15 26|0.9 137
2402 毅嘉|電子零組|25 20 -2|92 92 22 83|0.6 245
2404 漢唐|其他電子|70 154 21|91 91 4 18|0.9 254
2405 輔信|電腦及週|-13 -6 5|91 97 20 26|2.8 70
2406 國碩|光電業|-59 -44 -16|79 87 -9 -3|0.8 20
2408 南亞科|半導體業|-63 -66 -6|93 93 14 42|1.2 904
2409 友達|光電業|-1 -14 23|92 92 1 27|1.2 628
2412 中華電|通信網路|2 2 -1|95 95 1 9|1.3 1021
2413 環科|電子零組|-20 8 -24|79 79 -4 25|0.3 47
2417 圓剛|電腦及週|-24 -17 -1|85 85 -7 -2|0.4 7
2419 仲琦|通信網路|11 18 -25|100 100 13 33|6.9 32
2420 新巨|電子零組|-29 -24 -13|99 99 5 17|0.6 9
2421 建準|電子零組|0 12 5|100 100 77 103|0.5 1197
2423 固緯|其他電子|13 18 8|95 95 19 39|0.5 23
2425 承啟|電腦及週|-9 -5 6|99 99 27 40|1.0 260
2426 鼎元|光電業|-16 -18 8|94 94 -3 9|0.7 9
2427 三商電|資訊服務|-26 -16 -23|92 92 79 131|2.9 296
2428 興勤|電子零組|-1 1 3|99 99 6 39|0.9 98
2430 燦坤|電子通路|-15 -16 -6|93 93 2 15|0.6 6
2431 聯昌|電子零組|-53 -48 -15|94 94 13 19|0.6 9
2436 偉詮電|半導體業|6 -11 20|89 89 8 30|0.4 118
2439 美律|通信網路|10 15 1|97 97 8 20|0.9 106
2441 超豐|半導體業|-21 -27 6|90 99 8 23|0.9 45
2442 新美齊|建材營造|163 168 145|89 89 19 37|0.4 35
2444 兆勁|通信網路|-4 -9 -10|56 62 -29 -39|0.7 8
2449 京元電子|半導體業|-17 -19 -16|99 99 17 56|1.2 676
2450 神腦|通信網路|7 -2 -1|100 100 7 20|0.9 11
2451 創見|半導體業|-18 -19 1|99 99 7 19|0.9 70
2453 凌群|資訊服務|39 16 11|87 87 1 174|0.5 385
2454 聯發科|半導體業|-39 -38 -21|96 96 -2 16|0.7 4375
2455 全新|通信網路|-2 -26 14|93 93 31 81|0.5 597
2457 飛宏|電子零組|11 5 -4|91 91 28 84|0.3 1773
2458 義隆|半導體業|-31 -33 6|83 94 2 23|0.6 151
2460 建通|電子零組|-28 -31 6|91 91 22 36|0.6 17
2461 光群雷|其他電子|-21 -22 -15|95 95 7 28|0.5 30
2462 良得電|電子零組|-26 -22 -10|91 91 8 14|3.7 33
2464 盟立|其他電子|-32 -17 -15|93 96 1 0|1.0 8
2465 麗臺|電腦及週|-39 -20 17|81 81 -10 -7|0.4 11
2467 志聖|電子零組|-32 -36 -24|93 93 8 20|0.4 23
2468 華經|資訊服務|133 54 33|97 97 71 56|0.5 71
2471 資通|資訊服務|-5 -0 -4|85 85 19 117|0.1 129
2472 立隆電|電子零組|-20 -20 -9|86 86 -5 12|0.4 15
2474 可成|其他電子|33 25 37|95 95 -2 11|2.0 377
2476 鉅祥|電子零組|-10 -6 -6|83 85 -13 7|0.4 28
2478 大毅|電子零組|-7 -15 8|96 96 7 15|1.0 9
2480 敦陽科|資訊服務|25 14 8|95 95 24 45|0.3 109
2481 強茂|半導體業|-0 -5 9|96 96 -2 14|0.8 145
2482 連宇|其他電子|15 86 -49|91 91 13 174|0.4 666
2483 百容|電子零組|-15 -20 -6|87 92 5 15|0.6 10
2484 希華|電子零組|-40 -35 -18|86 89 -5 5|0.2 29
2485 兆赫|通信網路|32 15 2|100 100 6 24|1.9 30
2486 一詮|光電業|-18 -18 1|97 97 56 106|0.6 357
2488 漢平|其他電子|-31 -38 -43|99 99 5 14|0.9 6
2489 瑞軒|光電業|-9 -11 16|97 97 45 51|0.7 89
2492 華新科|電子零組|-18 -20 0|86 86 -0 23|0.6 229
2493 揚博|電子零組|-6 -0 -10|93 93 22 52|0.8 22
2495 普安|電腦及週|-30 -0 -31|86 86 6 9|0.6 74
2497 怡利電|汽車工業|23 17 -15|77 86 -8 -2|0.4 61
2498 宏達電|通信網路|18 27 35|83 83 -8 2|0.6 429
2501 國建|建材營造|-19 61 -58|93 93 -4 8|0.9 14
2504 國產|建材營造|13 4 -1|100 100 6 19|1.2 114
2515 中工|建材營造|110 61 51|96 96 20 34|0.3 216
2520 冠德|建材營造|17 -11 -18|94 98 0 7|1.0 21
2528 皇普|建材營造|110 -30 -83|92 92 31 68|0.5 14
2530 華建|建材營造|-99 -99 -16899|94 94 32 41|0.5 23
2534 宏盛|建材營造|-60 -54 -102|84 90 -4 -5|1.6 17
2535 達欣工|建材營造|-8 -14 -19|99 99 7 20|0.4 13
2536 宏普|建材營造|-11 71 37|100 100 10 21|1.6 10
2538 基泰|建材營造|-67 -21 -54|89 96 3 9|0.6 6
2539 櫻花建|建材營造|-71 na na|98 98 13 30|0.8 19
2540 愛山林|建材營造|108 91 80|80 92 4 8|1.2 33
2542 興富發|建材營造|904 331 249|95 98 4 7|0.5 89
2545 皇翔|建材營造|-59 -75 -47|95 95 0 12|1.6 21
2546 根基|建材營造|66 41 -17|98 98 8 44|0.4 8
2548 華固|建材營造|-86 26 -64|98 98 5 11|0.7 52
2597 潤弘|建材營造|3 -3 -16|90 90 -7 -4|1.4 10
2603 長榮|航運業|-61 -61 -38|61 98 8 4|3.7 5698
2605 新興|航運業|-11 11 9|76 76 -16 1|0.8 55
2606 裕民|航運業|0 -3 3|77 77 -13 -4|1.0 203
2607 榮運|航運業|-16 -12 -70|82 99 4 2|1.3 51
2608 嘉里大榮|航運業|-7 -9 -2|91 99 3 4|0.6 6
2609 陽明|航運業|-66 -67 -34|66 91 -0 -4|2.0 1381
2610 華航|航運業|18 21 13|94 94 34 40|1.3 3004
2611 志信|航運業|-19 -22 4|72 87 -1 -3|0.6 13
2612 中航|航運業|-17 -15 -20|90 90 4 1|0.9 13
2614 東森|其他|4 -3 -5|61 73 -4 -20|0.7 24
2615 萬海|航運業|-67 -66 -28|55 68 -14 -26|1.1 496
2617 台航|航運業|4 10 -6|89 89 -1 13|0.7 28
2618 長榮航|航運業|40 43 9|96 96 47 44|1.4 5639
2630 亞航|航運業|38 42 17|95 95 247 290|0.6 654
2633 台灣高鐵|航運業|123 69 -32|97 97 7 12|0.7 114
2634 漢翔|航運業|52 56 9|92 92 43 80|0.5 1523
2636 台驊控股|航運業|-58 -60 -5|84 95 -2 8|0.9 44
2637 慧洋-KY|航運業|-38 -37 -30|70 77 -15 -16|0.8 169
2640 大車隊|數位雲端|23 21 -3|83 83 3 41|0.7 28
2641 正德|航運業|-6 -15 -7|83 86 -9 5|0.8 15
2643 捷迅|航運業|-42 -52 -41|97 97 3 13|0.7 9
2645 長榮航太|航運業|11 15 -8|na na 13 na|0.6 214
2701 萬企|觀光餐旅|48 30 11|93 93 12 18|0.5 28
2702 華園|觀光餐旅|5 15 -32|93 93 17 21|1.4 41
2704 國賓|觀光餐旅|44 4 -21|95 95 50 68|1.8 62
2705 六福|觀光餐旅|267 138 -2|92 92 42 48|1.2 243
2706 第一店|觀光餐旅|51 48 11|93 93 23 29|0.6 83
2707 晶華|觀光餐旅|73 43 5|83 83 -4 6|1.2 776
2712 遠雄來|觀光餐旅|306 164 -110|97 97 17 26|0.7 26
2719 燦星旅|觀光餐旅|1284 1503 422|82 82 79 163|1.1 43
2722 夏都|觀光餐旅|57 21 -253|90 90 100 201|0.5 267
2723 美食-KY|觀光餐旅|13 19 13|87 87 2 5|0.4 118
2727 王品|觀光餐旅|65 47 19|86 86 1 101|0.4 771
2729 瓦城|觀光餐旅|79 48 14|96 96 19 54|0.6 75
2731 雄獅|觀光餐旅|1165 866 408|90 90 17 80|0.4 827
2732 六角|觀光餐旅|9 1 -4|89 89 -3 47|0.4 129
2734 易飛網|觀光餐旅|421 499 60|90 90 94 150|1.9 126
2736 富野|觀光餐旅|178 70 -62|88 88 91 126|1.5 189
2739 寒舍|觀光餐旅|197 102 -16|82 82 18 129|0.8 90
2743 山富|觀光餐旅|1329 1473 284|100 100 185 213|0.2 104
2745 五福|觀光餐旅|5833 3633 2053|96 96 172 200|1.6 62
2748 雲品|觀光餐旅|103 35 -56|78 78 4 62|0.9 960
2753 八方雲集|觀光餐旅|4 6 -7|72 72 -4 -6|0.5 190
2754 亞洲藏壽司|觀光餐旅|78 43 -170|88 88 29 47|0.5 117
2755 揚秦|觀光餐旅|16 14 -7|100 100 26 131|1.8 16
2801 彰銀|金融保險|23 18 -5|99 99 8 8|0.8 269
2809 京城銀|金融保險|11 204 162|99 99 6 7|0.7 66
2812 台中銀|金融保險|16 16 1|100 100 10 19|1.1 61
2820 華票|金融保險|96 79 83|93 98 3 6|1.2 8
2832 台產|金融保險|24 20 26|99 99 11 12|0.9 7
2834 臺企銀|金融保險|17 23 -2|96 96 8 10|0.7 171
2838 聯邦銀|金融保險|17 35 26|98 98 6 3|1.0 14
2845 遠東銀|金融保險|3 11 -7|100 100 8 8|2.1 80
2850 新產|金融保險|9 6 2|94 100 11 15|0.9 10
2851 中再保|金融保險|-8 -6 -2|81 98 21 17|0.6 43
2855 統一證|金融保險|67 49 -189|98 98 11 12|0.6 20
2880 華南金|金融保險|8 2 -6|94 94 0 -2|0.7 156
2881 富邦金|金融保險|-24 -49 22|98 98 7 8|0.9 777
2882 國泰金|金融保險|18 -25 23|89 97 6 10|0.8 761
2883 凱基金|金融保險|-60 -70 -1|87 93 -1 -1|0.8 356
2884 玉山金|金融保險|-3 20 18|92 98 5 9|0.9 364
2885 元大金|金融保險|3 -3 11|97 97 7 10|1.4 530
2886 兆豐金|金融保險|25 28 22|99 99 17 25|1.2 649
2887 台新新光金|金融保險|37 21 16|99 99 15 26|0.9 303
2889 國票金|金融保險|2 5 31|84 88 -3 7|0.8 42
2890 永豐金|金融保險|16 9 5|95 98 5 5|0.9 252
2891 中信金|金融保險|-12 -31 17|99 99 15 15|0.9 700
2892 第一金|金融保險|-5 -3 -14|98 98 5 5|1.0 327
2897 王道銀行|金融保險|18 20 -20|99 99 6 23|0.7 40
2903 遠百|貿易百貨|26 12 1|98 98 6 12|1.6 29
2905 三商|貿易百貨|306 66 30|81 90 -1 1|1.2 6
2906 高林|貿易百貨|-51 -24 -16|90 93 8 9|5.1 11
2908 特力|貿易百貨|-13 -6 8|98 100 4 10|0.6 6
2912 統一超|貿易百貨|12 10 -3|97 97 5 5|0.9 241
2913 農林|貿易百貨|6 7 -2|92 92 7 5|1.0 260
2915 潤泰全|貿易百貨|-4 6 1|82 88 6 -7|0.6 135
2916 滿心|居家生活|60 39 -36|99 99 60 120|0.7 18
3002 歐格|電腦及週|-29 -14 -21|91 91 15 21|1.8 7
3003 健和興|電子零組|-15 -10 -3|94 94 19 22|0.9 187
3004 豐達科|鋼鐵工業|20 63 1|77 77 10 27|0.2 54
3005 神基|電腦及週|-1 40 18|91 91 22 66|1.2 387
3006 晶豪科|半導體業|-34 -41 5|86 86 3 24|0.4 430
3008 大立光|光電業|-17 -12 -14|89 89 -3 -1|0.6 948
3010 華立|電子通路|-10 -18 -9|94 99 1 6|2.0 55
3011 今皓|電子零組|-14 -18 5|95 95 39 87|1.5 63
3013 晟銘電|電腦及週|29 19 -10|100 100 44 61|1.3 375
3014 聯陽|半導體業|23 8 34|96 96 35 66|0.7 213
3015 全漢|電子零組|-0 2 10|98 98 12 37|1.1 33
3016 嘉晶|半導體業|-29 -29 -23|70 83 -7 -7|0.7 45
3017 奇鋐|電腦及週|10 10 -4|100 100 91 152|0.9 3446
3019 亞光|光電業|-10 -9 2|91 91 0 7|1.0 80
3022 威強電|電腦及週|30 45 1|88 88 5 18|0.5 241
3023 信邦|電子零組|17 18 -5|99 99 9 35|0.8 164
3024 憶聲|光電業|45 0 -4|96 96 5 16|1.0 30
3025 星通|通信網路|-6 22 28|100 100 67 127|1.2 526
3026 禾伸堂|電子零組|-10 -13 -1|99 99 7 20|0.6 20
3027 盛達|通信網路|292 138 89|100 100 20 62|1.0 414
3028 增你強|電子通路|-22 -29 -6|98 98 8 24|0.8 33
3029 零壹|資訊服務|5 9 3|90 90 11 63|0.2 149
3030 德律|其他電子|-49 -36 -24|98 99 2 2|0.6 35
3031 佰鴻|光電業|-44 -22 -13|90 90 12 36|0.4 9
3032 偉訓|電子零組|41 38 35|91 91 47 106|1.2 483
3033 威健|電子通路|6 0 2|97 97 12 27|1.2 187
3034 聯詠|半導體業|-7 -17 18|91 91 3 43|1.1 1834
3035 智原|半導體業|-14 -9 -33|100 100 12 38|1.9 2427
3036 文曄|電子通路|-13 -14 -26|94 99 1 10|1.1 54
3037 欣興|電子零組|-29 -24 -34|93 93 19 46|0.6 3783
3038 全台|光電業|6 10 -2|100 100 68 103|2.6 296
3041 揚智|半導體業|-61 -51 -21|74 82 -12 -6|0.9 13
3042 晶技|電子零組|-31 -32 -12|96 96 6 15|2.3 177
3043 科風|其他電子|37 56 9|81 81 5 39|0.8 15
3044 健鼎|電子零組|-18 -15 -7|96 96 10 35|0.9 414
3045 台灣大|通信網路|5 6 -2|94 95 -1 6|1.6 471
3046 建碁|電腦及週|104 148 80|94 94 39 102|0.2 533
3047 訊舟|通信網路|-38 -31 -28|83 91 -5 2|0.8 34
3048 益登|電子通路|-19 -16 -14|91 96 -1 4|0.5 9
3049 精金|光電業|-35 -22 17|95 95 8 16|2.3 32
3050 鈺德|光電業|24 5 -5|92 93 5 -5|1.1 6
3051 力特|光電業|-35 -35 -13|90 100 2 16|1.9 20
3055 蔚華科|電子通路|10 -16 21|92 92 35 59|1.0 104
3056 富華新|建材營造|1 347 -8488|87 87 -2 44|1.0 165
3058 立德|電子零組|-18 -3 1|86 86 86 175|0.7 185
3059 華晶科|光電業|-40 -19 -44|89 94 -3 3|0.5 50
3062 建漢|通信網路|-47 2 -57|71 89 -6 -5|0.7 47
3071 協禧|電腦及週|-15 0 -7|97 97 31 43|0.6 79
3078 僑威|電子零組|125 87 79|92 92 89 183|0.9 1407
3081 聯亞|通信網路|-70 -48 -78|56 73 -26 -9|0.4 83
3083 網龍|文化創意|-22 -14 -13|95 95 14 12|5.7 34
3086 華義*|文化創意|-10 -8 26|82 91 11 1|5.6 8
3088 艾訊|電腦及週|10 9 -9|92 92 5 41|0.3 50
3089 億杰|電子零組|-39 -53 14|100 100 125 116|4.2 7
3090 日電貿|電子零組|-10 -18 -6|98 98 -2 11|1.4 28
3092 鴻碩|電子零組|-52 -52 -27|80 95 11 18|1.1 27
3093 港建*|其他電子|-1 -24 -23|88 88 -1 45|0.7 11
3094 聯傑|半導體業|-12 -11 -14|91 91 0 38|0.2 28
3105 穩懋|半導體業|-25 -39 4|81 85 -8 20|0.7 573
3128 昇銳|光電業|20 -10 -25|85 93 11 3|3.8 54
3131 弘塑|半導體業|-4 -0 6|94 94 80 147|1.4 757
3138 耀登|通信網路|-1 6 -17|84 84 -5 14|0.3 27
3141 晶宏|半導體業|-49 -38 -9|69 85 -3 28|0.7 110
3147 大綜|資訊服務|18 8 26|94 94 20 48|0.4 46
3149 正達|光電業|-22 -13 -3|61 71 -24 -27|0.7 9
3152 璟德|通信網路|-8 -14 19|89 89 -10 21|0.6 17
3162 精確|電機機械|112 105 -32|84 84 -10 6|0.5 106
3163 波若威|通信網路|-35 -33 -46|96 96 15 27|0.9 186
3169 亞信|半導體業|-24 -38 -11|86 86 0 24|0.3 57
3178 公準|半導體業|38 19 5|94 94 28 58|0.3 82
3189 景碩|半導體業|-40 -38 -28|79 98 0 9|0.6 400
3202 樺晟|電子零組|-9 5 12|98 98 34 43|1.4 50
3205 佰研|生技醫療|-15 -7 5|68 96 28 25|3.2 17
3206 志豐|電子零組|-26 -12 -1|99 99 25 30|1.8 9
3207 耀勝|電子零組|3 17 -9|97 97 38 98|4.9 273
3209 全科|電子通路|-7 17 -6|88 88 1 16|0.5 30
3211 順達|電腦及週|6 5 5|97 97 4 16|0.5 23
3213 茂訊|電腦及週|-1 -5 -14|97 97 17 38|1.5 19
3217 優群|電子零組|13 5 20|93 93 18 63|1.1 513
3218 大學光|生技醫療|29 28 -3|97 97 9 54|0.9 140
3221 台嘉碩|通信網路|-65 -40 -27|75 96 1 18|0.6 11
3224 三顧|電子通路|7 -27 -1|80 80 -6 15|0.2 19
3227 原相|半導體業|-23 -17 16|94 94 3 11|0.8 47
3228 金麗科|半導體業|-31 -1 21|37 79 -16 -13|0.7 86
3231 緯創|電腦及週|-15 -8 -11|100 100 118 202|1.2 9505
3232 昱捷|電子通路|27 11 -18|74 89 -5 -6|0.5 19
3234 光環|通信網路|-49 -46 -7|83 93 -5 5|1.8 8
3236 千如|電子零組|-26 -24 -31|88 88 -7 7|0.3 10
3252 海灣|觀光餐旅|-6 3 -17|91 91 35 38|0.8 85
3257 虹冠電|半導體業|106 50 82|99 99 38 68|2.3 29
3260 威剛|半導體業|-13 -20 -2|96 96 23 57|1.9 1086
3264 欣銓|半導體業|-4 -2 -16|98 98 15 33|1.3 468
3265 台星科|半導體業|-22 -18 -22|98 98 22 54|0.4 172
3272 東碩|電腦及週|-38 -23 -75|73 80 -17 -2|0.2 12
3287 廣寰科|電腦及週|48 19 32|95 95 83 85|3.6 31
3289 宜特|其他電子|9 6 -9|100 100 10 27|1.9 268
3290 東浦|電子零組|17 40 23|89 89 -7 23|0.4 40
3293 鈊象|文化創意|16 15 5|98 98 8 53|1.5 849
3294 英濟|電子零組|39 37 30|86 95 -1 12|0.5 7
3296 勝德|電子零組|-60 -47 -19|90 94 -2 9|0.7 7
3305 昇貿|其他電子|-31 -38 -11|87 93 9 33|0.5 51
3306 鼎天|通信網路|26 25 26|91 91 41 61|2.2 66
3308 聯德|電子零組|225 205 113|88 88 147 190|0.7 81
3310 佳穎|電子零組|4 -2 -12|100 100 28 109|1.5 9
3312 弘憶股|電子通路|-16 -30 -13|96 96 6 30|0.5 20
3317 尼克森|半導體業|-17 -18 1|79 86 -8 -2|0.5 10
3322 建舜電|電子零組|8 -2 23|84 84 -10 5|0.5 10
3323 加百裕|電腦及週|43 -2 11|96 98 6 7|0.5 12
3324 雙鴻|其他電子|-18 -9 1|99 99 37 101|0.6 1852
3325 旭品|電腦及週|47 77 72|93 93 123 151|1.2 133
3338 泰碩|電子零組|-33 -31 -12|94 94 3 54|0.4 45
3346 麗清|汽車工業|141 67 28|99 99 13 28|1.3 193
3356 奇偶|光電業|14 -1 -9|100 100 40 41|5.4 318
3357 臺慶科|電子零組|-26 -23 -1|89 89 -7 29|0.7 7
3360 尚立|電子通路|47 14 11|97 97 4 9|0.6 6
3362 先進光|光電業|-8 -6 4|82 82 -1 44|0.6 383
3363 上詮|通信網路|-28 -30 -0|87 87 65 85|0.4 424
3372 典範|半導體業|-33 -48 4|93 98 13 23|2.2 6
3374 精材|半導體業|-38 -37 -26|98 100 22 31|1.6 573
3376 新日興|電子零組|-15 -24 -14|95 96 4 12|0.6 27
3380 明泰|通信網路|4 14 -16|100 100 18 42|2.2 203
3388 崇越電|電子零組|-29 -28 -8|95 100 2 3|3.2 5
3402 漢科|其他電子|-8 -9 -30|97 97 2 18|0.5 8
3406 玉晶光|光電業|-9 -13 -16|88 94 1 8|0.6 724
3413 京鼎|半導體業|9 11 -7|92 96 3 9|1.8 128
3416 融程電|電腦及週|-7 6 -7|97 97 14 42|0.6 25
3419 譁裕|通信網路|-37 -18 -40|87 87 4 9|0.3 24
3430 奇鈦科|化學工業|-24 -34 -22|na 96 7 18|0.6 6
3434 哲固|光電業|8 -19 -3|91 99 6 25|4.5 8
3438 類比科|半導體業|-18 -28 16|94 94 8 37|0.3 22
3441 聯一光電|光電業|-29 -39 -11|85 85 -3 11|0.4 18
3443 創意|半導體業|25 28 -26|94 94 54 116|0.6 5952
3444 利機|電子通路|-4 -21 2|90 90 16 10|0.4 49
3447 展達|通信網路|-62 -18 -76|na 84 -3 37|3.8 15
3450 聯鈞|半導體業|-33 -25 -11|84 94 -1 7|3.0 10
3454 晶睿|光電業|38 20 -61|72 72 -17 5|1.6 382
3455 由田|光電業|-54 -36 -36|88 88 -9 5|0.6 23
3466 德晉|通信網路|27 206 39|78 78 -6 1|0.5 9
3479 安勤|電腦及週|6 19 -30|85 85 25 68|0.4 195
3481 群創|光電業|4 -13 22|92 92 6 43|1.3 1080
3483 力致|電腦及週|3 7 16|100 100 23 67|1.5 298
3484 崧騰|電子零組|-47 -46 -13|77 90 7 5|0.2 7
3491 昇達科|通信網路|-30 11 7|89 89 -1 24|0.9 117
3498 陽程|其他電子|349 159 64|90 90 25 20|1.4 58
3499 環天科|通信網路|-13 -19 4|84 84 -5 12|0.3 8
3501 維熹|電子零組|-15 -4 -6|97 97 5 12|0.4 14
3504 揚明光|光電業|-49 -19 -8|68 85 -12 2|0.5 66
3508 位速|其他電子|-9 -29 -6|66 77 -11 -14|0.4 12
3511 矽瑪|電子零組|-49 -41 -37|86 95 -2 8|0.9 14
3515 華擎|電腦及週|-8 2 12|97 97 65 73|1.7 1032
3518 柏騰|其他電子|-3 -29 15|100 100 56 89|2.4 33
3520 華盈|電子零組|-15 -3 -29|71 76 -13 -7|0.3 8
3521 台鋼建設|建材營造|194 95 64|81 90 2 11|0.3 12
3522 御嵿|觀光餐旅|108 39 -128|95 96 58 80|0.5 5
3526 凡甲|電子零組|11 11 21|99 99 19 39|0.7 27
3527 聚積|半導體業|-38 -44 -4|81 84 -10 7|1.0 17
3528 安馳|電子通路|8 11 -0|84 84 3 19|1.0 12
3529 力旺|半導體業|9 -4 -25|94 94 20 62|0.6 951
3530 晶相光|半導體業|-20 -38 12|82 85 -7 6|0.8 6
3532 台勝科|半導體業|-16 -9 -28|82 98 2 16|0.8 342
3533 嘉澤|電子零組|-17 -12 -24|89 89 -7 7|1.1 1068
3535 晶彩科|光電業|-80 -79 -83|72 83 -9 -5|0.7 5
3537 堡達|電子零組|-7 12 28|98 98 7 14|0.6 6
3540 曜越|電腦及週|52 74 47|92 92 46 88|0.3 55
3541 西柏|其他電子|-32 -32 -26|85 86 -8 3|0.4 7
3545 敦泰|半導體業|4 4 37|86 86 1 39|0.3 147
3546 宇峻|文化創意|-37 -21 -7|94 94 14 22|2.1 56
3548 兆利|電子零組|50 30 39|94 94 13 32|0.5 39
3551 世禾|綠能環保|-4 -1 -8|96 96 12 20|0.5 8
3552 同致|其他電子|15 13 0|74 88 -6 4|0.5 85
3556 禾瑞亞|半導體業|-31 -18 11|99 99 6 22|0.8 8
3557 嘉威|居家生活|-23 -15 -3|92 92 2 39|1.2 12
3558 神準|通信網路|-7 32 -45|71 71 -24 23|0.8 301
3563 牧德|光電業|12 1 20|100 100 28 83|1.6 154
3564 其陽|通信網路|-25 -23 -36|93 93 23 60|1.5 43
3570 大塚|資訊服務|-2 12 -13|82 82 20 55|0.3 10
3576 聯合再生|光電業|-45 -8 -25|83 88 -7 -3|0.7 112
3580 友威科|其他電子|-36 10 -22|75 86 -3 -8|1.9 10
3583 辛耘|半導體業|21 29 8|97 97 86 121|1.2 719
3587 閎康|其他電子|43 35 10|95 95 23 49|1.0 219
3588 通嘉|半導體業|-49 -52 -2|56 74 -15 -5|0.6 14
3591 艾笛森|光電業|1 3 8|100 100 24 74|0.8 49
3592 瑞鼎|半導體業|-35 -44 -3|81 81 -13 22|1.2 253
3594 磐儀|電腦及週|5 9 -11|91 91 17 108|0.4 69
3596 智易|通信網路|-3 15 -11|92 100 15 26|2.1 266
3605 宏致|電子零組|-19 -25 -9|77 84 -6 -8|0.6 6
3607 谷崧|電子零組|-8 4 23|97 97 14 31|1.0 8
3611 鼎翰|電腦及週|6 3 -11|98 98 4 30|0.6 20
3615 安可|光電業|7 -17 -1|98 98 30 34|0.8 10
3617 碩天|其他電子|23 9 -16|94 94 80 130|0.7 424
3622 洋華|光電業|-16 -27 -23|99 99 15 30|0.8 11
3624 光頡|電子零組|-23 -21 -4|80 80 -13 56|0.3 108
3625 西勝|電腦及週|-50 -52 3|82 85 14 23|0.8 12
3628 盈正|其他電子|36 27 9|91 91 13 24|0.5 14
3630 新鉅科|光電業|-5 -31 7|87 87 14 17|0.6 42
3645 達邁|電子零組|-28 -38 7|67 94 11 15|0.6 15
3646 艾恩特|電子零組|-13 -10 -4|80 80 5 26|0.4 8
3652 精聯|電腦及週|46 9 7|91 91 17 68|0.6 42
3653 健策|電子零組|3 5 -23|97 97 35 71|1.1 895
3661 世芯-KY|半導體業|171 185 91|97 97 52 122|0.6 5606
3663 鑫科|其他電子|-43 -27 -1|84 84 5 9|0.2 7
3664 安瑞-KY|通信網路|20 28 -3|84 84 85 203|1.1 17
3665 貿聯-KY|其他電子|-5 -0 -52|95 99 16 29|3.4 609
3673 TPK-KY|光電業|-26 -28 -19|98 98 29 50|0.8 212
3675 德微|半導體業|-21 -21 -13|90 90 5 90|0.4 268
3679 新至陞|電子零組|-10 32 31|96 97 2 4|0.5 9
3680 家登|半導體業|9 20 -14|100 100 18 75|1.0 844
3687 歐買尬|數位雲端|1 -1 -1|89 94 31 27|6.4 100
3689 湧德|電子零組|-15 -9 -1|97 97 15 33|0.9 19
3691 碩禾|光電業|-69 -59 -21|61 80 -16 -3|0.9 25
3693 營邦|電腦及週|43 73 -13|97 97 157 185|1.4 1412
3694 海華|通信網路|7 9 14|98 98 25 49|1.0 19
3701 大眾控|電腦及週|6 13 -0|85 85 21 61|0.5 134
3702 大聯大|電子通路|-20 -25 -10|100 100 9 16|0.7 172
3703 欣陸|建材營造|-13 -15 -12|95 97 2 13|1.8 52
3704 合勤控|通信網路|8 36 1|100 100 25 35|1.9 147
3705 永信|生技醫療|-13 -17 -3|91 91 5 4|0.5 23
3706 神達|電腦及週|-23 -2 -13|95 95 28 23|1.8 703
3707 漢磊|半導體業|-10 -15 -19|67 84 -7 -5|0.6 334
3708 上緯投控|綠能環保|-32 -28 -12|75 86 -6 4|0.9 63
3710 連展投控|電子零組|-6 -11 5|64 85 -9 1|0.9 10
3711 日月光投控|半導體業|-14 -12 -18|93 93 6 25|1.6 2545
3712 永崴投控|電腦及週|6 -3 -7|88 88 -3 30|0.2 35
3714 富采|光電業|-21 -30 7|93 93 -2 11|0.6 149
3715 定穎投控|電子零組|na na na|na 89 18 63|0.6 248
4102 永日|生技醫療|-8 32 2|75 75 9 -15|0.5 15
4104 佳醫|生技醫療|19 22 7|100 100 24 50|2.4 39
4105 東洋|生技醫療|17 8 -6|97 97 3 0|2.1 44
4106 雃博|生技醫療|22 21 2|99 99 34 28|7.7 13
4107 邦特|生技醫療|-4 0 -7|92 95 2 4|1.0 10
4108 懷特|生技醫療|12 9 23|98 98 24 23|1.2 18
4111 濟生|生技醫療|-6 -9 -10|83 83 6 13|0.7 11
4113 聯上|建材營造|24266 23181 17458|100 100 13 48|1.2 5
4114 健喬|生技醫療|17 26 -7|84 84 -3 -11|0.5 109
4116 明基醫|生技醫療|-14 -2 -62|72 92 2 -6|0.8 9
4119 旭富|生技醫療|81 97 16|89 89 1 27|0.6 24
4121 優盛|生技醫療|-18 -8 -11|89 89 35 33|2.2 42
4123 晟德|生技醫療|40 60 -41|100 100 21 20|1.2 162
4126 太醫|生技醫療|15 14 -9|96 96 5 19|0.6 24
4128 中天|生技醫療|-21 -15 -4|80 92 -5 4|1.0 103
4129 聯合|生技醫療|35 29 -0|92 92 37 51|0.7 202
4130 健亞|生技醫療|41 38 22|77 82 13 -14|1.0 26
4133 亞諾法|生技醫療|-14 -7 -3|79 89 1 -3|1.0 5
4137 麗豐-KY|生技醫療|60 115 97|86 86 -4 -3|0.9 120
4138 曜亞|生技醫療|57 50 9|100 100 81 118|1.6 81
4142 國光生|生技醫療|-90 148 -91|84 84 -4 6|0.6 28
4147 中裕|生技醫療|-3 25 -86|80 80 15 56|0.9 363
4148 全宇生技-KY|生技醫療|26 6 -45|83 85 -7 13|0.9 5
4153 鈺緯|生技醫療|7 8 -27|74 74 -6 33|0.5 9
4155 訊映|生技醫療|-35 -36 -30|98 98 8 42|4.5 42
4157 太景*-KY|生技醫療|10393 3547 1787|85 99 19 11|5.0 25
4161 聿新科|生技醫療|24 33 15|95 95 37 41|2.7 16
4162 智擎|生技醫療|15 4 -1|67 74 -12 -15|0.8 72
4163 鐿鈦|生技醫療|-7 12 -15|93 93 11 33|0.3 46
4164 承業醫|生技醫療|-12 20 -8|96 96 6 62|1.8 70
4167 松瑞藥|生技醫療|-46 -46 -20|66 69 -2 -27|2.4 13
4168 醣聯|生技醫療|58 -47 na|72 92 1 1|1.7 14
4171 瑞基|農業科技|-91 -76 -9|64 75 -13 -2|0.8 7
4173 久裕|生技醫療|12 12 2|95 95 26 29|0.6 16
4174 浩鼎|生技醫療|41 90 na|87 100 19 36|2.1 32
4175 杏一|生技醫療|-17 -7 -11|80 80 38 66|2.9 30
4190 佐登-KY|生技醫療|35 32 13|78 78 -13 4|0.4 32
4207 環泰|食品工業|33 15 1|99 99 24 34|1.2 21
4306 炎洲|塑膠工業|-23 -25 -3|91 91 -3 10|0.6 13
4417 金洲|紡織纖維|-22 20 -33|98 98 6 12|1.1 7
4438 廣越|紡織纖維|8 2 -28|85 98 10 6|0.8 12
4440 宜新實業|紡織纖維|-40 -39 -7|83 92 -3 4|0.4 6
4503 金雨|電機機械|11 53 -2|100 100 53 100|1.9 96
4506 崇友|電機機械|31 10 4|99 99 9 17|1.1 5
4510 高鋒|電機機械|13 -6 4|93 93 54 74|2.0 39
4523 永彰|電機機械|12 3 11|94 94 22 19|0.9 12
4526 東台|電機機械|-19 -12 -6|98 98 15 34|4.5 12
4532 瑞智|電機機械|-20 -24 3|100 100 14 31|5.0 10
4533 協易機|電機機械|101 109 71|100 100 173 194|0.9 208
4536 拓凱|運動休閒|12 11 -18|78 78 -9 0|0.6 100
4538 大詠城|電機機械|1 -15 -33|90 90 25 39|6.4 15
4541 晟田|其他|-8 -16 -28|90 90 32 56|0.2 64
4543 萬在|電機機械|5 8 7|94 94 113 156|2.8 299
4549 桓達|電機機械|1 28 8|99 99 26 37|1.2 10
4551 智伸科|汽車工業|-6 -17 -14|90 100 9 9|1.9 89
4552 力達-KY|電機機械|5 22 23|90 90 6 10|0.5 11
4557 永新-KY|汽車工業|-3 4 -40|84 94 4 13|1.1 10
4563 百德|電機機械|-12 -16 -22|100 100 53 66|8.7 9
4564 元翎|電機機械|-4 -25 7|94 94 27 32|0.9 142
4566 時碩工業|電機機械|2 -10 -18|90 90 18 18|1.1 75
4572 駐龍|電機機械|37 34 -18|92 92 29 55|0.6 175
4580 捷流閥業|電機機械|5 5 3|99 99 8 23|0.9 7
4581 光隆精密-KY|汽車工業|13 29 15|90 90 47 81|0.8 20
4583 台灣精銳|電機機械|-8 -18 -12|99 99 6 26|3.7 6
4721 美琪瑪|化學工業|-61 -60 -43|71 85 -8 -6|0.6 33
4726 永昕|生技醫療|37 4 0|84 99 8 15|1.1 46
4728 雙美|生技醫療|6 43 -29|78 78 63 75|1.3 25
4736 泰博|生技醫療|-61 -54 -55|83 92 0 7|0.7 45
4739 康普|化學工業|-50 -46 -35|65 86 -8 -6|0.5 46
4741 泓瀚|化學工業|40 0 -8|88 88 34 41|0.2 7
4743 合一|生技醫療|9 9 -929|83 85 -9 4|0.9 491
4744 皇將|生技醫療|-33 72 64|95 95 32 54|0.7 69
4746 台耀|生技醫療|38 20 -6|95 95 22 20|3.1 198
4747 強生製藥|生技醫療|32 38 9|100 100 149 193|2.2 171
4755 三福化|化學工業|-20 -22 -8|81 93 6 19|0.4 63
4763 材料*-KY|化學工業|120 115 28|92 92 65 198|1.1 2088
4766 南寶|化學工業|-7 -11 -22|96 96 18 30|0.6 37
4768 晶呈科技|化學工業|-33 -5 -57|85 96 8 22|0.6 43
4770 上品|化學工業|39 9 -36|84 93 7 10|0.5 177
4904 遠傳|通信網路|5 4 1|93 96 4 19|1.7 563
4906 正文|通信網路|13 45 4|100 100 12 29|2.6 178
4908 前鼎|通信網路|-21 -11 -0|96 96 33 37|2.7 27
4911 德英|生技醫療|482 513 62|95 95 28 61|0.6 10
4915 致伸|電子零組|-19 -17 -17|93 99 8 18|1.6 186
4916 事欣科|電腦及週|66 48 -9|89 89 30 63|1.3 219
4919 新唐|半導體業|-20 -18 -8|80 81 -13 7|0.6 464
4927 泰鼎-KY|電子零組|-20 -18 -4|91 97 7 16|0.5 63
4930 燦星網|電器電纜|-37 -33 -2|88 88 -3 6|0.4 6
4931 新盛力|電腦及週|-34 -7 -62|81 88 -1 -6|0.3 51
4934 太極|光電業|3 54 -31|92 92 5 23|0.9 38
4935 茂林-KY|光電業|7 -7 5|91 96 -1 3|0.7 6
4938 和碩|電腦及週|-3 9 5|94 94 7 17|1.3 637
4942 嘉彰|光電業|-17 -31 -5|100 100 10 17|1.3 5
4945 陞達科技|半導體業|-44 -47 -4|87 93 27 34|0.8 6
4950 金耘國際|鋼鐵工業|-23 -53 27|60 70 -0 -31|0.1 83
4951 精拓科|半導體業|-33 -34 -6|na 90 37 55|0.6 30
4952 凌通|半導體業|-39 -41 -1|83 96 -1 19|2.5 17
4953 緯致|資訊服務|10 10 -10|87 87 -2 38|0.3 93
4958 臻鼎-KY|電子零組|-28 -31 -30|87 94 -3 2|1.0 377
4960 誠美材|光電業|-9 -21 7|88 88 -9 15|0.4 31
4961 天鈺|半導體業|-19 -26 6|82 82 -9 33|0.5 349
4966 譜瑞-KY|半導體業|-52 -51 -20|84 89 6 35|0.7 966
4967 十銓|半導體業|121 199 155|89 89 6 141|1.3 656
4968 立積|半導體業|-20 -23 -6|93 93 45 62|0.4 915
4971 IET-KY|半導體業|-42 -49 -36|82 83 -12 13|0.4 6
4973 廣穎電通|半導體業|27 16 7|100 100 20 52|1.3 45
4974 亞泰|電子零組|-3 -6 -9|96 96 1 24|0.8 23
4976 佳凌|光電業|-27 -16 -1|82 82 -15 13|0.7 25
4977 眾達-KY|通信網路|-37 3 -39|70 70 -20 -11|0.5 325
4979 華星光|通信網路|105 74 -31|100 100 105 123|1.3 2308
4994 傳奇|資訊服務|-12 -16 20|94 94 5 23|5.9 25
4995 晶達|光電業|10 -21 -11|91 91 -9 31|0.5 6
5009 榮剛|鋼鐵工業|16 18 -12|96 96 16 72|0.6 758
5011 久陽|鋼鐵工業|-7 -19 -27|88 93 -2 11|0.5 9
5014 建錩|鋼鐵工業|-36 -22 -11|81 81 -10 -7|0.7 5
5015 華祺|鋼鐵工業|-37 -40 -26|69 83 -9 -9|2.0 8
5201 凱衛|資訊服務|40 3 -2|92 92 28 24|0.8 7
5203 訊連|資訊服務|2 2 -9|81 81 -11 11|0.4 23
5209 新鼎|其他|163 152 71|93 93 84 153|0.2 52
5211 蒙恬|資訊服務|-16 -8 -18|76 76 -13 37|0.1 7
5213 亞昕|建材營造|-86 -45 -113|94 94 5 18|0.8 5
5222 全訊|半導體業|28 32 1|83 83 -1 32|0.3 230
5225 東科-KY|其他電子|-12 -17 -30|92 92 16 39|0.6 48
5227 立凱-KY|電子零組|138 161 1|86 86 6 5|0.3 24
5234 達興材料|光電業|-2 -7 15|99 99 33 64|0.9 61
5236 凌陽創新|半導體業|-13 -27 13|91 91 17 56|0.5 39
5243 乙盛-KY|光電業|3 11 -6|88 88 19 35|0.3 344
5258 虹堡|電腦及週|30 29 -21|90 90 22 65|0.7 940
5263 智崴|文化創意|-3 7 -6|87 87 2 2|0.9 31
5269 祥碩|半導體業|-5 21 29|79 79 -8 50|1.0 666
5274 信驊|半導體業|-52 -50 -53|92 92 7 55|1.0 1305
5284 jpp-KY|其他|56 46 -2|86 86 28 108|0.2 243
5285 界霖|半導體業|-32 -24 -11|82 82 -13 24|1.0 27
5287 數字|數位雲端|8 11 -3|95 95 4 9|1.5 6
5288 豐祥-KY|電機機械|-3 -2 -27|93 93 4 19|1.2 12
5289 宜鼎|電腦及週|-29 -25 -10|91 91 10 78|0.7 572
5299 杰力|半導體業|-38 -35 4|80 91 0 17|0.6 17
5301 寶得利|觀光餐旅|466 444 289|82 82 60 58|0.8 15
5306 桂盟|運動休閒|-39 -31 -10|92 99 8 12|2.4 45
5309 系統電|電子零組|-12 -7 -30|88 88 -3 5|0.4 80
5310 天剛|資訊服務|-76 55 47|80 80 13 1|0.6 5
5312 寶島科|生技醫療|44 24 -3|94 94 34 50|0.7 26
5315 光聯|光電業|-9 -5 -3|92 92 -3 23|0.8 9
5321 美而快|數位雲端|-6 19 4|79 79 6 47|0.2 29
5324 士開|建材營造|27 47 0|90 90 21 28|0.4 11
5328 華容|電子零組|10 6 1|87 87 24 41|0.3 19
5340 建榮|電子零組|-32 -37 -23|82 82 12 109|0.9 132
5347 世界|半導體業|-41 -37 -24|87 87 -8 8|1.2 347
5351 鈺創|半導體業|-44 -52 0|72 86 -7 9|0.5 134
5353 台林|通信網路|5 33 5|78 78 -9 49|0.3 45
5356 協益|電腦及週|-10 -17 -7|100 100 47 58|1.0 13
5371 中光電|光電業|-27 -17 -3|88 88 7 39|0.5 135
5381 光譜|電機機械|775 549 423|93 93 57 250|0.8 21
5386 青雲|電腦及週|-28 -54 -17|88 88 44 57|0.7 120
5388 中磊|通信網路|9 11 -28|99 99 16 44|3.3 384
5392 能率|光電業|-6 -13 3|95 97 4 11|2.0 8
5403 中菲|資訊服務|15 24 10|94 94 21 53|0.3 25
5410 國眾|資訊服務|-8 1 -93|87 87 -4 2|0.4 10
5425 台半|半導體業|-5 -7 -15|84 84 -4 30|0.7 640
5426 振發|電腦及週|-35 -30 -40|91 91 24 12|2.7 49
5434 崇越|電子通路|-12 -7 -18|96 96 1 17|1.3 107
5439 高技|電子零組|62 43 31|97 97 28 79|1.0 221
5443 均豪|半導體業|-27 -34 -30|97 97 14 17|0.5 42
5452 佶優|其他電子|-14 -25 -1|96 96 12 63|3.0 7
5457 宣德|電子零組|-11 -16 -9|80 89 -5 3|0.7 24
5464 霖宏|電子零組|-55 -20 -6|91 91 11 25|0.3 15
5465 富驊|電腦及週|32 33 31|89 89 112 190|1.4 532
5469 瀚宇博|電子零組|-7 -4 11|99 99 36 52|1.9 204
5471 松翰|半導體業|-32 -41 7|79 90 -6 -6|0.7 9
5474 聰泰|電腦及週|-48 -37 -9|88 88 19 54|1.2 87
5475 德宏|電子零組|-10 -4 38|83 83 -12 33|0.4 7
5478 智冠|文化創意|4 7 4|92 92 18 42|2.4 102
5483 中美晶|半導體業|-3 5 -10|96 96 5 14|1.0 567
5498 凱崴|電子零組|-33 -27 -9|94 94 16 16|0.4 16
5508 永信建|建材營造|262 127 113|100 100 19 25|1.4 13
5511 德昌|建材營造|31 40 9|100 100 116 138|0.4 85
5512 力麒|建材營造|7 19 5|90 90 3 20|0.7 31
5519 隆大|建材營造|-1 105 -14|100 100 4 11|0.7 6
5522 遠雄|建材營造|-94 -61 -24|99 99 13 11|0.5 41
5530 龍巖|其他|-2 5 -0|84 91 -7 -3|1.4 11
5531 鄉林|建材營造|-10 619 478|83 83 21 19|0.5 33
5533 皇鼎|建材營造|296 48 -201|98 98 9 11|2.8 8
5534 長虹|建材營造|-13 -39 -406|97 97 2 11|0.8 30
5536 聖暉*|其他電子|4 7 -25|72 97 14 51|0.6 43
5607 遠雄港|航運業|-12 -15 -18|87 87 -1 29|1.1 59
5608 四維航|航運業|-51 -51 -32|66 74 -13 -13|0.7 43
5609 中菲行|航運業|-54 -56 -25|100 100 8 33|2.7 38
5703 亞都麗緻|觀光餐旅|123 127 26|88 88 59 80|0.9 19
5704 老爺知|觀光餐旅|22 12 -145|90 90 13 40|2.5 83
5706 鳳凰|觀光餐旅|2013 1805 1021|91 91 74 84|0.6 1542
5864 致和證|金融業|888 396 329|100 100 94 162|1.0 56
5871 中租-KY|其他|15 13 -5|85 85 -10 -7|0.8 655
5876 上海商銀|金融保險|23 12 -10|87 95 -2 4|0.7 183
5880 合庫金|金融保險|9 32 18|99 99 7 8|1.1 185
5904 寶雅|居家生活|27 18 -1|96 96 5 31|0.9 178
5905 南仁湖|觀光餐旅|88 36 -30|93 93 15 20|0.7 41
5906 台南-KY|貿易百貨|53 45 -18|100 100 149 195|1.0 19
6005 群益證|金融保險|10 52 53|95 95 19 29|0.6 85
6015 宏遠證|金融業|193 75 31|95 95 12 17|0.7 22
6016 康和證|金融業|189 41 -26|97 97 30 43|1.2 57
6024 群益期|金融保險|-54 -32 -33|96 96 6 20|1.0 24
6026 福邦證|金融業|-1 105 139|96 96 27 32|0.5 35
6101 寬魚國際|文化創意|71252 24539 14505|77 77 -15 52|0.7 27
6104 創惟|半導體業|-29 -38 2|60 88 -4 28|0.5 200
6109 亞元|通信網路|-3 -12 -16|84 84 -11 9|0.5 7
6111 光聚晶電|文化創意|108 133 -99|89 89 68 63|3.0 651
6112 邁達特|資訊服務|22 24 13|99 99 81 123|0.5 320
6114 久威|電子零組|-45 -30 4|87 94 16 18|0.8 8
6115 鎰勝|電子零組|-15 -15 -2|100 100 4 10|0.7 7
6116 彩晶|光電業|-37 -29 6|94 94 4 22|1.6 312
6117 迎廣|電腦及週|-6 -18 -10|84 100 23 33|2.2 7
6118 建達|電子通路|-21 -9 -5|66 74 -12 -11|0.4 19
6120 達運|光電業|54 7 38|96 96 44 72|2.1 37
6121 新普|電腦及週|-15 -16 -10|99 99 5 18|0.9 176
6122 擎邦|電機機械|252 161 87|100 100 48 172|0.5 242
6123 上奇|資訊服務|-7 5 -13|97 97 7 34|0.4 9
6124 業強|電子零組|-5 -7 9|100 100 71 76|4.6 24
6125 廣運|電機機械|31 29 -5|100 100 140 176|1.7 941
6126 信音|電子零組|3 -7 1|100 100 36 51|2.0 27
6127 九豪|電子零組|12 -6 20|91 91 28 43|0.4 20
6128 上福|電腦及週|-18 -17 -17|97 97 -2 19|0.7 8
6129 普誠|半導體業|-26 -10 -19|76 84 -7 8|0.4 41
6133 金橋|電子零組|-41 -23 -35|60 71 -29 -23|0.4 15
6134 萬旭|電子零組|-11 -5 -3|82 82 -9 7|0.1 7
6138 茂達|半導體業|-41 -38 -5|91 91 -1 35|0.4 151
6139 亞翔|其他電子|17 17 -22|91 91 32 65|0.6 185
6140 訊達電腦|資訊服務|-24 -10 -14|86 86 0 22|0.2 7
6142 友勁|通信網路|44 49 -25|91 91 7 35|1.3 20
6143 振曜|通信網路|44 38 5|83 83 -16 30|0.6 190
6146 耕興|其他電子|-10 0 -7|93 93 -3 15|0.8 98
6147 頎邦|半導體業|-16 -22 1|96 96 0 18|0.6 229
6148 驊宏資|資訊服務|1206 456 334|96 96 168 309|1.3 306
6150 撼訊|電腦及週|44 -4 43|93 93 4 8|0.6 113
6153 嘉聯益|電子零組|27 4 -2|89 100 10 10|5.1 33
6156 松上|電子零組|-30 -26 -6|88 88 -3 4|0.4 6
6160 欣技|電腦及週|-24 43 31|78 78 12 74|0.2 103
6161 捷波|電腦及週|-16 -27 2|100 100 20 61|0.9 51
6163 華電網|資訊服務|-32 -14 -29|73 73 2 40|0.2 35
6164 華興|光電業|-17 -18 -1|91 91 9 30|0.8 10
6165 浪凡|數位雲端|-6 -5 -6|93 93 7 20|1.3 19
6166 凌華|電腦及週|27 19 -1|99 99 21 47|2.1 113
6167 久正|光電業|-11 -12 -9|88 88 26 52|0.2 30
6168 宏齊|光電業|-31 -36 -7|92 92 -6 37|0.6 14
6170 統振|通信網路|-55 -33 1|96 96 4 20|1.1 6
6173 信昌電|電子零組|-19 -24 12|96 96 13 28|0.4 20
6175 立敦|電子零組|-1 -6 12|93 93 2 19|0.3 10
6176 瑞儀|光電業|28 9 2|95 95 9 12|2.0 389
6177 達麗|建材營造|-61 -81 -140|97 97 0 9|0.6 9
6179 亞通|其他|7 53 43|96 96 22 53|1.4 55
6180 橘子|文化創意|-18 -6 1|89 89 11 26|2.3 168
6182 合晶|半導體業|-14 -13 -20|88 95 -1 13|1.6 144
6185 幃翔|電子零組|34 45 18|75 75 32 65|1.1 74
6186 新潤|建材營造|na na na|96 96 7 34|0.5 6
6187 萬潤|半導體業|-63 -67 -24|97 97 34 40|1.1 203
6188 廣明|電腦及週|-12 -1 -10|96 96 29 86|3.0 657
6189 豐藝|電子通路|-15 -16 6|99 99 7 18|1.0 16
6190 萬泰科|通信網路|-35 -31 -22|87 99 15 23|1.3 80
6191 精成科|電子零組|4 4 13|98 98 38 66|1.8 157
6192 巨路|其他電子|-1 11 7|99 99 9 18|0.5 7
6194 育富|電子零組|-14 14 28|89 89 27 27|0.4 20
6196 帆宣|其他電子|24 27 -18|94 94 7 20|0.8 117
6197 佳必琪|電子零組|-7 13 2|96 96 46 72|1.7 61
6198 瑞築|建材營造|na na na|85 85 92 107|2.5 26
6202 盛群|半導體業|-56 -58 -13|80 88 -8 2|1.0 89
6203 海韻電|電子零組|58 51 66|93 93 74 106|2.0 161
6205 詮欣|電子零組|-26 -28 -30|73 73 -11 1|0.5 110
6206 飛捷|電腦及週|-39 -46 -20|75 97 -2 12|0.8 14
6207 雷科|電子零組|-48 -20 3|98 98 10 17|1.1 7
6208 日揚|半導體業|20 10 -11|94 94 -2 10|0.8 6
6209 今國光|光電業|-27 -26 -14|86 86 9 14|0.2 20
6213 聯茂|電子零組|-30 -25 -3|83 83 -12 -3|0.6 74
6214 精誠|資訊服務|21 13 -3|98 98 46 67|0.8 265
6215 和椿|其他電子|-51 -45 -13|89 89 11 49|0.4 26
6216 居易|通信網路|-29 -40 -7|88 100 5 13|1.6 6
6217 中探針|電子零組|-39 -23 -16|74 94 5 9|1.7 55
6218 豪勉|通信網路|10 78 38|88 88 45 49|0.2 54
6219 富旺|建材營造|-91 35 76|91 97 18 21|1.6 14
6220 岳豐|電子零組|-9 -18 -3|79 98 6 12|1.0 17
6223 旺矽|半導體業|9 6 -3|98 98 29 54|0.5 602
6224 聚鼎|電子零組|-6 -10 5|87 91 -6 9|0.6 6
6226 光鼎|光電業|-28 -22 -13|82 91 -8 9|0.6 5
6227 茂綸|電子通路|-12 0 -2|86 86 -9 12|0.6 9
6230 尼得科超眾|電腦及週|1 10 -4|86 86 5 33|0.5 12
6231 系微|資訊服務|-12 -11 -5|76 76 -13 29|0.2 49
6233 旺玖|半導體業|-12 -7 -1|92 92 6 35|0.4 18
6234 高僑|光電業|50 81 53|80 80 31 47|0.1 43
6235 華孚|電腦及週|52 60 6|93 93 120 337|0.1 2328
6237 驊訊|半導體業|-50 -48 2|67 79 -12 -6|0.5 11
6239 力成|半導體業|-28 -24 -10|100 100 15 32|0.9 296
6242 立康|生技醫療|-15 22 -83|97 97 28 60|1.0 6
6243 迅杰|半導體業|13 38 41|98 98 52 95|1.4 108
6244 茂迪|光電業|-27 -6 -6|82 82 -6 25|0.4 198
6245 立端|通信網路|-32 2 -25|80 80 -6 13|0.4 365
6248 沛波|鋼鐵工業|60 46 -4|85 85 16 38|0.2 18
6257 矽格|半導體業|-31 -28 -20|97 97 -1 15|0.9 77
6261 久元|半導體業|-32 -37 -10|98 98 -1 14|0.7 10
6263 普萊德|通信網路|35 25 2|99 99 16 56|1.5 14
6266 泰詠|電子零組|67 66 19|99 99 36 90|0.4 84
6269 台郡|電子零組|10 13 2|87 94 -2 -2|0.7 139
6270 倍微|電子通路|-15 -25 -24|92 92 4 20|1.6 8
6271 同欣電|半導體業|-18 -20 -12|68 75 -8 -6|0.7 461
6274 台燿|電子零組|-19 -23 -1|90 90 14 54|0.7 386
6275 元山|電子零組|-14 -6 6|95 95 15 43|0.8 27
6276 安鈦克|電腦及週|-13 -12 6|100 100 160 256|4.3 86
6277 宏正|電腦及週|2 7 -1|98 98 6 14|0.6 20
6278 台表科|光電業|-17 -22 -3|94 96 4 9|0.5 117
6279 胡連|電子零組|20 23 -12|92 95 16 13|0.9 350
6282 康舒|電子零組|-31 -24 -23|96 96 29 65|0.6 1363
6284 佳邦|電子零組|-8 1 6|91 91 1 12|0.5 15
6285 啟碁|通信網路|32 39 -8|92 92 -8 16|1.4 765
6288 聯嘉|汽車工業|17 19 7|92 92 7 47|0.3 149
6290 良維|電子零組|-6 -12 -4|79 79 -11 12|0.7 110
6291 沛亨|半導體業|53 29 -2|88 88 81 159|0.7 32
6409 旭隼|其他電子|-7 -0 -21|95 95 11 24|1.2 255
6411 晶焱|半導體業|-15 -28 14|85 85 -7 33|0.5 64
6412 群電|電子零組|-10 -14 -7|96 96 18 36|0.7 44
6414 樺漢|電腦及週|25 24 -10|95 95 4 39|1.2 369
6415 矽力*-KY|半導體業|-48 -47 -24|59 59 -21 -13|1.0 1196
6416 瑞祺電通|通信網路|-8 -10 -15|85 85 -15 10|0.6 47
6417 韋僑|通信網路|27 24 -0|68 68 -4 41|0.5 99
6435 大中|半導體業|-39 -30 1|69 91 -2 2|0.3 7
6438 迅得|其他電子|10 20 -1|100 100 20 42|0.5 113
6441 廣錠|電腦及週|159 98 85|89 89 8 32|0.6 93
6443 元晶|光電業|49 31 -4|84 90 -8 9|0.4 163
6446 藥華藥|生技醫療|20 60 -354|56 66 -22 -32|0.6 634
6451 訊芯-KY|半導體業|-11 15 -35|100 100 32 15|6.5 16
6456 GIS-KY|光電業|-19 -30 -15|80 82 -7 -18|0.8 122
6461 益得|生技醫療|-10 40 75|76 89 14 -4|0.2 11
6462 神盾|半導體業|30 -3 -10|99 99 26 74|2.2 59
6469 大樹|生技醫療|-6 6 -13|87 87 5 32|1.6 197
6470 宇智|通信網路|-18 -9 -48|100 100 35 59|3.5 160
6472 保瑞|生技醫療|116 153 -70|92 92 1 101|1.2 1233
6477 安集|光電業|-2 -20 -66|86 89 4 15|0.2 53
6485 點序|半導體業|-7 -18 4|97 97 11 67|0.8 266
6486 互動|通信網路|13 33 19|99 99 13 31|1.6 13
6488 環球晶|半導體業|-1 8 -6|91 91 -3 14|0.7 513
6491 晶碩|生技醫療|29 11 3|75 75 -14 -15|0.5 167
6494 九齊|半導體業|-38 -34 8|63 84 -11 -8|0.7 8
6504 南六|其他|7 14 9|92 94 2 9|1.0 7
6505 台塑化|油電燃氣|-33 -24 -39|89 95 1 7|0.9 124
6508 惠光|農業科技|-49 -45 -43|78 94 -3 6|0.7 5
6509 聚和|化學工業|-11 -9 -14|91 91 -2 14|0.5 39
6510 精測|半導體業|-42 -34 -26|93 93 2 18|1.1 207
6515 穎崴|半導體業|43 18 -50|92 92 7 89|0.8 973
6516 勤崴國際|資訊服務|-16 25 -16|99 99 24 35|0.7 12
6517 保勝光學|光電業|-22 -19 -32|na 57 -10 64|0.5 126
6523 達爾膚|生技醫療|26 37 40|84 84 18 30|0.2 32
6525 捷敏-KY|半導體業|-26 -13 -10|97 97 2 11|0.9 15
6527 明達醫|生技醫療|15 19 -8|84 84 7 62|0.6 13
6531 愛普*|半導體業|-17 -30 11|89 89 0 81|0.5 1360
6532 瑞耘|半導體業|49 31 1|93 93 24 29|0.6 71
6533 晶心科|半導體業|-2 2 -32|80 80 -7 -7|0.5 604
6535 順藥|生技醫療|17155 5777 3096|93 93 48 60|0.9 76
6538 倉和|電子零組|30 25 6|90 90 31 55|0.2 25
6541 泰福-KY|生技醫療|649 1034 na|35 53 -16 -35|0.8 7
6546 正基|通信網路|-49 -48 -14|62 97 3 28|1.8 75
6547 高端疫苗|生技醫療|-100 -100 -27|40 80 8 -14|0.5 82
6548 長科*|半導體業|-19 -20 -14|48 94 10 46|0.5 62
6550 北極星藥業-KY|生技醫療|-67 -51 17|37 77 -17 -9|0.9 214
6556 勝品|光電業|-12 -12 -15|65 65 -23 10|1.6 14
6558 興能高|其他電子|-28 92 81|84 84 4 29|0.5 14
6561 是方|通信網路|0 5 -4|90 90 0 30|1.0 24
6568 宏觀|半導體業|-50 -20 -44|79 82 -3 -9|0.3 29
6569 醫揚|生技醫療|-6 -15 -25|91 91 27 42|0.6 17
6570 維田|電腦及週|3 12 -11|100 100 26 62|0.5 46
6576 逸達|生技醫療|-100 -97 -5746|63 65 -30 -9|1.4 29
6577 勁豐|電腦及週|175 81 61|83 83 78 96|2.1 74
6579 研揚|電腦及週|-8 -5 -18|91 91 30 52|0.7 123
6585 鼎基|其他|24 1 -3|95 100 21 52|4.3 5
6589 台康生技|生技醫療|-56 -46 -28|71 85 -7 -7|1.0 150
6590 普鴻|資訊服務|24 28 7|84 84 33 80|0.2 8
6591 動力-KY|電腦及週|-23 -27 4|96 96 7 26|0.8 16
6592 和潤企業|其他|30 28 0|100 100 24 48|0.9 180
6593 台灣銘板|資訊服務|22 17 22|99 99 21 72|3.7 8
6596 寬宏藝術|文化創意|401 148 -13024|84 84 32 38|1.3 72
6603 富強鑫|電機機械|-23 -23 -17|85 89 -5 -3|0.5 10
6605 帝寶|汽車工業|21 10 -3|100 100 28 66|0.9 92
6609 瀧澤科|電機機械|-7 -20 -25|82 82 -6 9|0.8 7
6612 奈米醫材|生技醫療|25 33 7|89 89 31 104|0.3 43
6613 朋億*|其他電子|40 26 -3|65 97 8 22|1.5 13
6625 必應|其他|245 379 24|96 96 186 248|0.2 215
6643 M31|半導體業|18 26 -8|98 98 61 84|0.5 482
6664 群翊|電子零組|5 -0 -16|94 94 22 45|0.9 80
6667 信紘科|其他電子|1 9 -17|94 94 19 35|0.5 21
6668 中揚光|光電業|-39 -33 -26|89 90 -2 9|1.2 10
6669 緯穎|電腦及週|-23 4 -45|100 100 31 73|1.0 2512
6670 復盛應用|運動休閒|-42 -32 -54|88 88 -4 5|1.0 100
6672 騰輝電子-KY|電子零組|-12 -22 11|100 100 11 27|1.1 61
6679 鈺太|半導體業|-32 -36 5|92 92 8 36|0.7 168
6680 鑫創電子|電腦及週|55 36 -1|94 94 41 65|0.4 5
6683 雍智科技|半導體業|-12 -8 -8|91 96 11 22|1.2 86
6689 伊雲谷|數位雲端|5 9 12|na 92 15 80|0.2 162
6690 安碁資訊|數位雲端|10 12 -43|79 79 -2 57|0.2 19
6691 洋基工程|其他電子|43 35 -4|100 100 24 73|1.1 250
6695 芯鼎|半導體業|-24 -9 9|na 91 6 11|1.6 18
6697 東捷資訊|資訊服務|0 -3 -9|94 94 81 109|0.8 19
6698 旭暉應材|其他電子|-11 -12 -37|86 86 -9 26|0.4 9
6703 軒郁|生技醫療|45 62 20|90 90 81 135|0.5 39
6706 惠特|光電業|-69 -74 -12|61 75 -16 -7|0.6 21
6712 長聖|生技醫療|1 9 -5|84 92 3 10|0.3 96
6715 嘉基|電子零組|-41 -25 -43|79 79 -19 5|0.2 24
6719 力智|半導體業|-57 -58 -23|61 80 -7 14|0.5 343
6732 昇佳電子|半導體業|0 -15 20|77 77 -3 51|0.7 172
6733 博晟生醫|生技醫療|1393 583 234|99 99 48 119|0.8 58
6741 91APP*-KY|數位雲端|13 13 1|91 91 30 41|0.8 169
6743 安普新|其他電子|-39 -13 6|89 89 25 95|1.2 149
6747 亨泰光|生技醫療|-14 -2 -10|87 87 -4 31|0.8 37
6751 智聯服務|資訊服務|31 26 6|73 73 8 133|0.2 16
6752 叡揚|資訊服務|8 20 -2|80 80 14 149|0.1 44
6753 龍德造船|航運業|-44 21 -78|na na -10 na|0.3 78
6756 威鋒電子|半導體業|-32 -44 -2|78 89 -3 16|0.5 67
6763 綠界科技*|數位雲端|9 8 4|86 86 13 39|0.1 36
6767 台微醫|生技醫療|44 47 -3|94 94 23 53|0.7 7
6768 志強-KY|運動休閒|-22 -6 -97|77 99 4 1|1.6 10
6770 力積電|半導體業|-50 -48 -28|63 88 -6 -4|0.6 319
6776 展碁國際|電子通路|15 2 6|92 92 15 62|0.4 29
6781 AES-KY|電子零組|-40 -34 -38|69 94 13 19|1.4 532
6782 視陽|生技醫療|-15 -20 -38|na 57 -18 -30|0.5 67
6788 華景電|半導體業|-40 -15 -33|97 97 1 53|2.1 116
6789 采鈺|半導體業|-31 -30 -7|na 95 15 32|0.8 554
6790 永豐實|造紙工業|3 12 4|100 100 12 17|1.3 12
6791 虎門科技|資訊服務|15 14 -0|na 80 45 152|0.5 16
6796 晉弘|生技醫療|51 25 18|74 92 2 41|1.4 11
6799 來頡|半導體業|-16 -25 -13|78 78 -5 58|0.3 121
6803 崑鼎|綠能環保|8 14 -3|98 98 19 30|0.5 10
6806 森崴能源|綠能環保|36 39 8|97 97 32 43|0.4 364
6811 宏碁資訊|數位雲端|-10 7 -7|na 80 9 82|0.2 87
6829 千附精密|半導體業|-30 -32 -11|83 83 54 73|0.1 113
6830 汎銓|其他電子|26 25 8|na 94 30 86|1.1 170
6835 圓裕|電子零組|-43 -22 -12|na 92 7 27|0.4 9
6841 長佳智能|生技醫療|38 47 -334|na na -8 na|2.1 50
6843 進典|電機機械|37 38 -9|na 87 -4 49|0.3 11
6854 錼創科技-KY創|半導體業|198 101 40|na 94 19 8|2.0 13
6859 伯特光|光電業|1 3 -13|na 81 -10 6|0.4 8
6861 睿生光電|生技醫療|-5 -5 -4|na na -18 na|0.2 7
6863 永道-KY|通信網路|11 8 na|na na -11 na|0.6 53
6869 雲豹能源|綠能環保|-60 -44 -613|na na 5 na|0.5 21
6873 泓德能源|綠能環保|208 82 5|na na -11 na|0.6 13
6874 倍力|資訊服務|11 5 -40|na 72 4 207|0.3 78
7402 邑錡|光電業|4 -9 -6|93 93 15 119|3.0 142
8011 台通|通信網路|-4 10 12|92 92 26 29|0.4 25
8016 矽創|半導體業|-4 -12 20|93 93 0 36|1.1 227
8021 尖點|其他電子|-34 -35 -11|93 93 3 3|0.5 20
8027 鈦昇|電機機械|-71 -71 -47|81 93 12 16|0.6 69
8028 昇陽半導體|半導體業|42 30 12|85 94 3 5|0.4 121
8033 雷虎|其他|4 -11 -13|87 87 19 68|0.3 208
8034 榮群|通信網路|1256 450 280|86 86 43 42|2.9 43
8038 長園科|電子零組|158 1088 376|85 85 27 38|0.2 72
8039 台虹|電子零組|-2 -20 -2|99 99 3 6|0.5 7
8040 九暘|半導體業|-43 -36 -31|75 85 -7 -10|0.4 11
8043 蜜望實|電子零組|-12 -8 9|89 89 -0 14|0.5 6
8044 網家|數位雲端|-18 -16 -5|71 73 -17 -1|0.8 21
8046 南電|電子零組|-36 -23 -28|91 91 0 19|0.6 1576
8048 德勝|通信網路|90 90 43|100 100 82 104|2.7 140
8049 晶采|光電業|14 7 -16|98 98 -1 32|1.1 19
8050 廣積|電腦及週|30 13 -16|100 100 7 9|2.5 207
8054 安國|半導體業|19 15 -7|86 96 2 13|0.6 24
8059 凱碩|通信網路|-88 -34 -1|86 86 27 64|0.5 18
8064 東捷|光電業|-23 -16 -15|99 99 6 22|1.1 22
8069 元太|光電業|-4 -1 -49|91 93 25 37|1.2 2295
8070 長華*|電子通路|-28 -27 -14|94 94 2 18|0.3 35
8072 陞泰|電子通路|-17 -16 -1|91 98 14 14|4.1 8
8076 伍豐|電腦及週|-11 -13 -11|95 95 34 40|0.8 208
8081 致新|半導體業|-12 -21 5|95 95 8 37|0.9 90
8083 瑞穎|電機機械|-42 -48 -6|88 95 5 -3|0.8 8
8084 巨虹|電子通路|-39 -8 -41|56 63 -28 -26|0.2 14
8085 福華|其他電子|-28 11 6|100 100 150 154|1.0 85
8086 宏捷科|半導體業|0 -24 25|96 96 6 35|0.6 148
8087 麗升能源|綠能環保|209 86 -114|95 95 55 100|1.2 23
8088 品安|半導體業|-2 -9 -6|99 99 22 58|0.7 123
8091 翔名|半導體業|19 -0 -9|88 88 9 14|0.2 49
8097 常珵|通信網路|-81 -93 -346|70 89 18 -5|0.2 47
8099 大世科|資訊服務|17 -1 -6|92 92 51 52|0.2 46
8104 錸寶|光電業|-16 18 -24|93 93 4 21|2.1 7
8105 凌巨|光電業|-14 -9 -5|95 95 9 26|1.6 74
8109 博大|電子零組|19 17 -9|97 97 8 14|0.5 9
8110 華東|半導體業|-28 -22 -18|100 100 6 23|1.3 19
8111 立碁|光電業|3 -2 15|83 83 -2 35|0.4 9
8112 至上|電子通路|-21 -31 2|96 96 10 36|1.2 176
8114 振樺電|電腦及週|-2 -10 -24|70 93 5 9|0.8 60
8121 越峰|電子零組|-30 -23 -13|90 90 6 14|0.2 14
8131 福懋科|半導體業|-32 -29 -23|98 98 -2 13|0.9 18
8147 正淩|電子零組|-28 -28 -27|83 83 -1 19|2.3 66
8150 南茂|半導體業|-23 -23 4|88 95 3 20|1.6 130
8155 博智|電子零組|-31 -27 -20|85 85 9 27|0.3 216
8163 達方|電腦及週|-4 -12 -7|97 97 5 24|1.1 36
8171 天宇|綠能環保|-14 -25 -63|79 79 -18 11|0.6 58
8183 精星|其他電子|-4 5 -33|77 89 -2 -1|0.4 24
8201 無敵|其他電子|18 -12 5|94 94 22 54|0.8 8
8210 勤誠|電腦及週|-3 10 2|100 100 109 132|2.7 1336
8213 志超|電子零組|-15 -28 8|97 97 2 16|2.6 58
8215 明基材|光電業|15 9 13|97 97 8 18|0.7 103
8222 寶一|電機機械|53 64 22|94 94 59 134|0.4 425
8227 巨有科技|半導體業|82 9 -47|na 84 -3 83|0.6 91
8234 新漢|電腦及週|-7 -21 -24|95 95 25 68|1.1 186
8240 華宏|光電業|-9 -23 4|100 100 14 14|0.6 5
8249 菱光|電子零組|3 -2 -16|99 99 9 24|1.2 7
8255 朋程|電機機械|26 23 3|87 87 -12 8|0.8 161
8261 富鼎|半導體業|-42 -36 -8|85 91 2 -0|0.4 79
8271 宇瞻|半導體業|-8 -10 -5|100 100 25 57|1.1 134
8277 商丞|半導體業|-26 -17 -27|97 97 29 57|2.2 16
8289 泰藝|電子零組|-37 -28 -15|81 81 -8 11|0.4 14
8299 群聯|半導體業|-37 -40 -13|96 96 14 34|0.9 662
8341 日友|綠能環保|-5 -15 -12|77 88 -4 -9|0.8 49
8349 恒耀國際|鋼鐵工業|29 20 7|83 94 2 13|0.7 20
8358 金居|電子零組|-36 -27 -1|90 90 3 20|1.4 350
8383 千附|半導體業|-43 -27 -26|89 89 -0 11|0.2 12
8390 金益鼎|綠能環保|-2 0 -7|92 92 14 17|0.2 16
8403 盛弘|生技醫療|-13 -17 -15|88 88 19 21|1.3 56
8410 森田|電腦及週|14 -1 6|100 100 65 65|0.6 7
8415 大國鋼|鋼鐵工業|-4 -6 -14|91 92 -1 -5|0.7 7
8420 明揚|運動休閒|17 23 -13|92 92 6 35|0.9 41
8422 可寧衛*|綠能環保|24 1 -55|98 98 13 20|1.1 57
8426 紅木-KY|其他|150 123 58|83 83 68 139|0.5 61
8431 匯鑽科|其他電子|-21 -23 2|94 94 0 32|0.9 12
8433 弘帆|居家生活|22 6 5|91 91 16 33|0.7 16
8436 大江|生技醫療|5 10 11|76 76 -11 15|0.3 99
8440 綠電|綠能環保|1 -4 -1|64 85 -6 -5|0.2 10
8442 威宏-KY|其他|-15 -6 -43|86 86 -8 5|0.4 6
8446 華研|文化創意|31 48 23|74 74 35 47|1.1 265
8454 富邦媒|數位雲端|4 7 -5|76 76 -21 16|0.7 360
8462 柏文|運動休閒|34 19 -3575|99 99 9 33|0.6 13
8464 億豐|居家生活|-19 -14 -5|94 94 3 23|0.8 116
8476 台境*|綠能環保|-49 -48 -265|92 92 9 34|0.6 13
8478 東哥遊艇|運動休閒|45 15 -3|92 92 11 102|0.5 1676
8905 裕國|其他|61 89 41|86 86 24 42|0.4 22
8916 光隆|其他|3 -13 -29|87 98 2 5|0.9 22
8924 大田|運動休閒|-57 -59 -49|77 77 -19 -7|0.5 35
8926 台汽電|油電燃氣|225 90 63|97 97 36 84|0.8 225
8927 北基|油電燃氣|19 10 -8|97 97 18 36|0.5 38
8930 青鋼|鋼鐵工業|11 2 -1|93 93 30 34|0.5 12
8931 大汽電|油電燃氣|31 31 -29|77 77 -18 65|0.5 19
8932 智通*|數位雲端|25 6 25|88 88 38 31|1.4 31
8933 愛地雅|運動休閒|-4 -7 -18|45 68 -12 -25|0.6 8
8936 國統|其他|18 1 18|100 100 21 49|2.3 71
8938 明安|運動休閒|-42 -30 -43|74 74 -19 -8|0.5 35
8940 新天地|觀光餐旅|229 119 -80|90 90 37 100|0.4 44
8942 森鉅|其他|-2 10 10|99 99 18 30|2.5 29
8996 高力|電機機械|117 96 33|100 100 50 103|1.2 1098
9802 鈺齊-KY|運動休閒|-15 -2 -42|70 84 4 -11|1.5 188
9904 寶成|運動休閒|-3 -3 -18|91 91 0 -6|0.8 128
9906 欣巴巴|建材營造|32 76 -450270|100 100 20 40|2.4 9
9907 統一實|其他|-20 -12 -2|95 95 2 16|0.8 59
9910 豐泰|運動休閒|-18 -19 -52|94 94 3 -3|1.9 227
9911 櫻花|居家生活|7 -4 -8|99 99 6 9|1.2 8
9914 美利達|運動休閒|-6 -6 -30|83 100 32 31|1.6 190
9917 中保科|其他|13 11 1|99 99 13 23|0.7 70
9919 康那香|其他|10 4 11|98 98 11 11|0.7 92
9921 巨大|運動休閒|-3 4 -5|91 99 31 11|1.0 283
9924 福興|居家生活|-9 -12 -6|100 100 4 11|0.6 10
9925 新保|其他|-3 -2 -2|98 98 1 6|1.6 7
9927 泰銘|其他|-11 -7 2|99 99 7 24|0.5 7
9930 中聯資源|綠能環保|13 9 2|99 99 14 19|0.7 9
9933 中鼎|其他|24 4 -14|85 92 -1 1|0.5 42
9934 成霖|居家生活|-9 -13 -10|92 92 3 5|0.4 6
9938 百和|其他|-45 -47 -30|80 85 -9 0|1.2 33
9939 宏全|其他|5 9 -7|99 99 10 26|0.9 181
9940 信義|其他|24 -7 10|93 98 4 11|1.0 6
9941 裕融|其他|18 17 0|99 99 11 28|0.7 123
9942 茂順|其他|21 37 18|93 93 23 41|0.4 79
9943 好樂迪|觀光餐旅|113 63 -1201|91 91 40 53|0.7 196
9944 新麗|其他|-26 -17 -10|94 94 11 10|0.6 10
9945 潤泰新|其他|66 10 -13|74 79 3 -17|0.7 171
9951 皇田|電機機械|25 21 5|97 97 7 14|0.5 7
9955 佳龍|綠能環保|91 27 41|81 81 -4 12|0.1 10
9958 世紀鋼|鋼鐵工業|19 67 59|100 100 47 62|2.2 288
9962 有益|鋼鐵工業|33 6 -16|92 92 5 35|0.7 11
