# 2023-05 月末(2023-05-31)全池量化快照(1109 檔)。欄位:代碼 名稱|產業|最新YoY 3月YoY 加速|距52週高% 距120日高% 60日漲% 120日漲%|量能x 日均值M
1101 台泥|水泥工業|9 20 10|95 95 0 16|1.3 907
1102 亞泥|水泥工業|-18 11 14|98 98 -1 8|1.2 187
1103 嘉泥|水泥工業|31 34 19|99 99 6 21|1.9 8
1104 環泥|水泥工業|1 32 12|92 92 14 28|0.5 64
1108 幸福|水泥工業|18 39 13|90 90 10 45|0.4 21
1110 東泥|水泥工業|92 64 49|92 93 4 4|1.9 10
1201 味全|食品工業|13 12 9|97 97 0 7|0.9 8
1210 大成|食品工業|-3 7 -2|97 97 5 21|0.7 121
1215 卜蜂|食品工業|13 9 -2|91 91 9 16|0.5 107
1216 統一|食品工業|3 9 -0|98 98 9 16|1.2 396
1217 愛之味|食品工業|14 7 4|98 98 3 11|0.6 8
1218 泰山|食品工業|-10 -2 -8|68 68 6 -19|1.3 70
1219 福壽|食品工業|-12 0 -10|92 92 -4 10|0.3 13
1227 佳格|食品工業|-4 -3 10|89 96 -2 3|1.5 58
1229 聯華|食品工業|-4 13 7|99 99 15 25|0.8 72
1231 聯華食|食品工業|-0 10 -3|95 95 7 29|0.7 18
1232 大統益|食品工業|-7 10 -9|94 97 3 4|0.8 7
1234 黑松|食品工業|8 30 16|99 99 6 14|0.7 12
1268 漢來美食|觀光餐旅|80 36 -59|98 98 7 44|0.9 56
1301 台塑|塑膠工業|-36 -25 -4|93 100 4 6|1.9 529
1303 南亞|塑膠工業|-28 -30 -5|96 96 3 2|1.5 432
1304 台聚|塑膠工業|-25 -19 -4|85 85 -7 12|0.6 27
1305 華夏|塑膠工業|-33 -28 -5|79 81 -14 14|0.6 30
1307 三芳|塑膠工業|-25 -5 -33|96 96 11 11|1.3 21
1308 亞聚|塑膠工業|-10 -16 -12|85 85 -11 -3|0.6 28
1309 台達化|塑膠工業|-23 -18 1|75 86 -11 2|0.8 8
1310 台苯|塑膠工業|-26 -28 -14|93 93 18 23|1.0 44
1312 國喬|塑膠工業|-22 -6 13|85 90 -4 9|0.7 33
1313 聯成|塑膠工業|-3 -1 15|83 92 -4 14|1.0 10
1316 上曜|建材營造|-65 1 -130|59 90 6 3|0.7 14
1319 東陽|汽車工業|-2 17 3|89 97 15 8|0.6 183
1326 台化|塑膠工業|-30 -17 -11|88 90 -3 -6|1.5 164
1336 台翰|電子零組|-12 9 -11|80 80 -19 -8|0.7 7
1340 勝悅-KY|塑膠工業|134 53 63|98 98 19 32|0.9 7
1342 八貫|其他|-4 -5 -19|77 77 -18 44|0.2 95
1402 遠東新|紡織纖維|-9 -3 -8|97 97 -0 4|1.8 155
1409 新纖|紡織纖維|-28 -24 -13|92 92 -6 -2|0.7 30
1417 嘉裕|紡織纖維|10 17 -0|84 84 -4 9|0.5 6
1423 利華|紡織纖維|-41 -35 -16|97 97 15 14|1.0 6
1432 大魯閣|運動休閒|44 15 -74|75 75 -8 37|1.0 10
1434 福懋|紡織纖維|-25 -17 -15|98 98 2 6|0.8 22
1437 勤益控|其他|-0 4 -7|93 93 -1 16|0.3 7
1440 南紡|紡織纖維|-9 -2 -8|82 89 -9 -4|0.9 13
1442 名軒|建材營造|-12 173 -236|86 86 4 -5|0.9 20
1444 力麗|紡織纖維|-51 -28 -19|87 92 -1 -0|0.5 10
1451 年興|紡織纖維|-36 -30 -25|78 90 -8 -1|0.5 6
1467 南緯|紡織纖維|-26 -35 -17|80 92 -2 -4|0.3 6
1476 儒鴻|紡織纖維|-31 -32 -26|91 91 -3 7|1.3 232
1477 聚陽|紡織纖維|-9 1 -6|94 94 7 5|0.8 271
1503 士電|電機機械|13 20 5|100 100 86 158|1.0 2236
1504 東元|電機機械|4 9 -1|98 98 66 87|0.7 1366
1513 中興電|電機機械|-2 14 1|98 98 19 110|0.8 2365
1514 亞力|電機機械|22 23 -11|98 98 39 90|0.7 578
1515 力山|電機機械|-16 -40 29|79 88 -2 -1|0.7 8
1519 華城|電機機械|122 55 52|100 100 130 263|1.1 3348
1522 堤維西|汽車工業|-10 -1 -11|91 95 3 9|0.3 35
1524 耿鼎|汽車工業|-14 20 4|83 90 -1 3|0.6 25
1525 江申|汽車工業|21 38 2|100 100 81 94|5.3 47
1526 日馳|電機機械|-53 -37 -31|72 88 -3 -8|0.5 5
1527 鑽全|電機機械|-43 -32 -6|93 93 -5 2|0.5 7
1528 恩德|電機機械|-3 8 -1|97 97 13 29|0.8 18
1529 樂事綠能|電機機械|-2 249 169|86 86 55 113|0.4 305
1532 勤美|電機機械|-11 -24 6|97 97 4 22|0.7 17
1533 車王電|汽車工業|35 42 18|85 96 10 12|0.4 26
1535 中宇|電機機械|20 9 3|96 96 9 27|0.3 6
1536 和大|汽車工業|1 12 1|76 94 2 0|0.6 33
1537 廣隆|電機機械|-30 -15 -63|97 97 -1 2|0.8 10
1539 巨庭|電機機械|-35 -57 -15|59 84 -4 -11|0.2 5
1558 伸興|電機機械|10 2 -9|83 87 -10 -3|1.0 12
1560 中砂|電機機械|-14 -6 -13|67 88 0 4|1.1 81
1565 精華|生技醫療|2 -4 7|88 88 -9 -6|0.8 22
1568 倉佑|汽車工業|12 -16 -8|83 99 10 11|1.9 11
1580 新麥|電機機械|36 26 26|98 98 36 55|1.1 61
1582 信錦|電子零組|-12 -22 -6|86 95 -3 1|0.9 6
1584 精剛|其他|62 116 48|81 81 26 66|0.3 163
1589 永冠-KY|電機機械|32 43 25|86 86 7 41|1.4 266
1590 亞德客-KY|電機機械|19 22 17|80 80 -11 12|1.0 512
1591 駿吉-KY|電機機械|-97 -92 na|97 97 18 54|1.9 11
1598 岱宇|運動休閒|17 2 25|81 81 -15 6|1.2 13
1603 華電|電器電纜|5 38 -11|91 91 5 4|0.8 11
1604 聲寶|電器電纜|-4 -2 3|99 99 6 12|0.7 7
1605 華新|電器電纜|-6 14 6|79 79 -8 8|0.5 786
1608 華榮|電器電纜|-12 -12 -6|96 96 50 58|5.7 140
1609 大亞|電器電纜|-11 -0 7|97 97 25 66|0.6 978
1611 中電|電器電纜|-22 -13 -1|86 91 22 23|0.3 43
1612 宏泰|電器電纜|-10 -12 -7|99 99 21 42|1.1 41
1618 合機|電器電纜|170 86 43|93 93 31 39|1.2 42
1701 中化|生技醫療|2 9 1|70 70 -7 23|0.3 35
1702 南僑|食品工業|16 21 14|98 98 7 17|1.5 34
1707 葡萄王|生技醫療|-5 10 4|93 93 -6 33|0.4 51
1708 東鹼|化學工業|-33 -19 -53|64 82 -13 -16|0.3 38
1709 和益|化學工業|29 6 -2|92 92 1 11|0.5 37
1710 東聯|化學工業|-19 -19 6|96 96 13 17|0.4 50
1711 永光|化學工業|-24 -14 -3|85 89 7 12|0.3 45
1712 興農|化學工業|-23 -15 -24|84 89 -9 -1|0.3 25
1717 長興|化學工業|-18 -14 -3|95 95 6 6|0.8 43
1720 生達|生技醫療|15 27 -4|93 93 18 51|0.4 109
1721 三晃|化學工業|-48 -26 -17|76 87 7 13|0.3 39
1722 台肥|化學工業|-3 -8 -9|91 99 5 11|1.0 73
1723 中碳|化學工業|-23 -3 -15|91 98 1 5|1.0 21
1727 中華化|化學工業|-26 -27 -24|86 93 54 59|0.8 121
1731 美吾華|生技醫療|15 19 20|100 100 20 34|1.2 18
1733 五鼎|生技醫療|-28 -21 -21|94 96 4 12|0.7 7
1734 杏輝|生技醫療|10 21 1|92 92 5 12|0.6 35
1736 喬山|運動休閒|12 4 -4|72 72 -11 -21|0.5 21
1737 臺鹽|食品工業|-13 -5 8|99 99 1 6|0.7 5
1742 台蠟|化學工業|-33 -27 -13|89 94 12 11|0.6 7
1752 南光|生技醫療|10 54 28|79 79 3 83|0.3 149
1760 寶齡富錦|生技醫療|-35 -16 -22|79 79 -9 -13|0.3 353
1762 中化生|生技醫療|-3 41 22|87 87 23 51|0.5 273
1773 勝一|化學工業|-23 -17 -5|76 94 8 17|0.8 18
1776 展宇|化學工業|-48 -34 -19|80 80 10 13|0.5 8
1777 生泰|生技醫療|-7 19 -37|91 91 -2 10|0.4 10
1783 和康生|生技醫療|33 20 -1|80 80 -10 36|0.6 89
1784 訊聯|生技醫療|10 18 7|86 86 43 59|0.5 180
1785 光洋科|其他電子|2 -20 4|81 94 2 8|1.9 47
1786 科妍|生技醫療|57 22 -6|88 88 3 39|0.4 27
1789 神隆|生技醫療|19 -1 -21|89 91 -3 6|0.6 30
1795 美時|生技醫療|102 43 3|95 95 15 50|0.6 3776
1796 金穎生技|食品工業|64 51 24|86 86 52 136|1.0 107
1802 台玻|玻璃陶瓷|11 2 17|73 73 -18 -26|1.1 90
1808 潤隆|建材營造|-78 393 342|99 99 8 25|0.5 14
1809 中釉|玻璃陶瓷|-10 4 -7|95 95 10 7|0.9 23
1810 和成|玻璃陶瓷|-6 -7 1|83 83 21 40|0.4 105
1815 富喬|電子零組|-55 -24 -5|79 93 -4 -4|1.2 8
1903 士紙|造紙工業|45 15 28|74 84 -10 -13|0.2 7
1904 正隆|造紙工業|-17 -6 2|94 94 10 17|0.4 102
1905 華紙|造紙工業|-8 3 -5|98 98 48 48|1.2 471
1907 永豐餘|造紙工業|-3 0 6|93 93 17 16|0.9 150
1909 榮成|造紙工業|-4 -6 9|88 88 -10 4|0.4 30
2002 中鋼|鋼鐵工業|-29 -18 -2|90 90 -5 0|1.8 534
2006 東和鋼鐵|鋼鐵工業|-13 -4 1|85 93 -4 14|0.8 48
2009 第一銅|鋼鐵工業|-25 -13 6|86 86 -10 3|0.5 27
2010 春源|鋼鐵工業|-21 -16 1|81 96 -1 6|0.9 7
2014 中鴻|鋼鐵工業|-37 -26 4|76 78 -18 2|0.5 82
2015 豐興|鋼鐵工業|-22 -7 3|91 95 -1 15|1.0 15
2017 官田鋼|鋼鐵工業|-36 -33 -12|86 86 -6 34|0.5 10
2022 聚亨|鋼鐵工業|-33 -12 -2|91 91 18 26|0.7 27
2023 燁輝|鋼鐵工業|-17 -20 -0|81 89 -10 3|0.9 28
2027 大成鋼|鋼鐵工業|-26 -14 -16|97 97 4 13|0.5 194
2028 威致|鋼鐵工業|-34 -9 6|84 84 -10 11|0.9 6
2029 盛餘|鋼鐵工業|-38 -29 -0|89 95 -1 6|0.7 5
2030 彰源|鋼鐵工業|-21 -18 -6|83 93 -3 2|0.8 14
2031 新光鋼|鋼鐵工業|-12 -13 -17|89 89 6 29|0.7 105
2034 允強|鋼鐵工業|-19 -3 9|92 92 -6 5|0.7 16
2049 上銀|電機機械|-22 -19 -10|91 91 -4 32|0.5 236
2059 川湖|電子零組|-28 -31 -34|88 97 6 5|2.1 245
2065 世豐|鋼鐵工業|-8 9 14|96 96 6 25|0.5 6
2066 世德|電機機械|-6 6 -16|91 91 6 26|0.5 21
2101 南港|橡膠工業|-22 -4 4|93 94 4 10|1.1 23
2102 泰豐|橡膠工業|-58 -34 -42|83 93 -5 3|0.4 5
2103 台橡|橡膠工業|-13 -6 -6|85 85 -12 -3|2.2 42
2104 國際中橡|橡膠工業|-28 -14 -13|92 96 -0 -1|1.1 51
2105 正新|橡膠工業|13 9 8|96 96 14 15|1.6 205
2106 建大|橡膠工業|-3 -7 -12|82 97 -1 -0|0.8 18
2108 南帝|橡膠工業|-37 -31 13|75 85 -8 8|0.9 15
2201 裕隆|汽車工業|12 10 7|100 100 11 53|1.6 1018
2204 中華|汽車工業|3 29 19|100 100 70 93|1.5 502
2206 三陽工業|汽車工業|42 53 20|100 100 102 119|1.2 1588
2207 和泰車|汽車工業|26 27 18|93 93 32 30|2.7 353
2208 台船|航運業|88 37 14|86 86 5 31|0.4 151
2211 長榮鋼|鋼鐵工業|5 2 23|100 100 19 20|0.6 47
2227 裕日車|汽車工業|34 19 14|83 92 -3 3|1.6 9
2228 劍麟|汽車工業|12 10 -9|97 97 3 8|1.2 8
2230 泰茂|居家生活|-13 5 9|95 95 8 175|0.3 21
2231 為升|汽車工業|47 45 29|92 92 13 22|0.9 137
2233 宇隆|汽車工業|-10 -8 -6|90 90 5 14|0.3 19
2236 百達-KY|汽車工業|25 34 21|98 98 10 127|1.3 13
2239 英利-KY|汽車工業|70 38 14|99 99 27 33|2.3 11
2247 汎德永業|汽車工業|-16 37 23|91 91 22 36|1.3 130
2301 光寶科|電腦及週|-13 -12 -10|100 100 29 45|2.1 639
2302 麗正|半導體業|6 10 -2|90 90 19 11|0.9 17
2303 聯電|半導體業|-19 -19 -34|97 97 2 12|1.7 2030
2305 全友|電腦及週|41 25 22|66 79 -0 -21|1.8 7
2308 台達電|電子零組|16 14 -9|100 100 9 7|1.5 1384
2312 金寶|其他電子|-2 -3 -28|91 94 0 -3|1.5 48
2313 華通|電子零組|-12 -19 -27|88 91 1 -3|1.2 321
2314 台揚|通信網路|-0 12 -13|72 89 3 24|0.4 60
2317 鴻海|其他電子|-12 -15 -25|94 100 4 6|1.8 2877
2323 中環|光電業|-9 -10 4|100 100 47 68|5.4 165
2324 仁寶|電腦及週|47 2 11|99 99 20 39|2.2 769
2327 國巨*|電子零組|-11 -11 -13|88 88 -4 13|2.0 1368
2328 廣宇|電子零組|-5 7 3|99 99 5 20|2.6 58
2329 華泰|半導體業|-16 -13 -5|95 95 7 11|2.0 24
2330 台積電|半導體業|-14 -6 -36|98 98 8 15|2.7 11263
2331 精英|電腦及週|-44 -39 -22|100 100 40 36|2.8 212
2332 友訊|通信網路|8 3 -9|100 100 19 44|2.0 123
2337 旺宏|半導體業|-22 -33 -6|87 89 -4 -4|0.8 243
2338 光罩|半導體業|-19 -9 -22|84 84 -2 1|0.5 161
2340 台亞|半導體業|-36 -28 1|78 89 -4 1|0.5 34
2342 茂矽|半導體業|-36 -31 -23|86 86 0 11|0.4 32
2344 華邦電|半導體業|-36 -32 -10|94 99 11 24|1.1 645
2345 智邦|通信網路|12 28 -3|99 99 24 34|2.6 661
2347 聯強|電子通路|-5 -7 -6|93 97 0 10|2.3 215
2351 順德|半導體業|-9 0 0|83 91 1 29|0.7 131
2352 佳世達|電腦及週|-18 -15 -10|100 100 39 47|1.3 421
2353 宏碁|電腦及週|-28 -28 -4|99 99 20 25|1.2 484
2354 鴻準|其他電子|-17 -4 8|96 96 -2 9|1.0 75
2355 敬鵬|電子零組|9 -1 3|95 95 8 -0|0.6 18
2356 英業達|電腦及週|-17 -9 -7|98 98 38 57|4.0 648
2357 華碩|電腦及週|-6 -10 -2|99 99 9 15|1.3 697
2358 廷鑫|其他|28 -19 11|59 70 -23 -21|0.6 10
2359 所羅門|其他電子|-38 -26 -36|91 91 18 33|0.2 66
2360 致茂|其他電子|-7 3 -24|100 100 31 26|2.4 350
2362 藍天|電腦及週|272 81 77|92 98 4 4|1.0 21
2363 矽統|半導體業|-36 -12 9|84 93 -5 5|0.7 12
2364 倫飛|電腦及週|40 35 12|69 83 -6 -15|0.3 22
2367 燿華|電子零組|-2 1 -27|76 91 -4 -5|0.7 33
2368 金像電|電子零組|-6 -9 -21|98 98 41 28|2.0 1581
2369 菱生|半導體業|-20 -22 8|74 93 -4 4|0.7 8
2371 大同|電機機械|83 66 32|100 100 27 33|3.9 1386
2373 震旦行|其他電子|77 32 26|93 99 1 3|2.8 7
2374 佳能|光電業|-22 -11 -42|77 89 -3 -7|1.0 8
2375 凱美|電子零組|-9 -11 13|88 88 7 26|0.2 26
2376 技嘉|電腦及週|-4 4 18|100 100 55 77|3.3 2376
2377 微星|電腦及週|-16 -10 8|98 98 19 36|2.6 868
2379 瑞昱|半導體業|-21 -26 -13|92 95 1 17|1.1 720
2382 廣達|電腦及週|17 -2 -14|100 100 55 77|2.7 3598
2383 台光電|電子零組|-9 -15 -4|93 100 12 13|3.1 727
2385 群光|電子零組|-2 -12 -11|100 100 15 31|1.3 198
2387 精元|電腦及週|52 2 1|88 88 4 2|0.4 31
2388 威盛|半導體業|40 21 -2|84 84 -8 14|1.1 443
2392 正崴|電子零組|-17 -2 -14|96 96 6 17|1.0 28
2393 億光|光電業|1 -10 10|100 100 22 28|1.2 84
2395 研華|電腦及週|16 12 -3|100 100 17 28|1.6 364
2397 友通|電腦及週|-13 -4 -6|100 100 14 28|2.2 10
2399 映泰|電腦及週|7 13 29|95 95 29 42|3.9 14
2401 凌陽|半導體業|-36 -38 -3|74 95 -2 3|1.4 23
2402 毅嘉|電子零組|22 17 -4|98 98 52 63|0.6 305
2404 漢唐|其他電子|166 188 48|96 96 -0 31|0.7 189
2405 輔信|電腦及週|-21 -8 1|79 94 2 0|0.7 10
2406 國碩|光電業|-42 -37 -13|76 88 -6 1|0.4 17
2408 南亞科|半導體業|-66 -67 -12|100 100 28 23|1.5 717
2409 友達|光電業|-8 -26 13|90 91 -4 7|0.9 384
2412 中華電|通信網路|-3 4 1|98 98 8 16|2.3 1147
2413 環科|電子零組|5 57 19|79 79 10 18|0.3 61
2417 圓剛|電腦及週|-18 -17 -3|84 86 -7 -1|0.4 8
2419 仲琦|通信網路|32 14 -27|89 93 -7 9|0.5 28
2420 新巨|電子零組|-29 -16 -8|100 100 7 18|0.6 7
2421 建準|電子零組|25 20 12|98 98 100 88|3.2 1207
2423 固緯|其他電子|32 17 7|96 96 29 41|1.3 21
2425 承啟|電腦及週|-1 -7 4|93 93 -3 26|4.7 29
2426 鼎元|光電業|-15 -20 7|87 96 4 8|0.9 7
2427 三商電|資訊服務|-2 13 0|100 100 95 114|0.6 83
2428 興勤|電子零組|-6 2 4|94 94 9 33|0.6 92
2430 燦坤|電子通路|-19 -14 -4|92 92 -5 15|0.6 8
2436 偉詮電|半導體業|-6 -25 8|78 94 0 18|0.6 33
2438 翔耀|光電業|-52 -49 4|84 84 66 76|0.2 5
2439 美律|通信網路|22 23 9|97 98 4 4|0.6 29
2441 超豐|半導體業|-29 -28 3|86 100 9 19|2.7 26
2442 新美齊|建材營造|346 108 -276|89 89 28 45|1.6 47
2444 兆勁|通信網路|-19 4 3|51 51 -39 -17|0.7 7
2449 京元電子|半導體業|-23 -15 -15|100 100 27 53|2.2 225
2450 神腦|通信網路|-8 3 4|100 100 7 18|0.9 7
2451 創見|半導體業|-23 -21 -0|100 100 8 18|2.9 29
2453 凌群|資訊服務|3 3 2|88 88 39 181|0.7 424
2454 聯發科|半導體業|-46 -33 -21|90 96 -2 8|1.8 3481
2455 全新|通信網路|-39 -46 -4|100 100 27 42|1.3 198
2457 飛宏|電子零組|-4 5 -4|100 100 67 114|0.8 2332
2458 義隆|半導體業|-16 -32 5|79 95 1 20|2.0 181
2460 建通|電子零組|-36 -26 12|85 85 15 32|0.5 7
2461 光群雷|其他電子|-24 -17 -13|99 99 17 26|0.8 13
2462 良得電|電子零組|-29 -10 -1|92 92 -6 23|0.5 19
2464 盟立|其他電子|-17 -9 -12|92 92 -3 0|0.8 5
2465 麗臺|電腦及週|-13 -23 17|89 89 -4 4|2.2 8
2467 志聖|電子零組|-55 -30 -21|100 100 11 16|3.4 18
2468 華經|資訊服務|22 8 -4|81 81 -4 -10|0.8 44
2471 資通|資訊服務|8 7 0|92 92 54 127|0.7 514
2472 立隆電|電子零組|-24 -13 -6|86 86 -3 12|0.4 22
2474 可成|其他電子|95 2 20|97 97 -2 3|1.3 265
2476 鉅祥|電子零組|-3 -5 -5|85 87 3 8|0.2 36
2478 大毅|電子零組|-19 -18 7|93 95 -0 11|0.5 6
2480 敦陽科|資訊服務|14 13 9|100 100 29 50|1.5 156
2481 強茂|半導體業|2 -10 4|87 97 6 18|0.5 133
2482 連宇|其他電子|25 296 148|84 84 34 162|0.2 315
2483 百容|電子零組|-28 -23 -11|95 100 15 25|1.2 5
2484 希華|電子零組|-40 -33 -20|87 90 -6 2|0.6 28
2485 兆赫|通信網路|10 17 7|91 91 5 9|0.6 12
2486 一詮|光電業|-19 -13 6|80 98 29 67|0.6 53
2489 瑞軒|光電業|7 -8 17|100 100 27 31|1.2 74
2491 吉祥全|光電業|169 67 63|92 92 33 31|3.9 11
2492 華新科|電子零組|-22 -17 3|91 94 8 24|0.8 264
2493 揚博|電子零組|7 1 -13|100 100 31 61|2.1 21
2495 普安|電腦及週|9 41 5|94 94 29 34|1.0 122
2497 怡利電|汽車工業|38 3 -29|78 82 -6 -2|0.3 42
2498 宏達電|通信網路|44 14 24|90 90 -5 18|0.9 328
2501 國建|建材營造|31 124 -10|94 94 -4 7|1.0 10
2504 國產|建材營造|-8 19 17|98 98 6 14|1.0 94
2505 國揚|建材營造|-99 -91 -70|90 94 -2 -2|1.2 6
2511 太子|建材營造|-36 -41 -19|98 98 6 14|1.3 8
2515 中工|建材營造|44 34 36|100 100 31 40|1.6 101
2520 冠德|建材營造|-27 6 -4|91 96 2 6|0.7 12
2528 皇普|建材營造|-100 126 91|98 98 48 55|2.2 11
2530 華建|建材營造|-99 -22 -17530|98 98 34 24|1.4 29
2534 宏盛|建材營造|-45 -30 -88|87 87 -2 -12|0.4 15
2535 達欣工|建材營造|-16 -18 -23|100 100 12 19|0.6 18
2536 宏普|建材營造|219 76 39|98 98 13 13|1.0 7
2538 基泰|建材營造|-43 14 -35|89 96 -2 4|0.8 8
2539 櫻花建|建材營造|-91 na na|100 100 11 18|1.0 12
2540 愛山林|建材營造|50 59 58|85 97 6 12|1.6 31
2542 興富發|建材營造|-19 86 87|95 95 1 -5|0.9 139
2545 皇翔|建材營造|-77 -75 -54|91 98 3 10|0.4 10
2546 根基|建材營造|29 46 -7|97 97 24 43|0.6 11
2548 華固|建材營造|-54 52 -142|99 99 7 12|2.8 125
2597 潤弘|建材營造|-7 1 -11|90 90 -6 12|0.9 7
2603 長榮|航運業|-60 -63 -51|53 88 -5 -0|0.9 2657
2605 新興|航運業|45 28 24|77 77 -20 8|0.5 50
2606 裕民|航運業|1 0 5|79 79 -20 12|1.0 185
2607 榮運|航運業|-12 -15 -89|75 94 -2 -1|0.5 31
2609 陽明|航運業|-70 -67 -43|59 88 -7 -3|0.5 893
2610 華航|航運業|24 22 12|84 100 9 29|2.9 1152
2611 志信|航運業|-28 -25 -3|70 91 -9 7|4.0 5
2612 中航|航運業|-18 -12 -23|77 87 -10 14|0.8 11
2614 東森|其他|-6 -2 -4|63 76 -18 -8|0.7 23
2615 萬海|航運業|-67 -67 -40|44 67 -28 -18|0.7 421
2616 山隆|油電燃氣|-20 -12 -3|94 98 4 1|0.5 11
2617 台航|航運業|12 13 -4|83 85 -7 15|0.6 19
2618 長榮航|航運業|38 46 12|97 100 20 30|3.1 3038
2630 亞航|航運業|61 48 29|100 100 166 179|3.6 329
2633 台灣高鐵|航運業|56 38 -51|98 98 11 16|1.3 171
2634 漢翔|航運業|45 70 26|94 94 46 76|0.4 1572
2636 台驊控股|航運業|-59 -63 -13|64 94 7 7|0.7 36
2637 慧洋-KY|航運業|-35 -39 -41|58 81 -18 -3|1.5 161
2640 大車隊|數位雲端|20 16 -7|96 96 26 64|0.5 34
2641 正德|航運業|-11 -23 -17|70 86 -8 5|0.3 17
2701 萬企|觀光餐旅|31 26 11|94 94 3 14|4.3 10
2702 華園|觀光餐旅|22 25 -30|87 91 -7 16|2.0 7
2704 國賓|觀光餐旅|-7 -20 -40|99 99 22 51|2.7 29
2705 六福|觀光餐旅|91 66 -50|92 92 5 18|2.9 22
2706 第一店|觀光餐旅|48 45 11|94 94 10 20|4.0 22
2707 晶華|觀光餐旅|35 23 -8|90 90 -10 47|0.7 277
2719 燦星旅|觀光餐旅|1127 1506 531|95 95 37 218|2.0 14
2722 夏都|觀光餐旅|12 1 -268|100 100 47 123|3.2 79
2723 美食-KY|觀光餐旅|34 16 12|89 89 -6 31|0.8 221
2727 王品|觀光餐旅|55 29 8|96 96 17 114|0.6 777
2729 瓦城|觀光餐旅|63 21 -6|97 97 4 38|0.8 87
2731 雄獅|觀光餐旅|901 604 242|94 94 43 93|0.7 1361
2732 六角|觀光餐旅|-3 1 -4|93 93 16 56|0.4 159
2734 易飛網|觀光餐旅|358 658 243|100 100 36 88|1.7 78
2736 富野|觀光餐旅|42 7 -107|100 100 51 99|4.9 180
2739 寒舍|觀光餐旅|73 56 -46|92 92 26 180|1.8 38
2743 山富|觀光餐旅|1650 1243 163|100 100 115 155|0.3 110
2745 五福|觀光餐旅|2546 2647 1557|97 97 82 121|0.9 48
2748 雲品|觀光餐旅|18 8 -77|87 87 -4 84|1.5 235
2753 八方雲集|觀光餐旅|5 11 -3|68 68 -28 -14|0.7 84
2754 亞洲藏壽司|觀光餐旅|41 24 -192|81 81 -15 30|0.8 93
2755 揚秦|觀光餐旅|14 17 -5|94 94 27 89|0.2 5
2801 彰銀|金融保險|5 23 1|98 98 3 5|1.9 238
2809 京城銀|金融保險|457 231 189|98 98 6 2|1.6 37
2812 台中銀|金融保險|18 18 2|99 99 7 13|0.7 76
2820 華票|金融保險|86 57 73|93 98 1 4|0.7 9
2832 台產|金融保險|20 16 26|100 100 7 10|0.8 7
2834 臺企銀|金融保險|21 24 -0|95 95 -4 11|0.7 194
2838 聯邦銀|金融保險|27 32 20|99 99 4 2|0.9 11
2845 遠東銀|金融保險|9 22 3|94 94 -5 3|0.9 42
2850 新產|金融保險|16 5 1|90 99 3 10|0.5 7
2851 中再保|金融保險|-22 -5 -5|77 100 10 7|1.1 52
2855 統一證|金融保險|-7 32 -207|96 98 -0 7|1.0 13
2880 華南金|金融保險|-4 11 3|94 95 -2 1|2.3 220
2881 富邦金|金融保險|-48 -68 4|99 99 2 6|1.3 710
2882 國泰金|金融保險|-48 -52 -0|87 98 3 6|1.9 906
2883 凱基金|金融保險|-76 -77 -11|84 94 -3 -6|1.8 515
2884 玉山金|金融保險|37 19 16|92 98 6 9|0.9 405
2885 元大金|金融保險|-5 -5 11|100 100 6 8|1.5 266
2886 兆豐金|金融保險|46 27 18|98 99 9 15|2.3 732
2887 台新新光金|金融保險|12 17 12|98 98 12 25|1.3 335
2889 國票金|金融保險|-21 10 34|86 91 -1 6|0.5 40
2890 永豐金|金融保險|9 8 6|95 96 1 1|1.7 330
2891 中信金|金融保險|-27 -45 1|95 99 8 8|1.1 571
2892 第一金|金融保險|-0 8 -5|100 100 7 10|1.6 370
2897 王道銀行|金融保險|20 18 -21|100 100 6 22|0.6 43
2903 遠百|貿易百貨|12 2 -6|99 99 7 24|0.9 46
2906 高林|貿易百貨|-5 -4 -11|80 81 -11 -8|0.8 8
2908 特力|貿易百貨|-7 -9 3|96 100 3 6|1.4 6
2912 統一超|貿易百貨|7 10 -3|96 96 5 6|2.3 353
2913 農林|貿易百貨|3 5 -3|90 90 1 0|0.6 119
2915 潤泰全|貿易百貨|-20 14 9|73 80 -14 -12|0.6 106
2916 滿心|居家生活|52 18 -55|97 97 29 90|0.8 19
3003 健和興|電子零組|-11 -6 -2|94 97 14 15|1.3 95
3004 豐達科|鋼鐵工業|90 79 11|83 83 13 50|0.7 148
3005 神基|電腦及週|108 45 21|100 100 42 81|0.8 453
3006 晶豪科|半導體業|-45 -44 1|78 93 17 18|1.5 671
3008 大立光|光電業|-8 -7 -10|94 94 5 1|0.8 1072
3010 華立|電子通路|-14 -18 -10|90 96 -2 1|1.0 26
3011 今皓|電子零組|-25 -30 -7|93 93 41 80|0.6 63
3013 晟銘電|電腦及週|-1 36 11|100 100 43 90|2.4 119
3014 聯陽|半導體業|10 -7 23|99 99 26 59|1.4 267
3015 全漢|電子零組|-9 6 15|95 95 17 31|1.0 14
3016 嘉晶|半導體業|-31 -29 -27|60 78 -13 -17|0.7 21
3017 奇鋐|電腦及週|7 8 -5|95 95 66 82|1.4 2846
3019 亞光|光電業|-5 -3 7|90 90 2 4|0.5 34
3022 威強電|電腦及週|41 53 11|93 93 10 33|0.5 197
3023 信邦|電子零組|18 23 1|100 100 20 34|1.0 163
3024 憶聲|光電業|-37 4 6|97 97 8 13|0.5 10
3025 星通|通信網路|-64 51 58|95 95 92 86|2.9 241
3026 禾伸堂|電子零組|-13 -9 4|98 98 8 16|0.9 18
3027 盛達|通信網路|95 81 56|79 79 -7 53|0.2 98
3028 增你強|電子通路|-29 -30 -9|100 100 15 24|1.7 18
3029 零壹|資訊服務|18 16 9|95 95 40 76|1.2 572
3030 德律|其他電子|-48 -34 -30|97 97 2 -1|0.8 18
3032 偉訓|電子零組|33 33 36|89 89 61 91|1.9 341
3033 威健|電子通路|-6 6 10|100 100 9 16|0.7 40
3034 聯詠|半導體業|-19 -27 8|92 92 4 46|0.9 1681
3035 智原|半導體業|-14 -4 -37|65 80 -8 5|0.9 1256
3036 文曄|電子通路|-10 -9 -26|87 96 2 9|1.2 47
3037 欣興|電子零組|-25 -20 -36|84 97 35 18|1.7 5160
3038 全台|光電業|6 17 5|100 100 54 66|1.3 186
3041 揚智|半導體業|-47 -42 -17|69 88 -6 -1|1.7 15
3042 晶技|電子零組|-31 -26 -7|96 100 2 11|1.5 54
3043 科風|其他電子|18 70 25|74 74 23 443|1.4 16
3044 健鼎|電子零組|-15 -13 -8|100 100 22 36|3.8 362
3045 台灣大|通信網路|6 9 0|98 99 7 12|2.3 403
3046 建碁|電腦及週|301 148 83|97 97 55 44|0.3 583
3047 訊舟|通信網路|-31 -19 -21|80 86 -1 -5|0.5 23
3048 益登|電子通路|-9 -9 -10|87 95 -3 1|1.5 11
3050 鈺德|光電業|-4 1 -6|89 89 -9 -0|1.1 7
3051 力特|光電業|-39 -34 -14|84 90 -1 -4|0.9 8
3052 夆典|建材營造|80 43 37|98 98 5 18|1.1 7
3056 富華新|建材營造|964 1037 -7793|98 98 43 45|0.3 97
3058 立德|電子零組|10 5 7|93 93 82 162|0.8 162
3059 華晶科|光電業|25 -16 -49|91 92 4 -5|0.9 34
3062 建漢|通信網路|38 34 -30|73 87 -5 -2|0.7 36
3071 協禧|電腦及週|15 6 -3|93 93 30 32|1.3 124
3078 僑威|電子零組|46 75 82|95 95 77 120|1.4 701
3081 聯亞|通信網路|-50 -37 -73|59 77 -19 4|0.6 123
3083 網龍|文化創意|-9 -10 -14|90 90 1 5|0.9 7
3088 艾訊|電腦及週|8 21 0|98 98 12 41|0.5 65
3090 日電貿|電子零組|-25 -15 -6|96 96 0 11|0.5 20
3092 鴻碩|電子零組|-50 -48 -33|68 87 -4 3|0.4 11
3093 港建*|其他電子|-58 -26 -28|85 85 17 52|0.1 11
3094 聯傑|半導體業|1 -1 -6|97 97 10 39|2.4 48
3105 穩懋|半導體業|-42 -48 -6|72 82 -4 2|0.7 470
3128 昇銳|光電業|-31 -21 -34|70 70 -21 -15|0.2 13
3131 弘塑|半導體業|-5 -4 1|100 100 87 108|3.7 240
3138 耀登|通信網路|17 8 -15|87 87 -2 15|0.3 30
3141 晶宏|半導體業|-50 -28 -6|58 84 -10 12|0.5 126
3147 大綜|資訊服務|-6 1 20|87 87 7 21|0.2 26
3149 正達|光電業|-25 -9 0|60 67 -19 -26|1.1 10
3152 璟德|通信網路|-15 -15 22|87 87 -7 16|0.5 13
3162 精確|電機機械|115 208 78|84 84 -4 18|0.3 71
3163 波若威|通信網路|-35 -22 -44|98 98 12 17|3.5 106
3169 亞信|半導體業|-52 -44 -20|75 88 5 23|0.8 44
3178 公準|半導體業|7 33 21|94 94 40 45|1.4 60
3189 景碩|半導體業|-42 -33 -30|69 84 3 -1|1.6 412
3202 樺晟|電子零組|16 17 22|94 94 32 41|1.3 129
3205 佰研|生技醫療|-14 -8 3|62 95 7 -4|1.2 27
3206 志豐|電子零組|-5 -6 -0|99 99 22 34|1.2 13
3207 耀勝|電子零組|16 39 11|96 96 6 52|0.8 169
3209 全科|電子通路|18 8 -18|90 90 -6 22|0.3 38
3211 順達|電腦及週|14 -4 -3|100 100 6 16|0.7 16
3217 優群|電子零組|18 -7 8|95 95 15 19|0.2 49
3218 大學光|生技醫療|20 29 -1|93 93 20 51|0.3 128
3221 台嘉碩|通信網路|-33 -28 -31|74 95 0 12|0.5 11
3224 三顧|電子通路|-38 -35 -9|88 88 12 18|0.2 65
3227 原相|半導體業|-12 -13 21|94 94 1 17|1.1 57
3228 金麗科|半導體業|27 -11 14|37 75 -18 -19|0.8 68
3231 緯創|電腦及週|-9 -4 -10|98 98 106 143|3.3 3948
3232 昱捷|電子通路|5 5 -22|70 70 -12 -23|2.7 11
3234 光環|通信網路|-41 -50 -15|79 87 -3 7|0.7 6
3236 千如|電子零組|-28 -13 -23|93 93 8 17|0.2 12
3257 虹冠電|半導體業|31 14 60|99 99 46 77|1.1 16
3260 威剛|半導體業|-27 -23 -4|100 100 32 43|2.8 164
3264 欣銓|半導體業|-5 3 -14|98 98 6 16|1.5 147
3265 台星科|半導體業|-16 -14 -25|99 99 29 41|3.8 81
3272 東碩|電腦及週|30 2 -55|80 88 8 -1|0.5 11
3287 廣寰科|電腦及週|-18 -6 16|96 96 26 28|2.5 8
3289 宜特|其他電子|6 9 -7|93 93 4 7|0.9 108
3290 東浦|電子零組|44 55 38|98 98 13 23|0.5 40
3293 鈊象|文化創意|18 13 4|98 98 9 48|0.7 338
3294 英濟|電子零組|110 22 22|82 92 5 11|0.6 8
3296 勝德|電子零組|-61 -30 -5|87 91 -6 -13|0.5 7
3305 昇貿|其他電子|-42 -42 -19|73 90 5 21|0.7 20
3306 鼎天|通信網路|59 20 22|100 100 38 32|3.2 7
3308 聯德|電子零組|171 197 128|82 82 116 143|0.9 43
3312 弘憶股|電子通路|-29 -31 -17|99 100 18 21|0.8 9
3317 尼克森|半導體業|-25 -20 -3|72 88 -7 -3|0.5 13
3322 建舜電|電子零組|-1 -8 21|84 84 -2 -9|0.2 14
3323 加百裕|電腦及週|-6 -26 -5|96 98 1 3|3.2 5
3324 雙鴻|其他電子|-10 -2 5|97 97 69 78|1.3 2027
3325 旭品|電腦及週|103 59 57|99 99 77 105|3.3 47
3338 泰碩|電子零組|-23 -20 -5|100 100 34 50|1.3 55
3346 麗清|汽車工業|52 23 -1|93 93 -1 28|0.4 30
3356 奇偶|光電業|-2 -1 -8|84 84 4 -4|0.5 44
3357 臺慶科|電子零組|-19 -17 3|90 90 -6 32|0.6 8
3362 先進光|光電業|-4 -3 2|81 81 13 27|0.8 219
3363 上詮|通信網路|-48 -31 -3|98 98 76 91|2.1 854
3374 精材|半導體業|-40 -30 -26|72 94 1 1|1.1 43
3376 新日興|電子零組|-24 -26 -18|99 100 4 13|0.8 43
3380 明泰|通信網路|22 18 -11|98 98 14 26|1.5 72
3402 漢科|其他電子|-8 -4 -29|95 95 8 10|0.4 7
3406 玉晶光|光電業|-15 -7 -12|90 97 2 2|1.3 426
3413 京鼎|半導體業|26 7 -11|89 93 -4 3|1.4 60
3416 融程電|電腦及週|33 21 9|95 95 18 39|0.6 30
3419 譁裕|通信網路|-10 4 -22|95 95 9 9|1.2 39
3438 類比科|半導體業|-28 -37 8|96 99 9 27|1.7 17
3441 聯一光電|光電業|-50 -33 -9|84 84 6 1|0.2 16
3443 創意|半導體業|13 41 -15|99 99 25 112|1.3 6681
3444 利機|電子通路|-33 -26 -2|97 97 22 23|2.2 28
3447 展達|通信網路|9 13 -63|na na 6 na|0.2 13
3450 聯鈞|半導體業|-20 -19 -8|81 92 -4 0|1.7 6
3454 晶睿|光電業|22 20 -59|60 60 -31 3|0.7 311
3455 由田|光電業|-38 -21 -29|90 90 -6 0|0.5 23
3466 德晉|通信網路|64 513 351|82 82 2 5|0.6 13
3479 安勤|電腦及週|34 43 -12|97 97 50 110|0.4 672
3481 群創|光電業|-17 -25 14|89 89 -3 12|0.8 578
3483 力致|電腦及週|31 3 11|91 91 17 36|1.2 117
3484 崧騰|電子零組|-40 -45 -16|76 91 -1 2|0.3 16
3491 昇達科|通信網路|62 25 17|94 94 11 39|0.3 160
3499 環天科|通信網路|-53 2 27|90 90 19 6|0.9 10
3501 維熹|電子零組|12 3 -3|97 97 9 14|0.4 15
3504 揚明光|光電業|30 -15 -12|73 89 -1 -7|1.0 34
3508 位速|其他電子|-38 -37 -13|72 84 -11 9|2.7 8
3511 矽瑪|電子零組|-42 -21 -25|82 87 -4 -7|1.8 8
3515 華擎|電腦及週|8 6 18|94 94 2 30|4.7 44
3518 柏騰|其他電子|-33 -35 14|88 88 45 55|1.1 23
3520 華盈|電子零組|0 9 -27|78 84 -3 -7|0.4 13
3521 台鋼建設|建材營造|68 22 10|83 92 9 -1|0.6 7
3522 御嵿|觀光餐旅|32 25 -132|94 98 61 88|2.0 6
3526 凡甲|電子零組|44 0 13|92 100 10 23|1.5 15
3527 聚積|半導體業|-51 -38 -1|68 85 -5 6|0.5 9
3528 安馳|電子通路|10 17 7|83 83 5 19|0.3 8
3529 力旺|半導體業|-25 -10 -34|88 88 -6 25|1.4 832
3532 台勝科|半導體業|-15 -1 -25|64 97 11 1|1.6 116
3533 嘉澤|電子零組|-13 5 -13|90 90 5 0|2.2 610
3537 堡達|電子零組|53 13 28|98 98 -2 13|0.8 6
3540 曜越|電腦及週|86 81 62|97 97 52 123|2.7 131
3545 敦泰|半導體業|-4 -2 35|84 93 14 32|0.6 242
3546 宇峻|文化創意|-19 -11 -2|100 100 25 26|1.9 23
3548 兆利|電子零組|57 -0 15|95 95 6 20|0.6 67
3552 同致|其他電子|24 13 1|79 92 1 2|0.5 52
3556 禾瑞亞|半導體業|-8 -14 13|94 99 6 21|0.8 7
3557 嘉威|居家生活|-13 -15 -4|98 98 7 41|0.6 9
3558 神準|通信網路|62 67 -17|73 73 -20 21|1.0 629
3563 牧德|光電業|1 -6 16|95 95 17 55|1.0 45
3564 其陽|通信網路|-34 4 -16|92 92 -8 30|2.5 8
3570 大塚|資訊服務|12 39 10|86 86 42 64|0.3 27
3576 聯合再生|光電業|27 8 -15|86 90 -3 -4|0.6 116
3580 友威科|其他電子|41 43 1|70 75 -9 -16|0.5 8
3583 辛耘|半導體業|14 32 8|97 97 34 45|4.1 102
3587 閎康|其他電子|39 35 13|100 100 25 61|2.1 145
3588 通嘉|半導體業|-51 -55 -9|52 79 -13 -6|0.6 13
3591 艾笛森|光電業|13 4 11|91 91 11 57|0.8 71
3592 瑞鼎|半導體業|-46 -49 -13|79 79 -16 16|0.4 178
3594 磐儀|電腦及週|1 18 -2|100 100 28 127|1.4 78
3596 智易|通信網路|43 18 -11|87 100 8 18|1.3 336
3607 谷崧|電子零組|22 6 27|97 97 22 24|1.0 6
3611 鼎翰|電腦及週|-0 6 -9|95 95 10 23|0.3 18
3615 安可|光電業|-37 -13 4|99 99 17 22|3.5 6
3617 碩天|其他電子|-8 -3 -29|96 96 44 77|1.6 277
3622 洋華|光電業|-29 -16 -18|100 100 17 21|1.5 9
3624 光頡|電子零組|-22 -18 -6|77 86 15 49|0.3 117
3628 盈正|其他電子|52 19 6|99 99 26 48|0.8 16
3630 新鉅科|光電業|-42 -36 5|88 93 4 -1|0.6 7
3645 達邁|電子零組|-39 -48 -7|64 98 10 21|3.4 6
3646 艾恩特|電子零組|-17 -4 1|88 88 23 42|5.7 16
3652 精聯|電腦及週|1 -5 -5|81 81 -7 32|0.1 12
3653 健策|電子零組|6 15 -15|96 96 49 58|1.2 573
3661 世芯-KY|半導體業|186 152 72|98 98 65 88|1.2 5689
3663 鑫科|其他電子|-21 -14 3|87 87 7 17|0.6 8
3664 安瑞-KY|通信網路|-20 26 -0|74 74 102 159|1.0 25
3665 貿聯-KY|其他電子|-0 1 -60|82 97 -2 12|0.8 143
3673 TPK-KY|光電業|-20 -27 -19|100 100 25 36|0.9 186
3675 德微|半導體業|-20 -16 -11|92 92 18 84|0.5 380
3680 家登|半導體業|-18 35 -1|95 95 24 57|1.2 519
3687 歐買尬|數位雲端|-8 -1 -1|61 87 -2 2|0.4 18
3689 湧德|電子零組|-10 2 8|96 100 20 29|0.9 20
3691 碩禾|光電業|-57 -54 -21|64 84 -5 -6|0.3 19
3693 營邦|電腦及週|59 91 4|100 100 73 190|1.8 769
3694 海華|通信網路|26 6 14|98 98 36 36|0.9 21
3701 大眾控|電腦及週|-6 14 -1|96 96 58 79|1.4 166
3702 大聯大|電子通路|-26 -27 -14|100 100 7 14|1.6 221
3703 欣陸|建材營造|7 -22 -25|93 95 -2 6|0.6 49
3704 合勤控|通信網路|87 48 13|98 98 11 40|1.5 270
3705 永信|生技醫療|-16 -12 1|91 91 5 15|0.7 22
3706 神達|電腦及週|22 -1 -17|100 100 14 14|3.8 126
3707 漢磊|半導體業|-17 -18 -25|59 77 -12 -19|0.6 119
3708 上緯投控|綠能環保|-32 -25 -11|71 84 -12 0|1.1 59
3710 連展投控|電子零組|-8 -10 5|67 89 -4 0|0.6 9
3711 日月光投控|半導體業|-11 -11 -20|99 99 3 16|2.7 1376
3712 永崴投控|電腦及週|5 1 -9|91 91 21 42|0.2 71
3714 富采|光電業|-37 -38 -0|83 92 10 11|0.8 86
3715 定穎投控|電子零組|na na na|na 100 59 64|0.7 348
4102 永日|生技醫療|10 41 11|83 83 20 2|1.9 37
4104 佳醫|生技醫療|16 22 9|95 95 15 44|0.6 50
4105 東洋|生技醫療|-9 12 -1|93 93 1 -6|0.7 33
4106 雃博|生技醫療|10 13 -3|90 90 -2 23|0.6 9
4107 邦特|生技醫療|5 3 -5|92 95 -4 2|0.7 14
4108 懷特|生技醫療|8 2 20|87 87 8 13|0.6 11
4111 濟生|生技醫療|-8 -5 -8|80 80 5 15|0.3 18
4114 健喬|生技醫療|20 34 -2|85 85 -5 21|0.4 139
4116 明基醫|生技醫療|-4 8 -65|69 84 -5 -9|0.4 11
4119 旭富|生技醫療|162 169 95|89 89 6 22|0.4 49
4121 優盛|生技醫療|-23 -2 -8|76 76 11 33|0.4 73
4123 晟德|生技醫療|51 152 49|95 95 5 13|0.4 136
4126 太醫|生技醫療|13 29 6|100 100 15 28|0.7 32
4128 中天|生技醫療|-32 -9 1|75 83 -11 -15|0.6 104
4129 聯合|生技醫療|24 28 0|100 100 36 87|1.7 80
4130 健亞|生技醫療|25 36 24|76 76 2 25|1.0 46
4133 亞諾法|生技醫療|-8 3 8|76 86 -6 -7|0.7 6
4137 麗豐-KY|生技醫療|281 106 98|90 90 0 28|0.9 126
4138 曜亞|生技醫療|47 38 -0|96 96 42 85|1.0 87
4142 國光生|生技醫療|180 190 -58|86 86 -6 5|0.4 33
4147 中裕|生技醫療|3 49 -59|85 85 39 74|0.4 399
4148 全宇生技-KY|生技醫療|-24 -2 -55|78 80 -17 -5|0.5 10
4153 鈺緯|生技醫療|5 33 -2|73 73 5 55|0.3 13
4155 訊映|生技醫療|-42 -39 -39|94 94 7 35|0.7 36
4157 太景*-KY|生技醫療|131 55 -848|72 84 -4 -2|0.8 14
4160 訊聯基因|生技醫療|-17 -5 -4|75 75 45 50|1.2 19
4161 聿新科|生技醫療|44 48 29|93 93 29 32|0.5 15
4162 智擎|生技醫療|5 8 2|64 64 -19 -33|0.5 120
4163 鐿鈦|生技醫療|24 22 -7|100 100 5 50|1.8 103
4164 承業醫|生技醫療|2 32 -6|86 86 2 45|0.4 92
4167 松瑞藥|生技醫療|-48 -34 -10|62 62 -17 -5|0.4 17
4168 醣聯|生技醫療|-100 na na|69 85 -8 -11|0.4 18
4171 瑞基|農業科技|-80 -67 -15|53 75 -14 3|0.5 8
4173 久裕|生技醫療|22 17 8|95 95 23 38|0.7 45
4174 浩鼎|生技醫療|30 46 na|75 94 7 15|0.4 27
4175 杏一|生技醫療|-17 4 -3|70 70 35 50|0.7 125
4190 佐登-KY|生技醫療|30 33 18|76 76 -2 15|0.4 37
4303 信立|塑膠工業|-54 -40 -18|66 87 8 16|2.4 10
4306 炎洲|塑膠工業|-24 -16 5|92 92 7 11|0.7 18
4417 金洲|紡織纖維|58 27 -34|100 100 13 19|0.6 12
4438 廣越|紡織纖維|1 -7 -37|80 92 -5 -3|0.5 7
4439 冠星-KY|紡織纖維|-47 -30 -7|97 97 12 23|0.4 8
4503 金雨|電機機械|69 73 17|97 97 43 80|0.9 155
4510 高鋒|電機機械|-6 -18 -6|88 88 20 33|0.3 7
4532 瑞智|電機機械|-27 -22 4|94 99 10 18|0.5 5
4533 協易機|電機機械|239 88 62|98 98 11 24|1.0 17
4536 拓凱|運動休閒|7 20 -11|79 79 -15 16|0.7 110
4541 晟田|其他|-25 6 -9|89 89 26 39|0.3 242
4543 萬在|電機機械|10 12 10|100 100 79 79|4.4 28
4549 桓達|電機機械|57 30 9|99 99 10 16|0.5 6
4550 長佳|電機機械|-2 64 48|81 81 8 24|0.3 6
4551 智伸科|汽車工業|-27 -15 -12|76 82 -9 -14|1.0 52
4552 力達-KY|電機機械|8 23 24|100 100 19 23|2.0 8
4557 永新-KY|汽車工業|15 19 -31|86 97 1 13|0.5 9
4564 元翎|電機機械|-32 -42 -7|100 100 28 41|7.5 21
4566 時碩工業|電機機械|-12 -13 -21|83 83 -0 0|0.3 62
4572 駐龍|電機機械|25 46 -9|91 91 12 41|0.4 230
4580 捷流閥業|電機機械|1 12 9|93 93 10 16|0.4 5
4581 光隆精密-KY|汽車工業|31 39 25|96 96 62 102|0.9 27
4721 美琪瑪|化學工業|-58 -54 -50|64 85 -13 -5|0.5 32
4726 永昕|生技醫療|47 4 -2|76 94 -5 1|0.5 14
4728 雙美|生技醫療|36 53 -26|77 77 80 69|0.7 75
4736 泰博|生技醫療|-73 -36 -57|82 91 -5 -3|0.8 41
4739 康普|化學工業|-39 -38 -37|62 85 -13 -6|0.5 38
4741 泓瀚|化學工業|-28 -13 -17|77 77 19 22|0.3 10
4743 合一|生技醫療|-16 8 -940|77 78 -15 -20|0.4 612
4744 皇將|生技醫療|308 75 65|92 92 29 60|1.0 305
4746 台耀|生技醫療|8 18 -4|89 89 16 45|1.3 413
4747 強生製藥|生技醫療|13 31 3|100 100 8 114|1.2 35
4755 三福化|化學工業|-29 -24 -17|60 91 2 14|0.2 30
4760 勤凱科技|其他電子|-10 -16 27|93 93 45 66|0.5 7
4763 材料*-KY|化學工業|124 120 39|88 88 66 231|0.7 3360
4766 南寶|化學工業|-17 -4 -18|98 98 26 29|1.6 52
4768 晶呈科技|化學工業|3 19 -42|83 89 0 -5|1.1 108
4770 上品|化學工業|-6 20 -27|77 85 -11 3|0.7 109
4904 遠傳|通信網路|4 4 1|91 97 11 17|1.3 321
4906 正文|通信網路|63 57 17|97 97 12 10|1.2 92
4908 前鼎|通信網路|3 -13 -7|98 99 27 34|1.6 48
4909 新復興|通信網路|-2 19 20|98 98 16 27|0.7 12
4911 德英|生技醫療|743 543 119|99 99 19 58|0.6 21
4915 致伸|電子零組|-21 -14 -19|91 100 3 11|1.6 189
4916 事欣科|電腦及週|49 56 8|100 100 17 47|0.9 94
4919 新唐|半導體業|-30 -16 -8|74 81 -13 5|0.8 742
4923 力士|半導體業|-61 -48 -25|73 82 -17 9|0.8 5
4927 泰鼎-KY|電子零組|-20 -17 -7|72 97 8 11|1.4 55
4931 新盛力|電腦及週|16 13 -57|85 85 4 -9|0.8 90
4934 太極|光電業|35 97 9|86 86 8 12|0.3 23
4935 茂林-KY|光電業|25 -28 -13|88 88 -3 -9|1.0 5
4938 和碩|電腦及週|43 13 9|100 100 10 27|1.6 329
4950 金耘國際|鋼鐵工業|-55 -69 10|75 88 0 -6|2.6 89
4951 精拓科|半導體業|-34 -34 -8|na 89 24 27|0.5 18
4952 凌通|半導體業|-42 -48 -12|73 95 -2 17|0.8 10
4953 緯致|資訊服務|10 13 -9|92 92 14 40|0.4 170
4958 臻鼎-KY|電子零組|-31 -21 -25|91 91 2 -3|0.9 362
4960 誠美材|光電業|-29 -29 -2|84 84 -15 8|0.5 19
4961 天鈺|半導體業|-27 -28 4|86 86 -9 32|0.5 343
4966 譜瑞-KY|半導體業|-52 -52 -28|69 90 7 37|0.8 791
4967 十銓|半導體業|490 166 133|75 75 6 102|0.8 412
4968 立積|半導體業|-18 -25 -6|81 93 32 45|0.8 1042
4971 IET-KY|半導體業|-59 -43 -36|72 79 4 -1|0.2 7
4973 廣穎電通|半導體業|15 9 5|100 100 31 43|1.9 10
4974 亞泰|電子零組|10 -2 -7|95 95 -1 23|0.4 10
4976 佳凌|光電業|-22 2 16|85 87 12 16|0.3 29
4977 眾達-KY|通信網路|22 28 -16|88 88 1 20|1.5 268
4979 華星光|通信網路|40 91 -5|96 96 20 59|2.1 484
4994 傳奇|資訊服務|-18 -21 16|93 93 12 11|1.2 6
4995 晶達|光電業|-51 -21 -10|94 94 8 37|1.8 9
5009 榮剛|鋼鐵工業|18 27 -6|89 89 27 64|0.4 845
5011 久陽|鋼鐵工業|-24 -12 -21|79 92 6 17|0.3 8
5201 凱衛|資訊服務|-12 -2 -6|97 98 13 11|2.9 5
5203 訊連|資訊服務|-3 6 -6|82 82 0 13|0.3 30
5206 坤悅|建材營造|6119 na na|91 91 13 47|1.3 7
5209 新鼎|其他|166 118 52|99 99 114 159|0.5 102
5211 蒙恬|資訊服務|-2 7 -8|83 83 39 45|0.3 20
5213 亞昕|建材營造|-97 4 -84|98 98 14 18|1.0 7
5222 全訊|半導體業|47 40 11|89 89 34 48|0.3 392
5225 東科-KY|其他電子|-27 -21 -38|90 90 22 29|1.1 72
5227 立凱-KY|電子零組|109 237 91|89 90 2 -3|0.5 76
5234 達興材料|光電業|-8 -15 7|99 99 23 47|0.8 31
5236 凌陽創新|半導體業|-26 -32 10|93 100 20 54|1.7 10
5243 乙盛-KY|光電業|35 15 -6|100 100 43 54|2.9 433
5258 虹堡|電腦及週|37 32 -21|92 92 -6 29|0.5 548
5263 智崴|文化創意|18 21 5|82 82 -9 2|0.7 20
5269 祥碩|半導體業|31 22 29|84 88 20 63|1.0 1290
5274 信驊|半導體業|-50 -44 -55|91 91 4 35|1.4 1215
5284 jpp-KY|其他|38 42 -2|97 97 72 177|0.6 938
5285 界霖|半導體業|-21 -18 -9|81 81 -2 18|0.5 29
5287 數字|數位雲端|10 13 -2|98 98 9 17|0.6 6
5288 豐祥-KY|電機機械|-7 7 -21|98 98 10 17|0.5 14
5289 宜鼎|電腦及週|-36 -18 -6|100 100 51 84|1.9 432
5299 杰力|半導體業|-29 -42 -7|75 94 3 14|0.8 18
5306 桂盟|運動休閒|-27 -25 -6|88 94 -1 -1|0.8 16
5309 系統電|電子零組|-3 6 -21|90 90 1 7|0.3 82
5312 寶島科|生技醫療|12 22 -1|100 100 31 41|2.4 26
5315 光聯|光電業|-6 1 3|91 91 -2 23|0.3 9
5321 美而快|數位雲端|49 25 5|85 85 12 50|0.4 191
5324 士開|建材營造|35 51 4|86 86 8 18|1.6 11
5328 華容|電子零組|5 7 4|100 100 42 63|3.0 20
5340 建榮|電子零組|-40 -31 -21|96 96 4 106|1.2 33
5347 世界|半導體業|-20 -38 -33|92 92 0 12|1.1 286
5351 鈺創|半導體業|-49 -59 -11|69 92 -4 7|1.1 128
5353 台林|通信網路|26 39 9|89 89 31 59|0.5 53
5356 協益|電腦及週|-25 -8 1|100 100 29 39|0.9 19
5371 中光電|光電業|1 -15 -5|90 90 17 33|0.6 161
5381 光譜|電機機械|401 289 230|79 79 134 196|0.3 14
5388 中磊|通信網路|13 22 -20|95 100 17 26|1.3 270
5403 中菲|資訊服務|24 41 26|97 97 35 56|0.7 53
5410 國眾|資訊服務|4 1 -93|93 93 -2 -2|0.3 12
5425 台半|半導體業|-10 -3 -14|82 82 3 30|0.6 434
5434 崇越|電子通路|-3 -1 -17|99 99 8 19|1.5 46
5439 高技|電子零組|37 34 28|100 100 28 75|2.2 359
5452 佶優|其他電子|-32 -25 -1|86 86 0 48|0.2 12
5457 宣德|電子零組|-16 -4 -1|77 86 -9 -11|0.4 16
5464 霖宏|電子零組|-20 10 17|90 90 -10 26|1.4 56
5465 富驊|電腦及週|23 27 29|94 94 75 122|1.6 94
5469 瀚宇博|電子零組|5 -6 10|100 100 23 25|1.5 115
5471 松翰|半導體業|-43 -44 4|73 92 -6 7|0.8 9
5475 德宏|電子零組|26 5 53|84 88 17 32|0.3 7
5478 智冠|文化創意|12 6 4|97 97 27 36|0.5 29
5483 中美晶|半導體業|6 9 -8|95 95 0 2|1.3 511
5498 凱崴|電子零組|-19 -23 -6|100 100 17 32|4.1 28
5511 德昌|建材營造|53 34 3|100 100 81 87|1.8 89
5512 力麒|建材營造|14 9 -9|90 90 -7 24|1.5 15
5519 隆大|建材營造|-58 95 -39|99 99 4 11|0.6 7
5522 遠雄|建材營造|-84 -36 -5|100 100 6 19|0.8 28
5530 龍巖|其他|-2 13 3|81 93 -2 3|0.7 7
5531 鄉林|建材營造|-14 650 515|93 93 30 30|2.3 47
5534 長虹|建材營造|-72 -50 -425|98 98 3 11|0.8 20
5536 聖暉*|其他電子|20 17 -16|73 100 15 58|0.9 48
5607 遠雄港|航運業|-17 -11 -20|86 86 10 17|0.7 46
5608 四維航|航運業|-51 -50 -39|55 74 -23 -3|0.4 35
5609 中菲行|航運業|-58 -54 -31|86 97 7 20|0.6 15
5704 老爺知|觀光餐旅|16 3 -153|85 85 -11 50|2.6 17
5706 鳳凰|觀光餐旅|1656 1407 794|100 100 44 91|5.1 784
5864 致和證|金融業|287 122 123|100 100 77 112|2.3 26
5871 中租-KY|其他|14 15 -4|84 84 -10 7|2.7 808
5876 上海商銀|金融保險|14 11 -10|87 89 -4 -1|3.8 219
5880 合庫金|金融保險|46 37 24|99 99 6 7|1.3 187
5903 全家|居家生活|9 10 -2|94 94 4 13|0.4 6
5904 寶雅|居家生活|16 10 -7|86 86 -12 11|1.1 133
5905 南仁湖|觀光餐旅|46 2 -55|94 94 -0 15|1.9 13
5906 台南-KY|貿易百貨|60 29 -29|100 100 73 117|0.7 16
6005 群益證|金融保險|109 54 57|99 99 17 24|0.6 57
6015 宏遠證|金融業|27 5 -16|80 96 3 2|1.8 5
6016 康和證|金融業|-66 6 -246|100 100 11 20|2.1 12
6024 群益期|金融保險|-28 -22 -28|99 99 13 23|0.8 13
6026 福邦證|金融業|107 120 157|92 98 18 21|1.3 21
6101 寬魚國際|文化創意|313 777 -3320|65 65 -6 62|0.9 18
6104 創惟|半導體業|-36 -46 -10|56 92 -5 32|1.0 161
6109 亞元|通信網路|-10 -0 -4|86 86 -8 4|0.3 8
6111 光聚晶電|文化創意|41 106 -143|87 87 43 65|1.2 185
6112 邁達特|資訊服務|27 22 12|98 98 82 124|1.3 779
6116 彩晶|光電業|-14 -33 3|88 88 -2 7|0.5 58
6118 建達|電子通路|1 -6 -4|72 80 -13 6|1.6 22
6120 達運|光電業|-10 -22 16|94 94 6 19|1.6 9
6121 新普|電腦及週|-18 -15 -10|97 97 4 9|1.0 169
6122 擎邦|電機機械|98 126 73|100 100 95 146|0.6 312
6123 上奇|資訊服務|-10 10 -9|97 97 6 39|1.5 13
6125 廣運|電機機械|25 23 -12|98 98 24 35|2.8 156
6126 信音|電子零組|-8 -9 0|97 97 15 20|1.1 11
6127 九豪|電子零組|-3 -17 12|99 99 38 60|0.7 12
6128 上福|電腦及週|-17 -13 -18|95 95 -1 16|0.4 6
6129 普誠|半導體業|-23 11 -1|79 88 -5 8|0.3 37
6133 金橋|電子零組|-21 -8 -27|67 71 -12 -25|0.3 16
6134 萬旭|電子零組|15 2 5|87 87 14 16|0.1 7
6138 茂達|半導體業|-37 -39 -12|81 93 12 39|0.5 166
6139 亞翔|其他電子|26 31 -10|96 96 36 93|0.7 228
6140 訊達電腦|資訊服務|-10 4 -4|87 87 14 21|0.3 10
6142 友勁|通信網路|55 63 -9|83 83 -6 30|0.7 19
6143 振曜|通信網路|48 44 14|80 80 -3 23|0.4 74
6146 耕興|其他電子|0 4 -6|88 88 -10 23|1.0 113
6147 頎邦|半導體業|-25 -28 -5|94 94 -3 14|0.6 118
6148 驊宏資|資訊服務|79 95 72|86 86 132 185|0.7 99
6150 撼訊|電腦及週|-30 -34 21|93 100 4 28|4.8 21
6152 百一|通信網路|-37 4 -1|87 87 9 -2|0.3 6
6153 嘉聯益|電子零組|24 -12 -14|78 83 -2 -16|0.8 25
6156 松上|電子零組|-39 -17 1|89 89 2 -4|0.8 6
6160 欣技|電腦及週|47 71 58|100 100 70 122|1.3 333
6161 捷波|電腦及週|-46 -37 -9|100 100 29 40|1.9 10
6163 華電網|資訊服務|13 39 11|82 82 46 51|0.3 85
6164 華興|光電業|-21 -15 1|95 95 27 35|4.1 5
6165 浪凡|數位雲端|3 -6 -9|92 92 0 19|1.0 10
6167 久正|光電業|-16 -9 -10|86 86 35 36|0.4 54
6168 宏齊|光電業|-46 -31 -4|90 90 9 32|0.3 13
6170 統振|通信網路|-12 -24 1|95 95 -5 19|0.6 7
6173 信昌電|電子零組|-23 -26 10|89 98 3 22|0.7 26
6175 立敦|電子零組|-5 -15 3|93 93 4 27|0.5 13
6176 瑞儀|光電業|43 -11 -12|98 98 12 13|1.1 171
6177 達麗|建材營造|-87 421 364|96 96 1 12|0.2 7
6179 亞通|其他|-3 60 52|89 89 9 28|0.6 66
6180 橘子|文化創意|-4 -12 -7|85 85 -5 27|1.0 66
6182 合晶|半導體業|-12 -12 -22|74 91 0 -1|0.5 79
6185 幃翔|電子零組|76 46 21|96 96 59 80|0.8 55
6186 新潤|建材營造|-19 na na|95 95 12 42|0.5 9
6187 萬潤|半導體業|-67 -67 -30|66 93 -4 14|3.2 16
6188 廣明|電腦及週|19 -0 -11|100 100 37 75|3.5 99
6189 豐藝|電子通路|-15 -9 10|100 100 9 15|0.9 11
6190 萬泰科|通信網路|-31 -26 -22|82 97 7 8|3.1 32
6191 精成科|電子零組|18 -2 9|97 97 30 34|1.3 213
6192 巨路|其他電子|33 14 7|99 99 4 14|0.4 7
6194 育富|電子零組|-13 27 41|98 98 24 24|1.4 18
6196 帆宣|其他電子|19 48 1|97 97 2 12|1.0 35
6197 佳必琪|電子零組|4 25 10|100 100 39 62|1.5 85
6198 瑞築|建材營造|9315 3043 2227|95 95 74 65|2.1 7
6202 盛群|半導體業|-62 -60 -20|76 91 -5 0|1.4 44
6203 海韻電|電子零組|17 44 68|100 100 58 80|2.0 92
6205 詮欣|電子零組|-48 -7 -11|70 70 -24 -9|0.4 45
6206 飛捷|電腦及週|-49 -48 -29|73 95 -2 5|0.7 12
6209 今國光|光電業|-25 -13 -4|92 92 20 16|0.4 24
6213 聯茂|電子零組|-28 -20 0|72 87 -3 -6|1.1 96
6214 精誠|資訊服務|24 9 -6|100 100 32 48|2.0 241
6215 和椿|其他電子|-42 -42 -15|100 100 11 48|1.9 9
6217 中探針|電子零組|-12 -2 -4|70 93 -2 6|2.0 20
6218 豪勉|通信網路|65 88 52|96 96 49 55|1.4 135
6219 富旺|建材營造|-94 33 67|70 96 2 -4|0.9 5
6220 岳豐|電子零組|-16 -19 -3|77 94 -1 7|0.4 14
6223 旺矽|半導體業|8 9 -0|98 98 33 50|1.8 845
6224 聚鼎|電子零組|-4 -9 7|77 93 -3 18|0.7 7
6226 光鼎|光電業|-14 -16 -8|87 96 7 19|0.7 6
6227 茂綸|電子通路|-2 2 -2|84 84 -12 8|1.2 13
6229 研通|半導體業|-46 -43 -7|98 100 19 19|1.2 6
6230 尼得科超眾|電腦及週|6 20 4|96 96 47 59|0.6 27
6231 系微|資訊服務|-11 -12 -9|83 83 20 63|0.5 76
6233 旺玖|半導體業|1 -8 -4|98 98 29 42|0.9 26
6234 高僑|光電業|284 67 50|87 87 44 92|0.4 201
6235 華孚|電腦及週|83 61 8|100 100 115 260|0.8 2368
6237 驊訊|半導體業|-48 -48 2|71 84 -10 1|0.6 10
6239 力成|半導體業|-23 -22 -11|100 100 12 19|1.4 237
6242 立康|生技醫療|31 62 -60|95 95 26 55|0.4 9
6243 迅杰|半導體業|110 35 38|100 100 42 59|0.8 77
6244 茂迪|光電業|-26 28 29|84 84 21 38|0.3 249
6245 立端|通信網路|38 29 -8|97 97 17 55|1.2 1034
6248 沛波|鋼鐵工業|-1 43 -5|80 80 19 38|0.4 31
6257 矽格|半導體業|-27 -24 -20|97 98 3 11|0.9 52
6261 久元|半導體業|-33 -39 -15|93 98 2 11|0.6 9
6263 普萊德|通信網路|6 33 12|90 90 28 48|0.5 18
6266 泰詠|電子零組|84 59 16|86 86 22 62|0.3 96
6269 台郡|電子零組|55 6 -5|88 88 1 -10|1.4 125
6271 同欣電|半導體業|-20 -17 -11|67 76 -18 -13|0.9 240
6274 台燿|電子零組|-27 -22 0|98 98 35 42|1.4 412
6275 元山|電子零組|-11 4 13|89 89 18 34|0.5 22
6276 安鈦克|電腦及週|-2 -10 5|100 100 138 193|0.5 20
6277 宏正|電腦及週|6 10 1|99 99 4 11|0.5 13
6278 台表科|光電業|-14 -33 -15|95 97 13 9|0.6 71
6279 胡連|電子零組|14 27 -7|81 91 -5 -5|0.8 99
6282 康舒|電子零組|-17 -17 -20|99 99 15 53|1.1 811
6284 佳邦|電子零組|10 7 12|93 93 1 18|0.7 16
6285 啟碁|通信網路|54 45 -2|85 85 4 2|0.7 523
6288 聯嘉|汽車工業|-0 20 9|93 93 11 38|0.6 187
6290 良維|電子零組|-20 -12 -5|75 75 -22 1|0.4 92
6291 沛亨|半導體業|30 17 -13|100 100 150 158|3.7 22
6409 旭隼|其他電子|-13 9 -17|100 100 17 23|1.5 245
6411 晶焱|半導體業|-40 -32 8|80 84 -10 23|0.6 72
6412 群電|電子零組|-11 -16 -10|97 97 10 26|0.7 31
6414 樺漢|電腦及週|26 36 3|99 99 20 41|0.8 342
6415 矽力*-KY|半導體業|-51 -45 -29|59 62 -33 -13|1.3 1271
6416 瑞祺電通|通信網路|-18 -5 -11|87 87 5 0|0.5 32
6417 韋僑|通信網路|24 22 -3|86 86 30 77|0.6 150
6432 今展科|電子零組|-18 -20 9|96 97 6 20|0.8 5
6435 大中|半導體業|-29 -29 -5|66 92 1 -3|0.5 7
6438 迅得|其他電子|38 34 12|97 97 15 35|2.4 110
6441 廣錠|電腦及週|109 64 72|95 95 8 57|2.3 37
6442 光聖|通信網路|-4 -2 -4|78 94 4 14|0.2 10
6443 元晶|光電業|24 18 -13|84 90 -3 11|0.4 238
6446 藥華藥|生技醫療|-5 206 -288|57 65 -31 -34|1.3 1065
6451 訊芯-KY|半導體業|-1 50 -1|97 97 8 18|1.6 31
6456 GIS-KY|光電業|-13 -41 -25|81 81 -8 -12|1.3 105
6461 益得|生技醫療|188 11 31|83 96 23 15|1.1 20
6462 神盾|半導體業|-26 1 -4|89 92 7 38|0.3 8
6469 大樹|生技醫療|5 15 -8|81 81 -1 17|1.1 218
6470 宇智|通信網路|-14 25 -24|90 91 8 22|0.9 73
6472 保瑞|生技醫療|103 240 25|90 90 48 63|0.7 3011
6477 安集|光電業|-46 -30 -84|88 91 11 15|0.3 86
6485 點序|半導體業|-21 -23 -2|97 97 47 58|0.8 100
6488 環球晶|半導體業|7 12 -4|83 92 -1 10|1.1 624
6491 晶碩|生技醫療|5 -2 -8|76 76 -19 3|0.8 192
6492 生華科|生技醫療|0 0 na|64 78 -10 2|0.9 5
6494 九齊|半導體業|-32 -36 4|57 85 -11 2|0.4 6
6499 益安|生技醫療|142 284 45|83 92 -5 7|0.5 5
6505 台塑化|油電燃氣|-26 -6 -29|90 96 3 4|1.1 123
6508 惠光|農業科技|-58 -25 -29|76 91 -6 0|0.6 5
6509 聚和|化學工業|3 -7 -14|92 93 -3 14|0.5 34
6510 精測|半導體業|-34 -24 -20|79 79 -16 16|1.3 51
6515 穎崴|半導體業|9 17 -50|95 95 32 111|1.8 853
6516 勤崴國際|資訊服務|-11 23 -30|94 94 16 18|0.5 7
6517 保勝光學|光電業|-34 -10 -27|na na 73 na|0.7 360
6523 達爾膚|生技醫療|13 28 36|82 82 9 38|0.2 42
6525 捷敏-KY|半導體業|-4 -8 -10|90 98 2 10|1.2 8
6527 明達醫|生技醫療|-26 38 12|82 82 7 40|0.9 37
6531 愛普*|半導體業|-34 -41 -1|100 100 18 71|1.6 1645
6532 瑞耘|半導體業|3 15 -13|83 83 -3 -11|0.4 11
6533 晶心科|半導體業|56 53 20|84 84 -11 -7|1.0 772
6535 順藥|生技醫療|17 66 -1201|99 99 51 75|2.9 116
6538 倉和|電子零組|18 23 5|87 87 29 45|0.4 90
6541 泰福-KY|生技醫療|2401 786 na|37 56 -31 -15|0.2 12
6546 正基|通信網路|-47 -48 -21|na 95 4 8|1.0 39
6547 高端疫苗|生技醫療|-100 -100 na|40 75 10 -21|0.5 108
6548 長科*|半導體業|-16 -20 -17|47 91 23 39|0.4 56
6550 北極星藥業-KY|生技醫療|15 -62 7|na 82 -9 -18|1.0 283
6556 勝品|光電業|-7 2 -4|63 63 -29 8|0.4 12
6558 興能高|其他電子|307 111 98|99 99 24 24|1.1 19
6561 是方|通信網路|5 7 -3|87 87 1 30|0.5 24
6568 宏觀|半導體業|-23 1 -30|84 84 -6 20|0.4 38
6570 維田|電腦及週|26 20 -4|95 95 13 46|0.6 65
6576 逸達|生技醫療|-100 -31 -5684|62 65 -24 -5|0.5 34
6577 勁豐|電腦及週|61 23 18|99 99 25 36|2.1 11
6579 研揚|電腦及週|6 2 -19|100 100 32 56|4.2 36
6589 台康生技|生技醫療|-69 -19 -5|71 71 -7 -17|0.4 370
6590 普鴻|資訊服務|29 35 13|81 81 37 80|0.2 15
6591 動力-KY|電腦及週|-9 -36 -4|92 100 19 32|2.2 11
6592 和潤企業|其他|27 29 2|96 96 17 32|0.9 140
6596 寬宏藝術|文化創意|109 -4 -13136|91 91 13 22|1.4 14
6603 富強鑫|電機機械|-17 -14 -11|86 90 -7 -0|0.9 9
6605 帝寶|汽車工業|2 15 3|97 97 13 38|0.4 68
6612 奈米醫材|生技醫療|43 31 2|89 89 17 98|0.6 151
6613 朋億*|其他電子|58 20 -5|65 100 2 28|1.3 9
6625 必應|其他|608 300 -43|93 93 90 195|0.8 340
6643 M31|半導體業|24 30 -7|98 98 45 80|1.6 1161
6664 群翊|電子零組|-12 10 -8|95 95 12 33|1.1 24
6666 羅麗芬-KY|生技醫療|1 25 25|83 83 -10 17|0.2 7
6667 信紘科|其他電子|20 10 -20|99 100 23 24|0.8 15
6669 緯穎|電腦及週|-9 34 -19|94 94 24 35|1.3 2008
6670 復盛應用|運動休閒|-31 -18 -46|84 84 -15 1|0.5 41
6672 騰輝電子-KY|電子零組|-23 -26 9|99 99 6 31|1.3 71
6679 鈺太|半導體業|-41 -41 -2|96 99 15 40|1.0 92
6680 鑫創電子|電腦及週|6 47 10|90 90 43 66|1.9 6
6683 雍智科技|半導體業|-7 -3 -5|88 100 6 22|2.7 24
6689 伊雲谷|數位雲端|16 13 18|na 98 9 88|1.6 635
6690 安碁資訊|數位雲端|15 11 -52|81 81 10 60|0.5 57
6691 洋基工程|其他電子|36 39 1|100 100 5 58|1.3 89
6697 東捷資訊|資訊服務|9 -9 -13|93 93 68 98|1.4 13
6698 旭暉應材|其他電子|-10 -4 -37|99 99 33 46|1.5 18
6703 軒郁|生技醫療|55 60 19|95 95 80 150|0.5 109
6706 惠特|光電業|-76 -77 -20|56 77 -13 -5|0.4 23
6712 長聖|生技醫療|10 16 -4|85 93 4 -2|0.7 301
6715 嘉基|電子零組|-20 7 -29|83 83 -3 9|0.4 37
6719 力智|半導體業|-53 -58 -30|51 83 -1 17|0.5 492
6732 昇佳電子|半導體業|-19 -27 11|73 73 -7 37|0.5 188
6733 博晟生醫|生技醫療|160 150 -134|100 100 65 101|0.6 45
6741 91APP*-KY|數位雲端|8 16 4|84 84 2 54|0.4 486
6743 安普新|其他電子|15 -14 3|88 88 25 66|0.3 9
6747 亨泰光|生技醫療|14 9 -3|82 82 8 32|0.4 54
6751 智聯服務|資訊服務|18 39 18|80 80 58 160|0.3 34
6752 叡揚|資訊服務|39 24 1|92 92 21 206|0.4 67
6754 匯僑設計|居家生活|-9 -4 -15|84 84 20 5|1.0 8
6756 威鋒電子|半導體業|-43 -54 -15|69 93 9 13|1.0 46
6763 綠界科技*|數位雲端|2 8 4|85 85 7 34|0.7 114
6767 台微醫|生技醫療|52 89 36|100 100 40 60|1.1 9
6768 志強-KY|運動休閒|5 -6 -101|74 86 -4 -14|0.4 6
6770 力積電|半導體業|-47 -46 -34|54 88 -6 -5|0.7 262
6776 展碁國際|電子通路|-4 -3 0|97 97 31 44|0.5 20
6781 AES-KY|電子零組|-38 -25 -37|60 82 -16 11|1.1 379
6782 視陽|生技醫療|-32 -26 -50|na na -36 na|0.7 136
6788 華景電|半導體業|-31 7 -19|84 84 0 40|0.3 42
6789 采鈺|半導體業|-22 -31 -14|na 88 -4 7|1.5 117
6790 永豐實|造紙工業|16 15 7|96 98 3 9|0.7 15
6791 虎門科技|資訊服務|10 12 -3|na 80 34 144|0.5 46
6796 晉弘|生技醫療|21 18 16|na 81 -18 9|0.2 8
6799 來頡|半導體業|-28 -29 -21|74 83 4 45|0.7 270
6803 崑鼎|綠能環保|13 14 -5|98 98 17 29|0.8 21
6804 明係|運動休閒|24 28 -63|92 92 33 22|0.5 11
6806 森崴能源|綠能環保|80 44 -1|91 91 30 77|0.4 641
6811 宏碁資訊|數位雲端|19 15 2|na 84 31 103|0.4 189
6829 千附精密|半導體業|-41 -35 -16|89 89 67 91|0.4 270
6830 汎銓|其他電子|31 19 3|na 100 18 67|1.3 45
6841 長佳智能|生技醫療|112 41 -359|na na -16 na|0.7 54
6843 進典|電機機械|64 29 -11|na 91 14 48|0.4 7
6865 偉康科技|數位雲端|-20 2 -7|na na -29 na|0.2 5
6874 倍力|資訊服務|74 4 -46|na na 31 na|0.5 102
7402 邑錡|光電業|-16 -21 -22|78 78 66 65|0.4 38
8011 台通|通信網路|33 7 10|100 100 36 42|3.2 69
8016 矽創|半導體業|-12 -25 8|89 89 -3 21|0.5 139
8021 尖點|其他電子|-37 -35 -13|94 99 3 4|1.3 7
8027 鈦昇|電機機械|-86 -64 -50|59 82 -10 -14|0.5 11
8028 昇陽半導體|半導體業|21 25 11|82 93 6 10|0.8 40
8033 雷虎|其他|-20 -5 -6|89 89 29 64|0.6 124
8038 長園科|電子零組|2719 1388 642|94 94 33 49|1.0 121
8040 九暘|半導體業|-40 -33 -31|84 84 -1 -8|4.1 9
8044 網家|數位雲端|-19 -14 -4|69 73 -20 6|0.6 30
8046 南電|電子零組|-16 -11 -22|77 98 21 17|1.4 2676
8048 德勝|通信網路|130 68 27|100 100 60 84|2.9 70
8049 晶采|光電業|-9 30 8|94 94 -1 34|0.4 14
8050 廣積|電腦及週|28 25 1|92 92 -2 11|0.6 171
8054 安國|半導體業|16 15 -6|78 99 4 8|4.5 6
8059 凱碩|通信網路|-24 -11 11|95 95 57 76|5.4 8
8064 東捷|光電業|-12 12 13|99 99 12 25|0.7 7
8069 元太|光電業|3 28 -29|83 98 6 22|0.8 1961
8070 長華*|電子通路|-23 -25 -16|99 99 10 20|1.0 24
8076 伍豐|電腦及週|-23 -13 -12|96 96 18 21|1.3 158
8081 致新|半導體業|-25 -28 -3|94 98 8 37|0.5 64
8083 瑞穎|電機機械|-52 -51 -9|85 90 -6 -8|0.9 6
8084 巨虹|電子通路|3 4 -30|71 73 -8 -22|0.4 26
8085 福華|其他電子|46 27 19|95 95 74 90|1.7 108
8086 宏捷科|半導體業|-37 -38 15|88 88 8 10|0.6 107
8088 品安|半導體業|-26 -9 -7|100 100 33 60|1.4 74
8091 翔名|半導體業|-17 -5 -13|88 88 7 23|0.9 84
8093 保銳|電子零組|9 24 28|79 79 15 33|0.4 7
8097 常珵|通信網路|-100 -43 -517|74 92 12 9|1.0 142
8099 大世科|資訊服務|-1 11 7|100 100 67 77|2.7 218
8104 錸寶|光電業|-0 50 3|83 90 6 25|0.4 5
8105 凌巨|光電業|3 -6 -3|86 86 -7 6|0.3 18
8109 博大|電子零組|13 37 12|92 92 0 5|0.5 6
8110 華東|半導體業|-20 -18 -18|92 97 8 11|0.5 10
8111 立碁|光電業|-9 -2 18|85 85 5 33|0.2 7
8112 至上|電子通路|-20 -37 -5|100 100 12 26|0.5 75
8114 振樺電|電腦及週|-13 -10 -27|64 86 -10 -7|0.5 27
8121 越峰|電子零組|-16 -11 -6|86 93 14 17|0.5 31
8131 福懋科|半導體業|-33 -22 -19|96 96 0 10|0.8 16
8150 南茂|半導體業|-22 -25 -0|87 100 9 20|1.9 68
8155 博智|電子零組|-25 -25 -23|90 90 21 35|1.4 222
8163 達方|電腦及週|-15 -15 -10|100 100 13 21|1.0 34
8171 天宇|綠能環保|-21 -13 -92|86 86 -14 32|0.4 35
8183 精星|其他電子|26 7 -37|79 90 -3 -3|0.5 28
8210 勤誠|電腦及週|48 11 1|100 100 30 57|5.4 177
8213 志超|電子零組|-36 -34 0|85 96 3 13|1.8 13
8215 明基材|光電業|5 5 12|87 87 -3 13|0.5 56
8222 寶一|電機機械|30 70 28|92 92 86 147|0.5 914
8227 巨有科技|半導體業|-54 22 -33|na na 9 na|1.0 61
8234 新漢|電腦及週|-36 -12 -17|93 93 5 39|0.8 30
8249 菱光|電子零組|-23 6 -6|97 97 9 13|1.3 6
8255 朋程|電機機械|20 18 1|88 88 2 12|0.5 92
8261 富鼎|半導體業|-31 -37 -14|75 90 -3 -1|0.4 63
8271 宇瞻|半導體業|-30 -12 -6|100 100 20 39|1.4 31
8279 生展|生技醫療|19 26 -6|96 96 6 31|1.1 6
8289 泰藝|電子零組|-31 -13 -5|82 82 -10 14|0.2 21
8299 群聯|半導體業|-43 -40 -15|100 100 17 34|1.4 408
8341 日友|綠能環保|-21 -20 -20|76 80 -6 9|0.8 24
8349 恒耀國際|鋼鐵工業|26 10 -0|80 91 -3 -1|0.3 17
8358 金居|電子零組|-28 -21 4|85 85 -9 9|1.3 160
8383 千附|半導體業|-22 -17 -20|89 89 -3 12|0.2 15
8390 金益鼎|綠能環保|-6 3 -6|94 94 16 36|0.4 36
8403 盛弘|生技醫療|-23 -15 -15|79 79 1 10|0.4 65
8415 大國鋼|鋼鐵工業|-12 1 -11|91 91 -7 1|0.8 9
8416 實威|資訊服務|28 14 13|94 94 19 29|0.4 6
8420 明揚|運動休閒|21 41 4|94 94 3 37|0.5 34
8422 可寧衛*|綠能環保|-14 5 -59|100 100 10 20|1.1 50
8426 紅木-KY|其他|127 98 49|94 94 82 153|0.5 42
8431 匯鑽科|其他電子|-32 -19 4|98 98 21 22|0.5 11
8433 弘帆|居家生活|-12 -10 -12|82 82 -12 15|0.3 5
8436 大江|生技醫療|7 14 16|76 76 -20 41|0.6 176
8440 綠電|綠能環保|-16 5 7|59 85 -2 -4|0.2 11
8442 威宏-KY|其他|-1 9 -35|92 92 0 15|0.6 10
8446 華研|文化創意|123 52 28|91 91 29 45|1.7 150
8454 富邦媒|數位雲端|4 10 -2|76 76 -14 21|0.9 426
8462 柏文|運動休閒|17 13 -3584|97 97 9 38|0.4 11
8464 億豐|居家生活|-21 -12 -5|98 98 5 30|0.9 84
8476 台境*|綠能環保|-57 -54 -313|98 98 7 52|1.0 23
8478 東哥遊艇|運動休閒|-25 -2 -17|97 97 38 74|0.5 2283
8905 裕國|其他|76 144 104|100 100 23 38|1.3 12
8916 光隆|其他|-25 -17 -37|83 87 -6 -9|0.6 13
8924 大田|運動休閒|-71 7 12|78 78 -19 -5|0.7 60
8926 台汽電|油電燃氣|-4 25 21|97 97 46 53|0.9 174
8927 北基|油電燃氣|6 7 -11|97 97 14 40|1.2 86
8930 青鋼|鋼鐵工業|1 16 14|100 100 31 40|0.9 19
8931 大汽電|油電燃氣|15 60 2|82 82 24 89|0.4 20
8932 智通*|數位雲端|5 4 26|99 99 43 59|1.3 39
8933 愛地雅|運動休閒|-8 -6 -18|45 61 -28 -38|0.4 8
8936 國統|其他|-21 -20 1|86 86 -11 35|0.2 57
8937 合騏*|其他|94 143 27|98 98 30 36|2.0 6
8938 明安|運動休閒|-42 4 -14|74 74 -25 -11|0.3 43
8940 新天地|觀光餐旅|117 68 -112|97 97 19 110|2.3 63
8942 森鉅|其他|16 21 19|99 99 4 15|0.8 14
8996 高力|電機機械|95 92 37|92 92 3 67|2.0 1322
9802 鈺齊-KY|運動休閒|8 14 -32|64 77 -4 -16|1.3 133
9904 寶成|運動休閒|-3 -2 -18|91 91 -6 -2|1.0 128
9907 統一實|其他|-18 -4 4|92 92 7 12|0.7 64
9910 豐泰|運動休閒|-16 -13 -51|91 91 5 4|1.1 194
9911 櫻花|居家生活|-15 -4 -8|99 99 2 7|1.1 9
9914 美利達|運動休閒|-11 2 -25|73 100 9 7|1.8 126
9917 中保科|其他|11 12 2|100 100 16 16|1.2 67
9919 康那香|其他|14 -1 11|86 95 2 4|1.3 101
9921 巨大|運動休閒|20 1 -10|81 85 2 -15|0.7 252
9927 泰銘|其他|-13 -8 -0|99 99 14 23|0.5 9
9930 中聯資源|綠能環保|4 19 13|97 97 12 16|1.6 11
9933 中鼎|其他|-11 -9 -28|83 90 -8 1|0.8 65
9934 成霖|居家生活|-10 -12 -11|91 91 2 3|0.5 6
9938 百和|其他|-58 -33 -21|81 85 -10 2|0.7 26
9939 宏全|其他|17 16 -1|97 97 8 27|0.9 176
9941 裕融|其他|14 19 2|99 99 11 29|0.6 142
9942 茂順|其他|66 45 26|98 98 29 42|0.9 142
9943 好樂迪|觀光餐旅|78 25 -1229|95 95 27 43|2.7 103
9944 新麗|其他|-11 -8 -4|99 99 13 13|4.9 9
9945 潤泰新|其他|-14 18 2|69 74 -19 -21|0.7 156
9951 皇田|電機機械|19 20 8|99 99 4 20|1.1 5
9955 佳龍|綠能環保|-8 -15 8|85 85 19 37|0.2 26
9958 世紀鋼|鋼鐵工業|86 58 53|93 93 6 33|1.3 339
9962 有益|鋼鐵工業|-3 2 -17|87 87 -4 28|0.3 10
