# 2023-08 月末(2023-08-31)全池量化快照(1064 檔)。欄位:代碼 名稱|產業|最新YoY 3月YoY 加速|距52週高% 距120日高% 60日漲% 120日漲%|量能x 日均值M
1101 台泥|水泥工業|-11 3 -8|89 89 -9 -7|1.3 600
1102 亞泥|水泥工業|-14 -12 -5|94 94 -6 -6|0.7 190
1103 嘉泥|水泥工業|49 47 19|83 83 -5 -1|0.4 8
1104 環泥|水泥工業|10 13 -5|94 94 8 24|0.3 24
1108 幸福|水泥工業|35 38 2|84 84 3 13|1.0 22
1201 味全|食品工業|4 4 1|90 91 -7 -10|0.7 6
1210 大成|食品工業|-3 2 -7|88 88 6 10|0.4 121
1215 卜蜂|食品工業|-2 4 -5|98 98 7 16|0.6 64
1216 統一|食品工業|14 9 -0|94 94 -1 7|1.0 464
1217 愛之味|食品工業|-6 0 -3|86 86 12 12|0.9 133
1218 泰山|食品工業|5 3 -1|53 75 -19 -18|0.5 27
1219 福壽|食品工業|6 1 -4|93 94 0 -6|0.5 7
1227 佳格|食品工業|0 7 13|92 92 -5 -8|0.4 17
1229 聯華|食品工業|13 1 -1|93 93 7 22|0.5 69
1231 聯華食|食品工業|-3 -2 -11|93 93 6 9|0.6 22
1234 黑松|食品工業|3 14 -3|96 96 7 14|0.5 10
1268 漢來美食|觀光餐旅|28 96 36|78 78 -14 -6|0.3 27
1301 台塑|塑膠工業|-17 -28 -0|88 88 -11 -9|0.8 526
1303 南亞|塑膠工業|-23 -31 -0|85 85 -13 -10|1.0 238
1304 台聚|塑膠工業|-30 -30 -7|81 81 -6 -12|0.6 32
1305 華夏|塑膠工業|-35 -32 -1|84 87 1 -14|0.5 59
1307 三芳|塑膠工業|-3 -8 -24|94 94 5 19|0.4 9
1308 亞聚|塑膠工業|-42 -38 -20|87 87 -0 -9|0.8 27
1309 台達化|塑膠工業|-31 -32 -7|77 78 -12 -21|0.5 10
1310 台苯|塑膠工業|-48 -47 -17|87 87 -12 8|0.4 16
1312 國喬|塑膠工業|-11 -26 -4|81 81 -12 -14|0.4 21
1313 聯成|塑膠工業|3 -11 7|86 86 3 -1|0.3 25
1316 上曜|建材營造|-85 -86 -82|64 79 -14 -8|0.9 19
1319 東陽|汽車工業|3 5 -5|100 100 38 61|1.8 375
1326 台化|塑膠工業|-14 -25 -11|83 88 -9 -11|1.2 259
1338 廣華-KY|汽車工業|-38 -27 -9|67 82 -13 -18|3.0 8
1339 昭輝|汽車工業|0 -3 -5|97 97 7 6|1.8 8
1342 八貫|其他|-12 -4 -11|70 70 -10 -26|0.7 38
1402 遠東新|紡織纖維|-6 -8 -6|88 88 -9 -10|1.0 159
1409 新纖|紡織纖維|-18 -17 1|90 90 -5 -10|2.1 31
1434 福懋|紡織纖維|-24 -21 -11|95 95 -4 -4|0.8 24
1440 南紡|紡織纖維|-15 -12 -13|81 86 -7 -16|0.6 9
1442 名軒|建材營造|-7 25 -411|94 95 12 12|0.2 15
1444 力麗|紡織纖維|-42 -36 -14|90 95 2 1|0.3 12
1446 宏和|紡織纖維|-55 -14 -20|95 95 22 18|0.4 6
1467 南緯|紡織纖維|-20 -29 -2|90 90 1 0|0.5 17
1471 首利|電子零組|36 17 23|93 93 103 136|1.8 191
1476 儒鴻|紡織纖維|-26 -28 -13|92 92 9 12|1.0 342
1477 聚陽|紡織纖維|-20 -6 -4|99 99 47 64|0.7 832
1503 士電|電機機械|5 -1 -12|79 79 -16 53|0.3 439
1504 東元|電機機械|-7 0 -5|85 85 -6 46|0.2 606
1513 中興電|電機機械|31 24 11|80 80 1 18|0.3 1512
1514 亞力|電機機械|16 15 -16|77 77 -11 29|0.2 168
1515 力山|電機機械|70 37 77|88 88 6 13|0.4 39
1519 華城|電機機械|251 100 67|100 100 94 340|1.1 3190
1522 堤維西|汽車工業|-1 -1 -7|96 96 22 24|0.6 41
1524 耿鼎|汽車工業|8 5 -5|78 84 -6 -10|0.5 14
1525 江申|汽車工業|-15 7 -29|67 67 -24 32|0.2 10
1527 鑽全|電機機械|-34 -41 -10|91 91 -2 -9|0.6 11
1528 恩德|電機機械|8 -4 -9|70 70 -9 12|0.1 20
1529 樂事綠能|電機機械|241 295 139|70 70 -14 37|0.3 69
1532 勤美|電機機械|121 90 96|93 93 3 7|0.6 56
1533 車王電|汽車工業|-13 32 7|79 79 -6 5|0.1 15
1535 中宇|電機機械|-2 14 7|87 87 3 12|0.3 8
1536 和大|汽車工業|-21 -14 -17|71 89 -7 -9|0.4 31
1537 廣隆|電機機械|-27 -19 -56|98 98 2 0|1.5 26
1539 巨庭|電機機械|-61 -47 6|54 79 -9 -19|1.3 5
1540 喬福|電機機械|16 37 -39|95 95 18 8|0.9 11
1558 伸興|電機機械|50 16 -4|80 85 -4 -16|1.0 15
1560 中砂|電機機械|-15 -15 -13|79 86 15 14|0.3 203
1565 精華|生技醫療|-17 -17 -4|78 78 -13 -20|0.5 49
1568 倉佑|汽車工業|-41 -21 -3|89 95 -2 10|1.2 8
1569 濱川|電腦及週|-26 -28 1|84 91 0 -6|0.7 5
1580 新麥|電機機械|4 4 3|89 89 -4 28|0.3 20
1582 信錦|電子零組|-23 -25 2|92 100 6 1|1.2 10
1584 精剛|其他|32 46 -13|83 83 -3 28|1.4 168
1587 吉茂|汽車工業|-35 -22 -13|87 87 10 5|0.4 12
1589 永冠-KY|電機機械|-24 -16 -28|65 65 -25 -18|0.5 29
1590 亞德客-KY|電機機械|22 12 4|74 74 -11 -20|0.6 510
1591 駿吉-KY|電機機械|-90 -93 -57|100 100 36 63|1.0 44
1598 岱宇|運動休閒|15 9 18|65 65 -20 -33|0.3 6
1603 華電|電器電纜|38 38 -6|98 98 33 41|0.7 62
1604 聲寶|電器電纜|-2 2 7|84 84 3 8|0.2 10
1605 華新|電器電纜|0 0 -3|67 74 -16 -27|0.4 630
1608 華榮|電器電纜|-17 -20 -7|84 84 -12 34|0.2 30
1609 大亞|電器電纜|-1 -6 0|93 93 9 46|0.3 568
1611 中電|電器電纜|-10 -17 -2|83 83 -4 19|0.1 13
1612 宏泰|電器電纜|-1 6 6|91 91 11 40|0.7 42
1615 大山|電器電纜|90 30 18|89 89 8 24|0.5 5
1616 億泰|電器電纜|13 15 4|93 93 4 31|0.3 10
1618 合機|電器電纜|122 118 40|85 85 20 71|0.2 48
1701 中化|生技醫療|5 3 -6|65 86 -8 -14|0.4 13
1702 南僑|食品工業|11 9 1|94 94 -2 5|0.4 11
1707 葡萄王|生技醫療|0 -0 -6|83 83 -9 -13|0.6 48
1708 東鹼|化學工業|-34 -27 -34|68 81 -6 -20|0.8 27
1709 和益|化學工業|-27 -24 -21|84 84 -11 -10|0.9 25
1710 東聯|化學工業|53 21 30|87 87 -7 -0|0.5 58
1711 永光|化學工業|-13 -14 0|87 87 -12 2|0.2 14
1712 興農|化學工業|-28 -27 -22|86 94 2 -7|0.9 17
1717 長興|化學工業|-16 -17 -1|84 84 -13 -8|0.7 35
1720 生達|生技醫療|22 5 -18|85 85 -9 10|0.4 36
1721 三晃|化學工業|-35 -37 -14|74 74 -18 -12|0.3 6
1722 台肥|化學工業|-22 57 51|96 96 3 6|1.3 112
1723 中碳|化學工業|-33 -33 -26|96 96 1 0|0.3 13
1727 中華化|化學工業|-25 -24 -10|70 70 -27 12|0.2 22
1734 杏輝|生技醫療|16 4 -11|88 88 -5 8|0.3 20
1736 喬山|運動休閒|38 40 22|91 95 22 12|0.8 50
1737 臺鹽|食品工業|-12 -1 9|91 91 6 8|6.9 13
1752 南光|生技醫療|-3 7 -19|70 70 -13 -5|0.2 23
1760 寶齡富錦|生技醫療|-28 -39 -29|55 56 -27 -39|0.6 89
1762 中化生|生技醫療|-19 -5 -27|61 61 -30 -16|0.3 37
1773 勝一|化學工業|-14 -20 -2|91 92 -1 9|0.5 15
1783 和康生|生技醫療|15 7 -8|81 81 -1 -2|0.2 23
1784 訊聯|生技醫療|7 21 5|86 86 3 44|0.4 44
1785 光洋科|其他電子|-18 -22 6|91 91 5 5|0.3 49
1786 科妍|生技醫療|18 29 1|94 94 26 24|1.0 27
1789 神隆|生技醫療|-32 -17 -25|81 81 4 3|0.2 30
1795 美時|生技醫療|119 59 1|75 75 -19 -8|0.4 1365
1796 金穎生技|食品工業|35 41 11|64 64 -22 6|0.3 10
1802 台玻|玻璃陶瓷|12 3 12|78 88 3 -13|1.1 450
1808 潤隆|建材營造|16243 7350 5438|100 100 18 23|1.1 79
1809 中釉|玻璃陶瓷|-8 -9 -13|87 87 -9 -1|0.2 7
1810 和成|玻璃陶瓷|2 1 10|76 76 -14 11|2.0 28
1815 富喬|電子零組|-48 -36 -11|87 87 12 7|0.4 33
1903 士紙|造紙工業|38 11 13|82 82 38 26|0.8 40
1904 正隆|造紙工業|-11 -8 2|82 82 -13 2|0.6 86
1905 華紙|造紙工業|-23 -23 -22|73 73 -18 37|0.2 222
1907 永豐餘|造紙工業|-15 -13 -6|81 81 -12 18|0.2 90
1909 榮成|造紙工業|-5 -10 4|80 83 -11 -17|0.5 26
2002 中鋼|鋼鐵工業|-28 -28 -4|85 87 -7 -12|1.3 627
2006 東和鋼鐵|鋼鐵工業|-1 2 7|99 99 5 1|0.7 81
2009 第一銅|鋼鐵工業|-25 -18 4|78 78 -8 -16|0.5 36
2010 春源|鋼鐵工業|-1 -11 7|93 93 8 6|0.5 10
2014 中鴻|鋼鐵工業|6 -25 9|79 82 -4 -19|0.4 171
2015 豐興|鋼鐵工業|-14 -15 0|94 94 -2 -5|0.9 10
2017 官田鋼|鋼鐵工業|-18 -13 8|78 78 -10 -19|0.4 11
2020 美亞|鋼鐵工業|28 42 32|93 93 10 10|0.3 11
2022 聚亨|鋼鐵工業|7 -11 -3|82 82 -12 4|3.0 12
2023 燁輝|鋼鐵工業|-13 -18 3|89 90 -1 -11|0.5 24
2027 大成鋼|鋼鐵工業|-17 -15 -9|90 90 -2 2|0.4 210
2030 彰源|鋼鐵工業|-26 -24 -4|76 83 -14 -17|0.3 12
2031 新光鋼|鋼鐵工業|31 9 1|89 89 -1 5|0.5 94
2034 允強|鋼鐵工業|-16 -22 -4|91 92 -1 -8|0.5 12
2038 海光|鋼鐵工業|-30 -24 -15|77 80 -9 -20|0.7 5
2049 上銀|電機機械|-19 -19 -3|80 80 -12 -20|0.5 229
2059 川湖|電子零組|-36 -35 -21|92 92 115 138|0.8 2042
2066 世德|電機機械|-8 -3 -19|81 81 -4 -2|0.3 17
2101 南港|橡膠工業|7 2 11|94 94 0 6|1.3 22
2103 台橡|橡膠工業|-20 -16 -10|82 83 -6 -17|0.4 18
2104 國際中橡|橡膠工業|-34 -32 -21|88 88 -2 -3|0.3 34
2105 正新|橡膠工業|-6 -4 -4|96 96 2 18|1.8 126
2106 建大|橡膠工業|-14 -19 -15|89 100 3 2|0.8 13
2107 厚生|橡膠工業|-23 4 30|99 100 5 -1|1.1 7
2108 南帝|橡膠工業|-3 -23 14|82 82 -6 -12|0.4 8
2201 裕隆|汽車工業|-2 7 4|94 94 -5 8|1.5 381
2204 中華|汽車工業|16 36 17|94 94 -6 63|0.5 197
2206 三陽工業|汽車工業|21 33 -0|78 78 -16 86|0.4 625
2207 和泰車|汽車工業|13 23 6|80 80 -16 11|1.3 144
2208 台船|航運業|43 30 -3|83 83 -8 1|0.6 48
2211 長榮鋼|鋼鐵工業|14 7 29|97 97 19 41|0.2 117
2228 劍麟|汽車工業|7 20 1|85 85 7 4|0.2 18
2230 泰茂|居家生活|40 34 24|100 100 70 77|0.9 61
2231 為升|汽車工業|27 20 0|79 79 -12 -10|0.5 41
2233 宇隆|汽車工業|-4 -5 -1|90 90 -1 -2|0.5 12
2236 百達-KY|汽車工業|55 31 10|100 100 48 76|0.5 18
2241 艾姆勒|汽車工業|53 41 61|93 93 9 14|1.1 15
2247 汎德永業|汽車工業|38 39 15|88 88 7 33|0.2 36
2301 光寶科|電腦及週|-15 -14 -6|87 87 45 92|0.6 6428
2303 聯電|半導體業|-23 -23 -22|90 90 -4 -5|1.1 1676
2305 全友|電腦及週|-3 19 9|56 77 -15 -25|0.2 6
2308 台達電|電子零組|5 9 -11|93 93 11 18|0.5 1989
2312 金寶|其他電子|-18 -11 -23|91 91 19 19|0.3 243
2313 華通|電子零組|-12 -15 -10|90 93 3 3|0.7 257
2314 台揚|通信網路|-35 -10 -30|75 75 -16 -14|0.6 30
2316 楠梓電|電子零組|-20 -32 -4|72 72 25 24|0.6 120
2317 鴻海|其他電子|-1 -10 -14|95 95 4 6|0.9 2561
2323 中環|光電業|6 -0 12|83 83 -4 52|0.4 241
2324 仁寶|電腦及週|-13 -18 -1|86 86 13 35|0.8 1664
2327 國巨*|電子零組|-15 -16 -11|86 90 -5 -11|0.8 629
2328 廣宇|電子零組|10 5 3|86 86 -8 -2|0.3 93
2329 華泰|半導體業|17 4 12|93 93 127 141|0.9 1289
2330 台積電|半導體業|-5 -7 -24|93 93 -1 6|1.0 11150
2331 精英|電腦及週|-41 -39 -2|98 98 29 87|4.3 190
2332 友訊|通信網路|-6 -5 -9|97 97 18 45|1.6 429
2337 旺宏|半導體業|-39 -40 -5|95 97 6 1|3.4 162
2338 光罩|半導體業|-8 -6 -9|74 74 -11 -17|0.4 111
2340 台亞|半導體業|-11 -16 16|87 87 32 31|0.4 231
2342 茂矽|半導體業|-29 -33 -14|78 78 -10 -12|0.5 15
2344 華邦電|半導體業|-15 -22 4|90 90 -6 6|0.6 506
2345 智邦|通信網路|10 7 -16|93 93 41 61|1.1 1679
2347 聯強|電子通路|-3 -8 -2|99 99 2 -0|0.8 133
2351 順德|半導體業|-9 -8 -4|75 75 -15 -17|0.2 75
2352 佳世達|電腦及週|-22 -18 -6|78 78 9 54|0.4 537
2353 宏碁|電腦及週|2 -11 13|91 91 16 48|0.7 1070
2354 鴻準|其他電子|39 6 10|94 94 3 2|0.5 104
2355 敬鵬|電子零組|4 -9 -3|100 100 24 34|3.4 284
2356 英業達|電腦及週|-11 -1 5|78 78 61 114|0.5 4599
2357 華碩|電腦及週|2 -5 5|94 94 35 46|1.1 4093
2359 所羅門|其他電子|7 -8 -3|96 96 28 39|0.7 213
2360 致茂|其他電子|-36 -20 -35|95 95 32 60|0.8 702
2362 藍天|電腦及週|-13 -13 -18|88 88 -1 4|0.3 15
2363 矽統|半導體業|-45 -40 -11|100 100 109 100|3.8 3077
2364 倫飛|電腦及週|6 6 -14|68 91 -1 -5|6.0 12
2367 燿華|電子零組|-28 -15 -24|77 94 -1 -4|2.3 43
2368 金像電|電子零組|-2 -16 -16|100 100 62 140|0.7 2973
2369 菱生|半導體業|-1 -6 20|97 97 30 25|2.1 34
2371 大同|電機機械|68 89 32|89 89 22 48|0.3 591
2374 佳能|光電業|6 -15 -15|94 100 17 9|1.3 41
2375 凱美|電子零組|-22 -24 0|81 81 -11 -15|0.6 14
2376 技嘉|電腦及週|17 24 27|96 96 65 191|1.5 11647
2377 微星|電腦及週|7 -6 12|79 79 -4 18|0.9 891
2379 瑞昱|半導體業|-8 -10 8|95 95 8 8|1.1 920
2382 廣達|電腦及週|-33 -21 -22|93 93 117 231|0.9 28527
2383 台光電|電子零組|11 -2 10|98 98 113 129|0.9 4625
2385 群光|電子零組|-22 -17 -8|96 96 6 18|0.4 245
2387 精元|電腦及週|-25 -1 -1|99 99 14 20|0.8 42
2388 威盛|半導體業|101 60 28|76 76 31 32|1.5 2259
2392 正崴|電子零組|2 -15 -15|100 100 17 22|1.8 112
2393 億光|光電業|-14 -18 2|89 89 -1 22|0.4 53
2395 研華|電腦及週|-19 -9 -16|85 85 -2 7|0.8 387
2399 映泰|電腦及週|-8 5 16|84 84 4 49|0.5 56
2401 凌陽|半導體業|8 -13 20|100 100 30 26|1.4 277
2402 毅嘉|電子零組|29 25 -0|100 100 36 144|2.5 676
2404 漢唐|其他電子|17 38 -89|93 93 4 -1|0.5 317
2405 輔信|電腦及週|1 -12 0|82 82 10 8|0.2 50
2406 國碩|光電業|-55 -61 -23|71 79 -12 -18|0.5 9
2408 南亞科|半導體業|-45 -53 8|87 87 -5 17|0.6 377
2409 友達|光電業|22 11 37|87 87 0 -3|0.4 582
2412 中華電|通信網路|2 4 1|94 94 -3 2|0.9 696
2413 環科|電子零組|-8 -8 -38|67 67 -18 -9|0.3 16
2415 錩新|電子零組|17 3 7|90 90 37 27|0.6 33
2419 仲琦|通信網路|-46 -26 -51|75 75 46 40|0.4 205
2420 新巨|電子零組|-22 -24 -10|93 93 5 15|0.3 16
2421 建準|電子零組|-6 -12 -13|90 90 59 218|0.8 2638
2423 固緯|其他電子|-8 -5 -10|89 89 -9 19|0.7 11
2425 承啟|電腦及週|59 11 20|81 81 29 41|0.5 305
2426 鼎元|光電業|1 -6 16|84 84 -5 -2|0.3 8
2427 三商電|資訊服務|3 -22 -20|71 71 -21 74|0.1 42
2428 興勤|電子零組|-1 -3 -1|88 88 3 8|0.4 92
2436 偉詮電|半導體業|27 18 38|98 98 33 42|4.3 85
2439 美律|通信網路|-27 -10 -17|92 92 -1 4|0.9 49
2440 太空梭|電子零組|13 -8 13|100 100 41 37|2.1 27
2441 超豐|半導體業|-8 -18 14|99 99 8 13|1.8 97
2442 新美齊|建材營造|35 138 88|95 95 4 33|0.4 20
2449 京元電子|半導體業|-11 -14 -3|97 97 53 74|1.6 1106
2450 神腦|通信網路|-1 4 4|100 100 9 13|0.9 6
2451 創見|半導體業|-21 -17 3|97 97 0 10|0.4 20
2453 凌群|資訊服務|3 15 10|68 68 -24 3|0.1 71
2454 聯發科|半導體業|-22 -29 -7|98 98 3 -1|0.8 3435
2455 全新|通信網路|18 0 35|99 99 29 78|1.7 360
2457 飛宏|電子零組|14 2 -2|85 85 -15 47|0.5 500
2458 義隆|半導體業|2 -20 17|99 99 17 21|0.6 278
2460 建通|電子零組|9 -15 16|97 97 18 39|1.2 70
2461 光群雷|其他電子|1 -9 -1|86 86 6 19|0.2 30
2462 良得電|電子零組|-20 -29 -10|97 97 19 15|0.7 105
2464 盟立|其他電子|-18 -26 -17|93 93 10 6|0.9 46
2465 麗臺|電腦及週|-34 -32 3|81 87 -7 -15|0.5 10
2468 華經|資訊服務|-17 35 16|66 66 7 3|0.5 23
2471 資通|資訊服務|-14 -4 -1|79 79 -15 28|0.2 22
2472 立隆電|電子零組|-17 -18 -3|85 85 -3 -9|0.7 18
2474 可成|其他電子|-38 -3 8|98 98 1 2|1.6 347
2476 鉅祥|電子零組|-24 -16 -11|84 86 -2 -2|0.5 21
2480 敦陽科|資訊服務|4 12 6|91 91 3 25|0.2 31
2481 強茂|半導體業|-10 -2 11|83 83 -6 -7|0.2 128
2482 連宇|其他電子|-13 15 -118|66 66 -26 -2|0.2 66
2484 希華|電子零組|-37 -35 -12|83 87 -6 -13|1.1 16
2485 兆赫|通信網路|-10 6 -7|100 100 48 55|6.9 25
2486 一詮|光電業|-4 -11 8|82 82 5 61|0.9 213
2488 漢平|其他電子|-28 -23 -13|98 98 17 18|0.8 21
2489 瑞軒|光電業|34 -2 20|80 80 -17 13|0.3 14
2492 華新科|電子零組|1 -8 8|92 92 -3 -1|0.6 136
2493 揚博|電子零組|-5 -13 -14|98 98 3 34|0.6 23
2495 普安|電腦及週|-29 -21 -43|79 79 -16 0|1.0 34
2497 怡利電|汽車工業|53 27 -1|71 79 -9 -15|0.5 35
2498 宏達電|通信網路|-21 -2 5|77 81 -17 -19|0.5 231
2501 國建|建材營造|-52 35 -52|89 89 -5 -11|0.5 9
2504 國產|建材營造|-8 -1 -2|96 96 0 5|0.4 33
2505 國揚|建材營造|-58 -83 -37|94 96 1 -4|0.5 6
2515 中工|建材營造|31 68 48|91 91 -8 19|0.2 46
2520 冠德|建材營造|-19 -5 -19|99 99 16 17|0.8 62
2528 皇普|建材營造|110 128065 95989|98 98 1 59|0.5 8
2530 華建|建材營造|-29 -20 -16814|95 95 4 45|0.7 19
2534 宏盛|建材營造|-67 -67 -100|80 86 -8 -15|0.2 17
2535 達欣工|建材營造|-17 -19 -16|99 99 1 10|0.8 12
2536 宏普|建材營造|10 25 -17|96 96 1 10|0.7 9
2538 基泰|建材營造|-37 -58 -59|92 92 14 12|1.6 32
2539 櫻花建|建材營造|-100 na na|94 94 17 34|0.6 27
2540 愛山林|建材營造|55 113 81|97 97 17 19|1.4 49
2542 興富發|建材營造|2306 1239 908|96 99 1 3|0.7 84
2546 根基|建材營造|-20 19 -27|100 100 16 45|0.4 6
2548 華固|建材營造|-85 -90 -44|97 97 -2 7|0.5 56
2603 長榮|航運業|-63 -62 -21|80 98 29 17|0.2 1610
2605 新興|航運業|15 1 -5|76 79 -2 -23|0.8 60
2606 裕民|航運業|11 1 9|79 81 -1 -21|0.7 194
2607 榮運|航運業|-25 -20 -44|85 99 7 4|0.5 42
2608 嘉里大榮|航運業|-5 -6 1|95 100 3 3|1.3 9
2609 陽明|航運業|-69 -68 -17|69 78 -2 -12|0.3 661
2610 華航|航運業|27 29 20|82 82 2 13|0.3 1347
2611 志信|航運業|-20 -19 12|71 87 -7 -15|0.3 7
2612 中航|航運業|-9 -16 -12|91 91 4 -4|0.3 24
2614 東森|其他|-8 -2 -1|45 54 -33 -45|1.2 28
2615 萬海|航運業|-66 -67 -13|49 61 -15 -39|0.5 276
2617 台航|航運業|-6 -3 -14|89 89 4 -10|0.5 28
2618 長榮航|航運業|58 52 15|78 78 -10 14|0.5 2743
2630 亞航|航運業|-12 8 -10|61 61 -14 123|2.3 168
2633 台灣高鐵|航運業|36 83 29|91 91 -7 0|0.9 67
2634 漢翔|航運業|19 24 -19|97 97 10 60|1.8 927
2636 台驊控股|航運業|-47 -53 6|96 96 6 11|0.2 25
2637 慧洋-KY|航運業|-47 -42 -18|73 75 -9 -25|0.7 151
2640 大車隊|數位雲端|6 16 -1|78 78 -19 6|0.3 10
2641 正德|航運業|-22 -19 -0|77 77 -10 -21|1.0 19
2645 長榮航太|航運業|43 33 6|na na 29 na|2.4 589
2702 華園|觀光餐旅|-6 -5 -38|78 78 -9 -17|0.3 7
2704 國賓|觀光餐旅|-9 14 12|97 97 17 57|2.4 15
2705 六福|觀光餐旅|9 133 59|66 66 -10 -5|0.3 22
2706 第一店|觀光餐旅|46 48 16|80 80 -13 1|0.3 7
2707 晶華|觀光餐旅|16 49 16|72 72 -23 -22|0.4 137
2719 燦星旅|觀光餐旅|3094 2045 789|53 53 -16 10|0.4 8
2722 夏都|觀光餐旅|-19 20 -0|52 52 -17 13|0.5 19
2723 美食-KY|觀光餐旅|0 6 -1|68 70 -24 -27|2.2 83
2727 王品|觀光餐旅|19 41 17|75 75 -23 -0|0.7 290
2729 瓦城|觀光餐旅|26 50 21|95 95 12 23|0.7 59
2731 雄獅|觀光餐旅|1058 1323 714|69 69 -28 7|0.4 284
2732 六角|觀光餐旅|-2 -1 -1|65 65 -33 -29|0.5 39
2734 易飛網|觀光餐旅|349 397 -50|54 54 -25 24|0.4 21
2736 富野|觀光餐旅|-22 69 26|61 61 -20 20|0.4 29
2739 寒舍|觀光餐旅|33 108 23|51 51 -42 -35|0.7 17
2743 山富|觀光餐旅|1542 1610 527|62 62 -21 73|0.8 55
2745 五福|觀光餐旅|5418 5636 3228|66 66 -4 73|0.9 71
2748 雲品|觀光餐旅|12 48 6|65 65 -15 -18|0.7 183
2753 八方雲集|觀光餐旅|8 6 -5|68 75 -8 -27|0.3 50
2754 亞洲藏壽司|觀光餐旅|23 48 11|63 67 -26 -33|0.7 23
2801 彰銀|金融保險|-2 14 -6|97 97 0 4|0.5 214
2809 京城銀|金融保險|21 375 235|99 99 5 9|0.6 31
2812 台中銀|金融保險|9 17 2|97 97 6 12|0.4 42
2816 旺旺保|金融保險|21 38 20|96 96 43 50|6.6 12
2820 華票|金融保險|193 93 73|91 97 -2 -2|0.4 9
2832 台產|金融保險|5 12 14|100 100 9 18|0.9 8
2834 臺企銀|金融保險|9 14 -8|93 94 -3 -6|0.8 195
2838 聯邦銀|金融保險|8 32 13|91 91 -9 -5|2.8 18
2845 遠東銀|金融保險|14 16 -6|97 97 6 5|0.4 34
2850 新產|金融保險|16 11 5|100 100 14 17|0.6 8
2851 中再保|金融保險|40 12 10|94 94 14 27|1.0 39
2855 統一證|金融保險|169 127 -145|95 95 13 15|0.5 26
2880 華南金|金融保險|-7 12 3|89 92 -6 -9|1.4 218
2881 富邦金|金融保險|7 -8 57|96 96 6 9|0.8 742
2882 國泰金|金融保險|62 26 63|97 97 3 6|0.8 642
2883 凱基金|金融保險|-19 -34 34|85 89 -9 -11|0.7 353
2884 玉山金|金融保險|-8 18 9|92 94 -3 3|0.9 339
2885 元大金|金融保險|29 18 25|98 98 7 12|0.8 403
2886 兆豐金|金融保險|1 45 29|92 92 2 13|0.8 720
2887 台新新光金|金融保險|45 34 18|97 97 2 15|0.8 214
2889 國票金|金融保險|7 42 49|87 87 -3 -9|0.6 24
2890 永豐金|金融保險|14 20 13|95 95 4 5|0.7 271
2891 中信金|金融保險|16 4 50|93 93 1 9|0.7 981
2892 第一金|金融保險|-13 -1 -8|95 95 0 4|1.1 517
2903 遠百|貿易百貨|-0 12 7|99 99 3 8|2.1 24
2905 三商|貿易百貨|51 114 87|78 81 -10 -18|1.7 6
2906 高林|貿易百貨|-7 -21 -10|89 93 6 -4|0.7 16
2908 特力|貿易百貨|1 -7 7|98 98 1 3|0.9 5
2912 統一超|貿易百貨|9 10 -1|95 95 -2 2|0.7 236
2913 農林|貿易百貨|-5 12 8|76 76 -4 3|0.3 287
2915 潤泰全|貿易百貨|-6 -14 -11|90 96 6 -4|0.9 126
3003 健和興|電子零組|-25 -18 -6|84 84 -9 3|0.4 42
3004 豐達科|鋼鐵工業|47 35 -24|85 85 3 17|1.4 174
3005 神基|電腦及週|-1 -3 -19|96 96 -1 33|0.4 185
3006 晶豪科|半導體業|-18 -31 15|80 80 -14 -3|0.7 98
3008 大立光|光電業|-11 -16 -15|86 86 -9 -13|0.9 1041
3010 華立|電子通路|-10 -10 2|99 99 11 8|1.6 38
3011 今皓|電子零組|-37 -23 6|100 100 50 108|2.2 46
3013 晟銘電|電腦及週|-4 4 -17|78 78 48 80|0.5 527
3014 聯陽|半導體業|51 40 50|91 91 33 69|0.6 413
3015 全漢|電子零組|-9 -5 3|95 95 8 26|0.9 17
3016 嘉晶|半導體業|-30 -30 -16|66 82 -7 -16|0.3 28
3017 奇鋐|電腦及週|6 8 -3|88 88 69 187|0.6 5127
3019 亞光|光電業|-6 -9 2|91 93 -2 -9|0.4 37
3021 鴻名|電子零組|-36 -29 -20|90 90 15 15|2.2 47
3022 威強電|電腦及週|-26 -2 -37|83 83 -8 1|0.5 81
3023 信邦|電子零組|2 11 -9|84 84 -11 6|0.4 126
3024 憶聲|光電業|-24 13 13|90 90 15 19|0.3 25
3025 星通|通信網路|-18 32 32|77 77 -8 80|0.1 100
3026 禾伸堂|電子零組|-5 -10 1|99 99 1 10|0.6 12
3027 盛達|通信網路|70 146 82|75 75 -0 -7|0.2 70
3028 增你強|電子通路|-12 -21 4|95 95 -4 9|0.3 9
3029 零壹|資訊服務|11 5 -0|87 87 -7 18|0.3 100
3030 德律|其他電子|-42 -47 -27|97 97 -1 1|0.3 11
3032 偉訓|電子零組|35 40 27|84 84 8 82|0.3 484
3033 威健|電子通路|14 7 7|87 87 -0 10|0.3 55
3034 聯詠|半導體業|41 19 43|91 91 -0 2|0.5 1202
3035 智原|半導體業|-9 -12 -20|91 91 105 89|1.0 6626
3036 文曄|電子通路|15 -1 -10|98 98 10 10|0.4 124
3037 欣興|電子零組|-27 -30 -28|91 91 8 43|0.7 3151
3038 全台|光電業|-4 -2 -10|83 83 -3 49|0.2 62
3041 揚智|半導體業|-61 -60 -19|70 81 -11 -19|1.4 13
3042 晶技|電子零組|-20 -27 -4|99 99 10 15|0.9 245
3043 科風|其他電子|88 56 1|100 100 73 124|1.1 91
3044 健鼎|電子零組|-10 -17 -5|96 96 61 86|1.0 2862
3045 台灣大|通信網路|7 6 -3|93 93 -6 -1|0.9 222
3046 建碁|電腦及週|64 55 -6|74 74 -12 28|0.4 56
3047 訊舟|通信網路|-28 -29 -20|82 89 -3 -4|0.4 23
3048 益登|電子通路|-16 -19 -11|82 85 -12 -15|0.5 8
3051 力特|光電業|-28 -34 -9|73 73 46 42|2.9 338
3052 夆典|建材營造|30 33 8|90 90 -1 9|1.1 13
3055 蔚華科|電子通路|-45 -35 3|81 81 10 12|0.2 49
3056 富華新|建材營造|135 23 -6443|80 80 -6 32|0.5 194
3058 立德|電子零組|-37 -30 -17|63 63 -30 32|0.4 23
3059 華晶科|光電業|-38 -41 -50|93 98 -2 1|0.9 35
3060 銘異|電腦及週|6 -22 17|92 92 18 12|0.7 8
3062 建漢|通信網路|-41 -50 -82|73 89 -6 -10|1.4 27
3071 協禧|電腦及週|-36 -22 -22|83 83 24 62|0.4 80
3078 僑威|電子零組|153 116 83|99 99 47 160|0.5 1344
3081 聯亞|通信網路|-74 -66 -76|57 74 -2 -20|0.5 89
3083 網龍|文化創意|-25 -30 -19|82 82 -15 -7|0.2 5
3088 艾訊|電腦及週|24 21 5|92 92 28 40|0.5 116
3090 日電貿|電子零組|0 -3 8|98 98 1 0|0.3 10
3092 鴻碩|電子零組|-30 -39 -2|81 87 3 -2|0.2 26
3094 聯傑|半導體業|-41 -28 -21|99 99 6 20|5.8 19
3105 穩懋|半導體業|2 -10 29|71 74 -14 -21|1.7 575
3128 昇銳|光電業|1 -3 -8|63 69 -11 -31|0.2 6
3131 弘塑|半導體業|-6 -4 5|80 80 4 97|0.6 753
3138 耀登|通信網路|12 -2 -20|84 84 -3 -14|1.6 26
3141 晶宏|半導體業|-30 -36 -0|67 79 -6 -21|0.3 63
3147 大綜|資訊服務|12 6 21|92 92 9 1|0.2 14
3152 璟德|通信網路|20 7 28|82 82 -6 -10|0.4 12
3162 精確|電機機械|33 48 -77|79 79 -7 -13|0.3 32
3163 波若威|通信網路|-16 -26 -23|91 91 57 76|0.7 1873
3169 亞信|半導體業|-40 -33 1|81 81 -6 -8|0.7 26
3178 公準|半導體業|1 11 -2|88 88 -6 30|0.6 16
3189 景碩|半導體業|-49 -46 -24|81 88 -6 -3|0.5 212
3202 樺晟|電子零組|47 19 18|75 75 -18 4|0.3 10
3205 佰研|生技醫療|-29 -20 -5|59 80 -7 3|0.1 14
3206 志豐|電子零組|-6 -15 -3|95 95 29 54|1.0 77
3207 耀勝|電子零組|-25 -8 -30|80 80 0 1|0.1 119
3209 全科|電子通路|5 -17 -29|82 82 -10 -17|0.4 26
3211 順達|電腦及週|-8 1 2|98 98 1 7|0.6 13
3213 茂訊|電腦及週|23 13 -3|92 92 32 48|0.5 79
3217 優群|電子零組|36 18 27|96 96 33 50|1.2 202
3218 大學光|生技醫療|15 25 -2|83 83 -10 8|1.1 104
3221 台嘉碩|通信網路|-46 -59 -25|79 90 -2 -4|0.2 6
3227 原相|半導體業|14 -3 22|99 99 19 22|2.1 117
3228 金麗科|半導體業|-17 -32 -8|27 50 -37 -50|0.6 91
3231 緯創|電腦及週|-15 -17 -12|74 74 69 262|1.1 23677
3234 光環|通信網路|-34 -40 1|80 80 29 23|0.9 20
3257 虹冠電|半導體業|196 146 140|91 91 16 64|1.7 138
3260 威剛|半導體業|-15 -17 3|93 93 4 26|1.2 239
3264 欣銓|半導體業|-11 -7 -16|98 98 13 16|0.7 252
3265 台星科|半導體業|-11 -17 -11|92 92 31 65|0.4 148
3287 廣寰科|電腦及週|46 74 67|79 79 30 71|0.1 10
3289 宜特|其他電子|-4 4 -7|83 83 20 20|0.5 196
3290 東浦|電子零組|-8 3 -10|85 85 -10 -4|0.3 16
3293 鈊象|文化創意|18 21 7|87 87 -4 7|0.4 266
3296 勝德|電子零組|-49 -55 -21|84 88 -6 -11|0.9 7
3305 昇貿|其他電子|-22 -26 6|91 91 34 43|0.7 114
3306 鼎天|通信網路|-28 -6 -3|94 94 80 172|0.2 188
3308 聯德|電子零組|253 236 97|100 100 84 296|3.6 341
3311 閎暉|通信網路|7 -1 -2|100 100 19 17|6.2 5
3312 弘憶股|電子通路|-19 -18 0|85 85 -12 6|0.6 12
3317 尼克森|半導體業|12 -8 11|87 93 5 -5|0.6 12
3322 建舜電|電子零組|-7 3 22|89 89 7 3|0.4 14
3323 加百裕|電腦及週|-44 -13 7|86 88 -11 -10|0.5 8
3324 雙鴻|其他電子|-9 -20 -4|85 85 2 77|0.5 2028
3325 旭品|電腦及週|156 97 70|98 98 37 135|1.1 424
3338 泰碩|電子零組|-24 -29 -5|77 77 20 62|0.4 225
3346 麗清|汽車工業|48 97 51|84 84 8 13|0.2 44
3356 奇偶|光電業|-8 -5 -9|75 75 8 -1|0.1 50
3357 臺慶科|電子零組|-12 -19 2|87 87 8 -1|0.4 11
3362 先進光|光電業|30 10 17|97 97 52 52|0.1 931
3363 上詮|通信網路|-23 -25 9|66 66 10 108|0.5 385
3374 精材|半導體業|-16 -26 -10|79 79 11 11|0.1 117
3376 新日興|電子零組|-23 -22 -2|94 94 -5 -2|0.9 25
3380 明泰|通信網路|-41 -22 -40|85 85 6 20|0.5 121
3402 漢科|其他電子|-21 -15 -22|98 98 3 11|0.4 7
3406 玉晶光|光電業|10 1 -2|87 93 -6 -5|0.5 562
3413 京鼎|半導體業|-30 -13 -22|89 94 -0 -3|0.5 82
3416 融程電|電腦及週|6 5 -7|90 90 17 35|0.4 30
3419 譁裕|通信網路|-44 -39 -51|86 86 -8 -1|0.8 10
3441 聯一光電|光電業|-37 -40 -6|77 77 -10 -13|0.2 6
3443 創意|半導體業|14 23 -25|77 77 1 37|0.9 6952
3444 利機|電子通路|16 7 25|94 94 13 37|0.9 59
3447 展達|通信網路|-71 -67 -91|na 65 -7 -8|0.1 7
3450 聯鈞|半導體業|-30 -31 -11|79 79 9 1|0.2 32
3454 晶睿|光電業|21 22 -49|59 62 -6 -41|0.2 90
3455 由田|光電業|-59 -57 -41|83 83 -7 -14|1.4 19
3479 安勤|電腦及週|23 5 -35|80 80 -15 16|0.4 74
3481 群創|光電業|17 7 33|83 83 3 -5|0.7 1006
3483 力致|電腦及週|26 9 17|83 83 94 121|0.6 2466
3484 崧騰|電子零組|-49 -48 -9|75 87 -3 -8|0.9 5
3491 昇達科|通信網路|-21 -34 -26|87 87 -7 3|1.4 67
3498 陽程|其他電子|44 158 61|74 74 3 -1|0.2 6
3501 維熹|電子零組|-20 -20 -16|93 93 -5 3|0.2 6
3504 揚明光|光電業|-54 -50 -25|55 70 -28 -31|0.5 24
3515 華擎|電腦及週|32 24 23|82 82 46 57|0.2 490
3518 柏騰|其他電子|7 -0 38|80 80 8 48|0.3 24
3521 台鋼建設|建材營造|82 87 61|85 89 2 10|0.3 6
3526 凡甲|電子零組|-3 3 13|91 91 20 29|0.4 82
3529 力旺|半導體業|-13 -2 -15|78 78 -5 -5|0.8 867
3532 台勝科|半導體業|-15 -10 -22|82 85 -9 -3|0.3 113
3533 嘉澤|電子零組|-8 -12 -17|93 93 2 9|1.3 1200
3540 曜越|電腦及週|40 41 7|70 70 -19 22|0.2 29
3545 敦泰|半導體業|65 16 36|80 80 -14 -4|0.7 88
3546 宇峻|文化創意|-24 -28 -14|90 90 -10 14|0.2 7
3548 兆利|電子零組|62 42 43|100 100 37 43|3.4 223
3551 世禾|綠能環保|-13 -7 -9|100 100 23 24|1.0 13
3552 同致|其他電子|-2 5 -3|68 80 -14 -12|0.5 28
3557 嘉威|居家生活|-8 -11 4|79 79 -19 -13|0.2 6
3558 神準|通信網路|-4 1 -64|78 78 10 -18|0.4 664
3563 牧德|光電業|2 6 20|81 81 -1 14|0.4 39
3564 其陽|通信網路|-45 -36 -34|61 61 6 14|0.2 15
3567 逸昌|半導體業|34 17 36|92 92 37 53|2.2 115
3576 聯合再生|光電業|-30 -38 -50|70 74 -18 -22|0.5 66
3580 友威科|其他電子|-39 -28 -44|74 88 5 -5|0.4 17
3581 博磊|半導體業|7 3 -3|86 86 33 32|0.5 58
3583 辛耘|半導體業|13 16 -1|82 82 90 174|0.5 2472
3587 閎康|其他電子|26 32 4|97 97 41 70|0.9 750
3588 通嘉|半導體業|-7 -30 18|92 98 15 -2|2.1 20
3591 艾笛森|光電業|18 4 6|89 89 -2 8|0.2 24
3592 瑞鼎|半導體業|21 -8 27|82 82 0 -11|0.6 105
3594 磐儀|電腦及週|0 2 -16|79 79 -15 6|0.3 19
3596 智易|通信網路|7 3 -18|100 100 35 41|0.6 572
3607 谷崧|電子零組|-4 -6 9|90 90 7 31|0.3 6
3611 鼎翰|電腦及週|-1 6 -5|92 92 23 28|0.4 22
3617 碩天|其他電子|8 9 -10|96 96 26 97|1.6 641
3622 洋華|光電業|53 4 12|100 100 23 48|1.7 55
3624 光頡|電子零組|-10 -20 0|72 72 -18 -6|0.3 26
3630 新鉅科|光電業|48 25 49|84 84 -0 5|0.2 8
3645 達邁|電子零組|90 16 48|80 80 7 18|0.3 18
3652 精聯|電腦及週|-22 4 4|68 68 -6 -5|0.1 5
3653 健策|電子零組|17 4 -20|96 96 9 63|1.2 743
3661 世芯-KY|半導體業|137 152 38|97 97 50 158|0.7 5727
3663 鑫科|其他電子|1 -17 6|78 78 5 10|0.4 11
3665 貿聯-KY|其他電子|-10 -10 -42|77 80 -4 -8|1.1 371
3666 光耀|光電業|41 -9 37|81 81 3 13|0.3 6
3669 圓展|通信網路|-29 -28 -9|80 85 -4 -14|0.8 5
3673 TPK-KY|光電業|-37 -33 -15|77 77 -18 -5|0.3 43
3675 德微|半導體業|-24 -25 -12|85 85 -5 3|0.7 173
3679 新至陞|電子零組|-25 -20 -15|98 98 6 7|0.3 6
3680 家登|半導體業|16 4 -20|80 80 -2 10|0.7 578
3687 歐買尬|數位雲端|3 -6 -5|73 73 -2 0|0.1 14
3689 湧德|電子零組|29 5 10|84 84 49 74|0.5 401
3691 碩禾|光電業|-57 -66 -19|51 68 -21 -26|0.5 9
3693 營邦|電腦及週|92 57 -27|95 95 156 334|0.7 4237
3694 海華|通信網路|-14 -0 5|86 86 18 64|0.4 46
3701 大眾控|電腦及週|31 17 5|78 78 -19 23|0.3 50
3702 大聯大|電子通路|-2 -13 3|99 99 10 16|0.9 258
3703 欣陸|建材營造|5 -2 8|88 89 -7 -10|0.4 32
3704 合勤控|通信網路|-26 -11 -37|74 74 12 18|0.3 218
3705 永信|生技醫療|6 -6 7|91 97 -1 5|0.4 5
3706 神達|電腦及週|-21 -22 -29|78 78 24 45|0.4 1157
3707 漢磊|半導體業|-21 -16 -12|68 86 -3 -12|0.3 102
3708 上緯投控|綠能環保|-11 -27 -6|86 90 0 -10|0.7 39
3710 連展投控|電子零組|5 -1 14|58 77 -14 -17|1.4 7
3711 日月光投控|半導體業|-17 -17 -14|98 98 9 15|1.5 1255
3712 永崴投控|電腦及週|94 34 26|84 84 -10 8|0.4 12
3714 富采|光電業|-14 -16 18|82 82 -14 -10|0.4 64
3715 定穎投控|電子零組|na na na|na 98 97 214|2.7 1061
4102 永日|生技醫療|-13 -17 -39|80 95 5 15|1.1 15
4104 佳醫|生技醫療|10 18 2|95 95 6 22|0.4 20
4105 東洋|生技醫療|10 15 1|93 96 1 0|0.5 22
4106 雃博|生技醫療|-21 -5 -15|76 76 -6 -7|0.1 5
4107 邦特|生技醫療|-9 -7 -11|91 94 -1 -4|0.6 7
4108 懷特|生技醫療|37 30 29|82 82 -8 3|0.2 5
4113 聯上|建材營造|30410 18230 9955|99 99 50 64|1.4 20
4114 健喬|生技醫療|19 24 -8|77 84 -8 -16|0.4 46
4116 明基醫|生技醫療|4 -5 -46|75 87 -2 -9|0.2 5
4119 旭富|生技醫療|31 35 -52|85 85 -4 -0|0.6 15
4121 優盛|生技醫療|-10 -19 -16|70 70 -8 3|0.1 9
4123 晟德|生技醫療|121 77 -30|79 79 1 7|0.2 116
4126 太醫|生技醫療|2 18 -9|88 88 -5 9|0.4 21
4128 中天|生技醫療|-2 -13 -4|71 82 -7 -15|0.8 58
4129 聯合|生技醫療|50 32 4|84 84 -3 38|0.3 63
4130 健亞|生技醫療|15 26 9|71 89 -8 -6|1.2 7
4137 麗豐-KY|生技醫療|-13 8 -6|82 82 -9 -9|0.5 14
4138 曜亞|生技醫療|25 41 7|72 72 7 49|0.4 25
4142 國光生|生技醫療|-60 -81 -221|74 74 -14 -19|1.0 23
4147 中裕|生技醫療|64 26 -96|90 90 3 50|1.5 288
4153 鈺緯|生技醫療|-6 0 -27|63 63 -12 -17|0.3 5
4155 訊映|生技醫療|10 -11 -2|74 74 -8 -2|0.3 19
4157 太景*-KY|生技醫療|274 3731 1906|80 86 5 -0|0.4 13
4160 訊聯基因|生技醫療|26 25 17|81 81 11 54|0.7 11
4162 智擎|生技醫療|243 85 63|61 79 -5 -23|0.5 56
4163 鐿鈦|生技醫療|-22 -7 -29|83 83 -16 -17|0.3 13
4164 承業醫|生技醫療|5 37 6|75 75 -12 -21|0.3 40
4167 松瑞藥|生技醫療|-14 -25 -2|66 88 8 -13|1.0 29
4168 醣聯|生技醫療|-100 -44 na|64 85 -7 -15|0.3 8
4171 瑞基|農業科技|-54 -62 2|59 75 -11 -25|0.8 6
4173 久裕|生技醫療|6 17 6|91 91 -1 16|0.4 8
4174 浩鼎|生技醫療|498 673 na|89 89 -1 4|0.6 25
4175 杏一|生技醫療|12 -0 -4|64 64 -9 23|0.3 15
4190 佐登-KY|生技醫療|12 20 3|67 67 -13 -14|0.4 10
4207 環泰|食品工業|1 11 1|97 97 27 38|1.5 19
4306 炎洲|塑膠工業|-23 -24 -1|93 93 -1 6|0.5 9
4438 廣越|紡織纖維|-15 -6 -26|81 93 1 -1|1.1 8
4439 冠星-KY|紡織纖維|-32 -30 2|75 75 11 21|0.3 14
4503 金雨|電機機械|75 47 -5|68 68 -14 16|0.3 26
4506 崇友|電機機械|25 36 23|97 97 7 10|0.5 9
4510 高鋒|電機機械|10 17 20|75 75 19 44|0.1 10
4523 永彰|電機機械|22 16 19|68 68 -5 5|0.1 9
4526 東台|電機機械|-21 -14 -10|76 76 5 2|0.2 11
4532 瑞智|電機機械|2 -8 16|77 77 12 21|0.2 64
4533 協易機|電機機械|-42 10 -20|68 68 96 118|0.2 128
4536 拓凱|運動休閒|-31 -16 -30|72 72 -9 -27|0.4 37
4541 晟田|其他|-8 -6 -15|78 78 -12 12|1.5 20
4542 科嶠|電子零組|78 27 -6|100 100 101 100|4.8 35
4543 萬在|電機機械|-39 -17 -13|67 67 -7 76|0.7 68
4551 智伸科|汽車工業|-27 -19 -10|80 87 3 -10|0.3 17
4552 力達-KY|電機機械|2 2 4|95 95 -4 15|1.9 9
4560 強信-KY|電機機械|-37 -36 -5|93 96 -3 -3|1.4 6
4563 百德|電機機械|-29 -5 -4|92 92 53 40|0.6 31
4564 元翎|電機機械|-22 -12 18|81 81 -13 4|0.7 18
4566 時碩工業|電機機械|-23 -12 -14|72 72 -6 -4|0.1 24
4572 駐龍|電機機械|10 21 -27|97 97 28 36|1.1 177
4580 捷流閥業|電機機械|-6 1 2|94 94 3 12|0.5 9
4581 光隆精密-KY|汽車工業|23 12 -3|90 90 14 84|0.9 22
4583 台灣精銳|電機機械|-24 -20 -8|82 82 13 3|0.2 14
4707 磐亞|化學工業|150 33 32|100 100 6 10|2.2 8
4721 美琪瑪|化學工業|-69 -62 -24|62 74 -15 -25|0.5 19
4726 永昕|生技醫療|61 53 34|77 80 0 -2|0.2 22
4728 雙美|生技醫療|42 37 -37|68 68 -10 57|0.2 12
4736 泰博|生技醫療|-72 -67 -47|77 85 -6 -13|1.4 56
4739 康普|化學工業|-54 -53 -25|58 74 -16 -27|0.5 21
4743 合一|生技醫療|23 -22 -7|76 80 -6 -16|1.0 342
4744 皇將|生技醫療|95 30 11|70 70 -23 -1|0.2 13
4746 台耀|生技醫療|1 27 5|78 78 1 15|0.2 290
4747 強生製藥|生技醫療|6 30 1|79 79 43 72|0.2 41
4755 三福化|化學工業|-10 -12 6|84 84 4 6|0.1 27
4763 材料*-KY|化學工業|147 135 36|99 99 83 175|1.3 4095
4766 南寶|化學工業|-7 -6 -13|98 98 17 51|1.3 76
4768 晶呈科技|化學工業|-38 -23 -60|68 68 -1 -3|0.3 64
4770 上品|化學工業|-28 -10 -37|74 86 -7 -15|0.2 56
4904 遠傳|通信網路|6 5 1|90 90 -5 4|0.4 260
4906 正文|通信網路|-8 -7 -41|99 99 17 38|2.6 498
4908 前鼎|通信網路|9 -6 5|93 93 43 77|1.1 68
4909 新復興|通信網路|97 37 22|100 100 24 38|3.7 40
4911 德英|生技醫療|282 372 -95|79 79 -21 0|0.4 5
4912 聯德控股-KY|電子零組|-27 -43 -13|79 92 18 4|0.6 11
4915 致伸|電子零組|-32 -25 -14|100 100 8 13|0.8 147
4916 事欣科|電腦及週|52 45 -15|87 87 9 30|0.8 78
4919 新唐|半導體業|-12 -14 -2|81 81 -0 -13|0.4 370
4927 泰鼎-KY|電子零組|37 -2 9|84 84 -7 -5|0.6 34
4931 新盛力|電腦及週|-56 -37 -72|64 69 -24 -26|0.2 22
4933 友輝|光電業|20 16 40|100 100 52 46|4.8 23
4934 太極|光電業|40 30 -51|96 96 18 35|0.7 114
4935 茂林-KY|光電業|-54 -26 -6|87 93 -3 -8|0.7 8
4938 和碩|電腦及週|-13 -15 -11|93 93 6 18|0.5 743
4942 嘉彰|光電業|-13 -19 8|100 100 13 18|1.3 13
4945 陞達科技|半導體業|2 -20 24|91 91 24 32|1.1 5
4952 凌通|半導體業|-17 -30 12|92 94 -2 -4|0.4 5
4953 緯致|資訊服務|5 7 -9|69 69 2 8|0.3 217
4958 臻鼎-KY|電子零組|-22 -29 -21|80 87 -11 -13|0.8 203
4960 誠美材|光電業|1 -3 24|91 91 5 -6|0.7 43
4961 天鈺|半導體業|-8 -12 16|82 82 -6 -13|1.2 216
4966 譜瑞-KY|半導體業|-39 -46 -4|75 75 -12 -6|1.2 584
4967 十銓|半導體業|84 137 67|83 83 11 15|0.8 129
4968 立積|半導體業|-10 -13 -1|81 81 -9 16|0.2 196
4973 廣穎電通|半導體業|10 16 5|87 87 1 30|0.3 13
4974 亞泰|電子零組|13 -2 -7|98 98 5 5|0.4 12
4976 佳凌|光電業|-35 -31 -13|79 79 -10 -18|0.4 14
4977 眾達-KY|通信網路|-65 -50 -79|58 58 -36 -39|0.3 90
4979 華星光|通信網路|174 138 14|79 79 145 219|0.8 447
4989 榮科|電子零組|-12 -10 6|77 77 -2 -5|0.3 8
5009 榮剛|鋼鐵工業|1 10 -13|75 75 -17 8|1.1 530
5011 久陽|鋼鐵工業|-36 -24 -23|77 77 -16 -14|0.6 5
5203 訊連|資訊服務|7 4 -6|83 83 -3 -0|0.3 35
5209 新鼎|其他|59 98 7|78 78 -12 79|0.2 15
5210 寶碩|資訊服務|-38 -20 -7|91 98 25 -2|1.0 5
5222 全訊|半導體業|51 28 -3|91 91 2 35|1.7 208
5225 東科-KY|其他電子|-40 -28 -27|100 100 23 38|5.1 29
5227 立凱-KY|電子零組|86 127 -24|66 66 -26 -25|1.1 13
5234 達興材料|光電業|57 32 42|73 73 15 33|0.3 87
5236 凌陽創新|半導體業|165 54 70|99 99 42 65|0.7 73
5243 乙盛-KY|光電業|-33 -18 -26|75 75 -24 5|0.5 73
5258 虹堡|電腦及週|7 16 -22|75 75 17 9|0.3 457
5263 智崴|文化創意|-1 -12 -19|78 83 -4 -16|0.5 13
5269 祥碩|半導體業|24 7 10|75 75 -13 4|1.3 443
5274 信驊|半導體業|-46 -51 -38|87 87 -4 3|1.1 1228
5283 禾聯碩|電器電纜|-4 4 14|95 95 6 4|0.6 9
5284 jpp-KY|其他|37 41 -7|87 87 -9 40|2.0 305
5285 界霖|半導體業|-18 -24 -8|94 94 16 3|0.6 47
5287 數字|數位雲端|13 12 0|100 100 7 17|1.7 13
5288 豐祥-KY|電機機械|-9 -6 -27|89 89 -10 -3|0.1 6
5289 宜鼎|電腦及週|-28 -30 -13|83 83 -9 36|1.2 265
5299 杰力|半導體業|-32 -39 5|86 86 -7 -8|0.5 10
5306 桂盟|運動休閒|-37 -38 -11|89 90 -4 -5|0.2 13
5309 系統電|電子零組|-19 -17 -29|75 75 -17 -18|0.4 28
5312 寶島科|生技醫療|19 34 13|92 92 -1 38|0.4 9
5321 美而快|數位雲端|-2 4 -11|80 80 -6 2|1.0 16
5328 華容|電子零組|-3 19 9|85 85 -11 22|0.4 8
5340 建榮|電子零組|-10 -23 -8|95 95 35 46|1.6 220
5347 世界|半導體業|-23 -36 -10|71 73 -22 -24|1.2 426
5351 鈺創|半導體業|-39 -44 13|83 84 -5 -14|0.8 56
5353 台林|通信網路|-12 -3 -24|72 72 -18 9|0.4 16
5371 中光電|光電業|-18 -26 -6|99 99 11 28|1.7 330
5381 光譜|電機機械|342 537 338|100 100 47 223|6.0 27
5386 青雲|電腦及週|-8 -17 20|74 74 3 47|0.2 24
5388 中磊|通信網路|-26 -9 -35|100 100 23 42|0.5 572
5392 能率|光電業|-4 -8 9|100 100 20 15|0.7 17
5403 中菲|資訊服務|21 8 -7|95 95 2 40|0.5 23
5410 國眾|資訊服務|-25 6 -89|93 93 -1 -5|0.7 10
5425 台半|半導體業|-13 -6 -9|76 76 -7 -16|0.4 302
5426 振發|電腦及週|-33 -37 -34|77 77 13 1|0.2 9
5432 新門|綠能環保|-1 23 -12|95 95 45 69|1.1 27
5434 崇越|電子通路|-11 -11 -15|91 91 -7 -6|0.7 88
5439 高技|電子零組|53 58 33|79 79 12 41|0.3 318
5443 均豪|半導體業|-27 -37 -27|90 90 10 13|1.0 32
5452 佶優|其他電子|-5 -7 16|96 96 21 19|0.6 74
5457 宣德|電子零組|-13 -8 5|88 91 13 2|1.1 38
5464 霖宏|電子零組|-48 -47 -28|85 88 -5 -14|0.8 7
5465 富驊|電腦及週|34 30 20|67 67 -7 81|0.2 44
5469 瀚宇博|電子零組|-5 -10 6|100 100 34 64|0.7 306
5471 松翰|半導體業|-15 -26 19|78 84 -9 -16|0.7 9
5474 聰泰|電腦及週|12 -23 2|65 65 25 50|0.2 114
5478 智冠|文化創意|8 9 -0|88 88 -9 25|0.3 26
5483 中美晶|半導體業|-11 -5 -15|87 87 2 1|0.3 497
5488 松普|電子零組|-50 -26 -34|91 91 1 28|0.7 6
5508 永信建|建材營造|620 493 363|95 95 14 31|0.3 9
5511 德昌|建材營造|8 18 -7|85 85 29 141|0.2 31
5522 遠雄|建材營造|-12 -56 -15|90 90 -8 -1|0.5 13
5534 長虹|建材營造|-48 -46 -42|94 94 -4 1|2.3 54
5536 聖暉*|其他電子|-32 -17 -33|79 99 10 24|1.7 47
5607 遠雄港|航運業|-8 -12 -8|77 77 -3 -1|0.3 38
5608 四維航|航運業|-55 -54 -18|65 70 -10 -31|0.7 46
5609 中菲行|航運業|-52 -54 -10|97 97 6 15|0.4 12
5704 老爺知|觀光餐旅|-24 6 -15|65 65 -22 -29|0.4 11
5706 鳳凰|觀光餐旅|2959 2705 1415|59 59 -33 6|0.4 131
5864 致和證|金融業|-442 269 217|68 68 -3 71|0.2 27
5871 中租-KY|其他|14 14 -3|78 79 -10 -19|0.8 713
5876 上海商銀|金融保險|-0 26 2|86 93 -3 -7|1.2 141
5880 合庫金|金融保險|-8 12 -3|94 94 -0 5|1.0 261
5904 寶雅|居家生活|11 19 5|83 83 -5 -14|0.5 66
5905 南仁湖|觀光餐旅|2 54 29|81 81 -7 -10|0.3 6
6005 群益證|金融保險|26 113 77|93 93 6 23|0.3 47
6015 宏遠證|金融業|225 158 80|84 84 2 14|0.3 14
6016 康和證|金融業|63 434 263|88 88 13 31|0.3 31
6023 元大期貨|金融業|-0 -14 -11|99 99 9 16|1.0 6
6024 群益期|金融保險|-25 -40 -34|99 99 4 17|0.6 9
6026 福邦證|金融業|5436 1861 1407|92 92 0 20|0.3 19
6101 寬魚國際|文化創意|950422 348877 257550|76 76 20 13|0.4 18
6104 創惟|半導體業|-0 -15 24|87 89 -3 -11|1.6 171
6108 競國|電子零組|-17 -26 -7|94 94 9 12|2.1 7
6111 光聚晶電|文化創意|77 67 -103|72 72 -6 41|0.3 146
6112 邁達特|資訊服務|8 12 2|77 77 -12 52|0.1 101
6114 久威|電子零組|32 -8 20|87 87 14 20|0.3 23
6116 彩晶|光電業|-19 -25 7|86 86 -10 -11|0.3 132
6117 迎廣|電腦及週|-13 -11 0|99 99 138 151|0.5 73
6118 建達|電子通路|-21 -26 -13|55 66 -24 -33|0.2 8
6120 達運|光電業|21 43 63|78 78 38 45|0.2 63
6121 新普|電腦及週|-18 -17 -8|96 96 3 8|0.6 137
6122 擎邦|電機機械|125 156 71|100 100 35 153|0.7 137
6123 上奇|資訊服務|-9 -3 -18|91 91 -7 -0|0.7 5
6124 業強|電子零組|-13 -10 5|67 67 -2 34|0.2 8
6125 廣運|電機機械|17 22 -5|78 78 119 198|0.6 1472
6126 信音|電子零組|-8 -8 2|94 94 24 47|1.6 42
6127 九豪|電子零組|39 18 35|89 89 -3 28|0.6 8
6128 上福|電腦及週|-6 -11 -7|95 95 5 3|0.5 7
6129 普誠|半導體業|-19 -22 -25|71 78 -12 -15|0.3 18
6133 金橋|電子零組|-31 -37 -34|51 61 -24 -36|0.2 6
6138 茂達|半導體業|-13 -27 10|82 82 -11 -4|0.4 127
6139 亞翔|其他電子|30 30 -8|96 96 47 105|0.9 558
6142 友勁|通信網路|-53 -6 -73|75 75 -13 -13|0.2 8
6143 振曜|通信網路|34 32 -3|67 67 -20 -21|0.5 66
6146 耕興|其他電子|-7 -9 -12|98 98 14 4|1.6 94
6147 頎邦|半導體業|-5 -11 11|100 100 12 8|1.1 191
6148 驊宏資|資訊服務|4 407 289|67 67 0 117|0.1 26
6150 撼訊|電腦及週|10 29 62|66 66 -9 -4|0.3 58
6153 嘉聯益|電子零組|-34 -9 -8|77 86 -3 -6|0.4 28
6156 松上|電子零組|-15 -26 -4|98 98 14 14|3.2 21
6158 禾昌|電子零組|1 -7 13|90 90 29 26|0.3 18
6160 欣技|電腦及週|-23 -18 -28|68 68 -32 30|0.2 13
6161 捷波|電腦及週|-23 -21 10|78 78 5 39|0.2 21
6163 華電網|資訊服務|-6 -23 -33|65 65 -22 13|0.3 11
6165 浪凡|數位雲端|-11 -9 -8|100 100 17 24|1.3 13
6166 凌華|電腦及週|-10 1 -13|78 78 -1 4|0.1 28
6167 久正|光電業|-22 -15 -3|94 94 0 45|1.9 27
6168 宏齊|光電業|-6 -21 5|96 96 12 24|6.0 10
6170 統振|通信網路|27 -11 16|95 95 57 56|2.2 136
6173 信昌電|電子零組|6 -7 22|100 100 11 14|2.3 28
6176 瑞儀|光電業|-35 -12 -9|99 99 8 20|0.5 296
6177 達麗|建材營造|4664 1504 1061|99 99 3 4|1.1 20
6179 亞通|其他|-17 -11 -20|77 77 -9 -3|0.2 20
6180 橘子|文化創意|-18 -19 -9|80 83 -12 -14|0.2 26
6182 合晶|半導體業|-23 -22 -19|84 91 0 -2|0.4 110
6185 幃翔|電子零組|-30 -2 -22|68 68 -29 33|0.2 10
6186 新潤|建材營造|na na na|99 99 16 30|0.7 14
6187 萬潤|半導體業|-49 -58 -9|77 77 50 56|0.2 323
6188 廣明|電腦及週|-16 -19 -16|81 81 37 82|0.4 1694
6189 豐藝|電子通路|31 3 19|98 98 11 18|0.4 22
6190 萬泰科|通信網路|-38 -38 -18|84 84 -3 9|0.2 34
6191 精成科|電子零組|2 -2 7|97 97 48 90|0.8 324
6192 巨路|其他電子|4 1 -1|100 100 12 16|0.7 17
6194 育富|電子零組|83 36 31|90 90 14 43|1.0 37
6196 帆宣|其他電子|-13 5 -28|92 92 9 9|0.2 78
6197 佳必琪|電子零組|5 0 -10|83 83 10 48|0.4 80
6198 瑞築|建材營造|-91 na na|73 73 -4 73|0.5 6
6202 盛群|半導體業|-56 -54 -3|87 87 -5 -12|0.6 48
6203 海韻電|電子零組|161 82 71|89 89 19 86|0.5 275
6204 艾華|電子零組|16 5 30|97 97 31 32|0.7 24
6205 詮欣|電子零組|-29 -32 -30|67 71 -9 -26|1.0 38
6206 飛捷|電腦及週|-44 -43 -4|85 97 1 -3|0.7 13
6207 雷科|電子零組|13 -29 -2|87 87 14 11|0.2 9
6208 日揚|半導體業|15 7 -9|84 84 -13 -11|0.8 9
6209 今國光|光電業|-24 -24 -8|90 90 -6 11|0.9 13
6213 聯茂|電子零組|-6 -22 0|100 100 43 32|4.2 336
6214 精誠|資訊服務|3 4 -7|95 95 15 51|0.3 109
6216 居易|通信網路|20 -9 23|99 100 10 14|1.9 21
6217 中探針|電子零組|-13 -26 -11|79 89 7 2|0.5 31
6218 豪勉|通信網路|10 25 -19|72 72 -4 46|0.1 24
6219 富旺|建材營造|2898 1290 986|97 97 32 34|0.8 17
6220 岳豐|電子零組|-22 -16 5|85 100 9 8|0.5 18
6221 晉泰|資訊服務|21 6 -8|99 99 26 34|2.0 6
6222 立軒|光電業|-85 -70 8|55 55 40 52|1.0 5
6223 旺矽|半導體業|11 8 1|93 93 25 68|0.6 609
6227 茂綸|電子通路|-11 -9 -10|88 88 5 -7|0.4 15
6230 尼得科超眾|電腦及週|-4 -6 -15|83 83 -10 18|0.5 11
6231 系微|資訊服務|-5 -7 1|84 84 27 36|0.9 493
6234 高僑|光電業|29 90 43|86 86 1 32|2.1 36
6235 華孚|電腦及週|23 38 -11|90 90 18 138|1.5 2185
6237 驊訊|半導體業|-25 -46 1|64 72 -14 -24|0.4 5
6239 力成|半導體業|-20 -25 -5|95 95 6 17|0.4 211
6243 迅杰|半導體業|50 34 25|84 84 -9 47|0.2 11
6244 茂迪|光電業|-12 -24 -25|72 72 -14 1|0.6 58
6245 立端|通信網路|-22 -22 -39|75 75 -21 -11|0.3 147
6248 沛波|鋼鐵工業|12 37 -7|82 82 1 19|0.4 7
6257 矽格|半導體業|-16 -24 -10|100 100 12 9|1.3 81
6261 久元|半導體業|-25 -31 -2|90 90 -7 -7|1.8 21
6263 普萊德|通信網路|-2 13 -4|90 90 10 40|0.2 9
6266 泰詠|電子零組|-10 14 -23|76 76 -8 13|0.3 25
6269 台郡|電子零組|-25 -10 -14|85 93 -4 -4|0.5 96
6271 同欣電|半導體業|-18 -21 -8|74 80 -1 -20|0.5 166
6274 台燿|電子零組|-16 -18 4|91 91 61 113|0.6 2115
6275 元山|電子零組|2 -3 8|87 87 24 52|0.4 90
6276 安鈦克|電腦及週|55 13 21|74 74 5 145|0.1 18
6277 宏正|電腦及週|-1 -5 -11|95 95 -1 1|0.4 7
6278 台表科|光電業|-33 -26 -2|93 94 -1 9|0.4 60
6279 胡連|電子零組|8 10 -19|83 86 0 -3|0.2 85
6282 康舒|電子零組|30 -9 -3|83 83 -4 20|0.3 1137
6284 佳邦|電子零組|3 -4 1|93 93 -1 -4|3.0 43
6285 啟碁|通信網路|14 22 -19|100 100 58 56|0.9 2341
6288 聯嘉|汽車工業|29 11 1|81 81 -10 4|0.2 37
6290 良維|電子零組|-2 -7 3|77 80 3 -17|0.2 49
6291 沛亨|半導體業|55 50 19|64 64 -25 89|2.3 14
6409 旭隼|其他電子|-27 -22 -30|72 72 -28 -12|1.1 287
6411 晶焱|半導體業|23 -2 35|85 86 3 -14|0.6 78
6412 群電|電子零組|-14 -11 0|97 97 36 51|0.4 195
6414 樺漢|電腦及週|5 14 -15|86 86 -1 15|0.4 400
6415 矽力*-KY|半導體業|-45 -45 -13|44 49 -26 -51|1.6 1101
6416 瑞祺電通|通信網路|-27 -21 -19|75 75 -15 -15|0.6 16
6417 韋僑|通信網路|27 34 6|67 67 -18 -3|0.2 36
6418 詠昇|電子零組|31 10 16|91 91 35 49|3.2 65
6426 統新|通信網路|-29 -49 -18|77 89 11 7|0.4 17
6432 今展科|電子零組|36 14 31|90 91 -5 -4|0.8 8
6438 迅得|其他電子|-22 -6 -23|88 88 -5 13|1.1 52
6441 廣錠|電腦及週|14 60 36|75 75 -12 -10|0.2 9
6442 光聖|通信網路|-38 -20 -11|78 78 19 21|0.3 25
6443 元晶|光電業|-19 13 -11|74 79 -13 -17|1.5 130
6446 藥華藥|生技醫療|28 44 -216|60 73 4 -28|0.7 794
6449 鈺邦|電子零組|75 41 42|93 93 32 45|0.5 11
6451 訊芯-KY|半導體業|-9 -9 -49|74 74 10 10|0.2 31
6456 GIS-KY|光電業|-47 -38 -17|68 77 -22 -24|0.7 50
6462 神盾|半導體業|12 47 37|70 70 -0 4|0.3 18
6469 大樹|生技醫療|13 6 -11|95 95 21 24|0.8 203
6470 宇智|通信網路|-11 -15 -35|75 75 -0 10|0.1 58
6472 保瑞|生技醫療|144 148 -99|92 92 24 80|1.0 1972
6477 安集|光電業|-63 -8 -33|76 78 -15 -8|0.5 18
6485 點序|半導體業|-4 -5 16|80 80 -15 14|0.7 21
6486 互動|通信網路|-13 -5 -10|93 93 -5 7|0.2 6
6488 環球晶|半導體業|-4 -1 -12|85 86 -7 -8|0.7 523
6491 晶碩|生技醫療|8 16 7|85 91 6 -5|1.8 88
6505 台塑化|油電燃氣|-30 -34 -32|89 89 -8 -5|0.9 109
6509 聚和|化學工業|-22 -23 -18|81 81 -14 -17|0.4 11
6510 精測|半導體業|-20 -33 -17|83 83 5 -12|0.3 39
6515 穎崴|半導體業|-38 -9 -54|66 66 -25 2|0.3 427
6517 保勝光學|光電業|22 -6 -18|na 51 -35 9|1.6 32
6523 達爾膚|生技醫療|3 36 31|88 88 6 20|0.2 13
6525 捷敏-KY|半導體業|-27 -27 -15|87 88 -12 -8|0.4 7
6527 明達醫|生技醫療|6 7 -11|77 77 19 31|0.3 18
6530 創威|通信網路|-5 -4 4|78 78 16 24|0.4 9
6531 愛普*|半導體業|9 -14 24|85 85 2 19|0.6 1464
6532 瑞耘|半導體業|28 19 -7|84 84 11 4|0.1 16
6533 晶心科|半導體業|41 24 -19|71 73 -15 -26|1.2 513
6535 順藥|生技醫療|290 5795 3940|92 92 -4 43|0.2 22
6538 倉和|電子零組|53 42 20|96 96 71 111|1.3 410
6541 泰福-KY|生技醫療|645 516 na|40 56 -22 -44|1.8 17
6546 正基|通信網路|-38 -43 0|68 89 15 16|0.3 27
6547 高端疫苗|生技醫療|-100 -100 -0|52 100 24 37|2.4 121
6548 長科*|半導體業|-25 -24 -10|39 76 -18 -8|0.5 54
6550 北極星藥業-KY|生技醫療|-100 -47 19|40 86 -5 -13|0.4 140
6561 是方|通信網路|8 5 -3|98 98 15 15|0.5 55
6568 宏觀|半導體業|-2 -17 -41|67 70 -20 -26|0.6 13
6569 醫揚|生技醫療|-16 -2 -3|68 68 10 53|0.3 36
6570 維田|電腦及週|-20 -5 -22|81 81 -12 0|0.3 12
6576 逸達|生技醫療|-100 528 -3736|64 64 -1 -31|0.3 13
6577 勁豐|電腦及週|59 92 67|68 68 19 48|0.2 15
6579 研揚|電腦及週|2 -2 -10|66 66 18 63|0.4 175
6584 南俊國際|電子零組|-30 -42 na|na na -10 na|0.2 10
6585 鼎基|其他|-18 -5 -2|100 100 60 49|0.8 51
6589 台康生技|生技醫療|-53 -54 -33|60 75 -14 -19|0.5 76
6591 動力-KY|電腦及週|36 6 29|87 87 2 20|0.3 14
6592 和潤企業|其他|22 25 -0|86 86 10 26|0.5 111
6593 台灣銘板|資訊服務|55 36 33|95 95 30 41|0.5 14
6596 寬宏藝術|文化創意|21 112 -538|73 73 -3 12|0.1 6
6603 富強鑫|電機機械|13 -15 -7|80 84 -6 -15|0.5 5
6605 帝寶|汽車工業|-10 5 -4|93 93 29 41|0.9 102
6612 奈米醫材|生技醫療|17 19 -5|72 72 -19 -6|0.3 11
6613 朋億*|其他電子|-2 17 -6|80 97 25 28|1.2 55
6625 必應|其他|512 379 160|72 72 -5 113|0.4 79
6640 均華|半導體業|-12 -40 -16|77 77 24 21|0.3 5
6643 M31|半導體業|51 25 -8|92 92 20 72|1.1 1193
6664 群翊|電子零組|9 1 -9|97 97 54 71|1.3 333
6667 信紘科|其他電子|-3 -1 -14|92 92 -0 20|0.3 10
6669 緯穎|電腦及週|-19 -26 -58|74 74 36 74|1.0 6932
6670 復盛應用|運動休閒|-39 -42 -52|88 92 2 -11|0.3 21
6672 騰輝電子-KY|電子零組|7 -5 22|96 96 10 16|0.8 115
6679 鈺太|半導體業|-12 -23 17|97 97 23 40|0.9 162
6683 雍智科技|半導體業|-12 -13 -10|82 83 -5 -5|0.2 28
6684 安格|半導體業|-1 -21 30|65 73 -4 -17|0.3 6
6689 伊雲谷|數位雲端|12 10 6|na 75 -24 -15|0.3 51
6690 安碁資訊|數位雲端|16 14 -29|76 76 -6 -1|0.2 15
6691 洋基工程|其他電子|9 21 -13|85 85 15 19|0.5 88
6703 軒郁|生技醫療|97 75 21|77 77 13 110|0.4 71
6706 惠特|光電業|-68 -70 2|56 66 -18 -34|0.5 14
6712 長聖|生技醫療|7 4 -4|83 93 -1 4|0.6 103
6715 嘉基|電子零組|-32 -39 -40|78 78 -6 -10|1.5 16
6719 力智|半導體業|-60 -60 -14|63 63 -22 -25|0.9 186
6728 上洋|居家生活|33 11 6|79 79 -4 -10|0.2 6
6732 昇佳電子|半導體業|45 23 46|79 79 6 -3|0.9 96
6733 博晟生醫|生技醫療|142 548 258|77 77 -11 46|0.2 11
6741 91APP*-KY|數位雲端|11 11 -2|68 68 -22 -16|0.4 71
6743 安普新|其他電子|-23 -34 -11|66 66 -6 7|0.2 13
6747 亨泰光|生技醫療|10 -7 -9|69 69 -16 -10|0.3 7
6752 叡揚|資訊服務|11 7 -13|66 66 -29 -21|0.2 22
6753 龍德造船|航運業|-6 -8 -99|na na -11 na|0.4 93
6756 威鋒電子|半導體業|-7 -19 23|87 91 -1 8|0.9 49
6763 綠界科技*|數位雲端|12 9 0|69 69 -19 -16|0.6 11
6770 力積電|半導體業|-49 -50 -17|79 80 -11 -20|0.6 278
6776 展碁國際|電子通路|2 2 7|84 84 -1 31|0.2 9
6781 AES-KY|電子零組|-48 -44 -32|59 78 -9 -23|0.5 157
6782 視陽|生技醫療|-5 -16 -17|na 49 -27 -52|0.5 35
6788 華景電|半導體業|0 -14 -23|79 79 6 2|0.2 36
6789 采鈺|半導體業|-14 -24 0|67 77 -10 -13|0.3 127
6790 永豐實|造紙工業|2 -1 -7|95 95 5 9|0.2 7
6792 詠業|通信網路|17 4 21|91 95 6 9|1.3 6
6796 晉弘|生技醫療|2 20 13|84 84 25 9|0.4 36
6799 來頡|半導體業|-11 -15 4|82 82 -3 -5|1.4 230
6803 崑鼎|綠能環保|14 15 -2|96 96 2 20|0.3 8
6806 森崴能源|綠能環保|620 228 147|80 80 -13 14|0.6 141
6811 宏碁資訊|數位雲端|-6 -2 -10|72 72 13 39|0.4 103
6829 千附精密|半導體業|-22 -23 1|100 100 20 89|4.5 148
6830 汎銓|其他電子|6 13 -1|na 94 9 36|0.7 107
6841 長佳智能|生技醫療|223 77 -107|na 69 1 -14|0.2 114
6859 伯特光|光電業|-27 -10 -21|na 85 5 -15|0.6 5
6861 睿生光電|生技醫療|-5 -2 -4|na na -9 na|0.3 7
6863 永道-KY|通信網路|-5 7 na|na na -20 na|0.4 27
6869 雲豹能源|綠能環保|-22 96 -338|na na -14 na|0.9 13
6873 泓德能源|綠能環保|20 145 44|na 68 -17 -20|0.4 8
6874 倍力|資訊服務|54 14 -15|na 60 -29 3|0.1 36
7402 邑錡|光電業|6 -6 6|95 95 39 91|1.3 120
8011 台通|通信網路|30 12 9|92 92 -6 22|0.9 12
8016 矽創|半導體業|3 4 28|100 100 17 19|1.1 358
8021 尖點|其他電子|-20 -25 -0|85 85 -7 -1|0.2 10
8027 鈦昇|電機機械|-11 -47 -19|95 95 41 43|0.6 226
8028 昇陽半導體|半導體業|8 24 6|80 87 -4 -0|0.2 44
8033 雷虎|其他|-27 -8 -7|83 83 -11 10|2.1 69
8034 榮群|通信網路|187 480 305|83 83 26 41|0.4 15
8038 長園科|電子零組|-69 316 -452|65 65 -29 -3|0.3 19
8039 台虹|電子零組|14 4 17|100 100 10 9|0.9 15
8040 九暘|半導體業|-51 -46 -31|69 81 -13 -19|0.5 5
8044 網家|數位雲端|-9 -16 -4|62 64 -18 -35|0.5 25
8046 南電|電子零組|-40 -40 -35|83 84 -16 -0|0.7 848
8048 德勝|通信網路|94 91 31|74 74 31 114|0.5 94
8049 晶采|光電業|-24 -11 -28|91 91 6 4|0.5 46
8050 廣積|電腦及週|5 3 -22|94 94 34 29|0.5 812
8054 安國|半導體業|-9 -0 -9|83 89 -6 -4|0.5 6
8069 元太|光電業|-3 -5 -41|75 77 -14 -10|0.5 1425
8070 長華*|電子通路|-29 -30 -10|83 83 -12 -7|0.6 19
8076 伍豐|電腦及週|-2 -8 -1|83 83 -5 9|0.2 38
8081 致新|半導體業|14 2 23|99 99 31 39|0.6 130
8083 瑞穎|電機機械|-33 -40 6|90 100 7 1|1.0 7
8084 巨虹|電子通路|-53 -50 -68|58 65 -13 -24|0.2 14
8085 福華|其他電子|-36 -25 -27|84 84 15 101|0.4 44
8086 宏捷科|半導體業|13 5 44|94 94 10 22|0.9 170
8087 麗升能源|綠能環保|323 237 6|74 74 57 92|0.2 8
8088 品安|半導體業|17 -2 2|100 100 9 40|1.6 26
8091 翔名|半導體業|-12 1 -0|87 87 -0 5|0.4 13
8093 保銳|電子零組|-51 70 45|60 60 13 30|0.3 9
8097 常珵|通信網路|-99 -85 -245|73 92 -7 4|1.1 19
8099 大世科|資訊服務|-11 -2 0|81 81 -17 36|0.3 6
8103 瀚荃|電子零組|-20 -25 3|98 98 8 11|0.6 10
8105 凌巨|光電業|-19 -16 -9|85 85 -2 -13|0.2 17
8109 博大|電子零組|15 16 -9|97 97 28 28|0.8 100
8110 華東|半導體業|-36 -33 -19|90 90 -2 -1|0.4 9
8112 至上|電子通路|-5 -11 19|96 96 14 34|0.9 238
8114 振樺電|電腦及週|-25 -16 -18|65 87 1 -11|0.2 19
8131 福懋科|半導體業|-39 -32 -19|94 94 -4 -2|0.2 8
8147 正淩|電子零組|-5 -18 -17|82 82 10 9|0.1 6
8150 南茂|半導體業|-6 -15 11|100 100 1 8|1.4 67
8155 博智|電子零組|-17 -22 -9|77 77 -1 18|0.3 160
8163 達方|電腦及週|-6 -8 -0|95 95 -1 12|0.5 19
8171 天宇|綠能環保|-65 -45 -78|60 60 -30 -39|0.3 14
8183 精星|其他電子|-11 -7 -27|73 84 -7 -12|0.7 14
8201 無敵|其他電子|6 6 16|70 70 26 50|0.3 13
8210 勤誠|電腦及週|-30 -24 -18|93 93 105 164|0.7 2156
8213 志超|電子零組|23 5 32|99 99 14 18|0.6 31
8215 明基材|光電業|20 18 18|83 83 -2 -2|0.3 54
8222 寶一|電機機械|29 42 -1|82 82 -12 53|2.9 90
8227 巨有科技|半導體業|59 46 -2|na 69 -18 -17|0.4 117
8234 新漢|電腦及週|-35 -25 -18|73 73 11 19|0.2 67
8240 華宏|光電業|-11 -11 15|100 100 14 26|1.3 6
8249 菱光|電子零組|-33 -18 -28|84 84 -4 6|0.1 5
8255 朋程|電機機械|47 41 15|90 90 2 4|0.3 152
8261 富鼎|半導體業|-25 -36 -2|72 75 -21 -23|0.7 51
8271 宇瞻|半導體業|-22 -19 -10|86 86 -9 15|0.4 20
8289 泰藝|電子零組|-56 -45 -23|67 67 -19 -31|0.9 7
8299 群聯|半導體業|-36 -36 -3|100 100 4 16|1.8 491
8341 日友|綠能環保|-11 -12 -5|64 72 -22 -27|0.6 39
8349 恒耀國際|鋼鐵工業|6 13 2|78 89 -2 -9|0.4 8
8358 金居|電子零組|-22 -32 -6|99 99 24 12|1.3 632
8383 千附|半導體業|-50 -45 -33|87 87 -1 -6|1.2 7
8390 金益鼎|綠能環保|25 0 -6|85 85 17 36|0.5 74
8403 盛弘|生技醫療|-9 -12 -4|79 79 -2 -0|0.2 16
8410 森田|電腦及週|27 17 23|100 100 47 102|1.3 18
8420 明揚|運動休閒|-16 5 -23|81 81 -13 -10|0.3 16
8422 可寧衛*|綠能環保|-60 -17 -47|89 89 -6 1|0.6 45
8426 紅木-KY|其他|67 105 32|71 71 -22 39|0.2 16
8431 匯鑽科|其他電子|-25 -25 6|90 90 -4 11|0.9 7
8433 弘帆|居家生活|-1 7 14|78 78 15 -7|0.3 30
8436 大江|生技醫療|10 7 3|72 73 -5 -20|0.6 61
8442 威宏-KY|其他|-8 -10 -35|90 90 0 -1|0.7 6
8446 華研|文化創意|22 24 -4|65 65 -9 20|0.2 34
8454 富邦媒|數位雲端|7 5 -6|63 63 -17 -30|0.8 201
8462 柏文|運動休閒|28 31 -3|85 85 -9 -4|0.9 10
8464 億豐|居家生活|-11 -16 -3|85 85 -11 -10|0.7 105
8476 台境*|綠能環保|-53 2 -138|90 90 -7 -5|0.5 9
8478 東哥遊艇|運動休閒|34 19 -1|65 65 -31 7|0.6 858
8916 光隆|其他|-20 -12 -22|92 100 12 4|1.1 14
8924 大田|運動休閒|-34 -46 -28|73 74 -5 -27|0.8 15
8926 台汽電|油電燃氣|93 113 79|81 81 -7 31|0.3 69
8927 北基|油電燃氣|10 14 3|100 100 31 52|3.0 48
8930 青鋼|鋼鐵工業|38 22 13|96 96 24 67|0.6 62
8931 大汽電|油電燃氣|-22 4 -51|58 58 -28 -11|0.5 7
8932 智通*|數位雲端|5 10 24|100 100 20 78|1.1 76
8936 國統|其他|38 16 27|77 77 7 -2|0.3 77
8938 明安|運動休閒|-50 -46 -48|70 72 -4 -30|0.7 28
8942 森鉅|其他|8 2 3|96 96 20 23|0.7 44
8996 高力|電機機械|61 90 19|73 73 15 33|0.6 908
9802 鈺齊-KY|運動休閒|-18 -28 -47|65 92 -3 -4|0.6 58
9904 寶成|運動休閒|-17 -12 -20|86 88 -8 -13|1.0 96
9906 欣巴巴|建材營造|26 70 -30|91 91 13 15|1.2 8
9907 統一實|其他|-32 -23 -7|90 90 -3 -0|0.4 23
9910 豐泰|運動休閒|-8 -13 -39|89 89 1 4|0.5 219
9911 櫻花|居家生活|1 0 1|97 97 -0 2|0.6 8
9914 美利達|運動休閒|-16 -17 -35|89 89 -0 8|0.9 131
9917 中保科|其他|15 14 3|91 91 -5 6|0.6 57
9919 康那香|其他|-24 -5 4|92 92 -2 5|1.4 95
9921 巨大|運動休閒|-29 -15 -17|81 84 0 -1|1.1 222
9925 新保|其他|1 6 4|99 99 1 3|0.8 7
9927 泰銘|其他|-2 -4 5|90 90 27 44|0.6 100
9929 秋雨|其他|33 32 16|98 98 45 42|1.1 6
9933 中鼎|其他|5 12 -1|83 95 -1 -9|0.7 49
9934 成霖|居家生活|3 -6 -2|97 97 14 14|2.4 28
9938 百和|其他|-23 -33 -12|74 82 -9 -18|1.2 71
9939 宏全|其他|5 6 -8|97 97 4 8|0.5 105
9941 裕融|其他|16 17 -0|91 91 2 10|0.7 147
9942 茂順|其他|18 22 -0|93 93 -4 22|0.5 65
9943 好樂迪|觀光餐旅|19 59 -706|87 87 -1 35|0.2 31
9945 潤泰新|其他|-41 -6 -16|78 84 -0 -16|2.3 184
9950 萬國通|塑膠工業|23 70 9|83 83 34 48|2.2 7
9951 皇田|電機機械|14 18 -2|93 93 5 4|0.5 15
9955 佳龍|綠能環保|6 25 38|76 76 -11 6|0.3 6
9958 世紀鋼|鋼鐵工業|83 84 50|97 97 47 50|0.8 591
