# 2023-04 月末(2023-04-28)全池量化快照(1134 檔)。欄位:代碼 名稱|產業|最新YoY 3月YoY 加速|距52週高% 距120日高% 60日漲% 120日漲%|量能x 日均值M
1101 台泥|水泥工業|18 16 8|93 98 8 26|2.0 608
1102 亞泥|水泥工業|-0 6 5|98 98 3 18|1.0 161
1103 嘉泥|水泥工業|13 30 19|95 95 12 27|1.8 10
1104 環泥|水泥工業|25 27 5|100 100 22 41|3.0 51
1108 幸福|水泥工業|26 30 5|95 95 46 57|2.1 43
1109 信大|水泥工業|27 35 28|93 100 10 19|1.3 5
1201 味全|食品工業|8 6 5|90 95 6 10|0.6 6
1210 大成|食品工業|13 5 -4|97 97 12 23|0.6 90
1215 卜蜂|食品工業|5 1 -9|95 95 14 19|1.4 123
1216 統一|食品工業|6 7 -4|100 100 8 13|1.0 503
1217 愛之味|食品工業|7 2 1|90 96 5 25|0.4 11
1218 泰山|食品工業|-10 1 -7|62 62 -6 -26|0.4 35
1219 福壽|食品工業|-2 2 -11|79 94 8 13|1.5 22
1220 台榮|食品工業|2 -18 -20|70 89 3 16|0.6 8
1225 福懋油|食品工業|4 11 -5|96 96 6 13|2.5 10
1227 佳格|食品工業|-12 -9 5|84 94 -1 7|1.4 37
1229 聯華|食品工業|15 12 4|98 98 18 30|2.4 79
1231 聯華食|食品工業|24 11 -4|99 99 15 38|3.6 18
1232 大統益|食品工業|-4 12 -8|93 96 5 2|0.7 7
1234 黑松|食品工業|10 31 18|100 100 11 12|0.7 8
1256 鮮活果汁-KY|食品工業|11 5 14|87 87 12 42|0.3 7
1268 漢來美食|觀光餐旅|12 23 -63|94 94 14 41|0.6 36
1301 台塑|塑膠工業|-24 -26 -8|93 100 6 15|1.4 533
1303 南亞|塑膠工業|-36 -35 -10|97 100 4 14|1.5 359
1304 台聚|塑膠工業|-17 -22 -9|94 94 9 24|0.6 50
1305 華夏|塑膠工業|-37 -28 -9|81 86 -14 29|0.4 32
1308 亞聚|塑膠工業|-23 -26 -20|82 91 -5 12|0.8 72
1309 台達化|塑膠工業|-15 -21 -4|74 90 -4 6|0.8 13
1310 台苯|塑膠工業|-11 -36 -24|95 95 22 35|9.4 24
1312 國喬|塑膠工業|-6 -5 12|85 96 2 18|1.8 70
1313 聯成|塑膠工業|-20 -14 4|86 96 5 25|0.8 17
1314 中石化|塑膠工業|-11 -30 5|85 97 2 9|1.2 84
1316 上曜|建材營造|-60 4 -150|62 96 15 8|0.6 22
1319 東陽|汽車工業|15 13 -3|86 97 11 4|0.6 199
1321 大洋|塑膠工業|-27 -24 -16|89 90 2 4|0.6 7
1326 台化|塑膠工業|-19 -12 -10|89 91 -5 1|0.8 132
1336 台翰|電子零組|3 11 -10|84 84 1 15|0.4 10
1339 昭輝|汽車工業|0 1 -5|89 89 6 21|0.4 9
1342 八貫|其他|9 2 -17|91 91 31 81|0.3 268
1402 遠東新|紡織纖維|-2 -3 -10|96 96 -1 1|0.9 173
1409 新纖|紡織纖維|-30 -26 -18|94 95 -1 11|0.9 33
1416 廣豐|其他|140 46 38|99 99 14 16|2.3 8
1417 嘉裕|紡織纖維|9 9 -7|90 90 5 35|0.3 11
1432 大魯閣|運動休閒|2 19 -66|70 70 23 36|0.1 6
1434 福懋|紡織纖維|-18 -14 -14|100 100 5 10|0.7 26
1437 勤益控|其他|10 -3 -16|92 92 12 19|0.3 16
1438 三地開發|建材營造|551733 na na|82 82 -2 7|0.6 5
1440 南紡|紡織纖維|-0 -6 -13|79 93 1 4|0.6 11
1442 名軒|建材營造|170 153 -255|85 85 -2 12|0.5 28
1444 力麗|紡織纖維|-18 -22 -25|89 95 4 3|0.5 20
1445 大宇|紡織纖維|34 18 -1|99 99 24 23|1.6 6
1451 年興|紡織纖維|-17 -24 -25|84 96 9 10|0.5 6
1455 集盛|紡織纖維|-31 -36 -7|73 90 -1 10|0.8 6
1467 南緯|紡織纖維|-53 -37 -21|81 92 -3 -1|0.9 9
1476 儒鴻|紡織纖維|-36 -35 -34|95 95 -1 21|0.4 196
1477 聚陽|紡織纖維|9 -1 -9|97 97 1 23|0.6 270
1503 士電|電機機械|15 18 4|99 99 60 84|2.7 1216
1504 東元|電機機械|8 6 -4|96 96 57 60|0.8 1349
1506 正道|電機機械|1 -2 -8|89 89 20 30|0.4 6
1513 中興電|電機機械|5 26 14|88 88 39 95|0.5 2081
1514 亞力|電機機械|21 23 -13|94 94 48 91|0.6 451
1515 力山|電機機械|-42 -60 15|75 89 -1 6|0.9 13
1517 利奇|電機機械|-54 -48 -37|75 80 -5 -13|0.9 7
1519 華城|電機機械|84 1 11|96 96 81 147|1.1 1684
1522 堤維西|汽車工業|-3 2 -10|92 95 10 15|0.6 55
1524 耿鼎|汽車工業|1 16 -10|84 90 5 14|0.3 84
1525 江申|汽車工業|47 50 16|100 100 26 34|1.5 8
1526 日馳|電機機械|-44 -30 -31|70 86 -1 -5|0.8 8
1527 鑽全|電機機械|-36 -30 -8|92 92 1 10|0.6 10
1528 恩德|電機機械|4 15 5|100 100 24 36|2.7 17
1529 樂事綠能|電機機械|514 309 225|99 99 75 143|0.4 140
1532 勤美|電機機械|-39 -36 -5|95 95 16 25|0.4 20
1533 車王電|汽車工業|73 26 6|83 97 18 22|3.4 29
1535 中宇|電機機械|6 -3 -8|96 96 23 31|0.4 12
1536 和大|汽車工業|2 10 -2|74 91 3 -6|0.8 54
1537 廣隆|電機機械|-6 -13 -65|100 100 4 8|0.8 7
1539 巨庭|電機機械|-60 -69 -29|60 86 5 10|0.3 15
1558 伸興|電機機械|-17 -12 -19|85 88 -6 4|0.9 10
1560 中砂|電機機械|-1 -5 -15|65 85 -5 7|0.8 156
1565 精華|生技醫療|-21 -14 -3|92 92 -1 18|0.7 26
1568 倉佑|汽車工業|-32 -32 -22|76 90 5 4|0.6 7
1569 濱川|電腦及週|-49 -41 -32|86 92 7 9|0.5 8
1580 新麥|電機機械|21 12 16|98 98 15 24|0.8 15
1582 信錦|電子零組|-32 -33 -18|87 95 1 -0|0.7 6
1584 精剛|其他|70 103 33|96 96 84 169|0.2 299
1589 永冠-KY|電機機械|46 25 10|95 95 29 51|0.7 169
1590 亞德客-KY|電機機械|8 7 4|90 90 11 59|1.6 897
1591 駿吉-KY|電機機械|-89 -89 na|85 85 56 79|0.2 8
1597 直得|電機機械|-29 -21 -6|89 89 9 7|0.5 7
1598 岱宇|運動休閒|-19 -1 28|82 82 3 18|0.3 10
1603 華電|電器電纜|-0 38 -17|84 88 2 4|0.4 17
1604 聲寶|電器電纜|-3 -2 1|96 100 5 20|3.3 10
1605 華新|電器電纜|10 20 8|85 85 4 37|0.5 1507
1608 華榮|電器電纜|-6 -10 -5|77 96 13 24|0.7 18
1609 大亞|電器電纜|-2 -5 1|95 95 33 64|0.5 800
1611 中電|電器電纜|-16 -15 -3|87 92 36 26|1.2 79
1612 宏泰|電器電纜|-12 -17 -13|78 98 13 44|0.5 28
1618 合機|電器電纜|29 18 -8|94 94 25 24|0.8 58
1701 中化|生技醫療|5 9 0|74 74 0 36|0.6 59
1702 南僑|食品工業|17 13 7|99 99 6 10|1.0 14
1707 葡萄王|生技醫療|9 10 3|97 97 13 46|0.3 71
1708 東鹼|化學工業|-0 -16 -57|60 92 1 3|0.6 76
1709 和益|化學工業|-1 -15 -20|98 99 18 30|3.9 40
1710 東聯|化學工業|-18 -20 4|98 98 13 23|5.1 47
1711 永光|化學工業|-21 -18 -9|91 97 20 28|8.8 21
1712 興農|化學工業|-21 -14 -28|87 93 6 11|0.6 48
1717 長興|化學工業|-24 -21 -11|84 93 5 11|2.9 75
1720 生達|生技醫療|26 23 -8|100 100 37 74|3.0 195
1721 三晃|化學工業|-34 -23 -23|80 97 19 35|9.5 9
1722 台肥|化學工業|-19 -15 -21|77 100 9 14|1.4 93
1723 中碳|化學工業|-14 -2 -24|92 99 7 12|0.9 23
1727 中華化|化學工業|-31 -26 -27|85 100 68 73|9.7 15
1733 五鼎|生技醫療|-9 -16 -21|96 100 11 18|1.1 8
1734 杏輝|生技醫療|26 16 -3|89 89 6 18|1.2 23
1736 喬山|運動休閒|12 -7 -13|79 79 -5 -10|0.5 28
1737 臺鹽|食品工業|-21 -3 9|98 98 3 11|0.6 5
1752 南光|生技醫療|71 56 30|99 99 46 145|1.7 486
1760 寶齡富錦|生技醫療|-14 -12 -29|85 85 -2 16|0.5 747
1762 中化生|生技醫療|-19 69 36|100 100 57 84|0.8 361
1773 勝一|化學工業|-22 -19 -10|75 93 10 26|0.9 33
1777 生泰|生技醫療|34 36 -20|100 100 15 27|3.3 10
1783 和康生|生技醫療|24 16 -5|94 94 24 95|0.5 53
1784 訊聯|生技醫療|27 12 2|100 100 47 68|2.7 140
1785 光洋科|其他電子|-43 -35 -8|74 93 9 28|0.6 51
1786 科妍|生技醫療|6 29 6|95 95 38 63|0.8 27
1789 神隆|生技醫療|-18 -11 -27|97 100 12 20|2.3 28
1795 美時|生技醫療|21 46 16|88 88 7 76|0.6 1945
1796 金穎生技|食品工業|29 30 7|97 97 77 98|1.9 86
1802 台玻|玻璃陶瓷|12 -9 9|81 81 -10 5|1.3 82
1808 潤隆|建材營造|799 428 378|98 98 8 19|0.6 22
1809 中釉|玻璃陶瓷|-15 -7 -21|100 100 17 31|2.3 21
1810 和成|玻璃陶瓷|-11 -13 -4|98 98 58 165|0.7 148
1815 富喬|電子零組|-1 -14 -1|77 91 -3 5|0.5 7
1903 士紙|造紙工業|8 -7 11|73 82 -10 -12|0.8 14
1904 正隆|造紙工業|-7 -9 -3|96 96 10 22|6.1 29
1905 華紙|造紙工業|-4 0 -8|98 98 49 51|9.3 34
1906 寶隆|造紙工業|-37 -25 -627|79 90 -4 7|1.9 13
1907 永豐餘|造紙工業|-6 -10 -3|97 97 23 28|4.2 59
1909 榮成|造紙工業|-22 -18 -4|87 91 -2 16|2.2 39
2002 中鋼|鋼鐵工業|-19 -20 -8|84 91 -7 4|1.3 531
2006 東和鋼鐵|鋼鐵工業|-9 -9 -6|86 96 9 17|0.6 78
2007 燁興|鋼鐵工業|-33 -25 -15|54 85 -10 16|0.6 5
2009 第一銅|鋼鐵工業|-6 -19 -2|73 87 1 36|0.3 43
2010 春源|鋼鐵工業|-15 -22 -7|68 96 2 11|1.8 6
2012 春雨|鋼鐵工業|-41 -30 -12|93 98 15 27|2.0 6
2013 中鋼構|鋼鐵工業|13 8 -10|94 94 -3 6|0.2 6
2014 中鴻|鋼鐵工業|-26 -23 0|61 82 -14 15|0.6 149
2015 豐興|鋼鐵工業|-7 -11 -5|78 95 8 23|0.7 14
2017 官田鋼|鋼鐵工業|-39 -32 -14|88 88 24 46|0.5 20
2023 燁輝|鋼鐵工業|-13 -25 -8|68 87 -5 6|0.7 20
2027 大成鋼|鋼鐵工業|-16 -2 -10|88 95 2 15|0.6 325
2028 威致|鋼鐵工業|-3 -12 -1|69 85 -11 18|0.5 7
2029 盛餘|鋼鐵工業|-29 -31 -7|74 97 3 10|0.9 7
2030 彰源|鋼鐵工業|-36 -24 -17|60 91 -4 -3|0.7 16
2031 新光鋼|鋼鐵工業|-21 -21 -29|75 91 8 36|2.8 101
2034 允強|鋼鐵工業|7 -5 4|83 93 -2 13|0.4 19
2038 海光|鋼鐵工業|-1 -12 -14|65 85 -10 15|0.4 8
2049 上銀|電機機械|-16 -25 -20|89 89 17 44|0.5 454
2059 川湖|電子零組|-30 -33 -40|86 94 3 1|0.9 252
2065 世豐|鋼鐵工業|14 6 10|98 98 20 36|1.1 11
2066 世德|電機機械|15 10 -14|92 92 28 19|1.1 50
2101 南港|橡膠工業|-2 -4 1|94 94 15 13|1.0 33
2102 泰豐|橡膠工業|-33 -21 -34|81 93 1 11|0.7 12
2103 台橡|橡膠工業|-7 -6 -7|91 93 -0 5|0.6 19
2104 國際中橡|橡膠工業|-16 -10 -12|85 95 2 8|0.8 37
2105 正新|橡膠工業|-2 -4 -2|95 99 10 18|0.8 152
2106 建大|橡膠工業|-15 -13 -17|83 98 2 3|0.6 18
2108 南帝|橡膠工業|-42 -35 11|72 89 6 19|0.5 26
2201 裕隆|汽車工業|5 2 -0|94 94 14 75|0.6 893
2204 中華|汽車工業|34 28 19|99 99 39 92|2.7 345
2206 三陽工業|汽車工業|41 42 11|100 100 60 50|2.4 949
2207 和泰車|汽車工業|24 12 7|99 99 6 17|0.8 93
2208 台船|航運業|26 5 -9|93 93 41 73|0.8 478
2211 長榮鋼|鋼鐵工業|9 -20 -3|96 98 13 22|0.8 48
2221 大甲|其他|-14 -21 -11|96 96 13 19|0.4 6
2228 劍麟|汽車工業|-1 5 -13|92 92 10 14|0.6 17
2230 泰茂|居家生活|11 -4 1|98 98 103 221|0.4 95
2231 為升|汽車工業|31 25 16|92 92 26 27|0.5 231
2233 宇隆|汽車工業|-5 -13 -10|94 94 17 28|0.6 83
2236 百達-KY|汽車工業|61 28 17|87 87 29 97|0.3 15
2239 英利-KY|汽車工業|57 12 -4|90 90 18 12|0.7 9
2243 宏旭-KY|汽車工業|-83 1906 1391|86 86 40 93|0.2 13
2247 汎德永業|汽車工業|37 42 24|100 100 39 48|1.5 118
2301 光寶科|電腦及週|-16 -16 -16|96 96 17 19|1.2 511
2302 麗正|半導體業|-8 -7 -19|89 89 30 42|0.3 64
2303 聯電|半導體業|-20 -14 -34|92 92 7 25|1.0 2142
2305 全友|電腦及週|2 -0 5|63 71 -11 -18|0.6 7
2308 台達電|電子零組|12 13 -9|95 95 5 12|1.1 1757
2312 金寶|其他電子|-3 -2 -28|79 88 0 -5|0.6 39
2313 華通|電子零組|-25 -23 -33|86 89 3 4|1.1 428
2314 台揚|通信網路|-17 36 10|74 92 24 36|1.4 130
2316 楠梓電|電子零組|-47 -42 -25|97 97 4 25|0.5 6
2317 鴻海|其他電子|-21 5 -6|92 99 7 1|0.7 2102
2324 仁寶|電腦及週|-22 -22 -5|98 98 10 21|1.0 460
2327 國巨*|電子零組|-15 -13 -17|86 86 -4 51|0.6 1193
2328 廣宇|電子零組|-3 3 -2|91 91 4 17|0.8 86
2329 華泰|半導體業|-17 -15 -8|87 87 10 24|0.4 71
2330 台積電|半導體業|-15 4 -32|90 93 0 31|1.1 11991
2331 精英|電腦及週|-43 -39 -29|97 100 25 25|1.4 104
2332 友訊|通信網路|-3 7 -5|91 91 17 21|0.5 57
2337 旺宏|半導體業|-34 -39 -14|84 86 -7 0|2.1 311
2338 光罩|半導體業|-10 -8 -26|82 82 -9 46|0.6 290
2340 台亞|半導體業|-33 -32 -5|74 85 -1 11|0.6 67
2342 茂矽|半導體業|-28 -25 -24|87 87 11 29|0.6 157
2344 華邦電|半導體業|-25 -34 -16|92 96 24 28|0.8 739
2345 智邦|通信網路|8 31 -2|94 94 18 33|0.7 1022
2347 聯強|電子通路|-14 -11 -10|84 96 3 15|0.9 142
2351 順德|半導體業|5 -4 -5|81 89 25 27|1.2 295
2352 佳世達|電腦及週|-16 -17 -15|100 100 24 38|1.7 230
2353 宏碁|電腦及週|-20 -34 -10|100 100 23 39|1.9 387
2354 鴻準|其他電子|-7 2 14|91 95 3 17|0.4 96
2355 敬鵬|電子零組|-8 -8 -3|97 97 10 20|0.8 40
2356 英業達|電腦及週|-12 -6 -6|98 98 29 43|1.0 432
2357 華碩|電腦及週|-11 -20 -12|89 96 5 22|1.2 450
2358 廷鑫|其他|-59 -44 -15|48 62 -34 -23|0.4 10
2359 所羅門|其他電子|6 -28 -46|94 94 30 47|0.5 169
2360 致茂|其他電子|-11 3 -24|93 96 5 11|1.2 222
2362 藍天|電腦及週|-8 -14 10|85 95 -0 -1|0.4 17
2363 矽統|半導體業|-26 -14 2|83 92 5 15|0.5 20
2364 倫飛|電腦及週|42 30 12|69 78 15 31|0.5 55
2367 燿華|電子零組|-2 -4 -34|75 91 2 -0|0.5 48
2368 金像電|電子零組|-8 -13 -27|96 96 16 28|0.8 839
2369 菱生|半導體業|-27 -28 1|66 91 9 12|0.5 13
2371 大同|電機機械|40 48 22|89 92 -2 3|0.5 156
2374 佳能|光電業|-8 -10 -48|78 90 0 2|0.5 10
2375 凱美|電子零組|-23 -24 2|76 86 20 37|0.3 94
2376 技嘉|電腦及週|2 -9 7|95 95 15 46|0.5 587
2377 微星|電腦及週|-8 -16 -0|99 99 14 30|0.7 257
2379 瑞昱|半導體業|-24 -34 -26|87 90 13 38|1.4 991
2382 廣達|電腦及週|-16 -12 -20|100 100 23 33|1.1 996
2383 台光電|電子零組|-19 -25 -15|71 83 -8 17|1.9 284
2385 群光|電子零組|-17 -21 -20|100 100 13 21|0.7 162
2387 精元|電腦及週|-23 -28 -21|97 97 17 26|0.9 50
2388 威盛|半導體業|-18 -2 -25|77 77 11 18|0.3 546
2390 云辰|其他電子|-5 13 9|55 87 1 8|0.7 8
2392 正崴|電子零組|4 6 -8|97 97 14 21|0.6 67
2393 億光|光電業|-19 -19 5|95 98 8 14|0.7 26
2395 研華|電腦及週|8 8 -6|98 98 10 27|0.8 238
2397 友通|電腦及週|-1 -1 -12|95 95 12 18|0.6 5
2399 映泰|電腦及週|12 3 22|80 90 12 29|0.3 19
2401 凌陽|半導體業|-38 -44 -13|69 89 4 6|0.5 37
2402 毅嘉|電子零組|13 10 -9|97 97 62 59|0.8 331
2404 漢唐|其他電子|227 171 42|91 91 10 52|1.0 247
2405 輔信|電腦及週|18 2 7|79 94 10 11|0.6 15
2406 國碩|光電業|-31 -38 -15|73 92 2 13|0.5 23
2408 南亞科|半導體業|-68 -68 -17|98 98 18 22|0.9 743
2409 友達|光電業|-32 -37 4|86 88 7 -1|0.8 546
2412 中華電|通信網路|7 6 2|99 100 11 18|1.1 1120
2413 環科|電子零組|38 52 13|93 93 48 53|0.5 170
2417 圓剛|電腦及週|-11 -25 -10|69 94 4 19|0.7 7
2419 仲琦|通信網路|9 17 -22|85 88 4 5|0.6 65
2420 新巨|電子零組|-14 -12 -6|99 99 13 18|1.2 11
2421 建準|電子零組|12 1 -3|94 94 27 26|0.9 139
2423 固緯|其他電子|8 3 -5|90 90 27 39|5.3 20
2425 承啟|電腦及週|-5 -18 -8|84 84 5 35|0.4 46
2426 鼎元|光電業|-22 -23 3|81 93 9 18|0.9 20
2427 三商電|資訊服務|-22 12 0|93 93 26 41|0.5 42
2428 興勤|電子零組|10 -3 -2|90 90 5 25|0.4 100
2429 銘旺科|光電業|-5 -11 26|100 100 138 123|3.3 6
2430 燦坤|電子通路|-14 -12 -6|85 88 2 13|0.5 12
2436 偉詮電|半導體業|-31 -40 -7|64 86 5 21|0.4 77
2438 翔耀|光電業|-57 -59 -7|98 98 88 95|1.3 28
2439 美律|通信網路|14 20 10|93 95 9 3|0.8 57
2441 超豐|半導體業|-30 -35 -7|80 97 10 16|0.6 37
2442 新美齊|建材營造|-4 -9 -355|97 97 25 35|0.9 29
2444 兆勁|通信網路|-3 5 -2|78 78 -8 36|0.5 13
2449 京元電子|半導體業|-18 -13 -17|94 94 27 47|1.1 343
2451 創見|半導體業|-16 -24 -4|97 97 5 9|0.8 24
2453 凌群|資訊服務|6 2 1|93 93 183 211|1.3 735
2454 聯發科|半導體業|-27 -33 -30|79 84 -4 13|1.0 4401
2455 全新|通信網路|-36 -53 -14|96 96 21 65|0.9 428
2457 飛宏|電子零組|10 -4 -14|94 94 93 111|0.9 2677
2458 義隆|半導體業|-51 -40 -1|69 88 7 21|0.6 110
2460 建通|電子零組|-29 -32 6|95 95 38 81|1.2 18
2461 光群雷|其他電子|-20 -15 -13|100 100 26 32|2.1 21
2462 良得電|電子零組|-12 -17 -9|99 99 17 40|0.6 25
2464 盟立|其他電子|-2 -8 -13|92 92 -2 4|0.7 6
2465 麗臺|電腦及週|-9 -43 2|65 84 -9 35|0.2 15
2468 華經|資訊服務|8 -7 -14|74 74 -12 18|0.3 17
2471 資通|資訊服務|-3 7 0|100 100 133 162|2.3 547
2472 立隆電|電子零組|-15 -17 -13|90 90 16 33|0.6 56
2474 可成|其他電子|-52 -49 -17|95 95 3 10|0.4 195
2476 鉅祥|電子零組|-6 -12 -11|89 91 13 22|0.4 141
2478 大毅|電子零組|-19 -23 0|91 93 10 17|0.4 12
2480 敦陽科|資訊服務|3 10 6|100 100 19 30|0.8 26
2481 強茂|半導體業|-16 -23 -8|82 91 4 23|0.4 244
2482 連宇|其他電子|217 345 192|96 96 161 235|1.1 342
2483 百容|電子零組|-18 -23 -16|88 95 16 17|0.5 10
2484 希華|電子零組|-25 -26 -18|90 94 13 25|0.7 71
2485 兆赫|通信網路|3 11 3|92 92 13 17|0.6 23
2486 一詮|光電業|-18 -16 1|69 94 38 74|0.6 113
2489 瑞軒|光電業|-31 -22 6|80 100 17 27|3.0 18
2492 華新科|電子零組|-20 -19 -0|76 86 14 24|0.7 362
2493 揚博|電子零組|-2 -3 -18|98 98 15 33|0.4 8
2495 普安|電腦及週|21 50 16|99 99 60 64|2.1 206
2497 怡利電|汽車工業|-11 -11 -40|74 84 2 10|0.5 115
2498 宏達電|通信網路|20 -14 3|83 83 -1 14|0.4 597
2501 國建|建材營造|171 176 45|93 96 5 15|1.4 10
2504 國產|建材營造|6 13 11|96 99 9 26|1.4 47
2511 太子|建材營造|-64 -52 -35|96 100 10 15|1.2 5
2515 中工|建材營造|31 11 18|92 92 27 36|1.2 213
2520 冠德|建材營造|-22 -2 -17|91 97 3 22|0.8 21
2528 皇普|建材營造|-100 379 325|99 99 54 50|2.5 11
2530 華建|建材營造|-100 -19 -19096|100 100 31 17|3.0 19
2534 宏盛|建材營造|-58 4 -61|88 88 -1 -8|0.6 42
2535 達欣工|建材營造|-19 -20 -28|98 98 11 13|0.8 49
2538 基泰|建材營造|48 34 -27|92 100 6 20|1.0 7
2539 櫻花建|建材營造|na na na|100 100 14 18|0.5 11
2540 愛山林|建材營造|114 29 31|80 83 -9 -17|1.1 35
2542 興富發|建材營造|106 77 84|94 94 3 4|0.8 84
2545 皇翔|建材營造|-88 -71 -54|86 99 11 20|0.5 18
2546 根基|建材營造|27 52 1|100 100 33 53|1.0 14
2548 華固|建材營造|217 61 -145|100 100 7 10|1.2 35
2597 潤弘|建材營造|-6 -5 -17|93 93 -3 44|0.5 10
2603 長榮|航運業|-63 -61 -63|54 93 6 17|0.6 2955
2605 新興|航運業|-1 22 23|71 83 17 23|0.3 84
2606 裕民|航運業|-9 -5 -1|84 88 9 49|0.6 257
2607 榮運|航運業|-9 -21 -109|66 93 2 3|0.4 45
2608 嘉里大榮|航運業|-5 -7 -2|83 97 -1 10|0.6 6
2609 陽明|航運業|-66 -65 -53|61 91 2 2|0.6 1420
2610 華航|航運業|22 15 7|66 89 0 12|0.7 381
2611 志信|航運業|-18 -36 -16|56 86 0 6|0.3 6
2612 中航|航運業|-11 -8 -25|76 89 6 22|0.5 14
2614 東森|其他|-7 -2 -6|54 76 -19 0|0.4 35
2615 萬海|航運業|-64 -68 -52|50 75 -12 -5|0.7 557
2617 台航|航運業|13 15 -3|87 92 20 30|0.3 30
2618 長榮航|航運業|52 48 13|76 90 -5 15|0.7 514
2630 亞航|航運業|27 31 17|100 100 81 90|1.5 32
2633 台灣高鐵|航運業|26 35 -47|100 100 7 13|0.7 106
2634 漢翔|航運業|71 73 32|100 100 70 80|2.5 3451
2636 台驊控股|航運業|-64 -67 -24|66 96 21 37|0.2 48
2637 慧洋-KY|航運業|-39 -38 -49|63 91 7 16|0.4 234
2640 大車隊|數位雲端|19 8 -14|99 99 34 50|0.8 21
2641 正德|航運業|-27 -31 -30|75 92 14 35|0.3 39
2702 華園|觀光餐旅|19 40 -19|80 84 3 22|0.2 6
2704 國賓|觀光餐旅|-25 -16 -33|96 96 17 24|0.6 7
2705 六福|觀光餐旅|56 51 -54|92 95 8 15|0.8 14
2707 晶華|觀光餐旅|21 22 -5|86 86 8 55|0.5 408
2722 夏都|觀光餐旅|-6 6 -262|93 93 56 67|0.3 24
2723 美食-KY|觀光餐旅|11 7 7|93 93 8 59|0.5 240
2727 王品|觀光餐旅|20 20 5|91 91 87 173|1.3 1440
2729 瓦城|觀光餐旅|3 22 3|85 85 10 24|0.3 40
2731 雄獅|觀光餐旅|533 500 217|98 98 72 136|0.8 902
2732 六角|觀光餐旅|-1 2 -3|89 89 20 65|0.5 119
2734 易飛網|觀光餐旅|717 830 443|83 90 23 41|0.3 8
2736 富野|觀光餐旅|-11 5 -103|73 77 -1 15|0.2 13
2739 寒舍|觀光餐旅|35 48 -47|86 86 109 134|0.5 40
2743 山富|觀光餐旅|1440 1139 200|82 91 4 31|0.2 30
2748 雲品|觀光餐旅|-15 13 -71|79 79 29 80|0.4 316
2753 八方雲集|觀光餐旅|10 11 -3|71 71 -21 4|0.6 217
2754 亞洲藏壽司|觀光餐旅|12 31 -183|73 73 12 52|0.5 76
2755 揚秦|觀光餐旅|11 14 -7|96 96 75 86|0.5 13
2756 聯發國際|觀光餐旅|6 5 6|89 89 30 66|0.4 9
2801 彰銀|金融保險|27 32 7|99 100 1 9|1.9 99
2809 京城銀|金融保險|145 117 121|91 96 1 15|0.7 26
2812 台中銀|金融保險|16 22 7|99 100 8 15|0.8 68
2820 華票|金融保險|55 24 54|90 96 1 7|0.8 6
2834 臺企銀|金融保險|31 28 5|94 94 4 15|0.4 193
2838 聯邦銀|金融保險|61 31 24|96 96 1 10|0.8 10
2845 遠東銀|金融保險|22 21 2|94 94 -3 8|0.6 35
2850 新產|金融保險|-6 0 -1|88 99 2 20|1.2 11
2851 中再保|金融保險|13 -1 -5|66 94 2 1|0.6 16
2855 統一證|金融保險|88 959 726|86 96 4 14|0.6 9
2880 華南金|金融保險|2 17 7|93 93 -5 5|1.8 137
2881 富邦金|金融保險|-74 -77 -7|87 97 -1 18|0.9 480
2882 國泰金|金融保險|-44 -50 2|73 96 1 17|0.7 560
2883 凱基金|金融保險|-75 -72 -9|75 97 0 17|1.4 298
2884 玉山金|金融保險|26 15 16|81 97 5 10|0.5 351
2885 元大金|金融保險|-6 -8 10|93 98 -0 16|0.7 224
2886 兆豐金|金融保險|15 30 28|86 100 6 15|0.6 309
2887 台新新光金|金融保險|15 16 11|96 100 9 33|0.8 193
2889 國票金|金融保險|33 13 38|84 90 1 11|0.3 41
2890 永豐金|金融保險|2 3 1|91 93 -5 7|0.9 238
2891 中信金|金融保險|-53 -58 -16|80 97 -3 14|0.6 451
2892 第一金|金融保險|-4 16 3|100 100 1 11|0.8 224
2897 王道銀行|金融保險|23 13 -21|100 100 13 29|0.6 51
2903 遠百|貿易百貨|-1 2 -4|97 97 3 23|0.8 20
2905 三商|貿易百貨|-30 -24 -36|74 89 -2 7|0.7 5
2906 高林|貿易百貨|-15 -9 -15|83 85 -3 17|0.4 8
2912 統一超|貿易百貨|11 11 -1|94 98 -0 0|0.6 205
2913 農林|貿易百貨|11 2 -4|93 93 8 11|5.6 35
2915 潤泰全|貿易百貨|42 11 4|52 81 -9 9|1.5 146
2916 滿心|居家生活|4 17 -50|98 98 25 57|0.3 6
2929 淘帝-KY|貿易百貨|-26 -18 -5|64 64 -23 34|0.2 9
3003 健和興|電子零組|-3 -10 -7|90 96 15 16|1.3 74
3004 豐達科|鋼鐵工業|79 64 1|89 89 40 83|4.3 303
3005 神基|電腦及週|15 8 -2|96 96 40 58|1.1 345
3006 晶豪科|半導體業|-43 -47 -4|67 85 12 24|0.8 629
3008 大立光|光電業|-12 -9 -11|84 84 -1 19|0.9 1137
3010 華立|電子通路|-30 -25 -19|89 97 2 10|1.4 26
3011 今皓|電子零組|-16 -39 -17|98 98 80 136|0.7 110
3013 晟銘電|電腦及週|28 36 8|91 91 22 61|0.5 115
3014 聯陽|半導體業|-8 -18 13|95 95 18 50|0.5 39
3015 全漢|電子零組|15 1 9|95 95 30 36|0.9 22
3016 嘉晶|半導體業|-26 -25 -29|60 77 -12 -7|1.2 46
3017 奇鋐|電腦及週|14 -6 -18|100 100 47 66|1.3 1436
3019 亞光|光電業|-13 -12 -2|89 89 4 9|0.3 61
3022 威強電|電腦及週|64 42 5|91 91 8 49|0.3 165
3023 信邦|電子零組|18 23 1|98 98 20 26|1.2 184
3024 憶聲|光電業|-7 16 12|99 99 15 21|0.5 12
3025 星通|通信網路|135 53 49|90 90 65 53|1.0 273
3026 禾伸堂|電子零組|-18 -17 -4|96 96 13 18|0.5 19
3027 盛達|通信網路|28 33 17|84 84 17 86|0.3 268
3028 增你強|電子通路|-36 -39 -21|92 98 7 24|0.5 13
3029 零壹|資訊服務|3 22 17|98 98 51 65|1.2 408
3030 德律|其他電子|-11 -39 -39|95 97 2 9|0.5 19
3032 偉訓|電子零組|39 20 27|91 91 68 91|1.8 416
3033 威健|電子通路|1 -1 3|97 97 11 15|0.7 40
3034 聯詠|半導體業|-26 -34 -2|90 90 20 70|0.9 2001
3035 智原|半導體業|0 2 -41|59 76 3 22|1.1 2097
3036 文曄|電子通路|-17 -6 -25|88 97 5 7|0.7 41
3037 欣興|電子零組|-19 -14 -35|67 87 14 19|1.3 2729
3038 全台|光電業|18 12 -1|100 100 47 49|1.1 118
3041 揚智|半導體業|-46 -46 -25|66 85 -3 10|0.8 17
3042 晶技|電子零組|-34 -28 -9|90 94 3 13|0.7 84
3043 科風|其他電子|111 70 25|100 100 65 543|1.1 7
3044 健鼎|電子零組|-12 -17 -14|94 97 17 28|2.0 125
3045 台灣大|通信網路|8 8 -1|98 99 9 12|0.9 292
3046 建碁|電腦及週|39 64 27|91 91 62 42|0.4 355
3047 訊舟|通信網路|-24 -17 -22|84 90 4 4|0.5 57
3048 益登|電子通路|-20 -15 -17|85 94 3 -0|1.1 16
3049 精金|光電業|-17 -41 -2|82 94 10 8|0.6 22
3050 鈺德|光電業|-5 2 -7|82 86 -12 -3|0.6 8
3051 力特|光電業|-32 -38 -21|79 87 7 11|0.7 12
3056 富華新|建材營造|76 739 -8005|100 100 62 68|0.6 251
3058 立德|電子零組|-1 -7 -2|98 98 145 157|1.4 84
3059 華晶科|光電業|-44 -36 -66|86 87 3 4|0.5 54
3062 建漢|通信網路|16 15 -43|73 87 -1 2|0.6 39
3071 協禧|電腦及週|1 -4 -10|94 94 36 42|8.0 56
3078 僑威|電子零組|89 49 63|96 96 90 122|2.3 609
3081 聯亞|通信網路|-23 -27 -67|56 72 -12 -19|0.8 268
3083 網龍|文化創意|-12 2 -6|83 87 -5 13|0.6 5
3088 艾訊|電腦及週|9 11 -13|93 93 25 50|0.4 105
3090 日電貿|電子零組|-19 -15 -8|96 96 8 19|0.6 33
3092 鴻碩|電子零組|-55 -48 -41|60 93 14 11|0.7 16
3093 港建*|其他電子|-14 -17 -31|89 89 37 79|0.2 27
3094 聯傑|半導體業|-21 -9 -13|96 96 38 45|0.7 45
3105 穩懋|半導體業|-50 -52 -13|74 84 -9 31|1.0 702
3122 笙泉|半導體業|-47 -55 -6|47 86 3 2|0.4 5
3128 昇銳|光電業|-19 6 -14|70 70 -5 44|0.3 24
3131 弘塑|半導體業|9 -11 -6|97 97 45 88|2.5 49
3138 耀登|通信網路|2 13 -7|87 87 15 27|0.7 101
3141 晶宏|半導體業|-15 -20 -5|61 87 17 30|0.4 143
3147 大綜|資訊服務|12 -1 19|93 93 30 38|0.6 37
3149 正達|光電業|7 -16 -10|69 82 2 -6|1.3 7
3152 璟德|通信網路|-20 -21 19|82 86 11 35|0.5 32
3162 精確|電機機械|86 185 62|84 84 10 26|0.2 171
3163 波若威|通信網路|-30 -15 -44|86 91 4 19|0.6 40
3169 亞信|半導體業|-38 -43 -28|75 87 19 38|0.7 114
3176 基亞|生技醫療|-67 -45 -5|60 87 9 14|0.9 7
3178 公準|半導體業|11 19 8|93 93 27 65|0.6 79
3189 景碩|半導體業|-31 -32 -35|58 80 2 8|1.1 440
3202 樺晟|電子零組|7 4 12|99 99 24 35|1.2 13
3205 佰研|生技醫療|10 -14 -3|57 87 14 19|0.7 13
3207 耀勝|電子零組|32 42 11|91 91 45 67|0.4 142
3209 全科|電子通路|39 6 -21|89 89 9 34|0.4 48
3211 順達|電腦及週|-6 -11 -5|94 98 9 20|0.5 29
3217 優群|電子零組|-18 -20 -1|91 91 27 70|0.4 171
3218 大學光|生技醫療|33 24 -6|94 94 24 69|0.4 315
3221 台嘉碩|通信網路|-23 -28 -34|73 94 12 21|0.4 17
3224 三顧|電子通路|-49 -33 -13|88 97 34 40|1.6 99
3227 原相|半導體業|-15 -22 15|89 89 6 30|0.5 39
3228 金麗科|半導體業|0 -45 -12|37 76 -12 5|0.6 136
3231 緯創|電腦及週|0 -7 -14|100 100 54 78|1.7 2563
3234 光環|通信網路|-49 -54 -20|81 88 9 12|0.4 10
3236 千如|電子零組|-18 -9 -23|92 92 21 30|0.4 38
3257 虹冠電|半導體業|12 -8 43|87 100 39 63|1.0 11
3260 威剛|半導體業|-22 -26 -7|91 91 21 29|0.8 368
3264 欣銓|半導體業|3 8 -11|91 91 6 36|0.5 232
3265 台星科|半導體業|-15 -12 -28|93 93 19 46|2.3 47
3272 東碩|電腦及週|-62 -11 -62|75 75 4 11|0.3 44
3289 宜特|其他電子|3 12 -3|87 87 10 18|0.7 201
3290 東浦|電子零組|61 34 20|91 91 31 37|0.3 80
3293 鈊象|文化創意|10 14 6|92 92 11 51|0.7 513
3294 英濟|電子零組|-38 -30 -15|84 95 13 19|4.0 9
3296 勝德|電子零組|-20 -22 -3|95 95 9 9|1.0 10
3305 昇貿|其他電子|-40 -45 -31|70 86 17 27|0.5 26
3306 鼎天|通信網路|-10 -13 -3|94 94 17 25|0.5 8
3308 聯德|電子零組|220 148 95|95 95 124 176|1.7 20
3312 弘憶股|電子通路|-44 -35 -24|95 96 21 26|0.6 24
3317 尼克森|半導體業|-13 -22 -7|74 90 3 19|0.7 26
3322 建舜電|電子零組|-13 -24 9|90 90 15 30|0.4 51
3323 加百裕|電腦及週|-41 -43 -18|90 93 3 13|0.8 7
3324 雙鴻|其他電子|2 -11 -5|97 97 66 108|1.7 1500
3325 旭品|電腦及週|79 29 39|97 97 45 64|1.8 14
3338 泰碩|電子零組|-37 -28 -12|99 99 48 57|1.0 86
3346 麗清|汽車工業|6 2 -17|86 86 8 26|0.4 39
3356 奇偶|光電業|-16 5 -1|76 76 -1 18|0.3 40
3357 臺慶科|電子零組|-25 -19 0|88 88 17 42|0.4 9
3362 先進光|光電業|-5 -14 -10|73 73 33 65|0.3 264
3363 上詮|通信網路|-15 -26 -2|100 100 69 78|4.7 205
3374 精材|半導體業|-32 -20 -24|67 88 -6 11|0.7 83
3376 新日興|電子零組|-33 -35 -27|92 97 6 13|0.6 23
3380 明泰|通信網路|17 14 -13|90 90 19 28|0.7 135
3402 漢科|其他電子|-11 -8 -36|97 97 16 34|0.6 24
3406 玉晶光|光電業|-15 -0 -10|82 88 7 25|0.6 514
3413 京鼎|半導體業|-1 -0 -15|85 89 1 10|0.7 55
3416 融程電|電腦及週|-8 12 2|98 98 31 38|1.6 30
3419 譁裕|通信網路|-8 9 -17|94 94 19 31|2.3 22
3430 奇鈦科|化學工業|-35 -26 -24|na 94 13 22|2.4 18
3432 台端|電子零組|97 84 85|47 58 -27 -22|0.2 16
3434 哲固|光電業|-33 -30 -15|63 92 18 35|0.3 5
3438 類比科|半導體業|-38 -45 -1|84 86 7 29|0.6 15
3441 聯一光電|光電業|-38 -31 -14|83 83 15 35|0.2 61
3443 創意|半導體業|46 46 -16|83 83 38 150|0.9 5220
3444 利機|電子通路|-27 -28 -8|81 81 9 20|0.9 19
3447 展達|通信網路|-1 17 -57|na na 19 na|0.5 99
3450 聯鈞|半導體業|-21 -24 -13|77 87 -1 5|1.0 8
3454 晶睿|光電業|-1 33 -49|69 69 1 68|0.5 564
3455 由田|光電業|-15 -9 -20|93 93 3 18|0.5 45
3466 德晉|通信網路|526 500 343|92 92 12 49|0.9 20
3479 安勤|電腦及週|18 33 -22|100 100 40 104|0.9 580
3481 群創|光電業|-27 -35 6|86 86 17 8|0.7 760
3483 力致|電腦及週|-14 -13 -2|91 94 32 52|0.6 66
3484 崧騰|電子零組|-50 -51 -24|74 97 10 17|1.3 32
3490 單井|光電業|-53 -42 -24|93 94 12 11|0.5 8
3491 昇達科|通信網路|0 -2 -3|89 89 24 48|0.4 441
3499 環天科|通信網路|8 2 22|95 95 28 70|0.6 29
3501 維熹|電子零組|-10 -8 -12|97 97 14 24|2.5 20
3504 揚明光|光電業|-37 -39 -31|67 82 -7 5|0.7 85
3508 位速|其他電子|-40 -37 -18|69 81 -8 20|0.3 12
3511 矽瑪|電子零組|-32 -19 -27|80 86 4 3|0.5 8
3515 華擎|電腦及週|6 -8 8|81 81 -7 38|0.4 67
3518 柏騰|其他電子|-51 -43 7|96 96 60 62|1.3 45
3520 華盈|電子零組|7 -9 -47|85 91 19 27|0.5 45
3521 台鋼建設|建材營造|23 5 0|81 90 2 -6|0.5 16
3526 凡甲|電子零組|-23 -29 -8|81 92 9 18|0.5 18
3527 聚積|半導體業|-43 -35 -5|72 89 8 22|0.6 23
3528 安馳|電子通路|13 22 13|100 100 32 33|0.9 10
3529 力旺|半導體業|5 -5 -35|88 88 22 81|1.0 1088
3530 晶相光|半導體業|-49 -37 14|66 87 5 20|0.5 10
3532 台勝科|半導體業|4 1 -28|57 87 -0 7|1.1 221
3533 嘉澤|電子零組|-6 -1 -22|93 93 14 22|0.6 517
3535 晶彩科|光電業|-65 -24 -58|58 75 -5 -20|0.5 8
3540 曜越|電腦及週|84 59 51|93 93 55 91|0.8 74
3541 西柏|其他電子|-24 -23 -28|88 96 11 19|0.9 6
3545 敦泰|半導體業|12 -16 24|75 87 26 14|0.7 437
3546 宇峻|文化創意|-9 -7 -2|100 100 10 18|0.7 11
3548 兆利|電子零組|-16 -39 -17|98 98 16 35|2.2 22
3552 同致|其他電子|1 -12 -22|72 85 2 6|0.3 91
3556 禾瑞亞|半導體業|-15 -27 -1|92 96 18 31|0.7 11
3557 嘉威|居家生活|-9 -24 -16|95 95 35 65|0.5 7
3558 神準|通信網路|42 61 -19|80 80 37 58|0.4 905
3563 牧德|光電業|-9 -13 11|94 94 32 61|0.8 29
3564 其陽|通信網路|-9 30 -3|86 86 25 35|0.4 11
3570 大塚|資訊服務|26 41 12|100 100 78 91|2.0 54
3576 聯合再生|光電業|-6 0 -21|85 93 0 -5|0.7 142
3577 泓格|電腦及週|44 4 -12|88 88 2 16|0.7 11
3580 友威科|其他電子|26 6 -31|73 79 -5 10|0.5 19
3583 辛耘|半導體業|52 30 6|98 98 24 42|1.7 56
3587 閎康|其他電子|24 28 8|94 94 18 49|0.7 111
3588 通嘉|半導體業|-56 -60 -19|55 84 4 24|0.5 29
3591 艾笛森|光電業|-5 -4 6|90 90 34 61|0.4 52
3592 瑞鼎|半導體業|-51 -52 -23|85 86 13 63|0.9 412
3594 磐儀|電腦及週|22 18 -2|89 89 79 116|0.2 88
3596 智易|通信網路|4 7 -16|75 90 0 8|1.0 94
3605 宏致|電子零組|-28 -26 -13|70 86 -3 5|0.5 8
3611 鼎翰|電腦及週|2 9 -6|95 95 20 27|0.7 35
3617 碩天|其他電子|12 12 -18|91 91 25 39|0.4 85
3622 洋華|光電業|-38 -15 -21|91 95 11 20|0.8 7
3624 光頡|電子零組|-17 -23 -12|88 97 67 87|0.9 580
3628 盈正|其他電子|-9 2 -4|94 94 22 43|0.6 11
3629 地心引力|文化創意|-31 -59 15|100 100 120 126|2.2 5
3630 新鉅科|光電業|-46 -40 -1|83 87 4 11|0.4 10
3645 達邁|電子零組|-46 -56 -20|56 94 6 8|1.0 8
3652 精聯|電腦及週|-20 -5 -5|84 84 37 46|0.4 44
3653 健策|電子零組|6 14 -17|92 92 18 40|0.6 597
3661 世芯-KY|半導體業|198 120 55|87 87 40 98|0.9 5154
3663 鑫科|其他電子|-16 -17 -0|94 94 25 44|0.8 11
3664 安瑞-KY|通信網路|84 39 10|100 100 167 184|1.0 19
3665 貿聯-KY|其他電子|5 10 -58|78 92 5 -3|0.6 303
3673 TPK-KY|光電業|-39 -30 -21|90 90 27 24|0.8 113
3675 德微|半導體業|-21 -18 -15|87 95 57 90|0.6 598
3679 新至陞|電子零組|-14 -24 -10|92 92 -5 13|0.6 5
3680 家登|半導體業|70 39 -9|93 93 25 77|0.7 770
3687 歐買尬|數位雲端|4 -1 -3|57 86 -11 15|0.5 10
3689 湧德|電子零組|-2 -8 -4|87 97 18 30|0.6 13
3691 碩禾|光電業|-52 -50 -20|65 87 3 7|0.6 43
3693 營邦|電腦及週|117 100 16|83 83 31 208|0.3 324
3694 海華|通信網路|-7 -9 4|90 90 18 28|0.6 17
3701 大眾控|電腦及週|38 6 -14|97 97 53 76|0.8 148
3702 大聯大|電子通路|-31 -31 -19|94 99 5 11|0.9 155
3703 欣陸|建材營造|-40 -32 -36|95 97 9 18|0.5 60
3704 合勤控|通信網路|14 27 2|91 91 18 52|0.9 123
3705 永信|生技醫療|-22 -12 -1|92 92 11 20|1.4 31
3706 神達|電腦及週|-5 -20 -32|93 93 -1 12|1.1 109
3707 漢磊|半導體業|-18 -16 -27|58 76 -13 -8|0.9 257
3708 上緯投控|綠能環保|-20 -31 -17|71 90 -0 12|0.5 126
3710 連展投控|電子零組|-19 -25 -9|66 88 5 5|0.3 14
3711 日月光投控|半導體業|-12 -9 -21|90 90 -0 30|1.0 1324
3712 永崴投控|電腦及週|-20 10 -11|96 96 37 63|0.9 95
3714 富采|光電業|-33 -44 -10|81 90 2 18|0.6 201
3715 定穎投控|電子零組|na na na|na 97 47 46|0.8 246
4102 永日|生技醫療|96 31 1|78 78 14 17|1.9 37
4104 佳醫|生技醫療|30 19 6|100 100 25 44|0.7 39
4105 東洋|生技醫療|16 15 0|95 95 3 9|1.1 66
4106 雃博|生技醫療|30 17 0|77 94 9 38|0.8 9
4107 邦特|生技醫療|-0 -2 -11|92 95 1 9|0.4 13
4109 加捷生醫|生技醫療|21 2 -21|95 95 11 11|5.3 7
4111 濟生|生技醫療|-12 -6 -11|100 100 33 58|4.7 23
4113 聯上|建材營造|536 123 167|97 97 41 37|0.6 13
4114 健喬|生技醫療|42 31 -6|90 90 7 50|0.7 445
4116 明基醫|生技醫療|11 12 -73|73 89 1 22|1.9 14
4119 旭富|生技醫療|47 130 68|95 95 29 45|0.7 103
4121 優盛|生技醫療|17 3 -9|100 100 43 75|5.3 23
4123 晟德|生技醫療|89 156 54|92 98 10 15|3.4 106
4126 太醫|生技醫療|13 29 8|99 99 18 31|0.6 29
4127 天良|生技醫療|-16 -20 -3|82 90 8 21|0.7 5
4128 中天|生技醫療|8 -3 -0|79 88 0 15|0.6 233
4129 聯合|生技醫療|29 25 -1|95 95 36 106|1.1 100
4130 健亞|生技醫療|48 33 22|75 75 4 36|0.7 21
4133 亞諾法|生技醫療|0 -2 0|49 85 -6 8|0.6 7
4137 麗豐-KY|生技醫療|3 -5 16|92 92 8 43|0.6 56
4138 曜亞|生技醫療|48 28 -6|99 99 24 43|0.9 10
4142 國光生|生技醫療|353 518 229|89 89 13 24|0.4 50
4147 中裕|生技醫療|76 77 -29|100 100 80 113|2.1 763
4148 全宇生技-KY|生技醫療|17 19 -41|69 88 13 22|0.5 20
4153 鈺緯|生技醫療|13 34 -3|83 83 22 76|0.6 54
4155 訊映|生技醫療|-29 -25 -31|89 89 21 50|0.4 44
4157 太景*-KY|生技醫療|118 31 -852|74 86 3 8|0.8 18
4162 智擎|生技醫療|-7 6 1|67 67 -13 1|0.5 176
4163 鐿鈦|生技醫療|20 30 3|89 89 15 43|0.4 65
4164 承業醫|生技醫療|71 31 -10|93 93 49 74|0.3 241
4167 松瑞藥|生技醫療|-43 -24 -2|65 65 -14 14|0.5 23
4168 醣聯|生技醫療|-100 na na|72 88 4 17|0.5 28
4171 瑞基|農業科技|-58 -67 -26|39 82 -2 15|0.4 11
4174 浩鼎|生技醫療|199 na na|72 93 22 25|0.7 52
4175 杏一|生技醫療|12 10 -1|98 98 48 64|2.7 45
4190 佐登-KY|生技醫療|31 23 12|91 91 27 31|0.6 63
4207 環泰|食品工業|17 10 -6|95 100 18 29|1.2 13
4306 炎洲|塑膠工業|-27 -22 -2|100 100 19 29|1.5 27
4417 金洲|紡織纖維|24 8 -46|100 100 10 20|1.0 7
4426 利勤|紡織纖維|40 64 -107|73 85 -12 7|1.0 7
4432 銘旺實|紡織纖維|30 -16 -28|66 77 -7 6|0.4 5
4433 興采|紡織纖維|-25 -18 -13|93 93 23 26|0.4 8
4438 廣越|紡織纖維|-4 -12 -49|79 87 -7 -7|0.4 9
4503 金雨|電機機械|81 58 -0|89 89 47 68|0.6 58
4506 崇友|電機機械|-12 7 2|91 96 7 9|0.6 6
4510 高鋒|電機機械|-24 -28 -16|97 97 41 43|3.5 16
4513 福裕|電機機械|-30 -32 -22|72 87 1 -16|1.7 7
4526 東台|電機機械|-6 7 15|94 94 23 29|0.5 8
4532 瑞智|電機機械|-27 -29 -3|93 98 12 18|0.5 10
4536 拓凱|運動休閒|14 27 -5|81 81 17 26|0.4 253
4540 全球傳動|電機機械|-12 -0 1|89 93 9 29|0.6 6
4541 晟田|其他|-14 3 -18|100 100 62 77|2.2 201
4543 萬在|電機機械|10 -2 -3|85 92 22 25|0.3 12
4549 桓達|電機機械|27 12 -2|99 99 13 8|1.3 5
4550 長佳|電機機械|32 68 52|91 91 36 53|0.5 11
4551 智伸科|汽車工業|-18 -18 -18|80 86 -2 -7|0.7 52
4552 力達-KY|電機機械|52 -5 -5|94 94 6 18|1.2 8
4555 氣立|電機機械|-13 -26 -8|85 94 -3 -2|1.4 6
4557 永新-KY|汽車工業|0 8 -45|82 92 15 11|0.3 6
4564 元翎|電機機械|-40 -43 -10|76 88 1 6|0.3 12
4566 時碩工業|電機機械|-19 -12 -21|100 100 30 37|4.9 209
4572 駐龍|電機機械|40 61 3|100 100 44 54|4.0 354
4576 大銀微系統|電機機械|-35 -35 -23|71 92 6 18|0.4 5
4580 捷流閥業|電機機械|9 8 5|96 96 18 22|0.7 13
4581 光隆精密-KY|汽車工業|42 32 22|100 100 73 89|4.4 10
4583 台灣精銳|電機機械|-23 -24 -20|na 97 15 33|0.6 13
4707 磐亞|化學工業|-6 -29 -41|99 99 7 17|0.7 5
4721 美琪瑪|化學工業|-60 -49 -56|67 89 2 6|0.5 40
4726 永昕|生技醫療|-71 -10 -17|75 94 4 13|0.5 18
4728 雙美|生技醫療|88 23 -53|99 99 110 93|1.6 65
4736 泰博|生技醫療|-27 -15 -64|66 91 3 11|0.4 65
4739 康普|化學工業|-49 -36 -41|64 88 2 7|0.3 45
4743 合一|生技醫療|32 7 -969|81 81 -1 12|0.8 1412
4744 皇將|生技醫療|-59 -38 -18|95 95 30 49|0.7 41
4746 台耀|生技醫療|13 14 -8|95 95 24 75|0.5 329
4747 強生製藥|生技醫療|70 35 7|92 92 22 89|0.3 36
4755 三福化|化學工業|-17 -27 -29|62 95 15 27|4.2 108
4760 勤凱科技|其他電子|-24 -27 18|100 100 52 65|2.1 5
4763 材料*-KY|化學工業|99 98 23|98 98 70 344|0.5 419
4766 南寶|化學工業|-9 -7 -25|98 98 10 14|0.6 17
4768 晶呈科技|化學工業|15 34 -27|76 82 2 -4|0.5 69
4770 上品|化學工業|-4 29 -25|74 82 -15 11|0.7 218
4903 聯光通|通信網路|70 21 -17|91 91 58 41|0.3 6
4904 遠傳|通信網路|3 2 -2|94 100 18 14|0.8 245
4906 正文|通信網路|60 36 4|95 95 15 16|0.9 134
4908 前鼎|通信網路|-17 -29 -23|87 98 18 21|2.2 23
4911 德英|生技醫療|314 500 138|98 98 53 64|2.8 33
4915 致伸|電子零組|-12 -18 -24|85 96 6 4|0.5 149
4916 事欣科|電腦及週|28 57 14|99 99 28 64|2.1 110
4919 新唐|半導體業|-4 -17 -12|76 83 6 36|0.7 576
4923 力士|半導體業|-45 -42 -25|81 91 21 45|0.9 8
4927 泰鼎-KY|電子零組|-15 -20 -12|56 85 0 8|0.7 59
4931 新盛力|電腦及週|-2 3 -73|79 79 6 1|0.5 86
4934 太極|光電業|124 95 12|88 88 14 31|0.4 58
4935 茂林-KY|光電業|-53 -56 -34|86 86 2 12|0.9 6
4938 和碩|電腦及週|-12 -1 -0|99 99 8 23|1.6 353
4950 金耘國際|鋼鐵工業|-80 -75 -1|66 80 -6 -16|2.1 16
4951 精拓科|半導體業|-36 -37 -15|na na 42 na|1.4 33
4952 凌通|半導體業|-43 -54 -23|73 95 17 26|0.4 12
4953 緯致|資訊服務|9 13 -11|97 97 37 55|0.6 305
4958 臻鼎-KY|電子零組|-33 -4 -11|88 88 4 5|1.0 337
4960 誠美材|光電業|-26 -33 -10|88 88 16 20|1.3 64
4961 天鈺|半導體業|-34 -33 -5|86 86 17 50|0.7 901
4966 譜瑞-KY|半導體業|-48 -48 -30|63 83 7 34|1.7 1483
4967 十銓|半導體業|-13 -6 5|84 84 113 129|1.1 842
4968 立積|半導體業|-29 -26 -4|78 93 37 82|2.2 2788
4971 IET-KY|半導體業|-46 -32 -34|83 91 22 14|0.8 50
4973 廣穎電通|半導體業|4 3 -0|93 93 24 44|0.6 18
4974 亞泰|電子零組|-25 -10 -12|93 93 2 27|0.4 17
4976 佳凌|光電業|2 6 21|88 90 26 37|0.3 55
4977 眾達-KY|通信網路|23 47 5|84 84 -4 18|0.7 588
4979 華星光|通信網路|75 156 64|85 85 14 67|0.9 875
4995 晶達|光電業|-23 -16 -15|93 93 31 41|0.5 11
5009 榮剛|鋼鐵工業|19 27 -10|94 94 60 92|1.3 1290
5011 久陽|鋼鐵工業|-26 -12 -25|70 93 8 30|0.5 19
5014 建錩|鋼鐵工業|-17 -13 -10|75 85 -12 26|0.4 8
5015 華祺|鋼鐵工業|-39 -42 -37|72 72 -5 -11|0.6 12
5203 訊連|資訊服務|7 13 2|85 85 16 9|0.3 96
5209 新鼎|其他|127 72 23|100 100 100 125|1.3 54
5211 蒙恬|資訊服務|-5 8 -8|96 96 81 94|1.9 73
5213 亞昕|建材營造|49 55 -159|100 100 27 28|1.3 7
5222 全訊|半導體業|21 22 -4|98 98 41 61|1.4 1065
5225 東科-KY|其他電子|-11 -22 -44|90 90 27 31|0.7 25
5227 立凱-KY|電子零組|235 198 40|87 89 2 3|1.0 51
5234 達興材料|光電業|-12 -20 1|89 94 30 54|1.2 33
5236 凌陽創新|半導體業|-41 -38 2|79 94 24 37|0.3 13
5243 乙盛-KY|光電業|-4 2 -13|92 92 14 8|0.8 184
5258 虹堡|電腦及週|21 23 -31|83 83 19 50|0.2 469
5263 智崴|文化創意|6 18 5|82 82 -18 15|0.7 40
5269 祥碩|半導體業|37 -2 9|72 85 40 90|0.8 1157
5272 笙科|半導體業|-49 -58 -25|63 86 12 22|0.3 7
5274 信驊|半導體業|-48 -41 -62|88 88 33 73|0.6 1158
5283 禾聯碩|電器電纜|-21 -29 -22|98 98 5 10|0.5 5
5284 jpp-KY|其他|43 46 3|99 99 61 162|0.9 526
5285 界霖|半導體業|-19 -20 -12|85 85 26 28|0.2 48
5287 數字|數位雲端|14 11 -5|98 98 8 20|0.6 8
5288 豐祥-KY|電機機械|6 3 -29|95 96 6 6|0.5 10
5289 宜鼎|電腦及週|-8 -13 -5|93 93 60 80|0.8 642
5299 杰力|半導體業|-38 -49 -17|72 90 6 42|0.8 30
5306 桂盟|運動休閒|-28 -31 -13|87 93 -0 7|0.6 21
5309 系統電|電子零組|-5 19 -13|91 91 10 13|0.5 268
5315 光聯|光電業|1 1 4|96 96 26 47|0.5 20
5321 美而快|數位雲端|15 11 -4|78 95 4 52|0.5 51
5328 華容|電子零組|2 -1 -2|88 88 35 49|0.5 22
5340 建榮|電子零組|-39 -16 -10|81 81 5 72|0.6 24
5347 世界|半導體業|-51 -39 -39|85 86 -6 34|0.8 382
5351 鈺創|半導體業|-63 -66 -24|65 87 4 35|0.5 193
5353 台林|通信網路|68 29 -3|89 89 61 46|0.5 140
5371 中光電|光電業|-23 -27 -15|90 90 33 51|1.5 317
5381 光譜|電機機械|470 146 119|89 89 202 204|0.8 23
5386 青雲|電腦及週|-67 -64 -51|90 90 6 31|0.4 6
5388 中磊|通信網路|11 25 -21|82 89 9 14|0.5 323
5403 中菲|資訊服務|32 25 11|97 97 39 57|1.3 49
5410 國眾|資訊服務|7 8 -85|92 92 13 33|0.4 13
5425 台半|半導體業|-5 -3 -15|79 79 16 25|0.7 797
5434 崇越|電子通路|-8 -1 -17|95 95 13 26|1.7 77
5439 高技|電子零組|31 24 22|93 93 35 68|0.7 98
5443 均豪|半導體業|-38 -31 -26|90 90 1 13|0.4 7
5450 南良|其他|-28 -27 -12|87 87 24 26|0.2 8
5452 佶優|其他電子|-31 -29 -8|91 91 54 67|0.5 25
5457 宣德|電子零組|-20 -14 -14|81 90 5 13|0.8 46
5464 霖宏|電子零組|15 8 16|83 83 19 48|0.2 11
5465 富驊|電腦及週|43 17 23|91 91 97 128|1.2 169
5469 瀚宇博|電子零組|-11 -15 3|97 97 20 34|0.8 52
5471 松翰|半導體業|-48 -47 0|68 89 -1 8|1.0 17
5474 聰泰|電腦及週|-47 -32 -3|74 89 15 39|0.3 8
5475 德宏|電子零組|-28 -19 37|83 87 30 49|0.4 23
5478 智冠|文化創意|7 10 11|100 100 25 42|2.4 66
5483 中美晶|半導體業|12 11 -6|88 88 -5 23|0.7 384
5488 松普|電子零組|79 37 23|93 93 30 13|0.9 11
5508 永信建|建材營造|-16 -42 -13|97 99 24 4|0.4 9
5519 隆大|建材營造|373 92 -44|98 98 10 19|0.8 9
5522 遠雄|建材營造|-5 -14 8|100 100 8 15|3.1 39
5530 龍巖|其他|20 1 -10|77 93 0 3|0.9 11
5534 長虹|建材營造|-32 -58 -472|100 100 9 11|0.5 24
5536 聖暉*|其他電子|-4 7 -24|65 95 31 48|0.5 64
5607 遠雄港|航運業|-15 -14 -28|97 97 38 30|0.8 56
5608 四維航|航運業|-51 -46 -46|55 81 2 3|0.2 75
5609 中菲行|航運業|-57 -53 -39|87 98 20 41|0.8 28
5704 老爺知|觀光餐旅|-2 3 -151|72 72 9 36|0.3 14
5706 鳳凰|觀光餐旅|1745 1653 1178|87 87 5 35|0.2 59
5864 致和證|金融業|11 96 131|97 97 51 59|1.2 9
5871 中租-KY|其他|10 16 -3|93 93 -3 42|0.6 567
5876 上海商銀|金融保險|-2 15 -6|89 91 -1 3|0.8 123
5880 合庫金|金融保險|42 29 22|96 98 0 8|1.2 159
5903 全家|居家生活|9 10 -1|94 94 4 15|0.4 6
5904 寶雅|居家生活|10 12 -4|93 93 9 39|0.8 193
5905 南仁湖|觀光餐旅|-27 3 -47|84 85 -6 6|0.2 6
6005 群益證|金融保險|36 43 61|97 99 22 37|1.1 48
6016 康和證|金融業|0 314 63|89 94 14 17|0.5 19
6024 群益期|金融保險|-14 -23 -31|98 98 13 27|0.7 13
6026 福邦證|金融業|208 80 141|75 92 17 14|1.1 23
6101 寬魚國際|文化創意|2052 14294 10165|94 94 83 104|1.0 26
6104 創惟|半導體業|-49 -57 -27|46 85 14 34|0.5 306
6109 亞元|通信網路|-23 -3 -7|86 86 7 35|0.6 25
6111 光聚晶電|文化創意|250 76 -197|100 100 16 69|1.8 92
6112 邁達特|資訊服務|22 21 13|100 100 49 56|1.8 83
6115 鎰勝|電子零組|-16 -17 -6|100 100 8 13|0.8 7
6116 彩晶|光電業|-35 -46 -7|87 87 8 5|0.5 123
6118 建達|電子通路|-6 -13 -11|71 79 -6 15|0.3 31
6120 達運|光電業|-22 -35 3|90 90 18 15|0.6 18
6121 新普|電腦及週|-15 -14 -10|96 96 8 28|1.2 300
6122 擎邦|電機機械|134 100 50|87 87 68 124|0.6 208
6123 上奇|資訊服務|31 7 -11|94 94 28 32|0.5 18
6125 廣運|電機機械|33 13 -21|95 99 26 30|0.7 154
6126 信音|電子零組|-17 -17 -7|94 96 14 15|1.2 8
6127 九豪|電子零組|-28 -24 7|95 95 43 72|1.6 16
6128 上福|電腦及週|-14 -8 -16|93 93 12 21|0.5 10
6129 普誠|半導體業|18 16 -2|84 93 12 25|0.4 91
6133 金橋|電子零組|-7 -3 -27|70 75 -8 6|0.4 51
6134 萬旭|電子零組|-18 -8 -1|90 90 24 47|0.8 37
6138 茂達|半導體業|-36 -43 -22|84 96 34 61|1.0 663
6139 亞翔|其他電子|9 17 -26|90 90 16 56|0.4 81
6140 訊達電腦|資訊服務|3 -4 -11|94 94 39 42|1.2 33
6142 友勁|通信網路|47 75 8|90 90 35 53|0.6 41
6143 振曜|通信網路|23 32 8|90 90 36 67|0.7 268
6146 耕興|其他電子|11 4 -8|97 97 18 25|1.0 120
6147 頎邦|半導體業|-26 -32 -12|93 93 9 23|1.5 229
6148 驊宏資|資訊服務|82 74 53|100 100 195 236|2.1 189
6150 撼訊|電腦及週|-26 -39 17|69 90 -2 38|0.4 37
6152 百一|通信網路|40 2 -7|95 95 24 21|0.8 18
6153 嘉聯益|電子零組|-39 -36 -33|78 78 -1 -2|1.0 28
6155 鈞寶|電子零組|-29 -23 -12|91 91 1 23|0.3 10
6156 松上|電子零組|-9 -19 -5|93 93 14 35|0.6 25
6160 欣技|電腦及週|108 67 58|93 93 85 124|1.4 125
6161 捷波|電腦及週|-18 -43 -21|100 100 35 50|1.0 22
6163 華電網|資訊服務|-22 37 16|88 88 58 74|1.1 252
6165 浪凡|數位雲端|-12 -6 -10|90 90 15 25|0.9 5
6166 凌華|電腦及週|15 12 -8|93 93 6 19|0.4 7
6167 久正|光電業|-9 -13 -17|100 100 59 61|2.6 42
6168 宏齊|光電業|-31 -25 -1|98 98 42 63|0.6 35
6170 統振|通信網路|-31 -30 -4|90 90 11 21|0.4 8
6173 信昌電|電子零組|-29 -31 5|79 90 14 23|0.4 13
6175 立敦|電子零組|-13 -25 -8|96 96 23 63|0.9 26
6176 瑞儀|光電業|-45 -35 -29|99 99 12 17|1.7 258
6177 達麗|建材營造|-96 421 -50|96 96 4 19|0.4 17
6179 亞通|其他|154 69 60|97 97 27 25|2.4 76
6180 橘子|文化創意|3 -9 -4|80 80 0 41|0.3 99
6182 合晶|半導體業|-13 -11 -24|71 87 3 11|0.8 201
6185 幃翔|電子零組|26 26 10|100 100 60 66|1.5 28
6186 新潤|建材營造|na na na|99 99 24 73|0.7 14
6187 萬潤|半導體業|-70 -62 -30|55 83 -2 6|0.5 17
6188 廣明|電腦及週|-9 -13 -19|91 91 25 42|0.5 126
6189 豐藝|電子通路|-18 -16 3|99 99 8 18|0.6 11
6190 萬泰科|通信網路|-28 -29 -32|78 93 12 4|0.6 25
6191 精成科|電子零組|-12 -16 -1|98 98 22 33|0.6 70
6192 巨路|其他電子|-0 -4 -7|95 96 7 15|2.1 14
6194 育富|電子零組|69 19 32|94 94 16 10|0.7 19
6196 帆宣|其他電子|38 48 -1|95 95 7 31|0.5 88
6197 佳必琪|電子零組|43 18 4|93 93 30 50|0.9 74
6202 盛群|半導體業|-56 -60 -26|74 89 -2 4|0.7 50
6203 海韻電|電子零組|77 27 56|93 93 36 54|0.8 33
6205 詮欣|電子零組|-11 10 -1|75 75 2 -11|0.3 102
6206 飛捷|電腦及週|-49 -49 -36|73 94 5 15|0.7 18
6208 日揚|半導體業|-12 20 1|98 98 13 26|0.5 7
6209 今國光|光電業|-26 -17 -11|94 94 29 38|1.8 95
6213 聯茂|電子零組|-19 -23 -5|68 84 -6 27|0.9 103
6214 精誠|資訊服務|-5 7 -6|99 99 12 24|0.8 23
6215 和椿|其他電子|-44 -48 -23|99 99 26 54|1.1 11
6217 中探針|電子零組|-19 -13 -17|68 90 0 11|0.4 43
6218 豪勉|通信網路|160 55 26|95 95 35 35|4.6 22
6220 岳豐|電子零組|-30 -26 -13|79 91 7 19|0.5 43
6223 旺矽|半導體業|1 5 -7|88 88 10 57|0.5 376
6224 聚鼎|電子零組|-19 -16 -2|68 92 8 28|0.6 13
6226 光鼎|光電業|-25 -26 -17|86 95 19 24|0.4 9
6227 茂綸|電子通路|14 -5 -9|95 95 12 30|0.5 7
6230 尼得科超眾|電腦及週|21 25 8|94 94 47 58|0.7 36
6231 系微|資訊服務|-11 -16 -13|86 86 39 73|0.7 227
6233 旺玖|半導體業|-10 -17 -13|88 91 23 42|0.3 28
6234 高僑|光電業|-90 -35 -25|100 100 75 116|2.5 147
6235 華孚|電腦及週|44 44 -3|96 96 168 222|0.2 3431
6237 驊訊|半導體業|-46 -49 1|72 85 -4 11|0.7 32
6239 力成|半導體業|-22 -24 -16|98 98 14 27|2.0 279
6242 立康|生技醫療|48 59 -59|100 100 45 72|1.8 10
6243 迅杰|半導體業|-9 -4 11|83 92 29 47|0.3 17
6244 茂迪|光電業|35 31 30|91 91 33 55|0.9 556
6245 立端|通信網路|1 28 -7|81 81 7 73|0.5 434
6248 沛波|鋼鐵工業|78 37 -14|96 96 53 68|1.3 89
6257 矽格|半導體業|-27 -21 -21|91 92 5 12|1.1 70
6261 久元|半導體業|-45 -34 -11|89 95 9 18|0.7 12
6263 普萊德|通信網路|35 22 0|99 99 43 73|1.1 29
6266 泰詠|電子零組|49 50 14|88 88 72 89|1.1 252
6269 台郡|電子零組|-27 -14 -18|84 84 -5 6|2.5 170
6271 同欣電|半導體業|-23 -16 -11|59 70 -19 -3|1.3 387
6274 台燿|電子零組|-24 -26 -6|91 96 18 68|0.6 213
6275 元山|電子零組|7 -7 2|97 97 32 40|0.6 18
6276 安鈦克|電腦及週|-20 -23 -7|94 94 38 70|0.9 11
6277 宏正|電腦及週|14 12 4|99 99 11 17|0.5 17
6278 台表科|光電業|-34 -48 -31|92 94 11 23|0.4 185
6279 胡連|電子零組|34 23 -11|75 85 -5 -7|0.5 130
6282 康舒|電子零組|-24 -15 -22|93 93 43 54|1.5 811
6283 淳安|其他電子|-52 -51 -15|79 87 3 7|0.5 5
6284 佳邦|電子零組|-0 -5 2|92 92 13 41|0.4 30
6285 啟碁|通信網路|30 31 -11|89 89 13 11|0.7 853
6288 聯嘉|汽車工業|40 17 5|100 100 47 64|1.8 220
6290 良維|電子零組|-10 -13 -7|80 80 13 19|0.4 213
6409 旭隼|其他電子|19 11 -20|95 95 15 35|0.9 270
6411 晶焱|半導體業|-28 -32 3|76 80 23 28|0.6 115
6412 群電|電子零組|-21 -21 -16|99 99 22 32|2.1 31
6414 樺漢|電腦及週|22 35 4|95 95 15 34|0.5 238
6415 矽力*-KY|半導體業|-41 -43 -34|71 74 -8 20|0.8 1000
6416 瑞祺電通|通信網路|-4 -4 -13|86 86 10 25|0.7 111
6417 韋僑|通信網路|22 25 1|91 91 96 89|1.5 383
6418 詠昇|電子零組|7 0 11|99 99 20 16|1.7 5
6426 統新|通信網路|-61 -60 -58|68 81 -1 3|0.5 5
6435 大中|半導體業|-22 -36 -18|67 94 6 10|0.5 19
6438 迅得|其他電子|12 29 9|99 99 24 45|1.2 75
6441 廣錠|電腦及週|27 31 56|80 80 7 46|0.3 32
6442 光聖|通信網路|-12 -9 -10|75 90 8 27|0.4 18
6443 元晶|光電業|19 9 -25|76 92 5 5|0.4 418
6446 藥華藥|生技醫療|163 294 -290|61 69 -22 -16|2.4 1140
6451 訊芯-KY|半導體業|56 65 16|86 86 1 -5|0.5 18
6456 GIS-KY|光電業|-56 -45 -29|83 83 -3 -3|0.8 62
6461 益得|生技醫療|-58 -67 -28|81 94 21 25|3.0 56
6462 神盾|半導體業|-13 6 -2|82 92 35 49|0.4 21
6469 大樹|生技醫療|21 19 -8|98 98 33 49|0.6 119
6470 宇智|通信網路|5 36 -22|90 92 27 44|1.3 157
6472 保瑞|生技醫療|241 340 132|86 86 82 178|1.1 1122
6477 安集|光電業|-12 -37 -118|85 95 21 29|1.0 274
6485 點序|半導體業|-25 -30 -14|79 85 37 63|0.5 251
6488 環球晶|半導體業|17 14 -2|79 88 -2 43|0.7 578
6491 晶碩|生技醫療|0 -2 -8|91 91 -3 53|0.8 196
6492 生華科|生技醫療|0 0 na|46 78 -10 30|1.0 8
6494 九齊|半導體業|-33 -49 -11|57 85 -3 18|0.6 15
6504 南六|其他|14 13 14|84 99 13 14|0.6 5
6505 台塑化|油電燃氣|-12 1 -27|90 98 4 8|0.6 104
6508 惠光|農業科技|-29 -21 -33|65 96 8 7|0.4 8
6509 聚和|化學工業|-20 -14 -21|82 92 10 28|0.4 40
6510 精測|半導體業|-27 -18 -17|77 77 -2 26|1.3 100
6515 穎崴|半導體業|2 26 -43|93 93 65 122|0.7 697
6516 勤崴國際|資訊服務|101 30 -30|99 99 26 31|1.6 12
6517 保勝光學|光電業|-0 47 19|na na 177 na|1.7 93
6523 達爾膚|生技醫療|72 14 27|98 98 42 76|1.9 150
6525 捷敏-KY|半導體業|-8 -15 -17|87 94 6 20|0.6 9
6527 明達醫|生技醫療|67 50 20|91 91 35 86|0.5 20
6530 創威|通信網路|0 -19 -13|95 95 18 33|0.6 6
6531 愛普*|半導體業|-38 -51 -13|84 84 49 86|0.6 1759
6532 瑞耘|半導體業|43 22 -9|92 92 8 10|0.9 29
6533 晶心科|半導體業|-49 38 11|76 76 -15 36|0.7 892
6535 順藥|生技醫療|159 1035 -231|94 94 6 20|0.7 7
6538 倉和|電子零組|27 19 -1|95 95 54 67|1.5 174
6541 泰福-KY|生技醫療|54 30 na|36 54 -27 -40|0.3 16
6546 正基|通信網路|-47 -56 -34|na 90 15 1|0.2 36
6547 高端疫苗|生技醫療|-100 -100 na|37 78 -7 5|0.8 168
6548 長科*|半導體業|-25 -22 -23|44 91 39 44|0.6 159
6550 北極星藥業-KY|生技醫療|-100 -88 -17|na 82 6 7|1.0 368
6556 勝品|光電業|-16 0 -7|71 71 33 92|0.7 24
6558 興能高|其他電子|-4 2 22|98 98 27 73|1.2 11
6561 是方|通信網路|9 7 -2|91 91 35 35|0.8 54
6568 宏觀|半導體業|15 26 -9|84 84 -2 43|0.8 122
6570 維田|電腦及週|7 5 -17|94 94 32 34|0.4 47
6576 逸達|生技醫療|-90 2985 -17371|68 71 -3 21|0.6 80
6578 達邦蛋白|農業科技|-31 -8 -2|69 88 19 37|0.3 9
6579 研揚|電腦及週|-14 1 -23|90 90 3 24|0.3 7
6581 鋼聯|綠能環保|-25 -8 -49|83 88 0 9|0.5 6
6582 申豐|橡膠工業|-65 -70 5|61 89 4 18|0.6 7
6585 鼎基|其他|7 4 -1|na 90 15 30|0.6 6
6589 台康生技|生技醫療|-13 -19 -10|68 68 -2 2|0.6 315
6590 普鴻|資訊服務|31 34 15|95 95 73 107|2.3 29
6591 動力-KY|電腦及週|-50 -52 -19|82 94 16 33|0.8 15
6592 和潤企業|其他|29 27 -1|99 99 27 45|1.3 173
6593 台灣銘板|資訊服務|14 -8 1|85 85 41 45|0.4 6
6603 富強鑫|電機機械|-30 -23 -23|86 91 -1 -2|0.4 14
6605 帝寶|汽車工業|5 15 4|97 97 31 46|0.4 81
6609 瀧澤科|電機機械|-15 -1 -15|85 85 -7 36|0.2 8
6612 奈米醫材|生技醫療|33 24 -2|90 90 48 121|0.9 91
6613 朋億*|其他電子|-21 -1 -22|61 94 13 27|0.5 16
6625 必應|其他|284 85 -203|100 100 97 164|4.2 77
6643 M31|半導體業|37 26 -11|84 84 8 83|0.5 1225
6651 全宇昕|半導體業|-15 -21 -18|94 94 23 43|0.4 14
6664 群翊|電子零組|6 15 -8|92 92 21 43|0.5 37
6666 羅麗芬-KY|生技醫療|27 2 2|89 89 12 6|0.5 21
6667 信紘科|其他電子|5 -0 -32|86 97 14 18|0.3 12
6668 中揚光|光電業|-23 -9 -12|86 87 6 14|0.4 9
6669 緯穎|電腦及週|43 47 -9|94 94 48 82|1.3 2583
6670 復盛應用|運動休閒|-24 -11 -45|86 86 -0 18|0.5 89
6672 騰輝電子-KY|電子零組|-31 -32 3|87 91 9 39|0.9 37
6679 鈺太|半導體業|-35 -48 -13|80 91 17 61|0.8 130
6683 雍智科技|半導體業|-4 2 -1|78 89 2 28|0.5 41
6684 安格|半導體業|-68 -65 -16|41 76 0 -7|0.6 7
6689 伊雲谷|數位雲端|6 8 16|na 89 6 53|1.0 83
6690 安碁資訊|數位雲端|12 12 -60|90 90 70 93|2.7 75
6691 洋基工程|其他電子|27 31 -3|94 94 43 81|0.4 103
6695 芯鼎|半導體業|-2 -8 6|na na 3 na|0.7 13
6698 旭暉應材|其他電子|-13 5 -34|88 88 29 35|0.3 19
6703 軒郁|生技醫療|86 56 17|99 99 86 116|1.2 75
6706 惠特|光電業|-78 -78 -29|54 80 -4 7|0.4 36
6712 長聖|生技醫療|16 0 -26|83 90 3 22|0.9 372
6715 嘉基|電子零組|-12 6 -34|82 82 18 27|0.3 158
6719 力智|半導體業|-63 -58 -39|53 86 9 25|0.8 637
6727 亞泰金屬|電子零組|30 0 -22|91 96 6 20|1.2 7
6728 上洋|居家生活|19 7 -9|93 93 32 26|0.5 6
6732 昇佳電子|半導體業|-28 -36 3|79 79 47 66|1.0 554
6733 博晟生醫|生技醫療|197 121 -163|88 88 76 93|1.7 73
6741 91APP*-KY|數位雲端|19 15 1|96 100 28 91|3.3 183
6743 安普新|其他電子|-16 -38 -18|95 95 61 101|0.8 15
6747 亨泰光|生技醫療|-6 -2 -12|90 90 33 35|0.8 90
6751 智聯服務|資訊服務|31 37 13|100 100 202 259|1.9 82
6752 叡揚|資訊服務|12 21 1|100 100 136 174|5.4 179
6754 匯僑設計|居家生活|-11 -17 -29|94 94 18 22|1.0 6
6756 威鋒電子|半導體業|-58 -62 -29|62 84 12 27|0.5 97
6763 綠界科技*|數位雲端|15 7 2|87 89 -1 45|0.4 30
6767 台微醫|生技醫療|45 73 23|94 94 29 52|0.9 8
6768 志強-KY|運動休閒|-1 -12 -107|73 82 -4 -5|0.5 10
6770 力積電|半導體業|-47 -45 -40|52 85 -7 -3|1.5 503
6776 展碁國際|電子通路|-5 -9 -10|96 96 37 50|0.7 38
6781 AES-KY|電子零組|-23 -19 -37|58 79 -4 23|0.8 403
6782 視陽|生技醫療|-14 -19 -49|na na -12 na|0.5 205
6788 華景電|半導體業|27 14 -15|89 89 17 66|0.3 95
6789 采鈺|半導體業|-35 -30 -19|na 83 -3 21|0.6 241
6790 永豐實|造紙工業|18 4 -1|87 99 5 11|2.1 15
6791 虎門科技|資訊服務|16 16 -2|na na 170 na|1.0 58
6792 詠業|通信網路|-25 -30 -8|76 92 21 24|0.6 9
6796 晉弘|生技醫療|4 8 7|na 87 31 39|0.3 28
6799 來頡|半導體業|-31 -32 -29|na 80 57 62|2.0 734
6803 崑鼎|綠能環保|22 16 -3|100 100 16 25|2.1 13
6804 明係|運動休閒|29 31 -62|98 98 18 22|1.0 7
6806 森崴能源|綠能環保|1 113 18|93 93 35 84|1.6 1541
6811 宏碁資訊|數位雲端|11 12 -3|na 100 108 176|3.6 261
6829 千附精密|半導體業|-26 -39 -25|97 97 104 112|4.6 767
6830 汎銓|其他電子|18 8 -5|na 98 36 94|1.5 92
6843 進典|電機機械|12 16 -15|na na 47 na|0.2 22
6854 錼創科技-KY創|半導體業|45 24 na|na 86 -3 23|1.1 5
6859 伯特光|光電業|-6 6 -7|na na -2 na|0.4 32
6865 偉康科技|數位雲端|-3 8 -6|na na 35 na|0.5 15
6874 倍力|資訊服務|-70 52 6|na na 209 na|6.5 119
7402 邑錡|光電業|-15 -37 -43|86 86 98 79|0.9 162
8016 矽創|半導體業|-20 -36 -3|90 90 22 31|0.5 338
8024 佑華|半導體業|-26 -48 -21|94 94 20 25|0.5 7
8027 鈦昇|電機機械|-56 -52 -62|66 92 5 -0|1.5 15
8028 昇陽半導體|半導體業|26 18 5|79 89 1 13|0.5 154
8033 雷虎|其他|-18 8 8|95 95 97 269|0.2 138
8038 長園科|電子零組|388 625 109|90 90 21 38|1.3 95
8040 九暘|半導體業|-27 -27 -27|74 75 -11 -16|0.7 14
8044 網家|數位雲端|-12 -13 -4|64 81 -11 31|0.4 28
8046 南電|電子零組|-16 -13 -25|61 88 17 32|1.2 1888
8048 德勝|通信網路|48 44 14|96 96 18 35|0.8 9
8049 晶采|光電業|17 31 6|96 96 20 47|0.5 26
8050 廣積|電腦及週|-19 17 -0|85 85 3 23|0.6 239
8054 安國|半導體業|10 8 -11|63 89 3 4|0.4 11
8064 東捷|光電業|-13 14 17|96 96 14 40|0.6 15
8069 元太|光電業|-1 31 -32|77 88 8 3|0.7 1948
8070 長華*|電子通路|-30 -26 -21|90 90 6 12|1.2 29
8072 陞泰|電子通路|-10 -17 -5|79 79 5 18|0.4 7
8076 伍豐|電腦及週|-5 -10 -12|81 90 1 13|0.6 15
8081 致新|半導體業|-27 -30 -9|89 92 20 40|0.5 97
8083 瑞穎|電機機械|-50 -56 -16|82 87 -10 -8|1.5 8
8084 巨虹|電子通路|11 16 -19|82 85 9 6|0.8 65
8085 福華|其他電子|16 0 -0|100 100 34 46|5.1 8
8086 宏捷科|半導體業|-35 -43 11|88 88 12 38|0.8 324
8088 品安|半導體業|1 -5 -5|98 98 43 66|1.2 113
8091 翔名|半導體業|-3 -8 -22|97 97 22 56|2.1 160
8097 常珵|通信網路|-99 25 -508|59 74 -18 -12|0.5 44
8099 大世科|資訊服務|-21 6 4|100 100 13 30|2.3 5
8103 瀚荃|電子零組|-17 -32 -12|91 95 18 26|0.4 13
8104 錸寶|光電業|70 82 35|79 89 12 30|0.8 18
8105 凌巨|光電業|-16 -9 -4|84 84 3 23|0.3 24
8109 博大|電子零組|19 33 9|93 93 7 13|0.5 18
8110 華東|半導體業|-19 -20 -21|86 95 12 25|0.6 27
8111 立碁|光電業|-1 -9 13|89 89 45 51|0.6 16
8112 至上|電子通路|-52 -54 -23|96 96 17 31|0.5 73
8114 振樺電|電腦及週|-14 -10 -30|62 83 -7 -7|0.5 32
8121 越峰|電子零組|-22 -12 -7|92 100 32 37|2.1 38
8131 福懋科|半導體業|-22 -15 -16|97 97 10 17|0.5 14
8147 正淩|電子零組|-23 -9 -18|88 88 4 -11|0.4 10
8150 南茂|半導體業|-22 -32 -9|81 95 10 18|0.8 87
8155 博智|電子零組|-26 -26 -29|96 98 32 79|1.1 342
8163 達方|電腦及週|-17 -19 -15|94 97 13 17|0.4 28
8171 天宇|綠能環保|-41 5 -83|85 85 4 53|0.3 112
8183 精星|其他電子|-8 -6 -49|78 91 3 4|0.6 63
8210 勤誠|電腦及週|-15 -20 -23|91 91 -2 29|0.7 54
8213 志超|電子零組|-32 -36 -5|85 97 12 25|0.6 16
8215 明基材|光電業|6 -2 5|93 93 18 34|1.5 120
8222 寶一|電機機械|109 69 27|100 100 152 243|1.6 1358
8227 巨有科技|半導體業|-2 43 -33|na na 124 na|1.3 124
8234 新漢|電腦及週|-22 0 -12|84 84 23 52|0.3 36
8249 菱光|電子零組|13 2 -12|92 92 7 42|0.4 15
8255 朋程|電機機械|22 13 -2|90 91 14 37|0.4 271
8261 富鼎|半導體業|-35 -42 -23|73 89 -1 9|0.5 180
8271 宇瞻|半導體業|6 -15 -11|93 93 22 28|0.7 62
8279 生展|生技醫療|27 18 -13|100 100 21 37|1.6 9
8284 三竹|資訊服務|1 2 -6|98 98 16 28|0.8 5
8289 泰藝|電子零組|-18 -11 -6|85 85 23 53|0.2 70
8299 群聯|半導體業|-38 -41 -22|92 92 9 36|0.9 705
8341 日友|綠能環保|-18 -19 -22|71 81 -3 14|0.6 27
8349 恒耀國際|鋼鐵工業|4 -6 -13|82 94 19 15|0.3 22
8358 金居|電子零組|-17 -17 6|81 81 -9 49|0.4 131
8383 千附|半導體業|-15 -12 -18|96 96 17 28|1.0 100
8390 金益鼎|綠能環保|9 8 -3|98 98 12 27|0.7 32
8403 盛弘|生技醫療|-15 -13 -16|100 100 23 40|5.2 33
8409 商之器|生技醫療|-95 -27 -16|76 87 28 25|0.6 14
8415 大國鋼|鋼鐵工業|-2 7 -8|91 91 -5 6|0.8 15
8416 實威|資訊服務|-4 -0 1|98 98 29 35|1.9 9
8420 明揚|運動休閒|30 40 1|93 93 14 33|0.5 29
8422 可寧衛*|綠能環保|-6 16 -56|98 98 5 12|0.6 17
8426 紅木-KY|其他|91 68 32|93 93 67 76|5.9 16
8431 匯鑽科|其他電子|-17 -30 -11|91 91 21 17|0.8 24
8433 弘帆|居家生活|8 -9 -15|82 82 8 51|0.3 10
8436 大江|生技醫療|18 13 19|89 89 19 85|0.4 291
8440 綠電|綠能環保|4 4 4|47 89 0 32|0.8 92
8442 威宏-KY|其他|-1 2 -48|85 85 3 3|0.5 8
8446 華研|文化創意|-8 14 -0|98 98 16 31|1.3 13
8454 富邦媒|數位雲端|12 10 -4|90 90 4 83|0.6 436
8462 柏文|運動休閒|6 5 -3590|96 96 23 43|0.9 18
8464 億豐|居家生活|-1 -13 -9|99 99 5 38|1.0 85
8476 台境*|綠能環保|-37 -49 -335|84 84 7 37|0.2 13
8478 東哥遊艇|運動休閒|27 20 0|85 85 25 106|0.8 416
8916 光隆|其他|-17 -17 -40|83 85 3 -1|0.6 24
8924 大田|運動休閒|-49 22 19|86 86 1 29|0.4 40
8926 台汽電|油電燃氣|49 25 24|99 99 53 78|0.9 197
8927 北基|油電燃氣|3 9 -11|95 95 25 28|1.6 48
8928 鉅明|運動休閒|-7 2 -3|74 84 -8 13|0.5 6
8931 大汽電|油電燃氣|45 77 18|88 88 67 145|0.7 74
8932 智通*|數位雲端|-12 -16 11|98 98 23 52|1.3 11
8933 愛地雅|運動休閒|-9 -1 -17|48 54 -25 -42|0.5 13
8936 國統|其他|5 -22 -4|86 86 28 56|0.4 122
8938 明安|運動休閒|-5 10 -15|84 84 0 10|0.4 101
8940 新天地|觀光餐旅|10 40 -128|85 85 47 59|0.3 11
8942 森鉅|其他|15 5 2|98 98 11 21|0.5 8
8996 高力|電機機械|77 84 38|79 79 -3 85|0.7 708
9802 鈺齊-KY|運動休閒|1 13 -38|62 75 -10 -14|0.7 126
9904 寶成|運動休閒|-3 -4 -20|92 92 -7 14|1.4 207
9907 統一實|其他|2 -12 -8|100 100 21 23|1.1 92
9910 豐泰|運動休閒|-22 -13 -54|91 91 -8 21|0.8 128
9911 櫻花|居家生活|-5 -5 -12|98 100 2 8|0.9 6
9914 美利達|運動休閒|1 3 -26|64 88 -8 2|0.8 99
9917 中保科|其他|8 9 -1|100 100 9 17|1.1 52
9919 康那香|其他|-12 -14 2|69 96 7 20|3.7 80
9921 巨大|運動休閒|-4 -10 -18|73 75 -14 -10|0.6 269
9927 泰銘|其他|2 -15 -10|98 98 18 32|0.9 12
9933 中鼎|其他|-3 -2 -27|86 90 0 -6|0.8 54
9934 成霖|居家生活|-19 -13 -13|100 100 11 25|1.9 11
9938 百和|其他|-38 -28 -17|82 87 -3 13|0.5 29
9939 宏全|其他|6 9 -6|96 96 15 28|0.5 100
9941 裕融|其他|19 17 1|89 99 13 44|0.8 146
9942 茂順|其他|24 21 10|98 98 33 33|0.9 110
9945 潤泰新|其他|-20 11 -7|69 76 -18 -9|0.6 197
9951 皇田|電機機械|19 9 0|98 98 8 23|0.6 5
9955 佳龍|綠能環保|-1 -28 -4|88 99 25 58|1.2 36
9958 世紀鋼|鋼鐵工業|96 26 30|86 96 16 41|0.8 555
9962 有益|鋼鐵工業|-13 14 -10|86 86 12 42|0.5 27
