# 2023-02 月末(2023-02-24)全池量化快照(1027 檔)。欄位:代碼 名稱|產業|最新YoY 3月YoY 加速|距52週高% 距120日高% 60日漲% 120日漲%|量能x 日均值M
1101 台泥|水泥工業|-3 4 -3|88 98 19 -1|1.3 626
1102 亞泥|水泥工業|-35 -18 -17|100 100 9 5|0.8 175
1103 嘉泥|水泥工業|21 22 17|96 96 19 14|7.1 6
1104 環泥|水泥工業|-15 6 -8|100 100 13 11|1.2 15
1201 味全|食品工業|-5 -6 -5|92 100 10 2|1.4 10
1210 大成|食品工業|-8 6 -4|96 100 17 5|2.6 64
1215 卜蜂|食品工業|-11 5 -8|99 99 3 0|1.5 38
1216 統一|食品工業|-4 6 -4|99 99 5 2|0.7 349
1217 愛之味|食品工業|1 2 1|90 98 12 14|1.2 15
1218 泰山|食品工業|-1 3 -7|64 64 -20 -14|0.6 61
1219 福壽|食品工業|-7 1 -13|78 96 11 -2|1.7 18
1227 佳格|食品工業|-22 -15 -2|85 99 5 0|0.9 20
1229 聯華|食品工業|-7 -6 -13|81 95 11 -5|0.8 47
1231 聯華食|食品工業|1 12 -0|100 100 25 15|0.8 17
1232 大統益|食品工業|-1 16 -3|91 91 0 -5|0.5 8
1234 黑松|食品工業|11 8 6|100 100 6 4|0.9 11
1256 鮮活果汁-KY|食品工業|-53 -19 -4|98 98 34 27|3.0 9
1268 漢來美食|觀光餐旅|41 23 -59|100 100 38 43|3.3 58
1301 台塑|塑膠工業|-40 -34 -22|90 98 3 -3|0.8 446
1303 南亞|塑膠工業|-42 -34 -17|89 97 2 7|0.5 288
1304 台聚|塑膠工業|-36 -25 -14|88 100 22 4|0.6 45
1305 華夏|塑膠工業|-32 -23 -8|87 98 40 17|0.4 63
1308 亞聚|塑膠工業|-40 -25 -25|80 98 8 3|0.5 39
1309 台達化|塑膠工業|-33 -28 -13|76 99 16 1|0.5 23
1310 台苯|塑膠工業|-47 -25 -31|80 98 9 -3|1.1 5
1312 國喬|塑膠工業|-21 -28 -7|76 96 15 4|0.4 51
1313 聯成|塑膠工業|-40 -30 -16|74 99 23 11|0.8 31
1314 中石化|塑膠工業|-55 -58 -26|76 96 5 -5|1.2 77
1316 上曜|建材營造|-54 -1 -170|45 69 -2 -28|1.1 10
1319 東陽|汽車工業|-14 -2 -15|78 78 -5 -16|0.4 104
1326 台化|塑膠工業|-16 -13 -15|92 94 -2 1|0.7 156
1336 台翰|電子零組|-5 11 -19|96 96 14 8|0.9 34
1339 昭輝|汽車工業|-39 -8 -8|95 95 4 -3|0.9 6
1342 八貫|其他|17 20 -9|96 96 63 116|2.3 865
1402 遠東新|紡織纖維|-8 -7 -17|97 97 6 3|0.5 216
1409 新纖|紡織纖維|-33 -27 -27|92 98 4 -0|0.6 35
1417 嘉裕|紡織纖維|-14 -15 -34|88 88 18 33|0.2 30
1432 大魯閣|運動休閒|57 27 -61|95 95 55 41|2.5 35
1434 福懋|紡織纖維|-15 -12 -16|99 100 6 1|1.0 25
1437 勤益控|其他|-22 -2 -19|100 100 24 22|3.9 29
1440 南紡|紡織纖維|-22 -8 -16|77 94 7 -6|1.2 19
1442 名軒|建材營造|-73 1625 1267|83 83 -9 20|0.9 25
1443 立益物流|其他|-34 -32 -34|94 94 43 41|0.6 16
1444 力麗|紡織纖維|-32 -29 -39|88 88 1 -6|2.8 16
1451 年興|紡織纖維|-17 -19 -26|86 86 8 -14|1.2 9
1453 大將|建材營造|50 0 -54399|46 69 6 -29|0.5 7
1455 集盛|紡織纖維|-52 -47 -27|69 100 7 1|1.0 6
1457 宜進|紡織纖維|-45 -26 -26|99 99 4 5|0.7 5
1467 南緯|紡織纖維|-33 -32 -22|77 90 -8 -3|0.3 18
1473 台南|紡織纖維|1 5 -33|100 100 32 17|3.8 13
1475 業旺|紡織纖維|18 21 -274|91 95 8 12|1.0 8
1476 儒鴻|紡織纖維|-43 -31 -38|83 94 10 3|0.9 350
1477 聚陽|紡織纖維|-16 -10 -20|88 88 -3 15|0.8 368
1503 士電|電機機械|7 11 -0|94 94 41 28|4.9 109
1504 東元|電機機械|-3 2 -8|96 99 11 4|3.6 170
1506 正道|電機機械|-8 -4 -12|95 95 35 35|3.6 16
1513 中興電|電機機械|34 12 1|98 98 70 46|1.4 2584
1514 亞力|電機機械|24 35 -2|95 95 38 14|4.0 197
1515 力山|電機機械|-74 -77 -0|70 88 1 -15|0.8 15
1516 川飛|其他|13 na na|69 85 -4 -9|1.9 6
1517 利奇|電機機械|-61 -45 -45|81 81 -9 -17|1.0 8
1519 華城|電機機械|-39 -21 -8|97 97 56 61|2.6 624
1522 堤維西|汽車工業|1 6 -9|88 91 5 -8|1.4 68
1524 耿鼎|汽車工業|-28 1 -19|84 84 4 -7|0.7 116
1526 日馳|電機機械|-32 -24 -39|75 75 -5 -20|0.9 6
1527 鑽全|電機機械|-37 -30 -12|99 100 7 6|2.3 12
1529 樂事綠能|電機機械|178 76 29|79 94 47 41|1.2 94
1532 勤美|電機機械|-49 -50 -28|98 100 19 12|2.8 13
1533 車王電|汽車工業|-12 2 -15|73 82 2 -19|3.0 9
1535 中宇|電機機械|-19 -4 -6|100 100 12 0|5.6 6
1536 和大|汽車工業|-5 4 -7|76 76 1 -8|0.7 74
1537 廣隆|電機機械|-26 -13 -65|98 98 3 -1|0.8 11
1539 巨庭|電機機械|-72 -71 -46|61 61 -7 -39|0.6 11
1540 喬福|電機機械|52 31 -52|98 98 7 11|2.6 6
1558 伸興|電機機械|-32 5 1|90 93 8 -6|1.1 6
1560 中砂|電機機械|-11 -4 -17|67 72 4 -27|0.3 222
1565 精華|生技醫療|-29 -21 -11|93 97 13 -0|0.7 38
1568 倉佑|汽車工業|-37 -23 -17|77 79 -0 -19|0.6 6
1569 濱川|電腦及週|-33 -27 -36|87 87 4 -12|1.1 6
1580 新麥|電機機械|-7 -13 -8|96 99 14 -1|1.1 8
1582 信錦|電子零組|-46 -41 -36|89 90 4 -10|1.3 8
1584 精剛|其他|23 55 -7|96 96 63 39|1.2 402
1589 永冠-KY|電機機械|-21 4 -2|96 97 28 21|2.3 69
1590 亞德客-KY|電機機械|-25 -6 -8|96 96 27 30|1.0 755
1591 駿吉-KY|電機機械|-86 -60 na|95 95 28 39|1.8 30
1593 祺驊|運動休閒|24 42 57|100 100 32 33|2.3 6
1597 直得|電機機械|-20 -22 -9|92 97 2 8|2.2 6
1598 岱宇|運動休閒|9 -3 31|92 92 20 7|1.4 26
1603 華電|電器電纜|3 40 -5|83 91 -1 0|1.4 12
1605 華新|電器電纜|12 -2 -20|97 97 31 44|0.7 3078
1608 華榮|電器電纜|-5 -11 -13|73 98 10 2|0.6 16
1609 大亞|電器電纜|-25 -16 -13|85 96 31 12|1.5 237
1611 中電|電器電纜|-26 -21 -9|70 80 1 -20|1.1 12
1612 宏泰|電器電纜|-28 10 11|67 95 20 10|0.5 22
1618 合機|電器電纜|-32 31 12|92 92 8 13|0.5 6
1701 中化|生技醫療|2 13 5|75 75 32 22|0.5 225
1702 南僑|食品工業|-9 -1 -4|98 100 6 1|1.5 14
1707 葡萄王|生技醫療|-5 3 -1|100 100 38 31|0.8 127
1708 東鹼|化學工業|-25 -6 -73|62 82 -2 -18|1.2 72
1709 和益|化學工業|-33 -14 -23|81 97 8 1|3.7 13
1710 東聯|化學工業|-23 -20 0|85 98 7 4|0.5 11
1711 永光|化學工業|-35 -25 -19|71 88 6 -12|0.5 15
1712 興農|化學工業|-20 -7 -25|87 87 5 -10|0.9 44
1717 長興|化學工業|-39 -22 -17|81 90 1 -5|0.5 33
1720 生達|生技醫療|3 16 -10|89 89 22 19|0.2 66
1721 三晃|化學工業|-40 -20 -23|62 85 7 -15|0.9 10
1722 台肥|化學工業|-22 -31 -46|73 90 4 -9|1.0 81
1723 中碳|化學工業|-19 -13 -39|91 96 6 -4|1.5 28
1727 中華化|化學工業|-25 -13 -27|53 81 6 -19|0.5 7
1732 毛寶|化學工業|-24 -16 -9|58 76 -1 -17|0.2 6
1733 五鼎|生技醫療|-12 -13 -19|91 91 7 -6|0.5 5
1734 杏輝|生技醫療|-5 8 -8|85 85 5 -4|0.2 40
1736 喬山|運動休閒|-20 10 3|82 82 -4 30|0.3 61
1752 南光|生技醫療|16 27 17|85 85 65 52|0.2 182
1760 寶齡富錦|生技醫療|-25 -8 -29|85 85 -9 4|0.3 648
1762 中化生|生技醫療|83 26 -4|97 97 16 9|0.8 60
1773 勝一|化學工業|-30 -24 -22|67 86 11 -15|2.3 25
1777 生泰|生技醫療|46 65 19|98 98 11 23|0.8 7
1783 和康生|生技醫療|20 30 12|95 95 44 48|1.6 196
1784 訊聯|生技醫療|-10 10 4|90 90 11 2|1.1 34
1785 光洋科|其他電子|-41 -37 -16|72 95 11 -4|0.5 49
1786 科妍|生技醫療|78 30 7|100 100 36 35|1.3 35
1789 神隆|生技醫療|-11 57 37|90 90 7 -7|0.4 27
1795 美時|生技醫療|112 53 24|95 95 46 60|0.8 4297
1796 金穎生技|食品工業|3 4 -16|100 100 61 83|2.8 28
1802 台玻|玻璃陶瓷|-22 -18 -2|93 93 -3 31|0.2 60
1808 潤隆|建材營造|27 -1 68|95 95 17 18|0.7 26
1809 中釉|玻璃陶瓷|-42 -20 -36|94 97 6 8|0.5 24
1810 和成|玻璃陶瓷|-23 -23 -18|87 87 38 70|0.8 108
1815 富喬|電子零組|-26 -25 -12|83 87 3 -13|1.1 12
1903 士紙|造紙工業|-21 -15 13|75 86 -2 -13|1.5 6
1904 正隆|造紙工業|-27 -20 -15|85 99 6 2|0.6 32
1905 華紙|造紙工業|-19 -5 -12|75 95 1 -4|1.5 9
1907 永豐餘|造紙工業|-33 -19 -11|82 97 -2 10|1.2 33
1909 榮成|造紙工業|-38 -24 -18|89 100 17 19|0.6 54
2002 中鋼|鋼鐵工業|-34 -29 -22|87 98 8 8|0.6 503
2006 東和鋼鐵|鋼鐵工業|-29 -18 -19|79 100 15 9|1.1 80
2007 燁興|鋼鐵工業|-27 -23 -19|59 98 23 1|0.6 19
2009 第一銅|鋼鐵工業|-41 -35 -24|71 97 13 28|0.4 167
2010 春源|鋼鐵工業|-40 -30 -21|69 100 10 0|1.0 9
2013 中鋼構|鋼鐵工業|11 6 -15|99 99 5 2|0.9 12
2014 中鴻|鋼鐵工業|-28 -35 -18|66 97 21 7|0.6 411
2015 豐興|鋼鐵工業|-35 -19 -18|77 98 15 5|0.8 15
2017 官田鋼|鋼鐵工業|-32 -39 -25|100 100 50 36|2.5 39
2023 燁輝|鋼鐵工業|-31 -33 -24|72 99 16 11|0.7 46
2027 大成鋼|鋼鐵工業|9 -0 -16|84 97 8 8|0.4 300
2028 威致|鋼鐵工業|-41 -5 1|71 93 23 8|0.4 22
2029 盛餘|鋼鐵工業|-44 -39 -23|70 100 6 0|0.6 8
2030 彰源|鋼鐵工業|-39 -32 -37|63 92 5 -8|0.5 24
2031 新光鋼|鋼鐵工業|-36 6 -15|66 92 18 16|0.7 80
2032 新鋼|鋼鐵工業|-36 -9 -6|59 95 14 0|0.3 11
2033 佳大|鋼鐵工業|-60 -35 -23|64 97 20 7|0.7 6
2034 允強|鋼鐵工業|-23 -19 -13|88 99 9 3|1.0 58
2038 海光|鋼鐵工業|-44 -27 -32|69 95 17 -0|0.5 22
2049 上銀|電機機械|-40 -26 -29|92 100 39 15|2.0 986
2059 川湖|電子零組|-35 -9 -28|86 87 4 -7|1.3 116
2062 橋椿|居家生活|-59 -34 -16|84 93 10 -6|1.2 6
2063 世鎧精密|鋼鐵工業|-16 -4 -3|98 98 32 32|0.6 6
2065 世豐|鋼鐵工業|-20 -13 -2|99 99 16 16|1.0 6
2066 世德|電機機械|5 19 -6|93 93 11 5|0.8 17
2069 運錩|鋼鐵工業|-26 -28 -28|63 90 8 -10|0.6 7
2101 南港|橡膠工業|-20 -15 -7|85 92 5 -5|1.6 24
2102 泰豐|橡膠工業|-18 -12 -27|75 98 10 7|1.7 21
2103 台橡|橡膠工業|-12 -11 -14|85 97 10 -1|0.9 41
2104 國際中橡|橡膠工業|-18 -20 -22|74 94 1 -1|1.2 31
2105 正新|橡膠工業|-26 -15 -11|86 86 1 -3|1.4 87
2106 建大|橡膠工業|-20 -9 -18|83 86 1 -7|1.0 13
2108 南帝|橡膠工業|-48 -43 6|59 100 19 2|1.0 41
2201 裕隆|汽車工業|-14 -3 -1|96 96 50 104|0.6 2026
2204 中華|汽車工業|2 15 14|95 95 14 30|0.4 91
2206 三陽工業|汽車工業|8 6 -17|95 95 11 12|1.8 145
2207 和泰車|汽車工業|-18 2 1|93 93 -0 2|1.3 109
2208 台船|航運業|-7 5 -9|97 97 35 26|3.7 113
2211 長榮鋼|鋼鐵工業|-62 -58 -41|85 85 2 -13|0.5 11
2227 裕日車|汽車工業|-31 9 14|85 96 11 -4|1.0 6
2228 劍麟|汽車工業|-4 7 -11|97 97 1 11|1.2 13
2230 泰茂|居家生活|-39 -13 -3|97 97 128 111|2.6 150
2231 為升|汽車工業|-13 4 5|97 97 7 4|1.6 176
2233 宇隆|汽車工業|-24 -5 -7|86 92 9 -8|1.2 12
2236 百達-KY|汽車工業|6 6 2|100 100 108 100|1.1 49
2243 宏旭-KY|汽車工業|5476 1797 1287|100 100 62 28|2.9 13
2247 汎德永業|汽車工業|-4 5 2|100 100 11 13|2.3 12
2301 光寶科|電腦及週|-26 -13 -16|99 99 6 7|0.9 409
2302 麗正|半導體業|-43 -5 -16|91 91 -8 -8|0.7 9
2303 聯電|半導體業|-4 5 -24|98 98 9 21|0.8 3042
2305 全友|電腦及週|-34 -24 -15|67 67 -25 -33|0.7 12
2308 台達電|電子零組|13 19 -4|94 94 -2 7|1.0 1924
2312 金寶|其他電子|1 18 -12|80 91 -1 3|0.9 49
2313 華通|電子零組|-23 -11 -31|85 85 -5 -10|0.6 330
2314 台揚|通信網路|69 49 25|62 84 17 -12|1.5 68
2317 鴻海|其他電子|48 8 -8|89 91 1 -8|0.8 3081
2324 仁寶|電腦及週|-24 -34 -22|96 100 14 4|0.8 281
2327 國巨*|電子零組|-17 2 -9|91 94 19 30|0.8 1635
2328 廣宇|電子零組|-15 -3 -9|94 94 13 11|0.5 134
2329 華泰|半導體業|-21 -15 -11|88 98 6 5|1.1 61
2330 台積電|半導體業|16 30 -12|81 94 7 2|0.8 16794
2331 精英|電腦及週|-44 -47 -46|81 82 -1 -18|0.9 21
2332 友訊|通信網路|21 6 -7|97 97 20 1|1.7 34
2337 旺宏|半導體業|-41 -40 -24|81 92 1 5|0.5 190
2338 光罩|半導體業|-16 4 -21|81 85 13 10|0.3 321
2340 台亞|半導體業|-49 -42 -15|70 94 0 -6|1.4 80
2342 茂矽|半導體業|-21 -14 -22|92 96 14 1|0.8 52
2344 華邦電|半導體業|-44 -31 -22|67 97 7 3|1.6 727
2345 智邦|通信網路|19 26 -3|97 97 10 -2|1.0 905
2347 聯強|電子通路|-16 -16 -20|85 97 10 12|0.6 199
2351 順德|半導體業|-20 -12 -15|78 99 24 6|0.9 333
2352 佳世達|電腦及週|-23 -16 -20|96 100 4 3|1.1 120
2353 宏碁|電腦及週|-46 -34 -17|91 98 3 14|0.8 221
2354 鴻準|其他電子|2 22 29|89 98 12 9|0.8 194
2355 敬鵬|電子零組|-13 -12 -7|79 90 -7 -2|1.3 21
2356 英業達|電腦及週|-6 -12 -17|99 99 9 12|0.5 166
2357 華碩|電腦及週|-37 -25 -21|84 98 8 9|0.5 436
2358 廷鑫|其他|-49 -22 -10|59 90 -1 2|0.3 38
2359 所羅門|其他電子|-42 -2 -33|81 95 7 -6|0.5 46
2360 致茂|其他電子|-8 7 -21|91 91 -2 3|1.8 200
2362 藍天|電腦及週|-15 -27 -9|87 87 -2 -3|1.2 8
2363 矽統|半導體業|-43 -4 17|86 89 10 -10|1.7 36
2364 倫飛|電腦及週|25 35 21|73 73 -9 -16|0.4 90
2367 燿華|電子零組|-17 -15 -47|79 79 1 -12|0.9 72
2368 金像電|電子零組|-17 1 -20|90 90 -6 2|1.9 927
2369 菱生|半導體業|-37 -35 -11|65 94 8 -5|1.8 31
2371 大同|電機機械|30 49 29|91 95 5 -4|0.7 164
2374 佳能|光電業|-20 -10 -62|74 86 -3 -14|1.1 8
2375 凱美|電子零組|-48 -34 -9|61 89 18 -1|1.9 59
2376 技嘉|電腦及週|-42 -12 4|90 98 10 39|0.8 821
2377 微星|電腦及週|-35 -27 -13|93 97 9 20|0.9 370
2379 瑞昱|半導體業|-46 -32 -34|82 99 17 18|1.3 1348
2380 虹光|電腦及週|-51 -22 -24|73 76 -19 -17|0.7 8
2382 廣達|電腦及週|-11 -9 -22|92 99 14 1|0.8 404
2383 台光電|電子零組|-38 -22 -18|70 96 10 16|0.8 361
2385 群光|電子零組|-29 -16 -22|100 100 13 12|0.8 131
2387 精元|電腦及週|-40 -20 -21|94 94 -2 5|0.7 12
2388 威盛|半導體業|-27 10 -19|98 98 28 20|2.5 789
2390 云辰|其他電子|14 16 12|57 79 -4 -14|1.3 7
2392 正崴|電子零組|10 -2 -15|98 98 12 6|0.6 58
2393 億光|光電業|-24 -23 -1|79 98 4 -2|1.4 39
2395 研華|電腦及週|5 6 -10|93 97 15 9|0.8 244
2399 映泰|電腦及週|-21 -39 -19|71 97 15 5|2.5 20
2401 凌陽|半導體業|-52 -47 -28|75 97 8 -3|1.7 62
2402 毅嘉|電子零組|2 19 1|96 96 4 21|0.6 38
2404 漢唐|其他電子|113 139 42|100 100 30 41|1.1 256
2405 輔信|電腦及週|8 -9 -6|78 78 -0 -20|0.9 18
2406 國碩|光電業|-44 -39 -20|73 87 8 -14|0.4 21
2408 南亞科|半導體業|-67 -65 -26|75 96 0 9|0.7 393
2409 友達|光電業|-43 -43 -7|83 95 14 9|1.6 1006
2412 中華電|通信網路|2 0 -3|90 94 6 -5|0.8 1012
2413 環科|電子零組|-10 24 3|91 91 -2 32|0.7 66
2415 錩新|電子零組|-36 -36 -38|68 86 9 -5|1.0 6
2417 圓剛|電腦及週|-42 -22 -5|71 96 8 1|0.4 7
2419 仲琦|通信網路|39 53 16|89 92 8 -9|0.7 48
2420 新巨|電子零組|-15 -10 -9|100 100 9 4|1.6 5
2421 建準|電子零組|-30 -15 -17|90 90 -3 2|0.5 29
2425 承啟|電腦及週|-35 -27 -21|96 96 29 31|1.7 94
2426 鼎元|光電業|-26 -32 -8|67 95 2 -4|2.0 5
2428 興勤|電子零組|-21 -9 -7|94 94 22 4|0.7 71
2430 燦坤|電子通路|-14 -10 -7|87 100 17 2|2.5 10
2436 偉詮電|半導體業|-53 -38 -15|56 91 13 -9|1.4 103
2439 美律|通信網路|13 -11 -14|92 92 -2 6|1.0 40
2441 超豐|半導體業|-50 -43 -21|76 88 10 -12|0.4 52
2444 兆勁|通信網路|-17 13 8|81 81 32 23|0.7 36
2449 京元電子|半導體業|-17 -12 -20|97 100 18 11|1.2 186
2451 創見|半導體業|-35 -30 -12|100 100 7 6|1.2 20
2453 凌群|資訊服務|0 0 -1|100 100 85 68|1.4 162
2454 聯發科|半導體業|-49 -28 -35|70 96 0 8|0.9 4573
2455 全新|通信網路|-61 -48 -15|74 95 23 15|0.6 349
2457 飛宏|電子零組|-33 -13 -23|94 96 23 17|3.7 202
2458 義隆|半導體業|-39 -49 -17|69 98 26 9|1.7 210
2462 良得電|電子零組|-49 -29 -23|85 97 28 10|2.1 29
2464 盟立|其他電子|-14 -5 -13|96 96 4 -3|0.9 7
2465 麗臺|電腦及週|-72 -51 -9|65 94 11 23|0.4 76
2468 華經|資訊服務|-22 -2 -9|84 84 -14 27|0.5 79
2471 資通|資訊服務|8 -7 -17|96 96 49 43|3.8 66
2472 立隆電|電子零組|-34 -20 -21|96 97 14 11|3.5 44
2474 可成|其他電子|-58 -38 -6|97 97 1 8|0.8 383
2476 鉅祥|電子零組|-24 -5 -8|83 83 6 -11|2.3 42
2478 大毅|電子零組|-36 -30 -8|85 97 9 8|1.7 8
2480 敦陽科|資訊服務|4 -3 -7|100 100 17 11|2.1 17
2481 強茂|半導體業|-36 -25 -16|65 93 11 -5|0.6 252
2482 連宇|其他電子|173 158 83|94 94 101 81|1.1 187
2483 百容|電子零組|-28 -22 -24|82 82 9 5|1.2 6
2484 希華|電子零組|-19 -14 -13|93 93 9 -5|1.6 160
2485 兆赫|通信網路|-8 16 10|91 91 3 0|1.2 11
2486 一詮|光電業|-30 -25 -10|48 91 25 -8|0.4 46
2489 瑞軒|光電業|-35 -38 -12|71 91 7 -8|1.1 13
2492 華新科|電子零組|-28 -21 -4|67 99 18 7|1.3 348
2493 揚博|電子零組|-7 -1 -17|100 100 22 22|2.0 12
2495 普安|電腦及週|37 24 0|79 79 -5 11|0.4 28
2497 怡利電|汽車工業|-2 17 -24|65 83 4 -3|0.4 141
2498 宏達電|通信網路|-40 -22 -8|95 95 24 7|1.2 2304
2501 國建|建材營造|188 119 24|93 100 15 1|0.7 8
2504 國產|建材營造|-27 -12 -8|91 100 11 9|1.8 44
2511 太子|建材營造|-67 -57 -55|85 95 10 -4|0.7 8
2520 冠德|建材營造|-51 15 7|81 97 5 4|0.6 15
2530 華建|建材營造|-89 -8 -21603|91 91 -7 21|0.7 10
2534 宏盛|建材營造|59 185 110|90 90 -9 -9|1.5 23
2535 達欣工|建材營造|-20 -4 -22|95 99 7 4|1.4 9
2538 基泰|建材營造|17 27 -21|90 91 7 -9|1.0 6
2539 櫻花建|建材營造|na na na|100 100 9 15|0.9 9
2540 愛山林|建材營造|-40 -35 -19|79 79 3 6|0.3 7
2542 興富發|建材營造|-44 46 84|94 94 -4 6|0.4 86
2545 皇翔|建材營造|-66 -68 -81|82 96 8 -3|1.4 11
2546 根基|建材營造|48 66 25|99 99 16 11|1.1 6
2548 華固|建材營造|-28 -74 -1908|99 99 7 -1|1.2 29
2597 潤弘|建材營造|-23 -1 -17|89 95 17 35|0.5 9
2601 益航|航運業|-15 -25 -15|78 99 23 3|4.0 15
2603 長榮|航運業|-54 -42 -69|49 69 6 -30|1.3 3106
2605 新興|航運業|28 10 13|81 100 39 12|3.4 48
2606 裕民|航運業|-15 -22 -20|94 100 46 53|1.7 192
2607 榮運|航運業|-29 -9 -124|68 80 2 -9|0.8 86
2608 嘉里大榮|航運業|-23 -13 -8|82 91 5 -9|0.8 9
2609 陽明|航運業|-64 -54 -63|61 77 5 -23|1.0 1645
2610 華航|航運業|5 -10 -20|66 89 20 -3|1.2 772
2611 志信|航運業|-59 -54 -44|65 86 18 -14|3.5 9
2612 中航|航運業|-6 -1 -24|80 95 24 8|1.8 16
2613 中櫃|航運業|-15 -11 -12|58 80 14 -8|1.7 6
2614 東森|其他|-6 -1 -6|63 93 13 -7|0.3 57
2615 萬海|航運業|-71 -55 -66|51 85 15 -14|1.0 775
2617 台航|航運業|15 19 0|83 100 20 5|2.6 26
2618 長榮航|航運業|42 24 -10|77 81 10 -11|1.3 1233
2633 台灣高鐵|航運業|47 28 -48|100 100 5 2|1.0 81
2634 漢翔|航運業|53 31 -1|98 98 25 8|1.1 503
2636 台驊控股|航運業|-70 -65 -45|54 90 3 -10|0.6 45
2637 慧洋-KY|航運業|-31 -25 -52|66 100 21 9|1.4 183
2640 大車隊|數位雲端|-4 8 -14|98 98 31 31|2.3 12
2641 正德|航運業|-34 -24 -44|73 97 12 -2|2.5 24
2642 宅配通|航運業|-17 -7 -5|58 85 12 -15|0.3 7
2702 華園|觀光餐旅|68 42 -23|93 93 26 -1|4.0 21
2705 六福|觀光餐旅|46 15 -79|94 98 15 13|7.3 5
2707 晶華|觀光餐旅|31 21 -0|100 100 63 87|2.9 432
2723 美食-KY|觀光餐旅|6 3 5|94 94 38 61|1.0 278
2727 王品|觀光餐旅|27 7 -4|100 100 77 129|2.9 1156
2729 瓦城|觀光餐旅|67 26 8|98 98 27 31|2.8 82
2731 雄獅|觀光餐旅|591 314 106|93 93 36 44|1.6 636
2732 六角|觀光餐旅|-1 -4 -7|100 100 37 69|1.8 307
2734 易飛網|觀光餐旅|877 418 168|89 95 40 8|3.9 7
2736 富野|觀光餐旅|36 4 -104|95 99 31 13|4.2 35
2739 寒舍|觀光餐旅|48 47 -39|100 100 100 106|6.2 5
2743 山富|觀光餐旅|1339 876 106|88 88 18 16|1.0 106
2745 五福|觀光餐旅|1642 966 548|73 83 27 7|2.3 7
2748 雲品|觀光餐旅|33 30 -55|93 93 95 120|3.8 553
2752 豆府|觀光餐旅|66 33 -28|99 99 42 53|0.9 14
2753 八方雲集|觀光餐旅|6 9 -5|98 98 22 49|1.6 531
2754 亞洲藏壽司|觀光餐旅|62 30 -184|95 95 44 123|0.4 92
2801 彰銀|金融保險|32 31 10|92 99 2 -1|0.7 86
2809 京城銀|金融保險|115 38 74|88 93 -1 -6|0.4 38
2812 台中銀|金融保險|28 13 1|92 100 8 2|2.0 98
2820 華票|金融保險|-11 -40 -1|92 94 7 -5|0.8 7
2834 臺企銀|金融保險|35 25 5|100 100 13 13|1.2 269
2838 聯邦銀|金融保險|24 10 11|97 97 2 0|0.8 14
2845 遠東銀|金融保險|6 43 32|99 100 10 7|1.3 53
2850 新產|金融保險|3 1 -2|87 87 8 -11|0.7 9
2851 中再保|金融保險|-7 0 -4|64 90 6 -10|0.6 36
2852 第一保|金融保險|5 2 -4|100 100 11 14|1.2 5
2855 統一證|金融保險|2774 907 688|83 99 10 0|0.7 12
2880 華南金|金融保險|13 1 -5|97 97 5 -1|0.9 172
2881 富邦金|金融保險|-74 -121 -62|86 98 8 8|0.8 742
2882 國泰金|金融保險|-42 -71 -24|73 95 5 -5|0.8 950
2883 凱基金|金融保險|-59 -98 -44|72 96 1 -3|1.0 319
2884 玉山金|金融保險|25 7 11|77 88 5 -10|2.6 722
2885 元大金|金融保險|-15 -25 -4|92 99 8 12|0.7 238
2886 兆豐金|金融保險|56 19 20|79 93 9 -6|0.9 480
2887 台新新光金|金融保險|10 2 -6|85 99 13 5|1.0 184
2889 國票金|金融保險|-10 -35 2|81 95 14 -3|0.5 65
2890 永豐金|金融保險|-6 -7 -9|94 94 3 -0|0.6 286
2891 中信金|金融保險|-66 -90 -62|78 95 6 -4|0.6 545
2892 第一金|金融保險|26 8 -2|95 99 6 1|1.4 427
2903 遠百|貿易百貨|10 2 -3|100 100 15 11|2.0 28
2905 三商|貿易百貨|53 -59 -87|81 97 15 -2|1.7 7
2906 高林|貿易百貨|-20 -13 -20|66 91 5 -1|2.7 21
2912 統一超|貿易百貨|12 11 0|93 93 1 -2|1.1 279
2913 農林|貿易百貨|-6 -6 -11|92 92 -1 10|0.9 12
2915 潤泰全|貿易百貨|-27 -10 -12|61 95 5 7|0.4 140
2916 滿心|居家生活|49 18 -48|100 100 34 35|0.8 7
2929 淘帝-KY|貿易百貨|-13 -16 -3|78 78 33 27|0.5 60
3003 健和興|電子零組|-23 -20 -19|81 83 -0 -17|1.1 25
3004 豐達科|鋼鐵工業|46 60 5|100 100 33 40|0.8 22
3005 神基|電腦及週|-3 3 -6|88 100 20 4|1.2 56
3006 晶豪科|半導體業|-54 -55 -20|49 94 5 -4|1.2 399
3008 大立光|光電業|-13 -1 -3|95 95 -3 13|0.6 968
3010 華立|電子通路|-35 -22 -22|85 94 3 -6|1.3 20
3011 今皓|電子零組|-52 -47 -38|84 97 27 10|3.9 19
3013 晟銘電|電腦及週|-1 23 -0|93 93 34 25|1.0 119
3014 聯陽|半導體業|-24 -27 2|85 100 27 26|1.8 80
3016 嘉晶|半導體業|-21 -6 -19|61 83 -3 -17|0.8 47
3017 奇鋐|電腦及週|-35 1 -14|96 96 18 9|1.3 608
3019 亞光|光電業|-33 -27 -15|79 97 1 -1|1.0 52
3022 威強電|電腦及週|8 25 -4|94 94 22 13|1.3 211
3023 信邦|電子零組|17 21 0|95 95 8 7|1.2 198
3024 憶聲|光電業|-0 -15 -16|98 98 4 -2|1.6 9
3025 星通|通信網路|-61 -62 -44|81 81 -11 1|0.7 8
3026 禾伸堂|電子零組|-37 -18 -7|87 99 7 7|0.9 19
3027 盛達|通信網路|-48 3 -3|99 99 68 111|1.6 548
3028 增你強|電子通路|-54 -32 -23|82 99 8 1|0.9 8
3029 零壹|資訊服務|37 15 9|100 100 24 16|4.0 85
3030 德律|其他電子|-64 -25 -37|92 95 -3 6|1.3 24
3033 威健|電子通路|-30 -16 -12|91 100 4 3|1.1 22
3034 聯詠|半導體業|-41 -37 -15|96 96 37 51|1.1 2866
3035 智原|半導體業|2 13 -48|59 93 13 -5|1.7 3195
3036 文曄|電子通路|2 6 -20|77 96 8 0|1.3 75
3037 欣興|電子零組|-6 7 -25|52 77 -18 -17|0.9 3408
3038 全台|光電業|-10 -0 -9|97 97 8 -3|1.5 13
3041 揚智|半導體業|-58 -31 -23|63 86 7 -15|0.9 22
3042 晶技|電子零組|-36 -21 -6|91 95 6 -1|0.9 98
3044 健鼎|電子零組|-28 -18 -19|84 100 10 3|0.7 97
3045 台灣大|通信網路|5 10 1|91 97 5 -3|0.9 220
3046 建碁|電腦及週|50 18 -17|85 85 -7 64|0.9 92
3047 訊舟|通信網路|-23 -7 -17|81 82 -7 -18|0.4 34
3048 益登|電子通路|-27 -15 -22|84 97 3 -3|1.8 13
3049 精金|光電業|-65 -44 -5|73 93 9 -7|3.3 16
3050 鈺德|光電業|-3 8 -1|93 98 7 6|0.3 6
3051 力特|光電業|-50 -27 -15|67 85 -3 -12|1.1 12
3055 蔚華科|電子通路|12 -50 2|100 100 24 22|2.7 14
3056 富華新|建材營造|72 765 -7785|90 99 1 4|1.3 17
3059 華晶科|光電業|-34 5 -43|72 90 -6 -8|0.5 51
3062 建漢|通信網路|-20 53 4|77 79 4 -16|0.8 55
3078 僑威|電子零組|-31 -24 11|90 96 23 2|3.2 15
3081 聯亞|通信網路|-21 55 15|71 73 26 -27|1.1 313
3083 網龍|文化創意|26 5 -4|85 89 -0 2|0.3 20
3088 艾訊|電腦及週|-24 5 -19|98 98 23 17|5.4 30
3090 日電貿|電子零組|-24 -10 -7|100 100 9 11|1.1 22
3092 鴻碩|電子零組|-48 -44 -55|54 81 9 -17|0.9 15
3093 港建*|其他電子|-29 -7 -29|77 100 30 17|1.4 20
3094 聯傑|半導體業|-23 -9 -15|91 95 30 11|6.2 34
3105 穩懋|半導體業|-55 -52 -20|56 88 11 1|0.8 1094
3122 笙泉|半導體業|-76 -64 -26|44 82 1 -18|1.1 9
3128 昇銳|光電業|48 -3 -29|85 85 -1 98|0.5 129
3131 弘塑|半導體業|-26 -17 -16|81 89 11 3|1.6 20
3138 耀登|通信網路|32 31 8|81 95 18 18|1.6 69
3141 晶宏|半導體業|-26 -37 -32|57 82 22 -17|1.4 593
3147 大綜|資訊服務|-12 -26 -1|98 100 9 -2|3.3 14
3149 正達|光電業|-47 -26 -16|69 82 -9 -7|0.6 8
3152 璟德|通信網路|-31 -27 19|82 98 30 26|2.0 57
3162 精確|電機機械|46 100 15|93 93 23 10|1.0 198
3163 波若威|通信網路|-13 4 -35|88 88 -0 -11|1.2 94
3169 亞信|半導體業|-51 -36 -36|51 90 8 -10|1.3 76
3176 基亞|生技醫療|-78 -85 -58|57 70 -10 -23|0.8 6
3178 公準|半導體業|-36 -1 -6|94 95 12 -6|0.6 11
3189 景碩|半導體業|-37 -21 -36|49 78 -7 -16|0.5 683
3205 佰研|生技醫療|-31 -18 -5|57 57 -9 -35|0.4 21
3207 耀勝|電子零組|22 30 1|98 98 38 44|1.0 406
3209 全科|電子通路|12 42 12|100 100 27 15|2.5 106
3211 順達|電腦及週|-6 -6 -0|78 100 13 3|1.8 18
3217 優群|電子零組|-19 -24 -13|87 94 13 26|2.0 94
3218 大學光|生技醫療|7 24 -6|93 93 31 -4|0.6 184
3221 台嘉碩|通信網路|-32 -22 -35|73 81 9 -17|0.9 18
3224 三顧|電子通路|-32 -42 -36|78 87 12 -2|4.3 49
3227 原相|半導體業|-37 -35 6|85 98 19 21|1.0 71
3228 金麗科|半導體業|-75 -52 -22|44 52 -1 -40|1.1 389
3231 緯創|電腦及週|-18 -5 -18|100 100 21 19|1.1 289
3234 光環|通信網路|-54 -45 -17|80 80 2 -18|0.7 10
3236 千如|電子零組|-16 2 -17|93 93 -1 8|0.3 7
3252 海灣|觀光餐旅|-23 -30 -67|79 84 20 -14|2.5 7
3260 威剛|半導體業|-34 -30 -15|73 95 5 9|1.1 134
3264 欣銓|半導體業|11 17 -4|99 99 12 22|1.4 267
3265 台星科|半導體業|-9 -3 -30|95 100 6 2|0.7 54
3272 東碩|電腦及週|-10 46 -8|73 73 -27 40|0.3 22
3289 宜特|其他電子|17 13 -5|93 93 3 35|0.4 305
3290 東浦|電子零組|-18 -5 -10|100 100 15 32|3.5 60
3293 鈊象|文化創意|20 18 12|96 96 29 30|0.6 613
3296 勝德|電子零組|-39 -22 -1|92 92 2 1|1.7 15
3305 昇貿|其他電子|-49 -40 -43|63 89 23 -11|0.7 44
3310 佳穎|電子零組|-19 -1 -19|100 100 44 30|1.5 9
3317 尼克森|半導體業|-31 -26 -15|78 89 7 -10|0.6 25
3322 建舜電|電子零組|-49 -48 -14|82 91 -6 -1|1.7 14
3323 加百裕|電腦及週|-56 -44 -24|90 95 3 -1|1.2 5
3324 雙鴻|其他電子|-38 -26 -21|65 94 6 3|1.1 217
3338 泰碩|電子零組|-46 -40 -28|64 85 5 -15|1.9 9
3346 麗清|汽車工業|-11 11 -11|89 89 21 -2|1.3 41
3356 奇偶|光電業|19 7 0|81 81 -11 36|0.3 56
3357 臺慶科|電子零組|-25 -21 -5|97 97 43 24|2.8 33
3362 先進光|光電業|-36 -32 -30|95 95 6 13|2.2 117
3374 精材|半導體業|-12 -7 -13|71 78 -1 -20|0.6 152
3376 新日興|電子零組|-49 -37 -33|94 94 7 1|2.3 36
3380 明泰|通信網路|11 38 13|93 93 10 4|1.2 33
3402 漢科|其他電子|-21 -2 -39|95 99 3 -1|1.7 6
3406 玉晶光|光電業|3 -5 -22|81 86 0 -4|0.9 687
3413 京鼎|半導體業|4 15 -5|91 95 10 0|1.1 102
3416 融程電|電腦及週|7 13 5|100 100 15 24|7.4 7
3419 譁裕|通信網路|7 47 19|84 91 -3 3|1.5 14
3430 奇鈦科|化學工業|-42 -22 na|na na -2 na|1.4 6
3432 台端|電子零組|-59 -60 -22|67 67 -17 -21|2.0 9
3438 類比科|半導體業|-50 -49 -13|80 94 10 11|0.8 23
3441 聯一光電|光電業|-43 -39 -33|85 85 -6 3|0.7 20
3443 創意|半導體業|27 61 3|100 100 58 98|1.0 8008
3444 利機|電子通路|-39 -25 -9|79 79 9 14|0.6 46
3450 聯鈞|半導體業|-33 -22 -13|80 87 6 -15|0.7 11
3454 晶睿|光電業|59 103 15|94 94 32 113|0.6 1668
3455 由田|光電業|-0 7 -6|93 99 6 7|1.8 45
3466 德晉|通信網路|22 84 65|81 81 1 -1|0.6 18
3479 安勤|電腦及週|6 37 -18|91 91 41 30|0.6 316
3481 群創|光電業|-48 -42 -3|90 98 20 26|2.6 995
3483 力致|電腦及週|-17 -30 -28|74 97 17 1|1.0 52
3484 崧騰|電子零組|-56 -42 -24|60 82 7 -16|1.8 8
3491 昇達科|通信網路|-21 -21 -25|79 83 19 -15|1.8 164
3494 誠研|電腦及週|4 -6 -26|71 78 27 -25|0.9 11
3498 陽程|其他電子|-45 61 29|85 85 12 21|0.4 8
3499 環天科|通信網路|-51 -43 -16|79 86 -11 -6|1.1 6
3501 維熹|電子零組|-21 -11 -20|98 98 4 13|1.1 6
3504 揚明光|光電業|-43 -39 -39|73 73 -8 -10|0.8 77
3508 位速|其他電子|-38 -36 -29|80 97 22 -1|1.2 37
3511 矽瑪|電子零組|-34 -12 -67|84 84 -8 2|1.5 11
3515 華擎|電腦及週|-36 -23 -5|75 94 22 53|1.1 171
3520 華盈|電子零組|-55 16 -31|84 85 -2 -15|2.7 11
3521 台鋼建設|建材營造|16 -24 -22|79 79 -6 13|0.6 12
3526 凡甲|電子零組|-45 -35 -19|72 84 9 -10|1.0 39
3527 聚積|半導體業|-41 -34 -14|65 94 13 -4|2.1 33
3528 安馳|電子通路|27 15 8|97 97 9 7|2.1 7
3529 力旺|半導體業|-9 34 -5|98 100 24 30|1.0 1252
3530 晶相光|半導體業|-29 -40 7|71 93 13 -3|1.6 15
3532 台勝科|半導體業|-9 21 -12|41 83 -9 -17|0.7 173
3533 嘉澤|電子零組|-31 -4 -27|94 94 -1 12|1.1 568
3535 晶彩科|光電業|-52 -55 -86|67 87 -4 -7|1.6 14
3537 堡達|電子零組|-54 -31 -9|99 99 13 10|1.7 10
3540 曜越|電腦及週|20 27 41|88 97 47 23|2.8 16
3545 敦泰|半導體業|-45 -40 3|55 93 10 -8|1.7 284
3546 宇峻|文化創意|-5 -8 -1|93 97 1 5|0.5 9
3548 兆利|電子零組|-59 -47 -35|89 97 12 1|2.7 41
3552 同致|其他電子|-51 -17 -27|78 78 1 -14|0.7 195
3556 禾瑞亞|半導體業|-47 -40 -25|80 99 14 -0|2.0 8
3558 神準|通信網路|46 97 20|92 92 38 29|1.3 1755
3563 牧德|光電業|-20 -19 6|79 97 30 8|4.7 26
3564 其陽|通信網路|42 3 -31|95 95 36 21|2.6 22
3576 聯合再生|光電業|2 22 -10|85 88 -3 -8|0.7 91
3577 泓格|電腦及週|-32 -13 -32|89 89 20 13|0.8 8
3580 友威科|其他電子|-69 -12 -39|77 77 -6 -11|0.4 22
3583 辛耘|半導體業|9 5 -19|83 90 5 -9|1.2 25
3587 閎康|其他電子|20 20 2|97 97 30 45|0.3 184
3588 通嘉|半導體業|-67 -57 -29|47 92 4 -6|0.6 39
3591 艾笛森|光電業|-14 -13 -1|97 97 45 24|1.7 25
3592 瑞鼎|半導體業|-56 -43 -30|73 99 34 47|1.5 345
3594 磐儀|電腦及週|1 20 3|100 100 73 54|5.0 153
3596 智易|通信網路|10 29 5|79 92 9 -7|0.9 107
3605 宏致|電子零組|-37 -25 -19|65 91 12 -8|0.9 8
3611 鼎翰|電腦及週|10 13 -3|100 100 14 9|2.6 10
3617 碩天|其他電子|39 33 1|97 97 13 23|2.1 168
3624 光頡|電子零組|-35 -30 -29|62 98 24 5|1.5 398
3630 新鉅科|光電業|-55 -44 -5|78 83 -11 -4|0.6 7
3645 達邁|電子零組|-64 -55 -28|57 86 10 -15|0.6 7
3653 健策|電子零組|4 26 -7|100 100 11 11|1.4 597
3661 世芯-KY|半導體業|87 100 60|78 94 6 14|1.2 5030
3665 貿聯-KY|其他電子|27 48 -39|81 81 15 -7|1.0 659
3669 圓展|通信網路|-39 -21 -3|78 88 8 -4|0.3 6
3673 TPK-KY|光電業|-29 -22 -17|88 91 11 -7|5.3 22
3675 德微|半導體業|-24 -13 -16|74 92 41 12|1.6 795
3680 家登|半導體業|-7 19 -29|98 98 26 4|0.7 560
3687 歐買尬|數位雲端|-8 -2 -6|45 89 -2 -12|0.2 27
3689 湧德|電子零組|-41 -15 -14|70 89 7 -10|1.1 6
3691 碩禾|光電業|-45 -51 -26|61 73 0 -24|0.7 30
3693 營邦|電腦及週|84 128 61|93 93 66 100|1.2 428
3701 大眾控|電腦及週|-32 1 -20|60 83 15 -16|0.6 38
3702 大聯大|電子通路|-36 -23 -20|90 94 7 -2|0.6 150
3703 欣陸|建材營造|-23 -28 -52|95 95 9 5|1.3 37
3704 合勤控|通信網路|24 32 11|97 97 23 29|0.7 245
3705 永信|生技醫療|-18 -19 -12|86 86 7 4|0.2 32
3706 神達|電腦及週|-36 4 -9|98 99 9 11|1.0 73
3707 漢磊|半導體業|-12 -1 -20|68 80 -7 -20|0.8 271
3708 上緯投控|綠能環保|-50 -28 -18|76 97 11 4|1.1 253
3710 連展投控|電子零組|-51 -31 -15|70 70 4 -18|1.0 40
3711 日月光投控|半導體業|-7 -6 -23|100 100 13 23|0.9 1276
3712 永崴投控|電腦及週|31 -6 -32|94 100 21 7|0.7 22
3714 富采|光電業|-58 -49 -25|55 95 8 -5|0.8 138
3715 定穎投控|電子零組|na na na|na 86 3 -13|1.3 12
4102 永日|生技醫療|-22 22 5|68 68 -15 40|0.2 36
4104 佳醫|生技醫療|6 9 0|98 98 23 22|1.8 40
4105 東洋|生技醫療|-2 10 -2|93 93 -5 2|0.2 56
4106 雃博|生技醫療|22 23 8|76 92 27 15|0.3 25
4107 邦特|生技醫療|-11 4 -5|93 93 4 4|1.3 29
4111 濟生|生技醫療|-11 1 -8|91 91 7 12|0.3 8
4113 聯上|建材營造|-66 -89 -9|100 100 17 12|1.0 7
4114 健喬|生技醫療|11 27 -7|90 90 29 24|0.5 742
4116 明基醫|生技醫療|8 51 -48|73 83 -0 -16|0.3 25
4119 旭富|生技醫療|43 64 36|94 94 21 23|2.1 31
4121 優盛|生技醫療|-7 1 -9|82 93 19 1|0.5 15
4123 晟德|生技醫療|62 73 4|85 90 7 -8|0.7 42
4126 太醫|生技醫療|12 25 12|97 97 13 15|1.3 20
4128 中天|生技醫療|-13 -4 0|82 82 -3 -8|0.8 260
4129 聯合|生技醫療|16 25 0|94 94 34 62|1.0 38
4130 健亞|生技醫療|15 -0 -6|73 73 20 6|0.2 46
4133 亞諾法|生技醫療|-25 -12 -6|47 81 -2 -8|0.3 15
4137 麗豐-KY|生技醫療|-54 -42 -18|90 90 30 23|1.0 127
4142 國光生|生技醫療|1164 468 -21|91 98 9 2|0.9 98
4147 中裕|生技醫療|86 344 252|100 100 24 33|3.1 46
4148 全宇生技-KY|生技醫療|39 35 -38|73 91 11 1|1.5 23
4153 鈺緯|生技醫療|7 48 16|91 91 44 40|1.6 20
4155 訊映|生技醫療|0 0 -20|96 96 27 38|0.8 83
4157 太景*-KY|生技醫療|59 3035 2159|74 79 0 -16|0.3 18
4162 智擎|生技醫療|-1 -11 -22|78 78 -18 -9|0.3 434
4163 鐿鈦|生技醫療|47 40 15|96 96 38 46|0.9 96
4164 承業醫|生技醫療|-2 -4 -35|98 98 40 36|3.2 184
4167 松瑞藥|生技醫療|-15 -27 -6|73 73 13 10|0.2 86
4168 醣聯|生技醫療|na na na|76 76 -3 15|1.6 36
4171 瑞基|農業科技|-82 -72 -34|41 76 14 -20|0.2 36
4174 浩鼎|生技醫療|na na na|65 94 11 -2|1.5 52
4175 杏一|生技醫療|0 5 -5|83 95 9 4|1.0 10
4190 佐登-KY|生技醫療|0 3 -0|97 97 21 15|1.6 16
4306 炎洲|塑膠工業|-42 -34 -16|97 98 3 4|1.1 6
4426 利勤|紡織纖維|15 131 -29|78 79 9 -20|0.5 9
4438 廣越|紡織纖維|-12 -1 -58|84 84 0 -7|0.7 19
4503 金雨|電機機械|22 19 -23|95 95 28 13|2.6 57
4523 永彰|電機機械|-46 -28 -10|90 90 59 57|0.7 9
4533 協易機|電機機械|31 -5 -6|100 100 12 10|1.8 6
4536 拓凱|運動休閒|30 18 -12|99 99 32 25|2.7 319
4540 全球傳動|電機機械|-27 -12 -9|87 89 14 -9|2.0 5
4541 晟田|其他|-35 0 -22|87 87 15 2|1.1 18
4551 智伸科|汽車工業|-36 -11 -12|85 85 -5 -7|0.8 34
4564 元翎|電機機械|-36 -38 -12|71 85 12 -3|4.7 14
4566 時碩工業|電機機械|-9 6 -11|89 89 5 -2|1.0 24
4572 駐龍|電機機械|70 69 9|97 97 19 14|0.6 40
4576 大銀微系統|電機機械|-46 -25 -21|68 84 15 -14|1.4 9
4583 台灣精銳|電機機械|-38 -6 na|na 94 9 -0|1.1 6
4584 君帆|電機機械|-44 -10 na|na na 27 na|4.0 8
4721 美琪瑪|化學工業|-43 -32 -65|73 80 6 -18|0.7 90
4726 永昕|生技醫療|5 24 -0|77 77 7 -9|0.6 31
4728 雙美|生技醫療|-53 173 103|74 74 -8 -21|1.0 5
4736 泰博|生技醫療|-8 -7 -64|68 85 0 -11|0.6 94
4739 康普|化學工業|-32 -24 -44|63 76 6 -22|0.8 123
4743 合一|生技醫療|-19 -9 -990|88 88 -4 1|0.9 2239
4744 皇將|生技醫療|-33 -29 -14|91 91 21 14|1.5 31
4746 台耀|生技醫療|-6 7 -13|91 91 25 21|0.6 274
4747 強生製藥|生技醫療|24 31 8|91 91 73 67|0.6 98
4755 三福化|化學工業|-39 -30 -46|60 82 15 -19|0.5 65
4763 材料*-KY|化學工業|58 53 -7|95 95 119 193|1.4 2569
4766 南寶|化學工業|-27 -3 -25|95 95 3 -3|0.9 9
4768 晶呈科技|化學工業|47 54 na|na 82 -6 9|1.3 262
4770 上品|化學工業|20 29 -36|89 89 20 -3|1.3 550
4904 遠傳|通信網路|-3 -1 -5|82 92 5 -8|1.0 291
4906 正文|通信網路|1 31 8|86 86 -2 -12|0.7 35
4908 前鼎|通信網路|-43 -17 -27|77 77 4 -20|0.9 6
4911 德英|生技醫療|615 559 273|94 94 26 16|2.3 9
4915 致伸|電子零組|-31 -16 -27|84 86 6 -11|0.9 207
4916 事欣科|電腦及週|51 91 54|97 97 33 14|1.0 30
4919 新唐|半導體業|-32 -15 -13|79 96 25 16|1.3 1533
4923 力士|半導體業|-42 -27 -24|na 100 26 4|3.2 5
4927 泰鼎-KY|電子零組|-28 -24 -22|61 94 13 4|1.7 56
4931 新盛力|電腦及週|-14 2 -89|84 84 -12 11|0.7 216
4934 太極|光電業|31 69 13|81 94 5 -6|1.6 46
4935 茂林-KY|光電業|-59 -40 -25|83 91 -9 -1|1.0 6
4938 和碩|電腦及週|1 -18 -26|99 99 14 7|0.6 180
4942 嘉彰|光電業|-36 -35 -23|81 98 5 1|1.9 7
4950 金耘國際|鋼鐵工業|-72 -88 -30|73 84 -5 -17|0.7 17
4951 精拓科|半導體業|-43 -37 na|na na 14 na|2.4 7
4952 凌通|半導體業|-60 -50 -35|71 94 15 -6|2.6 22
4953 緯致|資訊服務|9 15 -12|100 100 28 27|2.5 36
4958 臻鼎-KY|電子零組|19 -8 -23|88 88 -6 -2|0.6 252
4960 誠美材|光電業|-42 -32 -14|97 97 26 14|3.4 86
4961 天鈺|半導體業|-44 -34 -19|86 92 39 33|2.0 1004
4966 譜瑞-KY|半導體業|-41 -43 -41|48 96 24 7|1.2 1135
4967 十銓|半導體業|-24 -13 -0|87 100 67 39|8.1 17
4968 立積|半導體業|-20 -9 16|61 93 19 -9|2.0 618
4974 亞泰|電子零組|-13 9 1|99 99 17 19|0.6 38
4976 佳凌|光電業|-7 -22 3|65 83 6 -13|1.4 19
4977 眾達-KY|通信網路|77 84 51|91 91 21 -3|1.4 693
4979 華星光|通信網路|236 166 87|87 87 29 16|1.3 846
5009 榮剛|鋼鐵工業|18 24 -17|100 100 39 55|1.3 547
5011 久陽|鋼鐵工業|-24 7 -22|63 96 9 -4|1.3 12
5014 建錩|鋼鐵工業|-39 -29 -33|78 93 11 2|0.3 20
5015 華祺|鋼鐵工業|-56 -35 -40|78 78 -15 1|0.4 18
5203 訊連|資訊服務|18 15 5|83 93 8 -10|1.0 52
5222 全訊|半導體業|-8 30 16|85 93 14 10|2.9 125
5225 東科-KY|其他電子|-31 -0 -36|94 94 1 62|1.3 14
5227 立凱-KY|電子零組|-7 65 -66|83 91 -1 36|1.1 43
5234 達興材料|光電業|-23 -22 -6|67 98 18 12|1.6 19
5236 凌陽創新|半導體業|-46 -38 -2|69 100 31 11|3.4 14
5243 乙盛-KY|光電業|-2 6 -11|89 94 8 -8|1.2 68
5245 智晶|光電業|-32 -27 -23|68 76 -7 -24|0.5 5
5251 天鉞電|光電業|-7 83 19|84 84 -9 18|0.3 15
5258 虹堡|電腦及週|10 40 -25|97 97 31 16|3.2 1106
5263 智崴|文化創意|8 26 19|89 89 12 13|0.5 75
5269 祥碩|半導體業|-40 -20 -6|51 98 34 3|1.3 1034
5274 信驊|半導體業|-43 0 -36|94 100 30 42|1.6 1683
5283 禾聯碩|電器電纜|-50 -20 -22|98 100 11 5|1.9 11
5284 jpp-KY|其他|49 49 13|97 97 58 84|0.8 242
5285 界霖|半導體業|-25 -19 -16|78 89 22 -10|1.1 74
5287 數字|數位雲端|4 7 -8|90 99 7 0|1.2 6
5288 豐祥-KY|電機機械|-19 14 -23|94 94 6 12|0.5 10
5289 宜鼎|電腦及週|-19 -13 -12|100 100 24 28|2.7 42
5299 杰力|半導體業|-51 -49 -31|73 97 20 -0|0.7 40
5306 桂盟|運動休閒|-45 -39 -27|66 92 4 -3|0.8 20
5309 系統電|電子零組|35 30 -11|89 94 2 2|1.1 176
5315 光聯|光電業|-5 5 9|98 98 19 25|2.9 27
5321 美而快|數位雲端|7 17 2|66 94 28 14|0.6 111
5340 建榮|電子零組|3 6 10|91 91 88 64|2.6 53
5347 世界|半導體業|-23 -30 -45|74 92 11 23|1.1 892
5351 鈺創|半導體業|-70 -68 -46|57 95 17 -3|0.6 301
5353 台林|通信網路|-3 15 -18|78 78 8 -9|2.1 45
5371 中光電|光電業|-36 -32 -30|93 99 17 3|1.6 163
5386 青雲|電腦及週|-73 -56 -66|87 94 6 -2|0.5 6
5388 中磊|通信網路|20 27 -19|80 86 7 -14|0.8 253
5392 能率|光電業|-35 -28 -15|88 95 12 7|2.2 5
5403 中菲|資訊服務|-24 -4 -11|100 100 14 18|3.1 7
5410 國眾|資訊服務|25 47 -45|94 94 -0 38|0.4 18
5425 台半|半導體業|-8 3 -15|98 98 20 4|0.8 1073
5434 崇越|電子通路|0 6 -16|99 99 10 10|1.6 76
5439 高技|電子零組|7 17 21|100 100 40 44|2.9 49
5443 均豪|半導體業|-15 8 6|93 93 5 8|0.5 12
5457 宣德|電子零組|-44 -40 -44|79 84 -5 -8|4.0 29
5464 霖宏|電子零組|-24 -17 1|100 100 36 37|6.2 8
5469 瀚宇博|電子零組|-22 -24 -8|82 97 1 8|1.2 29
5471 松翰|半導體業|-52 -51 -7|67 92 13 -7|0.3 20
5475 德宏|電子零組|-44 -46 16|45 89 10 -10|1.7 8
5478 智冠|文化創意|24 19 23|89 97 6 3|0.8 12
5483 中美晶|半導體業|12 13 -6|86 95 3 -3|0.8 491
5508 永信建|建材營造|-63 -66 -46|86 90 1 -6|1.1 6
5522 遠雄|建材營造|-19 -39 -27|95 96 12 -2|0.4 21
5530 龍巖|其他|-38 -21 -29|79 92 6 -7|0.7 10
5534 長虹|建材營造|-95 16 -478|100 100 7 4|1.0 13
5536 聖暉*|其他電子|-10 18 -21|58 58 25 -37|1.8 81
5607 遠雄港|航運業|-26 -14 -37|88 93 1 4|0.6 20
5608 四維航|航運業|-40 -37 -61|63 95 21 -5|2.4 72
5609 中菲行|航運業|-54 -49 -55|78 96 11 -4|1.9 21
5704 老爺知|觀光餐旅|15 2 -153|97 97 61 113|3.7 39
5706 鳳凰|觀光餐旅|2394 1038 776|99 99 36 18|1.8 182
5871 中租-KY|其他|20 19 -1|90 94 21 5|1.1 745
5876 上海商銀|金融保險|25 27 7|91 94 6 -4|0.7 151
5880 合庫金|金融保險|23 18 18|93 96 2 -2|0.8 190
5903 全家|居家生活|11 10 1|86 98 10 2|0.7 6
5904 寶雅|居家生活|21 15 -0|98 98 22 46|1.7 388
5905 南仁湖|觀光餐旅|51 6 -49|88 97 16 9|3.2 21
5907 大洋-KY|貿易百貨|-18 -33 -14|94 94 28 17|0.3 5
6005 群益證|金融保險|78 11 36|84 98 9 0|1.2 34
6015 宏遠證|金融業|134 -4 -6|73 87 -0 -12|1.1 8
6016 康和證|金融業|858 266 26|83 99 9 -0|1.9 7
6024 群益期|金融保險|-31 1 -12|100 100 10 8|1.2 5
6026 福邦證|金融業|-12 -50 43|66 88 5 -10|2.6 8
6101 寬魚國際|文化創意|40866 13608 9506|97 97 80 80|3.3 14
6104 創惟|半導體業|-68 -53 -51|40 97 31 -2|1.5 1073
6109 亞元|通信網路|-19 -13 -22|92 92 18 13|0.7 26
6111 光聚晶電|文化創意|-49 188 -92|77 84 11 0|0.3 54
6112 邁達特|資訊服務|23 7 3|97 97 20 9|2.6 20
6115 鎰勝|電子零組|-40 -25 -18|100 100 6 4|2.2 5
6116 彩晶|光電業|-55 -42 -4|84 96 12 12|2.3 231
6118 建達|電子通路|-19 -11 -13|84 87 21 -6|1.1 179
6120 達運|光電業|-48 -44 -13|74 100 14 0|2.4 13
6121 新普|電腦及週|-14 -4 -4|98 98 7 8|1.0 137
6122 擎邦|電機機械|20 33 -8|99 99 23 8|0.6 13
6123 上奇|資訊服務|-17 7 -4|100 100 30 28|2.4 18
6125 廣運|電機機械|-6 6 -27|83 83 10 -13|1.9 49
6128 上福|電腦及週|-2 -5 -20|100 100 16 16|2.4 8
6129 普誠|半導體業|-9 11 -6|83 87 14 -15|0.9 125
6133 金橋|電子零組|-7 -11 -43|78 79 -16 -22|0.3 33
6138 茂達|半導體業|-50 -49 -40|59 90 25 2|1.0 347
6139 亞翔|其他電子|-19 4 -44|95 95 26 30|0.7 48
6142 友勁|通信網路|94 63 9|98 98 27 23|1.6 26
6143 振曜|通信網路|11 18 3|98 98 30 50|1.4 326
6146 耕興|其他電子|1 3 -12|99 99 38 14|2.4 137
6147 頎邦|半導體業|-37 -25 -10|100 100 15 18|1.8 122
6150 撼訊|電腦及週|-45 -59 -21|58 99 25 27|0.7 102
6153 嘉聯益|電子零組|-49 -28 -27|81 81 -15 -4|0.4 42
6155 鈞寶|電子零組|-38 -25 -19|100 100 20 16|1.6 7
6160 欣技|電腦及週|35 10 17|97 97 40 4|2.0 6
6163 華電網|資訊服務|8 48 30|85 98 6 -1|0.4 6
6165 浪凡|數位雲端|2 -3 -12|92 96 23 24|4.4 21
6166 凌華|電腦及週|4 10 -9|99 99 23 5|1.6 12
6167 久正|光電業|-28 -20 -33|83 85 0 -14|1.3 5
6168 宏齊|光電業|-28 -27 -8|88 99 21 10|3.8 12
6173 信昌電|電子零組|-37 -37 -4|78 100 22 5|2.1 29
6175 立敦|電子零組|-35 -22 -10|81 97 18 11|1.2 21
6176 瑞儀|光電業|-29 -19 -21|97 97 3 7|0.6 123
6177 達麗|建材營造|-87 -93 -6835|100 100 11 11|1.3 8
6180 橘子|文化創意|7 -0 1|88 88 33 34|1.2 384
6182 合晶|半導體業|-11 -3 -24|58 85 -2 -16|0.7 220
6186 新潤|建材營造|na na na|99 99 27 56|0.6 14
6187 萬潤|半導體業|-53 -37 -20|52 83 17 -13|1.1 38
6188 廣明|電腦及週|-17 -5 -13|98 98 23 17|2.0 131
6189 豐藝|電子通路|-36 -32 -15|94 100 5 2|1.5 10
6190 萬泰科|通信網路|-40 -28 -41|74 74 -3 -24|0.6 24
6191 精成科|電子零組|-23 -21 -8|87 99 3 4|1.4 28
6192 巨路|其他電子|-21 -7 -10|94 97 7 0|0.6 6
6196 帆宣|其他電子|20 19 -26|80 97 9 1|0.7 101
6197 佳必琪|電子零組|-15 -5 -15|98 98 17 14|1.3 16
6202 盛群|半導體業|-61 -49 -31|67 96 5 -0|1.1 124
6205 詮欣|電子零組|3 3 -15|92 92 17 7|3.8 311
6206 飛捷|電腦及週|-53 -52 -59|75 85 7 -15|1.2 16
6208 日揚|半導體業|32 23 0|92 98 12 9|1.2 6
6209 今國光|光電業|-38 -31 -28|81 87 -4 -12|1.5 8
6213 聯茂|電子零組|-37 -20 -5|62 91 4 12|0.6 129
6214 精誠|資訊服務|18 22 6|96 99 12 3|0.5 15
6215 和椿|其他電子|-59 -41 -29|99 99 31 7|0.8 18
6217 中探針|電子零組|-43 -29 -36|73 79 9 -18|0.9 82
6220 岳豐|電子零組|-40 -36 -26|77 77 6 -8|1.0 16
6223 旺矽|半導體業|-5 -1 -14|95 95 15 29|0.7 317
6224 聚鼎|電子零組|-25 -13 -9|61 96 20 4|1.4 12
6226 光鼎|光電業|-44 -26 -26|82 90 12 -10|0.9 6
6227 茂綸|電子通路|-26 -4 -8|100 100 16 21|1.2 10
6230 尼得科超眾|電腦及週|22 4 -8|77 89 4 8|1.0 7
6231 系微|資訊服務|-23 -13 -19|96 96 35 36|1.6 168
6233 旺玖|半導體業|-27 -10 -7|72 83 9 -15|0.6 8
6234 高僑|光電業|-20 33 -30|96 96 30 23|1.1 18
6235 華孚|電腦及週|34 37 -13|99 99 55 46|2.5 1477
6237 驊訊|半導體業|-50 -32 16|61 92 11 -8|0.7 38
6239 力成|半導體業|-31 -24 -21|96 99 7 1|0.5 166
6243 迅杰|半導體業|-8 -2 11|59 94 10 -6|0.9 7
6244 茂迪|光電業|-19 7 19|83 92 9 -1|0.4 78
6245 立端|通信網路|33 34 2|94 94 25 62|1.5 869
6257 矽格|半導體業|-19 -9 -19|93 100 8 5|1.2 61
6261 久元|半導體業|-17 -22 -8|80 95 5 -5|1.6 10
6266 泰詠|電子零組|57 35 2|100 100 33 26|3.3 134
6269 台郡|電子零組|-5 -17 -31|88 88 -9 6|0.8 124
6271 同欣電|半導體業|-15 -11 -10|71 90 6 -1|0.7 402
6274 台燿|電子零組|-41 -28 -12|68 92 8 4|0.6 140
6275 元山|電子零組|-41 -27 -15|72 90 10 -10|0.9 5
6277 宏正|電腦及週|12 2 -4|100 100 6 8|1.5 10
6278 台表科|光電業|-60 -30 -29|74 84 -5 -15|1.9 271
6279 胡連|電子零組|2 23 -8|85 85 1 -2|0.5 237
6282 康舒|電子零組|-14 -11 -26|92 92 28 24|2.4 1378
6283 淳安|其他電子|-68 -52 -18|81 84 -3 -10|3.3 7
6284 佳邦|電子零組|-27 -16 -9|92 95 17 9|2.1 40
6285 啟碁|通信網路|12 32 -8|92 92 2 -0|1.0 389
6288 聯嘉|汽車工業|-8 -3 -7|91 95 25 9|6.3 29
6290 良維|電子零組|-21 -20 -16|98 98 29 28|4.0 316
6409 旭隼|其他電子|-8 6 -27|89 89 4 -11|1.2 221
6411 晶焱|半導體業|-39 -57 -26|72 97 39 16|3.3 617
6412 群電|電子零組|-27 -15 -15|98 100 10 11|1.2 15
6414 樺漢|電腦及週|23 27 1|96 99 17 0|1.0 150
6415 矽力*-KY|半導體業|-46 -33 -40|64 89 20 1|0.9 1590
6416 瑞祺電通|通信網路|-15 -4 -11|90 90 -5 -6|0.5 8
6426 統新|通信網路|-60 -35 -55|70 71 2 -30|0.3 7
6435 大中|半導體業|-51 -48 -40|66 84 -2 -17|1.3 22
6438 迅得|其他電子|22 20 2|81 99 15 7|1.6 29
6441 廣錠|電腦及週|11 11 50|89 89 46 48|1.1 108
6442 光聖|通信網路|-25 -10 -14|74 75 11 -26|0.9 17
6443 元晶|光電業|-3 18 -24|77 88 11 -4|0.5 404
6446 藥華藥|生技醫療|259 141 -421|83 87 -3 -15|0.7 553
6451 訊芯-KY|半導體業|45 44 10|92 92 13 5|0.4 24
6456 GIS-KY|光電業|-26 -19 -18|90 90 -3 7|0.7 100
6457 紘康|半導體業|-69 -62 -18|44 83 4 -17|0.7 12
6461 益得|生技醫療|-48 -66 -60|68 72 -5 -23|0.3 12
6462 神盾|半導體業|-11 -2 -5|75 98 26 -1|1.7 30
6469 大樹|生技醫療|18 22 -6|100 100 13 11|1.3 108
6470 宇智|通信網路|19 16 -37|84 92 13 -10|1.7 46
6472 保瑞|生技醫療|400 367 214|93 93 18 60|0.2 852
6477 安集|光電業|-65 -28 -160|72 81 3 -17|0.6 63
6485 點序|半導體業|-41 -33 -29|53 90 4 -9|1.1 38
6488 環球晶|半導體業|14 13 -3|73 94 9 4|0.7 899
6491 晶碩|生技醫療|4 7 -6|88 94 41 8|0.4 263
6492 生華科|生技醫療|0 na na|51 81 14 -10|0.4 11
6494 九齊|半導體業|-70 -54 -32|52 93 13 -6|0.9 26
6499 益安|生技醫療|-95 167 -10|82 86 11 -6|0.9 6
6505 台塑化|油電燃氣|-5 0 -33|87 98 3 -2|1.0 145
6508 惠光|農業科技|-48 -51 -67|66 81 7 -17|2.1 8
6509 聚和|化學工業|-19 -11 -23|76 98 19 7|1.5 128
6510 精測|半導體業|-14 -13 -18|95 99 39 34|0.9 177
6515 穎崴|半導體業|36 68 -4|100 100 66 53|1.9 745
6523 達爾膚|生技醫療|-31 -6 13|97 97 19 30|0.9 30
6525 捷敏-KY|半導體業|-25 -14 -21|83 93 7 -7|2.0 11
6531 愛普*|半導體業|-64 -58 -31|72 98 37 36|2.8 2761
6532 瑞耘|半導體業|23 25 -8|85 85 -8 19|0.8 17
6533 晶心科|半導體業|11 25 -2|90 90 -3 51|0.8 1834
6535 順藥|生技醫療|2926 951 -310|95 95 18 14|1.2 22
6538 倉和|電子零組|4 6 -9|85 92 15 3|1.3 14
6541 泰福-KY|生技醫療|135 205 na|52 72 23 -24|2.6 104
6546 正基|通信網路|-71 -57 na|na 59 5 -42|1.0 89
6547 高端疫苗|生技醫療|-100 -99 na|34 42 -23 -53|0.9 194
6548 長科*|半導體業|-22 -16 -27|33 39 15 -61|1.4 44
6550 北極星藥業-KY|生技醫療|-63 -84 na|na 45 -15 -40|0.5 410
6552 易華電|半導體業|-52 -35 -3|78 93 24 0|0.9 10
6556 勝品|光電業|-12 -2 -12|100 100 36 143|4.4 54
6558 興能高|其他電子|-21 -29 -1|80 93 23 11|0.5 7
6561 是方|通信網路|6 9 -0|100 100 28 24|7.4 16
6568 宏觀|半導體業|51 67 34|80 88 21 28|0.9 100
6570 維田|電腦及週|-21 -5 -29|100 100 28 19|6.6 19
6576 逸達|生技醫療|8947 5520 -14833|78 95 26 -4|1.6 48
6579 研揚|電腦及週|3 -1 -38|100 100 21 8|1.3 7
6581 鋼聯|綠能環保|46 36 -24|90 99 17 12|1.6 7
6582 申豐|橡膠工業|-75 -55 21|51 89 18 -12|2.5 13
6585 鼎基|其他|-8 -7 na|na 99 30 -2|1.3 13
6589 台康生技|生技醫療|-68 -24 -13|75 75 -10 6|0.3 405
6592 和潤企業|其他|20 21 -6|91 99 15 6|1.1 50
6598 ABC-KY|生技醫療|44 20 -25|49 83 1 -13|0.6 5
6603 富強鑫|電機機械|-43 -1 -6|92 98 7 -2|1.6 25
6605 帝寶|汽車工業|4 2 -5|99 99 20 9|1.6 72
6609 瀧澤科|電機機械|19 34 10|100 100 35 23|0.9 38
6612 奈米醫材|生技醫療|22 19 -12|94 94 73 70|3.4 77
6613 朋億*|其他電子|-6 16 -22|60 60 20 -40|1.9 28
6625 必應|其他|-37 51 -218|91 91 44 53|1.2 29
6643 M31|半導體業|12 23 -11|96 96 24 77|1.2 2333
6649 台生材|生技醫療|-48 1114 719|87 87 15 7|0.7 15
6651 全宇昕|半導體業|-23 -17 -23|80 97 15 -2|0.7 6
6664 群翊|電子零組|2 14 -8|100 100 25 20|2.1 17
6666 羅麗芬-KY|生技醫療|-69 -49 -44|94 94 34 56|1.8 39
6667 信紘科|其他電子|-10 3 -36|80 82 5 -10|2.4 8
6668 中揚光|光電業|-4 17 16|80 89 6 -6|0.6 7
6669 緯穎|電腦及週|29 44 -8|96 100 13 23|1.8 984
6670 復盛應用|運動休閒|-10 20 -22|100 100 19 24|2.0 87
6672 騰輝電子-KY|電子零組|-39 -35 -6|72 97 21 14|0.7 26
6679 鈺太|半導體業|-61 -54 -27|59 94 23 12|0.6 204
6683 雍智科技|半導體業|7 -0 -3|76 85 16 9|1.3 46
6689 伊雲谷|數位雲端|-1 2 na|na na 60 na|1.4 78
6690 安碁資訊|數位雲端|18 54 -32|100 100 51 38|2.5 29
6691 洋基工程|其他電子|12 23 -14|97 97 50 59|4.9 92
6695 芯鼎|半導體業|-16 -31 na|na na 8 na|0.8 14
6703 軒郁|生技醫療|42 54 25|99 99 37 36|1.6 11
6706 惠特|光電業|-78 -78 -50|45 78 10 -20|0.8 48
6712 長聖|生技醫療|-37 -2 -42|83 83 -4 -1|0.5 344
6715 嘉基|電子零組|-23 14 -29|88 94 8 -1|4.3 34
6719 力智|半導體業|-55 -46 -46|37 89 12 -6|1.0 911
6727 亞泰金屬|電子零組|-41 -0 -30|91 91 5 -3|2.3 6
6732 昇佳電子|半導體業|-44 -34 -4|82 97 53 30|5.6 147
6733 博晟生醫|生技醫療|73 128 -166|100 100 29 30|6.2 6
6741 91APP*-KY|數位雲端|5 13 -1|61 99 50 22|1.4 198
6743 安普新|其他電子|-57 -49 -33|57 98 29 -1|1.2 8
6747 亨泰光|生技醫療|-19 -4 -16|75 96 26 -3|0.9 26
6752 叡揚|資訊服務|31 29 7|100 100 130 132|3.9 30
6756 威鋒電子|半導體業|-68 -60 -43|46 85 4 -15|1.2 143
6763 綠界科技*|數位雲端|-2 5 -1|na 87 26 -4|1.0 59
6768 志強-KY|運動休閒|-13 9 -89|76 76 -11 -6|0.5 21
6770 力積電|半導體業|-43 -39 -51|58 94 1 -3|0.6 439
6781 AES-KY|電子零組|-19 -6 -32|56 84 27 -17|0.6 811
6788 華景電|半導體業|-10 20 -11|62 91 33 2|0.6 175
6789 采鈺|半導體業|-18 -19 na|na 75 11 -24|0.9 351
6792 詠業|通信網路|-34 -23 -9|60 80 13 -5|2.3 7
6796 晉弘|生技醫療|-9 -8 na|na 86 24 -16|1.3 67
6799 來頡|半導體業|-34 -28 na|na 90 22 -7|2.0 181
6803 崑鼎|綠能環保|19 22 2|97 97 9 2|1.2 8
6806 森崴能源|綠能環保|286 67 -54|79 96 41 13|0.6 414
6811 宏碁資訊|數位雲端|10 12 na|na 100 35 16|3.4 25
6829 千附精密|半導體業|-51 -22 -26|na 94 17 8|1.5 22
6830 汎銓|其他電子|0 7 na|na na 49 na|2.1 40
6835 圓裕|電子零組|-20 -21 na|na na 12 na|1.9 6
6843 進典|電機機械|28 20 na|na na 45 na|2.2 19
6854 錼創科技-KY創|半導體業|42 37 na|na 90 9 -18|2.4 7
8016 矽創|半導體業|-45 -41 -21|91 94 22 21|2.5 636
8021 尖點|其他電子|-32 -24 -14|80 95 2 1|2.4 7
8027 鈦昇|電機機械|-50 -24 -51|66 71 -2 -26|1.5 10
8028 昇陽半導體|半導體業|0 7 -2|78 78 2 -22|0.4 95
8033 雷虎|其他|20 19 21|93 93 17 206|2.2 259
8038 長園科|電子零組|429 1049 639|91 91 13 13|0.8 50
8040 九暘|半導體業|-21 -11 -25|76 84 -9 7|0.5 24
8043 蜜望實|電子零組|-33 -29 -23|96 96 18 16|2.4 10
8044 網家|數位雲端|-17 -7 -1|53 91 28 4|1.2 159
8046 南電|電子零組|-22 7 -13|44 76 -10 -15|0.5 1468
8049 晶采|光電業|-9 22 3|100 100 30 44|1.6 34
8050 廣積|電腦及週|6 43 22|96 96 9 14|1.4 443
8054 安國|半導體業|-6 3 -10|56 87 1 -15|2.0 20
8069 元太|光電業|10 24 -36|78 78 19 -20|0.9 3807
8070 長華*|電子通路|-27 -21 -25|92 97 7 -1|1.4 18
8072 陞泰|電子通路|-45 -34 -23|77 77 -23 -4|0.2 6
8076 伍豐|電腦及週|-12 -13 -17|85 85 1 -1|1.0 28
8081 致新|半導體業|-31 -27 -14|74 99 25 14|1.3 209
8083 瑞穎|電機機械|-68 -57 -24|90 90 -2 -10|1.5 8
8084 巨虹|電子通路|36 50 12|77 77 -18 4|1.5 28
8086 宏捷科|半導體業|-52 -62 -7|72 94 13 -0|1.2 130
8088 品安|半導體業|-14 -14 -12|100 100 15 29|2.4 16
8091 翔名|半導體業|-28 -6 -26|95 95 16 12|1.2 69
8097 常珵|通信網路|104 326 -241|68 71 -0 -29|1.7 50
8104 錸寶|光電業|96 55 24|56 94 16 -8|0.8 10
8105 凌巨|光電業|-7 -6 -6|99 99 15 10|1.4 67
8109 博大|電子零組|2 17 -1|96 96 5 15|0.9 10
8110 華東|半導體業|-25 -17 -32|69 94 2 -4|1.2 12
8112 至上|電子通路|-69 -53 -30|79 100 6 1|1.3 37
8114 振樺電|電腦及週|-13 -8 -36|70 70 0 -28|0.8 47
8121 越峰|電子零組|-17 -10 -9|63 85 11 -14|1.1 23
8131 福懋科|半導體業|-13 -5 -9|100 100 11 10|2.2 12
8147 正淩|電子零組|-30 1 -15|89 89 -2 25|0.5 6
8150 南茂|半導體業|-41 -34 -17|77 98 10 0|1.8 84
8155 博智|電子零組|-27 -16 -32|60 96 18 -4|0.7 148
8163 達方|電腦及週|-27 -19 -21|89 97 5 -1|0.8 22
8171 天宇|綠能環保|34 93 -116|98 98 41 64|1.1 361
8183 精星|其他電子|-11 16 -37|76 82 -0 -13|1.0 70
8210 勤誠|電腦及週|-43 -10 -17|100 100 22 12|1.8 56
8213 志超|電子零組|-39 -35 -13|81 99 9 1|1.3 11
8215 明基材|光電業|-16 -13 -5|98 98 17 14|1.1 104
8222 寶一|電機機械|26 15 -13|95 95 58 38|1.5 293
8234 新漢|電腦及週|1 -3 -22|97 97 33 20|2.3 51
8249 菱光|電子零組|-34 30 19|93 93 4 28|0.6 6
8255 朋程|電機機械|6 21 8|71 88 9 -10|0.7 201
8261 富鼎|半導體業|-48 -42 -32|77 93 7 -8|0.6 298
8271 宇瞻|半導體業|-39 -22 -17|98 100 13 18|3.2 22
8279 生展|生技醫療|-3 12 -18|93 93 18 -2|0.9 5
8289 泰藝|電子零組|-22 -23 -24|100 100 29 22|4.0 49
8299 群聯|半導體業|-47 -32 -25|71 95 10 17|0.9 398
8341 日友|綠能環保|-16 2 -9|73 84 20 -9|0.3 66
8349 恒耀國際|鋼鐵工業|-23 -5 -14|83 83 9 0|1.6 62
8358 金居|電子零組|-16 -14 4|92 92 24 47|1.0 578
8383 千附|半導體業|-6 12 -6|98 98 20 12|6.7 11
8390 金益鼎|綠能環保|7 3 -5|87 98 18 8|2.2 8
8401 白紗科|其他|-27 -1 -14|93 93 7 19|1.6 9
8403 盛弘|生技醫療|-17 -12 -19|88 88 6 -0|0.7 14
8415 大國鋼|鋼鐵工業|8 7 -13|95 97 9 7|0.5 12
8420 明揚|運動休閒|19 35 0|100 100 31 23|1.9 32
8421 旭源|其他|-36 -19 -16|88 90 15 -6|1.1 5
8422 可寧衛*|綠能環保|18 54 -20|92 100 11 6|0.8 31
8426 紅木-KY|其他|36 40 13|92 92 37 173|3.2 7
8433 弘帆|居家生活|-10 -14 -29|99 99 22 16|4.2 12
8436 大江|生技醫療|6 0 12|91 91 74 56|1.0 585
8440 綠電|綠能環保|-19 -7 -6|47 85 -3 -16|0.3 17
8442 威宏-KY|其他|-22 7 -48|95 95 7 11|0.8 9
8454 富邦媒|數位雲端|4 14 -2|84 99 42 7|1.7 616
8462 柏文|運動休閒|-5 -1 -3594|100 100 30 15|1.5 13
8464 億豐|居家生活|-23 -16 -14|90 95 22 12|0.8 117
8476 台境*|綠能環保|-42 144 -207|99 99 48 31|1.5 53
8478 東哥遊艇|運動休閒|42 28 -2|93 93 35 27|2.2 2351
8916 光隆|其他|-24 -21 -54|86 86 -7 13|0.6 31
8924 大田|運動休閒|-28 -8 -3|93 100 13 6|3.7 24
8926 台汽電|油電燃氣|-2 39 54|94 97 15 -6|0.4 22
8927 北基|油電燃氣|11 9 -13|100 100 21 22|3.7 20
8928 鉅明|運動休閒|17 26 14|88 99 22 10|2.9 7
8931 大汽電|油電燃氣|65 85 37|100 100 53 79|1.1 20
8932 智通*|數位雲端|-54 -56 -31|99 99 22 63|0.5 16
8933 愛地雅|運動休閒|7 9 -11|63 63 -16 7|0.4 27
8936 國統|其他|-27 -29 -16|100 100 46 33|8.0 31
8938 明安|運動休閒|-26 8 -15|100 100 12 19|3.6 82
8940 新天地|觀光餐旅|33 41 -121|98 98 65 64|4.6 6
8942 森鉅|其他|-33 -30 -33|100 100 13 7|1.5 12
8996 高力|電機機械|72 64 32|99 99 59 160|0.6 3140
9802 鈺齊-KY|運動休閒|4 29 -27|68 68 -8 -26|0.8 308
9904 寶成|運動休閒|-8 -5 -19|97 97 4 15|0.5 228
9907 統一實|其他|-44 -32 -32|84 84 2 -14|0.7 30
9910 豐泰|運動休閒|-15 -3 -49|84 88 1 5|0.8 191
9911 櫻花|居家生活|-18 -11 -19|99 99 7 -1|1.0 7
9914 美利達|運動休閒|-9 41 15|65 81 2 -19|0.9 136
9917 中保科|其他|2 6 -3|93 97 2 -2|1.0 26
9919 康那香|其他|-24 -21 -6|66 92 3 -3|0.2 11
9921 巨大|運動休閒|-13 -6 -17|70 82 -11 -18|1.0 138
9925 新保|其他|-1 -1 -3|100 100 6 3|1.4 7
9928 中視|其他|6 6 -1|61 61 -12 -38|0.5 6
9933 中鼎|其他|13 18 -21|90 90 11 -1|0.6 67
9938 百和|其他|-41 -35 -28|81 91 14 -2|0.6 119
9939 宏全|其他|-3 7 -9|99 99 17 27|1.6 171
9940 信義|其他|59 -0 19|84 90 -2 -8|0.9 8
9941 裕融|其他|7 15 1|82 98 15 -0|0.9 127
9942 茂順|其他|-5 6 -3|97 97 6 30|1.0 51
9943 好樂迪|觀光餐旅|42 8 -1235|99 99 16 11|1.9 9
9945 潤泰新|其他|-33 23 5|86 94 1 6|0.8 180
9955 佳龍|綠能環保|-46 -40 -23|64 91 15 -3|1.1 6
9958 世紀鋼|鋼鐵工業|-11 9 16|81 98 21 23|0.9 300
9962 有益|鋼鐵工業|33 27 -18|97 97 27 31|1.4 19
