# 2023-01 月末(2023-01-31)全池量化快照(864 檔)。欄位:代碼 名稱|產業|最新YoY 3月YoY 加速|距52週高% 距120日高% 60日漲% 120日漲%|量能x 日均值M
1101 台泥|水泥工業|16 11 5|81 91 20 -8|1.1 537
1102 亞泥|水泥工業|-11 -13 -15|94 94 13 2|0.9 171
1104 環泥|水泥工業|27 16 -1|100 100 18 7|1.5 6
1210 大成|食品工業|11 16 4|87 94 16 0|1.4 45
1215 卜蜂|食品工業|13 14 -3|97 97 4 11|1.1 26
1216 統一|食品工業|20 11 0|99 99 3 0|1.0 442
1217 愛之味|食品工業|7 3 1|87 99 19 0|0.5 13
1218 泰山|食品工業|7 4 -7|66 66 -27 -7|0.6 71
1219 福壽|食品工業|8 10 -6|73 90 3 -6|2.7 11
1227 佳格|食品工業|0 -15 -0|83 99 7 -2|1.9 15
1229 聯華|食品工業|5 -6 -14|78 91 12 -7|1.5 35
1231 聯華食|食品工業|20 17 4|98 100 25 2|1.9 11
1232 大統益|食品工業|42 20 -1|89 89 -3 -6|0.7 10
1234 黑松|食品工業|-3 7 4|96 98 2 -1|1.9 13
1268 漢來美食|觀光餐旅|16 17 -64|93 93 22 22|0.6 13
1301 台塑|塑膠工業|-34 -31 -25|88 94 8 -3|1.1 470
1303 南亞|塑膠工業|-31 -30 -18|89 97 10 10|0.9 323
1304 台聚|塑膠工業|-7 -21 -15|83 98 16 4|1.2 71
1305 華夏|塑膠工業|3 -28 -17|85 97 44 10|1.0 133
1308 亞聚|塑膠工業|-10 -14 -18|81 98 19 11|1.4 35
1309 台達化|塑膠工業|-13 -27 -15|74 98 12 -5|0.8 21
1312 國喬|塑膠工業|-28 -31 -12|77 96 16 1|0.8 64
1313 聯成|塑膠工業|-29 -25 -14|70 98 22 -4|1.9 21
1314 中石化|塑膠工業|-57 -57 -30|75 91 9 -2|0.8 47
1316 上曜|建材營造|33 50 -123|42 69 -6 -28|0.6 6
1319 東陽|汽車工業|2 8 -8|81 81 0 -10|0.6 168
1325 恆大|塑膠工業|-27 -22 20|47 86 17 1|0.4 14
1326 台化|塑膠工業|-8 -9 -13|93 95 5 3|1.5 158
1336 台翰|電子零組|15 28 -3|98 98 36 46|2.7 6
1342 八貫|其他|7 11 -18|85 85 48 77|0.6 241
1402 遠東新|紡織纖維|-8 -3 -14|98 98 3 9|0.6 185
1409 新纖|紡織纖維|-19 -21 -26|91 98 14 5|0.6 22
1417 嘉裕|紡織纖維|-11 -10 -30|88 88 32 39|0.2 50
1434 福懋|紡織纖維|-11 -8 -14|97 98 5 3|1.0 17
1440 南紡|紡織纖維|-4 7 -4|70 90 6 -5|0.8 10
1442 名軒|建材營造|5046 1621 1262|83 83 9 46|0.8 34
1444 力麗|紡織纖維|-48 -19 -36|86 86 1 3|0.4 16
1451 年興|紡織纖維|-42 -11 -22|78 78 2 -8|0.7 5
1467 南緯|紡織纖維|-33 -31 -25|77 91 1 -5|0.9 33
1475 業旺|紡織纖維|20 30 -325|90 98 37 17|0.9 8
1476 儒鴻|紡織纖維|-37 -20 -34|82 99 17 21|1.8 405
1477 聚陽|紡織纖維|-22 -2 -15|89 89 12 51|1.6 385
1503 士電|電機機械|4 17 6|94 94 18 3|1.2 30
1504 東元|電機機械|1 7 -4|90 96 2 -1|1.0 54
1513 中興電|電機機械|-20 -4 -11|100 100 62 37|1.1 1420
1514 亞力|電機機械|63 52 16|96 99 37 5|1.7 112
1515 力山|電機機械|-77 -82 -7|63 84 8 -10|0.6 11
1517 利奇|電機機械|-35 -33 -39|76 81 -1 -9|0.3 7
1519 華城|電機機械|-22 -9 4|98 98 51 50|1.2 397
1522 堤維西|汽車工業|10 14 -2|87 87 15 -13|0.3 45
1524 耿鼎|汽車工業|27 16 -10|84 84 18 -4|0.4 66
1526 日馳|電機機械|-34 -16 -38|73 73 1 -0|0.4 6
1527 鑽全|電機機械|-34 -29 -16|93 97 9 3|1.0 5
1529 樂事綠能|電機機械|7 44 -6|75 100 47 52|1.6 142
1532 勤美|電機機械|-55 -47 -32|88 96 11 1|1.7 5
1533 車王電|汽車工業|-36 21 -1|71 79 8 -18|0.6 6
1536 和大|汽車工業|15 7 -3|76 76 -5 -11|0.8 84
1539 巨庭|電機機械|-74 -69 -55|60 60 12 -7|0.2 9
1558 伸興|電機機械|3 49 45|87 91 11 -9|0.4 5
1560 中砂|電機機械|-2 4 -11|70 70 21 -22|1.0 302
1565 精華|生技醫療|-10 -13 -6|89 94 21 2|0.7 22
1580 新麥|電機機械|-11 -13 -7|93 94 13 2|1.5 10
1584 精剛|其他|101 50 -16|96 96 61 18|0.7 147
1589 永冠-KY|電機機械|16 21 16|88 99 27 11|1.2 18
1590 亞德客-KY|電機機械|-8 10 7|97 100 54 25|1.7 530
1598 岱宇|運動休閒|-21 -21 18|92 96 23 12|0.5 6
1603 華電|電器電纜|33 45 0|84 92 5 -3|0.8 6
1605 華新|電器電纜|-16 -5 -24|100 100 57 62|0.9 3087
1608 華榮|電器電纜|-19 -16 -20|74 100 23 7|2.5 7
1609 大亞|電器電纜|-12 -11 -9|80 100 39 4|1.6 58
1611 中電|電器電纜|-13 -16 -5|67 73 -1 -29|1.0 6
1612 宏泰|電器電纜|59 24 20|70 100 41 16|3.7 11
1618 合機|電器電纜|-20 35 14|97 97 8 26|0.9 13
1701 中化|生技醫療|31 16 9|73 73 33 26|0.8 327
1702 南僑|食品工業|-6 4 0|95 98 5 1|0.4 6
1707 葡萄王|生技醫療|5 7 1|100 100 43 31|1.2 131
1708 東鹼|化學工業|-4 22 -55|62 81 8 -13|0.7 62
1709 和益|化學工業|-6 14 -1|76 91 14 -0|0.6 9
1710 東聯|化學工業|-22 -22 -4|85 99 12 7|0.8 16
1711 永光|化學工業|-22 -19 -16|71 89 12 -7|0.5 13
1712 興農|化學工業|-4 12 -11|85 85 10 11|0.7 29
1717 長興|化學工業|-19 -10 -8|81 91 6 -2|0.9 33
1720 生達|生技醫療|9 30 2|86 86 27 25|0.3 232
1721 三晃|化學工業|0 -16 -23|59 86 22 -7|0.4 7
1722 台肥|化學工業|-37 -27 -47|70 87 8 -10|1.2 68
1723 中碳|化學工業|5 9 -24|86 91 6 -8|0.9 14
1732 毛寶|化學工業|-13 -13 -8|58 76 9 -3|0.4 15
1733 五鼎|生技醫療|-19 -9 -16|87 87 9 -9|0.5 5
1734 杏輝|生技醫療|11 19 2|85 85 12 8|0.4 73
1736 喬山|運動休閒|12 22 13|84 84 -1 30|0.6 108
1752 南光|生技醫療|31 34 25|85 85 76 63|0.6 988
1760 寶齡富錦|生技醫療|-7 -1 -26|89 89 27 46|0.3 1252
1762 中化生|生技醫療|-39 19 -4|88 88 21 4|0.3 81
1773 勝一|化學工業|-21 -19 -23|71 87 29 -13|1.2 13
1777 生泰|生技醫療|41 87 48|92 92 9 24|0.2 7
1783 和康生|生技醫療|50 20 -1|100 100 63 32|2.1 108
1784 訊聯|生技醫療|20 20 13|97 97 18 10|0.4 9
1785 光洋科|其他電子|-34 -37 -19|67 89 28 -8|0.7 23
1786 科妍|生技醫療|-5 20 7|93 93 22 36|0.5 24
1789 神隆|生技醫療|185 60 38|91 91 13 5|0.6 30
1795 美時|生技醫療|39 14 -3|88 88 66 75|0.7 2956
1802 台玻|玻璃陶瓷|-17 -15 -0|93 93 20 30|0.5 130
1808 潤隆|建材營造|69 -42 32|100 100 13 28|0.8 22
1809 中釉|玻璃陶瓷|-9 4 -16|93 98 15 17|2.7 7
1810 和成|玻璃陶瓷|-18 -21 -17|82 82 71 62|0.3 91
1815 富喬|電子零組|-26 -20 -9|82 82 12 5|0.9 6
1904 正隆|造紙工業|-18 -12 -10|85 100 13 7|1.1 16
1905 華紙|造紙工業|2 6 -2|72 90 4 -2|0.7 9
1907 永豐餘|造紙工業|-13 -9 -3|78 92 6 7|0.5 25
1909 榮成|造紙工業|-17 -15 -12|86 100 27 20|1.9 105
2002 中鋼|鋼鐵工業|-24 -26 -24|88 99 16 11|0.8 724
2006 東和鋼鐵|鋼鐵工業|-4 -13 -17|77 100 14 9|1.2 60
2007 燁興|鋼鐵工業|-21 -20 -19|60 100 37 3|0.8 34
2009 第一銅|鋼鐵工業|-40 -30 -23|72 100 33 26|1.3 78
2010 春源|鋼鐵工業|-28 -23 -17|67 98 11 -0|1.2 6
2013 中鋼構|鋼鐵工業|-3 16 -7|99 100 13 4|0.8 9
2014 中鴻|鋼鐵工業|-38 -41 -27|66 100 42 7|1.1 534
2015 豐興|鋼鐵工業|-6 -18 -21|74 100 20 3|1.1 8
2017 官田鋼|鋼鐵工業|-46 -30 -19|82 100 26 16|1.3 7
2023 燁輝|鋼鐵工業|-34 -28 -23|71 100 19 7|1.1 56
2027 大成鋼|鋼鐵工業|-1 -2 -21|87 100 17 24|0.6 322
2028 威致|鋼鐵工業|40 -4 -5|77 100 44 33|1.4 49
2029 盛餘|鋼鐵工業|-30 -39 -30|70 100 11 6|1.3 10
2030 彰源|鋼鐵工業|-32 -29 -39|64 92 6 1|0.6 32
2031 新光鋼|鋼鐵工業|21 30 6|71 100 37 28|1.3 90
2032 新鋼|鋼鐵工業|26 -11 -10|61 100 31 7|0.8 20
2033 佳大|鋼鐵工業|-20 -15 -12|63 95 30 1|1.5 11
2034 允強|鋼鐵工業|-5 -25 -24|86 99 20 -0|0.9 35
2038 海光|鋼鐵工業|-25 -15 -25|72 100 37 15|1.2 34
2049 上銀|電機機械|-17 -17 -25|79 100 39 4|3.4 159
2059 川湖|電子零組|-2 10 -15|84 84 -1 -8|1.1 91
2063 世鎧精密|鋼鐵工業|2 -9 -11|100 100 31 44|0.8 8
2066 世德|電機機械|29 28 2|87 87 13 22|0.7 7
2069 運錩|鋼鐵工業|-33 -33 -39|63 90 11 -3|0.7 11
2101 南港|橡膠工業|0 -14 -6|71 85 1 -15|0.9 13
2102 泰豐|橡膠工業|-35 6 -5|70 94 14 7|0.4 7
2103 台橡|橡膠工業|-10 -8 -12|78 96 7 7|0.9 18
2104 國際中橡|橡膠工業|22 -2 -6|71 90 6 -4|0.8 19
2105 正新|橡膠工業|-15 -6 -3|87 87 7 -4|1.4 68
2106 建大|橡膠工業|-10 0 -10|83 83 2 -17|0.9 9
2108 南帝|橡膠工業|-41 -43 7|51 92 18 -6|0.9 23
2201 裕隆|汽車工業|7 2 3|100 100 87 89|1.3 1295
2204 中華|汽車工業|16 20 22|100 100 45 19|1.6 60
2206 三陽工業|汽車工業|3 15 -8|84 84 -1 -8|0.7 48
2207 和泰車|汽車工業|11 16 15|99 99 11 9|1.7 94
2208 台船|航運業|13 79 61|88 95 31 7|0.5 27
2211 長榮鋼|鋼鐵工業|-60 -49 -40|86 86 12 -12|0.1 11
2228 劍麟|汽車工業|3 17 -2|90 90 9 19|0.4 9
2230 泰茂|居家生活|2 2 10|100 100 108 160|2.2 103
2231 為升|汽車工業|9 13 14|85 90 4 10|0.4 54
2233 宇隆|汽車工業|-4 6 2|84 85 14 -12|0.7 9
2236 百達-KY|汽車工業|17 12 8|100 100 62 58|2.2 25
2243 宏旭-KY|汽車工業|-36 -18 -64|86 95 53 -1|1.1 5
2247 汎德永業|汽車工業|7 7 3|100 100 10 9|0.7 5
2301 光寶科|電腦及週|-11 -3 -9|96 96 2 4|0.8 297
2303 聯電|半導體業|3 15 -17|81 100 28 21|1.9 2273
2305 全友|電腦及週|-40 -11 -2|74 74 0 -9|0.1 14
2308 台達電|電子零組|15 27 4|95 95 13 12|1.5 1495
2312 金寶|其他電子|5 30 -1|79 90 -3 7|0.7 34
2313 華通|電子零組|-15 7 -17|85 85 10 -6|0.9 445
2314 台揚|通信網路|62 35 19|57 77 20 -14|0.5 17
2317 鴻海|其他電子|-12 6 -6|88 88 -4 -9|1.3 2264
2324 仁寶|電腦及週|-43 -32 -21|90 97 10 -2|1.0 202
2327 國巨*|電子零組|9 12 -2|84 100 56 29|1.0 920
2328 廣宇|電子零組|-9 4 -6|94 94 20 12|0.6 82
2329 華泰|半導體業|-15 -11 -9|80 97 20 14|0.6 20
2330 台積電|半導體業|24 43 0|78 96 40 5|1.9 11186
2331 精英|電腦及週|-48 -40 -43|81 81 7 -1|0.5 15
2332 友訊|通信網路|-9 3 -8|86 86 5 -12|0.7 28
2337 旺宏|半導體業|-37 -38 -28|85 100 19 8|0.6 185
2338 光罩|半導體業|14 16 -12|89 94 65 27|1.0 682
2340 台亞|半導體業|-43 -37 -13|64 91 24 -7|0.7 30
2342 茂矽|半導體業|-13 -6 -18|88 94 21 10|0.5 19
2344 華邦電|半導體業|-25 -26 -23|62 93 11 -6|1.0 174
2345 智邦|通信網路|31 29 0|84 84 13 -1|1.3 535
2347 聯強|電子通路|-20 -8 -13|82 98 13 8|0.8 163
2351 順德|半導體業|-13 -6 -12|71 91 24 -4|1.3 89
2352 佳世達|電腦及週|-18 -9 -16|90 96 16 -1|0.8 76
2353 宏碁|電腦及週|-23 -31 -18|89 100 14 11|1.0 127
2354 鴻準|其他電子|40 13 20|87 98 19 9|1.8 137
2355 敬鵬|電子零組|-18 -3 0|79 92 11 4|0.5 8
2356 英業達|電腦及週|-23 -9 -14|95 95 7 7|0.8 151
2357 華碩|電腦及週|-21 -16 -17|82 96 15 -4|0.8 341
2358 廷鑫|其他|40 -25 -18|66 100 23 -3|2.5 28
2359 所羅門|其他電子|-9 12 -25|82 82 20 -8|0.6 47
2360 致茂|其他電子|-23 39 12|87 91 9 5|1.0 140
2363 矽統|半導體業|75 -12 7|80 82 16 -1|0.7 21
2364 倫飛|電腦及週|-4 39 27|60 60 -5 32|0.2 37
2367 燿華|電子零組|-26 0 -32|77 77 7 7|0.3 47
2368 金像電|電子零組|7 15 -9|85 85 14 -4|0.7 524
2369 菱生|半導體業|-27 -37 -16|59 84 10 -11|0.8 5
2371 大同|電機機械|61 71 53|93 96 9 0|0.5 124
2374 佳能|光電業|-16 9 -50|70 82 5 -16|0.5 6
2375 凱美|電子零組|-28 -26 -6|49 81 22 -10|1.0 14
2376 技嘉|電腦及週|14 -6 3|87 97 27 42|0.8 616
2377 微星|電腦及週|-21 -26 -17|89 98 18 23|0.9 275
2379 瑞昱|半導體業|-31 -20 -28|64 93 26 0|0.8 707
2380 虹光|電腦及週|-21 5 -1|72 78 -0 -13|0.9 6
2382 廣達|電腦及週|-15 -3 -17|85 92 9 -5|0.8 404
2383 台光電|電子零組|-17 -13 -14|67 91 39 14|0.9 296
2385 群光|電子零組|-14 -7 -15|99 99 10 10|0.8 97
2387 精元|電腦及週|-20 -3 -8|90 92 10 8|0.4 9
2388 威盛|半導體業|-11 14 -20|75 75 16 -7|0.3 445
2390 云辰|其他電子|42 17 15|56 78 8 -16|0.4 6
2392 正崴|電子零組|-11 -1 -11|97 97 15 19|0.8 22
2393 億光|光電業|-23 -23 -2|72 95 8 -1|0.6 13
2395 研華|電腦及週|1 9 -8|88 96 15 -2|1.4 137
2399 映泰|電腦及週|-41 -39 -24|65 95 11 2|0.8 13
2401 凌陽|半導體業|-44 -42 -29|69 84 9 -18|0.7 20
2402 毅嘉|電子零組|15 33 14|91 91 6 25|0.3 26
2404 漢唐|其他電子|200 144 57|100 100 46 35|1.6 128
2405 輔信|電腦及週|-3 -20 -17|75 75 8 -12|0.5 6
2406 國碩|光電業|-49 -36 -18|72 85 20 -12|0.8 16
2408 南亞科|半導體業|-65 -63 -32|74 95 6 11|1.2 411
2409 友達|光電業|-43 -43 -11|72 86 -2 5|0.9 426
2412 中華電|通信網路|-8 -0 -3|88 90 4 -8|1.6 833
2413 環科|電子零組|26 47 25|90 90 14 40|0.2 20
2417 圓剛|電腦及週|-14 -14 2|69 92 18 4|0.4 6
2419 仲琦|通信網路|36 60 28|85 85 8 -13|0.4 34
2421 建準|電子零組|-14 3 -2|88 88 8 4|0.3 32
2425 承啟|電腦及週|-39 -21 -20|97 98 24 13|0.6 35
2428 興勤|電子零組|-4 1 1|100 100 31 13|2.8 66
2436 偉詮電|半導體業|-34 -31 -14|53 86 24 -5|1.0 31
2439 美律|通信網路|-18 -11 -10|88 88 -1 3|0.5 32
2441 超豐|半導體業|-41 -40 -24|73 83 12 -13|0.6 48
2444 兆勁|通信網路|20 24 19|89 89 62 38|1.1 47
2449 京元電子|半導體業|-10 -7 -18|88 96 20 -2|0.9 99
2451 創見|半導體業|-30 -26 -11|99 100 5 7|1.1 12
2454 聯發科|半導體業|-16 -16 -28|68 97 24 3|1.4 3593
2455 全新|通信網路|-32 -42 -15|70 100 61 25|1.3 297
2457 飛宏|電子零組|-13 2 -13|82 94 13 3|0.3 95
2458 義隆|半導體業|-57 -53 -24|62 90 22 -11|0.7 107
2462 良得電|電子零組|-19 -16 -14|76 97 22 6|1.0 8
2465 麗臺|電腦及週|-31 -49 -14|67 100 35 41|1.3 129
2468 華經|資訊服務|16 18 10|84 84 36 116|0.8 30
2472 立隆電|電子零組|-20 -11 -16|87 99 21 6|1.0 11
2474 可成|其他電子|-38 -19 11|95 95 8 11|0.6 259
2476 鉅祥|電子零組|4 4 -2|76 81 16 -4|0.6 18
2480 敦陽科|資訊服務|-22 -3 -7|92 95 12 -3|1.3 18
2481 強茂|半導體業|-22 -16 -12|64 93 23 2|0.9 99
2482 連宇|其他電子|95 141 83|100 100 52 10|2.4 61
2484 希華|電子零組|-12 -14 -15|84 84 20 -2|0.4 23
2485 兆赫|通信網路|14 21 16|87 89 6 -1|0.6 9
2486 一詮|光電業|-26 -24 -11|47 85 41 -12|0.3 35
2489 瑞軒|光電業|-47 -42 -19|65 85 10 -9|0.4 9
2492 華新科|電子零組|-19 -16 -1|59 95 17 -5|1.0 91
2495 普安|電腦及週|1 31 9|73 73 4 19|0.4 47
2497 怡利電|汽車工業|11 29 -18|65 83 21 1|0.4 74
2498 宏達電|通信網路|-10 -13 0|84 93 26 -8|0.8 873
2501 國建|建材營造|-42 106 33|88 95 10 -1|0.6 9
2504 國產|建材營造|-7 -3 -1|84 99 16 3|0.9 24
2511 太子|建材營造|-45 -36 -44|82 93 7 -4|1.0 6
2520 冠德|建材營造|-36 50 33|81 97 21 4|0.7 16
2530 華建|建材營造|33 58097 36394|91 91 -7 23|0.4 6
2534 宏盛|建材營造|126 228 155|90 90 -5 -0|0.5 18
2535 達欣工|建材營造|26 4 -16|91 96 3 2|0.9 5
2538 基泰|建材營造|58 24 -28|88 88 18 -3|0.6 6
2540 愛山林|建材營造|-14 -36 -26|82 82 -12 14|2.7 24
2542 興富發|建材營造|184 57 83|92 92 1 8|0.6 98
2545 皇翔|建材營造|-75 -57 -81|77 87 8 -3|1.3 5
2546 根基|建材營造|34 69 35|100 100 19 7|1.3 5
2548 華固|建材營造|-98 -78 -1952|95 95 4 0|1.3 21
2597 潤弘|建材營造|3 18 1|91 98 40 44|0.5 11
2603 長榮|航運業|-44 -29 -68|48 63 9 -29|0.6 3210
2605 新興|航運業|6 -9 -5|64 82 10 -16|0.6 50
2606 裕民|航運業|-15 -24 -28|78 97 42 19|0.6 236
2607 榮運|航運業|-23 8 -122|65 77 4 -13|0.7 75
2608 嘉里大榮|航運業|-5 -8 -5|80 90 13 -5|0.7 8
2609 陽明|航運業|-53 -42 -63|59 67 1 -31|0.6 1758
2610 華航|航運業|-16 -18 -31|63 85 16 -13|0.6 518
2611 志信|航運業|-55 -48 -45|57 73 10 -28|0.4 7
2612 中航|航運業|4 3 -22|73 86 20 -4|0.3 47
2613 中櫃|航運業|-11 -6 -8|53 74 10 -19|0.4 8
2614 東森|其他|5 1 -7|56 82 24 -19|0.6 86
2615 萬海|航運業|-51 -44 -72|49 71 10 -29|0.6 1246
2616 山隆|油電燃氣|-13 -14 -12|80 87 -6 -11|2.3 6
2617 台航|航運業|19 20 -1|73 89 11 -8|0.6 25
2618 長榮航|航運業|19 15 -20|79 83 27 -10|0.9 823
2633 台灣高鐵|航運業|13 22 -50|99 99 5 1|1.4 78
2634 漢翔|航運業|-5 26 -3|91 91 11 -7|0.4 220
2636 台驊控股|航運業|-65 -62 -54|51 79 20 -19|0.4 87
2637 慧洋-KY|航運業|-27 -16 -53|59 87 13 -12|0.3 265
2641 正德|航運業|-15 -16 -46|67 84 23 -12|0.3 29
2642 宅配通|航運業|-1 -1 -2|53 86 22 -4|0.6 18
2702 華園|觀光餐旅|20 43 -18|78 78 21 10|0.5 6
2707 晶華|觀光餐旅|18 25 5|92 92 46 46|1.0 360
2723 美食-KY|觀光餐旅|2 2 4|98 98 56 48|0.7 282
2727 王品|觀光餐旅|-5 -0 -10|100 100 53 44|1.3 146
2729 瓦城|觀光餐旅|6 3 -10|100 100 18 25|1.6 17
2731 雄獅|觀光餐旅|192 164 5|92 92 36 13|0.4 145
2732 六角|觀光餐旅|-5 -9 -11|95 95 39 40|2.9 147
2736 富野|觀光餐旅|-10 -6 -111|75 82 19 -19|0.5 14
2743 山富|觀光餐旅|1019 509 -148|79 79 28 -1|0.4 49
2748 雲品|觀光餐旅|26 39 -44|97 97 40 37|2.0 206
2752 豆府|觀光餐旅|22 15 -40|100 100 22 70|1.9 8
2753 八方雲集|觀光餐旅|9 12 -3|94 94 28 51|0.9 264
2754 亞洲藏壽司|觀光餐旅|13 17 -193|95 95 39 87|0.9 98
2801 彰銀|金融保險|29 28 9|93 99 6 2|1.3 63
2809 京城銀|金融保險|-31 -9 42|88 95 13 0|0.6 56
2812 台中銀|金融保險|7 3 -7|88 95 6 -2|2.0 56
2834 臺企銀|金融保險|22 30 12|98 99 10 12|0.7 188
2838 聯邦銀|金融保險|3 -0 3|96 96 7 21|0.8 9
2845 遠東銀|金融保險|99 47 36|98 100 11 10|1.2 37
2850 新產|金融保險|0 2 -0|86 86 15 -4|0.6 6
2851 中再保|金融保險|12 -1 -6|63 83 5 -12|1.3 51
2855 統一證|金融保險|-18 -31 -11|78 93 15 3|1.0 6
2880 華南金|金融保險|-3 1 -4|96 96 7 5|1.8 214
2881 富邦金|金融保險|-93 -136 -84|82 99 19 12|1.4 519
2882 國泰金|金融保險|-76 -74 -28|69 91 13 -5|1.1 985
2883 凱基金|金融保險|-101 -103 -53|72 94 13 1|1.2 197
2884 玉山金|金融保險|-1 1 7|76 86 6 -10|1.5 346
2885 元大金|金融保險|-5 -26 -3|91 98 14 14|1.2 291
2886 兆豐金|金融保險|-1 -9 -3|76 89 6 -4|1.2 339
2887 台新新光金|金融保險|-9 16 6|84 97 21 12|1.7 194
2889 國票金|金融保險|-56 -53 -14|81 93 13 -6|1.4 59
2890 永豐金|金融保險|2 -3 -6|94 94 8 9|1.0 263
2891 中信金|金融保險|-90 -95 -73|79 92 12 -0|1.1 499
2892 第一金|金融保險|-1 3 -6|93 96 5 2|1.9 383
2903 遠百|貿易百貨|-1 -3 -8|99 99 19 14|1.3 28
2906 高林|貿易百貨|-14 -13 -24|63 87 23 -9|0.3 12
2912 統一超|貿易百貨|11 10 -0|94 94 0 -1|1.9 227
2913 農林|貿易百貨|-3 -7 -14|90 90 6 12|0.4 12
2915 潤泰全|貿易百貨|-0 5 -3|60 94 27 14|0.6 181
2929 淘帝-KY|貿易百貨|-18 -17 -4|100 100 113 79|1.3 85
3003 健和興|電子零組|-32 -16 -18|80 82 7 -15|0.8 17
3004 豐達科|鋼鐵工業|45 64 10|97 97 33 27|0.6 14
3005 神基|電腦及週|1 9 -1|81 93 18 -2|1.0 28
3006 晶豪科|半導體業|-56 -54 -24|48 92 22 -5|0.8 179
3008 大立光|光電業|-11 11 10|91 91 17 4|1.6 1007
3010 華立|電子通路|-18 -11 -16|81 90 9 -4|1.4 12
3011 今皓|電子零組|-46 -39 -39|73 78 38 -22|0.5 10
3013 晟銘電|電腦及週|22 34 10|88 88 42 38|1.5 81
3014 聯陽|半導體業|-28 -33 -8|76 100 38 17|0.9 50
3016 嘉晶|半導體業|6 0 -17|62 82 14 -8|0.7 36
3017 奇鋐|電腦及週|13 21 1|83 83 13 -5|0.5 198
3019 亞光|光電業|-27 -17 -9|77 94 13 2|0.5 22
3022 威強電|電腦及週|3 43 13|93 93 43 35|0.5 83
3023 信邦|電子零組|22 26 6|99 99 19 8|1.0 81
3025 星通|通信網路|-67 -46 -36|77 77 1 6|0.1 6
3026 禾伸堂|電子零組|-6 -6 3|83 99 6 0|0.8 8
3027 盛達|通信網路|48 32 17|100 100 87 112|1.2 393
3028 增你強|電子通路|-24 -15 -11|83 98 18 -2|1.2 7
3029 零壹|資訊服務|2 -2 -4|91 98 12 7|1.2 6
3030 德律|其他電子|-22 7 -14|93 95 9 3|0.7 12
3033 威健|電子通路|-13 -3 -1|89 100 7 2|1.1 12
3034 聯詠|半導體業|-35 -39 -25|84 100 51 35|0.9 2459
3035 智原|半導體業|16 23 -47|54 87 27 11|0.5 1437
3036 文曄|電子通路|25 25 -4|73 94 6 -7|0.8 37
3037 欣興|電子零組|4 20 -15|55 82 15 -12|0.8 2528
3038 全台|光電業|1 8 -4|89 89 6 -7|0.4 8
3041 揚智|半導體業|-23 -24 -21|53 83 21 -12|0.8 11
3042 晶技|電子零組|-15 -14 -1|92 96 17 -1|1.2 61
3044 健鼎|電子零組|-15 -12 -17|79 96 18 -3|1.1 106
3045 台灣大|通信網路|13 12 2|89 93 0 -7|1.5 190
3046 建碁|電腦及週|2 0 -33|76 76 1 59|0.1 37
3047 訊舟|通信網路|1 4 -9|83 83 7 19|0.3 34
3048 益登|電子通路|-9 -1 -12|80 90 1 -8|1.0 7
3050 鈺德|光電業|14 10 -0|92 97 10 6|0.6 7
3051 力特|光電業|-12 -15 -9|62 79 11 5|0.5 6
3056 富華新|建材營造|1022 8442 -94|85 93 8 8|0.6 16
3059 華晶科|光電業|-10 52 -7|65 88 8 -9|0.5 29
3062 建漢|通信網路|76 84 36|77 77 14 -21|0.3 34
3078 僑威|電子零組|-13 -21 14|82 91 23 -2|0.8 6
3081 聯亞|通信網路|72 93 53|62 70 5 -9|0.6 147
3083 網龍|文化創意|-1 -2 -11|81 92 23 7|0.5 48
3088 艾訊|電腦及週|20 26 -9|90 98 21 6|0.8 12
3090 日電貿|電子零組|-16 -6 -5|100 100 14 13|0.6 11
3092 鴻碩|電子零組|-43 -38 -55|49 73 6 -17|0.4 6
3093 港建*|其他電子|36 -0 -30|70 82 24 -16|1.9 6
3105 穩懋|半導體業|-54 -51 -22|59 99 67 21|1.7 814
3128 昇銳|光電業|-42 2 -19|77 77 61 120|0.2 89
3131 弘塑|半導體業|-28 -9 -13|72 82 36 3|0.3 9
3138 耀登|通信網路|28 30 8|69 85 18 13|0.4 33
3141 晶宏|半導體業|-24 -49 -51|48 69 31 -24|0.7 131
3149 正達|光電業|-30 -8 -1|65 83 -10 9|0.4 5
3152 璟德|通信網路|-21 -29 17|64 94 39 14|1.2 7
3162 精確|電機機械|171 163 80|93 93 30 12|0.6 127
3163 波若威|通信網路|-12 21 -21|86 86 24 1|0.5 47
3169 亞信|半導體業|-29 -27 -36|49 84 27 -11|0.5 40
3178 公準|半導體業|29 13 2|99 99 45 20|1.0 5
3189 景碩|半導體業|-11 -5 -26|51 81 11 -16|0.5 577
3205 佰研|生技醫療|-11 -11 -2|53 53 16 -22|0.3 11
3207 耀勝|電子零組|39 32 3|98 98 23 41|0.4 50
3209 全科|電子通路|72 52 21|97 97 28 9|1.4 19
3211 順達|電腦及週|-2 7 13|73 96 13 3|1.4 8
3217 優群|電子零組|-23 -21 -11|75 100 54 23|2.2 13
3218 大學光|生技醫療|31 30 -3|94 94 39 4|1.5 215
3221 台嘉碩|通信網路|-14 -20 -36|68 68 15 -29|0.5 7
3227 原相|半導體業|-31 -37 3|76 98 27 7|0.8 25
3228 金麗科|半導體業|-78 -21 1|39 49 45 -45|0.9 280
3231 緯創|電腦及週|0 0 -15|100 100 22 20|1.3 218
3234 光環|通信網路|-43 -39 -14|76 76 8 -14|0.6 5
3236 千如|電子零組|3 13 -10|90 90 14 15|0.2 6
3252 海灣|觀光餐旅|-35 -29 -75|72 76 15 -18|0.5 9
3260 威剛|半導體業|-28 -24 -14|72 100 18 13|1.2 72
3264 欣銓|半導體業|19 22 0|99 99 33 28|0.9 76
3265 台星科|半導體業|-3 6 -25|92 97 29 3|1.0 59
3272 東碩|電腦及週|-40 102 47|73 73 17 46|0.2 41
3289 宜特|其他電子|10 12 -5|95 95 19 58|0.5 181
3290 東浦|電子零組|-9 1 -5|94 94 16 9|1.1 11
3293 鈊象|文化創意|24 12 6|100 100 44 43|1.2 1123
3305 昇貿|其他電子|-35 -33 -44|60 83 27 -13|1.9 10
3317 尼克森|半導體業|-25 -23 -15|76 87 26 -9|0.7 12
3324 雙鴻|其他電子|-24 -18 -17|63 91 31 -11|0.4 80
3346 麗清|汽車工業|17 45 24|89 90 33 21|1.0 23
3356 奇偶|光電業|-4 7 1|80 80 27 36|0.1 61
3362 先進光|光電業|-40 -20 -22|83 83 36 -8|0.4 65
3373 熱映|其他電子|-28 -26 8|67 84 21 26|0.3 5
3374 精材|半導體業|-17 -2 -7|74 81 20 -16|1.2 141
3376 新日興|電子零組|-34 -26 -26|87 87 7 2|1.0 14
3380 明泰|通信網路|31 47 24|87 87 15 0|0.5 23
3406 玉晶光|光電業|-21 -0 -18|69 81 27 -7|0.7 688
3413 京鼎|半導體業|11 25 3|76 88 17 -1|0.7 53
3419 譁裕|通信網路|55 51 24|76 82 17 3|0.2 14
3430 奇鈦科|化學工業|-13 -12 na|na na 14 na|0.6 5
3438 類比科|半導體業|-49 -51 -17|75 100 27 9|0.5 13
3441 聯一光電|光電業|-43 -36 -33|83 83 26 -4|0.3 17
3443 創意|半導體業|105 66 6|96 96 96 47|0.7 4522
3444 利機|電子通路|-26 -20 -7|75 75 16 7|0.6 48
3454 晶睿|光電業|91 148 63|95 95 79 167|0.5 1794
3455 由田|光電業|14 7 -7|82 98 23 15|1.0 27
3466 德晉|通信網路|128 88 72|93 93 52 23|0.3 25
3479 安勤|電腦及週|30 66 6|93 93 52 24|0.9 561
3481 群創|光電業|-39 -40 -4|68 91 -2 8|0.9 384
3483 力致|電腦及週|-42 -30 -29|66 89 28 -4|0.7 7
3491 昇達科|通信網路|-10 -18 -25|73 78 26 -13|0.4 91
3494 誠研|電腦及週|-10 1 -19|65 65 20 -18|0.5 8
3498 陽程|其他電子|129 127 89|94 94 52 43|0.8 12
3504 揚明光|光電業|-33 -31 -37|75 75 21 -8|0.4 63
3508 位速|其他電子|-14 -39 -36|68 85 43 -17|0.4 24
3511 矽瑪|電子零組|-12 10 -73|80 80 6 1|0.3 6
3515 華擎|電腦及週|-36 -10 2|67 97 51 54|0.5 349
3520 華盈|電子零組|94 47 -12|76 76 17 14|0.2 7
3521 台鋼建設|建材營造|-77 -28 -22|75 75 -12 33|1.7 10
3526 凡甲|電子零組|-29 -23 -14|64 78 15 -17|1.4 10
3527 聚積|半導體業|-38 -32 -18|62 86 24 -6|0.7 12
3529 力旺|半導體業|64 49 10|85 100 66 47|0.8 964
3530 晶相光|半導體業|-31 -52 -4|67 88 24 -13|1.4 6
3532 台勝科|半導體業|30 38 4|42 84 12 -8|0.5 138
3533 嘉澤|電子零組|-0 18 -9|83 83 9 16|1.4 481
3535 晶彩科|光電業|-26 -47 -79|63 81 -8 -17|0.2 10
3545 敦泰|半導體業|-32 -40 -1|51 85 -4 -4|0.5 148
3546 宇峻|文化創意|2 -5 -2|87 95 11 8|0.9 13
3548 兆利|電子零組|-42 -26 -25|83 93 23 3|1.2 11
3552 同致|其他電子|-16 3 -12|76 76 15 1|0.5 102
3558 神準|通信網路|95 120 44|89 89 23 2|0.6 311
3563 牧德|光電業|-5 -21 1|63 94 32 6|1.1 8
3576 聯合再生|光電業|14 41 3|87 90 -1 -3|0.9 91
3577 泓格|電腦及週|-25 -5 -26|86 86 13 12|0.4 18
3580 友威科|其他電子|18 36 3|81 81 18 -4|0.3 20
3583 辛耘|半導體業|-2 11 -14|69 89 21 4|0.6 15
3587 閎康|其他電子|14 25 7|100 100 39 52|0.8 175
3588 通嘉|半導體業|-52 -52 -33|44 84 32 -13|0.1 12
3592 瑞鼎|半導體業|-40 -37 -32|60 100 53 27|0.5 311
3594 磐儀|電腦及週|29 34 16|97 99 30 2|0.6 30
3596 智易|通信網路|36 38 14|75 75 15 -18|0.6 55
3617 碩天|其他電子|34 28 1|88 88 16 36|0.3 24
3624 光頡|電子零組|-36 -25 -30|53 87 32 -10|3.1 29
3653 健策|電子零組|27 40 3|90 90 19 10|0.9 461
3661 世芯-KY|半導體業|106 87 53|70 89 45 30|0.6 2963
3665 貿聯-KY|其他電子|39 69 -20|77 77 6 -16|1.3 383
3669 圓展|通信網路|-14 -15 3|77 91 18 7|0.3 9
3673 TPK-KY|光電業|-24 -8 -3|77 82 4 -12|0.8 12
3675 德微|半導體業|-7 -6 -12|60 85 29 -3|2.1 121
3680 家登|半導體業|60 10 -43|94 94 37 14|2.5 604
3686 達能|半導體業|-93 -95 -20|57 74 59 -17|0.4 8
3687 歐買尬|數位雲端|4 4 -2|49 91 40 -1|0.8 91
3691 碩禾|光電業|-80 -47 -23|57 67 13 -22|0.9 15
3693 營邦|電腦及週|167 129 71|93 93 127 117|4.4 339
3701 大眾控|電腦及週|23 26 -0|56 78 27 -8|0.6 9
3702 大聯大|電子通路|-17 -10 -11|87 91 7 -6|0.8 117
3703 欣陸|建材營造|-17 -18 -46|89 89 11 0|0.9 22
3704 合勤控|通信網路|15 37 18|94 94 44 20|0.8 198
3705 永信|生技醫療|-36 -14 -8|85 85 10 5|0.3 118
3706 神達|電腦及週|34 36 19|95 100 15 9|0.9 38
3707 漢磊|半導體業|7 7 -16|70 82 18 -4|0.8 226
3708 上緯投控|綠能環保|-26 -19 -12|76 100 21 1|1.3 285
3710 連展投控|電子零組|-26 -18 -5|65 65 12 -12|0.5 11
3711 日月光投控|半導體業|-11 3 -16|95 95 30 16|1.1 915
3712 永崴投控|電腦及週|-29 -20 -45|88 97 26 4|0.7 14
3713 新晶投控|綠能環保|81 217 53|80 88 10 3|0.4 6
3714 富采|光電業|-56 -40 -24|50 95 21 1|0.8 98
3715 定穎投控|電子零組|na na na|na na 7 na|0.6 8
4102 永日|生技醫療|7 28 4|70 70 4 68|0.3 96
4104 佳醫|生技醫療|11 10 1|99 99 17 16|1.6 21
4105 東洋|生技醫療|-9 6 -6|92 92 6 9|0.4 112
4106 雃博|生技醫療|18 14 0|72 87 28 17|0.4 37
4107 邦特|生技醫療|17 10 -0|90 90 5 9|0.5 11
4111 濟生|生技醫療|8 7 -4|93 93 19 20|0.4 11
4113 聯上|建材營造|-100 -100 -23|86 96 3 5|2.8 6
4114 健喬|生技醫療|39 37 2|80 80 36 34|0.6 995
4116 明基醫|生技醫療|59 89 -16|74 81 25 -18|0.1 19
4119 旭富|生技醫療|125 70 50|98 98 13 18|0.6 26
4121 優盛|生技醫療|11 2 -8|80 91 25 17|0.3 41
4123 晟德|生技醫療|70 99 37|85 90 10 -4|0.5 35
4126 太醫|生技醫療|31 27 17|91 91 13 8|0.4 11
4128 中天|生技醫療|2 2 3|84 84 24 16|0.6 279
4129 聯合|生技醫療|27 27 2|87 87 51 48|0.4 43
4130 健亞|生技醫療|-30 4 2|72 72 33 10|0.3 154
4133 亞諾法|生技醫療|-20 13 18|48 83 18 5|0.3 30
4137 麗豐-KY|生技醫療|-42 -31 -10|100 100 52 22|0.8 99
4142 國光生|生技醫療|288 63 -352|89 96 24 1|2.2 27
4147 中裕|生技醫療|420 375 295|94 94 26 22|0.4 45
4148 全宇生技-KY|生技醫療|32 31 -39|64 79 15 -6|0.4 6
4153 鈺緯|生技醫療|20 60 22|95 95 59 38|2.0 30
4155 訊映|生技醫療|-56 -5 -28|100 100 32 29|1.3 55
4157 太景*-KY|生技醫療|8947 3065 2199|74 79 14 -19|0.4 23
4162 智擎|生技醫療|-29 -4 -15|79 79 22 15|0.5 974
4163 鐿鈦|生技醫療|52 31 9|99 99 28 32|1.8 68
4164 承業醫|生技醫療|-19 6 -27|100 100 27 34|2.3 13
4167 松瑞藥|生技醫療|-15 -25 0|77 77 38 34|0.4 357
4168 醣聯|生技醫療|-98 -38 na|72 72 22 9|0.2 23
4171 瑞基|農業科技|-76 -59 -36|41 78 27 -8|0.5 88
4173 久裕|生技醫療|1 6 -1|83 90 12 7|0.2 7
4174 浩鼎|生技醫療|-28 -76 -470|54 83 9 -10|0.8 25
4175 杏一|生技醫療|12 6 -5|79 91 10 9|1.1 9
4190 佐登-KY|生技醫療|-14 14 12|92 92 7 8|0.5 15
4426 利勤|紡織纖維|107 245 87|84 84 22 -9|0.9 8
4432 銘旺實|紡織纖維|-43 -9 -34|73 73 20 -21|0.8 7
4438 廣越|紡織纖維|5 28 -36|85 85 2 14|0.5 14
4503 金雨|電機機械|25 39 -1|82 86 19 -6|0.9 14
4513 福裕|電機機械|-11 -12 -17|70 70 -13 -14|0.7 5
4536 拓凱|運動休閒|7 17 -10|86 86 10 24|0.7 92
4541 晟田|其他|0 10 -21|85 85 19 1|0.2 12
4551 智伸科|汽車工業|-2 2 -3|87 87 4 -10|0.6 40
4563 百德|電機機械|-0 0 -33|100 100 39 38|1.8 12
4566 時碩工業|電機機械|-2 21 4|84 84 10 2|0.3 18
4572 駐龍|電機機械|79 62 2|91 98 14 -2|0.4 19
4721 美琪瑪|化學工業|-17 -22 -66|70 77 17 -14|0.6 38
4726 永昕|生技醫療|5 4 -13|75 75 15 -4|0.3 17
4736 泰博|生技醫療|9 38 -23|65 80 8 1|0.4 128
4739 康普|化學工業|-24 -16 -41|61 73 17 -19|0.4 41
4743 合一|生技醫療|18 -16 -1016|90 90 27 47|0.8 1837
4746 台耀|生技醫療|16 21 -0|82 82 42 40|0.9 321
4747 強生製藥|生技醫療|42 32 12|75 75 50 38|2.1 60
4755 三福化|化學工業|-20 -27 -53|59 80 25 -13|0.5 41
4763 材料*-KY|化學工業|45 61 4|100 100 175 185|2.9 2211
4768 晶呈科技|化學工業|28 103 na|na 84 15 57|1.2 98
4770 上品|化學工業|49 48 -22|87 87 36 31|1.5 383
4904 遠傳|通信網路|0 0 -4|79 85 -6 -11|1.4 193
4906 正文|通信網路|24 55 32|86 86 8 -9|0.8 29
4915 致伸|電子零組|-12 -8 -21|81 81 6 -19|0.5 112
4916 事欣科|電腦及週|125 100 65|95 96 34 20|0.3 14
4919 新唐|半導體業|-12 -8 -9|69 99 35 15|0.6 456
4927 泰鼎-KY|電子零組|-36 -18 -22|49 93 21 -3|0.3 23
4931 新盛力|電腦及週|-4 18 -84|81 81 13 31|0.2 135
4934 太極|光電業|70 88 33|80 97 27 2|1.9 22
4938 和碩|電腦及週|-28 -20 -32|95 98 14 4|0.9 192
4943 康控-KY|電子零組|-62 -56 -12|44 75 41 -17|0.7 5
4950 金耘國際|鋼鐵工業|-94 -97 -59|72 82 -12 -15|0.9 30
4952 凌通|半導體業|-47 -45 -37|63 79 15 -20|0.9 9
4953 緯致|資訊服務|17 20 -9|97 98 18 15|0.9 11
4958 臻鼎-KY|電子零組|-20 -4 -18|87 87 6 -3|0.6 330
4960 誠美材|光電業|-23 -33 -19|79 93 10 8|0.8 7
4961 天鈺|半導體業|-25 -34 -27|74 100 38 17|1.2 1125
4966 譜瑞-KY|半導體業|-52 -41 -44|45 89 37 -14|0.6 716
4968 立積|半導體業|-24 -1 27|54 87 46 -5|0.7 479
4974 亞泰|電子零組|19 28 23|100 100 28 21|2.6 39
4976 佳凌|光電業|-35 -30 -1|61 80 18 -6|0.8 7
4977 眾達-KY|通信網路|77 79 56|95 95 23 45|1.4 492
4979 華星光|通信網路|182 126 69|90 90 69 70|1.9 394
4989 榮科|電子零組|-9 -15 -6|64 90 18 1|0.8 5
5009 榮剛|鋼鐵工業|29 31 -12|100 100 29 21|0.6 386
5011 久陽|鋼鐵工業|22 10 -23|63 93 26 -8|0.6 7
5014 建錩|鋼鐵工業|-33 -23 -30|84 100 53 3|1.0 48
5015 華祺|鋼鐵工業|-26 -15 -28|77 77 -2 29|0.3 14
5203 訊連|資訊服務|0 9 1|76 83 -5 -5|0.8 5
5222 全訊|半導體業|64 37 21|80 87 10 9|0.7 37
5225 東科-KY|其他電子|-6 24 -15|81 81 13 65|0.2 19
5227 立凱-KY|電子零組|171 182 40|79 91 12 38|0.4 17
5234 達興材料|光電業|-21 -21 -8|58 98 29 3|1.0 5
5243 乙盛-KY|光電業|5 16 -1|87 90 5 -11|0.8 31
5245 智晶|光電業|-26 -19 -17|65 75 3 -19|0.9 7
5251 天鉞電|光電業|241 108 43|83 83 18 44|0.1 9
5258 虹堡|電腦及週|39 61 -10|100 100 54 23|1.2 173
5263 智崴|文化創意|54 27 23|95 95 29 12|4.0 66
5269 祥碩|半導體業|-1 -14 -2|46 90 63 -8|0.9 746
5274 信驊|半導體業|5 29 -15|70 92 41 15|0.7 598
5284 jpp-KY|其他|40 50 17|100 100 75 80|1.6 179
5285 界霖|半導體業|-15 -15 -14|68 77 15 -18|1.4 7
5288 豐祥-KY|電機機械|30 47 6|92 92 6 16|0.5 15
5289 宜鼎|電腦及週|-8 -4 -9|93 95 16 10|1.0 16
5299 杰力|半導體業|-50 -48 -36|70 95 43 -6|0.8 18
5306 桂盟|運動休閒|-43 -33 -25|66 91 10 -1|1.1 11
5309 系統電|電子零組|37 32 -9|89 94 13 5|0.5 36
5321 美而快|數位雲端|39 19 2|64 92 37 19|4.5 106
5340 建榮|電子零組|17 6 11|100 100 64 53|3.0 18
5347 世界|半導體業|-39 -24 -45|75 99 61 41|1.7 651
5351 鈺創|半導體業|-66 -66 -55|55 91 48 -7|0.5 218
5353 台林|通信網路|28 28 -8|70 70 -5 -4|0.2 15
5371 中光電|光電業|-35 -26 -29|74 88 21 8|0.5 154
5386 青雲|電腦及週|-62 -44 -61|86 96 14 1|1.1 7
5388 中磊|通信網路|34 41 -7|76 76 9 -10|0.5 122
5410 國眾|資訊服務|9 218 130|84 84 13 31|0.1 13
5425 台半|半導體業|3 12 -8|92 92 27 9|1.1 308
5434 崇越|電子通路|-1 13 -11|98 98 17 7|1.0 30
5443 均豪|半導體業|-18 17 14|91 92 16 15|1.0 11
5457 宣德|電子零組|-40 -29 -38|72 79 10 4|0.4 26
5469 瀚宇博|電子零組|-30 -20 -5|78 93 18 8|0.5 15
5471 松翰|半導體業|-46 -53 -11|63 87 16 -11|0.4 26
5478 智冠|文化創意|11 12 19|89 97 12 8|0.7 13
5483 中美晶|半導體業|13 17 -2|75 98 36 17|0.9 471
5508 永信建|建材營造|-79 -56 -47|77 80 -12 -17|2.2 5
5522 遠雄|建材營造|-49 -46 -51|94 95 8 -3|0.6 24
5530 龍巖|其他|-18 -4 -17|79 90 8 -6|0.7 9
5534 長虹|建材營造|-50 34 -503|98 98 4 8|1.1 11
5536 聖暉*|其他電子|30 30 -12|50 51 18 -41|1.7 24
5603 陸海|航運業|-21 -20 -21|56 69 18 -19|0.6 5
5607 遠雄港|航運業|-14 -4 -33|80 93 5 17|0.9 20
5608 四維航|航運業|-34 -30 -67|55 78 6 -21|0.3 88
5609 中菲行|航運業|-50 -41 -56|74 88 25 -1|0.8 10
5704 老爺知|觀光餐旅|-2 1 -154|89 89 28 44|0.4 16
5706 鳳凰|觀光餐旅|298 270 210|87 89 33 -5|0.4 51
5871 中租-KY|其他|16 20 -0|89 94 57 6|1.2 1013
5876 上海商銀|金融保險|30 27 10|89 89 4 -6|1.0 143
5880 合庫金|金融保險|13 9 12|92 95 5 3|1.7 262
5903 全家|居家生活|8 9 0|83 97 10 11|0.9 8
5904 寶雅|居家生活|18 8 -5|96 96 30 38|0.8 343
5905 南仁湖|觀光餐旅|-13 -11 -62|80 93 12 1|1.3 17
5907 大洋-KY|貿易百貨|-39 -27 -10|100 100 37 24|1.7 7
6005 群益證|金融保險|-28 -28 8|77 94 16 0|0.9 15
6104 創惟|半導體業|-46 -45 -59|34 79 39 -13|0.7 357
6109 亞元|通信網路|-17 2 -8|90 90 36 16|0.3 14
6111 光聚晶電|文化創意|366 267 -47|88 95 52 6|0.6 150
6116 彩晶|光電業|-41 -27 9|74 98 5 23|2.0 51
6118 建達|電子通路|9 -5 -9|80 80 37 -18|0.4 116
6121 新普|電腦及週|-2 2 2|100 100 23 20|0.9 79
6122 擎邦|電機機械|51 33 -12|98 98 39 1|1.5 17
6125 廣運|電機機械|5 23 -11|80 80 14 -9|0.8 22
6129 普誠|半導體業|23 18 -1|78 78 21 -10|0.5 37
6133 金橋|電子零組|-20 1 -33|80 80 25 2|0.3 55
6138 茂達|半導體業|-53 -44 -41|55 93 32 9|1.0 93
6139 亞翔|其他電子|8 37 -20|100 100 49 43|1.1 91
6142 友勁|通信網路|28 87 41|94 94 15 13|0.8 7
6143 振曜|通信網路|7 29 16|99 99 42 58|0.6 117
6146 耕興|其他電子|-8 8 -9|82 82 13 7|0.6 60
6147 頎邦|半導體業|-25 -18 -7|93 99 14 9|0.8 73
6150 撼訊|電腦及週|-56 -65 -40|58 100 33 26|1.2 130
6153 嘉聯益|電子零組|-36 1 1|82 82 9 8|0.3 52
6155 鈞寶|電子零組|-16 -13 -10|95 96 21 13|2.8 5
6173 信昌電|電子零組|-36 -39 -8|66 87 17 -8|0.9 6
6175 立敦|電子零組|-10 -18 -11|80 100 51 13|1.6 6
6176 瑞儀|光電業|-30 3 -1|94 94 10 10|1.0 159
6177 達麗|建材營造|-97 -89 -7144|100 100 15 11|1.0 15
6180 橘子|文化創意|10 -6 -6|100 100 56 34|2.2 170
6182 合晶|半導體業|-1 6 -18|58 84 19 -5|1.1 98
6186 新潤|建材營造|84818 na na|95 95 34 47|0.5 30
6187 萬潤|半導體業|-47 -33 -20|47 75 21 -13|0.4 21
6188 廣明|電腦及週|-3 10 -2|100 100 20 7|2.6 24
6189 豐藝|電子通路|-32 -28 -15|92 99 11 -1|2.1 6
6190 萬泰科|通信網路|-20 -17 -37|72 72 1 -13|0.6 19
6191 精成科|電子零組|-22 -17 -5|83 95 16 3|0.6 10
6192 巨路|其他電子|8 -1 -7|89 92 8 -4|1.1 6
6196 帆宣|其他電子|17 29 -20|73 98 30 12|0.6 52
6197 佳必琪|電子零組|-9 11 -2|94 100 21 16|1.1 9
6202 盛群|半導體業|-36 -42 -32|66 96 12 0|0.6 60
6205 詮欣|電子零組|-3 16 -5|86 91 -1 12|0.9 48
6206 飛捷|電腦及週|-52 -42 -58|70 70 11 -24|0.5 13
6213 聯茂|電子零組|-15 -14 -5|65 100 54 13|1.0 74
6214 精誠|資訊服務|22 22 9|93 100 14 1|0.6 16
6215 和椿|其他電子|-36 -31 -25|92 94 21 4|1.4 8
6217 中探針|電子零組|-23 -22 -34|70 71 18 -30|0.5 26
6220 岳豐|電子零組|-38 -30 -25|76 76 17 -10|0.3 19
6223 旺矽|半導體業|1 2 -13|95 95 55 35|0.6 213
6224 聚鼎|電子零組|-3 -10 -11|56 95 23 -8|0.6 6
6227 茂綸|電子通路|7 9 2|100 100 21 27|2.2 7
6231 系微|資訊服務|1 -10 -20|85 92 29 25|1.4 43
6233 旺玖|半導體業|-7 -2 0|68 83 25 -7|0.5 7
6234 高僑|光電業|18 42 -23|90 90 25 21|0.3 14
6235 華孚|電腦及週|38 41 -8|85 92 29 -2|0.7 96
6237 驊訊|半導體業|-18 -29 18|57 79 23 -20|0.6 18
6239 力成|半導體業|-21 -18 -19|91 95 16 -2|0.6 139
6244 茂迪|光電業|18 10 16|85 94 24 -1|0.7 94
6245 立端|通信網路|46 36 8|85 85 55 36|1.1 410
6257 矽格|半導體業|-12 -3 -17|89 98 11 2|1.0 38
6261 久元|半導體業|-18 -25 -14|73 90 11 -5|0.8 5
6266 泰詠|電子零組|12 35 6|83 90 15 4|0.6 11
6269 台郡|電子零組|-27 -7 -23|89 89 13 9|0.4 68
6271 同欣電|半導體業|-3 -6 -8|73 96 30 -1|1.0 253
6274 台燿|電子零組|-26 -22 -10|69 100 54 18|1.1 187
6278 台表科|光電業|-21 -10 -20|69 85 16 4|1.0 76
6279 胡連|電子零組|27 37 5|85 85 10 5|0.7 184
6282 康舒|電子零組|-11 -8 -25|100 100 28 10|4.1 63
6284 佳邦|電子零組|-20 -8 -2|79 96 34 7|0.7 16
6285 啟碁|通信網路|35 54 13|89 89 -0 10|0.4 202
6288 聯嘉|汽車工業|-16 8 1|77 91 15 1|0.4 12
6290 良維|電子零組|-22 -14 -13|94 94 18 4|0.7 27
6409 旭隼|其他電子|14 16 -19|83 83 19 7|1.5 200
6411 晶焱|半導體業|-63 -67 -38|47 81 15 -13|0.9 26
6412 群電|電子零組|-7 -10 -13|95 100 11 5|1.0 9
6414 樺漢|電腦及週|48 26 -1|92 92 23 3|0.9 152
6415 矽力*-KY|半導體業|-35 -23 -37|54 92 65 11|1.4 973
6416 瑞祺電通|通信網路|-1 0 -8|89 89 18 6|0.5 8
6435 大中|半導體業|-56 -43 -42|66 82 9 -10|0.6 10
6438 迅得|其他電子|25 15 -3|75 92 26 -0|0.9 15
6441 廣錠|電腦及週|35 -12 32|92 94 46 30|0.5 28
6442 光聖|通信網路|6 -6 -11|71 71 25 -19|0.3 10
6443 元晶|光電業|45 26 -25|76 87 10 7|0.9 425
6446 藥華藥|生技醫療|124 238 -312|80 80 15 -12|0.7 483
6451 訊芯-KY|半導體業|26 46 19|89 89 0 20|0.9 33
6456 GIS-KY|光電業|-40 0 2|89 89 7 9|0.5 109
6457 紘康|半導體業|-56 -57 -19|38 76 8 -21|0.4 6
6461 益得|生技醫療|-82 -69 -90|70 70 10 -5|0.2 18
6462 神盾|半導體業|-11 6 3|62 77 19 -20|1.1 6
6469 大樹|生技醫療|28 24 -6|98 98 17 21|1.0 103
6470 宇智|通信網路|5 23 -30|73 73 24 -22|0.4 15
6472 保瑞|生技醫療|358 360 242|88 88 52 104|0.6 1416
6477 安集|光電業|-61 21 -151|71 80 16 -16|0.4 53
6485 點序|半導體業|-29 -27 -32|52 88 29 -5|0.3 20
6488 環球晶|半導體業|14 17 2|61 99 55 15|1.1 813
6491 晶碩|生技醫療|14 15 0|89 100 66 3|1.3 395
6492 生華科|生技醫療|na na na|53 85 48 -1|0.3 11
6494 九齊|半導體業|-55 -48 -36|50 88 25 -7|0.4 10
6505 台塑化|油電燃氣|2 7 -31|86 97 2 -1|1.6 136
6508 惠光|農業科技|-63 -49 -71|61 75 3 -10|0.4 6
6509 聚和|化學工業|-7 2 -13|68 96 26 5|0.5 30
6510 精測|半導體業|-19 -10 -15|79 97 40 21|0.6 60
6515 穎崴|半導體業|73 80 7|93 93 48 17|0.8 200
6523 達爾膚|生技醫療|1 -6 8|93 93 30 34|0.4 27
6525 捷敏-KY|半導體業|-24 -7 -17|79 88 16 -7|1.1 6
6531 愛普*|半導體業|-53 -53 -35|48 98 53 3|0.6 399
6532 瑞耘|半導體業|44 32 0|86 86 6 22|0.2 10
6533 晶心科|半導體業|-47 40 12|90 90 57 108|0.6 2022
6535 順藥|生技醫療|-7 290 -844|95 95 21 19|1.3 21
6541 泰福-KY|生技醫療|170 150 na|52 71 -6 -34|0.8 15
6546 正基|通信網路|-48 -51 na|na 51 -3 -40|0.4 15
6547 高端疫苗|生技醫療|-98 -99 na|39 50 15 -48|0.5 182
6548 長科*|半導體業|-16 -9 -24|30 35 12 -61|0.9 8
6550 北極星藥業-KY|生技醫療|-100 -68 na|na 47 21 -19|0.4 339
6561 是方|通信網路|11 13 2|94 95 2 -6|1.5 7
6568 宏觀|半導體業|71 76 49|56 89 50 39|0.6 72
6570 維田|電腦及週|-3 16 -17|84 84 11 21|0.5 7
6576 逸達|生技醫療|7612 2563 -17064|74 89 40 -12|0.9 22
6578 達邦蛋白|農業科技|-16 -9 -7|60 87 18 -8|0.4 6
6581 鋼聯|綠能環保|56 9 -48|84 93 13 11|0.6 5
6582 申豐|橡膠工業|-65 -58 17|46 79 20 -13|0.5 11
6585 鼎基|其他|-8 -3 na|na 80 21 -21|0.6 11
6589 台康生技|生技醫療|-31 6 0|74 74 20 30|0.3 502
6592 和潤企業|其他|23 22 -5|87 97 15 2|1.0 27
6598 ABC-KY|生技醫療|-17 5 -34|50 84 18 -2|0.2 7
6603 富強鑫|電機機械|-5 11 3|89 89 2 5|0.6 9
6605 帝寶|汽車工業|5 9 2|90 90 14 0|0.9 24
6609 瀧澤科|電機機械|43 38 10|97 97 47 26|3.5 18
6613 朋億*|其他電子|-7 18 -30|54 54 14 -39|1.4 9
6625 必應|其他|24 83 -189|94 94 35 43|0.7 13
6643 M31|半導體業|22 36 1|93 93 72 108|0.7 1554
6664 群翊|電子零組|13 17 -6|95 95 24 24|0.6 16
6666 羅麗芬-KY|生技醫療|-41 -13 -15|92 92 4 53|0.4 21
6668 中揚光|光電業|11 6 7|72 86 14 -12|0.4 5
6669 緯穎|電腦及週|41 55 4|70 80 20 2|1.0 705
6670 復盛應用|運動休閒|35 48 1|99 99 23 20|1.0 96
6672 騰輝電子-KY|電子零組|-36 -36 -11|71 100 37 23|0.9 22
6679 鈺太|半導體業|-52 -47 -26|61 100 57 32|1.5 212
6683 雍智科技|半導體業|-7 3 -1|69 80 36 3|0.5 18
6689 伊雲谷|數位雲端|8 -0 na|na na 52 na|2.8 74
6691 洋基工程|其他電子|6 37 -2|100 100 42 32|1.1 15
6703 軒郁|生技醫療|56 44 20|88 88 20 18|0.5 6
6706 惠特|光電業|-78 -77 -61|41 77 23 -18|0.5 25
6712 長聖|生技醫療|15 16 -51|83 83 24 24|0.4 248
6715 嘉基|電子零組|8 29 -16|76 76 18 -20|0.5 27
6719 力智|半導體業|-38 -41 -48|na 100 39 1|1.3 636
6732 昇佳電子|半導體業|-34 -32 -5|63 90 39 -4|2.6 16
6741 91APP*-KY|數位雲端|18 16 1|40 91 51 4|1.4 430
6747 亨泰光|生技醫療|-1 4 -14|67 87 5 -14|1.7 6
6756 威鋒電子|半導體業|-55 -49 -40|43 78 29 -13|0.6 56
6763 綠界科技*|數位雲端|11 12 na|na 97 46 21|4.9 39
6768 志強-KY|運動休閒|-5 113 15|76 76 4 3|0.4 27
6770 力積電|半導體業|-40 -27 -48|52 96 13 -2|1.4 543
6781 AES-KY|電子零組|0 7 -25|47 72 43 -21|0.7 555
6788 華景電|半導體業|88 19 -17|66 97 65 30|4.2 25
6789 采鈺|半導體業|-26 -20 na|na 72 41 -26|0.8 170
6806 森崴能源|綠能環保|-30 -38 -144|79 96 41 19|0.7 699
6829 千附精密|半導體業|-12 -12 na|na 87 13 6|0.4 8
6830 汎銓|其他電子|7 11 na|na na 60 na|3.2 7
6854 錼創科技-KY創|半導體業|-6 17 na|na na 25 na|0.6 5
8016 矽創|半導體業|-41 -37 -24|85 100 27 27|1.6 158
8021 尖點|其他電子|-24 -18 -12|77 95 5 3|0.3 6
8027 鈦昇|電機機械|-18 -11 -42|66 71 5 -22|0.7 9
8028 昇陽半導體|半導體業|7 13 3|82 82 15 -9|0.4 99
8033 雷虎|其他|24 9 15|85 85 81 139|0.4 131
8038 長園科|電子零組|977 962 591|97 100 36 19|2.7 24
8040 九暘|半導體業|-15 4 -18|77 85 -0 24|0.3 20
8043 蜜望實|電子零組|-23 -27 -28|92 92 16 9|0.8 6
8044 網家|數位雲端|0 -5 -0|53 99 35 9|1.2 133
8046 南電|電子零組|17 20 -5|46 78 22 -0|0.6 1686
8049 晶采|光電業|38 28 9|99 99 28 33|0.9 27
8050 廣積|電腦及週|73 43 20|85 85 20 5|0.6 286
8054 安國|半導體業|3 5 -7|53 80 8 -14|0.4 6
8069 元太|光電業|43 26 -36|69 69 -7 -9|0.7 3098
8070 長華*|電子通路|-21 -14 -22|89 93 7 -1|1.0 8
8076 伍豐|電腦及週|15 0 -9|82 82 17 -0|0.6 18
8081 致新|半導體業|-26 -27 -17|69 100 24 12|1.5 68
8084 巨虹|電子通路|36 62 25|78 78 13 27|0.3 34
8086 宏捷科|半導體業|-63 -69 -15|66 97 37 10|1.6 113
8088 品安|半導體業|-21 -13 -11|100 100 22 29|1.2 6
8091 翔名|半導體業|-6 5 -21|92 92 33 22|0.5 39
8097 常珵|通信網路|805 391 -228|74 78 14 -16|0.5 24
8105 凌巨|光電業|-13 -1 -4|100 100 36 28|2.3 12
8109 博大|電子零組|16 32 12|95 95 11 19|1.0 5
8112 至上|電子通路|-38 -25 -11|76 96 14 -1|1.0 23
8114 振樺電|電腦及週|-8 3 -28|68 68 4 -20|0.4 36
8121 越峰|電子零組|-7 -7 -7|60 84 18 -14|1.9 9
8131 福懋科|半導體業|1 0 -5|100 100 8 8|1.1 6
8150 南茂|半導體業|-31 -31 -17|73 93 13 -2|1.2 47
8155 博智|電子零組|-15 -7 -28|58 91 43 10|1.4 74
8163 達方|電腦及週|-7 -8 -15|85 92 5 -1|0.9 11
8171 天宇|綠能環保|262 140 -71|100 100 63 50|1.5 220
8183 精星|其他電子|12 36 -19|76 82 7 -11|0.7 22
8210 勤誠|電腦及週|17 1 -12|98 100 36 22|4.6 17
8213 志超|電子零組|-37 -35 -17|77 95 15 -1|1.1 6
8215 明基材|光電業|-17 -11 -5|97 100 19 9|0.9 24
8222 寶一|電機機械|-21 13 -19|83 83 51 13|0.3 83
8234 新漢|電腦及週|-13 3 -17|90 90 29 4|0.5 23
8249 菱光|電子零組|62 54 41|93 93 34 37|0.5 7
8255 朋程|電機機械|14 27 15|71 88 35 4|0.9 218
8261 富鼎|半導體業|-39 -36 -30|80 96 22 8|1.1 146
8271 宇瞻|半導體業|-12 -1 -3|89 100 10 8|1.2 6
8289 泰藝|電子零組|-36 -20 -28|93 93 37 16|0.9 14
8299 群聯|半導體業|-20 -27 -26|75 100 34 34|0.8 406
8341 日友|綠能環保|4 6 -9|75 86 24 -8|0.3 153
8349 恒耀國際|鋼鐵工業|-3 9 -3|73 73 4 15|0.4 12
8358 金居|電子零組|-12 -19 -5|96 100 75 56|1.4 549
8390 金益鼎|綠能環保|-20 1 -6|85 99 15 15|0.9 10
8403 盛弘|生技醫療|-3 -6 -16|84 84 16 0|0.7 14
8415 大國鋼|鋼鐵工業|9 13 -11|96 98 14 8|0.4 9
8420 明揚|運動休閒|46 39 1|95 95 21 38|3.1 25
8422 可寧衛*|綠能環保|61 71 -7|88 98 10 4|0.8 22
8429 金麗-KY|貿易百貨|-80 -79 -36|94 100 22 23|1.4 5
8436 大江|生技醫療|-6 -3 9|93 100 78 31|0.9 486
8440 綠電|綠能環保|2 -2 -3|48 82 39 -16|0.5 33
8442 威宏-KY|其他|17 41 -20|92 92 4 17|1.0 9
8454 富邦媒|數位雲端|19 18 0|60 96 65 0|1.0 699
8464 億豐|居家生活|-11 -6 -6|79 93 28 7|1.4 95
8476 台境*|綠能環保|10 212 -168|100 100 38 19|3.2 14
8478 東哥遊艇|運動休閒|16 25 -24|90 90 72 92|1.6 768
8916 光隆|其他|-30 -0 -36|81 81 -4 23|0.3 34
8924 大田|運動休閒|-14 -0 2|84 93 28 0|0.6 20
8926 台汽電|油電燃氣|19 32 51|88 88 19 -8|0.6 14
8927 北基|油電燃氣|11 8 -15|93 93 2 1|0.9 9
8928 鉅明|運動休閒|39 16 5|80 90 26 -6|0.6 6
8931 大汽電|油電燃氣|90 93 50|100 100 54 61|1.1 6
8932 智通*|數位雲端|-62 -41 -29|88 88 33 73|0.6 23
8933 愛地雅|運動休閒|17 5 -17|65 65 -18 46|0.9 71
8936 國統|其他|-32 -15 -2|99 99 17 23|1.0 11
8938 明安|運動休閒|30 22 -6|90 90 9 19|0.7 43
8996 高力|電機機械|58 54 28|100 100 102 149|1.2 2712
9802 鈺齊-KY|運動休閒|34 39 -18|66 66 4 -18|1.0 341
9904 寶成|運動休閒|-14 10 -6|100 100 25 27|0.8 239
9907 統一實|其他|-21 -20 -26|85 85 7 8|0.7 25
9910 豐泰|運動休閒|1 30 -19|85 94 25 19|1.4 260
9914 美利達|運動休閒|57 61 32|59 78 5 -19|1.8 62
9917 中保科|其他|2 8 -1|93 96 10 -2|0.9 17
9919 康那香|其他|-23 -17 -2|57 91 14 4|0.1 24
9921 巨大|運動休閒|-12 6 -7|62 81 -1 -12|1.3 137
9933 中鼎|其他|1 15 -25|87 87 -7 -2|0.4 54
9938 百和|其他|-28 -22 -18|74 87 23 5|1.5 103
9939 宏全|其他|9 11 -5|100 100 10 21|1.1 65
9940 信義|其他|-4 -37 -14|82 88 -2 -8|1.3 7
9941 裕融|其他|18 19 4|80 91 31 -7|1.3 110
9942 茂順|其他|6 13 4|93 93 5 33|0.5 25
9945 潤泰新|其他|62 40 19|86 95 16 20|1.1 181
9955 佳龍|綠能環保|-46 -34 -17|66 94 31 11|1.9 13
9958 世紀鋼|鋼鐵工業|45 13 15|77 100 24 1|0.9 351
9962 有益|鋼鐵工業|57 20 -26|90 100 32 21|1.3 12
