# 2024-03 月末(2024-03-29)全池量化快照(1277 檔)。欄位:代碼 名稱|產業|最新YoY 3月YoY 加速|距52週高% 距120日高% 60日漲% 120日漲%|量能x 日均值M
1101 台泥|水泥工業|-34 -20 -13|82 92 -7 -3|1.0 496
1102 亞泥|水泥工業|-42 -11 0|97 98 1 4|0.9 192
1103 嘉泥|水泥工業|-5 15 -11|77 90 -8 -6|1.4 6
1104 環泥|水泥工業|-19 6 -4|97 97 8 22|1.1 50
1108 幸福|水泥工業|-21 14 -9|89 97 0 11|1.8 19
1109 信大|水泥工業|-45 7 6|99 99 6 8|1.6 9
1201 味全|食品工業|16 17 7|92 96 -1 3|0.8 7
1210 大成|食品工業|-12 -6 -4|93 95 0 7|0.6 114
1215 卜蜂|食品工業|-10 -6 -7|100 100 16 18|1.7 70
1216 統一|食品工業|18 19 5|99 99 6 10|2.1 823
1217 愛之味|食品工業|5 0 -3|81 95 0 -4|1.0 12
1218 泰山|食品工業|-6 -2 -2|69 97 0 -1|1.0 26
1219 福壽|食品工業|-20 -13 -7|90 94 -3 -6|1.2 7
1227 佳格|食品工業|-7 5 3|94 95 -1 1|1.3 16
1229 聯華|食品工業|-3 28 15|98 98 3 11|1.2 90
1231 聯華食|食品工業|19 6 3|99 99 11 9|1.0 26
1232 大統益|食品工業|-23 -13 -5|99 100 3 4|1.5 9
1234 黑松|食品工業|16 2 -6|100 100 3 8|1.0 6
1268 漢來美食|觀光餐旅|75 28 -15|84 96 3 1|0.6 14
1301 台塑|塑膠工業|-27 -5 10|76 84 -12 -14|0.9 577
1303 南亞|塑膠工業|-23 -13 9|72 80 -15 -16|0.9 517
1304 台聚|塑膠工業|-21 -10 8|61 77 -18 -22|1.6 28
1305 華夏|塑膠工業|-36 -26 -6|68 73 -18 -25|1.2 28
1307 三芳|塑膠工業|-30 -1 7|100 100 14 13|2.1 21
1308 亞聚|塑膠工業|-12 -3 21|66 78 -18 -22|0.9 19
1309 台達化|塑膠工業|-10 9 18|73 87 -5 -12|0.9 10
1310 台苯|塑膠工業|23 20 28|76 80 -14 -16|0.6 12
1312 國喬|塑膠工業|-18 -8 5|66 81 -10 -18|0.7 29
1313 聯成|塑膠工業|-42 25 15|77 82 -10 -9|0.8 21
1316 上曜|建材營造|-73 -18 35|73 73 52 93|0.8 685
1319 東陽|汽車工業|-17 20 6|99 99 66 59|1.7 1302
1325 恆大|塑膠工業|-20 2 21|61 61 -26 29|0.2 21
1326 台化|塑膠工業|-8 0 10|80 85 -10 -11|0.9 232
1339 昭輝|汽車工業|-28 8 3|92 92 7 13|0.5 29
1342 八貫|其他|43 3 3|87 97 19 38|2.2 129
1402 遠東新|紡織纖維|-1 11 11|100 100 7 16|0.8 155
1409 新纖|紡織纖維|1 15 20|92 92 1 3|0.4 49
1414 東和|紡織纖維|-20 4 13|92 92 10 10|1.0 10
1416 廣豐|其他|13 47 13|87 87 3 18|0.8 12
1432 大魯閣|運動休閒|28 5 -12|76 76 1 14|0.7 19
1434 福懋|紡織纖維|-12 -10 7|83 86 -12 -13|0.8 31
1436 華友聯|建材營造|428 135 -431|96 96 44 72|2.3 26
1437 勤益控|其他|4 7 -3|98 98 7 13|1.5 7
1438 三地開發|建材營造|-100 -100 na|94 94 56 66|0.8 12
1440 南紡|紡織纖維|-37 -20 -7|88 88 -4 3|1.4 17
1442 名軒|建材營造|66 2373 -17506|100 100 19 26|1.9 44
1445 大宇|紡織纖維|-51 -27 -13|80 80 7 4|1.0 21
1446 宏和|紡織纖維|5001 2628 1922|84 86 -9 -13|1.0 5
1449 佳和|紡織纖維|-8 72 45|75 75 -5 15|0.4 17
1455 集盛|紡織纖維|11 46 44|95 95 29 49|1.5 80
1456 怡華|建材營造|413 154 -41|81 81 15 16|0.4 6
1457 宜進|紡織纖維|-5 7 24|100 100 12 19|2.9 22
1467 南緯|紡織纖維|-9 2 20|85 94 -4 -5|0.9 6
1471 首利|電子零組|-58 9 -8|68 76 -4 -18|0.5 20
1472 三洋實業|建材營造|60 105 -7|84 84 15 70|0.5 11
1473 台南|紡織纖維|73 28 32|96 96 7 17|1.1 13
1476 儒鴻|紡織纖維|9 12 23|93 93 1 13|1.0 274
1477 聚陽|紡織纖維|3 16 12|95 95 16 17|1.7 587
1503 士電|電機機械|9 12 8|91 91 151 157|0.4 4095
1504 東元|電機機械|-9 -1 -2|98 100 25 12|2.5 1215
1513 中興電|電機機械|-6 10 -4|96 96 53 69|1.4 10474
1514 亞力|電機機械|-5 20 0|93 93 39 110|0.9 3263
1515 力山|電機機械|295 234 104|82 82 -2 19|0.5 62
1517 利奇|電機機械|-69 -45 15|85 91 4 7|0.8 13
1519 華城|電機機械|162 178 56|87 87 105 158|0.1 696
1522 堤維西|汽車工業|10 8 6|100 100 36 24|1.5 384
1524 耿鼎|汽車工業|6 31 14|96 96 11 39|0.8 222
1526 日馳|電機機械|-57 -60 -1|83 92 3 1|0.5 8
1527 鑽全|電機機械|12 4 24|100 100 1 5|1.3 12
1528 恩德|電機機械|-20 -4 -2|72 79 10 9|0.2 18
1529 樂事綠能|電機機械|-36 42 -139|72 93 7 10|2.2 98
1532 勤美|電機機械|42 73 34|89 89 -8 6|0.9 51
1533 車王電|汽車工業|-24 -24 -46|69 83 -12 -16|0.9 8
1535 中宇|電機機械|44 31 14|100 100 38 45|1.3 47
1536 和大|汽車工業|-15 -11 1|69 75 -15 -21|0.6 61
1537 廣隆|電機機械|44 25 27|99 99 6 6|1.4 19
1540 喬福|電機機械|18 54 29|94 98 9 10|2.4 9
1558 伸興|電機機械|-10 13 -3|87 87 -6 -8|1.0 13
1560 中砂|電機機械|-3 4 9|95 95 41 74|1.1 1015
1565 精華|生技醫療|-21 2 11|76 92 -1 -2|0.6 28
1568 倉佑|汽車工業|-22 -17 1|79 79 -8 4|0.4 16
1569 濱川|電腦及週|-45 -35 -10|96 96 7 10|0.4 6
1570 力肯|電機機械|-45 -15 21|97 97 58 65|0.9 14
1580 新麥|電機機械|-17 25 6|99 99 9 27|1.0 19
1582 信錦|電子零組|-7 26 23|97 97 17 45|1.2 435
1584 精剛|其他|-19 4 -44|85 92 -3 -4|2.7 55
1587 吉茂|汽車工業|-21 -8 8|100 100 35 27|5.5 23
1589 永冠-KY|電機機械|-63 -23 -13|60 81 -1 -0|0.6 102
1590 亞德客-KY|電機機械|-40 24 6|92 93 8 13|0.8 654
1591 駿吉-KY|電機機械|50 55 109|98 98 25 62|1.0 40
1597 直得|電機機械|-33 -24 11|91 91 15 13|7.0 27
1598 岱宇|運動休閒|-22 -11 -17|68 81 -12 -10|0.6 6
1603 華電|電器電纜|-7 27 1|95 95 19 29|6.6 69
1604 聲寶|電器電纜|7 1 1|90 99 3 4|1.3 15
1605 華新|電器電纜|-34 -17 -16|74 94 -2 2|1.8 520
1608 華榮|電器電纜|5 5 10|97 97 40 48|6.0 372
1609 大亞|電器電纜|-4 19 16|95 95 27 17|3.8 1046
1611 中電|電器電纜|-21 -3 9|81 96 2 6|3.6 13
1612 宏泰|電器電纜|-1 2 1|98 98 13 16|4.7 85
1615 大山|電器電纜|53 35 13|96 96 34 50|1.6 41
1616 億泰|電器電纜|25 19 5|89 89 53 91|3.5 88
1618 合機|電器電纜|-12 52 -26|95 95 21 29|3.0 285
1701 中化|生技醫療|1 -0 -3|85 87 -6 -1|1.1 14
1702 南僑|食品工業|-5 10 -2|98 98 13 17|1.1 43
1707 葡萄王|生技醫療|-2 8 5|85 98 3 3|2.2 53
1708 東鹼|化學工業|-22 -0 22|77 89 -4 -2|0.9 18
1709 和益|化學工業|19 19 21|78 91 -6 -8|0.9 13
1710 東聯|化學工業|-16 11 9|77 88 -10 -8|0.6 18
1711 永光|化學工業|-26 3 10|89 91 2 0|0.5 25
1712 興農|化學工業|-4 -3 12|98 98 9 12|0.6 76
1713 國化|化學工業|-34 25 30|97 97 12 36|1.6 5
1717 長興|化學工業|-26 10 17|91 95 10 11|1.0 57
1720 生達|生技醫療|-2 8 1|89 95 2 3|0.8 28
1721 三晃|化學工業|-10 -10 11|79 79 -3 12|0.9 16
1722 台肥|化學工業|-11 -13 -16|92 92 -6 7|1.1 131
1723 中碳|化學工業|-23 -18 5|97 97 3 7|3.4 111
1725 元禎|化學工業|-23 -2 10|81 81 55 64|4.4 28
1727 中華化|化學工業|-18 -16 6|70 88 3 4|1.8 24
1731 美吾華|生技醫療|24 28 14|96 96 19 30|1.9 19
1732 毛寶|化學工業|8 10 10|76 76 -11 15|0.1 6
1733 五鼎|生技醫療|-4 0 19|79 79 -13 25|0.3 22
1734 杏輝|生技醫療|-2 10 4|97 100 8 13|2.0 43
1736 喬山|運動休閒|18 16 -2|88 90 4 -5|1.0 42
1737 臺鹽|食品工業|-21 -6 1|90 98 -1 1|0.9 8
1752 南光|生技醫療|-18 -4 -13|60 77 -11 -15|0.8 12
1760 寶齡富錦|生技醫療|15 29 37|59 90 0 8|2.7 61
1762 中化生|生技醫療|-69 -54 -30|48 80 -13 -17|1.0 17
1773 勝一|化學工業|-6 10 17|96 96 39 43|2.3 347
1783 和康生|生技醫療|-11 -5 -9|68 79 -4 -20|0.6 7
1784 訊聯|生技醫療|15 25 5|85 92 8 -6|0.7 14
1785 光洋科|其他電子|-8 26 23|99 99 28 38|2.7 468
1786 科妍|生技醫療|108 81 36|100 100 26 17|2.4 49
1789 神隆|生技醫療|60 32 26|82 99 6 2|3.2 29
1795 美時|生技醫療|-3 1 -21|90 98 17 28|2.0 1435
1799 易威|生技醫療|36 102 29|100 100 71 231|1.0 17
1802 台玻|玻璃陶瓷|-25 8 -1|76 88 -8 -9|0.7 47
1805 寶徠|建材營造|23 -8 -149|95 95 38 29|1.0 6
1806 冠軍|玻璃陶瓷|-2 50 32|82 82 -8 15|0.7 16
1808 潤隆|建材營造|-91 -64 -10332|96 96 22 36|4.7 368
1809 中釉|玻璃陶瓷|-17 22 24|75 75 71 80|0.9 100
1810 和成|玻璃陶瓷|-21 9 7|62 89 -5 -10|1.9 15
1815 富喬|電子零組|-32 -28 3|87 87 20 15|1.2 448
1903 士紙|造紙工業|-0 5 -2|75 95 -2 2|1.6 10
1904 正隆|造紙工業|-18 5 6|83 96 -2 2|1.5 26
1905 華紙|造紙工業|-25 3 13|72 92 -2 4|1.6 74
1907 永豐餘|造紙工業|-22 7 10|77 86 -8 -3|1.5 45
1909 榮成|造紙工業|-27 3 11|82 96 1 0|1.7 24
2002 中鋼|鋼鐵工業|-7 3 16|79 89 -11 -6|0.7 478
2006 東和鋼鐵|鋼鐵工業|-17 15 7|93 93 3 19|1.0 207
2007 燁興|鋼鐵工業|-13 -5 16|74 74 -26 4|0.4 5
2009 第一銅|鋼鐵工業|-20 19 18|99 100 18 29|1.9 216
2010 春源|鋼鐵工業|-15 15 21|99 99 2 12|1.4 15
2013 中鋼構|鋼鐵工業|5 -6 -3|100 100 18 18|1.4 20
2014 中鴻|鋼鐵工業|-5 14 16|78 78 -18 -3|0.6 85
2015 豐興|鋼鐵工業|-34 7 11|98 98 3 7|0.9 16
2017 官田鋼|鋼鐵工業|20 22 26|80 87 -8 -1|0.6 9
2020 美亞|鋼鐵工業|-50 1 -4|100 100 18 33|1.0 58
2022 聚亨|鋼鐵工業|-3 11 14|71 83 -13 -11|1.0 11
2023 燁輝|鋼鐵工業|17 19 21|81 81 -16 -1|0.6 24
2025 千興|鋼鐵工業|-64 196 -36|80 80 41 46|0.7 49
2027 大成鋼|鋼鐵工業|-12 -16 -2|90 92 -7 -1|1.7 224
2028 威致|鋼鐵工業|-23 -0 14|94 94 -6 8|0.7 5
2029 盛餘|鋼鐵工業|9 35 19|92 92 -4 19|1.3 13
2030 彰源|鋼鐵工業|-43 -3 14|81 88 -11 -2|1.0 8
2031 新光鋼|鋼鐵工業|-22 19 16|92 92 2 30|0.6 181
2034 允強|鋼鐵工業|-29 -10 -2|89 91 -8 -8|0.9 14
2038 海光|鋼鐵工業|-33 10 19|77 77 -21 2|0.3 7
2049 上銀|電機機械|-15 6 15|97 97 17 33|4.3 628
2059 川湖|電子零組|68 46 55|85 85 44 51|0.5 1939
2062 橋椿|居家生活|-3 58 44|95 95 15 32|0.9 16
2065 世豐|鋼鐵工業|-30 -11 2|98 98 7 18|0.8 14
2066 世德|電機機械|2 0 4|94 94 9 18|0.7 33
2101 南港|橡膠工業|-4 15 3|88 88 2 6|0.9 86
2102 泰豐|橡膠工業|-85 -79 -1|81 88 -8 -3|1.3 5
2103 台橡|橡膠工業|3 10 14|85 94 -4 -2|1.0 24
2104 國際中橡|橡膠工業|-15 -10 12|76 86 -11 -15|0.8 30
2105 正新|橡膠工業|-21 6 5|100 100 12 18|1.5 242
2106 建大|橡膠工業|-11 4 11|100 100 4 9|1.9 22
2107 厚生|橡膠工業|-21 -11 7|98 98 3 6|1.2 7
2108 南帝|橡膠工業|-25 -1 14|83 87 -8 -5|1.5 13
2109 華豐|橡膠工業|-6 6 14|98 98 19 23|1.6 20
2114 鑫永銓|橡膠工業|-26 -2 10|99 100 4 3|1.9 7
2201 裕隆|汽車工業|4 11 2|77 80 -6 -21|0.6 249
2204 中華|汽車工業|11 35 1|97 97 11 31|0.5 399
2206 三陽工業|汽車工業|-8 16 -9|79 96 6 -0|0.9 399
2207 和泰車|汽車工業|-18 11 -5|76 90 -8 -1|0.6 168
2208 台船|航運業|-27 -30 -37|70 86 -7 -16|0.9 74
2211 長榮鋼|鋼鐵工業|-5 31 19|94 94 21 75|0.9 308
2227 裕日車|汽車工業|-12 7 -18|66 68 -30 -30|1.5 18
2228 劍麟|汽車工業|11 19 4|96 100 12 8|1.6 44
2230 泰茂|居家生活|78 156 91|89 89 0 74|0.6 174
2231 為升|汽車工業|-19 -1 -11|67 85 -9 -14|1.0 45
2233 宇隆|汽車工業|-8 18 12|86 86 -4 13|0.7 43
2236 百達-KY|汽車工業|5 1 -27|85 85 2 -8|2.0 64
2241 艾姆勒|汽車工業|5 17 -21|93 98 26 3|2.2 104
2243 宏旭-KY|汽車工業|108 44 36|61 72 -20 -1|0.3 6
2247 汎德永業|汽車工業|-26 6 -9|92 99 7 3|0.9 28
2250 IKKA-KY|汽車工業|2 17 9|92 92 30 68|2.0 31
2254 巨鎧精密-創|汽車工業|-44 -11 na|na na 5 na|1.6 19
2258 鴻華先進-創|汽車工業|1750 934 na|na na 0 na|0.4 13
2301 光寶科|電腦及週|-25 -13 1|66 82 -11 -14|2.0 2950
2302 麗正|半導體業|-28 -14 3|79 86 -5 1|0.5 8
2303 聯電|半導體業|3 -6 12|98 98 4 18|1.1 4321
2305 全友|電腦及週|33 97 68|83 83 10 7|0.5 33
2308 台達電|電子零組|-7 -1 -5|92 95 11 6|1.4 4351
2312 金寶|其他電子|-23 -21 -7|86 90 -6 0|0.7 61
2313 華通|電子零組|8 8 15|98 98 12 49|0.8 2298
2314 台揚|通信網路|-66 -70 -29|67 82 -6 -8|1.9 41
2316 楠梓電|電子零組|-21 -2 20|90 97 16 9|2.0 227
2317 鴻海|其他電子|-12 -20 -9|96 96 45 44|2.2 23645
2323 中環|光電業|6 11 9|81 96 9 4|1.3 168
2324 仁寶|電腦及週|-14 -5 1|93 93 1 21|0.7 1165
2327 國巨*|電子零組|-1 5 13|93 93 -1 13|1.4 1480
2328 廣宇|電子零組|-45 -23 -16|83 95 4 -2|5.9 125
2329 華泰|半導體業|21 32 15|79 79 19 59|0.3 1588
2330 台積電|半導體業|11 4 8|99 99 35 51|0.6 37160
2331 精英|電腦及週|-28 -22 12|78 94 3 8|0.8 97
2332 友訊|通信網路|-15 -17 -6|72 90 -4 -7|0.5 41
2337 旺宏|半導體業|-16 -20 12|76 81 -12 -17|0.8 181
2338 光罩|半導體業|-4 17 19|72 88 -1 4|0.7 71
2340 台亞|半導體業|8 21 21|70 78 -15 -17|0.7 66
2342 茂矽|半導體業|-21 -23 6|68 88 -7 -9|0.7 15
2344 華邦電|半導體業|8 13 22|88 88 -4 7|0.7 592
2345 智邦|通信網路|-13 -9 -13|81 81 -7 -5|0.7 2270
2347 聯強|電子通路|8 20 20|99 99 13 25|0.9 364
2348 海悅|其他|254 411 294|97 97 42 75|0.9 64
2351 順德|半導體業|-20 -6 0|72 79 -15 -6|0.7 51
2352 佳世達|電腦及週|-12 -5 7|77 93 -0 -0|1.2 879
2353 宏碁|電腦及週|10 8 11|86 86 -4 27|0.5 1367
2354 鴻準|其他電子|-65 -66 -44|97 97 21 13|4.3 1626
2355 敬鵬|電子零組|2 6 7|84 84 -6 17|0.5 220
2356 英業達|電腦及週|2 10 12|83 98 16 22|1.7 2688
2357 華碩|電腦及週|1 8 10|87 87 -9 18|0.6 1531
2359 所羅門|其他電子|10 8 18|99 99 87 101|4.4 258
2360 致茂|其他電子|-14 3 18|86 89 23 -7|0.7 786
2362 藍天|電腦及週|-14 5 -24|86 86 13 32|0.3 90
2363 矽統|半導體業|-12 3 -31|65 65 -17 -0|0.4 327
2364 倫飛|電腦及週|-19 0 -14|61 61 -20 -2|0.3 18
2365 昆盈|電腦及週|4 22 25|82 82 53 86|0.6 153
2367 燿華|電子零組|18 16 24|97 97 34 40|1.9 1718
2368 金像電|電子零組|39 36 33|89 89 15 16|0.9 2187
2369 菱生|半導體業|4 11 6|84 84 9 28|0.2 114
2371 大同|電機機械|7 17 -29|98 98 34 28|3.5 1787
2373 震旦行|其他電子|-28 -8 -4|96 97 -3 -2|1.3 9
2374 佳能|光電業|21 26 25|97 97 6 10|1.1 49
2375 凱美|電子零組|-23 7 17|78 78 -14 -8|0.7 21
2376 技嘉|電腦及週|38 64 18|83 83 20 11|0.8 6550
2377 微星|電腦及週|5 9 -1|83 83 -12 1|0.6 709
2379 瑞昱|半導體業|26 31 31|93 93 19 43|1.0 3098
2382 廣達|電腦及週|1 -10 3|100 100 36 28|1.6 8789
2383 台光電|電子零組|59 74 48|74 74 8 -3|0.6 3774
2385 群光|電子零組|-3 -1 10|86 86 25 91|2.1 3172
2387 精元|電腦及週|-9 11 12|96 96 9 33|1.0 128
2388 威盛|半導體業|-20 47 4|71 71 -20 3|1.3 709
2390 云辰|其他電子|-23 -5 -11|75 75 -9 2|0.4 9
2392 正崴|電子零組|-11 -0 5|90 90 -4 15|2.4 106
2393 億光|光電業|8 9 13|99 99 11 16|1.0 105
2395 研華|電腦及週|-26 -17 -8|99 99 11 17|0.7 415
2399 映泰|電腦及週|-24 -5 -11|83 87 -4 -0|0.4 45
2401 凌陽|半導體業|-18 14 16|77 77 -16 -4|0.9 85
2402 毅嘉|電子零組|7 10 -3|74 86 -3 -11|1.1 92
2404 漢唐|其他電子|-32 -16 -62|94 94 47 71|3.0 1484
2405 輔信|電腦及週|5 9 6|91 91 8 20|0.5 125
2406 國碩|光電業|41 54 77|92 97 16 27|1.9 66
2408 南亞科|半導體業|51 39 57|85 85 -10 -3|1.0 1019
2409 友達|光電業|24 20 4|87 93 4 9|0.5 518
2412 中華電|通信網路|4 4 1|99 99 7 8|1.5 874
2413 環科|電子零組|-56 -26 -16|64 84 -10 -6|0.7 8
2414 精技|電子通路|-18 -8 -1|100 100 4 9|1.0 6
2415 錩新|電子零組|4 20 8|86 96 5 4|3.6 6
2417 圓剛|電腦及週|6 7 16|82 82 23 75|1.8 214
2419 仲琦|通信網路|-33 -30 -2|61 83 -10 -6|0.6 53
2420 新巨|電子零組|-9 -7 10|99 99 11 16|1.1 27
2421 建準|電子零組|-29 2 5|87 95 25 14|1.5 1426
2423 固緯|其他電子|-26 -3 -6|91 91 11 14|0.3 14
2425 承啟|電腦及週|-26 3 -11|74 84 -12 -1|0.4 40
2426 鼎元|光電業|-11 17 15|83 89 -3 1|0.7 11
2427 三商電|資訊服務|-58 -0 -1|75 79 -6 -7|0.6 19
2428 興勤|電子零組|-24 -7 -2|94 94 6 16|0.7 100
2430 燦坤|電子通路|2 -9 1|87 97 1 0|1.1 12
2431 聯昌|電子零組|-51 -20 19|90 90 16 20|0.6 13
2436 偉詮電|半導體業|-3 22 4|79 79 -10 -7|0.3 57
2439 美律|通信網路|7 14 8|97 97 4 40|1.1 220
2440 太空梭|電子零組|-54 73 55|84 92 6 3|0.6 5
2441 超豐|半導體業|7 22 23|96 96 3 11|0.9 83
2442 新美齊|建材營造|624 4864 3575|92 92 8 39|0.8 61
2444 兆勁|通信網路|-36 -25 -24|66 82 -11 -6|1.2 6
2449 京元電子|半導體業|1 2 9|91 91 26 36|0.6 2259
2450 神腦|通信網路|0 -8 -7|97 97 1 8|0.7 8
2451 創見|半導體業|-0 16 21|99 99 11 22|1.3 92
2453 凌群|資訊服務|22 14 5|80 94 9 23|2.0 142
2454 聯發科|半導體業|27 46 48|97 97 23 66|0.7 8715
2455 全新|通信網路|168 126 73|90 90 7 18|0.5 659
2457 飛宏|電子零組|-18 -9 0|64 84 -6 -9|0.5 144
2458 義隆|半導體業|26 36 22|94 94 -2 21|0.8 310
2459 敦吉|其他電子|-10 -10 -4|98 98 9 20|1.0 7
2460 建通|電子零組|-37 29 24|83 83 23 39|0.2 61
2461 光群雷|其他電子|2 1 10|87 93 4 2|1.1 24
2462 良得電|電子零組|-42 -11 3|81 84 -8 -8|0.6 27
2464 盟立|其他電子|-45 -32 -9|97 97 31 22|4.6 346
2465 麗臺|電腦及週|6 31 22|75 75 80 227|1.1 418
2467 志聖|電子零組|-12 -5 22|87 87 110 173|0.8 469
2468 華經|資訊服務|37 7 -6|70 85 2 -2|4.1 11
2471 資通|資訊服務|-15 -2 -1|91 96 8 9|0.9 60
2472 立隆電|電子零組|-26 7 15|95 95 1 21|0.6 55
2474 可成|其他電子|-7 -11 7|98 98 13 24|1.9 650
2476 鉅祥|電子零組|-19 -3 9|86 86 4 50|0.6 218
2478 大毅|電子零組|-31 -0 2|93 93 -0 1|1.6 8
2480 敦陽科|資訊服務|1 2 -5|98 98 8 12|0.7 35
2481 強茂|半導體業|-11 6 4|74 80 -18 -10|0.9 82
2482 連宇|其他電子|-78 -68 -64|46 75 -17 -22|1.0 24
2484 希華|電子零組|-14 -12 13|94 94 5 8|0.3 26
2485 兆赫|通信網路|-55 -32 -18|71 85 -3 -14|0.6 40
2486 一詮|光電業|-17 17 13|93 93 36 30|1.0 1818
2488 漢平|其他電子|53 20 31|99 99 15 31|1.1 27
2489 瑞軒|光電業|6 25 13|84 84 12 12|0.4 40
2492 華新科|電子零組|-9 6 8|80 80 -9 11|1.9 277
2493 揚博|電子零組|-5 -1 0|96 96 14 23|0.9 31
2495 普安|電腦及週|-13 -8 1|80 86 5 12|0.4 26
2496 卓越|其他|9 15 4|98 98 19 35|1.1 8
2497 怡利電|汽車工業|28 17 4|67 78 -16 -19|0.7 16
2498 宏達電|通信網路|-39 -4 -6|72 86 -9 -3|0.6 193
2501 國建|建材營造|86 89 58|99 99 26 43|1.4 49
2504 國產|建材營造|-19 10 9|99 99 34 51|0.9 193
2505 國揚|建材營造|-64 -10 49|100 100 23 54|2.5 15
2511 太子|建材營造|-50 -22 -0|88 92 -7 -2|1.3 23
2514 龍邦|其他|147 281 118|82 91 -3 -4|1.5 8
2515 中工|建材營造|-12 19 -15|99 99 5 32|2.2 257
2516 新建|建材營造|9 16 -13|78 78 -13 64|0.6 21
2520 冠德|建材營造|-33 -7 -2|100 100 9 28|1.7 85
2524 京城|建材營造|114 60 15|100 100 38 42|1.7 16
2527 宏璟|建材營造|706 420 198|100 100 47 79|1.8 47
2528 皇普|建材營造|-100 -100 -32058|99 99 38 63|1.8 34
2530 華建|建材營造|18229 70897 53216|99 99 28 70|1.2 73
2534 宏盛|建材營造|-73 -79 -13|98 100 8 15|1.6 14
2535 達欣工|建材營造|-5 7 17|100 100 29 43|1.4 21
2536 宏普|建材營造|297 6967 4720|99 99 5 16|1.4 6
2537 聯上發|建材營造|240 130 -5866|100 100 31 45|3.1 29
2538 基泰|建材營造|-43 6 -5|89 89 -3 4|0.8 19
2539 櫻花建|建材營造|-44 na na|99 99 50 75|1.3 90
2540 愛山林|建材營造|72 117 7|100 100 15 21|1.3 42
2542 興富發|建材營造|-39 -69 -557|95 95 0 2|1.9 127
2543 皇昌|建材營造|-19 31 -4|85 85 68 180|0.5 225
2545 皇翔|建材營造|-60 16 24|99 99 4 14|1.5 11
2546 根基|建材營造|-29 -9 -8|96 96 10 16|0.8 13
2548 華固|建材營造|-100 361 -178|98 98 29 38|2.4 175
2596 綠意|建材營造|-46 148 -13716|97 97 44 43|0.9 5
2597 潤弘|建材營造|-15 12 15|99 99 36 54|1.5 84
2603 長榮|航運業|62 17 55|90 90 21 48|1.5 8621
2605 新興|航運業|3 0 -2|82 82 -6 2|0.4 136
2606 裕民|航運業|23 40 28|93 93 5 10|0.5 351
2607 榮運|航運業|40 35 29|88 88 -3 10|0.3 66
2608 嘉里大榮|航運業|-12 5 7|100 100 1 4|0.8 10
2609 陽明|航運業|26 0 47|77 77 -14 -3|0.3 1240
2610 華航|航運業|28 16 -8|71 87 -12 -10|0.6 354
2611 志信|航運業|17 58 52|95 95 45 79|0.8 137
2612 中航|航運業|9 7 13|74 74 -15 -1|0.2 33
2614 東森|其他|10 2 3|55 84 -9 -10|1.2 15
2615 萬海|航運業|21 -3 42|68 73 -19 -9|0.4 306
2616 山隆|油電燃氣|-25 -10 2|87 89 -8 -11|2.0 7
2617 台航|航運業|13 9 6|95 95 5 18|0.4 62
2618 長榮航|航運業|29 24 -18|79 95 1 6|0.7 1372
2630 亞航|航運業|12 27 8|60 97 -1 -1|2.7 32
2633 台灣高鐵|航運業|21 9 -27|92 98 -1 1|1.0 106
2634 漢翔|航運業|-14 8 -16|82 96 -1 -3|2.7 244
2636 台驊控股|航運業|40 28 51|96 96 8 27|0.4 162
2637 慧洋-KY|航運業|44 28 46|94 94 17 21|0.7 291
2640 大車隊|數位雲端|17 16 1|86 99 6 12|0.6 16
2641 正德|航運業|64 52 43|85 85 -5 11|0.4 66
2643 捷迅|航運業|-9 16 36|95 95 -0 5|0.5 6
2645 長榮航太|航運業|9 16 -9|81 97 1 3|2.5 119
2704 國賓|觀光餐旅|28 -13 -5|94 94 25 20|7.3 17
2705 六福|觀光餐旅|24 7 -44|69 93 2 7|1.6 6
2707 晶華|觀光餐旅|15 4 -17|71 92 3 6|0.5 55
2722 夏都|觀光餐旅|14 -21 -13|49 74 -10 6|0.6 7
2723 美食-KY|觀光餐旅|-11 -10 -12|57 85 -7 -13|0.5 60
2727 王品|觀光餐旅|11 3 -17|73 89 -2 -5|0.4 159
2729 瓦城|觀光餐旅|47 9 -16|80 94 1 -5|0.7 32
2731 雄獅|觀光餐旅|115 105 -551|70 87 -2 9|0.7 177
2732 六角|觀光餐旅|-7 -1 2|69 90 11 13|0.5 34
2734 易飛網|觀光餐旅|127 114 -267|49 72 -12 -7|0.7 5
2739 寒舍|觀光餐旅|18 11 -36|60 77 -16 28|0.4 25
2743 山富|觀光餐旅|218 158 -835|64 79 -6 10|0.5 31
2745 五福|觀光餐旅|198 194 -2395|70 83 2 20|0.4 12
2748 雲品|觀光餐旅|14 10 -6|60 79 -10 -1|0.2 28
2753 八方雲集|觀光餐旅|7 12 3|81 95 1 -1|0.8 39
2754 亞洲藏壽司|觀光餐旅|36 21 -8|51 79 -12 -19|0.7 8
2801 彰銀|金融保險|-2 3 -8|99 99 4 6|1.3 204
2809 京城銀|金融保險|4 12 -146|98 98 31 38|1.3 202
2812 台中銀|金融保險|13 19 3|97 97 8 16|0.5 115
2816 旺旺保|金融保險|16 14 -6|73 73 -21 11|0.7 43
2820 華票|金融保險|-25 -4 -112|98 98 1 6|1.0 16
2832 台產|金融保險|12 13 -1|93 93 3 14|0.6 12
2834 臺企銀|金融保險|-6 4 -6|98 98 19 23|1.3 550
2836 高雄銀|金融保險|10 5 3|99 100 1 3|1.3 60
2838 聯邦銀|金融保險|7 5 -10|96 98 7 14|1.2 34
2845 遠東銀|金融保險|9 2 -9|99 99 14 24|0.8 130
2850 新產|金融保險|7 8 2|100 100 26 41|1.2 48
2851 中再保|金融保險|21 11 2|99 99 8 7|1.5 49
2852 第一保|金融保險|9 11 4|99 99 8 19|1.1 14
2855 統一證|金融保險|163 120 55|100 100 27 31|1.8 110
2880 華南金|金融保險|4 16 5|100 100 5 13|1.3 295
2881 富邦金|金融保險|245 189 125|99 99 9 15|0.8 1175
2882 國泰金|金融保險|187 92 26|100 100 8 9|0.8 1053
2883 凱基金|金融保險|229 533 428|96 96 13 19|2.0 961
2884 玉山金|金融保險|27 16 -9|100 100 7 13|1.1 615
2885 元大金|金融保險|18 22 7|100 100 14 21|1.0 666
2886 兆豐金|金融保險|20 25 -16|99 99 5 8|0.8 748
2887 台新新光金|金融保險|7 13 5|98 98 1 1|0.8 264
2889 國票金|金融保險|-2 38 6|100 100 20 20|0.9 102
2890 永豐金|金融保險|17 27 8|100 100 11 24|1.1 318
2891 中信金|金融保險|97 245 128|100 100 19 35|1.2 1576
2892 第一金|金融保險|-4 2 5|99 99 3 5|0.9 387
2897 王道銀行|金融保險|2 -11 -16|98 98 2 6|1.2 87
2903 遠百|貿易百貨|13 -7 -8|100 100 17 26|1.4 162
2905 三商|貿易百貨|1860 601 433|82 90 -7 2|0.8 7
2906 高林|貿易百貨|11 15 19|92 92 7 18|0.4 15
2912 統一超|貿易百貨|12 8 -1|94 98 -0 1|1.0 239
2913 農林|貿易百貨|-4 -7 -9|67 89 -6 -4|1.7 34
2915 潤泰全|貿易百貨|30 3 4|92 92 -5 2|0.7 135
2916 滿心|居家生活|65 15 -4|98 98 29 45|1.1 15
3002 歐格|電腦及週|-5 -6 7|88 88 15 19|0.7 6
3003 健和興|電子零組|-9 -1 11|80 96 -1 -2|0.9 18
3004 豐達科|鋼鐵工業|9 23 -16|95 100 26 25|2.8 44
3005 神基|電腦及週|-5 11 -3|85 85 24 73|1.7 3528
3006 晶豪科|半導體業|2 20 28|82 82 -11 7|0.4 463
3008 大立光|光電業|32 29 22|87 87 -11 18|0.5 1118
3010 華立|電子通路|3 17 18|99 99 14 22|1.1 168
3011 今皓|電子零組|-13 7 17|71 76 -15 -18|1.5 28
3013 晟銘電|電腦及週|-43 -20 -18|95 95 29 44|2.5 559
3014 聯陽|半導體業|6 24 -9|96 96 18 11|1.5 684
3015 全漢|電子零組|-26 -11 -4|100 100 16 20|3.0 23
3016 嘉晶|半導體業|-1 -12 13|82 91 -4 4|1.0 57
3017 奇鋐|電腦及週|7 44 27|85 85 76 70|0.8 11753
3019 亞光|光電業|-4 14 15|88 88 -10 3|0.9 42
3021 鴻名|電子零組|-22 -1 18|80 84 9 -3|0.4 9
3022 威強電|電腦及週|-32 -19 -15|84 94 -0 4|1.5 77
3023 信邦|電子零組|-12 -10 -13|75 84 -7 -14|1.1 242
3024 憶聲|光電業|-2 15 11|87 87 -7 12|0.9 24
3025 星通|通信網路|-53 238 157|89 89 47 40|0.4 243
3026 禾伸堂|電子零組|-42 -14 -2|96 96 -1 -2|0.9 17
3027 盛達|通信網路|15 92 6|80 95 7 6|1.9 105
3028 增你強|電子通路|-11 13 18|96 96 4 13|0.7 24
3029 零壹|資訊服務|-8 -0 -6|97 97 18 23|0.4 199
3030 德律|其他電子|44 77 87|100 100 42 45|0.9 64
3031 佰鴻|光電業|-52 4 23|93 99 11 20|1.2 8
3032 偉訓|電子零組|8 28 -3|95 95 20 14|0.5 177
3033 威健|電子通路|-27 21 16|94 95 11 16|1.0 75
3034 聯詠|半導體業|-7 9 -8|100 100 20 41|0.9 3445
3035 智原|半導體業|-24 -17 -5|76 76 -3 13|0.3 2307
3036 文曄|電子通路|62 39 25|84 84 26 44|0.5 1530
3037 欣興|電子零組|3 -9 15|94 96 9 10|0.8 2702
3038 全台|光電業|-21 -13 -4|81 90 10 6|0.3 29
3041 揚智|半導體業|-40 5 36|70 70 -25 33|0.3 159
3042 晶技|電子零組|-1 10 20|93 93 17 16|2.3 863
3043 科風|其他電子|-60 -46 -47|49 72 -14 -28|1.3 8
3044 健鼎|電子零組|-13 6 11|91 91 5 4|0.8 1409
3045 台灣大|通信網路|11 12 4|100 100 6 10|1.5 379
3046 建碁|電腦及週|-16 81 -2|63 83 -1 -11|0.2 19
3047 訊舟|通信網路|-16 -24 3|77 77 -7 9|0.2 39
3048 益登|電子通路|-20 -1 5|88 90 -4 3|0.7 12
3050 鈺德|光電業|13 5 1|94 94 38 56|1.7 98
3051 力特|光電業|-31 -24 3|86 86 4 22|0.4 165
3052 夆典|建材營造|-5 44 17|100 100 13 16|2.0 16
3055 蔚華科|電子通路|-87 -22 11|83 83 82 108|0.2 219
3056 富華新|建材營造|-91 -75 -120|76 95 -4 -1|1.1 39
3058 立德|電子零組|-33 -18 -2|75 94 19 22|3.8 27
3059 華晶科|光電業|-37 -24 7|88 88 -2 7|3.9 82
3060 銘異|電腦及週|33 34 32|91 91 -2 12|0.6 14
3062 建漢|通信網路|-26 -31 -2|95 95 12 12|6.8 119
3066 李洲|光電業|4 14 29|76 76 33 21|0.3 7
3071 協禧|電腦及週|-21 -11 2|76 92 7 1|0.6 57
3078 僑威|電子零組|-40 10 -63|90 90 -4 5|0.4 188
3081 聯亞|通信網路|6 -9 38|85 85 32 19|0.4 516
3083 網龍|文化創意|74 6 9|90 90 15 20|3.1 64
3086 華義*|文化創意|55 72 52|63 63 -14 92|0.1 25
3088 艾訊|電腦及週|-13 -9 -10|90 98 5 1|1.1 84
3090 日電貿|電子零組|-13 13 8|95 95 3 0|0.9 37
3092 鴻碩|電子零組|-34 -4 21|76 83 -9 -15|0.9 11
3094 聯傑|半導體業|-57 -32 -6|80 80 -13 2|0.2 19
3105 穩懋|半導體業|53 60 48|80 85 -7 12|0.7 477
3122 笙泉|半導體業|-21 18 25|70 70 -14 6|0.4 17
3128 昇銳|光電業|18 5 14|72 92 6 10|0.5 9
3130 一零四|數位雲端|-4 9 1|97 97 8 13|0.8 5
3131 弘塑|半導體業|11 12 10|86 86 52 75|1.0 1344
3138 耀登|通信網路|-3 -10 -7|79 79 -12 -8|0.3 39
3141 晶宏|半導體業|-45 -39 -15|71 75 -24 -12|0.7 45
3147 大綜|資訊服務|13 44 18|87 87 49 102|0.7 275
3149 正達|光電業|-20 11 25|80 80 5 14|0.8 19
3152 璟德|通信網路|15 27 15|84 84 -5 10|0.7 52
3162 精確|電機機械|-65 2 -34|61 74 -17 -21|0.7 29
3163 波若威|通信網路|-18 5 15|84 84 15 5|0.9 1536
3167 大量|電機機械|36 29 50|88 88 22 21|0.8 25
3169 亞信|半導體業|-20 4 28|83 83 -2 8|0.5 197
3171 炎洲流通|居家生活|-20 -2 10|93 93 48 56|2.0 17
3176 基亞|生技醫療|35 33 -24|64 64 -10 15|1.2 11
3178 公準|半導體業|-36 -11 -16|92 92 20 40|0.8 108
3188 鑫龍騰|建材營造|3149 1145 na|98 98 73 75|2.3 46
3189 景碩|半導體業|6 1 30|82 91 -1 -6|0.8 291
3202 樺晟|電子零組|16 29 1|58 71 -20 -21|1.1 6
3206 志豐|電子零組|-13 -3 7|88 88 8 3|0.7 15
3207 耀勝|電子零組|-22 -25 -10|96 96 61 72|1.2 444
3209 全科|電子通路|10 -16 -9|92 96 2 4|0.7 25
3211 順達|電腦及週|-7 -10 -3|95 95 6 18|1.3 191
3213 茂訊|電腦及週|-38 3 -6|91 91 3 25|0.6 43
3217 優群|電子零組|3 20 -4|92 92 8 33|1.1 334
3218 大學光|生技醫療|4 4 -11|67 80 -2 -20|0.7 160
3221 台嘉碩|通信網路|3 -2 20|82 82 2 6|0.3 18
3227 原相|半導體業|50 76 42|87 87 3 29|0.5 249
3228 金麗科|半導體業|-17 46 32|98 98 118 413|1.0 785
3231 緯創|電腦及週|31 10 16|79 96 29 21|1.0 9654
3232 昱捷|電子通路|20 38 22|85 85 35 28|0.2 12
3234 光環|通信網路|8 7 29|99 99 43 60|0.7 97
3257 虹冠電|半導體業|30 84 -68|79 88 1 -2|0.9 28
3260 威剛|半導體業|34 44 33|93 93 -1 13|0.7 516
3264 欣銓|半導體業|1 -6 -2|97 97 15 35|1.7 867
3265 台星科|半導體業|18 26 26|96 96 39 43|0.5 249
3266 昇陽|建材營造|-82 175 -138|85 85 -3 36|0.6 9
3268 海德威|半導體業|86 39 32|72 72 -0 30|0.4 16
3276 宇環|電子零組|5 68 12|72 72 -11 17|1.3 9
3284 太普高|其他|45 45 38|89 89 40 55|0.5 17
3287 廣寰科|電腦及週|112 100 33|74 74 -3 29|0.1 17
3289 宜特|其他電子|-7 0 1|88 88 37 38|0.4 348
3290 東浦|電子零組|-10 16 6|82 82 -6 -4|1.3 9
3293 鈊象|文化創意|32 22 2|98 98 60 74|2.0 2880
3294 英濟|電子零組|-35 17 12|79 79 151 147|2.5 369
3296 勝德|電子零組|12 -5 28|94 94 15 45|0.3 25
3303 岱稜|其他電子|-4 19 21|96 96 15 23|0.7 13
3305 昇貿|其他電子|-11 -1 17|81 81 -15 4|0.7 78
3306 鼎天|通信網路|-43 4 -6|76 92 11 11|2.1 27
3311 閎暉|通信網路|8 16 10|91 92 7 -0|0.3 6
3312 弘憶股|電子通路|-7 13 24|93 93 98 134|1.7 446
3313 斐成|建材營造|na na na|72 72 78 92|1.3 22
3317 尼克森|半導體業|-36 -7 -7|80 80 -17 -10|0.7 13
3321 同泰|電子零組|-9 28 13|80 80 17 17|0.3 13
3322 建舜電|電子零組|-38 18 9|86 86 10 2|1.3 96
3324 雙鴻|其他電子|-26 0 3|95 95 99 117|1.0 6654
3325 旭品|電腦及週|33 37 -30|88 88 -1 15|0.6 144
3338 泰碩|電子零組|-33 4 13|85 85 8 2|0.4 171
3339 泰谷|光電業|3 10 13|100 100 68 74|2.3 68
3346 麗清|汽車工業|31 37 -9|87 87 -12 -0|0.6 74
3354 律勝|電子零組|28 32 38|75 75 57 69|0.3 25
3356 奇偶|光電業|19 6 9|89 96 20 15|0.7 127
3357 臺慶科|電子零組|-22 -6 8|94 94 2 10|2.1 53
3360 尚立|電子通路|-57 -48 -23|68 68 21 24|0.2 30
3362 先進光|光電業|-16 30 11|79 79 33 55|0.6 489
3363 上詮|通信網路|-11 -6 10|72 72 41 37|0.6 448
3372 典範|半導體業|12 27 34|75 75 26 42|0.6 49
3374 精材|半導體業|11 14 26|86 89 -1 5|0.5 174
3376 新日興|電子零組|51 46 44|83 83 55 130|1.2 690
3380 明泰|通信網路|-43 -26 -6|77 90 -2 -10|0.4 69
3388 崇越電|電子零組|-29 5 17|100 100 8 10|1.6 7
3390 旭軟|電子零組|-26 -6 2|81 81 22 80|0.4 67
3402 漢科|其他電子|13 38 35|92 92 36 86|0.3 65
3406 玉晶光|光電業|43 38 23|97 97 22 34|2.1 980
3413 京鼎|半導體業|-2 -5 6|97 97 49 59|1.4 751
3416 融程電|電腦及週|20 11 11|94 94 21 27|3.6 58
3419 譁裕|通信網路|-42 -33 -0|71 85 -11 -13|0.5 7
3430 奇鈦科|化學工業|-2 0 15|91 91 -1 7|0.9 6
3437 榮創|光電業|22 28 19|78 78 6 70|0.3 66
3438 類比科|半導體業|21 28 22|91 91 21 21|0.7 89
3441 聯一光電|光電業|-64 0 25|70 86 -8 -11|3.3 5
3443 創意|半導體業|-22 -23 -27|65 66 -28 -8|0.6 3310
3444 利機|電子通路|3 11 9|80 80 -5 15|0.6 47
3450 聯鈞|半導體業|-9 -0 15|93 93 28 25|0.6 586
3454 晶睿|光電業|-52 -42 -26|55 86 -7 -5|0.8 29
3455 由田|光電業|-18 -10 25|96 99 12 20|1.4 33
3466 德晉|通信網路|-73 -49 -64|74 97 11 14|1.5 6
3479 安勤|電腦及週|-17 -15 -14|95 95 2 25|1.6 195
3481 群創|光電業|-10 12 6|86 89 10 14|0.5 937
3483 力致|電腦及週|1 22 4|84 84 2 14|0.5 577
3484 崧騰|電子零組|1 -3 30|98 98 5 16|2.5 19
3489 森寶|建材營造|152 52 55|98 98 70 117|1.9 11
3490 單井|光電業|-59 -52 -17|94 94 20 18|0.4 8
3491 昇達科|通信網路|-21 4 11|87 91 -3 -3|0.5 125
3498 陽程|其他電子|-80 -79 -88|86 95 34 22|4.6 27
3499 環天科|通信網路|5 67 42|90 90 10 25|0.6 8
3501 維熹|電子零組|-20 4 14|99 99 11 13|1.2 18
3504 揚明光|光電業|-42 -17 11|66 80 -9 -4|0.3 26
3508 位速|其他電子|-27 -29 3|72 89 -7 -11|1.2 9
3512 皇龍|建材營造|-35 -48 -398|100 100 13 15|5.0 37
3515 華擎|電腦及週|4 18 -3|82 82 -0 17|0.4 696
3516 亞帝歐|光電業|-23 47 23|65 65 19 22|0.5 11
3518 柏騰|其他電子|-54 -8 -6|71 76 -14 -10|0.7 8
3520 華盈|電子零組|-48 8 13|72 80 7 11|0.2 10
3521 台鋼建設|建材營造|99 -2 -15|79 88 -6 -3|0.6 9
3522 御嵿|觀光餐旅|77 26 -0|81 81 -4 19|0.3 8
3526 凡甲|電子零組|-12 33 15|95 95 13 25|0.5 86
3527 聚積|半導體業|-27 0 19|79 82 -9 7|1.3 9
3529 力旺|半導體業|23 15 7|77 77 -0 26|1.2 1484
3530 晶相光|半導體業|-43 -13 -8|81 81 9 51|0.3 75
3532 台勝科|半導體業|-24 -11 1|88 88 -12 16|0.7 228
3533 嘉澤|電子零組|-23 10 16|100 100 37 70|0.8 2591
3535 晶彩科|光電業|-74 -79 -5|80 80 9 9|0.2 17
3537 堡達|電子零組|5 1 -16|100 100 2 8|1.2 9
3540 曜越|電腦及週|1 1 -35|81 85 5 25|0.7 154
3543 州巧|光電業|2 20 6|80 80 -2 15|0.3 6
3545 敦泰|半導體業|-1 29 8|72 72 -12 22|1.2 304
3546 宇峻|文化創意|24 6 18|96 99 7 2|1.4 21
3548 兆利|電子零組|80 81 30|99 99 47 108|0.8 2704
3551 世禾|綠能環保|8 4 7|100 100 62 75|1.8 118
3552 同致|其他電子|-12 33 18|75 80 -17 -7|1.0 28
3556 禾瑞亞|半導體業|-51 -5 7|83 84 -13 -13|0.6 7
3557 嘉威|居家生活|13 13 15|88 93 2 14|1.1 11
3558 神準|通信網路|-44 -34 -29|64 81 -10 -15|0.6 59
3563 牧德|光電業|-50 -54 -32|100 100 94 102|1.9 683
3564 其陽|通信網路|-4 -16 9|84 88 26 45|1.3 158
3567 逸昌|半導體業|-11 7 -11|88 95 3 3|1.1 17
3570 大塚|資訊服務|3 11 4|94 94 10 27|1.0 22
3576 聯合再生|光電業|-69 -69 -26|52 75 -18 -21|1.2 69
3580 友威科|其他電子|-63 19 29|87 87 1 4|0.4 16
3581 博磊|半導體業|-9 -7 -1|92 92 28 18|0.6 24
3583 辛耘|半導體業|32 41 14|95 95 46 56|2.1 2601
3587 閎康|其他電子|1 9 -10|86 92 18 4|0.4 283
3588 通嘉|半導體業|21 37 39|87 87 32 66|0.1 242
3591 艾笛森|光電業|17 24 11|90 92 2 12|0.5 12
3592 瑞鼎|半導體業|58 49 39|96 96 23 34|0.6 425
3594 磐儀|電腦及週|-30 -27 -17|72 83 -9 -9|1.5 21
3596 智易|通信網路|14 15 4|96 96 13 19|1.9 610
3605 宏致|電子零組|-15 -4 10|90 90 19 36|0.7 41
3607 谷崧|電子零組|-37 4 4|81 81 0 17|0.4 21
3611 鼎翰|電腦及週|-0 0 -3|92 98 2 -0|1.6 40
3615 安可|光電業|-7 11 11|81 81 14 3|0.1 20
3617 碩天|其他電子|19 7 2|83 83 20 -16|3.1 331
3622 洋華|光電業|20 90 62|91 91 49 65|1.0 185
3623 富晶通|光電業|-31 -16 -17|58 58 -0 52|0.1 16
3624 光頡|電子零組|-28 -9 7|68 81 -14 -7|0.5 18
3628 盈正|其他電子|-21 -16 -13|83 97 10 15|1.8 12
3630 新鉅科|光電業|26 54 25|81 83 -10 -11|0.6 9
3631 晟楠|電子零組|-57 -60 -15|94 94 12 27|1.8 7
3645 達邁|電子零組|62 78 54|79 83 -12 -1|0.3 49
3653 健策|電子零組|-14 -4 -2|92 92 35 53|0.6 1453
3661 世芯-KY|半導體業|111 111 -21|75 75 -1 27|1.2 9571
3663 鑫科|其他電子|-11 11 5|92 92 29 33|0.6 71
3664 安瑞-KY|通信網路|33 33 11|66 83 20 6|0.4 9
3665 貿聯-KY|其他電子|-4 -4 2|83 94 -0 -4|1.0 252
3669 圓展|通信網路|13 10 18|88 88 6 18|0.7 52
3673 TPK-KY|光電業|-14 -7 17|82 97 6 10|1.4 83
3675 德微|半導體業|7 12 25|83 87 -8 -6|0.4 49
3679 新至陞|電子零組|-11 39 28|95 95 10 23|0.7 10
3680 家登|半導體業|2 13 -6|92 92 17 30|1.0 577
3687 歐買尬|數位雲端|4 8 8|85 91 8 22|0.7 37
3689 湧德|電子零組|-39 -13 -12|86 86 38 30|0.8 502
3691 碩禾|光電業|101 146 152|95 95 33 50|1.1 86
3693 營邦|電腦及週|1 17 -38|60 64 -16 -31|0.6 369
3694 海華|通信網路|-1 5 6|88 88 10 40|0.2 150
3701 大眾控|電腦及週|-13 12 -3|78 78 3 5|1.1 74
3702 大聯大|電子通路|6 17 20|99 99 16 60|1.5 1425
3703 欣陸|建材營造|-20 -5 -8|100 100 9 14|3.1 54
3704 合勤控|通信網路|-31 -31 -23|73 83 -7 -4|2.7 276
3705 永信|生技醫療|13 20 19|100 100 5 11|1.3 15
3706 神達|電腦及週|45 2 14|91 91 27 29|1.7 1377
3707 漢磊|半導體業|-18 -17 3|68 81 -13 -13|1.3 184
3708 上緯投控|綠能環保|-20 1 18|100 100 31 43|3.6 394
3710 連展投控|電子零組|13 35 27|81 97 6 9|2.9 10
3711 日月光投控|半導體業|-1 -1 11|98 98 23 47|1.3 2563
3712 永崴投控|電腦及週|-7 48 6|86 86 14 29|0.5 163
3714 富采|光電業|2 28 34|69 82 -16 -13|1.2 90
3715 定穎投控|電子零組|9 16 na|64 64 -19 -10|0.5 589
4102 永日|生技醫療|-6 24 13|93 93 4 4|0.5 18
4104 佳醫|生技醫療|-5 5 -8|100 100 10 9|1.2 29
4105 東洋|生技醫療|-19 14 5|95 95 2 6|2.2 82
4107 邦特|生技醫療|-3 6 7|100 100 17 19|1.1 27
4108 懷特|生技醫療|12 42 13|83 86 -4 4|0.9 6
4109 加捷生醫|生技醫療|170 74 44|94 94 47 93|1.1 68
4113 聯上|建材營造|131204 118190 77063|91 91 27 51|0.5 25
4114 健喬|生技醫療|-17 5 -11|90 93 2 3|1.3 44
4119 旭富|生技醫療|-31 -10 -38|77 88 -8 -6|0.7 22
4121 優盛|生技醫療|13 2 12|74 91 2 6|2.0 18
4123 晟德|生技醫療|-23 41 -25|74 89 -2 -5|0.5 61
4126 太醫|生技醫療|-37 -17 -17|97 99 4 8|0.5 10
4127 天良|生技醫療|-8 -3 6|90 90 102 120|3.9 12
4128 中天|生技醫療|19 6 9|72 78 -10 -8|0.8 71
4129 聯合|生技醫療|3 22 -3|93 93 12 48|0.6 133
4137 麗豐-KY|生技醫療|-31 50 10|85 97 3 5|1.1 16
4138 曜亞|生技醫療|3 2 -21|99 99 22 23|1.3 36
4142 國光生|生技醫療|-82 -68 -120|66 74 -18 -22|0.5 18
4147 中裕|生技醫療|147 61 32|67 77 9 1|0.5 111
4148 全宇生技-KY|生技醫療|-16 -22 0|77 93 3 11|1.8 7
4155 訊映|生技醫療|89 31 39|65 93 -1 -5|1.0 9
4157 太景*-KY|生技醫療|114 102 -893|85 92 2 6|2.2 25
4161 聿新科|生技醫療|4 58 32|88 92 11 19|0.7 5
4162 智擎|生技醫療|-7 8 -17|84 84 -6 14|0.8 102
4163 鐿鈦|生技醫療|-5 -10 -8|87 95 -3 2|0.6 11
4164 承業醫|生技醫療|-16 0 -35|84 93 1 1|0.9 50
4167 松瑞藥|生技醫療|-13 21 25|79 79 -13 11|0.5 26
4168 醣聯|生技醫療|na na na|75 84 -11 -9|0.8 6
4173 久裕|生技醫療|-11 19 3|94 98 4 -1|2.2 5
4174 浩鼎|生技醫療|6118 3290 na|65 74 -10 -22|0.9 29
4175 杏一|生技醫療|3 5 1|57 86 -8 -10|0.8 5
4188 安克|生技醫療|13 32 14|79 79 10 39|0.2 7
4207 環泰|食品工業|3 7 1|100 100 9 10|1.5 10
4303 信立|塑膠工業|-64 -26 22|87 87 138 179|2.9 176
4306 炎洲|塑膠工業|-25 18 20|99 99 4 19|2.0 64
4402 郡都開發|紡織纖維|-31 -48 3|97 97 76 83|0.9 13
4420 光明|紡織纖維|-14 6 25|92 92 45 121|2.4 85
4438 廣越|紡織纖維|-6 -22 -6|92 94 -1 -1|1.0 6
4503 金雨|電機機械|22 101 33|79 92 22 28|0.8 72
4506 崇友|電機機械|-11 5 -4|100 100 17 17|1.2 6
4510 高鋒|電機機械|-10 4 -0|79 97 8 12|5.2 5
4513 福裕|電機機械|14 -10 4|99 99 46 44|1.6 39
4523 永彰|電機機械|-44 23 10|95 100 53 42|4.0 29
4526 東台|電機機械|-64 -20 -8|95 95 24 34|5.2 39
4529 淳紳|其他|44 85 -1|73 73 48 43|0.4 7
4532 瑞智|電機機械|1 23 17|92 97 16 27|1.7 69
4533 協易機|電機機械|-51 -37 -46|69 86 1 5|1.8 68
4536 拓凱|運動休閒|-42 -27 -5|93 98 9 15|0.7 69
4540 全球傳動|電機機械|-34 -17 8|88 95 15 15|6.3 10
4541 晟田|其他|-41 -3 8|66 92 2 -8|2.7 6
4542 科嶠|電子零組|-21 -24 -20|82 82 18 -11|0.6 30
4543 萬在|電機機械|-37 6 14|74 83 4 27|0.3 72
4551 智伸科|汽車工業|-34 -17 4|69 77 -18 -21|0.6 19
4552 力達-KY|電機機械|-52 21 10|82 82 -2 -6|0.9 8
4556 旭然|其他|1 30 33|81 81 26 24|0.3 11
4557 永新-KY|汽車工業|-8 33 21|98 98 6 13|1.4 11
4561 健椿|電機機械|-0 29 5|81 81 1 24|1.2 12
4563 百德|電機機械|-14 23 8|72 86 2 -8|1.1 20
4564 元翎|電機機械|-36 -41 -12|71 83 -4 -10|1.2 14
4566 時碩工業|電機機械|-23 -5 9|71 92 -1 -8|0.9 11
4571 鈞興-KY|電機機械|11 34 27|92 92 15 34|0.9 12
4572 駐龍|電機機械|27 28 2|88 97 -0 7|3.1 52
4576 大銀微系統|電機機械|-26 -19 8|91 91 26 25|6.7 8
4580 捷流閥業|電機機械|-19 -13 -13|99 99 4 6|2.5 9
4581 光隆精密-KY|汽車工業|-9 -0 -13|85 90 1 -6|0.7 17
4583 台灣精銳|電機機械|2 -3 10|93 95 19 22|3.2 71
4707 磐亞|化學工業|-46 -11 -0|99 99 12 16|1.3 10
4714 永捷|化學工業|-53 -21 18|81 81 65 70|1.6 349
4720 德淵|化學工業|-23 10 13|87 87 3 11|0.5 11
4721 美琪瑪|化學工業|-14 -24 26|70 81 -15 -9|1.0 15
4726 永昕|生技醫療|-68 -41 -40|79 96 9 0|0.8 15
4728 雙美|生技醫療|-6 33 1|81 96 15 20|3.1 20
4729 熒茂|光電業|-20 -24 -3|82 82 21 18|0.1 6
4736 泰博|生技醫療|-35 -35 12|80 82 -4 -9|0.7 28
4737 華廣|生技醫療|-7 4 22|85 85 -7 -4|0.8 5
4739 康普|化學工業|-36 -28 13|65 75 -18 -19|0.7 19
4743 合一|生技醫療|13 44 12|71 76 -9 -1|0.8 326
4744 皇將|生技醫療|11 116 49|56 69 -11 -18|0.6 8
4746 台耀|生技醫療|-11 14 -2|92 92 13 24|1.0 236
4747 強生製藥|生技醫療|5 16 -9|61 75 -13 -24|0.4 21
4755 三福化|化學工業|-4 12 15|97 97 28 18|2.2 140
4763 材料*-KY|化學工業|103 179 17|73 73 10 -9|0.4 2242
4766 南寶|化學工業|-19 14 16|93 93 11 49|1.1 250
4768 晶呈科技|化學工業|32 -8 14|98 99 22 18|1.6 517
4770 上品|化學工業|-45 -24 -10|96 96 36 49|1.4 388
4904 遠傳|通信網路|19 13 6|98 98 4 13|1.3 325
4905 台聯電|生技醫療|1104 531 352|77 77 7 19|0.9 7
4906 正文|通信網路|-31 -15 -9|86 86 -1 -7|0.6 250
4908 前鼎|通信網路|-11 67 41|88 88 17 50|0.6 536
4909 新復興|通信網路|297 198 125|99 99 162 266|0.5 369
4912 聯德控股-KY|電子零組|18 29 33|94 94 53 47|1.3 80
4915 致伸|電子零組|-29 -8 11|97 97 27 21|2.2 572
4916 事欣科|電腦及週|-1 1 -21|67 82 -10 -14|0.9 21
4919 新唐|半導體業|-20 -5 8|81 82 -12 -2|1.2 244
4927 泰鼎-KY|電子零組|-11 -8 4|59 70 -18 -27|1.4 44
4930 燦星網|電器電纜|2 22 20|92 92 11 31|1.6 16
4931 新盛力|電腦及週|-37 -30 7|66 93 7 -2|2.3 10
4933 友輝|光電業|7 54 19|86 86 7 12|0.4 23
4934 太極|光電業|-90 -87 -72|65 77 -5 -20|0.9 19
4935 茂林-KY|光電業|1 15 34|93 98 0 2|1.7 5
4938 和碩|電腦及週|-28 -22 -15|98 98 18 34|2.2 1397
4939 亞電|電子零組|-27 40 33|85 85 6 35|0.4 20
4942 嘉彰|光電業|-28 -3 13|95 95 5 4|0.7 15
4945 陞達科技|半導體業|30 78 45|86 86 37 70|0.7 120
4951 精拓科|半導體業|7 10 21|90 91 1 18|1.0 21
4952 凌通|半導體業|15 21 33|82 82 -11 -5|0.9 8
4953 緯致|資訊服務|10 19 7|85 94 6 22|0.5 314
4956 光鋐|光電業|-23 -11 -7|71 71 12 24|0.1 14
4958 臻鼎-KY|電子零組|-13 -7 7|100 100 16 28|3.0 774
4960 誠美材|光電業|-12 1 -9|90 90 -3 8|0.3 52
4961 天鈺|半導體業|-28 -12 -1|92 92 3 -2|2.4 1294
4966 譜瑞-KY|半導體業|22 31 43|71 71 -22 -5|0.8 1316
4967 十銓|半導體業|56 120 -46|84 84 -7 20|0.6 163
4968 立積|半導體業|44 37 38|83 83 9 45|0.4 767
4971 IET-KY|半導體業|23 4 20|85 87 -1 6|0.6 12
4973 廣穎電通|半導體業|1 8 2|95 95 8 34|0.5 37
4974 亞泰|電子零組|-34 -9 5|98 98 4 3|0.6 10
4976 佳凌|光電業|-11 -3 15|81 94 2 5|3.3 23
4977 眾達-KY|通信網路|-84 -82 -28|59 86 -3 -12|0.3 52
4979 華星光|通信網路|11 28 -74|63 68 -23 -13|1.0 711
4994 傳奇|資訊服務|34 23 22|86 86 90 93|0.7 57
5007 三星|鋼鐵工業|-10 10 12|98 99 6 6|1.9 6
5009 榮剛|鋼鐵工業|-7 -0 -6|81 95 1 9|1.5 235
5011 久陽|鋼鐵工業|-28 10 19|93 93 -6 21|1.0 23
5201 凱衛|資訊服務|360 130 102|94 94 19 21|1.4 34
5202 力新|資訊服務|81 34 30|85 85 35 47|1.0 33
5203 訊連|資訊服務|17 13 4|79 88 -12 1|0.9 25
5209 新鼎|其他|62 93 8|98 98 21 17|1.6 30
5210 寶碩|資訊服務|42 17 26|57 57 -32 70|0.2 19
5213 亞昕|建材營造|2298 956 -80|98 98 10 51|1.1 37
5215 科嘉-KY|電腦及週|7 44 21|69 69 -11 -6|0.5 9
5222 全訊|半導體業|9 14 -9|91 99 9 18|2.8 156
5225 東科-KY|其他電子|31 34 38|100 100 110 127|0.9 278
5227 立凱-KY|電子零組|-33 -20 -68|53 74 -14 -25|0.9 8
5234 達興材料|光電業|-4 -0 -20|91 91 61 49|1.3 563
5236 凌陽創新|半導體業|-28 8 -33|68 68 -18 16|0.3 48
5243 乙盛-KY|光電業|-8 -13 3|68 92 -0 -6|3.2 131
5244 弘凱|光電業|-29 2 -0|81 81 23 48|0.9 23
5251 天鉞電|光電業|30 -3 28|80 80 19 28|0.2 13
5258 虹堡|電腦及週|-8 -2 -9|93 93 14 20|1.4 520
5263 智崴|文化創意|3 13 5|84 87 -1 -2|0.4 16
5269 祥碩|半導體業|25 67 26|99 99 36 105|1.1 1870
5272 笙科|半導體業|-14 37 36|78 78 1 26|0.2 35
5274 信驊|半導體業|31 26 51|100 100 7 26|1.5 1400
5283 禾聯碩|電器電纜|-16 1 4|100 100 7 9|1.1 13
5284 jpp-KY|其他|16 1 -21|92 92 82 61|2.2 428
5285 界霖|半導體業|-27 -12 5|72 75 -13 -23|0.9 9
5287 數字|數位雲端|2 7 -3|99 99 4 1|1.2 16
5288 豐祥-KY|電機機械|-24 -3 5|98 98 9 14|1.2 13
5289 宜鼎|電腦及週|-8 4 20|90 90 -0 2|1.4 217
5292 華懋|綠能環保|-17 -8 na|na na 25 na|1.2 66
5299 杰力|半導體業|5 22 27|83 83 -13 -9|1.1 17
5306 桂盟|運動休閒|-41 -13 17|91 92 12 12|0.4 71
5309 系統電|電子零組|-0 1 8|75 90 -1 3|4.4 72
5310 天剛|資訊服務|-97 1231 895|90 90 118 98|1.7 34
5312 寶島科|生技醫療|0 5 -10|95 95 26 32|1.6 29
5314 世紀*|其他|1275 17095 10888|100 100 445 897|1.6 67
5315 光聯|光電業|-45 -39 -13|83 90 0 -4|0.4 5
5321 美而快|數位雲端|11 -8 -12|59 63 -14 -41|0.4 11
5328 華容|電子零組|-52 -29 -23|81 81 -6 8|0.4 11
5340 建榮|電子零組|30 21 22|70 75 -12 -22|0.6 34
5347 世界|半導體業|24 13 29|91 94 10 26|1.2 1758
5351 鈺創|半導體業|30 39 55|89 89 0 28|0.7 221
5353 台林|通信網路|28 4 -3|71 92 1 -6|0.6 7
5355 佳總|電子零組|-28 -12 -10|78 78 13 51|0.2 7
5356 協益|電腦及週|-32 34 36|99 99 17 19|1.5 18
5371 中光電|光電業|-12 -1 13|95 100 15 3|4.7 130
5381 光譜|電機機械|816 867 402|87 87 30 24|1.4 60
5383 金利|其他電子|-32 -23 -3|95 95 42 32|0.5 17
5386 青雲|電腦及週|171 87 81|93 93 52 69|1.2 158
5388 中磊|通信網路|-1 -5 -1|94 94 7 14|1.8 1174
5392 能率|光電業|-5 10 13|90 90 -1 -1|1.4 14
5403 中菲|資訊服務|-5 18 3|94 94 17 34|0.9 64
5410 國眾|資訊服務|-44 -24 -7|98 99 2 2|0.7 12
5425 台半|半導體業|-13 -13 -5|67 78 -22 -12|0.4 156
5426 振發|電腦及週|-36 -22 11|85 85 27 175|0.4 137
5432 新門|綠能環保|-34 29 -0|95 95 37 132|1.1 138
5434 崇越|電子通路|-2 -7 1|100 100 20 30|1.1 201
5439 高技|電子零組|-15 -6 -38|81 81 3 46|2.1 391
5443 均豪|半導體業|27 52 72|92 92 82 79|0.9 415
5452 佶優|其他電子|-15 1 8|84 84 5 9|0.4 74
5457 宣德|電子零組|-3 22 26|87 87 6 15|0.3 93
5465 富驊|電腦及週|-10 14 -9|74 86 -2 -8|0.3 29
5469 瀚宇博|電子零組|-19 -6 2|91 91 13 3|2.3 369
5471 松翰|半導體業|-8 20 25|90 90 -4 14|3.5 23
5474 聰泰|電腦及週|1 26 26|75 90 26 5|0.8 99
5478 智冠|文化創意|14 -2 -2|74 74 -1 58|0.3 131
5483 中美晶|半導體業|-4 4 6|89 89 10 39|1.8 2480
5488 松普|電子零組|-62 -28 -4|70 70 13 3|0.4 32
5493 三聯|其他電子|25 21 17|94 94 61 79|1.6 34
5498 凱崴|電子零組|-16 4 22|80 80 22 25|0.9 84
5508 永信建|建材營造|454 674 321|98 98 42 68|1.5 114
5511 德昌|建材營造|-19 11 -16|84 91 0 2|1.0 60
5512 力麒|建材營造|-33 21 -13|100 100 7 13|2.4 18
5515 建國|建材營造|10 -3 13|91 91 21 49|3.8 79
5519 隆大|建材營造|1663 864 602|100 100 40 75|1.1 61
5521 工信|建材營造|19 43 15|86 86 -8 71|0.6 115
5522 遠雄|建材營造|-81 1 33|93 93 1 1|1.1 49
5525 順天|建材營造|-53 -62 -302|99 99 23 29|0.8 10
5529 鉅陞|建材營造|18 -8 -62|90 90 25 29|1.2 12
5530 龍巖|其他|-9 20 10|95 95 6 12|0.8 14
5533 皇鼎|建材營造|-95 14 -188|92 92 0 19|0.5 11
5534 長虹|建材營造|13 25 -362|100 100 14 20|1.9 79
5536 聖暉*|其他電子|-28 -0 9|96 96 14 24|1.2 103
5603 陸海|航運業|-31 -17 -7|100 100 8 18|2.7 6
5607 遠雄港|航運業|2 13 16|78 87 -3 13|0.5 56
5608 四維航|航運業|2 -15 26|73 77 -10 -6|0.6 35
5609 中菲行|航運業|-0 -5 31|99 99 9 13|0.6 36
5706 鳳凰|觀光餐旅|258 93 -1381|56 83 -4 5|0.6 31
5864 致和證|金融業|-25 12 -63|63 99 14 6|1.8 26
5871 中租-KY|其他|10 8 -3|76 88 -8 -7|0.7 748
5876 上海商銀|金融保險|8 4 -5|100 100 6 13|2.5 201
5880 合庫金|金融保險|7 11 -7|94 97 0 3|1.1 249
5903 全家|居家生活|15 9 -1|87 96 -1 -4|0.5 9
5904 寶雅|居家生活|29 8 -5|84 88 -12 1|0.6 113
5905 南仁湖|觀光餐旅|10 -11 -21|81 88 -2 -4|0.8 7
6005 群益證|金融保險|35 49 -28|100 100 21 31|1.3 215
6015 宏遠證|金融業|45 186 85|92 98 14 17|1.5 39
6016 康和證|金融業|68 75 268|98 98 25 25|1.1 102
6023 元大期貨|金融業|-31 5 13|99 99 34 40|1.5 28
6024 群益期|金融保險|-13 4 16|97 97 10 22|0.9 24
6026 福邦證|金融業|110 226 -477|98 98 25 35|1.0 64
6101 寬魚國際|文化創意|-17 1878 -110687|89 99 3 14|0.5 8
6104 創惟|半導體業|-3 27 22|78 78 -12 3|0.4 157
6108 競國|電子零組|-9 -1 8|89 89 4 5|0.3 16
6109 亞元|通信網路|-47 -34 -5|78 87 1 8|0.5 6
6111 光聚晶電|文化創意|250 221 113|73 83 -6 7|0.3 47
6112 邁達特|資訊服務|12 12 -3|85 86 -4 8|0.4 78
6113 亞矽|電子通路|-58 -45 -9|64 64 80 106|0.1 34
6115 鎰勝|電子零組|-29 6 13|96 96 14 16|1.1 14
6116 彩晶|光電業|-1 2 17|75 86 -7 -9|0.5 80
6117 迎廣|電腦及週|63 57 42|94 94 5 132|0.5 467
6118 建達|電子通路|-1 -5 4|63 80 -17 -13|1.0 7
6120 達運|光電業|46 79 20|85 92 22 1|0.4 83
6121 新普|電腦及週|-20 -8 2|81 81 12 37|2.8 2025
6122 擎邦|電機機械|-24 34 -85|91 91 17 48|0.9 244
6124 業強|電子零組|-62 -24 -10|71 91 15 20|0.4 16
6125 廣運|電機機械|-66 -50 -44|82 92 49 36|1.7 1899
6126 信音|電子零組|-14 2 9|91 91 25 31|0.9 142
6127 九豪|電子零組|-2 18 2|85 85 -2 17|0.3 21
6128 上福|電腦及週|7 4 9|98 98 15 18|2.3 19
6129 普誠|半導體業|-50 -25 -4|74 85 -9 -5|0.9 22
6134 萬旭|電子零組|-24 -21 1|72 87 3 2|0.3 6
6136 富爾特|通信網路|5 -4 -7|91 91 3 24|0.4 9
6138 茂達|半導體業|41 58 46|85 85 -4 43|0.3 335
6139 亞翔|其他電子|74 123 50|100 100 58 110|2.6 2507
6140 訊達電腦|資訊服務|-57 4 13|59 59 18 51|0.1 25
6141 柏承|電子零組|20 75 63|82 82 12 6|0.4 8
6143 振曜|通信網路|-29 -24 -30|83 83 3 24|0.6 148
6146 耕興|其他電子|-9 -6 -1|87 87 6 -1|2.3 316
6147 頎邦|半導體業|-6 -6 4|100 100 9 16|2.1 647
6148 驊宏資|資訊服務|-71 -24 -164|62 78 -7 6|0.5 8
6150 撼訊|電腦及週|-6 -3 -54|80 89 1 11|0.6 130
6152 百一|通信網路|-39 -44 -3|82 90 -1 3|0.4 6
6153 嘉聯益|電子零組|-38 -5 16|78 88 -8 -6|0.6 39
6156 松上|電子零組|-33 -1 14|86 86 -9 6|0.5 14
6160 欣技|電腦及週|-24 -28 -27|57 84 -3 -10|0.6 11
6161 捷波|電腦及週|-2 16 25|91 91 16 23|0.4 40
6163 華電網|資訊服務|-69 -14 6|81 90 18 33|1.7 87
6164 華興|光電業|-22 8 16|81 81 19 33|0.3 19
6165 浪凡|數位雲端|6 0 7|73 73 8 14|0.4 99
6166 凌華|電腦及週|-21 -14 -7|81 92 14 11|3.1 65
6167 久正|光電業|-50 -32 -8|83 85 1 0|0.4 15
6168 宏齊|光電業|-26 -4 9|82 82 -8 6|0.3 27
6170 統振|通信網路|25 25 16|85 89 -1 -2|0.4 36
6171 大城地產|建材營造|-100 na na|100 100 38 61|1.3 5
6173 信昌電|電子零組|-13 -1 2|83 83 -7 -0|1.0 22
6176 瑞儀|光電業|-0 9 21|90 90 29 37|2.1 1649
6177 達麗|建材營造|-90 2648 1199|99 99 20 32|1.5 57
6179 亞通|其他|15 10 -15|98 98 21 24|2.5 80
6180 橘子|文化創意|72 12 19|93 94 0 10|0.5 57
6182 合晶|半導體業|-28 -30 -6|81 81 -11 -11|0.8 130
6186 新潤|建材營造|2579 904 na|100 100 14 30|1.0 49
6187 萬潤|半導體業|255 160 151|84 84 78 142|0.1 221
6188 廣明|電腦及週|-15 -14 -2|80 93 23 18|3.2 596
6189 豐藝|電子通路|1 46 25|97 97 56 86|2.0 427
6190 萬泰科|通信網路|-6 5 24|90 97 17 7|1.3 94
6191 精成科|電子零組|-12 3 4|96 96 14 18|2.1 407
6192 巨路|其他電子|-14 11 4|99 99 14 18|0.8 23
6194 育富|電子零組|-26 20 2|83 83 -1 13|0.3 8
6196 帆宣|其他電子|-23 12 3|100 100 22 22|1.0 285
6197 佳必琪|電子零組|-5 39 17|100 100 67 95|2.2 654
6198 瑞築|建材營造|5 na na|100 100 61 58|1.2 16
6201 亞弘電|其他電子|-20 17 2|95 95 16 31|0.6 10
6202 盛群|半導體業|-60 -51 3|76 78 -17 -13|0.8 57
6203 海韻電|電子零組|-59 -9 -44|79 89 -4 -7|0.5 32
6204 艾華|電子零組|-26 35 17|90 90 18 110|0.8 115
6205 詮欣|電子零組|-44 -30 5|88 88 4 10|0.6 68
6206 飛捷|電腦及週|20 22 42|97 97 12 18|1.2 67
6207 雷科|電子零組|39 36 34|99 99 25 33|1.1 85
6208 日揚|半導體業|-3 -9 -10|93 93 19 23|0.8 44
6209 今國光|光電業|-41 -22 2|79 89 -6 -6|2.1 14
6213 聯茂|電子零組|-17 -2 5|100 100 19 10|2.5 245
6214 精誠|資訊服務|2 13 6|97 97 7 13|1.0 96
6215 和椿|其他電子|-19 4 35|96 96 38 42|7.2 16
6216 居易|通信網路|42 77 52|96 96 17 26|1.2 25
6217 中探針|電子零組|-31 -11 5|81 83 4 -2|0.4 111
6218 豪勉|通信網路|29 12 -17|70 86 16 -3|0.2 12
6219 富旺|建材營造|9477 3518 2117|100 100 55 62|0.5 66
6220 岳豐|電子零組|16 11 16|79 79 -7 -16|0.8 7
6223 旺矽|半導體業|6 15 5|92 92 51 52|0.3 793
6224 聚鼎|電子零組|-23 -4 -1|83 93 -3 4|0.8 10
6227 茂綸|電子通路|-41 -15 -4|92 92 54 51|3.0 120
6229 研通|半導體業|-43 17 36|72 72 13 22|0.2 17
6230 尼得科超眾|電腦及週|-46 -40 -22|87 87 57 31|0.4 59
6231 系微|資訊服務|7 16 15|80 80 -7 66|0.3 314
6233 旺玖|半導體業|-9 -2 11|87 87 7 73|0.2 106
6234 高僑|光電業|100 28 -22|74 93 8 -4|3.1 38
6235 華孚|電腦及週|8 20 -17|61 68 -6 -28|0.6 517
6237 驊訊|半導體業|-30 -21 10|82 82 -3 60|0.2 70
6239 力成|半導體業|13 16 24|100 100 40 98|1.3 2648
6243 迅杰|半導體業|-20 -5 -33|76 76 -10 47|0.1 62
6244 茂迪|光電業|-52 -31 -4|68 93 -1 5|1.9 62
6245 立端|通信網路|-27 -27 -6|79 82 -11 11|0.4 97
6248 沛波|鋼鐵工業|-40 30 6|99 99 19 26|1.3 32
6257 矽格|半導體業|13 10 21|94 94 7 25|2.1 553
6261 久元|半導體業|17 22 33|100 100 16 28|2.0 31
6263 普萊德|通信網路|-29 5 -4|89 89 13 28|0.4 56
6265 方土昶|電子通路|-23 3 32|74 74 14 16|0.2 13
6266 泰詠|電子零組|-22 -18 -23|78 98 7 2|0.7 14
6269 台郡|電子零組|-32 -24 -8|93 99 3 3|1.3 200
6270 倍微|電子通路|-47 -41 -7|80 80 -4 9|0.1 7
6271 同欣電|半導體業|-4 1 16|87 87 -5 2|0.7 176
6274 台燿|電子零組|-6 13 18|97 97 49 31|1.8 3164
6275 元山|電子零組|-23 11 3|94 94 40 43|0.5 648
6276 安鈦克|電腦及週|-7 -11 -16|55 55 -35 24|0.1 22
6277 宏正|電腦及週|-7 -13 -5|97 100 2 4|1.3 8
6278 台表科|光電業|3 11 28|97 97 17 19|1.4 338
6279 胡連|電子零組|8 24 9|98 98 9 13|1.0 151
6281 全國電|電子通路|5 -7 -2|99 99 3 4|1.9 15
6282 康舒|電子零組|17 43 25|69 85 -4 -10|0.5 237
6284 佳邦|電子零組|6 29 17|95 95 0 39|1.8 271
6285 啟碁|通信網路|-9 1 -13|93 93 2 15|1.1 1277
6288 聯嘉|汽車工業|27 38 19|92 92 5 10|0.3 112
6290 良維|電子零組|-6 9 10|90 90 39 46|1.3 1136
6291 沛亨|半導體業|-15 4 -43|57 66 -21 -24|0.8 18
6292 迅德|電子零組|-33 -23 -5|89 89 31 68|0.9 48
6294 智基|文化創意|15 1 2|98 98 7 7|1.8 13
6409 旭隼|其他電子|-21 -3 12|81 92 0 6|0.6 299
6411 晶焱|半導體業|-20 13 -0|80 80 -13 -2|0.8 41
6412 群電|電子零組|-3 -2 6|92 92 29 50|0.8 143
6414 樺漢|電腦及週|-10 8 -2|100 100 42 43|2.9 1158
6415 矽力*-KY|半導體業|-13 7 29|64 66 -24 8|0.8 920
6416 瑞祺電通|通信網路|-39 -26 -5|100 100 39 60|0.9 171
6417 韋僑|通信網路|6 4 -4|57 88 -2 -10|0.4 12
6419 京晨科|光電業|298 270 113|76 76 4 18|1.2 15
6425 易發|電機機械|186 148 137|100 100 232 249|2.3 214
6426 統新|通信網路|-26 -0 27|79 79 -1 1|0.4 15
6435 大中|半導體業|25 47 34|87 87 -10 10|0.3 17
6438 迅得|其他電子|-29 -19 -12|97 97 17 23|0.9 201
6441 廣錠|電腦及週|-47 -22 -41|61 78 -17 -15|0.8 5
6442 光聖|通信網路|19 24 27|91 91 119 90|1.6 316
6443 元晶|光電業|-47 -41 -31|74 94 0 4|2.6 170
6446 藥華藥|生技醫療|91 126 44|71 86 -3 -4|0.7 314
6449 鈺邦|電子零組|0 30 -3|95 95 13 9|0.8 21
6451 訊芯-KY|半導體業|-39 -18 -9|79 79 22 26|0.5 626
6456 GIS-KY|光電業|-26 -21 15|76 90 -10 3|2.1 40
6457 紘康|半導體業|-3 47 31|63 63 -30 -4|1.3 10
6462 神盾|半導體業|-8 35 11|81 81 111 221|0.8 2274
6464 台數科|其他|9 -1 1|95 99 2 -1|2.1 8
6469 大樹|生技醫療|17 10 -0|79 79 -12 -15|0.5 58
6470 宇智|通信網路|-45 -37 -19|62 81 -12 -18|0.7 17
6472 保瑞|生技醫療|-44 -41 -96|81 93 2 -1|0.9 661
6477 安集|光電業|-63 -38 4|74 96 7 2|1.6 39
6485 點序|半導體業|-45 -36 -24|68 68 -27 -22|0.4 34
6486 互動|通信網路|-4 21 -5|99 99 13 20|0.8 27
6488 環球晶|半導體業|-16 -12 -7|94 94 -3 27|2.2 1853
6491 晶碩|生技醫療|28 17 5|98 98 17 18|1.0 301
6492 生華科|生技醫療|0 0 -0|73 73 -13 2|1.1 9
6494 九齊|半導體業|-23 43 43|76 76 -10 12|0.4 20
6504 南六|其他|-13 6 3|83 83 -9 -3|0.7 7
6505 台塑化|油電燃氣|-10 -9 7|78 81 -14 -13|1.6 269
6509 聚和|化學工業|-8 -0 13|84 94 0 2|0.5 17
6510 精測|半導體業|-15 -8 22|84 88 -6 -11|0.8 61
6515 穎崴|半導體業|-2 -27 -3|80 85 -9 9|0.4 444
6517 保勝光學|光電業|-28 -7 8|51 89 -1 15|6.4 19
6523 達爾膚|生技醫療|40 39 3|98 98 15 23|1.6 33
6525 捷敏-KY|半導體業|-13 1 13|91 96 0 1|1.0 7
6526 達發|半導體業|29 23 na|na na 10 na|0.6 600
6530 創威|通信網路|40 20 17|88 88 19 46|0.8 161
6531 愛普*|半導體業|-1 23 22|74 74 -12 2|0.4 1236
6532 瑞耘|半導體業|15 10 1|85 85 20 20|0.3 34
6533 晶心科|半導體業|-52 42 29|77 77 -5 13|0.6 421
6534 正瀚-創|生技醫療|-7 114 na|na na 7 na|0.3 5
6535 順藥|生技醫療|-99 -37 -2090|94 94 163 182|0.6 145
6538 倉和|電子零組|21 39 -8|79 79 -6 -1|1.4 164
6541 泰福-KY|生技醫療|2886 941 377|54 66 -25 -22|0.9 17
6546 正基|通信網路|-2 12 28|83 83 5 52|0.6 357
6547 高端疫苗|生技醫療|na na na|67 68 -25 -29|0.6 68
6548 長科*|半導體業|-11 -6 11|76 98 1 4|1.3 26
6550 北極星藥業-KY|生技醫療|na na na|71 89 -10 -11|1.5 136
6561 是方|通信網路|7 5 -0|99 99 17 7|0.9 51
6568 宏觀|半導體業|-33 -35 -11|78 84 -10 10|0.5 10
6569 醫揚|生技醫療|-17 -14 -9|73 88 7 -2|3.3 35
6576 逸達|生技醫療|13571 4611 1694|77 92 2 23|0.5 19
6577 勁豐|電腦及週|30 10 -34|93 93 43 53|2.3 60
6578 達邦蛋白|農業科技|-20 5 11|100 100 20 48|1.4 21
6579 研揚|電腦及週|-27 -3 2|71 95 15 5|0.6 78
6584 南俊國際|電子零組|14 36 na|na 87 141 194|1.2 351
6585 鼎基|其他|21 40 25|95 95 43 66|0.5 121
6589 台康生技|生技醫療|-42 0 23|68 82 -12 -12|0.8 56
6590 普鴻|資訊服務|-4 11 -12|94 96 13 20|0.5 9
6591 動力-KY|電腦及週|-45 2 -7|85 85 21 12|0.7 91
6592 和潤企業|其他|21 22 -4|80 90 -5 -8|0.8 105
6593 台灣銘板|資訊服務|24 42 -1|83 83 2 165|0.5 111
6596 寬宏藝術|文化創意|310 113 25|97 97 55 57|2.0 101
6605 帝寶|汽車工業|-3 6 0|96 96 51 63|3.4 420
6613 朋億*|其他電子|9 37 20|95 95 36 52|1.0 72
6616 特昇-KY|居家生活|13 49 40|81 81 0 0|0.4 6
6625 必應|其他|-43 26 -190|66 78 -2 1|0.1 21
6640 均華|半導體業|98 214 185|93 93 173 227|0.8 47
6643 M31|半導體業|20 23 3|70 70 45 78|0.3 960
6651 全宇昕|半導體業|-29 -9 8|88 88 -5 4|1.2 11
6657 華安|生技醫療|-57 13 na|na 83 -4 -1|2.4 10
6664 群翊|電子零組|2 5 2|98 98 14 10|2.2 53
6667 信紘科|其他電子|5 24 20|99 99 71 121|0.8 280
6668 中揚光|光電業|-47 -6 15|98 98 45 72|1.7 278
6669 緯穎|電腦及週|6 -5 12|89 89 24 54|0.7 6030
6670 復盛應用|運動休閒|-20 -15 14|99 99 10 15|0.7 62
6672 騰輝電子-KY|電子零組|-13 -5 4|90 92 3 -5|0.6 26
6679 鈺太|半導體業|29 57 42|89 89 -2 32|0.6 360
6683 雍智科技|半導體業|2 1 8|88 88 -1 47|0.7 123
6684 安格|半導體業|130 171 107|68 68 10 62|0.2 218
6689 伊雲谷|數位雲端|27 21 4|70 83 -6 -4|0.7 44
6690 安碁資訊|數位雲端|11 11 -4|82 88 -7 10|0.5 10
6691 洋基工程|其他電子|-36 -11 -18|97 97 22 51|0.7 251
6693 廣閎科|半導體業|-22 -1 19|86 86 6 8|0.7 10
6695 芯鼎|半導體業|-20 13 6|67 67 -1 60|0.2 156
6698 旭暉應材|其他電子|-31 -2 10|83 87 13 16|0.2 14
6703 軒郁|生技醫療|48 73 -6|87 87 1 17|0.5 48
6706 惠特|光電業|-64 -49 9|55 74 -21 -19|1.1 20
6712 長聖|生技醫療|41 45 16|97 97 13 10|1.1 160
6715 嘉基|電子零組|-42 -4 22|87 87 20 20|0.6 135
6716 應廣|半導體業|43 139 81|66 66 -22 27|0.3 13
6719 力智|半導體業|-1 3 38|84 93 4 20|1.0 381
6732 昇佳電子|半導體業|60 80 35|77 77 -4 5|0.6 199
6733 博晟生醫|生技醫療|213 206 -90|79 91 1 5|0.5 8
6735 美達科技|其他電子|126 193 172|92 92 93 125|0.9 128
6741 91APP*-KY|數位雲端|12 11 1|61 83 -10 -5|1.3 39
6742 澤米|光電業|6 -32 na|na na 21 na|0.7 65
6743 安普新|其他電子|-5 9 20|66 96 1 4|1.8 17
6752 叡揚|資訊服務|3 2 -7|79 95 2 30|1.5 16
6753 龍德造船|航運業|29 9 -12|85 98 39 21|3.7 167
6754 匯僑設計|居家生活|9 41 37|94 98 3 23|0.6 5
6756 威鋒電子|半導體業|-25 13 23|75 75 -14 6|0.4 97
6757 台灣虎航|航運業|96 89 na|na 97 -1 12|0.9 22
6761 穩得|電子零組|-11 7 13|93 98 12 9|0.9 13
6763 綠界科技*|數位雲端|1 5 1|69 83 -9 -3|0.8 10
6768 志強-KY|運動休閒|26 11 27|99 99 11 13|0.5 17
6770 力積電|半導體業|-3 -10 24|75 84 -11 -2|1.0 337
6776 展碁國際|電子通路|5 5 3|95 95 15 22|0.7 21
6781 AES-KY|電子零組|-28 -19 14|86 92 -1 8|0.4 205
6782 視陽|生技醫療|130 58 55|72 85 23 12|0.7 206
6788 華景電|半導體業|-25 -8 -6|85 93 6 2|0.8 38
6789 采鈺|半導體業|52 33 41|92 92 13 47|1.0 844
6790 永豐實|造紙工業|-16 3 -1|99 99 17 28|1.0 19
6792 詠業|通信網路|-8 -6 -6|78 82 -4 -11|1.0 7
6796 晉弘|生技醫療|-58 -13 -17|60 73 -22 -22|0.9 11
6799 來頡|半導體業|-8 3 9|79 79 -4 8|0.3 193
6803 崑鼎|綠能環保|6 -3 -11|95 97 0 -3|0.5 9
6805 富世達|電子零組|125 116 na|na na 111 na|0.6 916
6806 森崴能源|綠能環保|35 84 -110|91 91 35 36|1.2 1198
6811 宏碁資訊|數位雲端|-24 15 9|72 82 4 9|0.3 83
6823 濾能|半導體業|-51 -63 -2|86 96 23 34|0.5 6
6829 千附精密|半導體業|0 14 25|78 87 12 4|1.6 112
6830 汎銓|其他電子|7 6 -5|76 90 3 -2|0.3 39
6835 圓裕|電子零組|20 4 17|97 97 22 29|0.4 21
6841 長佳智能|生技醫療|454 226 92|61 87 -5 -13|1.2 33
6854 錼創科技-KY創|半導體業|70 117 -37|62 76 -21 -23|2.6 10
6855 數泓科|其他電子|45 17 6|93 93 32 50|0.7 7
6859 伯特光|光電業|-52 -25 -1|91 96 10 7|3.9 9
6863 永道-KY|通信網路|59 65 30|na 83 1 5|0.6 64
6869 雲豹能源|綠能環保|39 -19 -38|97 97 52 60|1.2 67
6873 泓德能源|綠能環保|-8 7 -37|97 97 20 46|1.3 62
6874 倍力|資訊服務|134 101 69|61 84 -4 17|0.8 9
6894 衛司特|綠能環保|-11 8 na|na na 33 na|0.5 39
6895 宏碩系統|半導體業|-42 -21 na|na 84 -8 -10|0.6 8
6901 鑽石投資|其他|-57 -833 na|na 77 -10 -1|0.6 35
6933 AMAX-KY|電腦及週|-12 -21 na|na na 21 na|1.0 345
6937 天虹|半導體業|-7 -33 na|na na -8 na|0.4 40
7402 邑錡|光電業|10 48 45|95 95 48 49|3.1 271
8011 台通|通信網路|82 56 23|71 71 4 32|0.6 400
8016 矽創|半導體業|19 34 24|92 92 6 5|1.9 761
8021 尖點|其他電子|17 8 22|87 97 4 6|0.5 11
8027 鈦昇|電機機械|-29 -12 28|91 91 51 33|0.5 268
8028 昇陽半導體|半導體業|-15 -10 -14|81 93 -3 -2|0.9 55
8033 雷虎|其他|5 10 19|82 95 14 10|5.5 52
8034 榮群|通信網路|232 166 -48|81 81 7 22|0.2 56
8038 長園科|電子零組|-93 -76 -388|48 74 -18 -18|0.7 5
8039 台虹|電子零組|22 41 32|91 91 3 8|0.4 18
8040 九暘|半導體業|-39 -33 11|92 92 77 96|0.5 224
8044 網家|數位雲端|-4 -6 3|53 70 -24 -20|0.6 27
8046 南電|電子零組|-54 -48 -9|69 75 -18 -24|0.7 506
8047 星雲|其他電子|-22 -1 18|79 79 22 25|0.9 6
8048 德勝|通信網路|5 28 -40|70 79 4 -6|0.6 22
8049 晶采|光電業|-52 -38 -18|98 98 10 14|0.6 24
8050 廣積|電腦及週|-53 -32 -15|77 88 8 -10|0.7 208
8054 安國|半導體業|-4 64 38|72 72 26 306|1.3 1508
8059 凱碩|通信網路|-67 -73 -15|85 85 82 138|0.3 89
8064 東捷|光電業|-37 -40 -14|89 89 54 49|0.7 163
8068 全達|電子通路|60 86 70|79 82 -11 -7|1.3 20
8069 元太|光電業|-38 -24 -8|91 91 16 28|0.6 1395
8070 長華*|電子通路|-10 -6 14|99 99 17 31|1.6 118
8076 伍豐|電腦及週|38 -5 -4|75 84 -10 -7|0.8 17
8081 致新|半導體業|6 7 2|94 97 10 1|0.9 150
8083 瑞穎|電機機械|66 60 64|99 99 15 10|0.5 12
8084 巨虹|電子通路|-44 -47 -20|75 83 -5 21|0.5 17
8085 福華|其他電子|-41 -17 0|97 97 38 91|0.8 361
8086 宏捷科|半導體業|305 255 160|91 91 11 33|0.6 931
8087 麗升能源|綠能環保|666 3424 1472|84 95 32 18|1.4 15
8088 品安|半導體業|-20 -25 -10|92 92 -2 12|0.5 41
8089 康全電訊|通信網路|30 8 40|71 71 28 265|0.4 200
8091 翔名|半導體業|-3 3 8|98 98 34 44|0.6 68
8092 建暐|其他電子|-11 -17 -25|88 88 121 156|4.0 51
8096 擎亞|電子通路|117 142 98|93 93 86 142|0.3 255
8097 常珵|通信網路|-100 -99 -4|95 95 7 41|0.5 30
8099 大世科|資訊服務|-25 -16 -11|95 95 55 46|1.7 31
8103 瀚荃|電子零組|-24 2 13|100 100 9 22|2.5 20
8104 錸寶|光電業|-23 -8 -2|75 90 -2 -6|0.5 6
8105 凌巨|光電業|-14 -15 -1|86 94 7 8|0.4 44
8109 博大|電子零組|-27 -11 -13|91 99 9 2|2.9 26
8110 華東|半導體業|-0 6 24|100 100 16 33|1.3 92
8111 立碁|光電業|-20 -5 1|96 100 25 32|1.1 9
8112 至上|電子通路|84 82 60|95 95 23 32|0.9 1021
8114 振樺電|電腦及週|-6 -8 8|87 87 0 13|0.4 40
8121 越峰|電子零組|-4 9 21|86 92 13 11|6.0 8
8131 福懋科|半導體業|-0 -4 19|88 92 -6 -5|0.7 14
8147 正淩|電子零組|-5 23 24|90 90 78 70|2.2 212
8150 南茂|半導體業|24 24 20|98 98 18 33|2.3 363
8155 博智|電子零組|-10 4 15|78 84 -10 -8|1.7 97
8163 達方|電腦及週|-16 -13 -2|97 97 20 45|0.8 171
8171 天宇|綠能環保|31 2 33|66 97 3 7|1.3 19
8182 加高|電子零組|28 26 19|89 89 12 18|0.3 8
8183 精星|其他電子|-30 -4 -3|84 84 -6 -1|0.9 19
8201 無敵|其他電子|-45 -22 -6|78 93 10 26|2.2 7
8210 勤誠|電腦及週|11 80 52|82 82 -5 19|0.4 940
8213 志超|電子零組|-18 -8 -5|94 95 2 -4|1.6 34
8215 明基材|光電業|6 11 -4|79 91 0 -2|0.4 27
8222 寶一|電機機械|10 57 6|72 95 1 1|3.0 32
8227 巨有科技|半導體業|-53 105 65|65 65 9 76|0.5 114
8234 新漢|電腦及週|-44 -30 2|76 93 5 5|2.0 32
8249 菱光|電子零組|-49 -22 5|84 90 0 1|0.4 5
8255 朋程|電機機械|60 52 11|96 98 3 9|2.7 116
8261 富鼎|半導體業|-16 1 17|80 82 -10 5|1.7 45
8271 宇瞻|半導體業|4 7 13|93 93 18 28|1.2 141
8289 泰藝|電子零組|-35 -21 14|73 89 4 1|0.5 9
8299 群聯|半導體業|42 50 49|100 100 39 53|1.4 1886
8341 日友|綠能環保|-10 -7 7|63 81 -14 -14|0.7 24
8349 恒耀國際|鋼鐵工業|1 26 12|98 98 9 7|1.3 28
8358 金居|電子零組|-14 -17 -1|84 87 -1 -4|1.0 82
8383 千附|半導體業|-29 -25 9|92 98 8 9|2.2 24
8390 金益鼎|綠能環保|2 23 19|97 100 12 14|2.9 38
8401 白紗科|其他|-20 19 17|99 99 20 20|1.0 16
8403 盛弘|生技醫療|13 18 19|74 92 -5 -5|1.0 7
8404 百和興業-KY|其他|-41 20 38|74 85 -7 -7|0.4 5
8410 森田|電腦及週|-37 5 -13|81 81 -7 24|0.4 12
8422 可寧衛*|綠能環保|-27 -22 2|86 97 0 0|1.3 28
8423 保綠-KY|綠能環保|-6 12 6|80 80 18 23|3.4 5
8426 紅木-KY|其他|4 32 -39|66 66 -34 16|0.4 34
8431 匯鑽科|其他電子|-59 -1 9|84 92 7 -1|1.0 9
8432 東生華|生技醫療|-23 58 34|89 89 14 25|0.7 8
8433 弘帆|居家生活|5 18 0|100 100 19 34|1.5 24
8435 鉅邁|其他|-7 -9 -1|100 100 23 27|0.4 6
8436 大江|生技醫療|-31 -11 -14|69 81 -8 -13|0.4 38
8440 綠電|綠能環保|-15 6 -0|77 97 7 7|0.8 6
8442 威宏-KY|其他|-24 7 12|97 97 19 51|1.7 22
8446 華研|文化創意|-5 47 11|71 94 1 6|0.5 20
8454 富邦媒|數位雲端|4 5 -0|47 72 -23 -24|0.8 353
8462 柏文|運動休閒|12 22 -0|69 86 -3 -15|0.6 14
8464 億豐|居家生活|-9 5 7|92 92 1 13|0.9 164
8467 波力-KY|運動休閒|-1 31 14|95 95 59 139|1.4 125
8473 山林水|綠能環保|-43 -18 -22|99 99 39 59|2.0 53
8476 台境*|綠能環保|47 5 33|86 88 12 -12|0.8 11
8478 東哥遊艇|運動休閒|-3 19 2|59 90 3 0|0.4 203
8916 光隆|其他|-44 -19 5|100 100 10 15|1.0 19
8924 大田|運動休閒|-52 -29 17|75 97 2 -1|0.8 11
8926 台汽電|油電燃氣|110 40 -13|88 95 18 14|1.0 264
8927 北基|油電燃氣|17 16 1|87 92 8 -5|0.5 18
8930 青鋼|鋼鐵工業|-26 30 9|92 92 5 20|0.5 40
8931 大汽電|油電燃氣|-47 -29 -17|68 90 18 27|0.8 17
8932 智通*|數位雲端|47 69 16|91 91 4 39|0.4 69
8933 愛地雅|運動休閒|-32 -44 -10|80 92 7 8|1.0 8
8936 國統|其他|61 65 37|99 99 65 163|1.3 1060
8938 明安|運動休閒|-51 -27 10|71 94 -2 7|0.8 16
8942 森鉅|其他|-41 -15 -13|97 98 2 2|1.2 30
8996 高力|電機機械|-18 -10 -53|87 94 65 23|2.1 3926
9802 鈺齊-KY|運動休閒|-64 -42 -8|83 83 -9 3|0.7 67
9902 台火|其他|951 395 -507|86 86 20 31|0.6 44
9904 寶成|運動休閒|5 1 8|100 100 17 25|2.2 544
9905 大華|其他|-20 0 4|96 98 -0 0|1.2 5
9906 欣巴巴|建材營造|-100 -85 -86|100 100 37 48|1.1 26
9907 統一實|其他|-23 5 17|74 86 -11 -13|1.0 48
9910 豐泰|運動休閒|-8 2 10|79 83 -6 -14|1.3 179
9911 櫻花|居家生活|19 18 11|100 100 21 31|1.4 27
9914 美利達|運動休閒|-41 -43 -12|94 94 12 19|0.5 324
9917 中保科|其他|-0 6 -4|97 97 4 13|1.6 68
9919 康那香|其他|-28 -10 -1|67 67 -16 12|0.5 42
9921 巨大|運動休閒|-27 -24 -6|94 95 17 22|1.6 712
9924 福興|居家生活|4 13 12|99 99 13 26|0.5 26
9925 新保|其他|-2 1 0|100 100 2 3|0.8 11
9927 泰銘|其他|-6 20 8|95 95 6 38|1.5 72
9930 中聯資源|綠能環保|-19 2 -5|99 99 6 6|1.1 9
9933 中鼎|其他|33 22 8|100 100 13 20|2.0 152
9934 成霖|居家生活|-10 -10 -2|100 100 21 17|0.8 28
9935 慶豐富|居家生活|28 4 11|89 89 -2 25|0.5 6
9938 百和|其他|-20 23 34|89 89 -1 7|0.8 50
9939 宏全|其他|-6 8 1|96 96 17 35|0.6 96
9940 信義|其他|-34 -44 -39|99 99 2 6|2.4 8
9941 裕融|其他|4 7 -5|75 77 -20 -19|1.0 217
9942 茂順|其他|-38 -8 -21|87 95 2 0|1.0 33
9943 好樂迪|觀光餐旅|15 -8 -27|86 93 -3 -1|0.6 22
9945 潤泰新|其他|-41 -4 4|74 90 -3 -0|0.9 224
9946 三發地產|建材營造|-96 86 64|98 98 25 72|1.6 25
9950 萬國通|塑膠工業|22 -4 -38|58 58 -27 -12|0.6 10
9951 皇田|電機機械|-10 0 -9|89 92 -6 -8|0.7 10
9955 佳龍|綠能環保|-9 16 3|84 88 2 14|2.0 14
9958 世紀鋼|鋼鐵工業|3 63 -6|84 84 30 19|1.2 1493
9962 有益|鋼鐵工業|-52 -22 -13|81 94 -3 5|1.2 5
