# 2025-04 月末(2025-04-30)全池量化快照(1105 檔)。欄位:代碼 名稱|產業|最新YoY 3月YoY 加速|距52週高% 距120日高% 60日漲% 120日漲%|量能x 日均值M
1101 台泥|水泥工業|-0 53 -3|84 84 -7 -8|0.5 443
1102 亞泥|水泥工業|2 3 3|94 95 9 -4|1.0 324
1104 環泥|水泥工業|-6 2 1|76 90 -2 -9|0.7 9
1110 東泥|水泥工業|24 29 -5|74 84 -8 -16|0.8 7
1210 大成|食品工業|2 2 6|99 99 16 17|1.8 126
1215 卜蜂|食品工業|-2 -3 1|88 96 8 4|0.6 29
1216 統一|食品工業|7 6 -4|85 85 -2 -14|1.0 1196
1217 愛之味|食品工業|8 2 -3|87 94 -1 -3|0.8 11
1218 泰山|食品工業|-5 -8 -1|87 95 6 2|0.7 15
1227 佳格|食品工業|-3 5 3|80 88 -4 -11|0.7 15
1229 聯華|食品工業|-36 -18 -11|62 72 -12 -27|0.7 50
1231 聯華食|食品工業|10 7 -6|73 73 -12 17|0.2 39
1232 大統益|食品工業|1 -3 1|96 97 4 -2|0.8 13
1301 台塑|塑膠工業|-3 0 -2|50 70 -6 -30|0.5 400
1303 南亞|塑膠工業|7 13 7|54 71 -5 -28|0.4 258
1304 台聚|塑膠工業|5 2 1|59 70 -12 -29|0.4 14
1305 華夏|塑膠工業|-15 -14 2|60 68 -12 -31|0.4 7
1307 三芳|塑膠工業|9 16 5|73 73 3 -7|0.6 59
1308 亞聚|塑膠工業|16 -0 9|63 63 -13 -24|0.6 7
1309 台達化|塑膠工業|11 13 -12|55 63 -10 -37|0.3 6
1312 國喬|塑膠工業|189 85 52|76 95 4 -6|1.0 63
1316 上曜|建材營造|233 252 65|64 75 7 -2|0.5 206
1319 東陽|汽車工業|12 22 11|93 93 21 25|1.2 798
1321 大洋|塑膠工業|-17 -6 -7|79 91 -3 2|0.3 6
1325 恆大|塑膠工業|22 -9 12|72 72 -18 -2|0.3 6
1326 台化|塑膠工業|-8 -6 -10|44 63 -11 -37|0.4 186
1336 台翰|電子零組|16 15 -1|75 75 -9 -13|0.7 9
1342 八貫|其他|24 26 20|78 87 -8 0|0.9 26
1402 遠東新|紡織纖維|-3 -2 -6|84 86 5 -13|0.6 181
1409 新纖|紡織纖維|-7 -3 -14|70 78 -18 -20|0.4 13
1414 東和|紡織纖維|-3 -4 3|74 74 -22 -15|0.8 7
1434 福懋|紡織纖維|7 8 3|71 81 -13 -17|0.5 15
1436 華友聯|建材營造|3631 3283 795|61 79 1 -7|0.3 32
1440 南紡|紡織纖維|-3 -0 5|60 77 -13 -22|0.8 9
1442 名軒|建材營造|-30 -4 -596|83 83 -12 10|0.7 64
1446 宏和|紡織纖維|-31 25 -2386|43 45 -33 -39|0.3 10
1449 佳和|紡織纖維|-20 -17 -14|48 48 -28 -36|0.6 8
1463 強盛新|紡織纖維|-19 789 491|73 73 -9 -5|0.4 12
1464 得力|紡織纖維|21 43 10|74 74 -17 -14|0.3 13
1466 聚隆|紡織纖維|-1 19 -2|75 75 22 9|0.7 10
1472 三洋實業|建材營造|50 59 41|92 92 41 69|1.4 30
1473 台南|紡織纖維|12 8 -0|55 78 -13 -19|0.7 7
1476 儒鴻|紡織纖維|21 23 2|71 71 -22 -24|1.1 378
1477 聚陽|紡織纖維|10 15 5|64 75 -16 -15|0.8 531
1503 士電|電機機械|-0 3 -5|42 66 -24 -31|0.4 155
1504 東元|電機機械|7 0 5|84 88 -8 -2|0.6 159
1513 中興電|電機機械|1 5 -11|54 74 -18 -20|0.5 505
1514 亞力|電機機械|-10 -0 6|51 78 -6 -18|0.4 247
1515 力山|電機機械|-44 -54 -28|62 86 1 -8|0.5 16
1519 華城|電機機械|26 54 6|42 63 -26 -27|0.7 1716
1522 堤維西|汽車工業|6 -3 -5|66 72 -25 -21|1.3 69
1524 耿鼎|汽車工業|11 5 -2|81 81 -3 1|1.8 205
1527 鑽全|電機機械|3 2 -12|77 84 -11 -16|0.3 6
1528 恩德|電機機械|-31 -24 -17|62 63 -1 -29|0.5 22
1529 樂事綠能|電機機械|20 145 81|57 78 -2 -19|0.4 13
1532 勤美|電機機械|-50 -36 -37|49 69 -12 -29|0.5 24
1536 和大|汽車工業|-17 -17 -4|72 72 7 14|1.0 378
1537 廣隆|電機機械|1 0 -22|87 87 -6 -5|0.5 19
1540 喬福|電機機械|11 6 -8|64 75 2 -26|0.6 26
1558 伸興|電機機械|-1 16 4|84 87 -7 -8|0.5 8
1560 中砂|電機機械|10 11 -1|65 75 -20 -27|3.1 316
1563 巧新|汽車工業|5 -1 4|na 89 5 8|0.7 35
1565 精華|生技醫療|-0 3 -2|72 72 -9 -18|0.7 28
1569 濱川|電腦及週|29 36 33|58 58 -13 20|0.6 308
1580 新麥|電機機械|29 20 10|94 94 -4 2|0.6 8
1582 信錦|電子零組|-11 8 1|67 74 -18 -24|0.9 76
1583 程泰|電機機械|-28 -6 7|86 90 0 -2|1.4 6
1584 精剛|其他|25 14 4|68 88 8 -12|0.6 190
1587 吉茂|汽車工業|22 13 5|38 63 -15 -27|0.6 5
1589 永冠-KY|電機機械|23 32 31|58 71 -20 -26|0.4 5
1590 亞德客-KY|電機機械|20 22 15|73 90 1 -4|1.0 767
1591 駿吉-KY|電機機械|-89 -53 -323|48 64 -27 -11|0.3 6
1595 川寶|半導體業|25 9 26|44 44 -25 -47|0.3 5
1597 直得|電機機械|-18 4 -1|71 71 -13 -11|1.8 56
1598 岱宇|運動休閒|8 6 6|70 70 -25 -14|0.2 10
1603 華電|電器電纜|98 50 24|65 88 -4 -4|0.5 7
1604 聲寶|電器電纜|-1 -1 -7|90 94 -4 -5|0.4 8
1605 華新|電器電纜|1 12 9|53 67 -16 -33|0.4 299
1608 華榮|電器電纜|27 8 -11|55 81 -4 -17|0.2 31
1609 大亞|電器電纜|5 7 -7|56 76 -13 -23|0.6 140
1611 中電|電器電纜|16 3 13|67 80 -4 -15|0.6 6
1612 宏泰|電器電纜|5 26 12|69 85 -0 -9|0.4 17
1615 大山|電器電纜|13 14 -6|70 85 -11 -13|1.6 6
1616 億泰|電器電纜|27 19 5|86 98 34 9|1.2 53
1617 榮星|電器電纜|5 19 -6|58 83 7 -16|0.3 6
1618 合機|電器電纜|0 22 -2|60 73 -14 -8|0.3 45
1702 南僑|食品工業|5 5 0|74 84 -6 -16|0.7 22
1707 葡萄王|生技醫療|-4 -3 -8|88 88 -7 -8|0.9 22
1708 東鹼|化學工業|-5 7 -6|76 76 -11 -17|0.3 29
1709 和益|化學工業|-2 3 -7|67 75 -16 -24|0.6 6
1710 東聯|化學工業|48 23 3|72 76 -8 -24|0.3 12
1711 永光|化學工業|-7 5 -1|59 68 -21 -33|0.6 16
1712 興農|化學工業|-3 -2 -1|88 88 -5 1|0.5 24
1713 國化|化學工業|19 -6 -18|89 93 7 8|1.0 14
1717 長興|化學工業|-1 3 -1|76 85 -6 -15|0.7 31
1720 生達|生技醫療|5 4 -4|77 90 -5 -9|0.4 11
1721 三晃|化學工業|-0 -6 -14|45 56 -22 -45|0.5 7
1722 台肥|化學工業|12 2 10|80 88 -2 -11|0.6 55
1723 中碳|化學工業|-19 -2 -1|79 91 -1 -7|0.7 20
1733 五鼎|生技醫療|44 30 10|87 91 2 7|0.3 9
1734 杏輝|生技醫療|13 5 -3|84 99 3 2|0.7 6
1736 喬山|運動休閒|17 34 6|79 79 -9 16|0.7 244
1760 寶齡富錦|生技醫療|5 -5 -8|68 74 -15 -19|0.6 7
1773 勝一|化學工業|6 5 -6|73 75 -14 -24|0.5 22
1777 生泰|生技醫療|-3 16 -4|86 86 0 -1|0.3 7
1784 訊聯|生技醫療|4 -2 -6|49 74 -11 -21|0.9 16
1785 光洋科|其他電子|41 39 5|72 77 -13 -17|0.9 528
1786 科妍|生技醫療|5 5 -9|72 76 -20 -6|0.3 54
1789 神隆|生技醫療|-6 -23 -19|64 78 -16 -23|0.5 9
1795 美時|生技醫療|38 13 -4|67 75 -15 -15|0.5 223
1799 易威|生技醫療|58 154 -33|26 62 -2 -38|0.5 11
1802 台玻|玻璃陶瓷|-1 2 8|67 67 -16 -29|0.2 65
1806 冠軍|玻璃陶瓷|-2 8 2|78 96 16 7|0.7 39
1808 潤隆|建材營造|-100 -90 -589|25 67 -10 -35|0.4 39
1809 中釉|玻璃陶瓷|7 -0 0|55 69 -16 -25|0.4 6
1810 和成|玻璃陶瓷|3 0 1|82 91 9 -1|0.9 72
1815 富喬|電子零組|76 82 19|77 77 -7 24|0.4 587
1903 士紙|造紙工業|-15 -3 5|66 82 -11 -17|0.7 10
1904 正隆|造紙工業|5 3 -5|59 73 -10 -28|0.5 12
1905 華紙|造紙工業|-11 -7 -5|53 68 -22 -33|0.6 10
1907 永豐餘|造紙工業|2 3 -3|78 83 -13 -16|1.5 28
2002 中鋼|鋼鐵工業|-11 -11 -7|83 84 2 -9|0.3 318
2006 東和鋼鐵|鋼鐵工業|-4 1 4|84 86 -0 -8|0.5 84
2009 第一銅|鋼鐵工業|10 -2 -19|59 75 -6 -14|0.3 70
2010 春源|鋼鐵工業|-0 10 -4|86 92 9 5|0.7 37
2014 中鴻|鋼鐵工業|-23 -37 -9|64 64 -17 -23|0.3 92
2015 豐興|鋼鐵工業|-10 -7 -4|73 74 -5 -25|0.4 17
2020 美亞|鋼鐵工業|-8 -17 6|72 90 3 3|0.5 13
2023 燁輝|鋼鐵工業|7 -5 -2|91 91 2 4|0.4 26
2027 大成鋼|鋼鐵工業|20 13 14|79 79 23 27|0.3 748
2031 新光鋼|鋼鐵工業|51 53 47|62 76 -9 -24|0.2 19
2032 新鋼|鋼鐵工業|15 18 7|69 69 9 -3|0.1 6
2034 允強|鋼鐵工業|-3 19 13|77 77 5 -4|0.3 29
2038 海光|鋼鐵工業|-5 16 7|66 73 -10 -22|0.2 8
2049 上銀|電機機械|0 6 4|61 61 -25 -7|1.3 1249
2059 川湖|電子零組|78 110 23|85 85 15 44|0.7 1979
2062 橋椿|居家生活|-9 -20 -10|63 71 -17 -26|0.6 17
2066 世德|電機機械|-6 -4 -3|57 70 -7 -27|0.3 20
2070 精湛|電機機械|9 -1 -19|45 56 -20 -41|1.2 9
2101 南港|橡膠工業|4 5 -79|61 78 -13 -18|0.7 59
2103 台橡|橡膠工業|28 19 -2|74 75 -8 -24|0.4 9
2104 國際中橡|橡膠工業|-17 -4 -5|59 68 -17 -31|0.3 11
2105 正新|橡膠工業|-3 -1 -1|83 92 -1 6|0.6 325
2106 建大|橡膠工業|2 7 6|68 78 -11 -22|0.6 11
2107 厚生|橡膠工業|18 48 20|88 93 -4 -3|0.7 6
2108 南帝|橡膠工業|-5 5 -25|60 74 -18 -23|0.7 7
2109 華豐|橡膠工業|2 9 1|92 94 0 -3|0.6 6
2201 裕隆|汽車工業|-11 -13 -13|53 67 -21 -33|0.8 120
2204 中華|汽車工業|-29 -34 -21|48 79 -12 3|0.8 102
2206 三陽工業|汽車工業|1 -9 -6|82 96 -2 -1|0.6 83
2207 和泰車|汽車工業|-2 5 4|87 95 1 -7|0.8 193
2208 台船|航運業|62 7 29|88 94 12 -5|0.5 51
2211 長榮鋼|鋼鐵工業|-1 41 8|53 70 -7 -21|0.5 51
2228 劍麟|汽車工業|8 3 1|77 87 2 -14|1.8 37
2230 泰茂|居家生活|-17 58 -103|59 61 -9 -36|0.4 23
2231 為升|汽車工業|-2 -17 -24|66 79 -12 -7|0.7 63
2233 宇隆|汽車工業|-5 6 -3|61 61 -22 1|1.2 131
2236 百達-KY|汽車工業|569 398 305|68 68 -14 -25|0.3 28
2241 艾姆勒|汽車工業|5 -5 16|46 77 -15 -22|0.5 8
2243 宏旭-KY|汽車工業|13 10 -71|42 61 -22 -39|2.2 5
2247 汎德永業|汽車工業|-14 11 -4|86 87 -4 -2|0.9 26
2250 IKKA-KY|汽車工業|0 3 4|67 67 -20 11|0.9 50
2258 鴻華先進-創|汽車工業|-30 968 56|77 77 -15 -8|0.4 16
2301 光寶科|電腦及週|24 27 24|83 88 -10 -6|0.7 640
2302 麗正|半導體業|21 33 13|72 72 -4 -10|0.4 11
2303 聯電|半導體業|9 6 0|78 93 12 -8|0.8 1565
2308 台達電|電子零組|38 31 18|76 76 -24 -18|0.8 2377
2312 金寶|其他電子|16 28 14|59 59 -21 -22|0.7 113
2313 華通|電子零組|14 9 0|62 79 -19 -13|1.1 478
2314 台揚|通信網路|-46 -42 -5|27 27 -69 -63|0.5 16
2316 楠梓電|電子零組|19 10 12|63 71 -17 -27|0.8 21
2317 鴻海|其他電子|23 28 6|62 64 -21 -34|0.7 7357
2324 仁寶|電腦及週|-2 1 3|71 72 -22 -22|0.7 461
2327 國巨*|電子零組|11 9 -4|57 77 -15 -25|0.6 1043
2328 廣宇|電子零組|10 27 30|68 68 -8 4|0.8 615
2329 華泰|半導體業|7 -2 5|46 78 -5 -24|0.7 89
2330 台積電|半導體業|46 42 1|80 80 -20 -13|0.8 31335
2331 精英|電腦及週|-1 3 6|41 62 -30 -37|0.6 20
2332 友訊|通信網路|-11 -6 1|60 60 -30 -16|1.4 71
2337 旺宏|半導體業|7 7 6|67 78 3 -22|1.0 284
2338 光罩|半導體業|-15 -11 -10|38 53 -37 -45|0.8 29
2340 台亞|半導體業|11 1 -5|49 61 -20 -40|0.3 19
2342 茂矽|半導體業|45 58 11|68 68 -20 -28|0.9 6
2344 華邦電|半導體業|1 -1 -6|58 75 10 -20|0.4 864
2345 智邦|通信網路|127 127 64|76 76 -22 4|1.0 2231
2347 聯強|電子通路|-4 -10 -12|80 93 -0 -2|1.4 353
2348 海悅|其他|66 -18 -57|33 48 -32 -21|0.8 64
2349 錸德|光電業|4 -12 -2|53 63 -21 -28|0.6 24
2351 順德|半導體業|14 7 3|43 58 -22 -43|0.5 88
2352 佳世達|電腦及週|6 6 4|66 70 -23 -27|0.6 69
2353 宏碁|電腦及週|7 4 -5|62 83 -6 -15|1.0 409
2354 鴻準|其他電子|281 250 142|61 61 -25 -18|1.0 402
2355 敬鵬|電子零組|4 -5 -1|64 81 -11 -18|0.5 34
2356 英業達|電腦及週|20 22 -8|69 75 -18 -10|0.5 466
2357 華碩|電腦及週|29 21 -4|82 82 -4 -3|0.9 2272
2359 所羅門|其他電子|58 54 49|73 74 -6 -7|1.9 348
2360 致茂|其他電子|47 57 26|64 64 -23 -29|0.7 558
2362 藍天|電腦及週|-21 -24 -29|72 80 -7 -18|1.2 77
2363 矽統|半導體業|1424 1280 639|46 62 -22 -38|0.8 197
2364 倫飛|電腦及週|51 50 19|58 80 -5 -18|0.3 9
2365 昆盈|電腦及週|14 6 -18|58 75 -12 -17|0.9 64
2367 燿華|電子零組|-4 5 -15|57 73 -21 -22|0.9 93
2368 金像電|電子零組|51 34 6|78 78 -14 -2|1.1 1152
2369 菱生|半導體業|-4 -11 -2|57 69 -19 -30|0.6 9
2371 大同|電機機械|7 -2 2|59 77 -7 -10|0.8 563
2374 佳能|光電業|-7 26 0|66 66 -20 -4|0.5 179
2375 凱美|電子零組|13 12 1|68 68 -17 -16|1.0 24
2376 技嘉|電腦及週|-8 25 -63|71 75 -10 -16|0.7 687
2377 微星|電腦及週|23 12 3|69 69 -23 -23|0.6 485
2379 瑞昱|半導體業|31 37 16|92 92 -3 8|0.7 1045
2382 廣達|電腦及週|89 88 36|70 73 -12 -23|0.8 4159
2383 台光電|電子零組|65 69 12|88 88 -9 30|0.9 2359
2385 群光|電子零組|-0 2 -1|77 87 1 -4|1.0 561
2387 精元|電腦及週|-20 -3 -7|72 72 -16 -7|0.7 48
2388 威盛|半導體業|-17 -4 -27|51 61 -23 -40|0.7 166
2390 云辰|其他電子|-0 27 12|75 78 -7 -22|1.9 5
2392 正崴|電子零組|1 14 1|54 56 -29 -21|1.0 95
2393 億光|光電業|1 2 -14|86 86 -8 -9|1.0 128
2395 研華|電腦及週|26 26 21|81 81 -11 5|0.7 483
2397 友通|電腦及週|33 37 38|67 71 -14 -21|0.7 10
2399 映泰|電腦及週|-8 -19 -4|43 52 -25 -49|0.5 18
2401 凌陽|半導體業|5 19 1|55 69 -25 -31|0.7 35
2402 毅嘉|電子零組|31 22 6|79 85 -1 -11|0.5 54
2404 漢唐|其他電子|-16 -3 19|86 86 -14 29|0.7 1153
2405 輔信|電腦及週|4 -2 2|60 73 -14 -19|0.4 37
2406 國碩|光電業|-37 -38 -114|44 64 -12 -34|1.1 13
2408 南亞科|半導體業|-19 -25 -24|48 78 20 -17|1.0 2231
2409 友達|光電業|22 21 6|66 73 -13 -28|0.5 296
2412 中華電|通信網路|5 2 -1|100 100 4 6|1.1 1623
2417 圓剛|電腦及週|4 0 1|66 70 -20 -5|0.2 24
2419 仲琦|通信網路|-28 -8 -18|56 58 -25 -35|0.7 11
2420 新巨|電子零組|-8 1 -5|67 72 -14 -30|0.5 10
2421 建準|電子零組|41 42 18|72 79 -12 -15|0.8 169
2423 固緯|其他電子|-3 -0 5|89 89 -3 -3|0.6 9
2424 隴華|通信網路|768 242 137|97 98 36 1|3.1 6
2425 承啟|電腦及週|91 55 50|69 79 2 -16|1.3 38
2426 鼎元|光電業|17 11 4|60 63 -25 -31|0.5 9
2427 三商電|資訊服務|-47 -1 -7|72 85 -2 -9|1.3 42
2428 興勤|電子零組|27 22 8|70 75 -22 -25|1.4 56
2429 銘旺科|光電業|-9 201 168|81 81 82 81|0.9 172
2431 聯昌|電子零組|77 21 36|58 58 -18 -40|0.7 14
2436 偉詮電|半導體業|21 23 13|66 71 -18 -27|1.1 31
2439 美律|通信網路|14 10 -11|80 89 7 0|0.7 276
2440 太空梭|電子零組|11 39 -0|73 92 20 4|1.4 10
2441 超豐|半導體業|16 12 1|83 83 -12 -7|0.4 21
2442 新美齊|建材營造|236 53 -6|61 82 -7 -1|0.4 13
2449 京元電子|半導體業|24 22 7|62 62 -24 -32|0.9 760
2451 創見|半導體業|34 11 12|75 95 15 4|0.9 151
2453 凌群|資訊服務|4 5 -2|84 84 12 13|1.3 306
2454 聯發科|半導體業|11 15 -4|87 87 -8 3|0.8 8284
2455 全新|通信網路|-10 -5 -12|51 57 -39 -29|1.1 517
2457 飛宏|電子零組|5 -4 4|47 59 -27 -32|0.7 32
2458 義隆|半導體業|-9 1 1|79 83 -9 -12|1.2 295
2459 敦吉|其他電子|9 -11 17|77 84 -10 -15|1.1 5
2460 建通|電子零組|28 24 -4|52 67 -17 -34|1.8 6
2462 良得電|電子零組|20 23 10|60 70 -17 -30|1.2 7
2464 盟立|其他電子|20 22 21|65 69 -15 -22|1.3 100
2465 麗臺|電腦及週|-11 -12 -8|33 52 -32 -45|0.5 10
2466 冠西電|光電業|145 66 30|82 82 11 154|1.4 227
2467 志聖|電子零組|14 23 -19|57 61 -27 -32|1.7 112
2468 華經|資訊服務|79 57 37|97 97 220 224|1.4 581
2471 資通|資訊服務|30 23 7|94 94 28 31|4.2 261
2472 立隆電|電子零組|21 27 5|70 70 -30 -6|0.5 121
2474 可成|其他電子|18 20 8|92 95 9 -4|0.9 649
2476 鉅祥|電子零組|16 20 0|64 76 -14 -19|1.1 108
2477 美隆電|其他電子|10 42 19|62 62 -9 -32|0.9 10
2478 大毅|電子零組|22 27 10|80 95 3 -5|1.2 8
2480 敦陽科|資訊服務|16 18 10|90 90 2 13|1.7 56
2481 強茂|半導體業|-4 6 6|68 76 -8 -23|0.6 66
2485 兆赫|通信網路|-59 -55 6|53 64 -20 -35|0.6 8
2486 一詮|光電業|23 17 5|54 60 -25 -38|0.9 466
2488 漢平|其他電子|48 35 3|77 77 -17 -3|0.4 11
2489 瑞軒|光電業|28 23 -16|54 65 -21 -34|0.9 44
2492 華新科|電子零組|8 8 1|61 75 -16 -26|0.6 70
2493 揚博|電子零組|-0 8 -2|72 72 -10 -22|0.6 19
2495 普安|電腦及週|-32 -22 -15|63 64 -21 -34|1.9 23
2497 怡利電|汽車工業|40 28 2|54 63 -17 -35|1.1 18
2498 宏達電|通信網路|68 20 33|65 65 -35 -15|0.6 160
2501 國建|建材營造|-64 -19 -47|46 73 -17 -22|0.9 18
2504 國產|建材營造|11 6 2|69 69 -12 -25|0.7 87
2506 太設|建材營造|-62 -34 -35|75 83 -9 -1|0.8 6
2515 中工|建材營造|-23 8 -13|59 86 1 -5|1.0 56
2516 新建|建材營造|5 16 -1|72 72 8 51|0.8 24
2520 冠德|建材營造|-33 7 -44|78 81 -0 10|0.6 96
2524 京城|建材營造|266 849 495|35 57 -22 -40|0.3 24
2527 宏璟|建材營造|-13 -55 -1526|48 72 -18 -10|0.8 7
2528 皇普|建材營造|3612112 2239734 -435314|68 76 -4 -5|0.6 26
2530 華建|建材營造|-97 271 -37967|58 79 -15 -14|0.6 19
2534 宏盛|建材營造|420 439 295|76 82 -4 -13|0.8 14
2535 達欣工|建材營造|132 39 29|97 97 9 21|0.5 26
2536 宏普|建材營造|1952 802 556|74 90 -5 1|0.5 5
2537 聯上發|建材營造|-100 4132 -19077|38 70 -11 -29|0.4 13
2539 櫻花建|建材營造|835 328 na|73 89 14 22|0.8 80
2540 愛山林|建材營造|-49 -2 -33|37 82 -9 -6|0.5 89
2542 興富發|建材營造|-86 -70 -88|63 84 -4 -1|0.6 128
2543 皇昌|建材營造|4 3 -7|65 65 -8 -21|0.3 469
2545 皇翔|建材營造|-71 198 -113|65 65 -18 -12|0.6 33
2546 根基|建材營造|29 32 21|64 93 13 7|0.4 7
2547 日勝生|建材營造|-22 -4 1|87 87 20 29|0.5 55
2548 華固|建材營造|-1 62 -501|61 82 -6 -12|0.5 78
2597 潤弘|建材營造|18 20 1|70 89 11 25|0.5 52
2603 長榮|航運業|11 25 -40|86 86 1 0|0.4 2788
2605 新興|航運業|7 -16 -17|70 81 -6 -12|0.3 60
2606 裕民|航運業|-7 -12 -17|69 69 -9 -5|0.3 347
2607 榮運|航運業|-10 3 -20|84 88 -4 -6|0.6 39
2609 陽明|航運業|-15 5 -51|81 82 0 -0|0.7 1833
2610 華航|航運業|5 8 -1|78 78 -19 -7|0.8 648
2612 中航|航運業|17 21 2|80 82 2 -7|0.2 11
2613 中櫃|航運業|1 1 -2|63 81 -5 -6|0.8 30
2615 萬海|航運業|24 34 -34|77 86 8 -7|0.7 1269
2617 台航|航運業|1 -0 -9|69 84 -5 -13|0.3 13
2618 長榮航|航運業|3 6 -2|81 81 -19 1|0.5 833
2630 亞航|航運業|-4 2 -4|85 94 1 18|0.6 153
2633 台灣高鐵|航運業|0 0 -4|88 93 -1 -6|0.9 138
2634 漢翔|航運業|-32 -27 -19|79 85 3 3|0.5 610
2636 台驊控股|航運業|4 20 -50|64 83 -8 -16|0.4 20
2637 慧洋-KY|航運業|-26 -25 -33|70 70 -4 -19|0.4 422
2641 正德|航運業|40 30 9|82 82 12 6|0.4 83
2645 長榮航太|航運業|24 14 2|90 97 0 11|0.8 82
2646 星宇航空|航運業|34 41 na|na 84 -13 -17|0.3 78
2707 晶華|觀光餐旅|3 6 12|88 99 9 6|0.6 67
2718 全心投控|建材營造|-79 -93 -323|35 48 -32 -47|0.5 7
2723 美食-KY|觀光餐旅|7 4 7|88 88 -12 1|0.3 17
2727 王品|觀光餐旅|3 6 5|90 90 -1 -7|0.7 43
2729 瓦城|觀光餐旅|-1 8 1|88 92 -3 -4|1.1 7
2731 雄獅|觀光餐旅|13 22 -0|85 96 6 -1|1.5 55
2743 山富|觀光餐旅|-15 -5 -19|52 83 -13 -19|1.5 13
2745 五福|觀光餐旅|16 23 -10|74 87 -12 1|1.6 13
2748 雲品|觀光餐旅|-3 -2 -1|68 79 -20 -15|0.5 6
2753 八方雲集|觀光餐旅|16 13 3|96 96 22 18|1.0 172
2762 世界健身-KY|運動休閒|10 10 5|77 77 -11 -14|0.8 5
2801 彰銀|金融保險|7 6 -3|99 100 0 3|1.0 311
2809 京城銀|金融保險|-33 -27 -13|71 92 -5 -4|1.0 117
2812 台中銀|金融保險|2 8 -2|92 92 5 11|0.7 137
2820 華票|金融保險|40 -4 -22|95 97 -1 0|0.6 9
2832 台產|金融保險|-2 0 -5|97 97 19 21|1.3 39
2834 臺企銀|金融保險|1 1 -4|75 90 -6 -9|0.7 190
2836 高雄銀|金融保險|25 19 1|92 100 2 1|1.0 13
2838 聯邦銀|金融保險|-37 -6 -11|95 95 7 8|0.6 39
2845 遠東銀|金融保險|-5 -4 -2|76 91 -4 -3|0.8 72
2850 新產|金融保險|-0 -1 -3|93 93 2 7|0.8 29
2851 中再保|金融保險|-15 -9 -7|91 91 3 -4|0.5 29
2852 第一保|金融保險|-6 -3 -5|95 95 16 28|0.8 27
2855 統一證|金融保險|-75 -55 -114|81 83 -10 -10|0.5 45
2880 華南金|金融保險|-4 3 -7|95 95 -4 6|0.7 327
2881 富邦金|金融保險|25 26 -69|89 89 -9 -8|1.3 1269
2882 國泰金|金融保險|-31 -9 -22|83 83 -12 -16|1.6 1415
2883 凱基金|金融保險|410 150 -65|88 88 -5 -2|1.0 768
2884 玉山金|金融保險|23 26 7|94 94 2 3|0.8 531
2885 元大金|金融保險|-13 2 -17|84 84 -10 -5|1.2 742
2886 兆豐金|金融保險|-30 -15 -15|90 94 -2 -4|0.8 612
2887 台新新光金|金融保險|20 17 -12|84 93 -4 -3|1.0 664
2888 新光金|金融保險|-113 -52 928|87 93 -4 4|0.7 547
2889 國票金|金融保險|-22 -14 -25|71 78 -16 -19|0.6 36
2890 永豐金|金融保險|-8 13 -2|80 87 -6 -8|0.8 467
2891 中信金|金融保險|37 29 -1|96 96 1 9|1.4 2006
2892 第一金|金融保險|-11 -2 -8|89 90 -8 -7|1.1 612
2903 遠百|貿易百貨|-3 -4 0|69 90 6 -10|0.4 34
2905 三商|貿易百貨|1 -21 -88|65 79 -16 -21|0.6 14
2908 特力|貿易百貨|-6 -8 -8|96 98 1 0|1.0 11
2912 統一超|貿易百貨|4 4 -2|86 88 0 -11|0.6 425
2913 農林|貿易百貨|39 41 15|70 76 -15 -22|0.8 18
2915 潤泰全|貿易百貨|4 -7 -17|67 67 -21 -29|0.6 97
3003 健和興|電子零組|-3 -2 -11|58 70 -21 -25|0.6 26
3004 豐達科|鋼鐵工業|15 13 -0|82 92 0 8|0.5 16
3005 神基|電腦及週|29 10 7|85 85 -10 -5|0.6 262
3006 晶豪科|半導體業|-22 -12 -17|49 72 -15 -26|0.4 89
3008 大立光|光電業|42 31 3|72 82 -16 -1|0.7 1358
3010 華立|電子通路|8 8 -9|64 74 -18 -23|0.9 42
3011 今皓|電子零組|-13 -9 -8|41 45 -26 -57|0.4 7
3013 晟銘電|電腦及週|42 78 8|52 52 -38 -44|0.9 448
3014 聯陽|半導體業|5 16 9|70 81 -9 -7|0.7 84
3015 全漢|電子零組|21 13 16|75 75 -17 -8|0.4 22
3016 嘉晶|半導體業|-6 -13 -8|47 59 -21 -42|0.5 12
3017 奇鋐|電腦及週|68 55 27|58 65 -20 -28|1.1 3291
3019 亞光|光電業|21 27 -5|64 64 -15 29|0.9 2146
3022 威強電|電腦及週|27 7 9|71 71 8 7|0.3 173
3023 信邦|電子零組|-4 3 -1|66 69 -17 -18|1.0 427
3024 憶聲|光電業|77 78 -26|62 69 -12 -15|0.7 14
3025 星通|通信網路|-53 -12 -50|59 59 -25 -27|0.6 17
3026 禾伸堂|電子零組|24 19 13|84 89 -4 -7|0.4 23
3027 盛達|通信網路|51 26 17|64 78 7 -8|0.6 13
3028 增你強|電子通路|3 7 -3|92 94 7 -1|0.5 8
3029 零壹|資訊服務|27 71 21|75 75 -0 26|1.6 714
3030 德律|其他電子|9 32 -23|58 73 -15 -22|0.9 150
3031 佰鴻|光電業|-8 -1 -10|71 73 -20 -18|0.5 5
3032 偉訓|電子零組|36 16 23|63 63 -18 -1|0.5 106
3033 威健|電子通路|49 42 8|86 89 -4 -7|0.5 37
3034 聯詠|半導體業|9 12 16|81 93 -1 1|0.8 1118
3035 智原|半導體業|312 193 147|50 70 -20 -29|1.3 1918
3036 文曄|電子通路|32 31 -28|73 100 3 4|1.5 453
3037 欣興|電子零組|19 14 -0|44 53 -32 -43|1.3 1744
3038 全台|光電業|-20 -17 0|76 87 -6 -3|1.1 9
3040 遠見|其他|3 1 10|78 78 -13 4|1.1 14
3041 揚智|半導體業|-20 -17 -30|66 66 -20 -22|1.8 17
3042 晶技|電子零組|13 15 -1|73 73 -10 -27|0.5 57
3044 健鼎|電子零組|15 15 1|77 87 -7 -8|0.7 264
3045 台灣大|通信網路|1 -0 -6|95 95 3 0|0.8 1125
3047 訊舟|通信網路|68 32 -41|48 61 -21 -32|3.9 22
3048 益登|電子通路|17 20 9|48 63 -15 -37|0.7 10
3050 鈺德|光電業|3 -1 -9|51 68 -16 -28|0.7 8
3051 力特|光電業|14 23 16|84 91 -4 -5|1.1 18
3055 蔚華科|電子通路|-72 -61 -9|48 61 -28 -41|0.6 12
3056 富華新|建材營造|943 12878 -1429|92 92 17 19|0.8 180
3059 華晶科|光電業|43 19 28|74 74 -1 6|0.4 96
3060 銘異|電腦及週|18 30 0|70 87 11 -9|1.7 37
3062 建漢|通信網路|21 34 20|56 56 -26 -36|0.6 35
3078 僑威|電子零組|44 47 52|76 76 -7 15|0.4 348
3081 聯亞|通信網路|64 41 8|50 50 -50 -19|0.2 735
3086 華義*|文化創意|-6 -1 -2|58 76 -16 -13|1.2 15
3088 艾訊|電腦及週|27 16 5|68 68 -20 3|0.5 88
3090 日電貿|電子零組|25 37 17|83 83 -3 6|0.4 51
3093 港建*|其他電子|391 342 241|78 82 -3 -17|1.5 6
3105 穩懋|半導體業|-24 -19 -16|50 72 -13 -28|2.1 372
3128 昇銳|光電業|35 26 4|70 70 -10 -9|0.5 19
3130 一零四|數位雲端|9 10 1|94 100 4 3|0.5 9
3131 弘塑|半導體業|62 39 13|44 51 -38 -39|1.7 340
3138 耀登|通信網路|-12 -12 -9|62 70 -20 -26|0.6 9
3141 晶宏|半導體業|-8 -0 5|56 62 -18 -36|0.6 12
3147 大綜|資訊服務|329 248 168|95 95 76 100|1.6 574
3149 正達|光電業|21 14 -4|67 77 -2 -22|0.5 68
3152 璟德|通信網路|-9 -3 -10|55 65 -24 -26|0.8 15
3162 精確|電機機械|129 198 113|75 75 17 25|0.8 163
3163 波若威|通信網路|28 0 27|73 73 -7 5|1.1 3064
3167 大量|電機機械|103 120 5|43 47 -25 -51|0.6 65
3169 亞信|半導體業|30 34 28|68 77 -11 -12|0.4 8
3188 鑫龍騰|建材營造|-67 -73 na|54 92 12 7|0.9 6
3189 景碩|半導體業|29 23 3|57 69 -23 -33|0.9 327
3207 耀勝|電子零組|24 23 -33|50 61 -6 -39|0.6 24
3209 全科|電子通路|134 47 43|89 93 16 -4|0.8 45
3211 順達|電腦及週|-32 -30 -7|76 76 -15 62|0.7 727
3213 茂訊|電腦及週|-47 10 14|69 69 20 5|0.5 132
3217 優群|電子零組|34 37 16|84 87 -1 -10|1.0 72
3218 大學光|生技醫療|-2 5 1|69 77 -10 -15|0.5 19
3219 倚強科|其他電子|97 114 81|52 65 -8 -20|5.9 6
3227 原相|半導體業|33 34 -4|74 74 -12 -12|1.2 544
3228 金麗科|半導體業|-37 -29 -55|32 57 -21 -31|1.2 63
3230 錦明|光電業|1 23 51|61 61 -26 -17|0.3 48
3231 緯創|電腦及週|70 44 15|82 82 -8 -11|0.8 3723
3234 光環|通信網路|30 42 42|56 56 -32 -30|0.5 19
3257 虹冠電|半導體業|3 -7 19|64 67 -19 -27|0.4 10
3260 威剛|半導體業|-6 -9 -19|73 86 11 -1|0.6 318
3264 欣銓|半導體業|-1 -2 5|95 95 8 32|0.8 504
3265 台星科|半導體業|13 8 -4|65 76 -19 -21|0.5 23
3287 廣寰科|電腦及週|7 -2 -15|81 96 44 17|3.8 95
3289 宜特|其他電子|1 7 -7|53 54 -24 -43|0.4 31
3290 東浦|電子零組|33 32 19|70 77 -12 -22|0.7 16
3293 鈊象|文化創意|27 28 -3|74 78 -12 -22|0.6 1499
3294 英濟|電子零組|-38 -25 -21|64 67 -29 -10|0.3 24
3297 杭特|光電業|24 17 12|91 98 60 46|1.6 51
3303 岱稜|其他電子|15 17 -6|68 68 -1 -16|0.4 20
3305 昇貿|其他電子|53 56 10|72 84 -11 -16|0.9 53
3306 鼎天|通信網路|31 3 21|66 72 -9 -21|1.0 6
3311 閎暉|通信網路|24 15 -1|96 99 18 1|1.4 6
3312 弘憶股|電子通路|55 45 22|50 76 3 -22|2.0 69
3317 尼克森|半導體業|18 26 15|72 72 -13 -15|0.7 5
3323 加百裕|電腦及週|-12 -6 10|63 63 -21 13|0.9 117
3324 雙鴻|其他電子|53 46 7|51 67 -23 -28|1.5 2285
3325 旭品|電腦及週|10 -13 9|48 67 -8 -25|1.0 7
3338 泰碩|電子零組|-4 18 14|54 66 -18 -26|0.8 14
3339 泰谷|光電業|-13 -6 -26|67 80 1 -16|2.4 16
3346 麗清|汽車工業|38 18 6|65 72 -12 -27|1.8 11
3356 奇偶|光電業|-6 -19 -7|83 91 12 -3|7.0 57
3357 臺慶科|電子零組|37 37 2|68 78 -13 -21|0.7 12
3362 先進光|光電業|11 10 3|45 57 -35 -43|0.7 93
3363 上詮|通信網路|46 53 26|52 52 -48 -12|1.7 126
3374 精材|半導體業|41 9 -1|48 57 -36 -36|0.5 251
3376 新日興|電子零組|-19 -1 -23|63 63 -13 2|0.9 2263
3379 彬台|電機機械|182 261 97|81 81 6 79|0.5 109
3380 明泰|通信網路|-24 -10 6|71 71 -21 -23|0.9 19
3390 旭軟|電子零組|-6 17 1|64 79 -8 -22|0.5 5
3402 漢科|其他電子|-3 -5 -20|69 74 -19 -20|0.4 10
3406 玉晶光|光電業|-3 2 -14|57 72 -17 -17|0.5 291
3413 京鼎|半導體業|43 47 7|69 77 -11 -22|1.4 187
3416 融程電|電腦及週|19 14 -6|73 73 -18 -3|0.4 25
3430 奇鈦科|化學工業|-20 14 -3|53 64 -16 -35|0.5 6
3434 哲固|光電業|26 11 -2|93 93 141 141|0.8 174
3438 類比科|半導體業|13 17 5|59 63 -16 -37|1.2 6
3443 創意|半導體業|32 23 19|61 69 -22 -19|1.1 1640
3444 利機|電子通路|11 28 6|44 68 -24 -28|1.2 15
3447 展達|通信網路|103 82 33|51 51 -4 -37|0.7 41
3450 聯鈞|半導體業|105 116 49|61 61 -39 -4|1.0 3591
3454 晶睿|光電業|15 26 27|76 76 -9 -3|1.9 65
3455 由田|光電業|89 9 7|65 65 -16 -32|0.5 19
3466 德晉|通信網路|-2 -64 -2|44 57 -22 -45|1.2 38
3479 安勤|電腦及週|30 24 19|83 83 8 -6|0.5 55
3481 群創|光電業|-7 13 10|81 83 -2 -16|0.8 847
3483 力致|電腦及週|-8 -3 -8|50 66 -20 -31|0.9 71
3484 崧騰|電子零組|20 29 -4|69 69 -8 -12|0.3 25
3491 昇達科|通信網路|31 50 -12|77 77 -17 24|0.7 992
3498 陽程|其他電子|121 110 -14|52 55 -24 -42|1.7 15
3501 維熹|電子零組|-1 11 -1|76 88 -3 -9|0.7 11
3504 揚明光|光電業|7 26 28|59 59 -24 -22|0.2 17
3511 矽瑪|電子零組|21 38 18|44 44 -34 -35|1.1 5
3515 華擎|電腦及週|98 108 50|67 67 -24 -16|0.4 58
3526 凡甲|電子零組|51 67 25|88 88 -1 -5|0.8 69
3528 安馳|電子通路|43 45 36|98 98 71 68|5.5 235
3529 力旺|半導體業|7 10 -5|73 73 -24 -17|1.1 1452
3530 晶相光|半導體業|12 9 -4|51 56 -30 -43|0.4 7
3532 台勝科|半導體業|-1 -1 10|44 64 -13 -34|0.5 20
3533 嘉澤|電子零組|22 27 0|62 62 -34 -29|1.2 1386
3535 晶彩科|光電業|16 -45 -383|43 59 -31 -41|1.9 33
3545 敦泰|半導體業|-9 -15 -16|67 68 -19 -28|0.7 43
3546 宇峻|文化創意|6 -7 -7|99 99 25 18|2.4 125
3548 兆利|電子零組|29 12 4|51 58 -26 -21|0.5 107
3551 世禾|綠能環保|16 12 -2|65 66 -28 -35|0.4 32
3552 同致|其他電子|10 -2 12|62 62 -21 -33|0.7 10
3557 嘉威|居家生活|-4 3 -9|62 62 -28 -29|0.8 9
3558 神準|通信網路|70 45 51|70 70 -4 22|0.4 120
3563 牧德|光電業|226 197 122|70 70 10 17|1.9 727
3564 其陽|通信網路|26 18 -9|40 60 -27 -42|0.5 6
3570 大塚|資訊服務|88 64 23|98 98 35 57|3.3 17
3580 友威科|其他電子|-17 -3 -1|61 69 -6 -24|4.6 42
3581 博磊|半導體業|-0 9 8|50 50 -22 -46|2.4 7
3583 辛耘|半導體業|30 25 -12|53 58 -28 -40|1.6 189
3587 閎康|其他電子|3 3 -3|51 57 -37 -44|0.6 46
3588 通嘉|半導體業|3 12 -9|52 60 -21 -41|0.6 9
3591 艾笛森|光電業|5 6 -19|62 72 -18 -24|0.5 18
3592 瑞鼎|半導體業|-7 -3 -21|72 81 -17 -7|0.7 67
3594 磐儀|電腦及週|63 48 35|70 70 -6 13|0.2 22
3596 智易|通信網路|10 2 8|97 97 31 51|1.1 442
3605 宏致|電子零組|36 33 9|69 69 -24 -17|0.3 181
3607 谷崧|電子零組|2 15 -11|63 69 -13 -34|1.0 6
3609 三一東林|電子零組|-48 58 66|67 67 -14 -1|0.1 5
3615 安可|光電業|-3 -11 -1|59 64 -8 -34|0.6 9
3617 碩天|其他電子|25 12 3|71 71 -21 -10|0.8 105
3622 洋華|光電業|-2 23 19|62 68 -10 -24|0.3 9
3624 光頡|電子零組|2 8 2|54 63 -20 -37|0.8 6
3630 新鉅科|光電業|31 10 -6|62 67 -18 -24|1.1 17
3645 達邁|電子零組|5 20 -15|60 60 -25 10|0.2 129
3653 健策|電子零組|66 67 33|63 63 -28 -32|0.9 986
3661 世芯-KY|半導體業|-7 0 -52|58 58 -32 12|0.8 5717
3663 鑫科|其他電子|178 115 5|50 58 -13 -41|3.5 44
3665 貿聯-KY|其他電子|34 32 17|74 74 -16 14|0.9 1607
3673 TPK-KY|光電業|-8 -11 -10|57 71 -19 -30|0.6 45
3675 德微|半導體業|-13 -9 -34|42 56 -21 -48|1.7 46
3679 新至陞|電子零組|24 43 19|84 84 -6 2|0.7 13
3680 家登|半導體業|77 20 -22|61 67 -24 -31|0.6 267
3687 歐買尬|數位雲端|16 4 -2|62 62 -18 -32|0.8 7
3689 湧德|電子零組|38 38 37|76 76 -10 -10|0.5 122
3691 碩禾|光電業|-39 -41 -154|36 67 -10 -32|0.9 18
3693 營邦|電腦及週|65 66 50|72 75 -14 -7|0.5 82
3694 海華|通信網路|31 17 15|65 65 -18 8|0.4 54
3701 大眾控|電腦及週|-1 -7 -3|52 59 -20 -21|0.8 10
3702 大聯大|電子通路|57 37 4|69 88 -5 -12|1.1 277
3703 欣陸|建材營造|11 22 14|61 76 -18 -15|0.6 19
3704 合勤控|通信網路|7 32 27|69 69 -22 -25|1.2 62
3705 永信|生技醫療|52 24 5|98 98 24 15|1.5 219
3706 神達|電腦及週|146 146 34|59 59 -28 13|0.4 538
3707 漢磊|半導體業|-8 -12 4|49 63 -19 -37|0.7 32
3708 上緯投控|綠能環保|9 14 3|47 68 -14 -30|0.7 31
3709 鑫聯大投控|電腦及週|102 60 13|95 95 59 34|3.5 123
3711 日月光投控|半導體業|18 12 7|70 74 -23 -16|0.7 1505
3712 永崴投控|電腦及週|24 97 27|62 62 -22 -8|0.5 42
3714 富采|光電業|0 3 -3|70 70 -23 -25|0.4 57
3715 定穎投控|電子零組|3 9 -3|55 61 -25 -40|1.8 76
4104 佳醫|生技醫療|5 7 2|98 100 6 4|1.4 19
4105 東洋|生技醫療|43 24 12|100 100 8 11|0.6 61
4107 邦特|生技醫療|2 6 -1|88 96 3 2|0.9 13
4109 加捷生醫|生技醫療|19 -18 -51|49 67 -19 -34|0.3 5
4111 濟生|生技醫療|32 20 6|99 99 10 18|1.0 11
4113 聯上|建材營造|-84 -7 -377185|35 68 -16 -23|0.5 11
4114 健喬|生技醫療|15 21 8|85 88 -3 -11|0.3 20
4119 旭富|生技醫療|18 16 -24|74 74 -16 -20|0.6 9
4123 晟德|生技醫療|-19 11 -7|63 70 -11 -29|0.5 24
4126 太醫|生技醫療|12 8 2|94 94 -2 4|0.4 7
4128 中天|生技醫療|8 11 1|53 58 -25 -39|0.8 32
4129 聯合|生技醫療|22 23 2|82 88 -4 -11|0.4 18
4137 麗豐-KY|生技醫療|-13 -16 -2|64 80 5 -21|0.4 11
4142 國光生|生技醫療|-91 626 451|67 77 -11 -20|0.7 23
4147 中裕|生技醫療|4 -1 -6|82 82 -4 1|0.3 59
4162 智擎|生技醫療|23 2 -113|74 74 -7 -13|0.4 73
4164 承業醫|生技醫療|151 57 37|73 73 -3 1|0.3 48
4167 松瑞藥|生技醫療|2 7 -12|74 86 -4 -15|0.8 11
4173 久裕|生技醫療|7 35 16|84 84 7 11|0.3 19
4174 浩鼎|生技醫療|-9 25 -345|44 59 -31 -40|3.7 38
4303 信立|塑膠工業|271 461 179|81 81 55 58|0.8 1063
4306 炎洲|塑膠工業|-10 -0 -22|71 85 -6 -14|0.6 18
4417 金洲|紡織纖維|52 42 23|95 95 6 12|0.3 9
4420 光明|紡織纖維|63 48 13|84 84 9 12|0.4 7
4438 廣越|紡織纖維|20 16 7|75 77 -15 -18|0.5 10
4503 金雨|電機機械|152 93 56|76 76 -11 2|0.2 24
4506 崇友|電機機械|40 29 18|89 98 5 6|1.1 7
4510 高鋒|電機機械|-23 -16 2|86 86 29 28|0.9 263
4513 福裕|電機機械|-44 -19 -4|27 58 -26 -41|0.5 7
4526 東台|電機機械|21 21 33|62 70 -13 -24|1.2 41
4532 瑞智|電機機械|22 36 5|99 100 16 10|1.4 105
4533 協易機|電機機械|-47 73 42|55 67 -14 -31|0.6 21
4534 慶騰|電機機械|11 11 -11|69 69 -3 -5|0.5 10
4536 拓凱|運動休閒|45 31 9|78 78 -11 -21|0.5 32
4540 全球傳動|電機機械|-5 -20 -13|64 64 -21 -12|0.7 56
4541 晟田|其他|-18 36 9|91 91 39 58|1.2 1470
4542 科嶠|電子零組|30 7 30|52 55 -30 -43|2.0 10
4549 桓達|電機機械|-15 -0 3|53 53 -34 -28|1.0 20
4551 智伸科|汽車工業|22 25 7|64 67 -11 -32|0.4 16
4555 氣立|電機機械|39 18 3|54 74 -9 -16|0.3 8
4557 永新-KY|汽車工業|24 40 12|74 74 -13 -24|0.6 12
4560 強信-KY|電機機械|45 29 -0|86 86 -5 -1|0.6 6
4561 健椿|電機機械|-4 -23 -15|63 64 -20 -24|1.4 11
4562 穎漢|電機機械|-1 13 1|62 67 -17 -24|1.2 21
4563 百德|電機機械|26 21 -3|57 68 -9 -28|0.6 16
4564 元翎|電機機械|59 70 51|66 77 -14 -18|0.4 25
4566 時碩工業|電機機械|21 21 -1|57 74 -10 -27|0.9 45
4569 六方科-KY|汽車工業|42 34 9|48 49 -19 -52|0.7 26
4571 鈞興-KY|電機機械|15 10 -17|55 55 -28 -10|0.8 80
4572 駐龍|電機機械|-24 -26 -20|91 91 15 17|1.2 312
4576 大銀微系統|電機機械|13 32 14|70 70 -19 -22|1.1 200
4580 捷流閥業|電機機械|-11 -4 -1|81 88 -8 -11|0.5 7
4583 台灣精銳|電機機械|10 13 2|70 70 -16 -12|1.4 584
4714 永捷|化學工業|69 130 26|63 74 -5 -22|0.3 13
4720 德淵|化學工業|-4 10 -1|68 79 -13 -18|0.5 7
4721 美琪瑪|化學工業|-38 -14 -7|62 67 -15 -27|0.5 8
4722 國精化|化學工業|8 2 -10|76 76 11 22|0.4 52
4726 永昕|生技醫療|28 75 9|54 67 -15 -33|0.6 6
4728 雙美|生技醫療|-1 41 24|100 100 72 79|1.9 32
4736 泰博|生技醫療|-20 -8 -14|82 84 -6 -16|0.5 16
4739 康普|化學工業|-0 -4 11|61 71 -18 -26|0.4 6
4741 泓瀚|化學工業|-22 -25 -13|43 59 -22 -39|0.7 5
4743 合一|生技醫療|-39 8 -28|35 48 -21 -52|0.7 110
4746 台耀|生技醫療|-14 6 -0|54 66 -17 -34|0.5 20
4749 新應材|半導體業|41 40 na|na na -41 na|0.5 267
4755 三福化|化學工業|15 4 -7|67 72 -17 -20|0.4 7
4760 勤凱科技|其他電子|43 57 5|63 78 -6 -23|0.6 8
4763 材料*-KY|化學工業|8 19 -8|73 73 -1 2|0.8 1455
4766 南寶|化學工業|8 14 2|90 91 5 17|0.9 149
4768 晶呈科技|化學工業|-10 -28 -49|43 55 -35 -47|0.5 22
4770 上品|化學工業|-30 -32 -44|55 67 -14 -26|0.4 156
4771 望隼|生技醫療|30 9 -2|63 93 27 0|1.2 38
4772 台特化|化學工業|25 5 na|na 65 -33 3|0.4 164
4903 聯光通|通信網路|141 59 12|53 55 -24 -35|0.9 18
4904 遠傳|通信網路|6 1 -7|91 91 -3 -4|0.9 531
4906 正文|通信網路|-25 -8 -10|62 76 -14 -22|1.2 52
4908 前鼎|通信網路|33 8 11|63 63 -26 -24|0.5 24
4909 新復興|通信網路|-91 -76 -350|37 54 -27 -46|1.0 240
4912 聯德控股-KY|電子零組|8 32 2|52 52 -38 -15|0.4 23
4915 致伸|電子零組|8 15 13|68 83 -9 -16|0.8 104
4916 事欣科|電腦及週|-11 -12 -10|82 82 30 44|1.4 376
4919 新唐|半導體業|-3 -1 8|53 66 -25 -27|0.7 94
4927 泰鼎-KY|電子零組|8 11 6|39 52 -33 -49|0.4 55
4931 新盛力|電腦及週|34 38 -14|86 86 15 128|1.1 1121
4933 友輝|光電業|28 26 9|94 94 8 18|1.1 46
4934 太極|光電業|-75 -77 3|38 65 -20 -35|1.3 6
4938 和碩|電腦及週|13 11 12|67 80 -16 -21|0.8 448
4946 辣椒|文化創意|1471 1262 895|100 100 347 366|1.9 46
4949 有成精密|光電業|-12 -4 25|na 100 189 155|5.3 216
4950 金耘國際|鋼鐵工業|1219086 621485 466156|68 68 -2 5|1.7 9
4952 凌通|半導體業|4 -4 -11|56 71 -21 -25|0.8 8
4953 緯致|資訊服務|12 9 -5|71 71 -5 -16|0.7 26
4956 光鋐|光電業|24 18 -4|50 55 -25 -43|0.8 16
4958 臻鼎-KY|電子零組|30 26 3|63 78 -18 -14|0.9 548
4960 誠美材|光電業|10 12 12|73 90 -7 -0|0.4 11
4961 天鈺|半導體業|16 28 2|77 88 -3 -20|1.3 138
4966 譜瑞-KY|半導體業|3 10 -5|61 69 -22 -26|1.6 366
4967 十銓|半導體業|81 78 33|42 76 -4 -20|0.3 82
4968 立積|半導體業|6 -1 -17|56 61 -32 -21|1.2 387
4971 IET-KY|半導體業|69 45 26|52 52 -1 25|0.5 173
4973 廣穎電通|半導體業|17 2 5|52 74 -17 -16|0.8 9
4974 亞泰|電子零組|30 29 -6|67 67 -13 -3|0.4 54
4976 佳凌|光電業|0 1 -22|48 71 -15 -28|2.1 9
4977 眾達-KY|通信網路|102 98 49|60 60 -36 -10|0.6 219
4979 華星光|通信網路|43 67 35|61 61 -37 7|0.8 2633
4991 環宇-KY|半導體業|59 31 -12|63 63 -33 50|0.7 1090
5009 榮剛|鋼鐵工業|-15 -10 -2|80 88 -9 -4|0.7 129
5201 凱衛|資訊服務|100 20 15|92 92 97 104|6.7 199
5202 力新|資訊服務|-7 -12 -37|82 84 16 -12|2.2 85
5203 訊連|資訊服務|10 16 4|70 70 2 6|0.4 47
5210 寶碩|資訊服務|7 -7 3|67 83 5 -15|2.4 12
5213 亞昕|建材營造|1240 926 630|69 95 11 17|0.6 13
5222 全訊|半導體業|-12 -4 -3|62 76 -12 -21|0.4 23
5225 東科-KY|其他電子|-2 -2 -12|70 77 -14 -9|1.7 81
5234 達興材料|光電業|17 18 15|64 67 -27 -29|0.4 92
5236 凌陽創新|半導體業|29 49 29|63 74 -13 -27|0.9 21
5243 乙盛-KY|光電業|5 19 -1|59 59 -24 -30|0.5 24
5244 弘凱|光電業|5 -1 -1|80 80 -6 8|2.2 97
5251 天鉞電|光電業|52 79 17|93 93 116 78|4.4 361
5258 虹堡|電腦及週|-13 -7 -3|50 61 -16 -41|0.9 39
5263 智崴|文化創意|6 17 -40|49 55 -30 -47|0.4 16
5269 祥碩|半導體業|16 32 5|72 75 -19 2|1.1 1272
5274 信驊|半導體業|110 104 -13|56 69 -15 -31|0.9 1364
5278 尚凡*|數位雲端|76 25 13|64 64 -13 1|0.5 6
5283 禾聯碩|電器電纜|9 14 4|76 81 -17 -19|1.0 11
5284 jpp-KY|其他|49 36 19|79 79 -20 -17|0.9 96
5285 界霖|半導體業|7 15 11|65 73 -7 -29|0.2 6
5288 豐祥-KY|電機機械|12 9 5|66 72 -24 -29|0.6 22
5289 宜鼎|電腦及週|28 21 7|72 83 14 -10|0.3 82
5292 華懋|綠能環保|74 37 13|79 82 -9 -13|0.4 5
5306 桂盟|運動休閒|24 23 6|62 72 -23 -28|0.6 15
5309 系統電|電子零組|2 -2 4|74 74 -6 6|0.6 96
5312 寶島科|生技醫療|-5 -2 -3|96 96 26 37|1.1 19
5314 世紀*|其他|213 182 na|74 74 32 371|0.5 158
5315 光聯|光電業|49 71 37|90 90 12 9|0.6 15
5328 華容|電子零組|23 22 22|70 70 -16 -18|0.5 7
5340 建榮|電子零組|10 20 -35|53 70 -12 -25|0.3 5
5347 世界|半導體業|27 24 7|67 88 -5 -9|0.6 409
5351 鈺創|半導體業|-30 -25 -38|55 74 -12 -27|2.6 21
5371 中光電|光電業|-5 -7 -7|52 67 -22 -18|0.4 174
5386 青雲|電腦及週|189 103 -39|58 62 -15 -35|0.6 11
5388 中磊|通信網路|-33 -30 -13|79 79 -14 -4|0.7 297
5392 能率|光電業|-3 -4 -2|73 79 -6 1|0.8 60
5403 中菲|資訊服務|21 21 5|92 92 2 9|0.7 9
5410 國眾|資訊服務|-2 137 85|79 84 4 -7|3.5 27
5425 台半|半導體業|51 43 27|60 71 -12 -28|0.7 39
5426 振發|電腦及週|62 66 36|57 63 -18 -10|1.0 11
5432 新門|綠能環保|-31 -5 17|45 59 10 -38|0.9 33
5434 崇越|電子通路|30 32 7|77 77 -15 -23|0.7 94
5438 東友|電腦及週|33 24 2|49 49 -12 -46|0.9 6
5439 高技|電子零組|83 54 42|74 74 34 61|1.2 1528
5443 均豪|半導體業|-28 -10 -55|45 53 -31 -43|1.9 167
5452 佶優|其他電子|6 1 -2|67 76 3 -23|0.9 28
5457 宣德|電子零組|24 31 -6|65 65 -21 -18|0.4 10
5469 瀚宇博|電子零組|19 15 12|71 83 -11 -17|0.6 56
5474 聰泰|電腦及週|-22 -6 -5|63 63 -22 -13|0.5 46
5478 智冠|文化創意|-16 -5 -12|69 75 -14 -19|0.7 9
5481 新華|其他|-0 1 0|87 87 -6 7|0.7 17
5483 中美晶|半導體業|-5 -2 -0|50 69 -6 -30|0.8 373
5484 慧友|光電業|27 13 -20|35 60 -24 -30|1.5 13
5489 彩富|其他電子|-7 0 -19|99 99 55 45|6.2 60
5493 三聯|其他電子|24 20 -0|63 70 -9 -29|0.8 8
5508 永信建|建材營造|-48 -70 -64|40 57 -2 -42|0.5 47
5515 建國|建材營造|9 26 -24|87 88 3 11|0.5 20
5519 隆大|建材營造|1 -27 -24|58 91 9 -3|0.6 18
5521 工信|建材營造|43 47 12|81 92 20 1|0.5 23
5522 遠雄|建材營造|-85 -58 -302|63 71 -20 -11|1.1 66
5530 龍巖|其他|40 14 9|77 77 28 47|0.1 85
5531 鄉林|建材營造|-40 -23 -211|74 91 1 4|1.8 28
5534 長虹|建材營造|110 135 -12|62 80 4 -0|0.7 123
5536 聖暉*|其他電子|52 61 26|88 88 -12 12|1.2 263
5607 遠雄港|航運業|8 12 -6|56 72 -19 -22|0.5 11
5608 四維航|航運業|-5 -0 -4|67 73 2 -10|0.2 27
5609 中菲行|航運業|31 29 -8|77 84 -8 -14|0.7 7
5706 鳳凰|觀光餐旅|45 53 4|72 85 -14 -4|0.7 9
5864 致和證|金融業|-260 -71 -62|64 75 -10 -24|0.5 6
5871 中租-KY|其他|-1 -1 -4|69 76 -1 -25|0.6 656
5876 上海商銀|金融保險|12 12 5|98 98 11 20|0.6 332
5880 合庫金|金融保險|21 11 3|92 96 -0 -5|0.7 204
5903 全家|居家生活|2 2 -3|100 100 10 11|1.0 38
5904 寶雅|居家生活|3 7 1|88 90 -1 -6|0.9 111
5905 南仁湖|觀光餐旅|-8 4 5|48 73 -15 -26|0.5 6
6005 群益證|金融保險|-21 1 -26|90 90 0 17|0.9 112
6015 宏遠證|金融業|-109 -62 -284|80 88 -0 -6|0.6 11
6016 康和證|金融業|-255 -119 -176|75 77 -18 -16|0.5 12
6023 元大期貨|金融業|-3 5 -11|88 91 -1 -4|0.9 15
6024 群益期|金融保險|38 25 -7|80 80 -16 -15|0.6 20
6026 福邦證|金融業|-193 118 99|82 89 -1 -5|0.5 7
6104 創惟|半導體業|78 68 29|78 78 -18 -0|2.1 575
6111 光聚晶電|文化創意|5 -4 -45|68 80 -10 -18|0.5 11
6112 邁達特|資訊服務|14 0 7|69 69 -10 3|1.7 109
6113 亞矽|電子通路|-11 -8 24|90 99 85 17|4.5 30
6117 迎廣|電腦及週|35 -1 -14|52 69 -3 -17|0.5 105
6120 達運|光電業|-3 -5 -11|65 81 -9 -19|1.1 10
6121 新普|電腦及週|9 6 8|84 86 -13 3|1.2 203
6122 擎邦|電機機械|26 -6 14|81 86 -9 -10|0.5 8
6125 廣運|電機機械|-21 5 40|47 64 -26 -30|0.6 103
6127 九豪|電子零組|4 15 -7|49 53 -33 -41|0.6 6
6128 上福|電腦及週|2 -1 -5|83 91 0 -5|0.6 7
6134 萬旭|電子零組|20 30 -21|48 50 -27 -42|1.2 7
6136 富爾特|通信網路|12 8 8|90 90 8 10|0.6 14
6138 茂達|半導體業|18 17 8|70 74 -11 -26|0.8 80
6139 亞翔|其他電子|-19 -37 -42|72 85 -6 3|0.7 728
6140 訊達電腦|資訊服務|77 76 50|95 95 81 83|3.6 411
6143 振曜|通信網路|53 22 -3|77 83 -5 -2|0.6 138
6146 耕興|其他電子|-1 -2 1|69 77 -17 -21|0.7 22
6147 頎邦|半導體業|20 20 12|84 95 -1 -1|1.5 143
6148 驊宏資|資訊服務|-40 155 112|96 96 189 145|2.3 2497
6150 撼訊|電腦及週|46 26 30|71 71 -15 -14|0.4 9
6151 晉倫|其他電子|23 20 5|51 51 -15 -47|2.6 11
6153 嘉聯益|電子零組|-13 -16 9|46 58 -21 -43|0.3 14
6156 松上|電子零組|76 90 39|66 73 3 -34|0.5 18
6160 欣技|電腦及週|-21 -2 -13|62 80 -9 -18|3.7 12
6163 華電網|資訊服務|17 37 -1|73 82 5 -12|1.9 9
6165 浪凡|數位雲端|11 11 5|100 100 25 11|2.4 113
6166 凌華|電腦及週|39 30 26|81 81 -1 8|0.6 82
6168 宏齊|光電業|14 3 3|65 67 -23 -30|0.6 5
6170 統振|通信網路|10 17 -9|85 85 5 4|0.4 17
6173 信昌電|電子零組|7 9 5|61 71 -13 -25|0.6 9
6175 立敦|電子零組|0 17 1|74 74 -22 -5|0.2 14
6176 瑞儀|光電業|11 13 -4|67 69 -26 -31|2.2 387
6177 達麗|建材營造|186 59 -270|65 88 10 6|0.5 94
6179 亞通|其他|123 54 1|67 74 -16 -26|0.6 9
6180 橘子|文化創意|-9 -10 -18|83 83 -3 -8|0.6 34
6182 合晶|半導體業|17 17 18|49 63 -18 -33|0.5 30
6185 幃翔|電子零組|6 12 30|90 90 11 3|0.4 7
6186 新潤|建材營造|567 128 -14243|59 86 7 3|0.5 19
6187 萬潤|半導體業|44 81 -233|47 53 -41 -42|1.5 473
6188 廣明|電腦及週|17 11 26|65 73 -19 -15|0.6 95
6189 豐藝|電子通路|-44 -27 -35|66 80 -10 -16|0.7 39
6190 萬泰科|通信網路|36 33 1|84 86 5 1|0.9 91
6191 精成科|電子零組|9 2 6|78 78 -10 0|0.5 273
6192 巨路|其他電子|-2 7 -8|78 88 -7 -10|1.0 28
6196 帆宣|其他電子|-1 -6 -11|94 95 7 5|0.6 172
6197 佳必琪|電子零組|14 17 -17|64 69 -8 -29|1.2 106
6199 天品|其他|25 12 17|80 80 -16 65|0.4 34
6202 盛群|半導體業|43 82 50|64 72 -16 -29|0.8 19
6203 海韻電|電子零組|21 47 66|76 76 -7 -6|0.4 17
6204 艾華|電子零組|17 31 22|40 64 7 -37|0.9 7
6205 詮欣|電子零組|19 12 -11|62 62 -30 -28|0.6 20
6206 飛捷|電腦及週|19 36 1|66 66 21 30|0.3 280
6207 雷科|電子零組|61 3 -14|50 62 -24 -40|1.5 17
6209 今國光|光電業|4 37 33|72 75 -7 -3|0.3 26
6213 聯茂|電子零組|39 25 0|47 79 -13 -19|0.5 97
6214 精誠|資訊服務|-10 -1 -7|73 73 -7 -8|0.5 207
6215 和椿|其他電子|86 68 -18|69 69 -16 52|1.2 363
6216 居易|通信網路|-22 -27 -53|64 64 -9 -27|0.8 7
6217 中探針|電子零組|49 33 5|53 63 -23 -38|0.4 8
6219 富旺|建材營造|-101 107 -1321|50 62 -32 -24|0.4 8
6221 晉泰|資訊服務|8 33 20|74 74 -10 -6|3.6 23
6223 旺矽|半導體業|35 39 8|66 66 -26 -19|1.3 1422
6224 聚鼎|電子零組|24 16 6|55 59 -21 -43|0.3 5
6227 茂綸|電子通路|36 44 35|71 71 33 44|2.8 240
6228 全譜|電腦及週|120 144 58|65 88 114 17|0.7 25
6230 尼得科超眾|電腦及週|20 17 26|36 60 -25 -40|0.6 7
6231 系微|資訊服務|19 9 -7|43 47 -36 -53|1.1 206
6234 高僑|光電業|-44 -49 -7|70 76 -11 -18|1.3 9
6235 華孚|電腦及週|6 -7 -2|54 70 -15 -34|0.5 25
6237 驊訊|半導體業|-7 7 -8|59 59 -37 -30|0.3 14
6239 力成|半導體業|-14 -15 -12|56 79 -7 -18|1.3 706
6244 茂迪|光電業|-8 -6 5|55 74 -9 -23|1.8 35
6245 立端|通信網路|3 3 5|73 73 -11 -5|0.2 65
6257 矽格|半導體業|9 13 -5|88 88 2 -9|0.5 177
6261 久元|半導體業|7 4 -5|78 87 1 -14|0.4 11
6263 普萊德|通信網路|13 9 4|77 85 -5 -12|0.5 8
6266 泰詠|電子零組|12 3 3|93 93 4 1|0.7 7
6269 台郡|電子零組|-26 -23 -3|53 65 -22 -34|0.3 42
6271 同欣電|半導體業|2 -2 -6|66 76 -16 -23|0.7 110
6274 台燿|電子零組|25 47 -3|76 78 -15 -16|1.2 638
6275 元山|電子零組|17 13 4|61 79 -9 -20|0.5 10
6278 台表科|光電業|8 15 17|73 85 -2 -9|1.1 106
6279 胡連|電子零組|27 25 3|80 80 -16 -12|1.9 221
6282 康舒|電子零組|-9 3 -10|64 73 -16 -24|0.6 50
6283 淳安|其他電子|-17 86 52|65 73 -14 -27|0.6 9
6284 佳邦|電子零組|12 8 -1|68 78 -15 -23|1.2 74
6285 啟碁|通信網路|8 11 9|74 81 -11 2|0.6 420
6288 聯嘉|汽車工業|-6 7 -16|61 62 -20 -34|0.8 16
6290 良維|電子零組|22 39 22|83 85 -2 -5|0.6 128
6409 旭隼|其他電子|3 12 -13|63 68 -21 -32|0.9 304
6411 晶焱|半導體業|5 2 -4|70 75 -10 -25|1.1 10
6412 群電|電子零組|10 5 1|62 81 -15 -16|0.5 47
6414 樺漢|電腦及週|2 7 -12|80 82 -7 -11|0.5 119
6415 矽力*-KY|半導體業|4 10 -10|72 78 2 -24|1.3 1482
6416 瑞祺電通|通信網路|12 37 18|55 62 -22 -39|0.3 33
6425 易發|電機機械|-27 -25 -99|54 57 -18 -34|0.7 22
6426 統新|通信網路|30 36 34|63 63 -15 -3|0.7 21
6435 大中|半導體業|22 31 24|76 76 -6 -9|0.4 12
6438 迅得|其他電子|22 22 23|64 64 -31 -23|1.2 456
6442 光聖|通信網路|79 162 -17|54 54 -44 -22|1.0 861
6443 元晶|光電業|-54 -35 7|49 69 -9 -29|2.0 65
6446 藥華藥|生技醫療|112 98 2|68 68 -24 -19|0.5 605
6449 鈺邦|電子零組|38 28 7|51 63 -24 -36|0.5 26
6451 訊芯-KY|半導體業|153 121 84|51 52 -42 -35|0.4 170
6456 GIS-KY|光電業|-17 6 6|64 80 -10 -20|0.9 31
6462 神盾|半導體業|13 7 -17|33 51 -36 -50|0.6 84
6469 大樹|生技醫療|12 11 4|65 83 7 -11|0.4 47
6470 宇智|通信網路|41 63 53|75 75 -6 -9|0.6 5
6472 保瑞|生技醫療|95 75 -0|76 79 -11 -5|0.5 563
6477 安集|光電業|19 -19 1|63 72 -26 -11|0.7 29
6482 弘煜科|文化創意|17 14 -21|95 95 38 41|3.2 11
6485 點序|半導體業|34 56 57|68 70 11 -6|0.6 16
6486 互動|通信網路|-25 8 -17|84 90 -5 -7|0.6 7
6488 環球晶|半導體業|-4 4 9|54 71 -10 -27|0.7 616
6491 晶碩|生技醫療|-4 -8 -3|67 89 -6 -10|1.3 60
6499 益安|生技醫療|107 117 42|96 100 35 8|2.1 7
6505 台塑化|油電燃氣|2 1 5|48 72 -5 -29|0.4 155
6509 聚和|化學工業|9 12 4|71 71 -15 -29|0.3 9
6510 精測|半導體業|54 73 30|79 79 -10 35|2.5 233
6515 穎崴|半導體業|84 119 23|58 58 -31 -32|1.2 1129
6516 勤崴國際|資訊服務|8 47 35|96 96 7 11|1.2 5
6517 保勝光學|光電業|7 8 3|64 64 1 -15|0.4 83
6523 達爾膚|生技醫療|5 -2 -6|76 88 -8 -4|0.8 11
6525 捷敏-KY|半導體業|12 15 5|83 86 -8 -10|0.7 8
6526 達發|半導體業|12 40 -6|62 68 -26 -20|0.6 145
6530 創威|通信網路|16 21 9|61 63 -23 -31|3.9 19
6531 愛普*|半導體業|27 32 25|59 70 -21 -23|0.7 170
6532 瑞耘|半導體業|17 17 8|72 83 -11 -17|0.5 6
6533 晶心科|半導體業|12 31 -38|62 62 -25 -30|0.6 124
6535 順藥|生技醫療|2251 717 554|42 42 -31 -57|0.7 41
6538 倉和|電子零組|-20 -20 -15|50 79 4 -21|0.5 12
6541 泰福-KY|生技醫療|6085 2377 1714|75 75 -11 -5|0.4 12
6546 正基|通信網路|5 17 7|40 60 -30 -22|0.4 80
6547 高端疫苗|生技醫療|73 104 na|98 98 12 32|1.1 80
6548 長科*|半導體業|22 17 9|85 98 6 -3|1.3 54
6550 北極星藥業-KY|生技醫療|-19 -59 na|49 67 -18 -27|0.8 28
6558 興能高|其他電子|-11 6 4|78 78 -16 124|1.1 390
6560 欣普羅|光電業|662 354 261|66 94 16 12|3.4 6
6561 是方|通信網路|11 11 -7|80 81 -2 -8|0.6 27
6568 宏觀|半導體業|-11 13 -6|60 60 -35 -24|0.2 9
6576 逸達|生技醫療|-33 16 na|68 78 -13 -13|0.3 7
6577 勁豐|電腦及週|1 3 12|71 71 3 5|0.1 6
6579 研揚|電腦及週|28 12 18|69 85 9 -2|0.4 13
6584 南俊國際|電子零組|23 28 -16|54 64 -16 -32|0.6 29
6585 鼎基|其他|3 8 -7|56 67 -17 -12|0.6 30
6589 台康生技|生技醫療|53 -4 -23|65 67 -21 -29|0.7 19
6591 動力-KY|電腦及週|63 55 49|71 77 -7 -10|0.3 7
6592 和潤企業|其他|-22 -22 -14|56 74 -15 -26|0.4 17
6596 寬宏藝術|文化創意|-43 116 31|98 98 10 31|0.4 25
6603 富強鑫|電機機械|-17 34 11|72 86 3 -15|0.8 7
6605 帝寶|汽車工業|8 3 -6|66 74 -16 -25|0.9 98
6609 瀧澤科|電機機械|2 43 18|45 48 -24 -49|0.5 15
6613 朋億*|其他電子|-26 -1 -7|66 66 -34 -8|0.4 26
6617 共信-KY|生技醫療|19 43 na|na 81 -15 -5|1.3 17
6625 必應|其他|-30 75 42|69 77 -11 -23|0.8 14
6629 泰金-KY|居家生活|7 -5 -22|73 79 -6 -13|0.5 8
6640 均華|半導體業|-62 -25 -122|37 47 -30 -44|1.2 54
6643 M31|半導體業|54 28 26|35 63 -20 -36|0.9 382
6651 全宇昕|半導體業|23 39 19|78 78 -4 -7|0.5 13
6654 天正國際|其他電子|144 82 81|98 98 59 51|0.7 5
6657 華安|生技醫療|-35 -3 -23|74 74 16 19|0.2 21
6658 聯策|其他電子|-8 102 44|57 58 -9 -39|0.8 35
6664 群翊|電子零組|-7 -3 -5|53 61 -19 -37|0.9 48
6667 信紘科|其他電子|96 122 45|78 81 7 -20|1.0 151
6668 中揚光|光電業|-25 13 8|45 62 -33 -31|0.5 16
6669 緯穎|電腦及週|227 139 49|64 69 -15 -3|0.6 3757
6670 復盛應用|運動休閒|42 31 3|96 96 9 22|1.5 294
6672 騰輝電子-KY|電子零組|0 -5 5|76 76 -16 -5|0.2 19
6679 鈺太|半導體業|-8 5 -3|47 60 -29 -37|0.7 75
6683 雍智科技|半導體業|15 19 -8|57 57 -40 -16|0.6 90
6689 伊雲谷|數位雲端|16 18 -10|71 71 -23 -5|0.4 33
6690 安碁資訊|數位雲端|11 15 -2|72 83 -5 -13|2.1 20
6691 洋基工程|其他電子|39 46 27|81 81 -16 29|0.5 188
6692 進能服|綠能環保|157 195 82|72 85 4 -3|0.4 7
6693 廣閎科|半導體業|14 29 8|66 69 -30 -31|1.7 19
6695 芯鼎|半導體業|26 15 15|55 63 -27 -26|0.5 15
6706 惠特|光電業|105 140 113|38 38 -31 -56|0.8 100
6712 長聖|生技醫療|11 9 -8|81 92 -4 -6|1.1 46
6715 嘉基|電子零組|1 -20 -12|61 63 -21 -34|0.7 11
6719 力智|半導體業|43 16 -6|58 74 -17 -27|0.5 48
6728 上洋|居家生活|54 55 14|100 100 24 27|1.8 14
6732 昇佳電子|半導體業|22 -5 -4|51 60 -18 -33|0.8 19
6739 竹陞科技|其他電子|68 109 na|na 73 20 35|2.6 25
6741 91APP*-KY|數位雲端|6 11 -5|79 79 -5 -12|0.4 22
6742 澤米|光電業|13 6 -28|62 64 -28 -30|0.5 28
6743 安普新|其他電子|-28 13 -61|46 63 -21 -37|0.7 8
6752 叡揚|資訊服務|34 21 8|98 98 49 55|4.2 51
6753 龍德造船|航運業|-4 10 -5|61 80 -8 -14|0.2 103
6756 威鋒電子|半導體業|-8 6 20|45 59 -21 -43|0.6 7
6757 台灣虎航|航運業|1 10 -11|84 84 -8 36|0.6 333
6761 穩得|電子零組|7 14 -3|83 86 5 0|0.3 22
6763 綠界科技*|數位雲端|20 6 1|62 68 -11 -35|0.3 43
6768 志強-KY|運動休閒|40 53 13|70 70 -15 2|0.8 132
6770 力積電|半導體業|0 3 -1|51 68 -29 -26|0.4 163
6781 AES-KY|電子零組|56 50 31|68 68 -30 64|0.9 1065
6782 視陽|生技醫療|43 18 -29|56 74 0 -26|0.5 35
6785 昱展新藥|生技醫療|na na na|42 75 1 -28|0.3 13
6788 華景電|半導體業|39 64 -14|61 65 -18 -30|0.7 47
6789 采鈺|半導體業|11 3 -28|54 59 -39 -30|0.4 163
6791 虎門科技|資訊服務|36 23 8|70 70 -18 -16|0.8 6
6799 來頡|半導體業|21 11 19|63 77 -8 -10|1.0 257
6803 崑鼎|綠能環保|13 13 -1|93 93 -0 1|0.5 19
6805 富世達|電子零組|36 33 -1|42 42 -36 -44|1.3 1119
6806 森崴能源|綠能環保|55 144 46|47 66 -24 -29|0.5 83
6811 宏碁資訊|數位雲端|17 26 6|71 76 -9 -6|1.8 20
6829 千附精密|半導體業|56 38 13|79 79 -0 11|0.9 334
6830 汎銓|其他電子|19 6 2|56 60 -28 -40|0.9 31
6834 天二科技|電子零組|30 39 -2|72 99 18 1|6.4 6
6835 圓裕|電子零組|-3 4 -6|74 79 5 -19|0.3 13
6838 台新藥|生技醫療|-100 na na|na 55 -26 -41|1.7 9
6841 長佳智能|生技醫療|24 43 -217|59 76 -13 -14|0.4 22
6854 錼創科技-KY創|半導體業|-10 55 -33|55 55 -31 -5|0.6 91
6859 伯特光|光電業|153 127 86|67 67 -28 -13|0.6 28
6862 三集瑞-KY|電子零組|13 26 na|na 57 -18 -44|1.3 11
6863 永道-KY|通信網路|23 27 -40|60 62 -38 -32|0.8 51
6865 偉康科技|數位雲端|7 -8 -7|94 94 28 33|1.7 6
6869 雲豹能源|綠能環保|-25 8 27|46 71 -13 -28|0.8 86
6870 騰雲|數位雲端|24 20 -5|69 69 -14 -14|0.2 7
6873 泓德能源|綠能環保|38 88 -126|69 87 7 -7|0.4 84
6877 鏵友益|其他電子|61 61 -124|71 71 0 24|0.6 103
6890 來億-KY|運動休閒|47 25 na|na 68 -32 -14|1.6 432
6895 宏碩系統|半導體業|115 50 27|42 55 -35 -36|1.4 15
6901 鑽石投資|其他|-286 41 31|49 56 -29 -40|0.6 12
6903 巨漢|其他電子|-50 -48 na|na 75 -16 -24|0.7 6
6906 現觀科|數位雲端|-11 5 -8|73 79 9 -15|0.5 36
6913 鴻呈|電子零組|26 48 na|na 65 -7 -16|0.3 15
6914 阜爾運通|其他|15 18 6|na 90 13 1|0.5 7
6916 華凌|光電業|1 13 7|79 79 9 -3|0.4 8
6919 康霈*|生技醫療|na na na|na 68 -4 38|0.9 1006
6922 宸曜|電腦及週|14 29 -12|68 68 -17 18|0.4 27
6923 中台|綠能環保|-56 -23 na|na 79 -4 -22|0.8 5
6928 攸泰科技|電腦及週|8 24 51|na 60 -27 -20|0.4 6
6933 AMAX-KY|電腦及週|62 53 43|43 57 -24 -38|1.0 28
6937 天虹|半導體業|-27 3 -51|49 49 -38 -40|0.8 96
6949 沛爾生醫-創|生技醫療|-22 149 84|73 81 63 37|0.5 8
6957 裕慶-KY|其他|-45 -12 na|na 77 -13 -22|0.3 21
6962 奕力-KY|半導體業|-4 -9 na|na na -8 na|0.4 151
6994 富威電力|綠能環保|33 40 na|na na 14 na|0.4 22
6996 力領科技|半導體業|-6 -8 na|na na -23 na|0.9 11
7402 邑錡|光電業|10 -2 6|70 80 11 20|0.3 146
7556 意德士科技|半導體業|26 40 9|75 75 -13 -2|0.4 6
7712 博盛半導體|半導體業|3 -4 na|na na -44 na|2.9 7
7714 創泓科技|數位雲端|160 92 na|na na 76 na|4.4 20
7722 LINEPAY|數位雲端|25 24 na|na na -18 na|1.0 109
8011 台通|通信網路|-40 -35 -43|68 70 -8 -23|0.7 17
8016 矽創|半導體業|34 6 1|75 95 1 -8|2.4 157
8021 尖點|其他電子|16 21 -9|66 67 -19 -33|0.6 8
8027 鈦昇|電機機械|59 12 -14|53 68 -8 -28|0.7 66
8028 昇陽半導體|半導體業|49 47 23|75 75 6 4|1.3 848
8032 光菱|電子通路|44 32 9|52 52 -12 -40|0.9 11
8033 雷虎|其他|56 26 -5|76 84 -10 8|0.9 121
8039 台虹|電子零組|6 14 -3|61 82 -2 -19|0.4 63
8040 九暘|半導體業|19 20 15|55 68 -23 -28|1.1 12
8042 金山電|電子零組|28 16 7|58 58 -14 -5|0.2 10
8044 網家|數位雲端|-1 -7 2|63 63 -12 -11|0.4 19
8045 達運光電|通信網路|9 -32 na|na na -23 na|0.4 29
8046 南電|電子零組|16 22 27|48 68 -27 -27|1.5 263
8050 廣積|電腦及週|67 59 46|72 79 -9 -18|0.3 24
8054 安國|半導體業|12 -4 -16|39 50 -36 -46|0.5 60
8059 凱碩|通信網路|97 240 133|59 59 -19 -28|0.9 5
8064 東捷|光電業|-14 -10 -4|53 57 -20 -42|2.9 56
8069 元太|光電業|86 52 12|70 71 -21 -26|1.1 1000
8070 長華*|電子通路|15 13 4|63 77 -1 -23|2.6 130
8071 能率網通|電子零組|14 9 8|71 76 -6 -9|0.5 17
8072 陞泰|電子通路|14 26 34|93 93 100 71|4.9 405
8076 伍豐|電腦及週|-20 -29 -11|69 73 -16 -20|0.4 11
8081 致新|半導體業|3 12 6|69 87 -3 -4|0.5 76
8083 瑞穎|電機機械|-40 -32 -44|83 88 -6 -5|0.8 5
8085 福華|其他電子|23 18 21|23 55 -27 -38|1.4 15
8086 宏捷科|半導體業|-34 -40 -75|54 66 -21 -19|1.6 74
8088 品安|半導體業|22 7 27|70 88 55 17|2.5 74
8089 康全電訊|通信網路|139 23 -311|43 55 -10 -24|2.8 59
8091 翔名|半導體業|-11 -1 -9|67 80 -5 -21|0.8 23
8096 擎亞|電子通路|96 98 64|71 71 34 40|1.3 1181
8097 常珵|通信網路|3040 527971 394302|75 75 -12 -6|0.4 19
8099 大世科|資訊服務|-7 -2 0|61 81 -11 -15|0.3 11
8103 瀚荃|電子零組|6 20 7|61 84 -6 -15|1.3 19
8104 錸寶|光電業|107 41 40|58 58 -17 -27|0.5 10
8105 凌巨|光電業|9 3 1|57 77 -5 -24|0.8 12
8110 華東|半導體業|-15 -9 -13|54 74 -9 -27|0.5 16
8111 立碁|光電業|4 8 1|65 65 -14 9|0.8 286
8112 至上|電子通路|-28 -14 -46|53 75 -16 -25|0.8 70
8114 振樺電|電腦及週|203 164 80|68 68 -24 18|0.6 129
8131 福懋科|半導體業|-6 -5 -20|69 78 -8 -22|0.3 6
8147 正淩|電子零組|60 29 6|60 70 -11 -15|0.3 14
8150 南茂|半導體業|5 2 -1|56 73 -18 -27|0.7 51
8155 博智|電子零組|70 62 22|70 70 12 -20|1.1 249
8163 達方|電腦及週|14 7 17|53 73 -13 -24|0.6 21
8171 天宇|綠能環保|-93 -72 -72|76 76 2 1|0.5 27
8176 智捷|通信網路|3 71 27|57 64 -16 -43|1.0 6
8183 精星|其他電子|45 29 10|66 71 -22 -31|0.9 6
8210 勤誠|電腦及週|63 61 18|72 78 -7 -14|0.8 210
8213 志超|電子零組|7 10 12|70 78 -11 -21|0.6 10
8215 明基材|光電業|3 0 -7|69 69 -20 -29|0.7 6
8222 寶一|電機機械|44 34 8|96 96 57 53|2.0 1866
8227 巨有科技|半導體業|95 31 51|54 72 -11 -17|0.8 38
8234 新漢|電腦及週|48 42 27|74 74 42 55|1.1 190
8249 菱光|電子零組|33 63 -10|62 64 -5 -38|0.6 60
8255 朋程|電機機械|8 21 -8|57 76 -19 -23|0.6 38
8261 富鼎|半導體業|29 24 13|74 74 -10 -5|0.6 42
8271 宇瞻|半導體業|15 6 0|66 87 2 -10|0.6 10
8299 群聯|半導體業|-16 -16 -26|62 74 -5 -4|0.8 872
8341 日友|綠能環保|32 26 3|76 79 -5 -20|0.8 10
8349 恒耀國際|鋼鐵工業|-10 -12 -12|77 81 -10 -20|0.6 11
8358 金居|電子零組|20 15 -8|63 77 -13 -22|0.5 49
8374 羅昇|電機機械|47 62 21|62 64 -19 -24|1.9 39
8383 千附|半導體業|57 38 6|78 78 6 8|1.0 86
8390 金益鼎|綠能環保|13 20 -19|77 77 5 -17|2.1 94
8404 百和興業-KY|其他|25 42 4|62 67 -16 -31|0.6 23
8415 大國鋼|鋼鐵工業|12 3 6|85 85 -2 -1|0.1 17
8422 可寧衛*|綠能環保|-9 18 -17|93 93 1 -1|0.7 44
8431 匯鑽科|其他電子|50 54 24|77 77 -11 -11|0.2 14
8433 弘帆|居家生活|-9 10 6|79 88 -4 -9|3.7 19
8436 大江|生技醫療|13 6 9|92 92 29 10|0.6 172
8442 威宏-KY|其他|17 11 5|71 76 -14 -22|0.9 10
8446 華研|文化創意|-13 -12 -27|81 81 -10 -10|0.8 20
8454 富邦媒|數位雲端|-1 -2 -3|73 83 -8 -15|0.5 86
8462 柏文|運動休閒|18 19 -0|93 100 17 16|0.9 13
8464 億豐|居家生活|14 16 3|79 82 -7 -17|1.6 358
8467 波力-KY|運動休閒|8 18 -10|47 47 -38 -38|0.7 52
8473 山林水|綠能環保|118 61 46|53 72 -21 -28|0.4 9
8478 東哥遊艇|運動休閒|-67 -33 -5|35 50 -27 -49|1.0 31
8482 商億-KY|居家生活|26 14 3|54 54 -32 5|0.1 8
8499 鼎炫-KY|其他電子|28 26 10|85 85 19 26|0.3 11
8924 大田|運動休閒|-10 -10 -24|72 80 -6 -20|2.8 9
8926 台汽電|油電燃氣|1 -3 -64|83 93 -1 -6|0.7 27
8927 北基|油電燃氣|57 27 -41|68 72 -23 -30|0.7 14
8932 智通*|數位雲端|81 71 -0|54 87 -1 -3|0.6 35
8936 國統|其他|22 19 -5|61 88 3 -10|0.6 120
8937 合騏*|其他|-18 -16 -21|68 68 -24 55|0.4 38
8938 明安|運動休閒|32 27 11|83 88 -4 -9|0.7 14
8942 森鉅|其他|8 21 30|77 82 -10 -12|0.5 9
8996 高力|電機機械|57 31 24|41 60 -28 -35|0.7 273
9802 鈺齊-KY|運動休閒|76 45 31|68 68 -26 -5|0.8 140
9904 寶成|運動休閒|4 5 -4|75 75 -11 -14|0.8 261
9906 欣巴巴|建材營造|-100 108071 -9449|41 67 -20 -29|0.3 10
9907 統一實|其他|29 23 -10|98 98 20 9|1.0 61
9908 大台北|油電燃氣|-1 2 5|96 96 1 2|0.5 6
9910 豐泰|運動休閒|-2 1 0|68 79 -15 -20|1.1 110
9911 櫻花|居家生活|13 15 1|96 100 12 10|0.8 52
9914 美利達|運動休閒|7 34 5|54 72 -16 -28|0.5 127
9917 中保科|其他|11 8 3|77 81 -7 -16|0.7 46
9919 康那香|其他|-1 -0 -2|73 79 -12 -11|1.4 7
9921 巨大|運動休閒|-5 8 8|54 71 -11 -29|0.6 161
9924 福興|居家生活|-6 -6 6|78 81 -9 -12|0.9 12
9925 新保|其他|3 2 0|96 98 -0 -1|0.6 7
9927 泰銘|其他|-2 4 10|92 93 9 7|0.5 15
9930 中聯資源|綠能環保|21 18 6|98 100 7 5|0.9 11
9933 中鼎|其他|-24 -24 -27|50 62 -31 -38|4.0 163
9934 成霖|居家生活|14 2 1|54 65 -21 -34|0.4 9
9935 慶豐富|居家生活|-5 7 -9|69 70 -17 -29|0.3 11
9938 百和|其他|17 24 -2|69 69 -13 -28|0.6 71
9939 宏全|其他|13 14 4|88 92 -5 -1|0.7 186
9941 裕融|其他|-3 -6 -3|69 77 -6 -23|0.4 61
9942 茂順|其他|3 3 17|89 96 2 0|0.4 7
9943 好樂迪|觀光餐旅|15 3 6|84 94 -1 -7|0.9 5
9945 潤泰新|其他|-6 7 -12|62 68 -22 -31|0.6 107
9946 三發地產|建材營造|-92 -11 -96|40 76 -6 -21|0.7 10
9955 佳龍|綠能環保|72 9 -2|81 89 9 -6|3.6 75
9958 世紀鋼|鋼鐵工業|19 29 33|49 83 9 -16|0.8 653
