# 2023-08 月中(2023-08-11,上月月報甫公佈)全池量化快照(1150 檔)。欄位:代碼 名稱|產業|最新月YoY 3月YoY均 加速度|距52週高% 距120日高% 60日漲% 120日漲%|量能比 日均值M|外持% 外20 投20 資20 券20(外資持股比;外資/投信20日淨買佔成交值%;融資/借券餘額20日變化%)
1101 台泥|水泥工業|-11 3 -8|95 95 0 2|0.8 608|21 -5 -0 -2 26
1102 亞泥|水泥工業|-14 -12 -5|94 94 -5 0|0.7 297|16 -23 11 6 14
1103 嘉泥|水泥工業|49 47 19|88 88 3 11|0.5 13|5 9 0 -23 -25
1104 環泥|水泥工業|10 13 -5|95 95 11 30|0.5 63|16 2 -0 23 1
1108 幸福|水泥工業|35 38 2|92 92 12 49|1.3 25|6 19 0 -22 -2
1110 東泥|水泥工業|25 74 31|96 96 2 9|0.4 7|6 2 0 -6 -12
1201 味全|食品工業|4 4 1|93 93 -3 -3|0.6 9|10 -31 0 -3 41
1210 大成|食品工業|-3 2 -7|87 87 5 20|1.8 498|13 5 0 38 47
1215 卜蜂|食品工業|-2 4 -5|94 94 0 18|0.7 65|40 14 -0 -27 -26
1216 統一|食品工業|14 9 -0|96 96 1 12|0.9 567|39 -21 13 -21 -43
1217 愛之味|食品工業|-6 0 -3|91 91 19 23|2.3 125|8 -2 -0 41 119
1218 泰山|食品工業|5 3 -1|57 81 -14 -12|0.4 40|3 3 -0 8 30
1219 福壽|食品工業|6 1 -4|93 93 2 6|0.7 14|6 -2 0 -7 14
1225 福懋油|食品工業|-7 -8 -15|89 89 -7 -2|0.1 6|1 -0 0 15 3
1227 佳格|食品工業|0 7 13|93 93 -2 -3|0.6 32|6 -13 -2 -7 35
1229 聯華|食品工業|13 1 -1|95 95 11 27|0.8 113|12 -6 -0 -1 55
1231 聯華食|食品工業|-3 -2 -11|95 95 7 15|1.2 23|3 -11 0 -32 78
1234 黑松|食品工業|3 14 -3|99 99 11 22|0.9 10|6 -2 0 -23 15
1268 漢來美食|觀光餐旅|28 96 36|86 86 1 16|0.7 41|3 4 0 -8 5
1301 台塑|塑膠工業|-17 -28 -0|93 93 -5 -1|0.5 614|32 -0 -10 9 -12
1303 南亞|塑膠工業|-23 -31 -0|90 90 -8 -4|0.6 313|30 17 -19 7 -31
1304 台聚|塑膠工業|-30 -30 -7|90 90 5 1|1.0 46|34 3 -1 10 -19
1305 華夏|塑膠工業|-35 -32 -1|89 91 9 -5|1.8 86|10 0 0 78 8
1307 三芳|塑膠工業|-3 -8 -24|92 92 9 19|0.7 11|12 3 0 -22 16
1308 亞聚|塑膠工業|-42 -38 -20|88 88 4 -4|1.0 34|7 -2 -1 -1 10
1309 台達化|塑膠工業|-31 -32 -7|82 85 -1 -12|0.9 12|2 8 -1 3 -37
1310 台苯|塑膠工業|-48 -47 -17|91 91 -1 17|1.0 22|7 18 0 -3 -16
1312 國喬|塑膠工業|-11 -26 -4|90 90 1 -1|0.8 33|12 6 0 1 -9
1313 聯成|塑膠工業|3 -11 7|91 91 11 8|0.9 89|11 3 0 19 7
1316 上曜|建材營造|-85 -86 -82|69 85 -9 -0|1.6 16|1 4 0 -2 -8
1319 東陽|汽車工業|3 5 -5|99 99 31 45|0.9 367|23 -2 3 -12 17
1326 台化|塑膠工業|-14 -25 -11|88 93 -4 -6|0.7 183|34 -8 1 51 1
1338 廣華-KY|汽車工業|-38 -27 -9|62 77 -13 -18|1.7 6|7 -17 0 3 38
1342 八貫|其他|-12 -4 -11|65 65 -16 -24|0.6 72|43 -1 0 6 -3
1402 遠東新|紡織纖維|-6 -8 -6|92 92 -4 -5|0.8 197|16 -20 -8 61 2
1409 新纖|紡織纖維|-18 -17 1|92 92 1 -5|0.6 20|12 -2 0 6 -5
1417 嘉裕|紡織纖維|-10 14 -3|87 95 5 -2|0.7 5|4 -0 0 -6 -29
1432 大魯閣|運動休閒|22 36 3|80 80 14 12|0.4 8|0 1 0 na na
1434 福懋|紡織纖維|-24 -21 -11|97 97 -1 0|0.6 48|8 -9 0 -2 2
1440 南紡|紡織纖維|-15 -12 -13|83 86 -3 -10|0.6 14|6 -6 0 -22 9
1442 名軒|建材營造|-7 25 -411|94 94 11 12|0.6 26|4 10 0 10 7
1444 力麗|紡織纖維|-42 -36 -14|88 93 2 2|0.5 15|6 -4 -2 -5 -11
1446 宏和|紡織纖維|-55 -14 -20|92 92 20 20|1.8 6|1 1 0 1 -5
1467 南緯|紡織纖維|-20 -29 -2|97 98 8 6|0.7 48|21 2 0 -2 -14
1471 首利|電子零組|36 17 23|70 70 43 65|0.4 60|2 -0 0 -28 -33
1476 儒鴻|紡織纖維|-26 -28 -13|92 92 11 7|2.1 515|40 -8 4 18 5
1477 聚陽|紡織纖維|-20 -6 -4|97 97 37 52|0.7 1055|38 13 0 -66 -38
1503 士電|電機機械|5 -1 -12|77 77 10 87|0.6 969|31 4 -4 -14 39
1504 東元|電機機械|-7 0 -5|84 84 9 75|0.5 1218|18 -3 -0 -13 11
1513 中興電|電機機械|31 24 11|81 81 12 41|0.5 2628|12 -2 -4 11 49
1514 亞力|電機機械|16 15 -16|81 81 17 68|0.3 466|10 0 -0 -10 3
1515 力山|電機機械|70 37 77|99 99 33 27|1.2 38|7 4 0 -1 7
1517 利奇|電機機械|-71 -73 -34|64 77 -12 -19|0.9 6|2 -3 0 -5 5
1519 華城|電機機械|251 100 67|88 88 95 303|0.8 1145|11 -1 5 -49 0
1522 堤維西|汽車工業|-1 -1 -7|87 87 15 17|0.2 78|8 -10 0 -6 13
1524 耿鼎|汽車工業|8 5 -5|74 79 -7 -14|0.3 20|1 -4 0 -7 5
1525 江申|汽車工業|-15 7 -29|73 73 16 49|0.2 24|2 6 -1 -4 81
1527 鑽全|電機機械|-34 -41 -10|91 91 -1 -2|1.1 10|8 -24 0 -4 40
1528 恩德|電機機械|8 -4 -9|71 71 11 25|0.3 43|6 8 0 3 -13
1529 樂事綠能|電機機械|241 295 139|79 79 7 70|0.4 155|1 1 -0 -11 6
1532 勤美|電機機械|121 90 96|96 96 14 24|1.8 67|13 12 -3 8 -27
1533 車王電|汽車工業|-13 32 7|83 83 6 17|0.2 42|6 -4 -2 -13 -0
1535 中宇|電機機械|-2 14 7|94 94 14 38|0.8 16|2 -5 0 -61 62
1536 和大|汽車工業|-21 -14 -17|69 86 -8 -9|1.0 48|11 -27 -1 -1 61
1537 廣隆|電機機械|-27 -19 -56|99 99 4 3|1.4 14|16 -4 1 96 41
1540 喬福|電機機械|16 37 -39|87 87 8 7|0.3 6|2 1 0 -11 -11
1558 伸興|電機機械|50 16 -4|84 87 2 -8|0.9 10|7 -5 0 2 3
1560 中砂|電機機械|-15 -15 -13|77 83 17 11|0.5 698|9 -3 -0 5 64
1565 精華|生技醫療|-17 -17 -4|80 80 -9 -15|0.9 37|16 -37 -0 -5 -2
1568 倉佑|汽車工業|-41 -21 -3|80 88 2 6|1.2 9|3 0 0 -12 -7
1569 濱川|電腦及週|-26 -28 1|87 94 9 4|1.6 6|2 -4 0 5 5
1580 新麥|電機機械|4 4 3|94 94 12 43|0.9 22|8 -6 0 1 15
1582 信錦|電子零組|-23 -25 2|91 99 6 3|2.3 10|7 -21 0 4 14
1584 精剛|其他|32 46 -13|77 77 -4 24|0.6 111|2 0 -1 -10 5
1587 吉茂|汽車工業|-35 -22 -13|84 84 10 9|1.5 18|21 -1 0 49 141
1589 永冠-KY|電機機械|-24 -16 -28|65 65 -28 -18|0.3 59|11 -12 -3 8 -22
1590 亞德客-KY|電機機械|22 12 4|76 76 -11 -11|1.0 713|76 -8 1 14 -35
1591 駿吉-KY|電機機械|-90 -93 -57|97 97 51 69|1.0 73|16 -1 0 4 33
1598 岱宇|運動休閒|15 9 18|65 65 -18 -32|0.7 12|5 -14 0 17 53
1603 華電|電器電纜|38 38 -6|91 91 31 36|0.8 67|4 1 0 5 10
1604 聲寶|電器電纜|-2 2 7|82 82 2 8|0.5 16|9 -2 1 -43 -1
1605 華新|電器電纜|0 0 -3|68 68 -15 -25|0.7 970|20 -10 -3 6 -19
1608 華榮|電器電纜|-17 -20 -7|85 85 15 37|0.4 69|1 -5 -0 21 35
1609 大亞|電器電纜|-1 -6 0|87 87 16 52|0.5 1003|10 -2 0 -3 18
1611 中電|電器電纜|-10 -17 -2|81 81 -4 26|0.2 25|10 -8 -1 -13 14
1612 宏泰|電器電纜|-1 6 6|88 88 16 39|0.4 76|14 -0 0 2 14
1615 大山|電器電纜|90 30 18|91 91 14 35|1.2 6|1 -2 0 12 100
1616 億泰|電器電纜|13 15 4|90 90 12 35|1.4 7|3 1 0 na na
1618 合機|電器電纜|122 118 40|86 86 39 78|0.4 245|3 -3 -0 -24 187
1701 中化|生技醫療|5 3 -6|68 88 -4 -12|0.6 23|10 12 -1 -14 -37
1702 南僑|食品工業|11 9 1|95 95 -2 8|0.6 21|11 -0 0 20 7
1707 葡萄王|生技醫療|0 -0 -6|89 89 -2 1|1.4 66|19 -8 -0 23 1
1708 東鹼|化學工業|-34 -27 -34|69 79 -1 -12|0.7 49|6 -4 0 1 19
1709 和益|化學工業|-27 -24 -21|90 90 -3 8|1.3 20|4 -1 0 -8 4
1710 東聯|化學工業|53 21 30|92 92 3 17|1.0 71|11 10 -1 1 -17
1711 永光|化學工業|-13 -14 0|88 88 -4 5|0.5 44|7 -3 -0 5 10
1712 興農|化學工業|-28 -27 -22|84 89 1 -2|0.9 27|12 -10 3 14 6
1717 長興|化學工業|-16 -17 -1|87 87 -7 -3|0.9 38|14 -3 -0 -1 2
1720 生達|生技醫療|22 5 -18|87 87 -0 17|1.2 56|6 -9 -0 1 6
1721 三晃|化學工業|-35 -37 -14|75 75 -15 -10|0.5 11|1 -4 0 6 3
1722 台肥|化學工業|-22 57 51|96 96 4 11|1.3 114|12 1 -0 29 -18
1723 中碳|化學工業|-33 -33 -26|97 97 3 6|0.6 37|9 -16 3 11 41
1727 中華化|化學工業|-25 -24 -10|71 71 -18 15|0.4 60|2 -3 0 -2 4
1731 美吾華|生技醫療|-8 3 3|85 85 -6 12|0.4 9|4 4 0 8 46
1733 五鼎|生技醫療|-26 -31 -18|92 92 3 7|0.2 5|5 -14 0 -10 -9
1734 杏輝|生技醫療|16 4 -11|90 90 6 8|0.5 30|7 -18 -0 1 65
1736 喬山|運動休閒|38 40 22|92 96 27 11|0.8 96|8 6 0 8 -33
1737 臺鹽|食品工業|-12 -1 9|96 96 2 6|0.4 10|9 6 0 -36 -16
1752 南光|生技醫療|-3 7 -19|72 72 -14 -1|0.3 57|3 -2 0 1 10
1760 寶齡富錦|生技醫療|-28 -39 -29|55 56 -24 -38|0.5 129|14 8 -1 -26 -9
1762 中化生|生技醫療|-19 -5 -27|67 67 -29 4|0.6 66|10 -5 0 -30 38
1773 勝一|化學工業|-14 -20 -2|89 93 8 2|0.9 33|5 8 1 -12 -26
1783 和康生|生技醫療|15 7 -8|83 83 -2 2|0.4 56|7 -2 -2 -5 24
1784 訊聯|生技醫療|7 21 5|91 91 3 46|2.1 105|8 4 0 3 -24
1785 光洋科|其他電子|-18 -22 6|88 88 6 2|0.7 99|7 -2 0 -3 19
1786 科妍|生技醫療|18 29 1|86 86 17 35|0.5 79|3 -5 0 53 11
1789 神隆|生技醫療|-32 -17 -25|85 85 11 12|0.8 118|4 -4 0 8 88
1795 美時|生技醫療|119 59 1|79 79 -3 -2|0.9 2903|71 -5 0 18 85
1796 金穎生技|食品工業|35 41 11|62 62 -36 31|0.5 10|2 -3 -6 -9 26
1802 台玻|玻璃陶瓷|12 3 12|84 89 13 -8|1.8 581|9 1 0 115 32
1808 潤隆|建材營造|16243 7350 5438|99 99 11 13|3.0 26|3 17 1 6 -3
1809 中釉|玻璃陶瓷|-8 -9 -13|89 89 3 4|0.3 15|3 -4 0 -15 -16
1810 和成|玻璃陶瓷|2 1 10|72 72 -13 7|0.3 37|4 7 0 -4 -22
1815 富喬|電子零組|-48 -36 -11|85 85 13 7|0.7 68|3 -1 0 6 37
1903 士紙|造紙工業|38 11 13|78 78 36 20|0.6 108|12 1 -0 18 7
1904 正隆|造紙工業|-11 -8 2|86 86 -2 9|1.0 136|9 -1 -0 -10 30
1905 華紙|造紙工業|-23 -23 -22|79 79 6 52|0.8 660|4 -0 -0 -5 24
1907 永豐餘|造紙工業|-15 -13 -6|83 83 8 27|0.4 240|11 1 -0 -3 -2
1909 榮成|造紙工業|-5 -10 4|82 82 -4 -14|1.0 34|12 -1 0 -2 10
2002 中鋼|鋼鐵工業|-28 -28 -4|89 89 -2 -9|1.0 627|18 -16 10 -2 -4
2006 東和鋼鐵|鋼鐵工業|-1 2 7|99 99 5 13|1.9 88|16 25 -0 3 -21
2009 第一銅|鋼鐵工業|-25 -18 4|81 81 -2 -13|2.8 58|0 -1 0 9 -2
2010 春源|鋼鐵工業|-1 -11 7|94 94 10 9|0.8 17|8 6 0 11 -14
2014 中鴻|鋼鐵工業|6 -25 9|84 84 7 -14|1.7 215|6 1 2 -0 -1
2015 豐興|鋼鐵工業|-14 -15 0|95 95 2 3|0.8 10|11 10 -5 5 -10
2017 官田鋼|鋼鐵工業|-18 -13 8|86 86 -2 5|1.4 16|1 -2 0 9 -1
2020 美亞|鋼鐵工業|28 42 32|96 96 18 17|1.7 25|3 15 0 60 -2
2023 燁輝|鋼鐵工業|-13 -18 3|88 88 0 -9|1.0 36|6 -1 -0 -19 2
2027 大成鋼|鋼鐵工業|-17 -15 -9|97 97 11 13|0.7 493|16 -11 8 -9 38
2028 威致|鋼鐵工業|-25 -13 0|80 84 -4 -14|0.5 6|0 1 0 2 -30
2029 盛餘|鋼鐵工業|-10 -10 19|96 96 0 2|0.7 7|69 -6 -1 4 40
2030 彰源|鋼鐵工業|-26 -24 -4|81 88 -7 -10|1.6 18|2 -12 0 -5 31
2031 新光鋼|鋼鐵工業|31 9 1|94 94 11 14|1.1 118|17 23 1 -12 -36
2034 允強|鋼鐵工業|-16 -22 -4|92 92 1 -6|0.7 18|7 -22 0 -4 30
2038 海光|鋼鐵工業|-30 -24 -15|80 82 -3 -15|0.6 7|1 4 0 1 -10
2049 上銀|電機機械|-19 -19 -3|76 76 -14 -17|1.0 314|30 -7 -15 9 11
2059 川湖|電子零組|-36 -35 -21|80 80 93 108|1.9 2337|13 -3 7 18 48
2066 世德|電機機械|-8 -3 -19|79 79 -6 1|1.1 30|13 -7 0 -24 -11
2101 南港|橡膠工業|7 2 11|92 92 -3 9|0.4 23|7 4 0 -1 -3
2103 台橡|橡膠工業|-20 -16 -10|84 85 -6 -13|1.0 20|26 -18 -1 -8 22
2104 國際中橡|橡膠工業|-34 -32 -21|88 88 1 -0|0.6 43|12 -3 -0 -11 25
2105 正新|橡膠工業|-6 -4 -4|93 93 0 17|0.6 139|16 9 0 -11 15
2106 建大|橡膠工業|-14 -19 -15|85 99 5 2|0.7 17|6 -16 0 16 10
2107 厚生|橡膠工業|-23 4 30|98 98 4 4|0.9 7|7 10 0 -31 -48
2108 南帝|橡膠工業|-3 -23 14|81 81 -8 -7|0.5 13|8 4 -3 -9 -3
2201 裕隆|汽車工業|-2 7 4|86 86 -1 2|0.4 805|8 -4 -3 7 -0
2204 中華|汽車工業|16 36 17|94 94 16 67|0.6 338|27 10 -11 10 -32
2206 三陽工業|汽車工業|21 33 -0|81 81 31 114|0.8 931|10 -10 0 10 88
2207 和泰車|汽車工業|13 23 6|85 85 -0 19|0.6 146|25 -2 -5 17 -30
2208 台船|航運業|43 30 -3|78 78 -10 4|0.8 59|5 -4 0 -18 -25
2211 長榮鋼|鋼鐵工業|14 7 29|97 97 18 37|1.0 164|6 -36 -0 -6 -38
2221 大甲|其他|-31 -28 -6|88 88 -0 2|1.1 6|2 -12 0 39 -6
2228 劍麟|汽車工業|7 20 1|86 86 12 19|0.6 58|8 -8 0 -16 38
2230 泰茂|居家生活|40 34 24|75 75 19 85|0.5 47|6 -9 0 -4 -6
2231 為升|汽車工業|27 20 0|77 77 -9 -6|0.5 64|8 -15 -4 -1 31
2233 宇隆|汽車工業|-4 -5 -1|88 88 -2 6|0.9 19|4 -2 -6 -26 -18
2236 百達-KY|汽車工業|55 31 10|92 92 62 60|0.3 23|72 -9 0 26 1
2239 英利-KY|汽車工業|1 45 8|78 78 -10 4|0.4 8|77 -14 0 -2 10
2241 艾姆勒|汽車工業|53 41 61|93 93 16 23|1.2 19|24 2 0 20 7
2247 汎德永業|汽車工業|38 39 15|90 90 13 49|0.4 54|6 1 4 -52 -12
2301 光寶科|電腦及週|-15 -14 -6|86 86 74 105|1.4 14338|37 -3 1 -29 122
2302 麗正|半導體業|-14 -6 -13|78 78 -7 7|0.4 10|1 -8 -1 -27 29
2303 聯電|半導體業|-23 -23 -22|89 89 -0 -2|0.6 2045|34 -17 -2 -1 3
2305 全友|電腦及週|-3 19 9|60 78 0 -15|2.3 8|0 -1 0 1 12
2308 台達電|電子零組|5 9 -11|96 96 22 25|0.7 2849|67 1 -3 -11 -27
2312 金寶|其他電子|-18 -11 -23|90 90 25 19|0.5 457|10 -1 -0 10 20
2313 華通|電子零組|-12 -15 -10|89 92 7 5|1.2 411|18 -7 5 1 27
2314 台揚|通信網路|-35 -10 -30|79 80 -11 -8|0.5 33|3 6 -0 -4 na
2316 楠梓電|電子零組|-20 -32 -4|73 73 27 28|2.5 299|27 -0 0 366 147
2317 鴻海|其他電子|-1 -10 -14|97 97 12 13|0.7 3482|40 4 -0 -0 -7
2323 中環|光電業|6 -0 12|84 84 51 65|0.4 307|13 5 0 -22 -44
2324 仁寶|電腦及週|-13 -18 -1|89 89 18 36|0.7 1114|47 -4 -1 37 23
2327 國巨*|電子零組|-15 -16 -11|83 83 -2 -7|0.5 903|46 -7 -0 1 21
2328 廣宇|電子零組|10 5 3|86 86 6 1|0.4 241|15 -8 -0 -3 6
2329 華泰|半導體業|17 4 12|90 90 148 148|0.7 1413|12 -0 -0 21 73
2330 台積電|半導體業|-5 -7 -24|92 92 9 2|0.7 12287|73 -12 -1 4 28
2331 精英|電腦及週|-41 -39 -2|83 83 9 35|0.4 145|14 3 -0 -6 -4
2332 友訊|通信網路|-6 -5 -9|85 85 3 21|0.3 86|14 -7 -0 4 94
2337 旺宏|半導體業|-39 -40 -5|86 88 0 -10|0.5 231|19 -18 8 2 13
2338 光罩|半導體業|-8 -6 -9|74 74 -8 -16|0.6 183|7 -11 -7 9 41
2340 台亞|半導體業|-11 -16 16|87 87 39 36|0.4 492|13 3 0 -25 -8
2342 茂矽|半導體業|-29 -33 -14|75 75 -8 -12|1.0 28|3 -2 -1 -7 -13
2344 華邦電|半導體業|-15 -22 4|91 91 11 20|0.5 705|23 -7 1 14 2
2345 智邦|通信網路|10 7 -16|96 96 32 44|0.7 1217|68 -10 4 20 -30
2347 聯強|電子通路|-3 -8 -2|95 95 -3 -1|0.5 164|29 18 -14 -15 -36
2351 順德|半導體業|-9 -8 -4|73 73 -14 -17|0.5 167|16 -11 -9 7 6
2352 佳世達|電腦及週|-22 -18 -6|76 76 25 59|1.1 1531|15 -5 4 37 95
2353 宏碁|電腦及週|2 -11 13|90 90 28 51|0.8 1205|35 4 -2 57 3
2354 鴻準|其他電子|39 6 10|94 94 9 5|0.8 205|18 -1 -0 27 -13
2355 敬鵬|電子零組|4 -9 -3|97 97 17 18|1.7 94|21 7 0 32 -19
2356 英業達|電腦及週|-11 -1 5|80 80 93 131|1.2 4076|26 3 -0 -27 -22
2357 華碩|電腦及週|2 -5 5|95 95 27 41|1.6 3553|52 10 0 697 -21
2359 所羅門|其他電子|7 -8 -3|86 86 27 50|0.5 248|5 -1 0 -7 47
2360 致茂|其他電子|-36 -20 -35|91 91 42 43|0.9 913|68 -2 1 -22 15
2362 藍天|電腦及週|-13 -13 -18|90 90 6 9|0.3 36|6 -11 -1 -2 -1
2363 矽統|半導體業|-45 -40 -11|100 100 46 45|6.3 125|6 1 -0 212 133
2364 倫飛|電腦及週|6 6 -14|53 69 -26 -31|0.9 15|17 5 0 -1 0
2365 昆盈|電腦及週|-38 -23 11|91 91 7 11|0.6 7|8 -5 0 8 4
2367 燿華|電子零組|-28 -15 -24|68 83 -10 -11|1.8 48|6 -17 -0 -4 17
2368 金像電|電子零組|-2 -16 -16|95 95 88 114|1.1 2811|23 1 -0 9 -13
2369 菱生|半導體業|-1 -6 20|88 88 26 22|0.6 50|15 2 0 -1 -5
2371 大同|電機機械|68 89 32|91 91 36 55|0.5 1260|16 -1 1 -6 4
2374 佳能|光電業|6 -15 -15|79 91 1 -1|0.9 24|5 -7 1 2 40
2375 凱美|電子零組|-22 -24 0|75 75 -13 2|0.7 20|5 -1 -1 -10 -13
2376 技嘉|電腦及週|17 24 27|87 87 112 161|1.3 9844|28 -2 1 32 118
2377 微星|電腦及週|7 -6 12|85 85 16 37|0.9 1197|40 4 4 18 -0
2379 瑞昱|半導體業|-8 -10 8|91 91 6 15|1.2 1374|46 -13 12 3 35
2382 廣達|電腦及週|-33 -21 -22|84 84 121 208|1.5 29464|26 -1 1 55 -12
2383 台光電|電子零組|11 -2 10|91 91 138 111|1.7 4854|30 -7 6 90 -32
2385 群光|電子零組|-22 -17 -8|94 94 9 21|1.3 286|34 -1 9 1 -7
2387 精元|電腦及週|-25 -1 -1|100 100 18 23|1.3 35|12 14 -1 18 -8
2388 威盛|半導體業|101 60 28|73 73 46 48|1.7 1739|13 2 -0 -9 -73
2390 云辰|其他電子|26 24 10|75 90 4 -4|0.8 6|3 -1 0 -2 -5
2392 正崴|電子零組|2 -15 -15|93 93 4 4|0.6 103|12 -26 -1 35 56
2393 億光|光電業|-14 -18 2|94 94 22 39|0.4 82|33 6 0 -37 13
2395 研華|電腦及週|-19 -9 -16|86 86 -1 8|1.1 471|42 -10 -1 11 -19
2397 友通|電腦及週|-18 -4 -3|80 80 3 17|0.7 12|23 -4 1 11 28
2399 映泰|電腦及週|-8 5 16|81 81 45 56|0.3 149|6 3 0 8 -11
2401 凌陽|半導體業|8 -13 20|98 98 33 20|0.9 223|11 0 0 11 -5
2402 毅嘉|電子零組|29 25 -0|98 98 29 96|1.1 676|12 -2 -0 12 11
2404 漢唐|其他電子|17 38 -89|96 96 8 10|1.4 346|32 24 -4 -7 -67
2405 輔信|電腦及週|1 -12 0|85 85 23 14|0.5 147|6 -1 0 -0 47
2406 國碩|光電業|-55 -61 -23|69 76 -12 -18|0.7 15|5 6 0 -9 -1
2408 南亞科|半導體業|-45 -53 8|89 89 8 22|0.4 495|17 -2 -6 14 -4
2409 友達|光電業|22 11 37|90 90 13 16|0.8 815|26 7 -1 -7 -35
2412 中華電|通信網路|2 4 1|96 96 -3 8|0.8 704|17 5 -8 -4 -10
2413 環科|電子零組|-8 -8 -38|69 69 -13 -1|0.5 40|1 -6 0 -9 -19
2414 精技|電子通路|-21 -11 -13|96 96 3 14|1.1 7|5 -2 0 60 30
2415 錩新|電子零組|17 3 7|92 92 30 33|3.1 19|1 -3 0 -13 138
2419 仲琦|通信網路|-46 -26 -51|72 72 48 47|0.4 745|4 0 0 -30 16
2420 新巨|電子零組|-22 -24 -10|96 96 12 23|0.7 40|5 -5 0 53 28
2421 建準|電子零組|-6 -12 -13|90 90 106 215|0.2 1583|27 -2 1 51 42
2423 固緯|其他電子|-8 -5 -10|86 86 2 24|0.9 12|4 -12 0 -6 69
2425 承啟|電腦及週|59 11 20|90 90 94 60|0.9 511|14 0 0 35 65
2426 鼎元|光電業|1 -6 16|84 84 2 5|0.9 19|9 -2 0 -4 -3
2427 三商電|資訊服務|3 -22 -20|75 75 43 95|0.3 104|3 -1 -0 -16 56
2428 興勤|電子零組|-1 -3 -1|95 95 14 16|1.3 122|16 -6 0 11 68
2430 燦坤|電子通路|-8 -10 -0|85 85 -5 -5|2.5 6|5 -4 0 -8 -22
2436 偉詮電|半導體業|27 18 38|91 91 24 22|0.3 240|7 -1 -0 -22 -8
2438 翔耀|光電業|-14 -30 20|84 84 1 62|0.7 6|1 -2 0 na na
2439 美律|通信網路|-27 -10 -17|89 89 0 4|0.6 57|14 -17 0 -2 59
2441 超豐|半導體業|-8 -18 14|98 98 15 18|1.1 100|14 3 -1 -1 -12
2442 新美齊|建材營造|35 138 88|92 92 15 42|0.4 19|4 16 0 -19 -38
2444 兆勁|通信網路|34 21 10|63 72 -12 -21|0.5 8|0 -1 0 na na
2449 京元電子|半導體業|-11 -14 -3|94 94 44 63|0.9 1159|42 7 4 3 -43
2450 神腦|通信網路|-1 4 4|100 100 8 20|1.2 7|3 8 0 -24 -5
2451 創見|半導體業|-21 -17 3|96 96 7 12|0.3 33|11 10 -3 -37 -3
2453 凌群|資訊服務|3 15 10|70 70 -16 46|0.3 174|6 -1 -0 -11 130
2454 聯發科|半導體業|-22 -29 -7|95 95 11 3|0.7 4158|57 1 1 -4 -26
2455 全新|通信網路|18 0 35|98 98 41 57|0.7 780|32 3 -1 0 -20
2457 飛宏|電子零組|14 2 -2|74 74 -15 59|0.3 681|10 2 -0 -9 -10
2458 義隆|半導體業|2 -20 17|100 100 28 22|1.8 524|23 -3 1 -5 92
2459 敦吉|其他電子|-5 -7 -13|98 98 9 16|1.2 6|18 -0 0 14 -8
2460 建通|電子零組|9 -15 16|98 98 20 40|1.6 20|1 5 0 -17 19
2461 光群雷|其他電子|1 -9 -1|88 88 13 31|0.7 99|10 3 0 -14 33
2462 良得電|電子零組|-20 -29 -10|95 95 22 19|2.9 73|7 7 0 65 -5
2464 盟立|其他電子|-18 -26 -17|90 90 12 4|4.9 60|4 -3 0 155 164
2465 麗臺|電腦及週|-34 -32 3|82 86 6 -11|1.6 34|1 -0 0 -17 -38
2467 志聖|電子零組|-46 -42 -22|88 88 3 11|0.4 10|6 -11 0 39 9
2468 華經|資訊服務|-17 35 16|63 63 11 -3|0.2 47|3 -4 0 -2 -27
2471 資通|資訊服務|-14 -4 -1|77 77 -13 61|0.2 53|3 -1 -0 4 33
2472 立隆電|電子零組|-17 -18 -3|81 81 -6 0|1.1 18|2 -13 -0 -3 -1
2474 可成|其他電子|-38 -3 8|94 94 -2 -3|1.0 338|42 -29 22 11 -2
2476 鉅祥|電子零組|-24 -16 -11|83 85 -2 3|1.4 33|2 -0 -1 2 -7
2478 大毅|電子零組|12 -1 17|91 91 -1 4|0.3 6|5 -18 0 2 20
2480 敦陽科|資訊服務|4 12 6|89 89 10 36|0.4 54|6 -8 -0 9 128
2481 強茂|半導體業|-10 -2 11|85 85 3 2|0.6 373|10 -5 0 -4 19
2482 連宇|其他電子|-13 15 -118|68 68 -18 26|0.4 144|5 -0 -0 -12 127
2484 希華|電子零組|-37 -35 -12|82 85 -2 -8|0.7 21|4 -8 -1 -7 0
2485 兆赫|通信網路|-10 6 -7|88 88 3 10|0.4 23|8 -5 -0 7 55
2486 一詮|光電業|-4 -11 8|88 88 62 100|0.4 196|6 2 0 -15 -17
2488 漢平|其他電子|-28 -23 -13|98 98 17 25|3.6 8|5 13 0 20 3
2489 瑞軒|光電業|34 -2 20|82 82 2 26|0.5 36|13 -2 0 -2 30
2492 華新科|電子零組|1 -8 8|85 85 -4 0|0.6 211|13 -4 -0 12 -4
2493 揚博|電子零組|-5 -13 -14|95 95 15 39|1.1 16|6 -1 0 7 18
2495 普安|電腦及週|-29 -21 -43|74 74 -16 8|0.5 67|20 2 0 -19 -39
2497 怡利電|汽車工業|53 27 -1|74 83 -0 -10|1.0 50|1 -6 0 -3 6
2498 宏達電|通信網路|-21 -2 5|73 75 -13 -23|0.7 437|11 -6 -0 1 12
2501 國建|建材營造|-52 35 -52|91 91 -2 -5|0.7 11|7 -4 0 19 34
2504 國產|建材營造|-8 -1 -2|97 97 1 9|0.8 46|14 -0 -1 -9 -11
2505 國揚|建材營造|-58 -83 -37|95 97 5 4|0.8 7|6 5 0 -21 4
2515 中工|建材營造|31 68 48|91 91 2 23|0.3 84|16 -12 -0 8 40
2520 冠德|建材營造|-19 -5 -19|100 100 19 21|1.8 69|17 12 0 88 -34
2530 華建|建材營造|-29 -20 -16814|98 98 13 50|0.9 25|2 9 1 16 -0
2534 宏盛|建材營造|-67 -67 -100|82 88 -4 -8|0.5 23|7 2 0 5 -0
2535 達欣工|建材營造|-17 -19 -16|97 97 1 15|0.9 20|7 3 0 -32 -20
2536 宏普|建材營造|10 25 -17|95 95 0 15|0.8 9|10 -2 0 35 5
2539 櫻花建|建材營造|-100 na na|96 96 26 40|1.1 28|1 -1 0 37 -17
2540 愛山林|建材營造|55 113 81|95 97 20 18|0.9 36|1 13 0 9 20
2542 興富發|建材營造|2306 1239 908|97 100 4 4|1.1 88|11 11 -0 19 -17
2545 皇翔|建材營造|-54 -59 -9|93 93 -3 2|0.3 7|3 1 -4 4 -9
2546 根基|建材營造|-20 19 -27|97 97 15 39|0.5 10|4 -9 1 17 -13
2548 華固|建材營造|-85 -90 -44|98 98 2 9|0.8 32|19 10 3 -27 -0
2597 潤弘|建材營造|-2 -7 -13|88 89 -4 -8|0.3 9|1 -10 0 -7 40
2603 長榮|航運業|-63 -62 -21|81 99 30 37|0.5 2825|27 4 -1 -13 -8
2605 新興|航運業|15 1 -5|73 73 -11 -2|0.8 45|35 -12 0 -1 5
2606 裕民|航運業|11 1 9|77 77 -12 -7|0.9 153|7 1 -7 2 -1
2607 榮運|航運業|-25 -20 -44|84 98 8 8|1.0 57|15 9 -0 -4 -14
2608 嘉里大榮|航運業|-5 -6 1|89 97 0 0|1.2 9|5 -6 0 -9 45
2609 陽明|航運業|-69 -68 -17|68 84 5 8|0.4 1234|12 -0 0 -6 12
2610 華航|航運業|27 29 20|92 92 35 36|0.9 1744|15 4 -0 -16 11
2611 志信|航運業|-20 -19 12|71 86 4 0|0.5 6|1 6 0 12 0
2612 中航|航運業|-9 -16 -12|90 90 5 10|0.9 22|2 -2 0 15 91
2614 東森|其他|-8 -2 -1|54 67 -18 -32|1.4 26|2 13 -1 -16 -100
2615 萬海|航運業|-66 -67 -13|51 68 -7 -25|0.5 276|41 -3 1 -4 4
2616 山隆|油電燃氣|-12 -15 -2|95 100 3 7|0.8 8|3 -5 0 6 -24
2617 台航|航運業|-6 -3 -14|84 84 -4 8|0.8 35|3 -23 0 -13 108
2618 長榮航|航運業|58 52 15|88 88 29 29|0.7 2766|31 7 -2 -16 -2
2630 亞航|航運業|-12 8 -10|54 54 20 120|0.9 166|5 1 0 na -14
2633 台灣高鐵|航運業|36 83 29|91 91 -6 5|0.6 81|11 -25 2 15 -2
2634 漢翔|航運業|19 24 -19|89 89 8 54|0.8 750|8 0 -2 -2 33
2636 台驊控股|航運業|-47 -53 6|97 97 7 24|0.9 34|16 13 -0 -18 -12
2637 慧洋-KY|航運業|-47 -42 -18|71 71 -21 -18|0.7 163|8 9 -18 10 -17
2640 大車隊|數位雲端|6 16 -1|78 78 -12 14|1.1 8|8 -7 0 -13 65
2641 正德|航運業|-22 -19 -0|78 78 -12 -4|0.7 13|1 4 0 3 -10
2645 長榮航太|航運業|43 33 6|na na 14 na|2.1 279|5 13 -0 na 528
2701 萬企|觀光餐旅|45 38 21|85 85 0 6|0.2 8|1 -7 -3 -14 28
2702 華園|觀光餐旅|-6 -5 -38|77 77 -3 -1|0.2 10|37 1 0 -15 2
2704 國賓|觀光餐旅|-9 14 12|100 100 27 74|0.6 10|11 5 -3 -7 20
2705 六福|觀光餐旅|9 133 59|70 70 -1 11|0.2 43|5 0 0 6 18
2706 第一店|觀光餐旅|46 48 16|81 81 1 10|0.1 9|3 7 -3 -12 -20
2707 晶華|觀光餐旅|16 49 16|77 77 -9 -1|0.3 158|15 0 -5 -10 5
2719 燦星旅|觀光餐旅|3094 2045 789|66 66 64 117|0.4 27|0 0 0 na na
2722 夏都|觀光餐旅|-19 20 -0|57 57 27 94|0.2 59|2 -9 0 6 5
2723 美食-KY|觀光餐旅|0 6 -1|72 72 -24 -21|0.7 79|61 -7 -2 -6 -48
2727 王品|觀光餐旅|19 41 17|81 81 -5 45|0.7 315|37 -2 -1 10 -3
2729 瓦城|觀光餐旅|26 50 21|100 100 24 48|1.9 46|12 19 -2 16 -26
2731 雄獅|觀光餐旅|1058 1323 714|74 74 -21 27|0.6 460|16 1 4 -16 3
2732 六角|觀光餐旅|-2 -1 -1|71 71 -21 -2|0.7 62|11 2 -5 12 -5
2734 易飛網|觀光餐旅|349 397 -50|64 64 41 76|0.2 49|8 1 0 na na
2736 富野|觀光餐旅|-22 69 26|66 66 30 52|0.2 61|4 1 0 -8 12
2739 寒舍|觀光餐旅|33 108 23|57 57 -23 53|0.3 22|3 -3 0 na na
2743 山富|觀光餐旅|1542 1610 527|69 69 55 109|0.9 104|2 -0 0 13 22
2745 五福|觀光餐旅|5418 5636 3228|74 74 58 116|1.1 38|1 1 0 na -12
2748 雲品|觀光餐旅|12 48 6|70 70 4 14|0.3 289|2 1 3 -26 -0
2753 八方雲集|觀光餐旅|8 6 -5|71 71 5 -22|0.9 74|12 -0 -8 -30 14
2754 亞洲藏壽司|觀光餐旅|23 48 11|73 73 -4 12|0.4 33|77 -11 0 -3 -10
2755 揚秦|觀光餐旅|19 16 -2|72 72 11 80|0.5 6|1 -6 0 na 19
2801 彰銀|金融保險|-2 14 -6|98 98 2 7|1.4 347|14 13 1 11 -25
2809 京城銀|金融保險|21 375 235|100 100 6 9|0.5 41|13 20 -1 -19 -51
2812 台中銀|金融保險|9 17 2|98 98 8 19|0.5 66|10 -10 2 -46 -6
2816 旺旺保|金融保險|21 38 20|98 98 20 29|1.9 7|1 -2 0 352 56
2820 華票|金融保險|193 93 73|92 97 -0 -1|1.0 13|7 1 0 2 13
2832 台產|金融保險|5 12 14|100 100 10 17|0.8 7|3 -7 1 -11 24
2834 臺企銀|金融保險|9 14 -8|96 96 1 3|1.0 239|19 8 2 -8 -48
2836 高雄銀|金融保險|17 6 9|91 98 2 -1|0.9 5|7 2 0 7 -3
2838 聯邦銀|金融保險|8 32 13|95 95 -1 -1|0.9 23|6 -7 0 8 21
2845 遠東銀|金融保險|14 16 -6|99 99 9 4|0.4 55|10 1 -0 -12 -10
2850 新產|金融保險|16 11 5|99 100 13 11|0.6 8|10 -10 -1 -12 -11
2851 中再保|金融保險|40 12 10|100 100 28 37|0.8 53|3 20 0 43 -35
2855 統一證|金融保險|169 127 -145|97 97 26 20|1.3 44|9 5 1 -1 -14
2880 華南金|金融保險|-7 12 3|94 97 1 -2|0.8 157|18 4 4 1 -31
2881 富邦金|金融保險|7 -8 57|98 98 12 13|0.7 1055|19 -2 1 12 -3
2882 國泰金|金融保險|62 26 63|98 98 9 11|0.8 812|21 13 2 -4 -11
2883 凱基金|金融保險|-19 -34 34|89 93 -5 -5|0.7 577|23 12 -13 1 -9
2884 玉山金|金融保險|-8 18 9|95 99 5 8|0.7 501|31 5 2 -57 -13
2885 元大金|金融保險|29 18 25|99 99 13 14|1.2 449|26 27 -1 -31 -57
2886 兆豐金|金融保險|1 45 29|96 96 11 18|1.1 782|21 -8 9 3 -5
2887 台新新光金|金融保險|45 34 18|100 100 7 20|0.6 381|25 2 1 1 -33
2889 國票金|金融保險|7 42 49|87 87 -2 -5|0.4 41|10 4 0 -16 -20
2890 永豐金|金融保險|14 20 13|100 100 11 9|1.5 536|26 -17 15 -30 -31
2891 中信金|金融保險|16 4 50|97 97 10 14|1.2 1270|37 -14 9 13 -35
2892 第一金|金融保險|-13 -1 -8|98 98 5 8|1.9 499|24 -3 2 260 -47
2903 遠百|貿易百貨|-0 12 7|95 95 0 8|0.8 31|11 -16 -3 1 -12
2906 高林|貿易百貨|-7 -21 -10|91 93 14 4|0.6 21|2 8 0 -9 -7
2912 統一超|貿易百貨|9 10 -1|96 96 -3 3|1.1 312|29 -41 4 46 -65
2913 農林|貿易百貨|-5 12 8|80 80 10 14|1.9 560|12 5 0 14 -29
2915 潤泰全|貿易百貨|-6 -14 -11|89 93 14 -4|1.1 127|8 -11 11 6 12
2916 滿心|居家生活|-15 34 12|90 90 22 66|0.7 7|23 -8 0 -8 54
3003 健和興|電子零組|-25 -18 -6|82 82 -2 5|0.3 68|3 -12 -2 5 44
3004 豐達科|鋼鐵工業|47 35 -24|86 86 8 30|2.3 94|3 1 0 -2 2
3005 神基|電腦及週|-1 -3 -19|90 90 7 50|0.4 200|34 2 0 17 -8
3006 晶豪科|半導體業|-18 -31 15|79 79 -5 -2|0.3 224|10 2 -2 -11 -2
3008 大立光|光電業|-11 -16 -15|88 88 -3 -2|0.5 1080|36 -11 4 6 15
3010 華立|電子通路|-10 -10 2|100 100 15 9|2.2 19|11 13 -0 17 -4
3011 今皓|電子零組|-37 -23 6|90 90 5 75|0.5 51|2 0 -0 na na
3013 晟銘電|電腦及週|-4 4 -17|71 71 97 116|0.7 714|5 -3 0 -1 82
3014 聯陽|半導體業|51 40 50|87 87 41 72|1.3 661|28 4 4 50 29
3015 全漢|電子零組|-9 -5 3|92 92 10 32|0.5 15|13 -1 0 -4 -49
3016 嘉晶|半導體業|-30 -30 -16|68 82 2 -17|0.5 66|1 -8 0 -10 21
3017 奇鋐|電腦及週|6 8 -3|90 90 83 177|1.3 7034|38 -3 1 11 -30
3019 亞光|光電業|-6 -9 2|92 92 7 3|0.8 57|11 4 0 -5 -20
3022 威強電|電腦及週|-26 -2 -37|82 82 -10 6|0.5 129|22 -5 -0 -7 3
3023 信邦|電子零組|2 11 -9|85 85 -10 6|0.7 463|63 -11 -6 107 35
3024 憶聲|光電業|-24 13 13|91 91 24 30|1.1 78|7 5 0 8 18
3025 星通|通信網路|-18 32 32|74 74 33 94|0.3 257|4 0 -0 -23 3
3026 禾伸堂|電子零組|-5 -10 1|97 97 3 12|0.7 24|12 -16 0 -1 24
3027 盛達|通信網路|70 146 82|78 78 7 20|0.6 131|4 -10 -0 -0 -7
3028 增你強|電子通路|-12 -21 4|96 96 4 14|0.3 16|5 -8 0 -1 33
3029 零壹|資訊服務|11 5 -0|91 91 5 43|0.7 231|6 5 -0 8 -45
3030 德律|其他電子|-42 -47 -27|96 96 1 3|0.7 18|15 10 -0 -14 -3
3032 偉訓|電子零組|35 40 27|89 89 36 102|1.4 1034|8 -3 -0 -31 104
3033 威健|電子通路|14 7 7|87 87 6 19|0.5 123|9 -12 -0 -4 24
3034 聯詠|半導體業|41 19 43|90 90 6 14|1.2 1517|49 7 -4 5 -2
3035 智原|半導體業|-9 -12 -20|77 77 86 56|0.5 2821|28 1 -1 0 -14
3036 文曄|電子通路|15 -1 -10|99 99 12 11|2.6 108|11 -0 -0 -2 7
3037 欣興|電子零組|-27 -30 -28|86 86 14 42|0.6 7409|44 0 -1 21 -0
3038 全台|光電業|-4 -2 -10|85 85 25 68|0.8 173|9 -4 0 12 59
3041 揚智|半導體業|-61 -60 -19|69 78 -4 -18|0.7 12|10 -13 0 -7 33
3042 晶技|電子零組|-20 -27 -4|97 97 13 13|1.1 181|15 10 -13 13 -23
3043 科風|其他電子|88 56 1|81 81 -1 38|1.6 8|2 4 0 5 22
3044 健鼎|電子零組|-10 -17 -5|99 99 71 85|3.1 3033|42 4 4 205 -15
3045 台灣大|通信網路|7 6 -3|94 94 -5 2|0.8 261|15 -16 -4 -5 -22
3046 建碁|電腦及週|64 55 -6|70 70 -14 36|0.3 92|2 -6 0 -22 114
3047 訊舟|通信網路|-28 -29 -20|78 86 -1 -3|0.8 38|2 -0 0 -5 -16
3048 益登|電子通路|-16 -19 -11|89 92 1 -3|0.5 10|3 -7 0 -2 8
3051 力特|光電業|-28 -34 -9|98 98 54 42|1.5 104|2 -1 0 19 64
3052 夆典|建材營造|30 33 8|89 89 1 16|2.3 13|3 3 0 -49 24
3055 蔚華科|電子通路|-45 -35 3|87 87 38 41|1.2 198|2 0 0 28 94
3056 富華新|建材營造|135 23 -6443|92 92 7 64|1.0 209|8 12 -0 5 -60
3057 喬鼎|電腦及週|-47 -48 -5|81 81 10 14|0.6 8|2 0 0 na na
3058 立德|電子零組|-37 -30 -17|63 63 -18 103|0.3 34|3 2 0 na na
3059 華晶科|光電業|-38 -41 -50|87 91 -0 -3|0.4 43|11 -2 -0 -1 12
3060 銘異|電腦及週|6 -22 17|84 84 13 8|0.5 17|6 -1 0 -14 -5
3062 建漢|通信網路|-41 -50 -82|64 80 -7 -16|0.5 27|12 -4 0 -8 3
3071 協禧|電腦及週|-36 -22 -22|75 75 26 52|0.4 197|2 -1 0 -19 -2
3078 僑威|電子零組|153 116 83|94 94 56 177|1.0 1335|7 2 0 -15 -40
3081 聯亞|通信網路|-74 -66 -76|56 73 5 -22|0.8 176|18 -7 0 3 77
3083 網龍|文化創意|-25 -30 -19|81 81 -4 -7|0.2 10|1 4 0 -14 14
3088 艾訊|電腦及週|24 21 5|88 88 31 55|1.2 278|16 2 0 -12 7
3090 日電貿|電子零組|0 -3 8|97 97 3 7|0.5 18|7 7 0 -9 -11
3092 鴻碩|電子零組|-30 -39 -2|90 96 20 17|1.3 54|2 1 0 -5 -32
3093 港建*|其他電子|-15 -22 -10|80 80 -1 17|0.5 8|68 -4 0 -2 30
3094 聯傑|半導體業|-41 -28 -21|80 80 -10 3|0.2 13|3 -1 0 -16 2
3105 穩懋|半導體業|2 -10 29|75 78 1 -15|0.8 911|31 -11 -3 24 30
3114 好德|電子零組|-20 -8 14|91 91 9 9|0.4 12|1 4 0 -30 -24
3128 昇銳|光電業|1 -3 -8|64 71 -9 -23|0.5 13|1 -2 0 -15 -30
3131 弘塑|半導體業|-6 -4 5|76 76 41 109|0.9 1223|11 -3 6 na 60
3138 耀登|通信網路|12 -2 -20|80 80 -3 -2|0.7 39|1 -7 0 9 35
3141 晶宏|半導體業|-30 -36 -0|64 75 -7 -11|0.7 143|5 -2 0 -2 -8
3147 大綜|資訊服務|12 6 21|96 96 21 38|0.4 30|3 3 0 3 1
3149 正達|光電業|-27 -27 -12|57 66 -9 -31|0.4 8|2 -0 0 0 na
3152 璟德|通信網路|20 7 28|81 81 -4 -9|0.8 28|16 -5 -6 16 -12
3162 精確|電機機械|33 48 -77|76 76 -6 -7|0.3 31|44 -2 0 -2 2
3163 波若威|通信網路|-16 -26 -23|89 89 80 72|2.2 1949|6 -0 0 18 65
3169 亞信|半導體業|-40 -33 1|77 77 -2 0|0.6 48|1 -5 0 1 29
3178 公準|半導體業|1 11 -2|83 83 16 26|0.1 28|1 -3 0 -5 6
3189 景碩|半導體業|-49 -46 -24|81 88 4 7|0.5 553|11 -6 2 -3 28
3191 雲嘉南|電子零組|-1 15 22|82 82 62 68|1.3 8|0 -0 0 na na
3202 樺晟|電子零組|47 19 18|79 79 -21 6|0.3 14|3 3 0 -1 -10
3205 佰研|生技醫療|-29 -20 -5|61 84 17 1|0.3 55|10 -0 0 -10 8
3206 志豐|電子零組|-6 -15 -3|100 100 28 54|4.2 9|4 2 0 34 11
3207 耀勝|電子零組|-25 -8 -30|77 77 1 35|0.6 199|1 -1 0 -18 20
3209 全科|電子通路|5 -17 -29|82 82 -7 -7|1.3 62|2 -17 0 29 59
3211 順達|電腦及週|-8 1 2|99 99 7 10|1.0 24|12 12 0 -4 -28
3213 茂訊|電腦及週|23 13 -3|93 93 39 60|3.7 69|7 0 0 155 128
3217 優群|電子零組|36 18 27|89 89 31 45|1.0 532|7 1 -3 -10 71
3218 大學光|生技醫療|15 25 -2|86 86 -2 13|0.6 105|33 -9 -6 -3 41
3221 台嘉碩|通信網路|-46 -59 -25|73 90 5 9|0.4 18|3 -4 0 2 42
3224 三顧|電子通路|5 -5 23|69 69 -23 -12|1.2 11|2 -2 0 -1 11
3227 原相|半導體業|14 -3 22|86 86 13 8|0.9 208|15 -3 0 75 100
3228 金麗科|半導體業|-17 -32 -8|29 54 -31 -43|1.0 119|8 5 -0 -12 -2
3231 緯創|電腦及週|-15 -17 -12|73 73 143 272|1.6 13854|38 2 -2 12 -33
3232 昱捷|電子通路|33 27 -4|62 76 -18 -21|0.1 5|8 -2 0 -3 1
3234 光環|通信網路|-34 -40 1|74 74 30 21|0.4 43|1 1 0 -29 -64
3236 千如|電子零組|-46 -41 -33|83 83 -7 5|0.7 9|12 -14 0 5 5
3252 海灣|觀光餐旅|4 1 -6|75 75 11 9|0.1 9|7 -5 0 6 5
3257 虹冠電|半導體業|196 146 140|87 87 24 69|4.4 83|9 4 0 142 4
3260 威剛|半導體業|-15 -17 3|82 82 8 19|0.5 381|12 -1 -8 -8 1
3264 欣銓|半導體業|-11 -7 -16|92 92 17 12|0.6 452|26 -10 4 6 35
3265 台星科|半導體業|-11 -17 -11|90 90 49 73|0.6 391|4 -0 0 8 15
3272 東碩|電腦及週|-46 -47 -76|70 77 -3 3|0.5 9|0 1 0 -17 -35
3284 太普高|其他|-31 -20 -41|77 77 7 17|0.3 6|2 -1 0 -4 17
3287 廣寰科|電腦及週|46 74 67|81 81 49 81|0.5 28|1 -6 0 -16 81
3289 宜特|其他電子|-4 4 -7|82 82 31 14|0.5 538|14 -5 -3 28 19
3290 東浦|電子零組|-8 3 -10|84 84 -6 6|0.6 26|3 2 0 3 -5
3293 鈊象|文化創意|18 21 7|88 88 11 20|0.7 590|37 -7 4 -4 -26
3296 勝德|電子零組|-49 -55 -21|85 89 -2 -3|0.9 5|3 -4 0 -0 3
3305 昇貿|其他電子|-22 -26 6|84 84 38 42|0.6 294|3 -1 -0 4 60
3306 鼎天|通信網路|-28 -6 -3|88 88 98 111|1.4 242|1 -2 0 -19 -23
3308 聯德|電子零組|253 236 97|91 91 11 188|1.8 45|1 1 0 8 62
3310 佳穎|電子零組|133 41 25|94 94 40 75|0.9 7|0 -3 0 -5 126
3312 弘憶股|電子通路|-19 -18 0|91 91 2 21|1.3 9|4 -13 0 4 -1
3317 尼克森|半導體業|12 -8 11|83 88 7 -6|1.6 14|3 5 0 -9 -16
3322 建舜電|電子零組|-7 3 22|88 88 10 3|1.1 35|4 9 0 1 -38
3323 加百裕|電腦及週|-44 -13 7|94 95 9 -1|2.7 7|3 -4 0 -4 -2
3324 雙鴻|其他電子|-9 -20 -4|82 82 23 80|1.5 2820|18 1 2 -6 -9
3325 旭品|電腦及週|156 97 70|94 94 65 141|2.2 249|2 -0 0 18 24
3338 泰碩|電子零組|-24 -29 -5|76 76 36 82|0.8 472|12 0 -0 17 32
3346 麗清|汽車工業|48 97 51|88 88 21 30|0.6 198|10 -1 0 1 -1
3356 奇偶|光電業|-8 -5 -9|78 78 19 18|0.8 128|4 -7 0 -5 15
3357 臺慶科|電子零組|-12 -19 2|82 82 7 7|0.6 40|12 -5 0 35 120
3362 先進光|光電業|30 10 17|91 91 63 86|1.0 818|3 1 0 -5 32
3363 上詮|通信網路|-23 -25 9|71 71 57 131|0.5 441|10 1 0 8 -38
3372 典範|半導體業|-13 -24 24|86 86 16 13|0.4 10|1 0 0 -11 3
3374 精材|半導體業|-16 -26 -10|79 79 20 9|0.3 264|8 6 -1 -27 -20
3376 新日興|電子零組|-23 -22 -2|95 96 -3 6|0.7 37|19 -21 -2 -17 61
3380 明泰|通信網路|-41 -22 -40|79 79 8 23|0.4 227|13 2 -0 -41 54
3402 漢科|其他電子|-21 -15 -22|96 96 5 14|0.7 12|4 -13 0 10 80
3406 玉晶光|光電業|10 1 -2|88 93 1 7|0.7 676|18 -8 -3 -10 -1
3413 京鼎|半導體業|-30 -13 -22|88 92 4 -6|1.0 60|20 -1 -0 1 10
3416 融程電|電腦及週|6 5 -7|89 89 14 53|1.6 62|6 3 -0 -32 1
3419 譁裕|通信網路|-44 -39 -51|82 82 -6 2|0.4 13|1 -3 0 -6 -4
3438 類比科|半導體業|6 -6 31|86 86 15 9|0.3 13|2 -6 0 -13 36
3441 聯一光電|光電業|-37 -40 -6|77 77 -2 -3|0.3 16|1 -4 0 -2 47
3443 創意|半導體業|14 23 -25|67 67 13 43|1.2 7391|33 -0 -3 45 37
3444 利機|電子通路|16 7 25|83 83 19 19|0.3 110|11 2 0 -11 -1
3447 展達|通信網路|-71 -67 -91|na 64 -7 -5|0.6 20|0 -9 0 -15 277
3450 聯鈞|半導體業|-30 -31 -11|78 78 17 3|0.6 108|8 -2 0 17 111
3454 晶睿|光電業|21 22 -49|61 61 -5 -25|0.5 164|2 -3 0 -8 1
3455 由田|光電業|-59 -57 -41|82 82 -4 -11|1.1 25|3 -12 0 -9 15
3479 安勤|電腦及週|23 5 -35|81 81 -12 22|0.5 99|10 -9 -1 9 21
3481 群創|光電業|17 7 33|89 89 15 22|0.9 1253|28 7 -1 -3 -100
3483 力致|電腦及週|26 9 17|89 89 115 150|3.5 554|7 -1 1 -8 -16
3484 崧騰|電子零組|-49 -48 -9|70 81 -10 -11|0.6 7|4 -2 0 -13 -7
3491 昇達科|通信網路|-21 -34 -26|77 77 -12 5|0.5 87|9 -11 -0 -4 36
3498 陽程|其他電子|44 158 61|78 78 18 -1|0.3 12|4 -2 0 -8 19
3499 環天科|通信網路|7 9 21|81 81 4 9|0.4 9|1 -3 0 -9 13
3501 維熹|電子零組|-20 -20 -16|92 92 -3 7|0.5 14|6 -27 0 8 67
3504 揚明光|光電業|-54 -50 -25|57 72 -14 -22|0.4 51|2 -0 0 -6 7
3508 位速|其他電子|-41 -34 1|65 73 -2 -24|0.4 9|0 -0 0 -16 na
3511 矽瑪|電子零組|-62 -57 -42|77 84 1 -3|0.3 5|0 -13 0 2 33
3515 華擎|電腦及週|32 24 23|79 79 74 58|0.6 953|15 8 -4 -37 1
3518 柏騰|其他電子|7 -0 38|88 88 29 80|0.5 68|6 -0 -0 35 51
3521 台鋼建設|建材營造|82 87 61|77 80 -4 -3|0.5 12|0 -4 0 na -50
3526 凡甲|電子零組|-3 3 13|89 89 35 38|6.5 56|9 7 1 44 -21
3527 聚積|半導體業|-18 -30 7|74 75 -7 -17|0.4 12|5 -0 0 -6 -18
3529 力旺|半導體業|-13 -2 -15|83 83 7 18|1.4 894|59 -3 -4 63 -25
3530 晶相光|半導體業|-17 -21 22|77 78 -8 -12|0.7 7|39 -6 0 6 18
3532 台勝科|半導體業|-15 -10 -22|81 85 3 -1|0.7 241|48 -2 -9 -0 4
3533 嘉澤|電子零組|-8 -12 -17|77 77 -16 -11|1.1 1032|35 9 -16 32 -24
3535 晶彩科|光電業|-10 -60 -50|70 81 0 -11|1.1 5|1 -8 0 -8 14
3537 堡達|電子零組|35 11 20|98 98 5 2|1.0 9|2 -6 0 26 82
3540 曜越|電腦及週|40 41 7|73 73 -2 53|0.3 105|9 -4 0 -34 -2
3541 西柏|其他電子|-28 -30 -14|67 68 -28 -24|0.6 6|1 -1 0 14 7
3545 敦泰|半導體業|65 16 36|76 76 -10 -2|0.8 118|15 -6 -0 -1 6
3546 宇峻|文化創意|-24 -28 -14|89 89 5 13|0.3 18|10 -15 0 -9 10
3548 兆利|電子零組|62 42 43|100 100 11 25|1.9 28|10 5 -1 -30 38
3551 世禾|綠能環保|-13 -7 -9|94 94 20 24|1.2 20|6 -1 0 0 -8
3552 同致|其他電子|-2 5 -3|66 78 -9 -17|0.6 52|12 -8 0 -12 5
3556 禾瑞亞|半導體業|-24 -29 -1|96 96 2 11|0.5 6|6 -9 0 -19 24
3557 嘉威|居家生活|-8 -11 4|79 79 -16 10|1.1 9|20 12 0 9 12
3558 神準|通信網路|-4 1 -64|82 82 8 14|1.1 917|1 0 2 -17 -5
3563 牧德|光電業|2 6 20|81 81 7 38|0.5 50|10 -5 -0 -16 -11
3564 其陽|通信網路|-45 -36 -34|58 58 32 21|0.5 42|2 2 0 na na
3570 大塚|資訊服務|11 2 -20|80 80 -6 38|0.8 8|43 -3 0 na na
3576 聯合再生|光電業|-30 -38 -50|71 75 -18 -20|1.0 104|14 11 0 -4 -5
3577 泓格|電腦及週|-21 -25 -29|87 89 4 2|0.8 5|1 -4 0 3 16
3580 友威科|其他電子|-39 -28 -44|77 91 11 -5|3.8 20|3 0 3 -5 25
3581 博磊|半導體業|7 3 -3|98 98 50 57|4.0 96|8 -0 0 212 453
3583 辛耘|半導體業|13 16 -1|85 85 147 191|1.8 3320|10 -0 0 -24 25
3587 閎康|其他電子|26 32 4|93 93 64 57|1.9 550|16 -3 9 -3 17
3588 通嘉|半導體業|-7 -30 18|81 87 8 -10|0.8 60|2 -0 0 27 35
3591 艾笛森|光電業|18 4 6|87 87 6 14|0.9 43|8 -2 0 16 43
3592 瑞鼎|半導體業|21 -8 27|82 82 8 -1|0.7 127|13 3 -1 -4 -31
3594 磐儀|電腦及週|0 2 -16|80 80 -3 46|0.5 42|2 -4 -1 -10 1
3596 智易|通信網路|7 3 -18|93 93 26 37|1.5 650|23 -1 3 0 3
3605 宏致|電子零組|-21 -22 -2|76 82 3 -11|0.5 6|10 -5 0 5 -8
3607 谷崧|電子零組|-4 -6 9|88 88 11 34|0.4 16|6 -6 0 4 27
3611 鼎翰|電腦及週|-1 6 -5|91 91 16 35|1.6 56|14 1 0 5 7
3617 碩天|其他電子|8 9 -10|96 96 61 108|0.9 321|12 -0 1 0 -35
3622 洋華|光電業|53 4 12|99 99 19 34|1.4 10|3 5 0 -17 2
3624 光頡|電子零組|-10 -20 0|67 67 -19 -11|0.3 43|42 2 -9 -4 -1
3630 新鉅科|光電業|48 25 49|84 84 15 14|0.6 16|36 3 0 -10 -1
3645 達邁|電子零組|90 16 48|92 92 42 41|0.5 51|11 4 0 24 -37
3652 精聯|電腦及週|-22 4 4|68 68 2 27|0.1 15|3 -1 0 -13 33
3653 健策|電子零組|17 4 -20|87 87 26 46|0.8 941|23 7 -13 45 -4
3661 世芯-KY|半導體業|137 152 38|82 82 29 90|0.9 6143|60 5 -3 -15 -44
3663 鑫科|其他電子|1 -17 6|79 79 8 20|1.1 38|1 -0 0 -4 -19
3664 安瑞-KY|通信網路|11 19 4|56 56 -35 91|0.5 5|43 4 0 na na
3665 貿聯-KY|其他電子|-10 -10 -42|83 86 9 6|0.9 569|47 -1 -0 -3 9
3666 光耀|光電業|41 -9 37|89 89 19 36|0.6 19|1 -0 0 -16 17
3673 TPK-KY|光電業|-37 -33 -15|78 78 -8 17|0.6 88|37 -9 -0 8 -10
3675 德微|半導體業|-24 -25 -12|78 78 -11 11|0.3 157|52 -2 1 -10 51
3680 家登|半導體業|16 4 -20|72 72 -5 9|0.8 638|19 -3 -11 32 56
3685 元創精密|電機機械|24 3 2|62 86 10 9|0.4 5|0 -1 0 3 13
3687 歐買尬|數位雲端|3 -6 -5|73 73 3 -1|0.1 56|3 -2 0 -17 19
3689 湧德|電子零組|29 5 10|94 94 61 88|2.2 401|10 -1 0 89 83
3691 碩禾|光電業|-57 -66 -19|51 68 -18 -24|0.5 16|4 -2 0 -11 -8
3693 營邦|電腦及週|92 57 -27|95 95 166 277|1.8 2941|3 -1 -0 11 -35
3694 海華|通信網路|-14 -0 5|79 79 22 56|1.3 97|5 -4 0 18 26
3701 大眾控|電腦及週|31 17 5|80 80 -3 39|0.5 81|4 -10 -0 -10 76
3702 大聯大|電子通路|-2 -13 3|94 94 10 12|0.8 304|26 -16 19 21 7
3703 欣陸|建材營造|5 -2 8|88 90 -5 -4|0.8 48|24 -1 1 14 -12
3704 合勤控|通信網路|-26 -11 -37|76 76 21 25|0.4 466|20 -3 -0 -16 24
3705 永信|生技醫療|6 -6 7|91 97 2 6|0.3 9|10 16 1 10 -7
3706 神達|電腦及週|-21 -22 -29|82 82 52 46|1.3 1407|12 -1 0 -30 68
3707 漢磊|半導體業|-21 -16 -12|65 77 2 -20|0.4 159|9 -9 -1 -8 13
3708 上緯投控|綠能環保|-11 -27 -6|86 86 2 -6|1.5 33|7 8 0 -4 -3
3710 連展投控|電子零組|5 -1 14|58 77 -12 -21|0.7 8|2 -0 0 na na
3711 日月光投控|半導體業|-17 -17 -14|93 93 14 14|0.5 1884|76 6 -1 23 -38
3712 永崴投控|電腦及週|94 34 26|85 85 -3 16|0.6 29|2 -5 -1 -3 3
3714 富采|光電業|-14 -16 18|84 84 -2 -4|0.9 104|13 -14 0 -2 34
3715 定穎投控|電子零組|na na na|na 94 20 90|1.2 324|24 0 1 5 -6
4102 永日|生技醫療|-13 -17 -39|75 89 7 3|0.6 11|3 6 0 -0 -7
4104 佳醫|生技醫療|10 18 2|91 91 3 24|0.4 34|6 -6 -0 -14 30
4105 東洋|生技醫療|10 15 1|93 96 0 1|0.5 50|20 -11 0 -7 17
4106 雃博|生技醫療|-21 -5 -15|75 75 -7 -9|0.4 17|5 -20 0 -24 -20
4107 邦特|生技醫療|-9 -7 -11|90 94 -0 0|0.4 10|20 -22 0 -23 -9
4108 懷特|生技醫療|37 30 29|82 82 -3 6|0.4 12|1 -2 0 0 na
4111 濟生|生技醫療|-6 -5 -5|75 75 -6 -1|0.5 5|2 -1 0 -8 3
4113 聯上|建材營造|30410 18230 9955|100 100 24 49|1.3 11|1 6 0 9 -28
4114 健喬|生技醫療|19 24 -8|82 88 -2 -6|1.4 86|5 3 -0 -7 -12
4116 明基醫|生技醫療|4 -5 -46|78 90 3 -6|1.2 37|1 -1 0 5 34
4119 旭富|生技醫療|31 35 -52|88 88 1 17|0.5 31|9 -11 0 -1 28
4120 友華|生技醫療|5 -1 -1|80 80 -4 3|0.3 5|6 -2 0 -23 40
4121 優盛|生技醫療|-10 -19 -16|72 72 -10 11|0.3 27|2 -1 0 -25 2
4123 晟德|生技醫療|121 77 -30|88 88 18 20|0.5 357|7 -0 -0 27 42
4126 太醫|生技醫療|2 18 -9|89 89 3 15|1.5 37|20 8 0 19 11
4128 中天|生技醫療|-2 -13 -4|70 82 -8 -18|0.7 81|5 -4 -0 -1 11
4129 聯合|生技醫療|50 32 4|85 85 18 46|0.6 116|20 -1 -2 -1 35
4130 健亞|生技醫療|15 26 9|68 85 -2 -14|0.4 15|2 -11 0 -0 26
4137 麗豐-KY|生技醫療|-13 8 -6|81 81 -16 -11|0.3 26|60 -23 -2 -8 29
4138 曜亞|生技醫療|25 41 7|72 72 9 64|0.5 77|4 0 0 33 102
4142 國光生|生技醫療|-60 -81 -221|75 75 -9 -16|0.7 26|7 -16 0 -1 27
4147 中裕|生技醫療|64 26 -96|73 73 -9 39|0.7 220|9 2 1 -21 -5
4148 全宇生技-KY|生技醫療|-29 -10 -44|70 72 -11 -22|0.4 6|71 -6 0 10 49
4153 鈺緯|生技醫療|-6 0 -27|69 69 -8 2|0.5 23|1 -6 0 5 253
4155 訊映|生技醫療|10 -11 -2|74 74 -7 -2|0.3 36|2 -6 0 -25 6
4157 太景*-KY|生技醫療|274 3731 1906|77 83 -0 -4|0.4 28|4 -9 0 -2 9
4160 訊聯基因|生技醫療|26 25 17|92 92 4 78|1.4 18|1 -0 0 na na
4161 聿新科|生技醫療|-9 11 -9|83 83 5 30|0.2 8|2 -10 0 11 29
4162 智擎|生技醫療|243 85 63|57 69 -10 -28|0.7 89|5 8 0 -7 -14
4163 鐿鈦|生技醫療|-22 -7 -29|83 83 -9 -4|0.5 26|5 -19 0 -33 81
4164 承業醫|生技醫療|5 37 6|77 77 -15 2|0.5 77|27 -1 -9 -12 -43
4167 松瑞藥|生技醫療|-14 -25 -2|64 84 7 -14|1.4 16|11 7 0 -0 -2
4168 醣聯|生技醫療|-100 -44 na|66 83 -5 -10|0.8 18|4 -0 0 -0 -5
4171 瑞基|農業科技|-54 -62 2|62 78 -4 -20|0.6 12|16 -11 0 6 12
4173 久裕|生技醫療|6 17 6|92 92 5 23|1.0 20|3 0 0 12 118
4174 浩鼎|生技醫療|498 673 na|89 89 5 13|0.6 36|11 -9 0 -15 3
4175 杏一|生技醫療|12 -0 -4|69 69 -14 40|0.3 40|1 -3 0 -34 21
4188 安克|生技醫療|17 6 32|72 72 25 23|0.8 12|0 0 0 na na
4190 佐登-KY|生技醫療|12 20 3|70 70 -12 -5|0.7 11|62 1 0 -19 3
4207 環泰|食品工業|1 11 1|91 91 20 35|0.7 17|2 1 0 -4 25
4306 炎洲|塑膠工業|-23 -24 -1|89 89 -7 7|0.4 11|5 -23 0 8 15
4438 廣越|紡織纖維|-15 -6 -26|80 92 0 -3|0.7 11|2 -13 -3 14 1
4439 冠星-KY|紡織纖維|-32 -30 2|78 78 18 43|1.3 32|65 2 0 -2 15
4503 金雨|電機機械|75 47 -5|78 78 6 44|0.3 109|1 -3 0 -7 21
4506 崇友|電機機械|25 36 23|98 98 12 17|1.2 10|3 -14 -15 33 -18
4510 高鋒|電機機械|10 17 20|71 71 20 55|0.4 24|3 1 0 -5 -14
4513 福裕|電機機械|-9 -8 7|67 88 -5 0|0.8 5|2 2 0 77 4
4523 永彰|電機機械|22 16 19|75 75 50 9|0.5 29|2 0 0 -15 3
4526 東台|電機機械|-21 -14 -10|79 79 12 26|0.4 37|8 3 -0 6 37
4532 瑞智|電機機械|2 -8 16|82 82 20 35|0.5 211|13 1 0 -17 15
4533 協易機|電機機械|-42 10 -20|70 70 115 147|0.5 322|1 -1 0 -27 -12
4536 拓凱|運動休閒|-31 -16 -30|72 72 -9 -8|0.8 54|14 -7 -0 -9 14
4538 大詠城|電機機械|-44 -22 -25|77 77 11 21|0.4 5|0 1 0 -13 0
4541 晟田|其他|-8 -6 -15|73 73 -15 18|0.2 32|2 -0 -1 -17 35
4543 萬在|電機機械|-39 -17 -13|61 61 56 80|0.3 114|13 5 0 -11 113
4549 桓達|電機機械|-44 -23 -30|83 83 3 14|0.5 7|7 -2 -9 -51 87
4551 智伸科|汽車工業|-27 -19 -10|79 87 6 -7|0.6 35|50 -20 3 -8 15
4552 力達-KY|電機機械|2 2 4|86 86 -5 8|0.6 7|46 -23 0 23 90
4563 百德|電機機械|-29 -5 -4|77 77 35 20|0.7 49|1 -4 0 23 10
4564 元翎|電機機械|-22 -12 18|75 75 6 2|0.2 31|3 -3 0 -2 20
4566 時碩工業|電機機械|-23 -12 -14|73 73 -2 5|0.2 66|1 -2 0 4 40
4572 駐龍|電機機械|10 21 -27|95 95 21 41|0.8 156|10 11 7 -21 11
4580 捷流閥業|電機機械|-6 1 2|95 95 4 18|1.3 11|2 -0 0 -19 3
4581 光隆精密-KY|汽車工業|23 12 -3|88 88 4 61|0.2 11|28 3 0 -13 -40
4583 台灣精銳|電機機械|-24 -20 -8|82 82 13 18|0.3 29|0 -1 0 -19 6
4714 永捷|化學工業|-55 -56 -25|92 92 6 20|0.9 17|1 1 0 -9 -3
4721 美琪瑪|化學工業|-69 -62 -24|61 74 -9 -24|1.1 27|1 -5 0 -9 6
4722 國精化|化學工業|-25 -26 10|95 95 4 6|1.1 6|3 -1 0 3 37
4726 永昕|生技醫療|61 53 34|79 82 7 1|0.5 104|21 0 0 -1 12
4728 雙美|生技醫療|42 37 -37|66 66 -12 48|0.2 35|14 -2 0 11 14
4736 泰博|生技醫療|-72 -67 -47|79 88 -1 -4|1.3 53|10 11 0 -11 -5
4739 康普|化學工業|-54 -53 -25|58 74 -11 -22|1.0 31|1 0 0 -9 -3
4741 泓瀚|化學工業|-27 -1 -2|80 80 15 44|0.4 11|1 -0 0 12 106
4743 合一|生技醫療|23 -22 -7|70 75 -5 -28|0.7 411|6 1 -1 -2 0
4744 皇將|生技醫療|95 30 11|71 71 -25 -5|0.3 40|6 3 0 -37 -67
4746 台耀|生技醫療|1 27 5|81 81 2 33|0.7 1109|9 -0 0 5 -24
4747 強生製藥|生技醫療|6 30 1|86 86 112 113|0.7 124|3 -1 0 23 133
4754 國碳科|化學工業|37 76 42|84 84 16 34|1.2 6|0 1 0 na na
4755 三福化|化學工業|-10 -12 6|86 86 9 9|0.5 134|29 -1 -0 0 15
4763 材料*-KY|化學工業|147 135 36|81 81 52 173|1.0 3164|65 -2 1 4 24
4766 南寶|化學工業|-7 -6 -13|96 96 16 37|0.9 34|16 8 7 -11 20
4768 晶呈科技|化學工業|-38 -23 -60|69 69 2 2|0.7 276|5 -2 -3 26 113
4770 上品|化學工業|-28 -10 -37|77 85 3 -13|0.4 99|7 3 0 4 -4
4904 遠傳|通信網路|6 5 1|92 92 -4 9|0.5 294|18 14 -18 -19 -45
4906 正文|通信網路|-8 -7 -41|95 95 15 23|1.4 308|16 0 -0 -5 10
4908 前鼎|通信網路|9 -6 5|83 83 34 64|0.5 186|3 -1 0 12 36
4911 德英|生技醫療|282 372 -95|78 78 -10 8|0.8 6|0 -17 0 na 81
4912 聯德控股-KY|電子零組|-27 -43 -13|78 96 22 14|1.2 16|29 -8 0 5 22
4915 致伸|電子零組|-32 -25 -14|94 95 7 14|0.6 205|48 -5 10 2 9
4916 事欣科|電腦及週|52 45 -15|84 84 25 39|0.4 100|1 -1 0 7 49
4919 新唐|半導體業|-12 -14 -2|82 82 7 -12|0.6 884|5 -3 4 -5 12
4927 泰鼎-KY|電子零組|37 -2 9|89 89 10 5|0.5 51|17 -9 -1 -8 -20
4931 新盛力|電腦及週|-56 -37 -72|65 71 -18 -27|0.5 41|2 3 -7 -9 4
4933 友輝|光電業|20 16 40|97 97 28 32|5.9 6|2 1 0 28 -24
4934 太極|光電業|40 30 -51|88 88 17 24|0.9 142|1 -2 0 na na
4935 茂林-KY|光電業|-54 -26 -6|89 94 4 2|1.5 7|26 -6 0 52 77
4938 和碩|電腦及週|-13 -15 -11|90 90 13 20|0.7 938|33 -3 -3 172 -36
4942 嘉彰|光電業|-13 -19 8|99 99 14 17|1.8 12|13 8 0 -8 -34
4945 陞達科技|半導體業|2 -20 24|85 85 30 28|1.1 11|4 -0 0 74 64
4951 精拓科|半導體業|-19 -29 3|na 79 -1 24|0.4 11|1 -3 0 -11 549
4952 凌通|半導體業|-17 -30 12|87 92 0 8|0.4 8|6 2 0 -4 7
4953 緯致|資訊服務|5 7 -9|76 76 16 49|1.1 696|17 0 0 47 -1
4958 臻鼎-KY|電子零組|-22 -29 -21|80 86 -6 -10|1.4 310|64 -8 -5 14 14
4960 誠美材|光電業|1 -3 24|89 89 6 11|0.7 34|6 -4 -0 11 -2
4961 天鈺|半導體業|-8 -12 16|76 76 -8 0|0.8 220|18 -4 0 6 26
4966 譜瑞-KY|半導體業|-39 -46 -4|68 68 -10 -8|1.0 987|56 -3 -6 -1 16
4967 十銓|半導體業|84 137 67|77 77 11 78|0.4 186|4 1 -0 -34 8
4968 立積|半導體業|-10 -13 -1|79 79 -5 21|0.4 456|13 -5 -2 3 4
4973 廣穎電通|半導體業|10 16 5|86 86 14 35|0.5 28|6 -8 0 -15 30
4974 亞泰|電子零組|13 -2 -7|99 99 10 15|0.8 14|8 9 0 21 -12
4976 佳凌|光電業|-35 -31 -13|80 80 -4 4|0.4 18|1 -0 0 -7 7
4977 眾達-KY|通信網路|-65 -50 -79|60 60 -25 -31|0.7 231|22 -9 1 9 36
4979 華星光|通信網路|174 138 14|71 71 225 174|0.1 692|7 -1 1 -5 25
4989 榮科|電子零組|-12 -10 6|84 84 10 7|0.6 16|1 0 0 14 -51
4994 傳奇|資訊服務|-17 -15 17|81 81 -10 4|0.3 10|3 3 -2 -4 26
5009 榮剛|鋼鐵工業|1 10 -13|77 77 -10 22|1.1 689|19 -2 -9 0 5
5014 建錩|鋼鐵工業|-32 -33 -15|75 78 -9 -19|0.9 6|2 -3 0 -1 -29
5203 訊連|資訊服務|7 4 -6|88 88 8 7|1.4 107|11 1 0 6 -29
5209 新鼎|其他|59 98 7|83 83 -5 115|0.5 25|3 -9 0 na 108
5210 寶碩|資訊服務|-38 -20 -7|74 77 5 10|1.2 5|1 4 0 na na
5213 亞昕|建材營造|1028 286 138|97 97 2 14|1.4 9|1 3 0 -3 -2
5222 全訊|半導體業|51 28 -3|77 77 -12 19|0.8 179|7 7 -4 -4 -13
5225 東科-KY|其他電子|-40 -28 -27|86 86 -7 37|0.3 23|54 3 0 29 -4
5227 立凱-KY|電子零組|86 127 -24|76 76 -24 -17|0.4 13|2 -0 0 na na
5234 達興材料|光電業|57 32 42|76 76 27 57|0.6 209|12 8 -2 6 -35
5236 凌陽創新|半導體業|165 54 70|89 89 44 67|1.1 77|3 -0 0 7 66
5243 乙盛-KY|光電業|-33 -18 -26|74 74 -2 10|0.3 125|55 -9 -4 -7 11
5258 虹堡|電腦及週|7 16 -22|79 79 27 46|0.4 1349|9 -1 -0 -22 -3
5263 智崴|文化創意|-1 -12 -19|78 82 2 -17|0.8 24|14 -11 0 -4 64
5269 祥碩|半導體業|24 7 10|65 65 -28 -4|0.9 861|16 -0 -6 2 20
5274 信驊|半導體業|-46 -51 -38|70 70 -19 -1|1.1 1369|53 2 -6 -21 -23
5283 禾聯碩|電器電纜|-4 4 14|93 93 4 4|0.9 11|1 8 0 -64 -33
5284 jpp-KY|其他|37 41 -7|82 82 -12 58|1.0 191|56 -3 -0 30 46
5285 界霖|半導體業|-18 -24 -8|91 91 16 12|1.3 60|2 -3 -6 6 39
5287 數字|數位雲端|13 12 0|97 97 -1 9|0.9 8|25 -20 0 34 4
5288 豐祥-KY|電機機械|-9 -6 -27|90 90 -4 3|0.6 18|62 -7 -4 -9 6
5289 宜鼎|電腦及週|-28 -30 -13|72 72 -10 33|0.8 363|30 3 -9 -1 -30
5299 杰力|半導體業|-32 -39 5|84 84 -5 -7|0.7 21|1 -6 0 -9 18
5306 桂盟|運動休閒|-37 -38 -11|91 91 3 -4|0.8 30|19 13 -2 -24 20
5309 系統電|電子零組|-19 -17 -29|73 73 -18 -20|0.8 48|1 -2 -1 5 10
5312 寶島科|生技醫療|19 34 13|89 89 14 35|0.7 16|9 -5 0 -22 20
5315 光聯|光電業|-22 -14 -10|84 84 -3 4|0.5 5|6 -26 0 -11 38
5321 美而快|數位雲端|-2 4 -11|75 75 -20 -3|0.4 11|1 -5 0 -14 -4
5328 華容|電子零組|-3 19 9|83 83 2 36|0.5 13|0 -0 0 0 na
5340 建榮|電子零組|-10 -23 -8|82 82 33 19|0.9 220|50 1 1 na 44
5347 世界|半導體業|-23 -36 -10|76 77 -15 -22|1.1 451|26 -5 -16 14 -8
5351 鈺創|半導體業|-39 -44 13|81 81 0 -13|0.5 161|7 -1 -0 -1 -3
5353 台林|通信網路|-12 -3 -24|72 72 -11 22|0.8 27|1 -4 0 4 32
5356 協益|電腦及週|-27 -23 -8|86 86 1 35|0.6 9|3 -7 0 -5 228
5371 中光電|光電業|-18 -26 -6|95 95 8 35|2.0 185|18 -3 7 20 12
5381 光譜|電機機械|342 537 338|79 79 9 223|0.5 10|0 -4 0 na na
5386 青雲|電腦及週|-8 -17 20|80 80 63 65|0.5 115|2 -3 0 49 24
5388 中磊|通信網路|-26 -9 -35|92 92 29 45|0.8 666|36 0 0 -13 2
5392 能率|光電業|-4 -8 9|92 92 16 11|0.7 25|4 -4 0 22 172
5403 中菲|資訊服務|21 8 -7|100 100 15 52|1.2 20|11 0 0 11 -3
5410 國眾|資訊服務|-25 6 -89|89 89 0 7|0.6 21|2 -3 0 14 4
5425 台半|半導體業|-13 -6 -9|73 73 -7 -6|0.7 623|10 -2 -7 -10 31
5426 振發|電腦及週|-33 -37 -34|75 75 19 3|0.2 19|1 2 0 -29 26
5432 新門|綠能環保|-1 23 -12|98 98 72 93|2.5 27|0 0 0 -2 0
5434 崇越|電子通路|-11 -11 -15|92 92 -1 9|0.5 65|30 3 -17 -0 -24
5439 高技|電子零組|53 58 33|89 89 44 78|1.1 677|8 -2 0 -19 82
5443 均豪|半導體業|-27 -37 -27|90 90 21 17|0.7 77|3 -2 0 24 141
5452 佶優|其他電子|-5 -7 16|91 91 18 65|2.8 106|7 -3 0 18 102
5457 宣德|電子零組|-13 -8 5|82 85 11 4|0.5 59|37 -2 -4 -1 6
5465 富驊|電腦及週|34 30 20|72 72 33 124|0.3 131|1 -1 0 -11 55
5469 瀚宇博|電子零組|-5 -10 6|98 98 34 62|1.2 321|15 -1 4 24 91
5471 松翰|半導體業|-15 -26 19|78 84 -5 -12|0.8 19|12 -12 0 -2 27
5474 聰泰|電腦及週|12 -23 2|64 64 46 53|0.6 273|4 -1 -0 -32 44
5475 德宏|電子零組|23 14 39|77 77 -12 2|0.5 8|0 -0 0 -22 na
5478 智冠|文化創意|8 9 -0|88 88 3 31|0.4 39|31 4 0 -34 5
5483 中美晶|半導體業|-11 -5 -15|88 88 10 -0|0.9 1394|22 -7 8 -16 78
5484 慧友|光電業|4 24 -8|68 68 17 70|0.6 14|2 1 0 na na
5488 松普|電子零組|-50 -26 -34|84 84 -0 23|1.0 6|0 -5 0 na na
5498 凱崴|電子零組|-38 -35 -12|84 84 -8 7|0.3 7|2 1 0 4 -24
5508 永信建|建材營造|620 493 363|93 93 20 40|0.8 19|2 -1 0 -12 -13
5511 德昌|建材營造|8 18 -7|89 89 60 154|0.5 60|4 -1 0 10 101
5519 隆大|建材營造|-70 -39 -103|99 99 3 12|0.8 8|3 -29 0 59 247
5522 遠雄|建材營造|-12 -56 -15|93 93 -0 3|0.3 20|7 3 -5 2 -9
5530 龍巖|其他|-2 -5 -3|86 90 -5 -6|0.7 8|56 -5 0 -14 2
5534 長虹|建材營造|-48 -46 -42|97 97 2 7|1.3 21|11 5 0 1 8
5536 聖暉*|其他電子|-32 -17 -33|77 99 13 45|0.8 37|21 6 1 0 3
5607 遠雄港|航運業|-8 -12 -8|78 78 -8 17|0.9 103|2 -8 -0 2 114
5608 四維航|航運業|-55 -54 -18|61 63 -18 -16|1.3 48|3 -2 -0 -6 6
5609 中菲行|航運業|-52 -54 -10|95 95 5 18|0.5 16|17 3 0 -9 -6
5704 老爺知|觀光餐旅|-24 6 -15|78 78 11 18|0.2 20|0 0 0 -21 6
5706 鳳凰|觀光餐旅|2959 2705 1415|65 65 19 29|0.2 298|7 -3 0 -3 73
5864 致和證|金融業|-442 269 217|74 74 36 111|1.1 75|1 2 0 13 22
5871 中租-KY|其他|14 14 -3|82 83 -6 -16|1.2 1026|72 -13 0 13 -25
5876 上海商銀|金融保險|-0 26 2|87 95 -2 -3|0.5 127|56 -6 -1 11 -18
5880 合庫金|金融保險|-8 12 -3|99 99 7 10|1.7 268|18 1 1 69 -20
5904 寶雅|居家生活|11 19 5|87 87 -2 1|0.9 131|30 -34 -3 -2 48
5905 南仁湖|觀光餐旅|2 54 29|84 84 0 3|0.2 9|2 4 0 -2 -2
6005 群益證|金融保險|26 113 77|95 95 17 31|0.7 104|18 1 -1 -4 -54
6015 宏遠證|金融業|225 158 80|90 90 28 29|1.0 24|3 1 0 2 8
6016 康和證|金融業|63 434 263|88 88 34 39|1.0 86|7 2 0 16 39
6023 元大期貨|金融業|-0 -14 -11|100 100 8 12|1.2 6|1 -5 0 -5 32
6024 群益期|金融保險|-25 -40 -34|99 99 7 22|0.8 10|2 14 -0 19 -15
6026 福邦證|金融業|5436 1861 1407|98 98 15 28|1.2 27|5 7 0 -3 -45
6101 寬魚國際|文化創意|950422 348877 257550|80 80 20 46|0.9 18|1 4 0 na na
6104 創惟|半導體業|-0 -15 24|75 77 -7 -13|0.8 295|4 -2 -0 -3 10
6111 光聚晶電|文化創意|77 67 -103|65 65 -10 23|0.3 299|14 -2 0 -7 9
6112 邁達特|資訊服務|8 12 2|81 81 6 66|0.5 344|3 -1 0 -11 33
6113 亞矽|電子通路|-61 -58 -18|52 71 -12 -23|0.5 9|1 -1 0 -1 12
6114 久威|電子零組|32 -8 20|94 94 43 33|2.6 25|2 -0 0 9 -6
6116 彩晶|光電業|-19 -25 7|90 90 6 8|0.7 282|9 7 -0 1 -42
6117 迎廣|電腦及週|-13 -11 0|77 77 62 67|0.7 53|3 0 0 -43 69
6118 建達|電子通路|-21 -26 -13|57 68 -15 -30|0.4 20|1 -1 0 -5 8
6120 達運|光電業|21 43 63|80 80 51 63|0.9 176|10 6 0 -30 1
6121 新普|電腦及週|-18 -17 -8|94 94 2 6|0.8 275|42 -41 29 -3 222
6122 擎邦|電機機械|125 156 71|96 96 37 150|0.6 119|4 2 0 -16 -6
6123 上奇|資訊服務|-9 -3 -18|93 93 3 17|0.5 7|2 -20 0 4 17
6124 業強|電子零組|-13 -10 5|64 64 21 27|0.2 41|49 -3 0 22 13
6125 廣運|電機機械|17 22 -5|67 67 152 171|1.1 1490|4 -2 0 19 87
6126 信音|電子零組|-8 -8 2|89 89 20 46|0.7 60|7 -2 0 29 42
6127 九豪|電子零組|39 18 35|84 84 -2 26|0.7 7|2 -1 0 -1 0
6128 上福|電腦及週|-6 -11 -7|92 92 3 11|1.0 7|4 -3 0 64 29
6129 普誠|半導體業|-19 -22 -25|72 80 -5 -12|1.6 29|1 -4 0 -3 34
6133 金橋|電子零組|-31 -37 -34|51 60 -19 -36|0.5 11|1 0 0 -12 -5
6138 茂達|半導體業|-13 -27 10|79 79 -4 -11|0.8 183|9 -6 1 -3 -2
6139 亞翔|其他電子|30 30 -8|96 96 32 99|1.4 297|30 -6 -0 30 -3
6140 訊達電腦|資訊服務|19 3 -5|85 85 -0 21|0.5 6|3 2 0 -3 -4
6142 友勁|通信網路|-53 -6 -73|70 70 -15 -9|0.7 15|3 -14 0 na na
6143 振曜|通信網路|34 32 -3|73 73 -12 3|1.0 97|6 7 -2 -12 -41
6146 耕興|其他電子|-7 -9 -12|96 96 8 9|0.6 55|43 -0 -10 15 13
6147 頎邦|半導體業|-5 -11 11|98 98 14 15|1.1 191|23 1 12 8 -10
6148 驊宏資|資訊服務|4 407 289|67 67 -3 171|0.3 74|2 -0 0 -8 14
6150 撼訊|電腦及週|10 29 62|65 65 9 -5|0.5 147|7 -0 0 -4 -35
6153 嘉聯益|電子零組|-34 -9 -8|74 83 -3 -7|0.7 48|10 -15 0 -0 32
6155 鈞寶|電子零組|-37 -34 -14|90 90 -1 4|1.1 12|7 1 0 8 -53
6156 松上|電子零組|-15 -26 -4|91 91 6 8|1.3 22|8 5 0 -15 -43
6158 禾昌|電子零組|1 -7 13|98 98 40 41|1.7 33|1 1 0 14 2
6160 欣技|電腦及週|-23 -18 -28|65 65 -18 41|0.2 21|8 5 0 -2 2
6161 捷波|電腦及週|-23 -21 10|78 78 27 55|0.4 100|4 -2 0 2 -18
6163 華電網|資訊服務|-6 -23 -33|64 64 -21 14|0.5 16|4 5 0 -8 -0
6165 浪凡|數位雲端|-11 -9 -8|92 92 -0 -1|0.4 8|5 0 0 5 -15
6166 凌華|電腦及週|-10 1 -13|77 77 9 6|0.3 101|13 -4 0 -14 99
6167 久正|光電業|-22 -15 -3|80 80 3 34|0.5 15|4 -2 0 3 13
6168 宏齊|光電業|-6 -21 5|85 85 -4 16|0.3 16|6 -11 -1 -18 -3
6170 統振|通信網路|27 -11 16|97 97 32 38|2.0 43|2 1 0 37 26
6173 信昌電|電子零組|6 -7 22|95 95 5 14|0.5 18|2 -1 0 1 -9
6175 立敦|電子零組|3 2 18|87 87 -4 2|0.6 10|17 -1 0 -16 -9
6176 瑞儀|光電業|-35 -12 -9|99 99 14 26|1.1 443|40 27 -9 35 -35
6177 達麗|建材營造|4664 1504 1061|97 97 0 5|2.2 11|3 -4 0 -2 3
6179 亞通|其他|-17 -11 -20|81 81 0 20|0.4 42|2 1 0 -14 -20
6180 橘子|文化創意|-18 -19 -9|78 78 -0 -19|0.4 75|28 -12 0 -35 6
6182 合晶|半導體業|-23 -22 -19|79 85 -0 -8|0.9 187|9 -10 1 -6 27
6185 幃翔|電子零組|-30 -2 -22|63 63 -19 30|1.0 19|4 -10 0 -20 52
6186 新潤|建材營造|na na na|99 99 14 40|0.9 12|2 8 0 -9 -5
6187 萬潤|半導體業|-49 -58 -9|78 78 86 72|1.2 1241|8 0 2 -51 53
6188 廣明|電腦及週|-16 -19 -16|82 82 85 111|1.2 3026|8 -1 -0 -16 19
6189 豐藝|電子通路|31 3 19|100 100 13 22|3.6 31|7 -0 0 145 356
6190 萬泰科|通信網路|-38 -38 -18|87 88 16 17|0.5 108|1 -3 0 17 40
6191 精成科|電子零組|2 -2 7|100 100 46 90|1.1 334|15 -2 5 0 9
6192 巨路|其他電子|4 1 -1|100 100 11 20|1.4 7|19 7 0 60 -5
6194 育富|電子零組|83 36 31|91 91 18 51|2.8 37|3 1 0 19 31
6196 帆宣|其他電子|-13 5 -28|93 93 15 15|0.8 194|6 -2 0 -21 98
6197 佳必琪|電子零組|5 0 -10|87 87 32 67|1.4 132|12 -4 0 1 69
6202 盛群|半導體業|-56 -54 -3|86 87 -0 -11|0.8 74|11 -13 0 -10 24
6203 海韻電|電子零組|161 82 71|94 94 47 106|1.5 343|5 1 -1 19 37
6205 詮欣|電子零組|-29 -32 -30|63 63 -12 -25|0.7 26|2 1 -2 -6 12
6206 飛捷|電腦及週|-44 -43 -4|73 94 1 2|2.0 26|10 -16 -0 -10 27
6207 雷科|電子零組|13 -29 -2|88 88 19 27|1.1 61|2 -2 0 -1 514
6209 今國光|光電業|-24 -24 -8|84 84 -5 10|0.9 11|1 -8 0 -9 3
6213 聯茂|電子零組|-6 -22 0|86 86 15 2|0.8 427|10 -4 0 28 91
6214 精誠|資訊服務|3 4 -7|93 93 24 53|0.5 299|12 -5 -0 69 161
6215 和椿|其他電子|-65 -59 -18|80 80 -1 5|0.2 6|8 -15 0 -7 28
6216 居易|通信網路|20 -9 23|94 100 12 14|1.5 11|3 17 0 -10 -20
6217 中探針|電子零組|-13 -26 -11|73 87 15 1|0.5 125|1 -2 0 -8 43
6218 豪勉|通信網路|10 25 -19|71 71 -5 43|0.5 96|3 0 0 -29 -14
6219 富旺|建材營造|2898 1290 986|100 100 28 31|1.0 8|2 5 0 -5 na
6220 岳豐|電子零組|-22 -16 5|82 100 7 10|1.3 19|3 13 0 -8 -12
6222 立軒|光電業|-85 -70 8|89 89 136 141|0.7 10|0 2 0 na na
6223 旺矽|半導體業|11 8 1|93 93 52 70|0.9 1115|14 -4 0 26 38
6224 聚鼎|電子零組|1 -1 10|83 83 -6 -8|1.0 6|9 -1 0 -9 -1
6227 茂綸|電子通路|-11 -9 -10|90 90 11 4|1.1 16|2 1 0 0 8
6230 尼得科超眾|電腦及週|-4 -6 -15|83 83 -11 25|0.9 33|90 -8 1 195 10
6231 系微|資訊服務|-5 -7 1|73 73 18 27|2.0 306|16 2 0 14 5
6233 旺玖|半導體業|-25 -17 -7|78 78 -8 8|0.4 9|2 -7 0 -2 36
6234 高僑|光電業|29 90 43|77 77 -12 35|0.3 30|11 -0 0 -12 8
6235 華孚|電腦及週|23 38 -11|69 69 24 149|0.6 2138|8 -1 -1 15 -27
6237 驊訊|半導體業|-25 -46 1|59 70 -11 -24|0.8 16|1 -4 0 -12 37
6239 力成|半導體業|-20 -25 -5|91 91 8 17|0.7 675|42 -14 15 25 6
6243 迅杰|半導體業|50 34 25|79 79 8 47|0.2 23|6 0 0 -16 6
6244 茂迪|光電業|-12 -24 -25|70 70 -16 1|0.4 77|10 2 -1 -13 -11
6245 立端|通信網路|-22 -22 -39|75 75 -11 3|0.7 374|14 -2 -1 -27 2
6248 沛波|鋼鐵工業|12 37 -7|80 80 -3 27|0.5 11|3 -6 0 -1 4
6257 矽格|半導體業|-16 -24 -10|94 94 4 6|0.6 142|20 -9 -0 -20 29
6261 久元|半導體業|-25 -31 -2|94 94 1 5|1.8 12|3 -7 0 -5 9
6263 普萊德|通信網路|-2 13 -4|88 88 13 47|0.8 26|3 -8 0 -10 28
6266 泰詠|電子零組|-10 14 -23|77 77 -9 29|0.3 39|2 -6 0 6 29
6269 台郡|電子零組|-25 -10 -14|83 90 -2 -4|0.9 189|26 -2 -4 -1 8
6271 同欣電|半導體業|-18 -21 -8|70 72 -1 -28|1.0 329|17 -14 -3 20 39
6274 台燿|電子零組|-16 -18 4|86 86 88 116|1.5 3648|30 -1 1 100 24
6275 元山|電子零組|2 -3 8|83 83 30 54|0.8 137|3 -1 0 73 -4
6276 安鈦克|電腦及週|55 13 21|75 75 17 151|0.3 56|3 -0 0 -10 -0
6277 宏正|電腦及週|-1 -5 -11|95 95 0 5|0.7 15|10 -23 -0 -15 -61
6278 台表科|光電業|-33 -26 -2|91 93 2 11|0.7 130|23 -7 1 5 -4
6279 胡連|電子零組|8 10 -19|81 84 4 -5|0.6 222|6 -7 -3 3 34
6282 康舒|電子零組|30 -9 -3|91 91 38 45|0.8 2917|8 -1 0 32 -6
6283 淳安|其他電子|-29 -33 5|76 87 -1 -3|0.6 10|18 1 0 25 5
6284 佳邦|電子零組|3 -4 1|80 80 -7 -12|3.2 31|3 9 -2 -11 -57
6285 啟碁|通信網路|14 22 -19|99 99 43 44|1.1 2341|17 1 2 5 -24
6288 聯嘉|汽車工業|29 11 1|84 84 -4 25|0.2 67|4 -14 -3 -2 31
6290 良維|電子零組|-2 -7 3|77 77 1 -3|0.4 204|2 -3 0 -10 67
6291 沛亨|半導體業|55 50 19|60 60 12 79|0.6 13|0 -0 0 -7 300
6405 悅城|光電業|-24 -31 16|93 93 8 18|0.4 6|0 -2 0 -7 93
6409 旭隼|其他電子|-27 -22 -30|78 78 -8 1|1.4 213|67 -10 -3 -4 -2
6411 晶焱|半導體業|23 -2 35|84 84 9 -5|1.1 150|7 -3 1 1 6
6412 群電|電子零組|-14 -11 0|91 91 38 52|4.3 192|14 -3 1 9 70
6414 樺漢|電腦及週|5 14 -15|85 85 -2 18|1.0 633|26 -8 3 -23 10
6415 矽力*-KY|半導體業|-45 -45 -13|47 51 -22 -50|0.7 901|90 3 -1 -10 -15
6416 瑞祺電通|通信網路|-27 -21 -19|74 74 -12 -7|0.8 30|1 -6 -1 1 34
6417 韋僑|通信網路|27 34 6|64 64 -15 33|0.3 152|9 1 -1 -30 -31
6426 統新|通信網路|-29 -49 -18|75 86 12 7|0.4 25|6 -1 0 9 31
6435 大中|半導體業|1 -22 12|80 91 0 -7|0.6 6|1 1 0 -7 -6
6438 迅得|其他電子|-22 -6 -23|80 80 -11 7|0.8 104|17 -6 0 -30 80
6441 廣錠|電腦及週|14 60 36|74 74 -0 -15|0.2 23|1 -0 0 -13 3
6442 光聖|通信網路|-38 -20 -11|80 80 30 33|1.3 53|31 -0 0 13 -4
6443 元晶|光電業|-19 13 -11|72 76 -13 -18|0.9 162|16 -6 -0 -4 23
6446 藥華藥|生技醫療|28 44 -216|52 62 -6 -37|0.8 864|13 0 -1 na 52
6449 鈺邦|電子零組|75 41 42|93 93 28 48|3.8 17|1 2 0 366 21
6451 訊芯-KY|半導體業|-9 -9 -49|76 76 21 16|0.5 112|65 -10 0 14 10
6456 GIS-KY|光電業|-47 -38 -17|73 80 -6 -18|0.7 62|48 -17 0 1 15
6461 益得|生技醫療|717 299 256|63 74 -14 -10|0.5 6|1 0 0 -19 na
6462 神盾|半導體業|12 47 37|74 74 6 19|0.8 51|12 -1 0 -27 -1
6469 大樹|生技醫療|13 6 -11|100 100 23 42|1.8 174|9 6 -0 -12 -5
6470 宇智|通信網路|-11 -15 -35|77 77 19 27|0.5 163|5 0 -0 -7 5
6472 保瑞|生技醫療|144 148 -99|89 89 16 68|1.0 2177|15 2 -0 -10 31
6477 安集|光電業|-63 -8 -33|74 76 -15 -5|0.8 30|1 -5 -4 -7 9
6485 點序|半導體業|-4 -5 16|76 76 -5 18|0.3 71|7 -5 0 -10 19
6486 互動|通信網路|-13 -5 -10|92 92 4 11|0.5 13|2 -2 0 -18 -16
6488 環球晶|半導體業|-4 -1 -12|88 89 3 -9|0.9 786|24 -10 2 -6 36
6491 晶碩|生技醫療|8 16 7|76 77 1 -19|0.7 194|6 -12 -2 -7 17
6492 生華科|生技醫療|0 0 na|60 70 -13 -28|0.8 6|4 2 0 na na
6499 益安|生技醫療|-29 24 -179|78 88 -7 -8|0.5 7|12 0 0 -11 -18
6505 台塑化|油電燃氣|-30 -34 -32|92 92 -6 0|0.9 160|7 -2 1 10 -2
6508 惠光|農業科技|-70 -53 -24|76 91 -1 -2|0.9 8|1 -7 0 0 9
6509 聚和|化學工業|-22 -23 -18|79 79 -9 -18|0.9 26|2 -4 0 -2 2
6510 精測|半導體業|-20 -33 -17|78 78 7 -16|0.3 113|7 -3 1 -9 6
6515 穎崴|半導體業|-38 -9 -54|67 67 -6 17|0.8 961|15 0 -10 56 35
6517 保勝光學|光電業|22 -6 -18|na 47 -43 47|0.4 54|3 -5 0 na -28
6523 達爾膚|生技醫療|3 36 31|87 87 7 27|0.6 52|6 -1 0 -2 12
6525 捷敏-KY|半導體業|-27 -27 -15|91 91 -1 1|0.8 8|12 -2 -0 2 2
6527 明達醫|生技醫療|6 7 -11|77 77 25 75|0.6 61|0 -1 0 na na
6530 創威|通信網路|-5 -4 4|72 72 16 19|0.6 18|1 -1 0 34 34
6531 愛普*|半導體業|9 -14 24|84 84 19 36|0.8 1849|18 4 -1 -2 -37
6532 瑞耘|半導體業|28 19 -7|88 88 22 13|0.4 26|3 2 0 11 14
6533 晶心科|半導體業|41 24 -19|69 71 -3 -27|0.7 631|21 -8 -0 1 52
6535 順藥|生技醫療|290 5795 3940|95 95 35 50|0.6 90|1 -3 0 na 133
6538 倉和|電子零組|53 42 20|95 95 49 99|1.1 159|8 -5 4 2 115
6541 泰福-KY|生技醫療|645 516 na|33 49 -13 -38|1.3 7|26 -23 0 na na
6546 正基|通信網路|-38 -43 0|65 86 17 10|0.3 138|4 3 0 7 27
6547 高端疫苗|生技醫療|-100 -100 -0|43 89 7 -13|1.4 87|6 9 -0 12 -0
6548 長科*|半導體業|-25 -24 -10|39 76 -12 5|0.7 114|5 -9 10 -12 26
6550 北極星藥業-KY|生技醫療|-100 -47 19|36 78 -16 -22|0.5 235|71 11 0 -15 -8
6561 是方|通信網路|8 5 -3|99 99 9 39|1.4 60|14 15 0 -33 -12
6568 宏觀|半導體業|-2 -17 -41|67 70 -18 -22|0.6 29|4 -1 0 -17 -7
6569 醫揚|生技醫療|-16 -2 -3|70 70 64 78|1.7 52|3 -1 0 69 25
6570 維田|電腦及週|-20 -5 -22|82 82 -3 28|0.4 30|4 -8 0 -7 68
6576 逸達|生技醫療|-100 528 -3736|61 61 -9 -27|0.6 25|26 -1 0 na na
6577 勁豐|電腦及週|59 92 67|69 69 30 62|0.6 42|4 -1 0 -10 149
6579 研揚|電腦及週|2 -2 -10|71 71 77 88|1.3 249|4 -1 0 -11 90
6585 鼎基|其他|-18 -5 -2|94 94 44 38|1.3 29|11 2 0 7 31
6589 台康生技|生技醫療|-53 -54 -33|60 75 -12 -26|0.7 151|5 -2 -0 -13 -4
6590 普鴻|資訊服務|19 23 -2|84 84 3 59|0.8 8|1 -5 0 na na
6591 動力-KY|電腦及週|36 6 29|83 83 7 22|0.7 20|23 -0 0 5 50
6592 和潤企業|其他|22 25 -0|89 89 20 35|0.7 150|27 -12 2 -48 54
6593 台灣銘板|資訊服務|55 36 33|95 95 40 63|0.6 18|2 -2 0 na 41
6596 寬宏藝術|文化創意|21 112 -538|73 73 2 16|0.6 11|1 -7 0 -15 71
6603 富強鑫|電機機械|13 -15 -7|82 87 -3 -8|1.3 7|1 -1 0 3 -1
6605 帝寶|汽車工業|-10 5 -4|91 91 23 52|2.8 71|20 8 -0 9 11
6609 瀧澤科|電機機械|-38 -22 -22|84 84 8 -5|0.9 14|54 -6 0 33 10
6612 奈米醫材|生技醫療|17 19 -5|71 71 -18 1|0.5 22|27 -2 0 -15 7
6613 朋億*|其他電子|-2 17 -6|77 100 27 36|2.4 33|5 5 0 64 -36
6625 必應|其他|512 379 160|68 68 7 115|0.2 81|5 5 0 -15 15
6640 均華|半導體業|-12 -40 -16|88 88 46 35|0.9 10|0 -0 0 na na
6643 M31|半導體業|51 25 -8|83 83 54 57|0.8 999|27 -0 -1 17 -10
6664 群翊|電子零組|9 1 -9|93 93 28 40|0.6 69|5 -0 0 -4 -11
6667 信紘科|其他電子|-3 -1 -14|92 92 10 28|1.4 11|5 -5 0 -1 -4
6668 中揚光|光電業|-50 -43 -28|78 78 -8 -12|0.2 7|20 -2 -0 2 16
6669 緯穎|電腦及週|-19 -26 -58|74 74 57 102|1.4 9462|31 -4 1 -5 -58
6670 復盛應用|運動休閒|-39 -42 -52|85 85 0 -5|0.5 63|20 -16 -0 -14 -2
6672 騰輝電子-KY|電子零組|7 -5 22|100 100 29 29|4.3 47|34 -0 0 26 13
6679 鈺太|半導體業|-12 -23 17|87 87 30 23|0.8 317|10 4 -12 41 26
6683 雍智科技|半導體業|-12 -13 -10|79 80 3 -7|0.8 63|10 -4 -2 na -20
6684 安格|半導體業|-1 -21 30|70 79 10 -6|1.4 16|1 -2 0 53 174
6689 伊雲谷|數位雲端|12 10 6|na 77 -13 -4|0.3 111|13 -1 0 na 38
6690 安碁資訊|數位雲端|16 14 -29|75 75 -10 15|0.3 53|2 -1 0 na 0
6691 洋基工程|其他電子|9 21 -13|94 94 25 58|0.3 115|4 -15 0 6 38
6695 芯鼎|半導體業|-7 -21 -1|na 77 -6 -18|0.4 8|0 -4 0 2 84
6697 東捷資訊|資訊服務|-14 -9 -10|69 69 32 50|0.3 16|0 -1 0 na na
6703 軒郁|生技醫療|97 75 21|87 87 37 185|1.2 108|16 -5 0 na 9
6706 惠特|光電業|-68 -70 2|54 61 -18 -29|1.3 20|6 2 0 -11 -6
6712 長聖|生技醫療|7 4 -4|74 83 -15 -16|1.2 125|4 -1 -1 -6 7
6715 嘉基|電子零組|-32 -39 -40|68 68 -14 -8|0.4 19|1 -5 -7 -3 -6
6719 力智|半導體業|-60 -60 -14|63 63 -18 -24|0.8 288|7 6 -4 1 -23
6728 上洋|居家生活|33 11 6|84 84 1 16|1.8 7|1 -6 0 na 533
6732 昇佳電子|半導體業|45 23 46|73 73 -4 9|0.9 147|7 6 -3 -15 -18
6733 博晟生醫|生技醫療|142 548 258|76 76 -2 54|0.6 22|2 -8 0 na na
6741 91APP*-KY|數位雲端|11 11 -2|68 68 -26 -9|0.5 112|61 -3 -3 -12 37
6743 安普新|其他電子|-23 -34 -11|65 65 -7 17|0.5 24|4 -5 0 -26 -15
6747 亨泰光|生技醫療|10 -7 -9|73 73 -12 -1|0.3 34|4 -13 -5 na 9
6751 智聯服務|資訊服務|33 24 3|69 69 -14 107|0.5 15|0 -1 0 na na
6752 叡揚|資訊服務|11 7 -13|74 74 -17 69|0.6 75|1 -1 0 na 178
6753 龍德造船|航運業|-6 -8 -99|na na -12 na|1.1 154|1 0 0 na 264
6756 威鋒電子|半導體業|-7 -19 23|78 82 1 -0|0.7 113|4 -3 -1 -2 -8
6763 綠界科技*|數位雲端|12 9 0|77 77 -12 -9|0.2 14|4 4 0 na -6
6768 志強-KY|運動休閒|-45 -34 -110|72 92 -2 -5|0.4 6|66 -18 0 -1 -5
6770 力積電|半導體業|-49 -50 -17|76 82 -6 -14|0.9 391|13 -21 12 2 29
6776 展碁國際|電子通路|2 2 7|86 86 8 46|0.5 19|3 1 0 3 78
6781 AES-KY|電子零組|-48 -44 -32|59 75 -3 -22|0.5 323|74 -3 -19 10 -9
6782 視陽|生技醫療|-5 -16 -17|na 45 -23 -48|0.8 75|4 3 -3 na -10
6788 華景電|半導體業|0 -14 -23|78 78 11 9|0.7 131|4 1 0 -2 45
6789 采鈺|半導體業|-14 -24 0|63 74 -1 -14|0.5 216|10 -6 -0 -8 10
6790 永豐實|造紙工業|2 -1 -7|98 98 12 11|1.1 8|2 -10 0 -7 111
6791 虎門科技|資訊服務|16 16 4|na 67 -27 91|0.2 7|11 -1 0 na na
6792 詠業|通信網路|17 4 21|90 93 10 20|1.0 8|2 6 0 -18 3
6796 晉弘|生技醫療|2 20 13|78 78 19 14|1.0 137|23 -0 0 23 17
6799 來頡|半導體業|-11 -15 4|75 75 4 6|1.0 121|12 4 -7 14 9
6803 崑鼎|綠能環保|14 15 -2|96 96 2 23|1.8 14|3 -4 0 15 19
6804 明係|運動休閒|27 33 -46|79 79 -13 20|0.7 6|10 -1 0 -33 20
6806 森崴能源|綠能環保|620 228 147|75 75 -10 9|0.6 236|2 -4 -6 -9 -9
6811 宏碁資訊|數位雲端|-6 -2 -10|na 77 24 125|0.2 191|3 1 4 29 -1
6829 千附精密|半導體業|-22 -23 1|75 75 -10 45|0.3 58|1 -2 2 -1 38
6830 汎銓|其他電子|6 13 -1|na 92 27 45|0.8 129|7 1 1 -11 158
6841 長佳智能|生技醫療|223 77 -107|na na 16 na|1.2 537|2 -0 -0 na -21
6854 錼創科技-KY創|半導體業|216 192 117|na 84 4 0|0.3 11|46 -10 0 na na
6861 睿生光電|生技醫療|-5 -2 -4|na na -1 na|0.8 55|1 0 0 na na
6863 永道-KY|通信網路|-5 7 na|na na -14 na|1.0 43|76 -3 -1 na na
6869 雲豹能源|綠能環保|-22 96 -338|na na -6 na|0.4 12|0 -2 0 na na
6873 泓德能源|綠能環保|20 145 44|na na -16 na|0.8 12|3 -8 0 na na
6874 倍力|資訊服務|54 14 -15|na 62 -25 126|0.7 153|1 -0 0 na 3
7402 邑錡|光電業|6 -6 6|90 90 34 134|0.5 46|5 -1 0 na 100
8011 台通|通信網路|30 12 9|81 81 -9 14|0.3 16|5 -11 0 31 26
8016 矽創|半導體業|3 4 28|100 100 18 23|1.4 312|28 -1 7 7 -18
8021 尖點|其他電子|-20 -25 -0|83 83 -1 -2|1.1 60|6 -3 0 -14 -1
8027 鈦昇|電機機械|-11 -47 -19|92 92 54 36|3.3 201|5 -1 0 5 38
8028 昇陽半導體|半導體業|8 24 6|80 87 2 -1|0.6 163|12 -5 -2 1 32
8033 雷虎|其他|-27 -8 -7|72 72 -10 26|0.4 113|1 -1 0 na na
8034 榮群|通信網路|187 480 305|77 77 22 31|0.9 13|4 -1 0 -6 151
8038 長園科|電子零組|-69 316 -452|66 66 -27 -8|0.7 27|3 -1 0 na na
8039 台虹|電子零組|14 4 17|100 100 9 9|1.4 12|13 26 0 20 -38
8040 九暘|半導體業|-51 -46 -31|69 80 3 -19|0.4 9|1 -2 0 2 21
8044 網家|數位雲端|-9 -16 -4|62 62 -18 -35|1.1 32|11 0 0 8 1
8046 南電|電子零組|-40 -40 -35|82 82 -12 9|0.6 1266|9 1 -3 -0 -2
8048 德勝|通信網路|94 91 31|74 74 69 125|0.5 177|3 -4 0 -2 392
8049 晶采|光電業|-24 -11 -28|94 94 11 25|1.9 36|8 -11 0 3 20
8050 廣積|電腦及週|5 3 -22|97 97 35 34|1.5 1079|2 -2 2 2 71
8054 安國|半導體業|-9 -0 -9|79 85 4 -5|0.4 19|2 -1 0 -23 37
8059 凱碩|通信網路|-85 -80 -30|75 75 3 36|0.3 9|2 -1 0 33 8
8064 東捷|光電業|24 -4 -11|91 91 -0 11|0.5 8|7 -15 0 9 81
8069 元太|光電業|-3 -5 -41|84 87 9 8|0.7 1394|37 5 -3 -8 4
8070 長華*|電子通路|-29 -30 -10|83 83 -7 -2|0.8 28|10 -3 0 -13 -15
8071 能率網通|電子零組|-14 -18 1|80 88 6 6|0.2 8|2 -2 0 -18 24
8076 伍豐|電腦及週|-2 -8 -1|81 81 -3 13|0.2 63|5 1 0 -10 -4
8081 致新|半導體業|14 2 23|100 100 36 49|2.9 119|27 12 10 4 12
8083 瑞穎|電機機械|-33 -40 6|88 97 9 -0|1.0 8|1 2 0 -17 12
8084 巨虹|電子通路|-53 -50 -68|67 75 -8 -6|0.7 15|0 0 0 na -58
8085 福華|其他電子|-36 -25 -27|89 89 25 118|0.6 44|5 3 0 5 245
8086 宏捷科|半導體業|13 5 44|89 89 20 20|1.2 259|8 1 1 -13 -23
8087 麗升能源|綠能環保|323 237 6|64 64 36 62|0.4 36|5 3 0 na na
8088 品安|半導體業|17 -2 2|90 90 12 40|0.3 41|10 -1 0 -14 43
8091 翔名|半導體業|-12 1 -0|84 84 3 6|0.3 28|5 -4 0 -12 27
8092 建暐|其他電子|31 23 1|88 88 12 6|0.5 6|1 1 0 na -75
8093 保銳|電子零組|-51 70 45|64 64 22 62|0.6 32|2 1 0 na na
8097 常珵|通信網路|-99 -85 -245|67 85 -4 -8|0.5 13|1 -2 0 1 28
8099 大世科|資訊服務|-11 -2 0|77 77 5 32|0.1 12|1 -5 0 7 45
8103 瀚荃|電子零組|-20 -25 3|95 95 5 17|2.3 20|8 2 0 18 -11
8104 錸寶|光電業|-28 -24 -53|81 81 -6 -4|1.0 10|1 -15 0 -11 18
8105 凌巨|光電業|-19 -16 -9|85 85 1 -3|0.6 50|62 1 0 6 15
8109 博大|電子零組|15 16 -9|94 94 21 25|2.2 100|2 -0 -0 526 65
8110 華東|半導體業|-36 -33 -19|89 89 5 9|0.6 19|3 -4 0 34 -17
8112 至上|電子通路|-5 -11 19|100 100 26 50|2.2 247|25 17 6 27 -24
8114 振樺電|電腦及週|-25 -16 -18|64 86 4 -7|0.4 44|6 -1 -4 -18 1
8121 越峰|電子零組|-22 -25 -12|75 75 -14 -7|0.6 10|0 5 0 na -26
8131 福懋科|半導體業|-39 -32 -19|94 94 1 4|1.0 15|6 -16 0 -10 47
8147 正淩|電子零組|-5 -18 -17|81 81 17 11|0.3 21|3 3 0 -20 -9
8150 南茂|半導體業|-6 -15 11|96 96 4 12|1.0 75|40 6 -1 4 -10
8155 博智|電子零組|-17 -22 -9|78 78 9 19|1.3 533|2 -5 -1 38 -8
8163 達方|電腦及週|-6 -8 -0|91 91 -1 10|0.9 31|13 -15 -0 -12 1
8171 天宇|綠能環保|-65 -45 -78|62 62 -21 -31|0.6 20|1 -3 0 -12 9
8183 精星|其他電子|-11 -7 -27|75 86 -2 -7|0.6 27|0 1 0 -7 -11
8201 無敵|其他電子|6 6 16|78 78 65 94|0.8 37|1 0 0 -80 na
8210 勤誠|電腦及週|-30 -24 -18|77 77 124 138|0.7 1093|5 -0 0 9 10
8213 志超|電子零組|23 5 32|96 96 19 22|0.5 44|24 28 0 4 -12
8215 明基材|光電業|20 18 18|85 85 12 8|0.8 169|6 1 -0 -13 -33
8222 寶一|電機機械|29 42 -1|68 68 -16 31|0.2 138|3 -1 -0 -0 15
8227 巨有科技|半導體業|59 46 -2|na 72 -6 30|0.7 222|2 -4 0 1 11
8234 新漢|電腦及週|-35 -25 -18|75 75 31 54|0.5 193|7 -3 0 57 45
8249 菱光|電子零組|-33 -18 -28|85 85 8 17|1.3 19|3 -0 0 4 5
8255 朋程|電機機械|47 41 15|90 90 7 4|1.5 250|6 -4 -1 4 16
8261 富鼎|半導體業|-25 -36 -2|78 80 -7 -17|0.5 54|5 -4 0 -2 7
8271 宇瞻|半導體業|-22 -19 -10|82 82 11 20|0.3 43|9 -16 -0 -9 43
8289 泰藝|電子零組|-56 -45 -23|70 70 -10 -9|0.7 11|1 -6 0 0 1
8299 群聯|半導體業|-36 -36 -3|85 85 1 4|1.1 813|37 11 -12 -4 -12
8341 日友|綠能環保|-11 -12 -5|73 82 -9 -15|0.9 55|9 -10 -4 18 14
8349 恒耀國際|鋼鐵工業|6 13 2|77 88 -3 -5|0.7 8|1 -22 -3 -10 25
8358 金居|電子零組|-22 -32 -6|83 83 11 -7|0.5 497|7 -2 0 26 34
8383 千附|半導體業|-50 -45 -33|85 85 -2 1|0.5 7|6 -6 0 -12 4
8390 金益鼎|綠能環保|25 0 -6|81 81 14 37|2.8 135|2 -1 0 40 75
8403 盛弘|生技醫療|-9 -12 -4|78 78 -3 5|0.4 55|2 0 0 -12 2
8409 商之器|生技醫療|-19 -6 6|77 77 25 42|0.9 27|0 -0 0 na na
8410 森田|電腦及週|27 17 23|100 100 52 89|1.6 14|2 1 0 12 17
8415 大國鋼|鋼鐵工業|-9 -6 -11|89 90 -1 -9|0.4 7|10 -8 -2 -12 -2
8420 明揚|運動休閒|-16 5 -23|80 80 -14 3|1.3 35|2 -8 0 -21 49
8422 可寧衛*|綠能環保|-60 -17 -47|89 89 -5 4|1.3 46|11 -12 4 3 31
8426 紅木-KY|其他|67 105 32|71 71 4 60|0.2 18|69 2 0 -10 1
8431 匯鑽科|其他電子|-25 -25 6|87 87 -3 17|0.3 10|1 -15 0 4 31
8433 弘帆|居家生活|-1 7 14|91 91 41 40|2.3 39|1 -1 0 64 -18
8436 大江|生技醫療|10 7 3|74 74 -3 -13|0.6 143|23 -4 0 -8 13
8440 綠電|綠能環保|6 10 7|68 76 -10 -14|0.6 8|1 1 0 -7 31
8442 威宏-KY|其他|-8 -10 -35|89 89 -2 11|0.8 8|62 2 0 43 -9
8446 華研|文化創意|22 24 -4|71 71 7 34|0.5 44|8 4 0 -13 37
8454 富邦媒|數位雲端|7 5 -6|68 68 -13 -16|1.0 389|24 -13 -1 1 53
8462 柏文|運動休閒|28 31 -3|93 93 6 10|0.4 8|1 -21 0 9 46
8464 億豐|居家生活|-11 -16 -3|88 88 -5 0|1.0 147|43 -2 3 -1 -13
8476 台境*|綠能環保|-53 2 -138|94 94 1 8|0.6 12|3 -3 0 -7 27
8478 東哥遊艇|運動休閒|34 19 -1|69 69 -9 37|0.9 893|46 0 -1 -14 57
8916 光隆|其他|-20 -12 -22|87 97 7 7|0.7 18|3 -12 -6 -14 10
8924 大田|運動休閒|-34 -46 -28|69 69 -10 -18|0.7 18|4 -7 0 -2 1
8926 台汽電|油電燃氣|93 113 79|83 83 -4 41|0.8 201|7 -2 -1 -20 32
8927 北基|油電燃氣|10 14 3|98 98 11 31|0.7 45|1 -3 0 -12 8
8930 青鋼|鋼鐵工業|38 22 13|100 100 49 82|4.8 13|5 -1 0 104 30
8931 大汽電|油電燃氣|-22 4 -51|60 60 -25 -1|0.9 10|1 -5 0 -6 -9
8932 智通*|數位雲端|5 10 24|90 90 20 60|1.9 46|31 5 0 11 4
8936 國統|其他|38 16 27|82 82 23 41|0.8 206|12 0 0 -18 2
8938 明安|運動休閒|-50 -46 -48|67 67 -9 -18|1.0 48|8 -17 1 -15 11
8940 新天地|觀光餐旅|146 212 70|69 69 -13 48|0.3 7|9 -3 0 na na
8942 森鉅|其他|8 2 3|97 97 23 34|3.3 20|23 3 0 104 14
8996 高力|電機機械|61 90 19|69 69 41 24|0.8 364|16 -1 1 -1 -0
9802 鈺齊-KY|運動休閒|-18 -28 -47|62 88 5 -3|0.5 87|38 -8 -11 0 2
9904 寶成|運動休閒|-17 -12 -20|93 93 3 -4|0.5 104|48 26 -21 -13 -63
9906 欣巴巴|建材營造|26 70 -30|91 91 21 23|0.8 6|1 3 0 -7 2
9907 統一實|其他|-32 -23 -7|88 88 -5 6|0.6 35|17 -12 -1 -13 36
9910 豐泰|運動休閒|-8 -13 -39|95 95 6 8|1.4 474|16 -16 12 -16 57
9911 櫻花|居家生活|1 0 1|98 98 4 4|1.0 8|17 -18 -4 -1 9
9914 美利達|運動休閒|-16 -17 -35|93 97 25 16|0.5 136|38 -0 1 9 -6
9917 中保科|其他|15 14 3|94 94 2 13|0.7 45|42 25 -2 6 -38
9919 康那香|其他|-24 -5 4|100 100 15 18|0.5 76|9 9 0 -5 0
9921 巨大|運動休閒|-29 -15 -17|86 90 8 3|0.7 227|45 -8 11 -2 -32
9925 新保|其他|1 6 4|99 99 1 6|0.9 11|18 -4 0 1500 16
9927 泰銘|其他|-2 -4 5|84 84 20 41|5.1 67|11 -4 0 263 89
9930 中聯資源|綠能環保|6 8 2|98 98 5 18|0.6 6|2 -14 0 -31 0
9933 中鼎|其他|5 12 -1|85 92 3 -5|0.8 51|13 -2 -0 -0 5
9934 成霖|居家生活|3 -6 -2|97 97 6 11|3.9 6|15 -5 0 12 7
9938 百和|其他|-23 -33 -12|78 84 -4 -16|1.1 77|18 -27 -2 10 57
9939 宏全|其他|5 6 -8|94 94 6 15|0.8 124|24 5 -2 2 1
9941 裕融|其他|16 17 -0|93 93 8 21|0.9 228|6 -8 -0 4 95
9942 茂順|其他|18 22 -0|90 90 -9 22|1.0 89|8 -9 -7 -11 -12
9943 好樂迪|觀光餐旅|19 59 -706|90 90 20 44|0.3 35|3 -0 -0 -3 -2
9944 新麗|其他|-33 -28 -15|86 86 -6 1|0.6 6|2 -1 0 20 66
9945 潤泰新|其他|-41 -6 -16|74 79 -0 -20|0.9 144|13 -10 0 -15 11
9951 皇田|電機機械|14 18 -2|94 94 9 13|1.6 35|9 8 3 38 3
9955 佳龍|綠能環保|6 25 38|75 75 -17 8|1.3 17|1 -2 0 -8 5
9958 世紀鋼|鋼鐵工業|83 84 50|87 87 45 48|0.8 1110|17 6 0 -18 -21
9962 有益|鋼鐵工業|-11 -5 -18|78 78 -12 -3|0.8 5|2 -20 0 9 23
