# 2025-04 月中(2025-04-11,上月月報甫公佈)全池量化快照(1174 檔)。欄位:代碼 名稱|產業|最新月YoY 3月YoY均 加速度|距52週高% 距120日高% 60日漲% 120日漲%|量能比 日均值M|外持% 外20 投20 資20 券20(外資持股比;外資/投信20日淨買佔成交值%;融資/借券餘額20日變化%)
1101 台泥|水泥工業|-0 53 -3|85 85 -5 -9|2.9 564|17 -2 2 3 12
1102 亞泥|水泥工業|2 3 3|95 95 13 -4|1.7 493|22 32 -7 -8 38
1103 嘉泥|水泥工業|4 8 5|80 81 -12 -17|1.3 8|5 -12 0 2 5
1104 環泥|水泥工業|-6 2 1|75 87 -2 -10|2.2 10|15 -5 -1 -8 -7
1108 幸福|水泥工業|-9 4 9|86 91 -3 -6|3.1 6|1 -3 0 -20 2
1110 東泥|水泥工業|24 29 -5|69 77 -16 -23|2.4 8|6 -9 0 -11 8
1201 味全|食品工業|-0 -2 -8|87 91 -7 -9|3.9 6|7 0 0 -13 7
1210 大成|食品工業|2 2 6|97 97 10 9|2.6 111|10 23 12 -22 -27
1215 卜蜂|食品工業|-2 -3 1|85 93 6 -2|3.3 35|39 11 2 -28 -7
1216 統一|食品工業|7 6 -4|86 86 -2 -11|2.8 647|38 -7 13 85 112
1217 愛之味|食品工業|8 2 -3|87 94 -1 -6|2.5 9|8 -14 0 -5 2
1218 泰山|食品工業|-5 -8 -1|82 89 -1 -5|3.1 21|3 4 0 -20 3
1220 台榮|食品工業|-6 4 1|70 70 -20 -18|1.8 8|8 -14 0 -34 32
1227 佳格|食品工業|-3 5 3|79 87 -7 -13|2.5 14|7 3 0 -4 -9
1229 聯華|食品工業|-36 -18 -11|64 73 -13 -26|2.0 58|10 -2 0 -6 -14
1231 聯華食|食品工業|10 7 -6|73 73 -10 17|1.3 65|4 -7 0 -26 35
1232 大統益|食品工業|1 -3 1|97 97 5 -1|3.9 12|2 -6 0 214 2
1264 德麥|食品工業|6 9 -6|88 88 -5 -5|4.6 7|2 -3 0 0 0
1301 台塑|塑膠工業|-3 0 -2|49 70 1 -31|0.7 718|27 -1 1 -15 1
1303 南亞|塑膠工業|7 13 7|52 69 2 -33|1.2 510|26 -19 4 -29 46
1304 台聚|塑膠工業|5 2 1|58 68 -5 -35|0.8 27|29 -2 0 -23 4
1305 華夏|塑膠工業|-15 -14 2|56 63 -9 -38|1.2 12|5 -3 0 -21 8
1307 三芳|塑膠工業|9 16 5|64 64 -8 -11|0.5 64|20 2 -8 -55 -16
1308 亞聚|塑膠工業|16 -0 9|62 62 -7 -30|1.1 10|5 2 -2 -30 2
1309 台達化|塑膠工業|11 13 -12|51 58 -17 -45|1.3 12|2 3 -3 -36 -2
1312 國喬|塑膠工業|189 85 52|65 79 -1 -25|1.5 35|7 -6 0 -12 -2
1316 上曜|建材營造|233 252 65|70 82 3 -3|1.3 744|4 0 0 4 51
1319 東陽|汽車工業|12 22 11|89 89 14 22|2.1 594|18 7 4 -48 13
1321 大洋|塑膠工業|-17 -6 -7|77 88 2 -7|1.4 10|7 2 0 -29 -16
1325 恆大|塑膠工業|22 -9 12|59 59 -26 -15|0.2 8|2 11 0 -41 0
1326 台化|塑膠工業|-8 -6 -10|44 61 -6 -40|1.0 442|32 5 -14 -21 4
1336 台翰|電子零組|16 15 -1|67 67 -19 -26|1.5 18|6 -3 0 -6 5
1342 八貫|其他|24 26 20|64 80 -9 -8|1.6 28|29 -2 0 -21 23
1402 遠東新|紡織纖維|-3 -2 -6|83 85 2 -14|1.5 228|19 -10 16 -11 8
1409 新纖|紡織纖維|-7 -3 -14|69 76 -16 -23|2.0 24|13 -9 0 -29 27
1414 東和|紡織纖維|-3 -4 3|64 64 -33 -27|1.1 9|2 4 0 -36 -33
1416 廣豐|其他|-1 6 -9|81 82 -11 -17|2.7 5|7 -6 0 -15 -30
1432 大魯閣|運動休閒|6 5 8|71 71 -24 -17|0.8 8|1 -2 0 na na
1434 福懋|紡織纖維|7 8 3|70 80 -9 -19|2.0 23|7 1 0 -16 -1
1436 華友聯|建材營造|3631 3283 795|56 73 -10 -19|1.4 89|3 -6 3 -45 47
1438 三地開發|建材營造|na na na|41 56 -33 -37|1.8 5|1 1 0 -42 1
1440 南紡|紡織纖維|-3 -0 5|58 75 -15 -26|2.9 9|7 2 0 -13 2
1442 名軒|建材營造|-30 -4 -596|92 92 10 22|2.3 63|11 7 0 -42 11
1446 宏和|紡織纖維|-31 25 -2386|43 45 -34 -45|1.4 22|4 1 0 -42 5
1449 佳和|紡織纖維|-20 -17 -14|45 45 -43 -26|0.8 12|9 16 0 -35 -7
1451 年興|紡織纖維|-27 -19 -13|83 83 -6 -7|2.0 20|7 11 0 353 8
1457 宜進|紡織纖維|1 -2 -6|71 86 -8 -9|3.8 5|2 -7 0 -12 -12
1463 強盛新|紡織纖維|-19 789 491|64 64 -20 -14|0.8 58|11 3 0 -4 36
1464 得力|紡織纖維|21 43 10|73 73 -15 -5|1.2 33|7 8 0 2 3
1466 聚隆|紡織纖維|-1 19 -2|67 67 11 -0|0.8 25|3 3 0 -18 1
1472 三洋實業|建材營造|50 59 41|93 93 48 63|2.8 23|2 3 0 46 26
1473 台南|紡織纖維|12 8 -0|52 72 -16 -21|1.8 10|6 -4 0 1 -16
1476 儒鴻|紡織纖維|21 23 2|61 61 -30 -34|2.7 347|37 -15 -3 121 114
1477 聚陽|紡織纖維|10 15 5|58 68 -20 -27|1.8 537|21 -5 -4 2 5
1503 士電|電機機械|-0 3 -5|40 61 -29 -36|0.9 221|31 -0 0 -38 26
1504 東元|電機機械|7 0 5|85 90 -6 -0|1.6 249|9 -8 -10 -18 20
1513 中興電|電機機械|1 5 -11|53 74 -20 -24|1.7 552|10 5 -0 -43 7
1514 亞力|電機機械|-10 -0 6|51 75 -11 -25|0.7 405|12 2 0 -34 2
1515 力山|電機機械|-44 -54 -28|48 67 -18 -32|1.9 7|6 -7 0 -28 -1
1519 華城|電機機械|26 54 6|38 57 -29 -38|0.5 2006|18 -4 -1 -23 13
1522 堤維西|汽車工業|6 -3 -5|63 68 -26 -25|1.1 73|7 4 -0 -29 3
1524 耿鼎|汽車工業|11 5 -2|73 73 -11 -6|0.8 241|12 9 0 -32 -55
1527 鑽全|電機機械|3 2 -12|72 75 -16 -26|2.2 11|10 -11 0 -42 -1
1528 恩德|電機機械|-31 -24 -17|55 55 -17 -13|0.4 43|4 7 0 -38 -20
1529 樂事綠能|電機機械|20 145 81|52 71 -15 -29|0.7 22|1 1 0 -13 16
1532 勤美|電機機械|-50 -36 -37|47 66 -18 -32|1.3 30|11 -11 -0 -31 6
1536 和大|汽車工業|-17 -17 -4|59 59 -24 -10|0.3 539|8 -5 -0 -38 16
1537 廣隆|電機機械|1 0 -22|86 86 -8 -8|3.4 26|19 -20 0 -68 9
1540 喬福|電機機械|11 6 -8|53 58 -27 -39|0.3 27|2 2 0 -39 -10
1558 伸興|電機機械|-1 16 4|82 86 -12 -14|2.4 12|7 -5 0 -22 8
1560 中砂|電機機械|10 11 -1|50 50 -36 -44|0.8 254|22 10 -1 -38 -6
1563 巧新|汽車工業|5 -1 4|na 78 -11 -8|1.5 45|2 7 0 -41 -18
1565 精華|生技醫療|-0 3 -2|72 72 -11 -17|2.0 30|17 1 0 -19 4
1569 濱川|電腦及週|29 36 33|69 69 25 44|0.2 1085|3 -1 0 -7 -30
1580 新麥|電機機械|29 20 10|85 85 -9 -10|2.9 8|6 -2 0 -49 7
1582 信錦|電子零組|-11 8 1|62 69 -17 -28|2.3 48|16 -16 -0 -26 -5
1584 精剛|其他|25 14 4|65 76 -0 -26|1.9 251|1 -1 0 12 25
1587 吉茂|汽車工業|22 13 5|34 55 -22 -37|1.7 6|23 14 0 -44 -9
1589 永冠-KY|電機機械|23 32 31|54 67 -18 -33|2.3 9|7 7 0 -28 -15
1590 亞德客-KY|電機機械|20 22 15|62 76 -12 -21|1.7 924|77 7 2 -23 7
1591 駿吉-KY|電機機械|-89 -53 -323|43 57 -38 -24|0.5 5|3 -3 0 -19 -6
1595 川寶|半導體業|25 9 26|41 41 -34 -34|0.8 11|2 2 0 -32 -23
1597 直得|電機機械|-18 4 -1|55 55 -44 -27|0.3 62|6 9 -1 -52 -1
1598 岱宇|運動休閒|8 6 6|65 65 -21 -25|1.2 21|5 -11 0 -21 -11
1603 華電|電器電纜|98 50 24|58 78 -16 -21|2.1 11|3 4 0 -30 -9
1604 聲寶|電器電纜|-1 -1 -7|90 94 -4 -5|4.7 9|8 -11 0 105 15
1605 華新|電器電纜|1 12 9|50 60 -15 -42|0.7 482|16 -3 -5 -32 26
1608 華榮|電器電纜|27 8 -11|50 72 -13 -30|0.6 51|2 -2 0 -30 15
1609 大亞|電器電纜|5 7 -7|53 68 -27 -32|1.2 176|12 -2 -0 -34 15
1611 中電|電器電纜|16 3 13|62 74 -15 -20|1.5 13|10 -10 0 -26 -6
1612 宏泰|電器電纜|5 26 12|67 83 -11 -12|1.9 28|13 -8 0 -28 8
1615 大山|電器電纜|13 14 -6|70 84 -7 -15|2.0 6|1 -2 0 -27 -29
1616 億泰|電器電纜|27 19 5|79 91 15 -0|1.2 62|2 -1 0 0 34
1617 榮星|電器電纜|5 19 -6|52 75 -11 -26|0.8 8|21 -0 0 -19 -14
1618 合機|電器電纜|0 22 -2|55 67 -24 -19|0.4 80|1 -1 0 -36 14
1702 南僑|食品工業|5 5 0|71 79 -8 -23|2.1 29|13 -14 0 -5 24
1707 葡萄王|生技醫療|-4 -3 -8|86 86 -8 -11|3.6 18|16 -7 -0 -19 -9
1708 東鹼|化學工業|-5 7 -6|73 73 -14 -21|1.0 80|15 -11 0 -39 18
1709 和益|化學工業|-2 3 -7|68 74 -14 -27|2.3 9|3 -14 0 -32 -2
1710 東聯|化學工業|48 23 3|70 73 -5 -28|0.9 26|6 -4 0 -31 -0
1711 永光|化學工業|-7 5 -1|57 60 -22 -37|2.4 18|8 7 0 -54 -22
1712 興農|化學工業|-3 -2 -1|88 88 -2 -2|2.3 50|15 1 -1 -12 -30
1713 國化|化學工業|19 -6 -18|84 87 13 -4|1.7 25|5 0 0 -18 6
1717 長興|化學工業|-1 3 -1|75 79 -5 -20|2.0 49|15 -2 0 -8 0
1720 生達|生技醫療|5 4 -4|74 84 -8 -13|3.3 10|4 -11 0 -36 12
1721 三晃|化學工業|-0 -6 -14|42 46 -30 -54|1.2 11|7 0 0 -42 -4
1722 台肥|化學工業|12 2 10|77 83 -2 -12|2.4 58|11 1 -0 -21 -7
1723 中碳|化學工業|-19 -2 -1|73 90 -2 -11|3.2 21|8 -1 0 6 1
1727 中華化|化學工業|-25 4 -17|51 51 -25 -44|0.9 12|4 2 0 -44 6
1733 五鼎|生技醫療|44 30 10|78 83 -4 -1|2.0 14|8 17 0 -21 7
1736 喬山|運動休閒|17 34 6|83 83 -1 12|1.0 200|9 -7 0 -10 21
1760 寶齡富錦|生技醫療|5 -5 -8|58 69 -22 -28|2.0 6|12 14 0 -33 -9
1773 勝一|化學工業|6 5 -6|66 71 -20 -28|1.3 53|6 -23 -10 -39 106
1777 生泰|生技醫療|-3 16 -4|81 81 -7 -10|2.1 15|2 5 0 -2 -1
1783 和康生|生技醫療|82 40 17|73 73 -21 -9|1.1 6|9 -1 0 -62 -3
1784 訊聯|生技醫療|4 -2 -6|46 68 -14 -30|1.5 29|4 15 0 -21 -33
1785 光洋科|其他電子|41 39 5|66 71 -19 -25|1.1 472|13 5 -1 -20 -11
1786 科妍|生技醫療|5 5 -9|66 70 -15 -29|1.4 124|7 5 0 -22 -24
1789 神隆|生技醫療|-6 -23 -19|60 72 -19 -28|2.4 7|4 -4 0 -26 1
1795 美時|生技醫療|38 13 -4|63 73 -20 -19|2.0 230|57 1 1 -26 -8
1799 易威|生技醫療|58 154 -33|26 49 -5 -53|0.9 29|14 -6 0 na na
1802 台玻|玻璃陶瓷|-1 2 8|65 65 -14 -24|0.9 214|5 -1 -0 -51 -6
1808 潤隆|建材營造|-100 -90 -589|24 63 -16 -39|2.0 98|7 -8 0 -20 29
1809 中釉|玻璃陶瓷|7 -0 0|51 63 -22 -34|1.6 8|3 14 0 -32 -12
1810 和成|玻璃陶瓷|3 0 1|77 86 -4 -12|1.3 96|3 -3 -0 1 62
1815 富喬|電子零組|76 82 19|72 72 -2 11|0.2 974|3 1 0 -16 -33
1817 凱撒衛|玻璃陶瓷|18 15 2|92 92 12 9|0.8 8|4 -6 0 11 43
1903 士紙|造紙工業|-15 -3 5|67 81 -10 -19|2.0 8|11 -5 0 -7 -12
1904 正隆|造紙工業|5 3 -5|60 71 -7 -28|1.7 18|9 -10 0 -15 8
1905 華紙|造紙工業|-11 -7 -5|54 67 -20 -35|2.1 18|4 6 0 -30 -1
1907 永豐餘|造紙工業|2 3 -3|79 83 -11 -18|2.3 16|13 -12 -1 -2 4
2002 中鋼|鋼鐵工業|-11 -11 -7|80 83 8 -14|1.0 668|15 7 -2 -0 -17
2006 東和鋼鐵|鋼鐵工業|-4 1 4|82 84 1 -15|1.4 210|17 20 -3 133 -28
2009 第一銅|鋼鐵工業|10 -2 -19|55 70 -10 -24|0.4 176|1 -0 0 -39 6
2010 春源|鋼鐵工業|-0 10 -4|82 88 5 0|2.1 39|8 10 0 -11 -36
2014 中鴻|鋼鐵工業|-23 -37 -9|63 63 -8 -26|0.9 214|6 6 -2 -56 -15
2015 豐興|鋼鐵工業|-10 -7 -4|73 73 -6 -26|1.8 64|13 5 -14 -80 3
2020 美亞|鋼鐵工業|-8 -17 6|61 77 -13 -19|0.9 18|3 -7 0 -42 12
2023 燁輝|鋼鐵工業|7 -5 -2|89 89 4 -3|1.6 31|6 -4 -3 -50 -4
2027 大成鋼|鋼鐵工業|20 13 14|84 84 50 29|0.6 1628|25 16 -3 -14 -62
2029 盛餘|鋼鐵工業|17 15 4|76 85 -0 -11|1.4 13|67 0 0 21 -43
2030 彰源|鋼鐵工業|-5 -3 -1|76 77 -10 -21|1.1 7|3 -0 0 -11 -10
2031 新光鋼|鋼鐵工業|51 53 47|61 70 -7 -30|0.9 37|12 5 -3 -30 -3
2032 新鋼|鋼鐵工業|15 18 7|68 68 11 -12|0.3 19|3 11 0 -27 -12
2034 允強|鋼鐵工業|-3 19 13|74 74 6 -15|0.5 87|8 11 -0 -62 -18
2038 海光|鋼鐵工業|-5 16 7|66 73 -1 -23|0.5 14|2 4 0 -14 -2
2049 上銀|電機機械|0 6 4|53 53 -37 -11|0.6 1546|30 7 -8 -30 -42
2059 川湖|電子零組|78 110 23|71 71 -1 32|1.0 1690|24 5 -2 -13 -2
2061 風青|電器電纜|23 52 7|58 70 -3 -32|0.6 8|2 -0 0 -2 4
2062 橋椿|居家生活|-9 -20 -10|59 64 -24 -38|1.3 21|8 6 -2 -38 3
2065 世豐|鋼鐵工業|-14 1 -5|67 74 -17 -26|2.1 8|1 -15 0 12 91
2066 世德|電機機械|-6 -4 -3|52 63 -15 -27|1.1 30|12 6 -4 -26 -14
2069 運錩|鋼鐵工業|6 10 13|74 77 -4 -23|1.0 5|3 -4 0 -41 -2
2070 精湛|電機機械|9 -1 -19|41 45 -40 -59|0.8 10|5 29 0 -37 -33
2101 南港|橡膠工業|4 5 -79|55 69 -22 -28|2.0 87|7 -4 0 -11 26
2102 泰豐|橡膠工業|36 48 7|68 74 -12 -28|1.9 6|5 -25 0 -29 10
2103 台橡|橡膠工業|28 19 -2|72 74 -7 -28|1.7 17|25 -18 0 -0 -4
2104 國際中橡|橡膠工業|-17 -4 -5|57 65 -16 -36|1.2 20|9 -18 0 83 -0
2105 正新|橡膠工業|-3 -1 -1|84 93 1 -2|1.8 377|13 -11 4 -11 14
2106 建大|橡膠工業|2 7 6|70 79 -8 -21|3.1 10|9 -8 0 -34 -17
2107 厚生|橡膠工業|18 48 20|89 94 -1 -2|3.8 8|7 -9 0 23 -17
2108 南帝|橡膠工業|-5 5 -25|61 75 -17 -20|3.2 13|7 -5 0 -14 -4
2109 華豐|橡膠工業|2 9 1|90 92 -1 -6|3.2 7|15 -10 0 -50 -17
2114 鑫永銓|橡膠工業|6 8 11|85 93 -0 -6|3.4 6|4 0 0 65 -44
2201 裕隆|汽車工業|-11 -13 -13|48 61 -31 -39|1.9 120|7 7 0 -30 2
2204 中華|汽車工業|-29 -34 -21|43 70 -22 -9|1.9 114|21 12 -3 -37 -8
2206 三陽工業|汽車工業|1 -9 -6|83 96 1 -4|4.2 89|10 12 4 2 -21
2207 和泰車|汽車工業|-2 5 4|83 89 -3 -10|2.1 191|23 4 5 -25 -4
2208 台船|航運業|62 7 29|90 97 17 -3|1.9 63|6 8 -0 na -40
2211 長榮鋼|鋼鐵工業|-1 41 8|52 69 -9 -28|1.2 79|8 -18 7 -53 -4
2227 裕日車|汽車工業|-38 -40 -17|42 51 -21 -49|1.7 7|41 -24 -0 na na
2228 劍麟|汽車工業|8 3 1|63 63 -20 -31|2.1 15|8 2 0 -36 3
2230 泰茂|居家生活|-17 58 -103|57 59 -6 -40|1.3 36|2 -3 0 1 -9
2231 為升|汽車工業|-2 -17 -24|59 71 -26 -25|2.3 31|4 -1 -0 -6 -16
2233 宇隆|汽車工業|-5 6 -3|51 51 -46 -9|0.3 98|9 18 -2 -48 -32
2236 百達-KY|汽車工業|569 398 305|61 61 -29 -29|0.6 27|63 -4 0 -27 -16
2241 艾姆勒|汽車工業|5 -5 16|42 61 -22 -29|1.4 16|9 1 0 -16 -5
2247 汎德永業|汽車工業|-14 11 -4|87 88 -3 0|3.0 31|6 -4 7 -8 4
2250 IKKA-KY|汽車工業|0 3 4|58 58 -28 -10|0.2 84|8 3 -0 -25 -30
2254 巨鎧精密-創|汽車工業|-2 142 25|72 80 -13 -1|0.4 5|24 -9 0 2 88
2258 鴻華先進-創|汽車工業|-30 968 56|75 75 -14 -17|0.9 31|0 2 0 na na
2301 光寶科|電腦及週|24 27 24|74 78 -13 -12|1.4 803|27 -10 9 -27 37
2302 麗正|半導體業|21 33 13|70 70 -9 -4|1.0 30|5 -2 0 -21 26
2303 聯電|半導體業|9 6 0|76 84 2 -16|1.4 1964|23 -13 18 -12 8
2308 台達電|電子零組|38 31 18|77 77 -19 -12|1.6 3489|65 4 1 -35 -13
2312 金寶|其他電子|16 28 14|57 57 -25 -11|0.8 144|15 1 0 -22 -16
2313 華通|電子零組|14 9 0|54 68 -31 -24|1.2 409|17 12 -9 -23 -13
2316 楠梓電|電子零組|19 10 12|55 60 -30 -38|1.2 14|28 -0 0 -31 -3
2317 鴻海|其他電子|23 28 6|59 61 -26 -31|3.1 7846|33 -10 -0 -30 -2
2324 仁寶|電腦及週|-2 1 3|68 69 -24 -19|1.8 886|43 -7 0 -13 26
2327 國巨*|電子零組|11 9 -4|54 70 -20 -29|1.7 951|49 -7 -0 -19 17
2328 廣宇|電子零組|10 27 30|64 64 -13 0|0.7 1476|19 0 -0 -30 -0
2329 華泰|半導體業|7 -2 5|42 64 -13 -24|0.9 94|7 3 0 -23 -6
2330 台積電|半導體業|46 42 1|79 79 -17 -11|1.8 35047|72 -12 1 -8 11
2331 精英|電腦及週|-1 3 6|41 61 -29 -37|1.6 30|8 6 0 -42 -8
2332 友訊|通信網路|-11 -6 1|58 58 -34 -16|0.6 89|16 13 0 -38 -19
2337 旺宏|半導體業|7 7 6|63 71 -4 -28|1.1 464|13 -5 0 1 58
2338 光罩|半導體業|-15 -11 -10|37 52 -36 -49|1.5 37|6 4 0 -32 -7
2340 台亞|半導體業|11 1 -5|46 54 -29 -46|1.0 35|9 -3 0 -30 -4
2342 茂矽|半導體業|45 58 11|62 62 -28 -31|1.5 11|7 -8 0 -15 5
2344 華邦電|半導體業|1 -1 -6|56 73 6 -25|0.7 1379|11 -2 0 -54 -24
2345 智邦|通信網路|127 127 64|66 66 -34 -2|1.1 2569|59 -1 -0 -38 -31
2347 聯強|電子通路|-4 -10 -12|75 87 -9 -8|1.5 349|31 14 -0 -39 -1
2348 海悅|其他|66 -18 -57|34 49 -38 -29|0.9 86|2 7 0 -57 -3
2351 順德|半導體業|14 7 3|40 48 -29 -53|1.1 113|11 -8 0 -28 15
2352 佳世達|電腦及週|6 6 4|56 63 -27 -35|2.2 109|11 -3 1 -35 3
2353 宏碁|電腦及週|7 4 -5|54 72 -22 -24|1.7 356|22 8 -9 -39 -6
2354 鴻準|其他電子|281 250 142|56 56 -28 -16|1.1 506|20 3 -1 -44 -23
2355 敬鵬|電子零組|4 -5 -1|56 71 -24 -29|1.4 42|13 -6 0 -39 2
2356 英業達|電腦及週|20 22 -8|67 74 -23 -5|1.4 549|12 -13 7 -38 15
2357 華碩|電腦及週|29 21 -4|72 72 -18 -11|1.4 2896|46 -13 6 2 96
2359 所羅門|其他電子|58 54 49|62 62 -31 -22|0.3 359|5 -0 0 -29 -12
2360 致茂|其他電子|47 57 26|57 57 -25 -33|0.8 447|67 -1 0 -54 2
2362 藍天|電腦及週|-21 -24 -29|64 68 -17 -34|1.4 61|11 11 0 -48 -10
2363 矽統|半導體業|1424 1280 639|44 54 -35 -41|1.3 214|8 10 0 -38 -7
2364 倫飛|電腦及週|51 50 19|54 71 -12 -30|1.1 14|19 6 0 -43 -14
2365 昆盈|電腦及週|14 6 -18|45 58 -34 -41|0.3 89|2 3 -0 -30 -9
2367 燿華|電子零組|-4 5 -15|51 66 -32 -35|1.1 133|9 9 0 -33 -13
2368 金像電|電子零組|51 34 6|68 70 -28 -10|0.9 1020|17 4 -1 -19 31
2369 菱生|半導體業|-4 -11 -2|52 59 -25 -29|1.6 12|14 6 0 -33 3
2371 大同|電機機械|7 -2 2|56 73 -17 -19|1.1 733|8 6 0 -30 -2
2374 佳能|光電業|-7 26 0|58 58 -33 -15|0.3 257|7 7 0 -50 -20
2375 凱美|電子零組|13 12 1|61 61 -24 -22|0.7 42|6 -3 0 -32 11
2376 技嘉|電腦及週|-8 25 -63|61 66 -26 -24|1.3 793|14 -7 10 -38 6
2377 微星|電腦及週|23 12 3|63 63 -31 -25|0.9 577|26 -3 -7 -30 -31
2379 瑞昱|半導體業|31 37 16|90 90 -5 8|1.2 1058|51 -4 9 -9 4
2382 廣達|電腦及週|89 88 36|63 66 -25 -19|1.8 4096|20 -7 1 -33 22
2383 台光電|電子零組|65 69 12|78 78 -19 14|1.1 2288|36 3 -4 -18 12
2385 群光|電子零組|-0 2 -1|69 83 -4 -11|1.3 800|25 -12 4 -24 12
2387 精元|電腦及週|-20 -3 -7|68 68 -19 -13|1.1 60|21 -9 -0 -27 -16
2388 威盛|半導體業|-17 -4 -27|47 49 -32 -51|0.7 276|9 6 -0 -35 -11
2392 正崴|電子零組|1 14 1|52 53 -33 -25|1.3 102|10 16 0 -48 -11
2393 億光|光電業|1 2 -14|83 83 -12 1|1.0 119|23 5 3 -32 -12
2395 研華|電腦及週|26 26 21|80 80 -3 6|1.0 536|38 -7 7 -33 59
2397 友通|電腦及週|33 37 38|63 66 -22 -24|1.4 10|25 -14 0 -17 1
2399 映泰|電腦及週|-8 -19 -4|41 41 -30 -56|0.9 23|9 25 0 -40 -26
2401 凌陽|半導體業|5 19 1|53 65 -28 -34|1.0 32|14 3 -0 -28 -9
2402 毅嘉|電子零組|31 22 6|70 70 -14 -26|1.2 65|7 4 -0 -32 -10
2404 漢唐|其他電子|-16 -3 19|87 87 -6 35|1.8 1269|22 -4 9 -70 1
2405 輔信|電腦及週|4 -2 2|56 68 -25 -22|0.6 58|5 8 0 -30 -16
2406 國碩|光電業|-37 -38 -114|38 56 -26 -45|1.2 14|6 -8 0 -19 21
2408 南亞科|半導體業|-19 -25 -24|44 72 19 -26|0.8 2275|8 -1 2 -16 57
2409 友達|光電業|22 21 6|63 68 -17 -29|1.4 502|21 -15 -1 -20 7
2412 中華電|通信網路|5 2 -1|99 99 5 5|3.7 1215|16 15 5 657 -11
2413 環科|電子零組|-1 5 24|60 60 -27 -16|1.4 7|3 12 0 -16 -18
2414 精技|電子通路|9 24 12|94 95 3 7|3.3 5|5 -4 0 -5 2
2417 圓剛|電腦及週|4 0 1|60 63 -25 -18|0.4 43|2 5 -0 -41 -11
2419 仲琦|通信網路|-28 -8 -18|52 55 -32 -37|1.4 13|2 3 0 -27 2
2420 新巨|電子零組|-8 1 -5|64 64 -19 -34|2.1 19|7 -7 -1 -51 -4
2421 建準|電子零組|41 42 18|58 71 -17 -17|1.0 343|20 9 -0 -52 -31
2423 固緯|其他電子|-3 -0 5|90 90 1 8|2.2 10|6 -4 0 -52 -20
2425 承啟|電腦及週|91 55 50|57 62 -12 -40|0.7 21|7 -3 0 -17 -13
2426 鼎元|光電業|17 11 4|56 56 -36 -41|1.0 15|9 15 0 -46 -11
2427 三商電|資訊服務|-47 -1 -7|62 72 -22 -20|0.6 36|3 1 0 -24 -10
2428 興勤|電子零組|27 22 8|69 71 -16 -27|1.8 17|15 -3 0 -5 13
2429 銘旺科|光電業|-9 201 168|61 61 23 39|0.4 543|9 -0 0 -8 -13
2431 聯昌|電子零組|77 21 36|54 54 -26 -18|1.2 20|6 -4 0 -30 7
2436 偉詮電|半導體業|21 23 13|61 61 -24 -34|1.1 38|6 10 -0 -31 -26
2438 翔耀|光電業|68 55 -186|33 57 -14 -39|0.7 5|1 -3 0 na na
2439 美律|通信網路|14 10 -11|72 80 -3 -11|1.2 337|21 9 1 -32 25
2440 太空梭|電子零組|11 39 -0|66 88 4 -6|2.2 6|0 -0 0 na na
2441 超豐|半導體業|16 12 1|79 79 -10 -10|1.4 27|12 -1 -0 -53 -11
2442 新美齊|建材營造|236 53 -6|56 75 -14 -16|2.1 17|2 2 0 -2 2
2444 兆勁|通信網路|-4 -5 12|60 60 -35 -20|0.6 10|3 -3 0 na na
2449 京元電子|半導體業|24 22 7|59 59 -27 -27|1.0 1243|24 0 -6 -45 -35
2451 創見|半導體業|34 11 12|70 89 9 -8|1.2 147|8 8 -1 -59 -8
2453 凌群|資訊服務|4 5 -2|73 73 -5 5|0.4 342|11 2 -0 -18 -35
2454 聯發科|半導體業|11 15 -4|89 89 1 15|1.5 9675|59 -2 3 -21 -19
2455 全新|通信網路|-10 -5 -12|45 50 -44 -45|1.1 494|27 -4 -5 18 15
2457 飛宏|電子零組|5 -4 4|44 55 -32 -41|1.4 37|10 15 0 -20 9
2458 義隆|半導體業|-9 1 1|67 69 -25 -20|1.9 220|25 -2 -2 8 31
2461 光群雷|其他電子|-4 -6 -1|61 68 -22 -31|2.2 6|6 -0 0 -34 -14
2464 盟立|其他電子|20 22 21|57 60 -35 -34|0.4 172|4 1 -0 -36 -4
2465 麗臺|電腦及週|-11 -12 -8|32 50 -39 -53|0.6 13|1 12 0 -41 na
2466 冠西電|光電業|145 66 30|89 89 24 133|0.8 54|11 0 0 56 -3
2467 志聖|電子零組|14 23 -19|49 50 -38 -49|1.1 58|11 23 0 -59 -11
2468 華經|資訊服務|79 57 37|80 80 103 115|0.1 364|12 2 0 -34 -71
2471 資通|資訊服務|30 23 7|81 81 -3 6|0.6 97|7 3 0 -30 -8
2472 立隆電|電子零組|21 27 5|66 66 -16 -11|0.4 159|12 -2 0 -12 5
2474 可成|其他電子|18 20 8|82 82 -1 -16|1.5 545|35 6 -6 12 31
2476 鉅祥|電子零組|16 20 0|59 70 -20 -23|1.6 87|8 -1 0 -21 -9
2477 美隆電|其他電子|10 42 19|54 54 -22 -31|1.2 9|24 7 0 -48 -30
2478 大毅|電子零組|22 27 10|69 81 -12 -20|3.2 7|6 11 0 -48 -0
2480 敦陽科|資訊服務|16 18 10|79 79 -7 2|1.1 43|9 -16 -0 -63 13
2481 強茂|半導體業|-4 6 6|62 67 -20 -31|1.2 112|12 -1 4 -22 6
2484 希華|電子零組|18 16 15|59 66 -23 -34|2.2 6|5 6 0 -18 -2
2485 兆赫|通信網路|-59 -55 6|50 60 -25 -37|1.5 18|5 -7 0 -23 -30
2486 一詮|光電業|23 17 5|50 54 -33 -36|0.7 644|6 -1 0 -28 9
2488 漢平|其他電子|48 35 3|73 73 -17 -9|0.8 14|11 -13 0 -12 13
2489 瑞軒|光電業|28 23 -16|49 55 -30 -38|1.4 38|11 8 0 -34 -13
2492 華新科|電子零組|8 8 1|58 69 -20 -30|1.5 78|11 8 0 -24 -12
2493 揚博|電子零組|-0 8 -2|66 66 -14 -14|2.0 19|4 3 0 -33 -20
2495 普安|電腦及週|-32 -22 -15|57 57 -30 -35|0.9 24|12 5 0 -40 -1
2496 卓越|其他|4 4 -3|85 85 -1 8|1.6 5|24 -4 0 3 57
2497 怡利電|汽車工業|40 28 2|50 53 -24 -49|1.5 17|8 7 0 -34 -6
2498 宏達電|通信網路|68 20 33|61 61 -24 -27|0.4 255|12 1 0 -24 -9
2501 國建|建材營造|-64 -19 -47|46 73 -19 -24|1.7 23|7 -11 0 -21 13
2504 國產|建材營造|11 6 2|69 69 -17 -21|0.9 131|10 -11 -5 -29 22
2506 太設|建材營造|-62 -34 -35|74 81 -11 -9|2.6 6|5 -6 0 -33 -1
2516 新建|建材營造|5 16 -1|62 62 12 35|0.7 43|6 4 0 na na
2520 冠德|建材營造|-33 7 -44|72 75 -7 -2|1.1 177|21 -3 3 -34 4
2524 京城|建材營造|266 849 495|35 54 -27 -47|3.6 39|2 6 0 -50 -17
2527 宏璟|建材營造|-13 -55 -1526|45 67 -27 -20|2.8 10|43 10 0 -35 -22
2528 皇普|建材營造|3612112 2239734 -435314|63 70 -19 -12|1.7 37|4 10 0 -24 -0
2530 華建|建材營造|-97 271 -37967|57 77 -16 -13|2.4 24|4 -11 0 -16 16
2534 宏盛|建材營造|420 439 295|75 82 -11 -12|2.1 16|8 10 0 -3 -14
2535 達欣工|建材營造|132 39 29|92 92 7 15|2.6 37|7 -7 0 102 45
2536 宏普|建材營造|1952 802 556|74 90 -8 -5|2.7 10|9 7 0 -34 -22
2537 聯上發|建材營造|-100 4132 -19077|37 63 -15 -38|1.2 36|4 -8 0 -16 35
2539 櫻花建|建材營造|835 328 na|72 87 15 21|1.4 109|3 17 0 -13 -51
2540 愛山林|建材營造|-49 -2 -33|38 80 -8 -19|2.0 78|2 3 0 39 10
2542 興富發|建材營造|-86 -70 -88|61 82 -8 -12|1.9 205|11 -7 4 -20 14
2543 皇昌|建材營造|4 3 -7|71 71 1 -15|0.8 701|4 -0 1 -22 20
2545 皇翔|建材營造|-71 198 -113|65 65 -19 -15|2.2 48|7 -16 0 -27 -18
2546 根基|建材營造|29 32 21|62 90 10 6|1.7 9|2 1 0 -20 -10
2547 日勝生|建材營造|-22 -4 1|84 84 11 19|1.7 138|19 16 0 3 -15
2548 華固|建材營造|-1 62 -501|61 79 -10 -20|1.6 122|16 -23 0 -23 33
2597 潤弘|建材營造|18 20 1|69 87 10 19|1.5 64|2 -2 11 -31 16
2603 長榮|航運業|11 25 -40|86 86 -11 9|1.9 3542|21 -10 8 -39 3
2605 新興|航運業|7 -16 -17|65 75 -15 -24|0.8 105|35 3 0 -25 -15
2606 裕民|航運業|-7 -12 -17|67 67 -11 -9|0.8 559|9 1 0 -51 5
2607 榮運|航運業|-10 3 -20|84 87 -8 -5|2.2 57|10 11 -0 -28 -4
2608 嘉里大榮|航運業|3 5 -1|84 87 -7 -9|3.9 5|5 -19 0 -6 2
2609 陽明|航運業|-15 5 -51|82 82 -12 8|1.4 1931|21 13 3 -37 -37
2610 華航|航運業|5 8 -1|81 81 -16 7|1.9 323|21 -7 1 -11 7
2611 志信|航運業|-2 1 -4|55 80 -12 -18|2.0 9|2 -2 0 -16 19
2612 中航|航運業|17 21 2|76 79 -5 -15|1.0 25|3 11 0 -51 -4
2613 中櫃|航運業|1 1 -2|58 75 -22 -18|1.2 9|3 13 0 -37 3
2614 東森|其他|-13 -10 -6|72 84 -2 -14|2.0 8|3 5 0 -1 -21
2615 萬海|航運業|24 34 -34|69 77 -13 -14|0.9 821|42 4 11 -25 -3
2617 台航|航運業|1 -0 -9|66 81 -11 -17|1.5 18|5 3 0 -49 -6
2618 長榮航|航運業|3 6 -2|85 85 -14 11|1.3 1667|24 -24 19 -30 136
2630 亞航|航運業|-4 2 -4|79 88 -9 8|1.0 266|1 1 0 na 3
2633 台灣高鐵|航運業|0 0 -4|86 90 -3 -9|2.9 81|10 -2 1 4 4
2634 漢翔|航運業|-32 -27 -19|80 86 6 0|2.3 1981|3 0 1 13 12
2636 台驊控股|航運業|4 20 -50|62 81 -15 -18|2.2 29|10 -8 0 -27 -13
2637 慧洋-KY|航運業|-26 -25 -33|67 67 -11 -22|0.9 800|9 -6 1 -47 18
2640 大車隊|數位雲端|10 5 0|91 91 0 11|2.1 7|8 -1 0 -45 6
2641 正德|航運業|40 30 9|79 79 6 -1|0.8 125|4 3 0 -26 -26
2645 長榮航太|航運業|24 14 2|78 88 -5 -3|1.2 114|6 3 -2 -27 15
2646 星宇航空|航運業|34 41 na|na na -8 na|1.5 163|2 -11 -0 na na
2707 晶華|觀光餐旅|3 6 12|85 95 8 2|2.7 76|7 -1 0 18 -10
2718 全心投控|建材營造|-79 -93 -323|37 52 -32 -47|1.4 9|1 -1 0 -42 19
2723 美食-KY|觀光餐旅|7 4 7|87 87 -6 0|1.3 24|49 6 0 -10 3
2727 王品|觀光餐旅|3 6 5|86 86 -8 -7|1.7 58|24 -11 -0 -18 7
2731 雄獅|觀光餐旅|13 22 -0|73 82 -6 -9|1.0 36|5 -7 7 -33 -16
2739 寒舍|觀光餐旅|-3 3 1|51 67 -22 -28|1.3 7|3 18 0 -37 -18
2743 山富|觀光餐旅|-15 -5 -19|45 70 -26 -25|1.4 10|1 4 0 -21 -3
2745 五福|觀光餐旅|16 23 -10|63 74 -19 0|1.0 17|2 -5 0 -39 37
2748 雲品|觀光餐旅|-3 -2 -1|65 75 -19 -20|2.1 8|2 7 1 -30 -7
2753 八方雲集|觀光餐旅|16 13 3|100 100 23 23|3.3 73|7 15 3 -5 -18
2755 揚秦|觀光餐旅|24 21 2|83 83 11 17|1.2 7|1 10 0 -42 43
2801 彰銀|金融保險|7 6 -3|94 95 -2 -1|2.4 371|14 4 2 6 -41
2809 京城銀|金融保險|-33 -27 -13|71 88 -6 -13|1.2 110|16 9 -3 -12 29
2812 台中銀|金融保險|2 8 -2|89 89 3 6|2.9 151|11 -3 0 45 25
2816 旺旺保|金融保險|-14 -10 -12|73 79 -13 -16|2.7 7|2 -2 0 -51 -0
2820 華票|金融保險|40 -4 -22|94 96 -1 -1|3.8 12|7 -1 0 13 -8
2832 台產|金融保險|-2 0 -5|90 90 11 15|2.7 44|4 13 0 194 21
2834 臺企銀|金融保險|1 1 -4|73 88 -6 -10|2.5 272|16 -16 -4 -13 31
2836 高雄銀|金融保險|25 19 1|85 93 -3 -6|2.5 11|6 -7 0 -13 4
2838 聯邦銀|金融保險|-37 -6 -11|93 93 6 7|2.9 44|4 2 0 -34 6
2845 遠東銀|金融保險|-5 -4 -2|75 90 -3 -6|2.6 63|9 -7 3 1 9
2850 新產|金融保險|-0 -1 -3|95 95 3 15|2.9 32|10 3 1 -62 -15
2851 中再保|金融保險|-15 -9 -7|89 89 -1 -1|3.0 45|4 -9 0 -28 0
2852 第一保|金融保險|-6 -3 -5|88 88 8 21|2.4 41|7 -3 0 6 19
2855 統一證|金融保險|-75 -55 -114|77 78 -14 -16|1.3 54|10 -25 -1 -18 44
2880 華南金|金融保險|-4 3 -7|94 94 1 5|2.1 364|17 -9 13 3 12
2881 富邦金|金融保險|25 26 -69|85 85 -12 -12|1.9 1382|20 -24 7 8 119
2882 國泰金|金融保險|-31 -9 -22|77 77 -20 -20|2.3 1159|25 -22 8 15 44
2883 凱基金|金融保險|410 150 -65|82 82 -12 -8|2.3 818|27 -10 2 -9 162
2884 玉山金|金融保險|23 26 7|92 92 2 -1|2.2 868|32 -1 9 -3 4
2885 元大金|金融保險|-13 2 -17|81 81 -13 -5|2.0 751|26 -32 14 0 30
2886 兆豐金|金融保險|-30 -15 -15|92 95 -1 -2|2.7 569|19 -4 9 88 15
2887 台新新光金|金融保險|20 17 -12|77 85 -13 -16|3.0 462|18 -12 2 16 6
2888 新光金|金融保險|-113 -52 928|79 85 -10 -12|2.7 575|34 15 0 7 26
2889 國票金|金融保險|-22 -14 -25|73 80 -15 -20|2.0 54|9 -24 -2 -10 16
2890 永豐金|金融保險|-8 13 -2|78 85 -9 -13|2.3 605|23 -15 6 -4 104
2891 中信金|金融保險|37 29 -1|91 91 -4 6|1.9 2102|32 -5 9 -0 303
2892 第一金|金融保險|-11 -2 -8|90 92 -6 -4|2.8 462|23 -20 7 -7 139
2903 遠百|貿易百貨|-3 -4 0|68 83 4 -16|1.0 65|12 3 0 -21 1
2905 三商|貿易百貨|1 -21 -88|61 72 -16 -29|2.3 12|5 -19 0 8 6
2908 特力|貿易百貨|-6 -8 -8|93 94 -2 -5|0.9 11|2 -8 0 -12 7
2912 統一超|貿易百貨|4 4 -2|84 86 -3 -14|2.4 438|23 -15 1 -0 81
2913 農林|貿易百貨|39 41 15|66 71 -23 -27|3.0 13|8 8 0 -24 -4
2915 潤泰全|貿易百貨|4 -7 -17|66 66 -24 -30|1.5 153|8 -7 -1 -31 26
2929 淘帝-KY|貿易百貨|-2 -0 7|63 63 -28 -28|0.7 15|21 5 0 24 -6
3003 健和興|電子零組|-3 -2 -11|52 62 -32 -39|1.0 35|3 20 0 -39 -22
3004 豐達科|鋼鐵工業|15 13 -0|70 78 -13 -11|2.2 20|3 -3 0 -3 -8
3005 神基|電腦及週|29 10 7|65 74 -12 -18|1.3 243|15 9 -6 -26 6
3006 晶豪科|半導體業|-22 -12 -17|46 68 -21 -32|0.9 128|12 -8 0 -22 5
3008 大立光|光電業|42 31 3|65 74 -19 -16|1.6 1584|33 6 -7 -35 -62
3010 華立|電子通路|8 8 -9|60 69 -26 -28|2.1 49|9 -6 -2 -40 15
3011 今皓|電子零組|-13 -9 -8|37 37 -40 -56|0.8 13|6 12 0 -36 -2
3013 晟銘電|電腦及週|42 78 8|49 49 -43 -33|0.3 534|7 5 -1 -33 -19
3014 聯陽|半導體業|5 16 9|66 76 -17 -11|1.5 80|25 -26 -3 -28 13
3015 全漢|電子零組|21 13 16|69 69 -17 -17|0.5 32|11 10 -1 -52 -2
3016 嘉晶|半導體業|-6 -13 -8|43 51 -31 -46|1.2 13|2 -4 0 -24 -2
3017 奇鋐|電腦及週|68 55 27|51 58 -34 -33|0.8 3370|37 -4 -1 -12 13
3019 亞光|光電業|21 27 -5|61 61 -24 13|0.5 2445|23 -3 0 -28 67
3021 鴻名|電子零組|-37 -6 -21|43 43 -36 -43|1.1 5|6 14 0 -66 -47
3022 威強電|電腦及週|27 7 9|65 65 -3 -2|0.4 408|18 -4 -0 -28 37
3023 信邦|電子零組|-4 3 -1|64 67 -21 -25|1.0 369|50 -3 -0 -33 7
3024 憶聲|光電業|77 78 -26|55 61 -30 -28|1.2 19|3 7 0 -16 -13
3025 星通|通信網路|-53 -12 -50|55 55 -39 -42|0.4 19|6 12 0 -35 -11
3026 禾伸堂|電子零組|24 19 13|80 85 -7 -14|1.4 43|13 -2 0 -43 -29
3027 盛達|通信網路|51 26 17|51 63 -13 -32|0.8 19|2 0 0 -8 2
3028 增你強|電子通路|3 7 -3|89 92 9 -3|1.9 15|7 0 0 -1 -17
3029 零壹|資訊服務|27 71 21|68 68 -13 26|0.5 573|10 -1 -1 -45 1
3030 德律|其他電子|9 32 -23|50 63 -21 -33|1.6 134|14 1 -1 -44 18
3031 佰鴻|光電業|-8 -1 -10|66 66 -29 -18|0.7 8|3 -2 0 -32 -10
3032 偉訓|電子零組|36 16 23|57 57 -34 -14|0.3 355|11 -3 0 -22 -14
3033 威健|電子通路|49 42 8|82 85 -8 -12|1.8 96|9 -7 -2 -33 8
3034 聯詠|半導體業|9 12 16|80 91 3 0|1.3 1439|29 -12 16 -19 6
3035 智原|半導體業|312 193 147|56 73 -14 -23|1.2 1507|14 3 6 -32 -1
3036 文曄|電子通路|32 31 -28|55 76 -22 -17|1.3 349|12 3 -10 -26 26
3037 欣興|電子零組|19 14 -0|36 44 -48 -43|1.1 1346|28 -1 -1 -38 -17
3038 全台|光電業|-20 -17 0|67 77 -19 -13|1.7 9|5 -6 0 -6 -18
3040 遠見|其他|3 1 10|78 78 -20 -9|1.8 13|17 -2 0 -6 -5
3041 揚智|半導體業|-20 -17 -30|54 56 -39 -38|0.3 26|10 1 0 -16 4
3042 晶技|電子零組|13 15 -1|70 70 -18 -23|1.2 72|10 -13 -6 -42 18
3044 健鼎|電子零組|15 15 1|71 80 -17 -12|1.6 377|36 3 4 -19 13
3045 台灣大|通信網路|1 -0 -6|98 98 4 4|3.6 540|16 9 10 104 46
3046 建碁|電腦及週|21 13 -4|63 72 -14 -28|2.7 7|3 -2 0 -6 -3
3047 訊舟|通信網路|68 32 -41|41 52 -36 -48|0.9 34|9 17 0 -42 -16
3048 益登|電子通路|17 20 9|43 52 -26 -48|1.7 14|5 16 0 -35 -18
3050 鈺德|光電業|3 -1 -9|46 61 -27 -38|1.3 11|9 9 0 -26 -1
3051 力特|光電業|14 23 16|64 70 -26 -19|1.5 15|2 9 0 -31 -11
3052 夆典|建材營造|-19 17 30|78 85 -6 -12|2.3 7|2 1 0 -10 4
3055 蔚華科|電子通路|-72 -61 -9|39 49 -40 -38|2.6 10|2 7 0 -16 -11
3056 富華新|建材營造|943 12878 -1429|83 83 3 9|1.5 321|7 4 0 -43 19
3058 立德|電子零組|12 8 19|43 54 -36 -45|1.8 6|5 11 0 -22 -7
3059 華晶科|光電業|43 19 28|65 65 -15 -7|0.3 285|13 2 -0 -39 -5
3060 銘異|電腦及週|18 30 0|55 66 -15 -24|1.4 76|8 2 0 15 -14
3062 建漢|通信網路|21 34 20|51 51 -39 -37|0.9 91|14 11 0 -45 -9
3078 僑威|電子零組|44 47 52|71 71 0 3|0.4 635|19 6 0 -28 -15
3081 聯亞|通信網路|64 41 8|42 42 -40 -36|0.6 869|24 3 3 -48 -11
3086 華義*|文化創意|-6 -1 -2|48 53 -13 -47|0.4 18|40 -2 0 -32 -18
3088 艾訊|電腦及週|27 16 5|66 66 -11 8|0.2 105|16 3 -2 -27 -12
3090 日電貿|電子零組|25 37 17|78 78 -11 -3|1.1 113|9 7 -0 -46 -17
3105 穩懋|半導體業|-24 -19 -16|43 59 -28 -39|1.3 341|17 -7 4 -12 42
3128 昇銳|光電業|35 26 4|58 58 -23 -28|0.8 32|1 -0 0 -44 71
3130 一零四|數位雲端|9 10 1|89 95 -1 -4|3.1 10|25 -27 0 -50 35
3131 弘塑|半導體業|62 39 13|41 47 -38 -54|0.6 609|23 14 -12 na -21
3138 耀登|通信網路|-12 -12 -9|54 61 -34 -37|0.9 17|2 -11 0 -31 24
3141 晶宏|半導體業|-8 -0 5|49 51 -30 -44|1.9 13|7 -2 0 -20 -27
3147 大綜|資訊服務|329 248 168|79 79 -5 10|0.7 307|2 -4 -0 -34 8
3149 正達|光電業|21 14 -4|63 63 -8 -24|0.8 121|1 -2 0 -24 -7
3152 璟德|通信網路|-9 -3 -10|47 58 -39 -39|2.0 13|14 4 -1 -28 12
3162 精確|電機機械|129 198 113|67 67 10 15|0.4 476|57 6 0 -15 -39
3163 波若威|通信網路|28 0 27|61 61 -13 -20|0.2 4041|14 2 -1 -17 -10
3167 大量|電機機械|103 120 5|36 36 -39 -59|0.6 60|4 10 0 -37 -17
3169 亞信|半導體業|30 34 28|62 70 -19 -25|1.5 21|3 4 0 -23 -0
3188 鑫龍騰|建材營造|-67 -73 na|45 77 -10 -26|1.8 9|1 -9 0 -14 -3
3189 景碩|半導體業|29 23 3|50 56 -36 -38|0.7 224|11 -16 -2 -36 15
3207 耀勝|電子零組|24 23 -33|44 50 -20 -49|1.0 27|1 -4 0 -3 25
3209 全科|電子通路|134 47 43|80 80 1 -18|1.0 79|6 7 -0 -43 -17
3211 順達|電腦及週|-32 -30 -7|67 67 -27 49|0.3 1241|13 -2 0 -51 2
3213 茂訊|電腦及週|-47 10 14|63 63 6 -7|0.5 288|7 -1 0 -36 -14
3217 優群|電子零組|34 37 16|71 76 -18 -15|1.2 90|9 5 -0 -8 1
3218 大學光|生技醫療|-2 5 1|67 75 -10 -26|2.2 23|10 8 -1 -25 -15
3227 原相|半導體業|33 34 -4|67 67 -20 -22|0.5 727|28 -3 -2 -12 -11
3228 金麗科|半導體業|-37 -29 -55|24 49 -34 -42|0.8 55|8 5 0 na -8
3230 錦明|光電業|1 23 51|57 57 -36 -35|0.8 96|1 0 0 -19 -11
3231 緯創|電腦及週|70 44 15|68 73 -14 -11|1.5 1429|24 -13 3 -29 17
3234 光環|通信網路|30 42 42|54 54 -30 -40|0.4 26|3 -4 0 na na
3257 虹冠電|半導體業|3 -7 19|58 58 -18 -23|1.6 14|2 -3 0 -19 -11
3260 威剛|半導體業|-6 -9 -19|67 78 0 -13|1.0 579|11 4 3 -25 -45
3264 欣銓|半導體業|-1 -2 5|84 86 20 15|0.4 412|19 2 5 -46 0
3265 台星科|半導體業|13 8 -4|59 67 -28 -32|0.8 28|2 3 0 -15 1
3287 廣寰科|電腦及週|7 -2 -15|54 72 -15 -19|1.2 15|1 -0 0 2 4
3289 宜特|其他電子|1 7 -7|51 51 -25 -43|1.5 37|12 -4 0 -40 -11
3290 東浦|電子零組|33 32 19|65 65 -13 -25|1.4 18|3 -3 0 -4 -6
3293 鈊象|文化創意|27 28 -3|73 73 -16 -14|1.5 1438|25 2 -1 -29 8
3294 英濟|電子零組|-38 -25 -21|48 59 -27 -27|0.1 37|7 9 0 -15 -43
3297 杭特|光電業|24 17 12|78 100 42 14|7.3 7|1 -0 0 108 8
3303 岱稜|其他電子|15 17 -6|56 56 -19 -33|1.1 17|5 -2 0 -37 0
3305 昇貿|其他電子|53 56 10|61 70 -22 -31|0.9 37|4 -4 0 -30 14
3312 弘憶股|電子通路|55 45 22|38 54 -24 -44|0.3 125|2 -1 0 -31 -12
3313 斐成|建材營造|-6 -63 na|48 73 -18 -25|1.6 5|1 8 0 -61 na
3317 尼克森|半導體業|18 26 15|66 66 -20 -25|2.0 6|4 4 0 -23 -13
3323 加百裕|電腦及週|-12 -6 10|57 57 -28 8|0.2 362|5 1 0 -3 -31
3324 雙鴻|其他電子|53 46 7|51 64 -28 -34|0.9 1284|12 3 0 -19 7
3338 泰碩|電子零組|-4 18 14|50 61 -27 -35|1.9 29|2 5 0 -39 -13
3339 泰谷|光電業|-13 -6 -26|53 62 -18 -27|2.0 7|3 4 0 -1 -16
3346 麗清|汽車工業|38 18 6|53 62 -27 -38|2.0 7|3 -5 0 -31 -23
3356 奇偶|光電業|-6 -19 -7|62 69 -14 -23|1.9 22|6 -8 0 -13 -2
3357 臺慶科|電子零組|37 37 2|66 72 -21 -27|1.7 20|13 -12 -1 -28 -6
3360 尚立|電子通路|34 26 5|58 60 -18 -37|0.9 7|1 -5 0 -8 -11
3362 先進光|光電業|11 10 3|40 47 -42 -49|2.3 71|4 9 0 -42 -9
3363 上詮|通信網路|46 53 26|44 44 -36 -32|0.2 284|12 0 -1 -35 34
3373 熱映|其他電子|16 4 -7|60 60 -22 -22|0.2 6|5 14 0 -13 11
3374 精材|半導體業|41 9 -1|46 54 -34 -44|0.3 238|6 15 -2 -31 -20
3376 新日興|電子零組|-19 -1 -23|60 60 -10 -5|0.9 1247|25 -8 1 -22 13
3379 彬台|電機機械|182 261 97|62 62 24 35|0.1 213|8 2 0 -36 -39
3380 明泰|通信網路|-24 -10 6|64 64 -26 -29|1.0 19|9 6 -1 -26 -11
3390 旭軟|電子零組|-6 17 1|60 71 -18 -28|2.0 9|2 -3 0 -6 -1
3402 漢科|其他電子|-3 -5 -20|65 69 -25 -21|1.0 13|3 -7 0 -41 4
3406 玉晶光|光電業|-3 2 -14|54 68 -27 -26|0.9 322|25 -1 -5 -29 -12
3413 京鼎|半導體業|43 47 7|61 66 -20 -33|1.5 194|27 -17 -0 -29 41
3416 融程電|電腦及週|19 14 -6|70 70 -23 -3|1.2 41|4 -15 0 -20 7
3419 譁裕|通信網路|14 32 13|71 74 -22 -17|1.4 6|2 -16 0 2 -6
3430 奇鈦科|化學工業|-20 14 -3|48 51 -23 -46|1.3 6|4 2 0 -41 -0
3434 哲固|光電業|26 11 -2|100 100 83 92|2.1 115|4 1 0 82 406
3437 榮創|光電業|-12 -9 -7|48 52 -34 -45|2.0 7|5 9 0 -29 -18
3441 聯一光電|光電業|14 55 26|73 73 -18 -22|1.1 5|5 -4 0 -33 0
3443 創意|半導體業|32 23 19|58 66 -23 -16|1.2 1278|23 7 -7 -24 -13
3444 利機|電子通路|11 28 6|41 59 -30 -40|1.1 16|12 10 0 -43 4
3447 展達|通信網路|103 82 33|46 46 -25 6|0.2 79|4 3 0 -32 -38
3450 聯鈞|半導體業|105 116 49|57 57 -32 0|0.2 3654|18 1 1 -33 -8
3454 晶睿|光電業|15 26 27|67 67 -8 -17|0.5 60|4 2 -1 -20 -3
3455 由田|光電業|89 9 7|57 57 -28 -38|1.1 25|7 -8 -0 -31 8
3466 德晉|通信網路|-2 -64 -2|33 39 -42 -49|2.6 26|5 -2 0 -18 61
3479 安勤|電腦及週|30 24 19|75 77 0 -17|0.5 91|9 13 1 -40 -17
3481 群創|光電業|-7 13 10|78 80 -5 -16|1.5 1114|26 10 1 -17 -50
3483 力致|電腦及週|-8 -3 -8|45 57 -32 -41|1.1 61|6 -1 0 -27 2
3484 崧騰|電子零組|20 29 -4|64 64 -21 -22|0.6 70|11 -5 0 -39 36
3491 昇達科|通信網路|31 50 -12|75 75 3 14|0.7 1113|22 3 -0 -15 -19
3498 陽程|其他電子|121 110 -14|45 45 -42 -43|1.1 16|6 5 0 -35 -10
3501 維熹|電子零組|-1 11 -1|71 82 -10 -18|2.3 23|7 -0 0 -70 -16
3504 揚明光|光電業|7 26 28|58 58 -32 -24|0.4 31|4 8 0 -44 -1
3511 矽瑪|電子零組|21 38 18|42 42 -38 -45|2.2 8|6 8 0 -42 -7
3515 華擎|電腦及週|98 108 50|59 59 -32 -25|0.7 74|11 -14 -1 -33 1
3518 柏騰|其他電子|-5 -1 -0|41 52 -31 -46|1.3 7|6 8 0 -24 -31
3526 凡甲|電子零組|51 67 25|79 79 -14 -10|2.8 53|23 -25 5 -29 -3
3528 安馳|電子通路|43 45 36|65 65 11 10|0.8 120|5 3 0 -32 18
3529 力旺|半導體業|7 10 -5|63 63 -27 -25|1.3 1363|64 17 -8 -62 -2
3530 晶相光|半導體業|12 9 -4|49 54 -38 -45|2.0 7|40 -4 0 -19 -2
3532 台勝科|半導體業|-1 -1 10|40 54 -22 -46|1.4 30|48 -9 0 -20 -2
3533 嘉澤|電子零組|22 27 0|56 56 -39 -26|1.0 985|41 -0 -6 -27 -67
3535 晶彩科|光電業|16 -45 -383|37 46 -43 -46|0.7 34|5 21 0 -44 -26
3537 堡達|電子零組|-6 -3 -1|55 60 -26 -37|2.5 6|2 6 0 -51 -15
3540 曜越|電腦及週|27 20 25|47 60 -32 -36|1.8 7|3 -3 0 -29 -4
3545 敦泰|半導體業|-9 -15 -16|59 62 -29 -34|1.6 47|21 -4 -0 -21 5
3546 宇峻|文化創意|6 -7 -7|98 100 11 7|7.8 19|10 2 1 4 1
3548 兆利|電子零組|29 12 4|41 53 -32 -33|0.7 89|3 7 -0 -38 -28
3550 聯穎|電子零組|15 31 24|41 46 -31 -54|2.0 6|7 4 0 -9 -13
3551 世禾|綠能環保|16 12 -2|61 61 -25 -8|0.4 38|5 7 0 -48 4
3552 同致|其他電子|10 -2 12|54 55 -33 -32|2.0 14|12 11 0 -29 -10
3557 嘉威|居家生活|-4 3 -9|63 63 -29 -32|2.0 8|3 -16 0 -40 25
3558 神準|通信網路|70 45 51|64 64 -15 1|0.2 168|11 8 -4 -36 -25
3563 牧德|光電業|226 197 122|67 67 3 5|1.0 643|16 2 0 -18 -3
3564 其陽|通信網路|26 18 -9|35 45 -39 -52|0.9 9|3 10 0 -28 -13
3570 大塚|資訊服務|88 64 23|90 90 -1 25|1.1 13|45 0 0 na 5
3577 泓格|電腦及週|1 38 18|65 65 -15 -26|0.5 7|1 -2 0 -53 29
3580 友威科|其他電子|-17 -3 -1|45 51 -35 -43|0.6 20|4 10 0 -39 -19
3583 辛耘|半導體業|30 25 -12|47 48 -38 -53|0.7 150|14 10 -1 -40 -8
3587 閎康|其他電子|3 3 -3|49 52 -37 -46|1.9 95|12 1 -10 -11 -19
3588 通嘉|半導體業|3 12 -9|41 50 -32 -49|1.9 10|4 2 0 -45 -22
3591 艾笛森|光電業|5 6 -19|56 62 -29 -36|1.7 36|2 -4 0 -7 23
3592 瑞鼎|半導體業|-7 -3 -21|64 77 -20 -12|1.2 96|14 -5 -3 -46 -3
3594 磐儀|電腦及週|63 48 35|62 62 -27 -2|0.2 44|7 -1 0 -25 -2
3596 智易|通信網路|10 2 8|85 85 15 33|0.9 446|36 13 1 -0 68
3597 映興|電子零組|49 51 7|48 48 -33 -24|0.5 5|3 7 0 -19 3
3605 宏致|電子零組|36 33 9|63 63 -10 -21|0.4 319|22 -0 0 -31 -29
3607 谷崧|電子零組|2 15 -11|58 61 -24 -32|1.7 6|6 2 0 -18 2
3609 三一東林|電子零組|-48 58 66|70 70 -4 8|0.5 20|4 1 0 -17 na
3611 鼎翰|電腦及週|66 53 34|78 79 -10 -20|3.0 14|12 -9 0 3 29
3615 安可|光電業|-3 -11 -1|48 48 -30 -41|1.2 6|4 16 0 -24 -12
3617 碩天|其他電子|25 12 3|64 64 -32 -21|1.4 122|15 2 -0 -16 -3
3622 洋華|光電業|-2 23 19|56 62 -23 -35|1.4 15|3 -6 0 -35 10
3625 西勝|電腦及週|-1 -36 22|60 60 -24 1|0.4 9|7 -1 0 na na
3630 新鉅科|光電業|31 10 -6|55 60 -34 -33|0.8 14|39 -9 0 -25 -15
3645 達邁|電子零組|5 20 -15|55 55 -6 5|0.1 220|15 3 -0 -37 -24
3653 健策|電子零組|66 67 33|57 57 -37 -38|1.0 1215|24 8 -7 -16 -0
3661 世芯-KY|半導體業|-7 0 -52|58 58 -29 15|0.8 6651|56 -2 1 -18 6
3663 鑫科|其他電子|178 115 5|39 44 -41 -51|0.8 21|2 17 0 -39 -10
3665 貿聯-KY|其他電子|34 32 17|62 62 -25 2|0.8 1356|38 -5 5 -33 -8
3673 TPK-KY|光電業|-8 -11 -10|54 66 -23 -32|2.6 44|35 -8 0 -30 12
3675 德微|半導體業|-13 -9 -34|36 42 -38 -47|1.3 43|56 19 -16 -21 -22
3679 新至陞|電子零組|24 43 19|77 77 -3 -6|1.2 17|11 -2 0 -42 24
3680 家登|半導體業|77 20 -22|62 63 -25 -37|1.2 325|26 -2 2 -17 22
3687 歐買尬|數位雲端|16 4 -2|53 53 -28 -30|1.6 6|6 -0 0 -24 -2
3689 湧德|電子零組|38 38 37|67 67 -29 -20|0.6 176|17 -7 0 -9 28
3691 碩禾|光電業|-39 -41 -154|32 55 -25 -45|1.0 24|2 -11 0 -7 -11
3693 營邦|電腦及週|65 66 50|63 66 -20 -23|0.8 125|2 -8 0 -35 52
3694 海華|通信網路|31 17 15|60 60 -34 -6|0.2 103|9 -0 -0 -34 -18
3701 大眾控|電腦及週|-1 -7 -3|44 54 -37 -32|0.6 13|3 1 0 -29 -2
3702 大聯大|電子通路|57 37 4|61 76 -17 -20|1.6 305|26 7 -16 -59 22
3703 欣陸|建材營造|11 22 14|62 76 -18 -20|1.8 23|22 -9 -1 -39 22
3704 合勤控|通信網路|7 32 27|56 64 -28 -25|2.1 66|13 -5 -0 -45 59
3705 永信|生技醫療|52 24 5|98 100 14 4|4.4 41|10 -0 3 62 18
3706 神達|電腦及週|146 146 34|57 57 -24 11|0.7 610|13 8 -0 -39 -34
3707 漢磊|半導體業|-8 -12 4|46 59 -29 -39|1.1 33|9 4 0 -24 0
3708 上緯投控|綠能環保|9 14 3|42 58 -24 -45|2.2 24|9 -2 0 -25 2
3709 鑫聯大投控|電腦及週|102 60 13|78 78 4 17|2.3 36|5 7 0 134 -5
3711 日月光投控|半導體業|18 12 7|70 73 -16 -12|1.3 1919|73 -15 5 -15 8
3712 永崴投控|電腦及週|24 97 27|57 57 -30 -20|0.9 76|6 -3 -1 -25 20
3714 富采|光電業|0 3 -3|65 65 -21 -27|0.6 83|16 -5 0 -26 -2
3715 定穎投控|電子零組|3 9 -3|48 52 -35 -46|1.3 97|9 6 -4 -35 2
4104 佳醫|生技醫療|5 7 2|93 96 2 0|4.3 14|4 -1 0 92 -13
4105 東洋|生技醫療|43 24 12|92 92 1 0|2.2 88|18 12 0 4 15
4107 邦特|生技醫療|2 6 -1|78 86 -8 -12|3.3 8|10 -8 2 -25 9
4109 加捷生醫|生技醫療|19 -18 -51|49 63 -14 -33|0.8 8|2 -1 0 -31 11
4111 濟生|生技醫療|32 20 6|92 93 2 9|2.0 10|5 11 0 -39 -8
4113 聯上|建材營造|-84 -7 -377185|33 63 -30 -39|1.9 17|2 -5 0 -18 13
4114 健喬|生技醫療|15 21 8|83 86 -7 -15|2.1 49|5 1 0 -14 -20
4119 旭富|生技醫療|18 16 -24|73 73 -21 -23|2.8 10|7 -0 0 -29 9
4123 晟德|生技醫療|-19 11 -7|61 67 -20 -28|2.1 34|11 2 0 -24 1
4126 太醫|生技醫療|12 8 2|93 93 -5 5|2.9 5|12 -2 0 3 4
4127 天良|生技醫療|71 15 26|77 81 -17 -4|1.7 7|2 -6 0 -60 3
4128 中天|生技醫療|8 11 1|52 56 -29 -44|2.0 23|8 11 0 -28 -1
4129 聯合|生技醫療|22 23 2|78 83 -9 -12|3.5 16|12 -17 1 -34 8
4137 麗豐-KY|生技醫療|-13 -16 -2|57 72 -0 -28|1.5 21|57 -0 0 -16 -7
4142 國光生|生技醫療|-91 626 451|60 67 -12 -33|0.4 29|5 22 0 -40 -14
4147 中裕|生技醫療|4 -1 -6|74 74 -16 -3|0.6 124|8 -4 3 -24 15
4162 智擎|生技醫療|23 2 -113|70 70 -15 -8|0.8 75|9 0 3 -22 33
4164 承業醫|生技醫療|151 57 37|66 69 -3 -12|0.7 72|28 6 -0 -35 -25
4167 松瑞藥|生技醫療|2 7 -12|62 71 -24 -26|2.2 10|11 12 0 -31 -5
4173 久裕|生技醫療|7 35 16|83 83 3 8|2.3 33|2 3 0 3 -2
4174 浩鼎|生技醫療|-9 25 -345|52 69 -18 -33|1.9 41|8 16 0 -12 -16
4303 信立|塑膠工業|271 461 179|70 70 27 36|0.6 2257|10 1 0 -20 13
4306 炎洲|塑膠工業|-10 -0 -22|68 82 -9 -19|2.7 23|6 -4 0 -27 12
4417 金洲|紡織纖維|52 42 23|95 95 9 7|2.7 8|4 5 0 82 35
4420 光明|紡織纖維|63 48 13|79 79 1 5|1.3 31|0 -6 0 3 57
4438 廣越|紡織纖維|20 16 7|76 78 -14 -19|1.5 19|2 4 0 7 8
4503 金雨|電機機械|152 93 56|60 60 -25 -21|0.7 43|3 -1 0 -46 31
4506 崇友|電機機械|40 29 18|88 97 4 6|3.4 5|2 -1 0 -23 -25
4510 高鋒|電機機械|-23 -16 2|67 67 -16 -2|0.1 339|3 -2 0 -35 9
4513 福裕|電機機械|-44 -19 -4|26 48 -32 -54|0.9 10|4 6 0 -23 -7
4523 永彰|電機機械|36 34 19|45 70 -17 -33|1.2 6|4 -5 0 -48 -16
4526 東台|電機機械|21 21 33|51 57 -39 -39|0.5 44|6 9 0 -28 -19
4527 方方土霖|電機機械|-25 -14 -19|68 68 -1 -15|1.8 6|3 1 0 -41 -1
4532 瑞智|電機機械|22 36 5|83 83 8 -5|2.9 80|23 9 0 4 -4
4533 協易機|電機機械|-47 73 42|50 58 -30 -36|0.8 32|6 8 0 -24 -25
4534 慶騰|電機機械|11 11 -11|57 57 -23 -26|0.3 32|2 -3 0 na na
4536 拓凱|運動休閒|45 31 9|72 72 -21 -20|1.8 43|20 -7 2 -45 -2
4540 全球傳動|電機機械|-5 -20 -13|58 58 -39 -4|0.2 79|6 4 0 -24 -19
4541 晟田|其他|-18 36 9|79 79 21 53|1.9 1186|9 -0 0 96 -42
4542 科嶠|電子零組|30 7 30|52 52 -34 -42|1.6 9|6 1 0 -8 -55
4545 銘鈺|電子零組|13 11 -16|41 41 -32 -46|1.6 5|33 -2 0 -29 18
4549 桓達|電機機械|-15 -0 3|49 49 -45 -28|0.6 29|3 13 -5 -46 -19
4551 智伸科|汽車工業|22 25 7|61 62 -18 -34|1.0 31|54 -8 6 -17 1
4555 氣立|電機機械|39 18 3|49 67 -27 -24|0.7 11|2 2 0 -23 3
4557 永新-KY|汽車工業|24 40 12|63 63 -25 -30|2.1 16|36 6 0 -41 -0
4560 強信-KY|電機機械|45 29 -0|83 83 -12 -4|1.2 13|84 8 0 34 6
4561 健椿|電機機械|-4 -23 -15|49 50 -46 -36|0.3 22|1 8 0 -33 -28
4562 穎漢|電機機械|-1 13 1|48 52 -41 -38|0.4 29|4 14 0 -39 -22
4563 百德|電機機械|26 21 -3|49 51 -34 -49|0.6 24|4 3 0 -45 -1
4564 元翎|電機機械|59 70 51|62 72 -18 -27|1.2 74|3 2 0 34 23
4566 時碩工業|電機機械|21 21 -1|48 56 -35 -40|0.5 101|1 0 0 -32 -28
4569 六方科-KY|汽車工業|42 34 9|39 39 -43 -52|1.2 29|66 -6 0 -24 52
4571 鈞興-KY|電機機械|15 10 -17|49 49 -45 -22|0.3 123|69 6 -1 -31 -11
4572 駐龍|電機機械|-24 -26 -20|85 85 7 5|4.5 336|3 0 -1 116 58
4576 大銀微系統|電機機械|13 32 14|57 57 -33 -4|0.2 243|3 4 -0 -27 -19
4580 捷流閥業|電機機械|-11 -4 -1|79 85 -11 -14|3.2 11|3 -2 0 -36 12
4583 台灣精銳|電機機械|10 13 2|58 58 -36 -19|0.3 632|3 4 -1 -12 33
4714 永捷|化學工業|69 130 26|60 71 -16 -25|1.0 51|2 -1 0 -22 5
4716 大立|化學工業|-10 12 1|48 48 -26 -43|1.8 14|3 6 0 -20 -9
4720 德淵|化學工業|-4 10 -1|65 76 -14 -20|1.9 12|9 -5 0 -37 -22
4721 美琪瑪|化學工業|-38 -14 -7|57 62 -26 -32|1.1 10|1 3 -0 -29 3
4722 國精化|化學工業|8 2 -10|70 70 6 9|0.5 98|7 2 0 -68 54
4726 永昕|生技醫療|28 75 9|50 60 -29 -35|1.6 7|22 2 0 -38 -28
4728 雙美|生技醫療|-1 41 24|94 94 35 43|2.9 31|17 6 0 6 -13
4729 熒茂|光電業|17 20 15|55 55 -23 -32|0.9 7|3 17 0 -35 -44
4736 泰博|生技醫療|-20 -8 -14|81 81 -10 -17|1.9 34|9 2 0 -25 -10
4739 康普|化學工業|-0 -4 11|60 70 -17 -24|1.2 9|2 -4 -0 -33 4
4743 合一|生技醫療|-39 8 -28|33 41 -31 -60|1.3 142|9 0 0 -24 5
4746 台耀|生技醫療|-14 6 -0|50 61 -20 -39|2.0 23|10 16 -6 -35 -17
4747 強生製藥|生技醫療|-8 -8 -5|75 75 -8 -5|2.1 12|1 -7 0 -23 12
4755 三福化|化學工業|15 4 -7|58 66 -27 -26|1.4 15|30 -21 2 -51 30
4760 勤凱科技|其他電子|43 57 5|56 61 -15 -38|1.9 8|4 2 0 -48 2
4763 材料*-KY|化學工業|8 19 -8|66 66 -13 -10|1.6 1581|52 -4 -2 -23 8
4766 南寶|化學工業|8 14 2|82 83 -3 -1|1.3 174|20 19 12 -65 -23
4768 晶呈科技|化學工業|-10 -28 -49|40 47 -35 -51|0.9 24|6 18 0 -41 2
4770 上品|化學工業|-30 -32 -44|50 60 -25 -32|0.9 212|10 -1 -1 -35 34
4771 望隼|生技醫療|30 9 -2|47 79 3 -23|1.6 42|6 4 0 5 -1
4772 台特化|化學工業|25 5 na|na 65 -1 -3|0.5 357|5 5 0 na 154
4903 聯光通|通信網路|141 59 12|43 43 -29 -52|0.2 26|1 5 0 -48 -35
4904 遠傳|通信網路|6 1 -7|96 96 1 2|2.8 374|18 6 12 59 98
4906 正文|通信網路|-25 -8 -10|55 66 -25 -34|2.7 42|22 4 -0 -31 -4
4907 富宇|建材營造|-94 190 -166480|36 57 -39 -36|2.4 5|1 -6 0 -22 23
4908 前鼎|通信網路|33 8 11|56 56 -32 -36|0.3 34|3 11 0 -30 -12
4909 新復興|通信網路|-91 -76 -350|34 41 -39 -60|0.9 206|4 0 0 -31 4
4912 聯德控股-KY|電子零組|8 32 2|48 48 -46 -15|0.6 32|33 -7 -1 -22 -6
4915 致伸|電子零組|8 15 13|64 75 -9 -22|1.1 117|44 -0 5 -30 42
4916 事欣科|電腦及週|-11 -12 -10|63 63 4 16|0.4 315|13 3 0 -46 -13
4919 新唐|半導體業|-3 -1 8|51 63 -26 -21|1.0 95|10 -4 0 -36 -5
4927 泰鼎-KY|電子零組|8 11 6|38 38 -28 -60|1.5 106|12 -1 0 -19 -1
4931 新盛力|電腦及週|34 38 -14|71 71 2 104|0.2 3218|7 -0 0 -34 8
4933 友輝|光電業|28 26 9|84 84 5 -2|1.0 53|9 -4 0 -28 4
4938 和碩|電腦及週|13 11 12|65 74 -15 -22|1.4 452|32 -24 3 -37 9
4945 陞達科技|半導體業|50 49 34|50 69 -15 -34|1.0 7|6 9 0 -36 2
4946 辣椒|文化創意|1471 1262 895|96 96 169 141|1.5 11|13 1 0 na na
4949 有成精密|光電業|-12 -4 25|na 78 42 37|0.6 52|3 1 0 95 60
4951 精拓科|半導體業|3 7 -17|65 75 -9 -21|3.7 6|2 -6 0 -70 7
4952 凌通|半導體業|4 -4 -11|54 69 -24 -29|1.7 7|6 -1 -0 -37 -0
4953 緯致|資訊服務|12 9 -5|62 63 -22 -25|0.9 22|5 8 0 -30 -10
4956 光鋐|光電業|24 18 -4|43 43 -41 -31|1.1 18|13 16 0 -37 -18
4958 臻鼎-KY|電子零組|30 26 3|62 77 -21 -16|2.2 538|62 5 -6 -48 -11
4960 誠美材|光電業|10 12 12|67 83 -9 -9|2.8 17|17 -12 0 -25 4
4961 天鈺|半導體業|16 28 2|68 69 -15 -29|2.1 66|19 -4 -2 -23 35
4966 譜瑞-KY|半導體業|3 10 -5|55 64 -31 -31|1.1 288|41 -4 -2 -24 21
4967 十銓|半導體業|81 78 33|42 73 -4 -27|0.8 159|2 0 0 -35 -8
4968 立積|半導體業|6 -1 -17|50 55 -37 -36|0.8 230|12 -4 -5 -33 -5
4971 IET-KY|半導體業|69 45 26|57 57 23 15|0.3 321|26 3 -0 -3 -28
4973 廣穎電通|半導體業|17 2 5|47 67 -22 -25|0.9 13|3 -4 0 -27 1
4974 亞泰|電子零組|30 29 -6|63 63 -31 -8|0.5 58|8 4 0 -35 8
4976 佳凌|光電業|0 1 -22|41 58 -33 -42|0.7 9|1 4 0 -28 7
4977 眾達-KY|通信網路|102 98 49|53 53 -44 -29|0.2 486|29 1 -0 -28 -5
4979 華星光|通信網路|43 67 35|52 52 -36 -14|0.2 3412|16 2 -1 -24 -34
4987 科誠|電腦及週|0 15 -4|74 74 -14 -4|1.0 8|5 3 0 -59 8
4991 環宇-KY|半導體業|59 31 -12|58 58 -30 66|0.2 1579|5 -1 0 -7 -4
5007 三星|鋼鐵工業|-3 -2 -2|93 97 2 -3|2.2 9|3 -4 0 27 -3
5009 榮剛|鋼鐵工業|-15 -10 -2|73 80 -15 -17|1.4 201|9 -3 -0 -37 6
5014 建錩|鋼鐵工業|19 4 -4|62 65 -8 -37|1.3 8|3 13 0 -37 -4
5201 凱衛|資訊服務|100 20 15|93 93 36 38|1.2 34|9 2 0 34 -57
5202 力新|資訊服務|-7 -12 -37|63 63 -11 -13|0.5 101|3 1 0 -38 13
5203 訊連|資訊服務|10 16 4|68 68 3 -0|0.6 64|19 8 -0 -24 -15
5213 亞昕|建材營造|1240 926 630|61 85 -8 -5|1.4 22|1 14 0 24 -11
5222 全訊|半導體業|-12 -4 -3|58 75 -14 -24|1.5 93|4 -0 0 -12 -10
5225 東科-KY|其他電子|-2 -2 -12|55 62 -28 -28|0.8 119|40 -6 0 -33 29
5234 達興材料|光電業|17 18 15|58 59 -24 -40|0.8 163|7 -0 -3 -38 9
5236 凌陽創新|半導體業|29 49 29|59 59 -18 -37|1.7 16|4 -2 0 -60 -14
5243 乙盛-KY|光電業|5 19 -1|55 55 -37 -35|1.2 40|53 -2 0 -34 0
5244 弘凱|光電業|5 -1 -1|62 62 -24 -18|0.7 43|4 1 0 -6 25
5251 天鉞電|光電業|52 79 17|79 100 46 22|6.7 25|23 -1 0 -1 2
5258 虹堡|電腦及週|-13 -7 -3|40 45 -29 -54|1.6 20|4 2 0 -20 -5
5263 智崴|文化創意|6 17 -40|47 49 -33 -45|2.1 25|19 5 0 -34 -1
5269 祥碩|半導體業|16 32 5|56 63 -28 -11|0.7 809|21 -2 4 3 -33
5274 信驊|半導體業|110 104 -13|52 59 -22 -36|1.3 1269|49 -1 0 -27 -12
5278 尚凡*|數位雲端|76 25 13|64 64 -12 13|1.3 10|1 9 0 na na
5283 禾聯碩|電器電纜|9 14 4|79 82 -14 -15|2.2 12|1 -13 0 -30 29
5284 jpp-KY|其他|49 36 19|51 63 -31 -10|0.5 130|54 -2 -0 -22 -13
5285 界霖|半導體業|7 15 11|58 62 -17 -37|1.2 15|1 -1 0 -17 3
5287 數字|數位雲端|6 4 -1|94 94 -4 -4|4.7 7|18 -2 0 24 -27
5288 豐祥-KY|電機機械|12 9 5|62 63 -27 -36|1.7 29|60 17 -1 -18 -1
5289 宜鼎|電腦及週|28 21 7|71 81 9 -18|0.9 176|21 6 3 -37 -24
5292 華懋|綠能環保|74 37 13|77 80 -9 -22|1.8 6|3 -18 0 -17 14
5306 桂盟|運動休閒|24 23 6|57 65 -23 -35|2.8 14|15 -9 0 -30 1
5309 系統電|電子零組|2 -2 4|66 66 -21 -11|0.6 190|4 -0 0 -38 5
5312 寶島科|生技醫療|-5 -2 -3|84 84 13 22|1.6 11|9 -13 0 23 28
5314 世紀*|其他|213 182 na|79 79 96 421|4.3 242|10 -5 0 1336 1789
5315 光聯|光電業|49 71 37|80 80 -6 3|1.7 27|13 3 0 -28 8
5328 華容|電子零組|23 22 22|64 64 -26 -21|0.8 10|2 0 0 -37 7
5340 建榮|電子零組|10 20 -35|48 63 -23 -41|0.8 10|50 -1 0 -39 2
5347 世界|半導體業|27 24 7|67 87 -9 -11|1.2 587|12 -11 9 -30 29
5351 鈺創|半導體業|-30 -25 -38|44 57 -35 -42|0.9 31|6 6 0 -29 -23
5371 中光電|光電業|-5 -7 -7|50 64 -33 -21|0.4 326|10 -2 1 -28 2
5386 青雲|電腦及週|189 103 -39|51 53 -27 -43|1.1 9|2 11 0 -30 -8
5388 中磊|通信網路|-33 -30 -13|68 70 -21 -11|0.8 476|20 1 0 -13 38
5392 能率|光電業|-3 -4 -2|61 66 -22 -14|0.2 99|3 0 0 -30 -4
5403 中菲|資訊服務|21 21 5|88 88 2 2|1.4 9|7 -3 0 -35 -15
5410 國眾|資訊服務|-2 137 85|67 71 -17 -20|1.5 24|7 1 0 5 7
5425 台半|半導體業|51 43 27|51 59 -24 -35|1.6 67|11 -12 1 19 8
5426 振發|電腦及週|62 66 36|48 54 -33 -29|0.7 11|3 10 0 -36 -32
5432 新門|綠能環保|-31 -5 17|36 41 -9 -59|0.8 26|1 -0 0 -26 -6
5434 崇越|電子通路|30 32 7|76 76 -15 -14|1.8 95|24 -5 1 -33 -8
5438 東友|電腦及週|33 24 2|41 41 -33 -27|0.6 7|2 1 0 -25 -4
5439 高技|電子零組|83 54 42|76 76 43 60|0.5 2412|8 0 -0 -13 -28
5443 均豪|半導體業|-28 -10 -55|38 43 -46 -61|0.8 73|7 10 0 -42 -15
5452 佶優|其他電子|6 1 -2|59 60 -19 -25|1.2 24|7 5 0 -20 -12
5457 宣德|電子零組|24 31 -6|61 61 -31 -24|1.3 20|39 -8 0 -31 12
5465 富驊|電腦及週|41 25 36|63 68 -19 -12|0.5 17|1 5 0 -39 -13
5469 瀚宇博|電子零組|19 15 12|60 76 -20 -25|1.2 99|12 -0 0 -21 63
5471 松翰|半導體業|4 4 0|62 70 -16 -27|1.7 5|12 3 -1 -9 -12
5474 聰泰|電腦及週|-22 -6 -5|54 54 -36 -30|0.3 85|3 -3 0 -29 4
5478 智冠|文化創意|-16 -5 -12|70 75 -14 -18|2.1 20|20 -23 1 -12 36
5481 新華|其他|-0 1 0|74 74 -25 0|1.0 13|29 -3 0 -1 -16
5483 中美晶|半導體業|-5 -2 -0|46 63 -22 -36|1.1 375|18 -10 -1 -19 33
5484 慧友|光電業|27 13 -20|29 50 -44 -44|0.6 13|2 11 0 na na
5493 三聯|其他電子|24 20 -0|59 65 -13 -30|0.7 16|1 -2 0 -8 20
5508 永信建|建材營造|-48 -70 -64|40 55 -14 -44|0.9 101|5 -4 -1 -39 17
5511 德昌|建材營造|32 -5 4|76 84 -13 -2|2.8 6|2 -10 0 -26 7
5515 建國|建材營造|9 26 -24|85 87 9 12|1.6 32|12 7 0 23 12
5519 隆大|建材營造|1 -27 -24|52 82 -6 -16|2.1 26|4 0 0 -48 9
5521 工信|建材營造|43 47 12|73 82 4 -14|1.7 32|6 10 0 -14 -11
5522 遠雄|建材營造|-85 -58 -302|67 75 -14 -10|0.8 88|4 -13 8 -22 17
5530 龍巖|其他|40 14 9|81 81 32 51|6.9 322|57 -0 0 -10 39
5534 長虹|建材營造|110 135 -12|59 76 -3 -15|2.5 179|15 8 2 -10 -7
5536 聖暉*|其他電子|52 61 26|72 72 -15 7|1.0 125|34 -2 7 -22 -1
5607 遠雄港|航運業|8 12 -6|56 73 -19 -26|2.4 13|2 -7 0 -14 5
5608 四維航|航運業|-5 -0 -4|65 72 -5 -13|0.6 54|4 1 0 -33 -14
5609 中菲行|航運業|31 29 -8|80 87 -6 -13|2.6 8|16 -12 0 -13 7
5706 鳳凰|觀光餐旅|45 53 4|64 76 -20 -11|0.9 19|3 -20 0 -28 14
5864 致和證|金融業|-260 -71 -62|60 66 -18 -35|2.4 7|1 1 0 -26 2
5871 中租-KY|其他|-1 -1 -4|63 69 -8 -34|1.5 727|45 -3 -1 -13 5
5876 上海商銀|金融保險|12 12 5|100 100 19 22|2.4 336|52 5 17 -4 7
5880 合庫金|金融保險|21 11 3|90 92 -1 -6|2.4 247|16 -5 3 -3 6
5903 全家|居家生活|2 2 -3|94 94 6 5|3.7 19|51 1 2 5 -10
5904 寶雅|居家生活|3 7 1|88 88 -3 -10|2.1 134|23 -10 0 38 48
5905 南仁湖|觀光餐旅|-8 4 5|45 65 -22 -36|2.2 9|4 10 0 -40 -1
6005 群益證|金融保險|-21 1 -26|83 83 -10 10|0.7 121|13 -12 17 -29 11
6016 康和證|金融業|-255 -119 -176|70 75 -14 -20|2.5 14|3 -17 0 -17 19
6023 元大期貨|金融業|-3 5 -11|88 91 -2 -6|2.8 17|1 -3 0 9 -11
6024 群益期|金融保險|38 25 -7|79 79 -17 -15|2.2 23|3 -12 -1 -37 2
6026 福邦證|金融業|-193 118 99|75 87 -4 -8|2.5 15|3 1 0 -25 7
6101 寬魚國際|文化創意|11 -46 -227|79 95 -3 9|1.3 7|1 -1 0 11 -12
6104 創惟|半導體業|78 68 29|63 63 -27 -22|0.7 526|16 3 -0 -20 -19
6108 競國|電子零組|-43 -31 -10|64 77 -17 -19|1.6 5|3 -10 0 -11 -14
6111 光聚晶電|文化創意|5 -4 -45|64 75 -12 -21|1.0 17|8 -2 0 -23 9
6112 邁達特|資訊服務|14 0 7|54 54 -19 -15|0.2 81|3 -0 -0 -38 8
6113 亞矽|電子通路|-11 -8 24|52 61 -9 -35|0.5 9|1 -0 0 -22 49
6115 鎰勝|電子零組|9 17 -1|86 94 -0 -3|4.1 7|5 -5 0 -49 6
6117 迎廣|電腦及週|35 -1 -14|45 60 -22 -26|0.3 528|4 1 0 -43 0
6121 新普|電腦及週|9 6 8|76 82 -14 -5|0.9 216|36 -4 1 -39 12
6122 擎邦|電機機械|26 -6 14|68 80 -13 -13|2.2 12|2 -6 0 -40 1
6125 廣運|電機機械|-21 5 40|40 55 -41 -40|0.6 120|6 3 0 -38 -3
6126 信音|電子零組|21 8 0|53 60 -27 -39|2.5 6|2 7 0 -38 -20
6127 九豪|電子零組|4 15 -7|45 49 -41 -40|1.6 10|4 11 0 -45 -13
6128 上福|電腦及週|2 -1 -5|83 91 1 -6|2.7 7|5 -5 0 1 -51
6130 上亞科技|生技醫療|-41 80 65|69 69 13 -8|0.7 6|0 -2 0 na na
6133 金橋|電子零組|27 37 5|49 49 -29 -42|1.3 6|4 6 0 -32 -9
6134 萬旭|電子零組|20 30 -21|44 44 -31 -44|1.2 11|24 -5 0 -50 9
6136 富爾特|通信網路|12 8 8|84 84 1 0|1.3 10|4 1 0 -29 20
6138 茂達|半導體業|18 17 8|65 65 -16 -30|1.1 142|15 -10 7 -37 17
6139 亞翔|其他電子|-19 -37 -42|56 72 -13 -13|0.6 595|21 5 -1 -33 42
6140 訊達電腦|資訊服務|77 76 50|64 64 26 17|0.1 74|4 1 0 -25 -71
6143 振曜|通信網路|53 22 -3|68 73 -9 -20|0.7 156|3 -6 1 -14 11
6146 耕興|其他電子|-1 -2 1|67 77 -15 -21|2.5 23|33 -9 -0 -38 1
6147 頎邦|半導體業|20 20 12|79 89 -5 -9|1.4 140|21 15 1 -36 -10
6148 驊宏資|資訊服務|-40 155 112|100 100 130 110|3.4 742|3 0 0 14 -62
6150 撼訊|電腦及週|46 26 30|58 63 -23 -26|1.0 15|3 2 0 -27 -10
6151 晉倫|其他電子|23 20 5|44 44 -26 -33|1.9 10|8 11 0 -57 -10
6153 嘉聯益|電子零組|-13 -16 9|43 54 -24 -46|1.0 21|8 -4 0 -17 1
6156 松上|電子零組|76 90 39|59 59 -5 -27|1.1 42|7 5 0 -14 -9
6163 華電網|資訊服務|17 37 -1|63 70 -18 -28|1.1 20|4 -4 0 -30 3
6165 浪凡|數位雲端|11 11 5|89 89 5 20|1.3 53|4 4 0 13 -13
6166 凌華|電腦及週|39 30 26|77 77 -6 6|0.8 157|17 7 0 -7 1
6168 宏齊|光電業|14 3 3|60 61 -31 -33|0.4 6|4 2 0 -38 -2
6170 統振|通信網路|10 17 -9|80 80 -6 7|1.6 23|5 12 0 -30 -24
6173 信昌電|電子零組|7 9 5|57 65 -23 -33|1.4 10|2 5 0 -18 -10
6175 立敦|電子零組|0 17 1|68 68 -18 -15|0.4 39|20 2 0 -28 -18
6176 瑞儀|光電業|11 13 -4|72 74 -17 -18|1.7 314|30 -11 -0 -14 11
6177 達麗|建材營造|186 59 -270|61 83 0 -8|1.7 142|7 -2 8 -52 -1
6179 亞通|其他|123 54 1|62 64 -18 -30|2.6 10|6 13 0 -35 -9
6180 橘子|文化創意|-9 -10 -18|79 79 -9 -10|1.6 43|27 -13 -0 -33 27
6182 合晶|半導體業|17 17 18|45 57 -31 -40|1.2 33|10 -10 -0 -24 -3
6185 幃翔|電子零組|6 12 30|88 88 7 3|1.9 10|2 4 0 -14 6
6186 新潤|建材營造|567 128 -14243|56 81 -6 -14|2.1 51|2 -5 0 -42 12
6187 萬潤|半導體業|44 81 -233|44 49 -40 -54|0.5 478|14 4 -1 -42 -24
6188 廣明|電腦及週|17 11 26|59 66 -31 -25|0.6 144|8 0 -0 -36 12
6189 豐藝|電子通路|-44 -27 -35|55 67 -25 -27|1.8 35|9 0 -3 -30 6
6190 萬泰科|通信網路|36 33 1|71 73 -12 -14|1.1 120|6 -2 0 -12 6
6191 精成科|電子零組|9 2 6|69 69 -23 -14|0.4 367|11 -7 -1 -12 49
6192 巨路|其他電子|-2 7 -8|74 82 -13 -17|1.7 37|19 7 0 -15 -10
6196 帆宣|其他電子|-1 -6 -11|85 86 -2 -3|1.0 163|8 9 4 -34 -21
6197 佳必琪|電子零組|14 17 -17|60 63 -19 -23|1.7 61|5 -4 0 -26 5
6199 天品|其他|25 12 17|77 77 -17 108|1.8 75|5 -1 0 na 2
6202 盛群|半導體業|43 82 50|56 60 -24 -32|0.8 25|9 -2 0 -39 2
6203 海韻電|電子零組|21 47 66|71 71 -15 -17|1.8 30|3 8 0 -32 -16
6205 詮欣|電子零組|19 12 -11|56 56 -39 -37|2.3 11|2 -8 0 -28 17
6206 飛捷|電腦及週|19 36 1|62 62 23 25|0.5 516|25 5 1 -53 34
6207 雷科|電子零組|61 3 -14|43 48 -31 -54|0.9 10|4 21 0 -41 -24
6209 今國光|光電業|4 37 33|71 73 -12 -8|0.4 53|4 4 0 -22 -14
6213 聯茂|電子零組|39 25 0|41 68 -29 -25|1.0 101|9 11 0 -38 -6
6214 精誠|資訊服務|-10 -1 -7|67 67 -21 -12|0.6 178|13 15 -4 -29 -28
6215 和椿|其他電子|86 68 -18|49 49 -34 8|0.1 295|15 1 0 -26 23
6216 居易|通信網路|-22 -27 -53|59 59 -22 -36|2.2 11|5 -13 0 -45 -5
6217 中探針|電子零組|49 33 5|47 55 -34 -46|1.1 14|4 3 0 -17 -1
6219 富旺|建材營造|-101 107 -1321|50 62 -36 -30|1.8 16|2 -2 0 -13 6
6221 晉泰|資訊服務|8 33 20|69 69 -11 -13|1.8 17|1 0 0 23 224
6223 旺矽|半導體業|35 39 8|58 58 -35 -27|0.4 1425|21 -6 -1 -26 52
6224 聚鼎|電子零組|24 16 6|52 52 -24 -38|1.9 7|11 -6 0 -56 -42
6227 茂綸|電子通路|36 44 35|57 57 -3 13|0.4 136|11 3 0 7 -9
6228 全譜|電腦及週|120 144 58|55 89 58 -11|3.7 10|1 1 0 6 -53
6230 尼得科超眾|電腦及週|20 17 26|35 56 -34 -42|2.2 9|89 -2 0 -34 7
6231 系微|資訊服務|19 9 -7|37 37 -41 -57|1.0 156|16 14 -10 -29 -29
6233 旺玖|半導體業|-2 11 -9|43 55 -31 -44|1.7 8|3 -5 0 -28 3
6234 高僑|光電業|-44 -49 -7|61 66 -27 -23|1.1 13|11 -4 0 -25 -1
6235 華孚|電腦及週|6 -7 -2|42 59 -31 -36|1.3 35|5 7 0 -34 -4
6237 驊訊|半導體業|-7 7 -8|53 54 -35 -39|0.3 17|2 11 0 -37 -10
6239 力成|半導體業|-14 -15 -12|57 80 -8 -18|1.3 761|31 -15 4 -34 88
6244 茂迪|光電業|-8 -6 5|49 65 -21 -36|1.6 23|12 3 0 -19 -12
6245 立端|通信網路|3 3 5|66 66 -20 -11|0.3 126|11 3 1 -33 2
6248 沛波|鋼鐵工業|-25 -6 -25|76 80 -9 -20|2.1 6|2 -8 0 6 10
6257 矽格|半導體業|9 13 -5|79 79 -7 -14|0.8 194|23 -6 4 -32 -0
6261 久元|半導體業|7 4 -5|78 83 -1 -12|3.0 32|4 -21 -0 -15 29
6263 普萊德|通信網路|13 9 4|73 79 -9 -21|3.3 7|1 -4 0 -33 -9
6266 泰詠|電子零組|12 3 3|90 90 -1 -1|2.0 10|3 -1 0 -39 -11
6269 台郡|電子零組|-26 -23 -3|51 62 -23 -37|0.9 59|13 -2 -3 -33 -5
6271 同欣電|半導體業|2 -2 -6|59 67 -30 -32|1.4 113|17 -6 -0 -29 13
6274 台燿|電子零組|25 47 -3|69 71 -25 -27|1.2 803|30 4 -1 2 -28
6275 元山|電子零組|17 13 4|53 68 -21 -29|1.3 20|2 -5 0 -26 23
6278 台表科|光電業|8 15 17|65 76 -17 -16|1.2 198|20 3 -0 -33 32
6279 胡連|電子零組|27 25 3|73 73 -19 -25|1.3 116|22 13 -4 -15 -53
6281 全國電|電子通路|2 -1 0|90 91 -6 -8|1.8 10|2 -5 0 -50 63
6282 康舒|電子零組|-9 3 -10|60 68 -20 -28|1.6 65|8 10 0 -25 -20
6283 淳安|其他電子|-17 86 52|60 68 -18 -24|2.1 18|20 6 0 -35 -1
6284 佳邦|電子零組|12 8 -1|64 69 -26 -31|1.3 53|3 6 -1 -24 -13
6285 啟碁|通信網路|8 11 9|70 77 -12 3|0.7 530|19 15 -1 1 -18
6288 聯嘉|汽車工業|-6 7 -16|50 56 -29 -35|1.9 16|2 7 0 -30 -7
6290 良維|電子零組|22 39 22|66 75 -8 -18|1.1 214|4 2 -1 -28 -19
6291 沛亨|半導體業|20 2 22|47 67 -11 -24|0.5 5|0 -1 0 -28 -36
6405 悅城|光電業|-100 -99 -47|42 42 -33 -48|1.0 7|6 11 0 -24 7
6409 旭隼|其他電子|3 12 -13|58 62 -25 -36|1.3 403|69 1 -0 -25 83
6411 晶焱|半導體業|5 2 -4|64 67 -20 -33|3.0 7|4 -4 0 -20 -3
6412 群電|電子零組|10 5 1|56 75 -19 -24|1.2 74|10 -17 1 60 38
6414 樺漢|電腦及週|2 7 -12|71 78 -12 -14|1.6 215|21 -8 3 -44 -6
6415 矽力*-KY|半導體業|4 10 -10|70 71 -1 -29|1.4 729|86 -0 2 -43 24
6416 瑞祺電通|通信網路|12 37 18|52 52 -26 -46|0.7 69|5 1 -2 -48 20
6425 易發|電機機械|-27 -25 -99|47 50 -42 -45|0.9 24|1 -4 0 -19 38
6426 統新|通信網路|30 36 34|52 52 -32 -27|0.5 21|11 2 0 -25 -20
6431 光麗-KY|生技醫療|31 97 22|72 80 12 -17|1.1 5|56 26 0 na na
6435 大中|半導體業|22 31 24|70 70 -11 -16|0.9 27|7 14 0 -23 -7
6438 迅得|其他電子|22 22 23|60 60 -28 -19|0.9 391|11 3 -6 -17 -8
6442 光聖|通信網路|79 162 -17|48 48 -45 -19|0.5 846|35 -1 -0 -14 -8
6443 元晶|光電業|-54 -35 7|42 58 -25 -44|1.2 62|10 -10 0 -15 8
6446 藥華藥|生技醫療|112 98 2|64 64 -20 -23|0.9 613|22 -3 -0 -17 12
6449 鈺邦|電子零組|38 28 7|48 52 -36 -45|0.9 29|2 3 2 -33 3
6451 訊芯-KY|半導體業|153 121 84|48 48 -43 -43|0.3 309|66 3 -0 -23 -10
6456 GIS-KY|光電業|-17 6 6|53 66 -20 -32|0.7 20|50 5 0 -14 -13
6462 神盾|半導體業|13 7 -17|31 42 -45 -55|0.9 117|14 14 0 -35 -8
6469 大樹|生技醫療|12 11 4|63 82 10 -18|1.2 74|8 13 -1 -51 -10
6470 宇智|通信網路|41 63 53|71 71 -19 -17|1.6 11|7 2 0 -21 -0
6472 保瑞|生技醫療|95 75 -0|73 76 -8 -8|1.3 576|10 -8 -4 -11 -2
6477 安集|光電業|19 -19 1|56 65 -22 -25|0.3 43|2 -2 0 -27 27
6485 點序|半導體業|34 56 57|65 69 26 -12|0.5 34|10 4 0 -24 -15
6486 互動|通信網路|-25 8 -17|82 88 -7 -9|2.8 9|5 -3 0 -22 -1
6488 環球晶|半導體業|-4 4 9|52 68 -21 -31|1.0 683|15 -5 -10 -13 17
6491 晶碩|生技醫療|-4 -8 -3|61 75 -17 -25|1.7 73|8 3 -0 -30 -1
6492 生華科|生技醫療|0 0 0|52 60 -23 -36|2.5 6|5 7 0 -36 -2
6499 益安|生技醫療|107 117 42|76 82 2 -12|1.3 8|13 0 0 20 7
6505 台塑化|油電燃氣|2 1 5|46 66 1 -37|0.9 232|5 -9 7 -29 4
6509 聚和|化學工業|9 12 4|64 64 -24 -27|1.4 14|5 -11 0 -27 24
6510 精測|半導體業|54 73 30|59 59 -37 -2|0.7 124|23 0 2 -37 -4
6515 穎崴|半導體業|84 119 23|52 52 -30 -37|0.7 1256|21 1 -9 1 21
6517 保勝光學|光電業|7 8 3|63 63 -9 -15|1.1 516|4 1 0 114 -40
6523 達爾膚|生技醫療|5 -2 -6|78 90 -6 -2|3.2 7|5 -22 0 -36 51
6525 捷敏-KY|半導體業|12 15 5|79 79 -5 -3|0.9 13|12 -3 0 -36 2
6526 達發|半導體業|12 40 -6|59 65 -27 -24|1.4 128|8 10 -18 -31 1
6530 創威|通信網路|16 21 9|49 49 -39 -48|0.4 16|9 19 0 -38 2
6531 愛普*|半導體業|27 32 25|54 64 -28 -28|1.5 141|14 4 0 -20 2
6532 瑞耘|半導體業|17 17 8|67 70 -17 -20|1.8 10|4 4 0 -16 -10
6533 晶心科|半導體業|12 31 -38|59 59 -33 -34|0.7 136|21 2 -1 -31 23
6535 順藥|生技醫療|2251 717 554|40 40 -35 -51|1.0 55|6 13 -1 na na
6538 倉和|電子零組|-20 -20 -15|45 69 -12 -32|1.9 17|3 5 0 -38 -2
6541 泰福-KY|生技醫療|6085 2377 1714|68 68 -11 -16|1.1 13|15 -5 0 -29 0
6546 正基|通信網路|5 17 7|35 38 -40 -61|2.2 99|6 8 -7 -33 -36
6547 高端疫苗|生技醫療|73 104 na|71 72 14 -9|0.6 125|7 8 0 7 -27
6548 長科*|半導體業|22 17 9|77 85 -1 -14|2.6 37|5 -7 0 -27 8
6550 北極星藥業-KY|生技醫療|-19 -59 na|40 55 -34 -42|1.8 20|66 6 0 -48 na
6558 興能高|其他電子|-11 6 4|67 67 15 84|0.1 488|7 1 0 -45 -13
6561 是方|通信網路|11 11 -7|74 74 -15 -17|1.6 28|11 4 1 -17 2
6568 宏觀|半導體業|-11 13 -6|56 56 -21 -26|0.3 16|4 -2 0 -47 -1
6569 醫揚|生技醫療|15 12 21|53 67 -21 -28|1.2 7|3 3 0 -35 -5
6570 維田|電腦及週|-26 -4 1|52 59 -25 -31|0.6 6|2 0 0 -29 -0
6576 逸達|生技醫療|-33 16 na|65 75 -17 -21|1.5 15|23 2 0 na na
6577 勁豐|電腦及週|1 3 12|64 64 -10 -9|0.6 13|2 -1 0 -50 39
6579 研揚|電腦及週|28 12 18|64 79 -6 -19|1.2 21|3 2 0 -16 -4
6581 鋼聯|綠能環保|6 5 -19|87 87 -6 -8|1.8 7|1 -4 0 -20 13
6584 南俊國際|電子零組|23 28 -16|55 65 -26 -28|1.2 38|8 10 0 -26 -10
6585 鼎基|其他|3 8 -7|52 63 -19 -21|0.8 36|16 5 -0 -53 -9
6589 台康生技|生技醫療|53 -4 -23|62 64 -17 -31|1.7 17|7 23 0 -33 -9
6591 動力-KY|電腦及週|63 55 49|67 73 -14 -11|1.0 14|23 -6 1 -20 4
6592 和潤企業|其他|-22 -22 -14|55 71 -14 -30|2.4 31|24 12 1 -25 -3
6596 寬宏藝術|文化創意|-43 116 31|87 87 -0 21|1.4 53|9 -5 0 3 -3
6603 富強鑫|電機機械|-17 34 11|64 73 -12 -23|2.2 5|5 -8 0 -50 0
6605 帝寶|汽車工業|8 3 -6|60 65 -21 -35|1.9 79|16 11 3 -19 3
6606 建德工業|電機機械|1 6 2|78 90 3 -3|1.6 17|1 0 0 -36 -49
6609 瀧澤科|電機機械|2 43 18|39 39 -41 -47|0.7 19|55 16 0 -40 -22
6613 朋億*|其他電子|-26 -1 -7|61 61 -14 -4|1.0 50|8 1 -2 -74 25
6617 共信-KY|生技醫療|19 43 na|na 64 -32 -31|1.4 10|38 -4 0 na na
6625 必應|其他|-30 75 42|59 64 -32 -29|2.1 16|2 6 0 -37 5
6640 均華|半導體業|-62 -25 -122|32 37 -40 -65|0.7 38|4 5 0 na 9
6642 富致|電子零組|13 21 -5|74 74 -17 -17|2.0 6|1 -3 0 -25 -9
6643 M31|半導體業|54 28 26|31 52 -37 -45|0.8 343|14 4 -2 -19 -4
6649 台生材|生技醫療|221 287 -21|78 78 1 -6|1.0 12|3 2 0 -17 24
6651 全宇昕|半導體業|23 39 19|71 71 -11 -23|1.3 36|7 1 0 -47 -18
6654 天正國際|其他電子|144 82 81|98 98 61 53|2.2 6|0 -0 0 117 39
6657 華安|生技醫療|-35 -3 -23|70 70 10 5|0.7 53|8 4 0 -5 na
6658 聯策|其他電子|-8 102 44|49 49 -31 -35|0.5 83|2 -1 0 -34 39
6664 群翊|電子零組|-7 -3 -5|47 51 -31 -50|1.8 35|4 3 0 -35 -0
6667 信紘科|其他電子|96 122 45|69 69 -7 -23|1.1 221|4 3 0 -12 -43
6668 中揚光|光電業|-25 13 8|42 59 -36 -35|1.8 20|13 8 0 -16 -30
6669 緯穎|電腦及週|227 139 49|64 69 -27 9|1.5 2698|32 2 -3 -15 1
6670 復盛應用|運動休閒|42 31 3|85 85 -2 12|1.4 284|37 24 8 -13 53
6672 騰輝電子-KY|電子零組|0 -5 5|67 69 -2 -14|0.3 67|21 5 0 -27 -22
6679 鈺太|半導體業|-8 5 -3|42 52 -37 -42|3.8 55|9 11 -6 -15 -31
6683 雍智科技|半導體業|15 19 -8|53 53 -34 -23|0.4 115|14 6 -4 na -13
6684 安格|半導體業|-0 -12 -3|39 50 -40 -43|1.7 5|2 19 0 -36 -17
6689 伊雲谷|數位雲端|16 18 -10|64 64 -33 -16|0.4 38|8 16 -0 -49 -5
6690 安碁資訊|數位雲端|11 15 -2|63 72 -22 -24|1.4 12|4 -5 0 10 0
6691 洋基工程|其他電子|39 46 27|81 81 -10 32|1.5 191|7 -3 3 -22 51
6692 進能服|綠能環保|157 195 82|66 79 -7 -14|1.1 11|1 2 0 25 4
6693 廣閎科|半導體業|14 29 8|64 65 -30 -33|2.2 15|9 -1 0 2 3
6695 芯鼎|半導體業|26 15 15|50 57 -38 -31|0.8 21|2 15 0 -37 -22
6698 旭暉應材|其他電子|20 -11 8|46 58 -32 -44|1.8 5|3 -2 0 -34 -21
6703 軒郁|生技醫療|-13 -15 -24|50 76 -8 -23|1.6 7|12 3 0 na -23
6706 惠特|光電業|105 140 113|32 32 -49 -66|0.6 120|12 6 -1 -21 -2
6712 長聖|生技醫療|11 9 -8|74 85 -10 -13|1.5 30|2 -5 0 -21 4
6715 嘉基|電子零組|1 -20 -12|55 58 -26 -34|1.8 9|2 7 0 -1 5
6719 力智|半導體業|43 16 -6|50 60 -28 -39|1.1 52|7 4 -2 -33 -4
6720 久昌|半導體業|17 16 na|na na -11 na|0.7 8|1 -1 0 na 9
6728 上洋|居家生活|54 55 14|98 98 19 25|3.1 10|2 13 0 -27 31
6732 昇佳電子|半導體業|22 -5 -4|43 56 -28 -39|2.1 15|4 10 -1 -35 -20
6739 竹陞科技|其他電子|68 109 na|na 57 -4 -3|0.6 32|2 -12 0 na 43
6741 91APP*-KY|數位雲端|6 11 -5|70 70 -11 -17|1.0 28|53 -1 0 -31 5
6742 澤米|光電業|13 6 -28|49 53 -33 -37|0.2 38|2 9 0 -53 -12
6743 安普新|其他電子|-28 13 -61|41 51 -28 -49|1.7 7|5 -7 0 -38 -7
6752 叡揚|資訊服務|34 21 8|80 80 1 9|0.6 30|3 2 0 -21 -20
6753 龍德造船|航運業|-4 10 -5|61 80 -1 -13|2.1 373|2 -0 0 11 34
6756 威鋒電子|半導體業|-8 6 20|41 51 -26 -49|1.5 9|3 3 0 -27 -18
6757 台灣虎航|航運業|1 10 -11|86 86 2 48|1.5 450|7 -4 10 -59 -1
6761 穩得|電子零組|7 14 -3|76 79 -3 -16|1.1 60|4 -2 0 -43 -15
6763 綠界科技*|數位雲端|20 6 1|57 57 -13 25|0.4 51|2 10 0 na -20
6768 志強-KY|運動休閒|40 53 13|60 60 -19 0|0.3 111|71 -8 -3 -31 -10
6770 力積電|半導體業|0 3 -1|49 66 -12 -34|0.7 255|7 -4 0 -25 5
6781 AES-KY|電子零組|56 50 31|58 58 -32 34|0.4 1670|79 5 -1 -37 -26
6782 視陽|生技醫療|43 18 -29|50 62 -17 -40|1.4 52|6 3 -1 -41 8
6785 昱展新藥|生技醫療|na na na|34 65 -10 -34|1.3 11|8 -6 0 -16 9
6788 華景電|半導體業|39 64 -14|56 60 -22 -36|1.6 46|10 -11 0 -29 29
6789 采鈺|半導體業|11 3 -28|50 56 -39 -34|0.7 189|7 6 -0 -56 -1
6790 永豐實|造紙工業|6 6 -0|73 84 3 -12|2.1 6|2 -4 -3 72 3
6791 虎門科技|資訊服務|36 23 8|58 58 -34 15|0.4 9|12 -2 0 na na
6799 來頡|半導體業|21 11 19|58 76 8 -15|1.6 74|4 -2 0 10 20
6803 崑鼎|綠能環保|13 13 -1|93 93 -0 -1|3.6 15|3 -8 0 -24 25
6805 富世達|電子零組|36 33 -1|40 40 -44 -50|0.8 1049|18 -2 -1 -6 12
6806 森崴能源|綠能環保|55 144 46|43 60 -32 -39|1.1 94|5 13 0 -44 -20
6811 宏碁資訊|數位雲端|17 26 6|60 63 -30 -20|0.8 24|3 5 -4 -39 3
6829 千附精密|半導體業|56 38 13|71 71 -5 -7|0.8 783|7 0 -0 84 25
6830 汎銓|其他電子|19 6 2|50 50 -29 -42|0.5 51|2 4 0 -31 -15
6835 圓裕|電子零組|-3 4 -6|66 70 -7 -24|0.7 20|9 4 0 -56 2
6838 台新藥|生技醫療|-100 na na|na 48 -40 -51|1.4 12|2 -1 0 31 176
6841 長佳智能|生技醫療|24 43 -217|54 69 -11 -21|0.9 77|2 0 0 -42 7
6846 綠茵|食品工業|-1 9 2|80 80 -9 -5|2.2 7|0 -0 0 na na
6854 錼創科技-KY創|半導體業|-10 55 -33|52 52 -30 42|1.2 162|38 -2 0 -17 -45
6859 伯特光|光電業|153 127 86|63 63 -26 -2|1.1 32|15 1 1 -39 -47
6862 三集瑞-KY|電子零組|13 26 na|na na -27 na|1.3 8|64 -2 0 na na
6863 永道-KY|通信網路|23 27 -40|52 54 -34 -44|0.5 68|71 1 -7 -38 5
6865 偉康科技|數位雲端|7 -8 -7|84 84 2 42|0.9 6|0 -0 0 na na
6869 雲豹能源|綠能環保|-25 8 27|41 60 -23 -40|0.9 212|3 8 0 -32 -59
6870 騰雲|數位雲端|24 20 -5|60 60 -22 -22|1.0 16|1 2 0 na -44
6873 泓德能源|綠能環保|38 88 -126|66 79 -8 -21|1.3 169|13 -0 -0 -22 18
6877 鏵友益|其他電子|61 61 -124|63 63 -20 3|0.3 221|7 -1 0 -25 1
6885 全福生技|生技醫療|na na na|na na -29 na|1.7 6|3 2 0 na na
6890 來億-KY|運動休閒|47 25 na|na 57 -27 -19|0.4 373|91 -9 9 -12 47
6895 宏碩系統|半導體業|115 50 27|34 45 -50 -46|1.3 6|3 -1 -3 -43 -13
6901 鑽石投資|其他|-286 41 31|47 53 -32 -46|2.1 15|1 11 0 -39 -3
6903 巨漢|其他電子|-50 -48 na|na 66 -24 -33|1.4 8|0 -0 0 -54 6
6906 現觀科|數位雲端|-11 5 -8|62 62 -12 -31|0.9 11|12 -7 1 -26 14
6913 鴻呈|電子零組|26 48 na|na 54 -28 -11|0.4 24|0 -5 0 na 30
6914 阜爾運通|其他|15 18 6|na 86 10 -7|1.3 12|2 1 0 -17 43
6916 華凌|光電業|1 13 7|53 53 -30 -36|0.4 9|1 4 0 -8 -13
6919 康霈*|生技醫療|na na na|na 61 1 15|2.4 550|7 4 -0 na na
6922 宸曜|電腦及週|14 29 -12|60 60 -21 0|0.5 37|3 -0 0 na 28
6928 攸泰科技|電腦及週|8 24 51|na 56 -44 -32|0.3 10|0 -3 0 -44 13
6933 AMAX-KY|電腦及週|62 53 43|37 49 -35 -38|1.4 10|34 10 0 -21 9
6937 天虹|半導體業|-27 3 -51|41 41 -54 -43|0.7 92|3 5 -1 -40 -41
6949 沛爾生醫-創|生技醫療|-22 149 84|66 74 46 44|0.6 14|1 -0 0 na na
6957 裕慶-KY|其他|-45 -12 na|na 67 -23 -27|1.3 32|6 -3 -3 -52 29
6962 奕力-KY|半導體業|-4 -9 na|na na -7 na|0.8 334|50 -9 0 na na
6968 萬達寵物|居家生活|11 11 na|na 77 -0 -22|1.1 5|2 -2 0 6 56
6982 大井泵浦|電機機械|9 20 na|na na -36 na|0.3 6|1 -2 0 na 39
6996 力領科技|半導體業|-6 -8 na|na na -30 na|1.7 11|1 8 0 na na
7402 邑錡|光電業|10 -2 6|62 75 -4 1|0.7 359|6 1 0 -25 -36
7556 意德士科技|半導體業|26 40 9|69 69 -20 -3|0.8 6|3 -5 0 na 130
7712 博盛半導體|半導體業|3 -4 na|na na -56 na|0.8 6|1 7 0 na na
7722 LINEPAY|數位雲端|25 24 na|na na 20 na|0.6 74|60 -2 -5 na na
8011 台通|通信網路|-40 -35 -43|64 65 -17 -28|1.6 23|4 2 0 -22 -4
8016 矽創|半導體業|34 6 1|61 79 -13 -20|1.5 140|28 -17 -1 -12 18
8021 尖點|其他電子|16 21 -9|60 61 -26 -28|1.8 10|10 -9 0 -56 5
8027 鈦昇|電機機械|59 12 -14|45 55 -23 -42|1.0 24|3 7 0 -26 -12
8028 昇陽半導體|半導體業|49 47 23|60 60 -27 -26|0.3 884|22 -6 -1 -31 -5
8032 光菱|電子通路|44 32 9|45 45 -34 -5|0.5 13|2 2 0 -40 -7
8033 雷虎|其他|56 26 -5|67 76 -19 -7|0.3 185|2 0 0 na -68
8039 台虹|電子零組|6 14 -3|51 64 -16 -35|0.9 69|10 -6 0 -51 8
8040 九暘|半導體業|19 20 15|51 62 -31 -39|1.6 12|2 -2 0 -42 22
8042 金山電|電子零組|28 16 7|55 55 -17 -13|0.5 31|4 -0 0 -31 10
8043 蜜望實|電子零組|5 5 4|45 50 -27 -42|1.1 6|2 7 0 -23 -6
8044 網家|數位雲端|-1 -7 2|58 58 -20 14|1.2 31|9 -7 0 -30 15
8045 達運光電|通信網路|9 -32 na|na na 1 na|0.5 46|1 -0 1 na na
8046 南電|電子零組|16 22 27|40 58 -35 -39|1.2 262|4 1 -3 -23 -4
8050 廣積|電腦及週|67 59 46|67 73 -21 -24|1.0 29|6 -7 -0 -27 2
8054 安國|半導體業|12 -4 -16|37 47 -49 -49|0.7 139|5 7 0 -31 -19
8059 凱碩|通信網路|97 240 133|45 45 -38 -40|0.8 7|2 -1 0 -14 na
8064 東捷|光電業|-14 -10 -4|45 45 -39 -45|0.6 36|3 19 0 -42 -18
8068 全達|電子通路|31 12 5|52 64 -25 -35|1.8 12|7 -1 0 -39 -15
8069 元太|光電業|86 52 12|68 68 -19 -29|0.9 778|43 6 -3 -21 8
8070 長華*|電子通路|15 13 4|53 60 -20 -39|1.7 169|11 2 -0 -37 -6
8071 能率網通|電子零組|14 9 8|65 70 -20 -16|0.6 21|2 1 0 -33 17
8072 陞泰|電子通路|14 26 34|100 100 38 24|8.1 24|1 1 0 262 32
8076 伍豐|電腦及週|-20 -29 -11|66 70 -18 -31|1.3 18|5 -1 0 -21 14
8081 致新|半導體業|3 12 6|64 81 -12 -11|1.3 128|26 -3 2 -43 -5
8083 瑞穎|電機機械|-40 -32 -44|81 85 -12 -6|1.3 7|2 -10 0 -11 11
8085 福華|其他電子|23 18 21|20 49 -39 -51|2.1 7|4 5 0 -22 -3
8086 宏捷科|半導體業|-34 -40 -75|44 59 -39 -36|0.8 65|6 -6 -0 -19 4
8088 品安|半導體業|22 7 27|49 65 14 -15|0.3 50|7 0 0 78 -19
8089 康全電訊|通信網路|139 23 -311|36 46 -34 -49|1.2 33|3 7 0 -32 1
8091 翔名|半導體業|-11 -1 -9|64 70 -10 -27|3.5 31|8 -7 1 -57 -23
8096 擎亞|電子通路|96 98 64|69 69 47 22|0.6 1175|25 -0 0 -36 26
8097 常珵|通信網路|3040 527971 394302|72 72 -14 -6|1.1 24|4 -2 0 30 -29
8099 大世科|資訊服務|-7 -2 0|52 68 -23 -25|2.1 9|3 12 0 -9 -9
8103 瀚荃|電子零組|6 20 7|51 67 -18 -33|2.1 34|20 -4 0 -47 -8
8104 錸寶|光電業|107 41 40|52 52 -26 -32|1.0 27|4 2 0 -41 -20
8105 凌巨|光電業|9 3 1|47 63 -25 -35|1.1 11|41 -1 0 -34 -12
8109 博大|電子零組|12 3 19|89 91 -6 -0|3.3 8|2 -12 0 17 5
8110 華東|半導體業|-15 -9 -13|50 66 -17 -33|0.9 22|3 -3 0 -10 -6
8111 立碁|光電業|4 8 1|54 54 -27 -12|0.2 211|11 2 0 -34 -44
8112 至上|電子通路|-28 -14 -46|51 71 -17 -28|1.6 88|10 -7 -2 -34 8
8114 振樺電|電腦及週|203 164 80|66 66 -33 13|0.8 114|27 1 0 -57 6
8121 越峰|電子零組|5 1 -18|37 50 -30 -48|1.2 11|1 -11 0 na na
8131 福懋科|半導體業|-6 -5 -20|65 72 -7 -28|1.7 9|3 -13 -0 9 -31
8147 正淩|電子零組|60 29 6|50 58 -27 -35|0.6 31|14 -4 0 -44 -5
8150 南茂|半導體業|5 2 -1|50 69 -17 -32|2.2 51|31 -12 -0 -39 16
8155 博智|電子零組|70 62 22|65 65 -6 -17|0.7 384|4 0 2 -0 75
8163 達方|電腦及週|14 7 17|49 67 -18 -30|1.3 27|13 -22 -0 -40 -9
8171 天宇|綠能環保|-93 -72 -72|76 76 5 7|1.3 43|3 0 0 -7 9
8176 智捷|通信網路|3 71 27|52 52 -25 -35|1.3 6|2 2 0 na na
8210 勤誠|電腦及週|63 61 18|66 71 -16 -15|0.5 184|12 5 2 -20 -16
8213 志超|電子零組|7 10 12|63 73 -15 -27|3.3 11|17 -0 0 -2 -13
8215 明基材|光電業|3 0 -7|65 65 -25 -30|1.8 6|3 11 -3 -33 -8
8222 寶一|電機機械|44 34 8|99 99 38 39|4.0 443|5 0 0 118 -8
8227 巨有科技|半導體業|95 31 51|42 61 -32 -34|1.3 32|2 10 0 -28 1
8234 新漢|電腦及週|48 42 27|65 65 8 40|0.4 366|9 -2 0 -18 -3
8240 華宏|光電業|12 15 11|60 60 -26 -15|1.1 8|8 5 0 -30 2
8249 菱光|電子零組|33 63 -10|56 56 -29 -37|0.3 80|3 -2 0 -36 48
8255 朋程|電機機械|8 21 -8|51 66 -29 -33|1.8 25|9 -6 -0 -29 12
8261 富鼎|半導體業|29 24 13|67 67 -25 -16|0.9 48|9 -2 -0 -16 6
8271 宇瞻|半導體業|15 6 0|56 78 -6 -21|1.9 11|4 3 0 -30 2
8299 群聯|半導體業|-16 -16 -26|61 73 -13 -7|0.8 1143|34 -1 7 -19 -28
8341 日友|綠能環保|32 26 3|73 74 -11 -19|3.0 12|6 -7 0 -34 -2
8349 恒耀國際|鋼鐵工業|-10 -12 -12|73 74 -14 -26|2.2 15|1 0 0 -25 15
8358 金居|電子零組|20 15 -8|57 70 -26 -28|1.0 71|6 -3 -0 -20 -3
8374 羅昇|電機機械|47 62 21|50 52 -41 -42|0.4 48|4 17 -0 -38 -8
8383 千附|半導體業|57 38 6|69 69 -8 -6|1.0 223|10 -2 0 428 117
8390 金益鼎|綠能環保|13 20 -19|69 69 -7 -22|1.1 60|2 -0 0 -34 -4
8401 白紗科|其他|-2 2 -1|82 82 -8 3|1.1 7|2 -1 0 -52 -11
8404 百和興業-KY|其他|25 42 4|55 55 -30 -33|0.8 28|54 3 -0 -19 0
8415 大國鋼|鋼鐵工業|12 3 6|86 86 0 0|0.6 41|10 0 3 -20 4
8422 可寧衛*|綠能環保|-9 18 -17|95 95 3 -1|3.9 78|13 12 0 33 5
8431 匯鑽科|其他電子|50 54 24|69 69 -20 -17|1.4 46|5 -4 0 -15 -21
8433 弘帆|居家生活|-9 10 6|74 82 -10 -14|3.8 8|1 2 0 21 -40
8436 大江|生技醫療|13 6 9|86 86 12 3|1.2 184|16 11 1 -18 -43
8438 昶昕|綠能環保|23 25 6|52 68 -9 -31|0.7 13|1 -0 0 -34 18
8442 威宏-KY|其他|17 11 5|65 71 -23 -27|1.9 18|59 -0 0 -28 -9
8446 華研|文化創意|-13 -12 -27|82 82 -8 -13|3.0 13|7 -32 0 -39 -4
8454 富邦媒|數位雲端|-1 -2 -3|73 83 -3 -17|1.8 101|15 3 0 -40 -34
8462 柏文|運動休閒|18 19 -0|88 94 14 -2|1.7 22|2 13 0 2 1
8464 億豐|居家生活|14 16 3|69 69 -11 -29|1.8 201|42 -1 1 -59 -22
8466 美吉吉-KY|其他|8 27 -16|40 45 -35 -56|2.5 5|51 3 0 -7 8
8467 波力-KY|運動休閒|8 18 -10|42 42 -50 -43|1.3 35|46 10 -14 -29 -5
8473 山林水|綠能環保|118 61 46|51 67 -19 -33|1.6 23|3 -19 0 -3 -32
8476 台境*|綠能環保|-27 -22 -26|32 35 -16 -63|1.2 7|3 -24 0 -9 113
8478 東哥遊艇|運動休閒|-67 -33 -5|35 47 -30 -52|1.6 27|41 6 0 -29 -15
8482 商億-KY|居家生活|26 14 3|53 53 -26 3|0.7 18|93 14 -4 -66 4
8489 三貝德|其他|-6 -8 -7|83 83 -12 4|1.6 10|7 1 0 36 25
8499 鼎炫-KY|其他電子|28 26 10|81 81 19 19|1.1 22|72 8 0 18 56
8924 大田|運動休閒|-10 -10 -24|65 71 -18 -29|2.5 5|4 1 0 -12 0
8926 台汽電|油電燃氣|1 -3 -64|82 88 -2 -11|3.9 38|7 1 0 -39 -1
8927 北基|油電燃氣|57 27 -41|73 74 -1 -23|1.8 14|1 -0 0 -24 -9
8930 青鋼|鋼鐵工業|-1 -2 -0|78 78 -4 -12|1.2 21|3 1 0 -33 -8
8932 智通*|數位雲端|81 71 -0|50 81 -8 3|2.0 35|28 3 0 4 7
8936 國統|其他|22 19 -5|60 83 10 -14|1.3 158|7 -2 0 -26 17
8937 合騏*|其他|-18 -16 -21|55 55 -31 30|1.3 86|1 3 0 -25 -6
8938 明安|運動休閒|32 27 11|77 81 -11 -18|2.1 44|7 2 -0 -28 12
8942 森鉅|其他|8 21 30|75 80 -7 -17|2.8 9|14 5 0 -55 -23
8996 高力|電機機械|57 31 24|39 55 -37 -44|0.6 265|19 1 -1 -31 -14
9802 鈺齊-KY|運動休閒|76 45 31|61 61 -20 -24|0.5 124|50 4 3 -43 -2
9904 寶成|運動休閒|4 5 -4|69 69 -18 -15|1.5 370|50 4 -0 -23 21
9906 欣巴巴|建材營造|-100 108071 -9449|39 60 -27 -41|1.5 37|3 -8 -0 -48 21
9907 統一實|其他|29 23 -10|89 89 10 -3|2.2 65|19 16 1 -29 -6
9908 大台北|油電燃氣|-1 2 5|96 98 1 0|3.4 5|1 -6 0 28 -17
9910 豐泰|運動休閒|-2 1 0|63 71 -23 -28|1.7 104|12 -2 -2 -42 3
9911 櫻花|居家生活|13 15 1|90 95 3 1|3.1 51|20 2 1 -11 -8
9914 美利達|運動休閒|7 34 5|52 61 -13 -39|1.4 337|33 -5 -1 -43 10
9917 中保科|其他|11 8 3|77 81 -8 -15|2.5 63|41 -31 11 -44 -11
9919 康那香|其他|-1 -0 -2|63 69 -21 -22|0.3 7|5 21 0 -9 -5
9921 巨大|運動休閒|-5 8 8|51 60 -11 -39|1.0 285|28 -6 0 -55 28
9924 福興|居家生活|-6 -6 6|75 78 -12 -23|2.3 10|13 -1 -2 -11 -11
9927 泰銘|其他|-2 4 10|88 89 8 2|2.1 37|9 9 0 -45 -44
9930 中聯資源|綠能環保|21 18 6|93 95 1 3|3.3 9|3 3 0 -66 -4
9933 中鼎|其他|-24 -24 -27|71 84 -1 -17|1.5 43|14 -12 0 -26 -10
9934 成霖|居家生活|14 2 1|55 65 -16 -36|2.1 11|18 -9 0 -15 32
9935 慶豐富|居家生活|-5 7 -9|66 66 -19 -32|0.9 13|9 -2 0 -23 1
9937 全國|油電燃氣|-0 -1 1|93 93 -3 -6|0.3 5|2 -10 0 -15 15
9938 百和|其他|17 24 -2|63 63 -25 -31|1.1 71|26 -5 -5 -33 -5
9939 宏全|其他|13 14 4|83 87 1 -9|2.5 215|19 -14 18 -51 28
9940 信義|其他|-26 -29 -20|79 89 -0 -8|2.8 6|6 -9 1 -38 2
9941 裕融|其他|-3 -6 -3|67 72 -10 -29|1.1 74|5 3 -3 -28 -0
9942 茂順|其他|3 3 17|79 88 -6 -9|2.6 11|4 -4 0 -15 -16
9945 潤泰新|其他|-6 7 -12|61 67 -24 -33|1.5 253|13 -4 1 -8 32
9946 三發地產|建材營造|-92 -11 -96|36 67 -24 -35|2.5 10|4 -8 0 -25 9
9955 佳龍|綠能環保|72 9 -2|64 70 -17 -30|0.7 19|1 -1 0 -35 4
9958 世紀鋼|鋼鐵工業|19 29 33|42 65 -6 -30|1.1 460|11 1 1 -20 -8
