# 2022-10-03 全池(961 檔)。欄位:代碼 名稱|產業|最新月YoY 3月YoY均 加速度|距52週高% 距120日高% 60日漲% 120日漲%|量能比 日均值M|外持% 外20 投20 資20 券20(外資持股比;外資/投信20日淨買佔成交值%;融資/借券餘額20日變化%)
1101 台泥|水泥工業|19 16 12|74 80 -7 -21|2.1 1228|20 -21 5 27 28
1102 亞泥|水泥工業|-2 8 -3|87 87 -4 -11|1.3 458|17 -5 13 17 68
1104 環泥|水泥工業|40 33 17|91 91 -4 1|1.1 8|13 -8 0 10 8
1201 味全|食品工業|5 4 1|84 88 -1 -6|1.0 6|11 2 0 -5 -6
1210 大成|食品工業|34 13 -1|83 83 -2 -13|1.5 27|10 -20 0 -11 15
1215 卜蜂|食品工業|17 15 -2|97 97 13 12|0.7 17|39 -8 11 -9 9
1216 統一|食品工業|16 14 4|98 98 0 5|1.3 448|40 0 4 -5 80
1218 泰山|食品工業|10 11 -4|94 94 -3 24|0.6 16|2 -1 0 3 -4
1219 福壽|食品工業|16 17 1|72 72 1 -6|0.6 14|6 -22 0 -1 3
1227 佳格|食品工業|-5 -17 -5|74 78 -14 -20|1.9 18|6 -9 2 -12 7
1229 聯華|食品工業|5 10 -7|74 80 -5 -19|1.3 58|11 -12 0 3 2
1231 聯華食|食品工業|10 13 4|85 85 -12 -6|1.7 15|2 -17 0 -27 48
1232 大統益|食品工業|34 33 13|94 95 1 2|1.0 8|1 -1 16 -61 16
1258 其祥-KY|食品工業|14 16 9|75 75 3 2|0.1 5|77 11 0 -31 16
1301 台塑|塑膠工業|-25 -10 -25|79 86 2 -11|0.9 683|35 -14 -6 13 34
1303 南亞|塑膠工業|-26 -19 -30|80 83 4 -17|1.1 388|30 -11 5 -20 29
1304 台聚|塑膠工業|-14 -6 -17|54 75 -8 -22|0.6 31|33 2 3 -12 -4
1305 華夏|塑膠工業|-32 -19 -28|48 66 -20 -34|1.3 24|10 -9 0 -16 -1
1308 亞聚|塑膠工業|37 23 -12|63 84 12 -15|0.9 69|9 14 -0 -6 -15
1309 台達化|塑膠工業|-17 -9 -11|60 74 -11 -26|1.3 12|3 6 0 -13 -10
1310 台苯|塑膠工業|-25 -1 -28|65 78 -2 -22|1.1 5|7 -5 0 -8 -3
1312 國喬|塑膠工業|-25 -19 -15|63 73 -10 -26|1.0 41|15 2 0 -4 -0
1313 聯成|塑膠工業|-34 -18 -28|50 70 -17 -30|1.2 10|10 -6 -0 -9 8
1316 上曜|建材營造|51 436 264|47 62 -19 -38|3.1 15|2 2 0 -30 -21
1319 東陽|汽車工業|19 22 9|87 87 -2 53|0.5 317|27 -1 0 -2 54
1321 大洋|塑膠工業|1 11 -4|89 89 11 2|0.7 6|5 2 0 3 3
1325 恆大|塑膠工業|1 -32 32|43 55 -12 -41|0.9 7|4 -0 0 -7 10
1326 台化|塑膠工業|-6 5 -12|87 89 -2 -8|1.1 191|34 -16 1 -26 72
1336 台翰|電子零組|32 25 4|83 83 33 32|0.4 12|3 8 0 -8 47
1338 廣華-KY|汽車工業|11 17 7|92 92 -3 5|0.5 14|11 -6 0 17 -16
1339 昭輝|汽車工業|4 8 13|90 90 3 21|0.3 7|3 -13 0 -4 12
1342 八貫|其他|16 16 -26|85 85 12 16|1.4 41|52 2 0 -31 13
1402 遠東新|紡織纖維|14 17 0|97 97 8 9|1.1 302|18 2 17 -15 53
1409 新纖|紡織纖維|4 8 -13|84 88 1 -13|0.9 28|12 -2 0 -1 14
1410 南染|紡織纖維|-32 -25 -12|89 89 21 14|1.2 38|22 0 0 -31 407
1432 大魯閣|運動休閒|101 276 200|63 87 2 -5|1.3 7|0 -10 0 -2 na
1434 福懋|紡織纖維|21 15 3|91 97 7 0|1.4 31|8 -10 0 -1 29
1440 南紡|紡織纖維|14 5 0|63 74 -9 -27|0.8 17|6 2 0 -5 -2
1442 名軒|建材營造|-48 -76 -27|94 94 35 28|1.3 38|3 3 0 59 24
1444 力麗|紡織纖維|9 10 -21|85 87 7 -3|0.9 42|7 -2 0 -11 16
1446 宏和|紡織纖維|-34 8 27|85 85 0 -1|3.0 8|1 -2 0 1 42
1449 佳和|紡織纖維|21 -14 -26|87 91 55 1|1.7 10|1 1 0 -43 12
1451 年興|紡織纖維|1 10 -6|82 82 8 17|0.6 9|8 -7 0 34 16
1453 大將|建材營造|104187 61283 11785|45 45 -13 9|0.2 12|1 7 0 -22 46
1464 得力|紡織纖維|32 26 6|88 91 11 -5|0.6 5|2 4 0 -7 6
1467 南緯|紡織纖維|5 4 12|77 82 -15 -15|0.5 16|20 0 0 4 -1
1476 儒鴻|紡織纖維|54 31 16|61 78 -8 -16|1.3 380|40 -11 3 42 47
1477 聚陽|紡織纖維|18 20 -1|75 87 24 0|0.7 509|29 16 1 -37 -29
1503 士電|電機機械|10 12 8|89 89 -5 13|0.8 20|32 1 0 2 32
1504 東元|電機機械|7 17 4|87 87 -1 -10|0.9 71|20 -5 0 3 56
1506 正道|電機機械|12 6 -17|84 84 7 -8|0.9 8|1 8 0 na na
1513 中興電|電機機械|1 11 -2|84 84 9 12|0.5 622|25 1 -0 13 18
1514 亞力|電機機械|31 27 2|78 78 -2 6|0.3 69|13 -23 0 24 102
1515 力山|電機機械|-74 -76 -32|44 73 2 -26|0.5 27|9 -3 0 -6 3
1516 川飛|其他|31519 10494 7803|75 81 16 -22|1.8 7|2 -9 0 -19 10
1517 利奇|電機機械|15 28 7|77 87 6 -2|1.0 69|2 -13 -0 17 50
1519 華城|電機機械|-28 -26 -15|89 89 17 -2|1.8 163|6 -4 3 18 40
1522 堤維西|汽車工業|15 16 -0|81 81 -16 44|0.2 96|6 6 0 -20 -8
1524 耿鼎|汽車工業|8 22 1|85 85 20 131|0.3 347|3 1 0 -22 4
1526 日馳|電機機械|15 19 -20|82 82 23 9|0.4 40|13 8 0 2 16
1527 鑽全|電機機械|-17 -22 -20|90 90 -1 1|0.9 12|10 -3 0 -4 -1
1529 樂事綠能|電機機械|-35 -10 -111|68 100 32 1|6.6 48|1 -1 0 10 122
1532 勤美|電機機械|-28 -17 -32|88 93 4 -7|1.9 6|12 5 11 -3 21
1533 車王電|汽車工業|3 32 22|72 76 -11 -23|0.4 26|5 -16 0 -2 52
1536 和大|汽車工業|12 24 15|94 95 45 18|1.6 480|14 0 7 -5 21
1537 廣隆|電機機械|267 114 98|96 96 6 4|0.6 10|18 12 0 -23 10
1539 巨庭|電機機械|-11 -5 -21|65 65 18 67|0.2 75|8 -2 0 -26 213
1558 伸興|電機機械|6 -12 13|80 90 -6 -8|2.0 12|8 -1 0 1 12
1560 中砂|電機機械|20 25 6|72 72 -7 -5|0.5 666|20 4 -4 -10 5
1565 精華|生技醫療|-15 -10 -8|69 83 -6 -15|1.7 26|27 -4 -16 -10 16
1568 倉佑|汽車工業|-17 -3 -2|76 76 -10 14|0.1 28|3 -7 0 -18 11
1569 濱川|電腦及週|-14 5 -19|84 84 0 -14|0.6 11|6 -7 0 -8 94
1582 信錦|電子零組|-19 9 0|91 91 5 -3|0.7 6|11 -15 0 -2 -4
1584 精剛|其他|15 60 -25|71 71 3 -7|0.5 21|2 1 0 1 16
1587 吉茂|汽車工業|17 18 3|83 83 -6 -1|0.6 5|23 -9 0 -11 9
1589 永冠-KY|電機機械|14 10 13|85 85 10 -1|5.4 20|6 6 15 -9 -11
1590 亞德客-KY|電機機械|-12 -9 -14|68 68 -25 -19|1.2 397|78 -1 -0 -5 -5
1598 岱宇|運動休閒|-43 -44 1|63 89 -1 -6|0.9 11|4 0 0 -6 0
1599 宏佳騰|電機機械|-6 1 -3|72 72 0 -27|0.9 8|13 1 0 22 7
1603 華電|電器電纜|181 108 57|81 81 -5 -10|0.9 12|1 -7 0 5 51
1605 華新|電器電纜|7 7 -29|84 84 16 19|1.2 2231|21 -4 3 15 20
1609 大亞|電器電纜|2 -8 -23|63 63 -19 -34|0.7 53|10 -16 0 -6 28
1611 中電|電器電纜|-3 -5 3|71 75 -20 -18|0.5 18|12 6 -0 -10 -7
1612 宏泰|電器電纜|-26 -16 -29|52 54 -13 -44|0.9 14|12 -24 0 3 58
1618 合機|電器電纜|183 46 37|88 88 20 8|0.7 17|1 -0 0 14 95
1701 中化|生技醫療|10 7 7|79 79 2 0|0.8 10|13 0 0 -8 2
1702 南僑|食品工業|3 8 3|89 93 -3 -4|1.2 7|15 -20 0 -10 4
1707 葡萄王|生技醫療|12 4 -2|84 90 2 -2|0.8 29|13 27 0 -8 -8
1708 東鹼|化學工業|118 92 7|61 61 -4 -34|0.5 303|13 -1 -0 -8 10
1709 和益|化學工業|11 16 1|75 83 5 -13|0.6 20|5 -2 0 -12 -0
1710 東聯|化學工業|-22 -36 -33|66 82 -3 -17|1.3 16|9 0 0 -5 -10
1711 永光|化學工業|2 1 -4|61 74 -5 -26|0.5 16|8 -6 0 -4 -20
1712 興農|化學工業|26 26 6|84 84 24 9|0.6 149|20 3 1 -7 74
1720 生達|生技醫療|34 45 26|92 92 5 14|0.7 16|7 -7 3 -28 13
1721 三晃|化學工業|16 9 -12|48 65 -8 -35|0.5 18|2 -10 0 3 7
1722 台肥|化學工業|32 27 -37|68 71 -8 -28|1.5 121|14 -18 -1 -27 31
1723 中碳|化學工業|15 35 -15|85 85 -7 -5|1.0 35|11 -19 0 -35 9
1727 中華化|化學工業|17 15 -13|49 58 -12 -42|0.7 17|2 -7 0 -20 16
1732 毛寶|化學工業|-5 6 6|57 58 1 -36|0.6 55|2 0 0 -15 9
1733 五鼎|生技醫療|17 19 5|89 89 -8 4|0.6 8|7 -19 0 -39 -18
1734 杏輝|生技醫療|25 21 7|69 84 -1 4|0.4 38|6 7 0 -16 -20
1736 喬山|運動休閒|20 4 2|98 98 45 42|3.6 274|9 5 4 8 35
1737 臺鹽|食品工業|-8 -8 -22|95 95 1 -2|1.2 8|9 -2 0 -5 38
1752 南光|生技醫療|-2 10 8|77 88 -3 -1|0.9 5|2 8 0 -32 -4
1760 寶齡富錦|生技醫療|59 29 6|84 84 15 22|0.9 1948|14 -0 0 -10 4
1762 中化生|生技醫療|-11 -13 -38|68 83 3 -6|0.7 30|5 -9 3 -8 21
1773 勝一|化學工業|-4 -1 -27|64 67 -16 -32|1.5 40|5 -3 0 -18 11
1777 生泰|生技醫療|120 75 73|96 96 17 15|0.9 6|0 2 0 17 0
1783 和康生|生技醫療|17 27 -3|65 81 -5 -5|0.3 27|6 -2 1 -14 10
1784 訊聯|生技醫療|20 2 0|88 88 -5 3|0.6 13|2 -4 0 -18 80
1785 光洋科|其他電子|-28 -19 -16|55 60 -22 -38|1.9 47|9 -11 0 -11 34
1786 科妍|生技醫療|-30 21 10|87 87 18 10|0.4 6|1 6 0 -38 30
1789 神隆|生技醫療|-18 13 11|84 84 1 2|0.4 36|5 -10 -1 -10 31
1795 美時|生技醫療|6 -3 4|85 85 18 23|1.1 3403|67 -0 -2 -3 53
1802 台玻|玻璃陶瓷|-29 -27 -20|65 83 2 -17|2.7 54|8 10 0 -8 11
1808 潤隆|建材營造|-96 -93 -55|95 95 6 19|1.1 15|2 -7 0 0 11
1810 和成|玻璃陶瓷|-9 4 2|57 68 -11 -35|1.3 6|5 -19 0 -8 -87
1815 富喬|電子零組|-17 -10 -21|73 80 5 -7|0.6 23|3 -1 0 -12 24
1904 正隆|造紙工業|8 1 -5|75 81 3 -18|0.7 21|8 7 -8 -8 -4
1905 華紙|造紙工業|21 18 9|62 79 -4 -22|0.9 11|3 -3 -0 -10 10
1907 永豐餘|造紙工業|17 2 4|68 76 2 -23|1.0 24|15 4 0 7 9
1909 榮成|造紙工業|-19 -17 -26|55 75 -4 -23|0.7 22|10 -13 0 -1 14
2002 中鋼|鋼鐵工業|-13 -1 -25|73 74 0 -26|0.7 677|17 -10 7 -6 28
2006 東和鋼鐵|鋼鐵工業|9 5 -12|67 71 1 -29|0.6 82|11 -1 -24 -7 -1
2007 燁興|鋼鐵工業|-41 -20 -29|36 48 -15 -52|0.6 10|0 -9 0 -11 32
2009 第一銅|鋼鐵工業|-4 -9 -28|44 51 -21 -48|0.8 18|2 -7 0 -16 10
2010 春源|鋼鐵工業|-15 -7 -19|58 61 -7 -40|1.1 7|6 1 0 -9 -2
2013 中鋼構|鋼鐵工業|20 22 -2|85 87 1 -8|0.5 9|7 -16 0 1 19
2014 中鴻|鋼鐵工業|-57 -35 -51|49 50 -12 -50|0.6 228|6 6 -11 -11 3
2015 豐興|鋼鐵工業|-7 -4 -27|64 65 -10 -34|1.3 17|12 -28 5 0 32
2017 官田鋼|鋼鐵工業|14 -3 2|61 69 6 -31|0.5 7|1 3 0 -7 3
2020 美亞|鋼鐵工業|-9 -14 -28|77 80 10 -20|0.8 13|2 -2 0 -12 1
2023 燁輝|鋼鐵工業|-13 -19 -39|49 58 -10 -43|0.7 42|5 -16 -0 -5 19
2027 大成鋼|鋼鐵工業|8 9 -28|74 74 15 -24|1.0 279|15 2 0 -4 4
2028 威致|鋼鐵工業|-22 -26 -45|56 56 5 -43|0.3 13|0 -2 0 -7 8
2029 盛餘|鋼鐵工業|-22 -18 -40|63 65 -1 -37|0.6 7|68 -1 0 -6 7
2030 彰源|鋼鐵工業|5 6 -30|63 63 9 -37|0.7 36|3 6 0 -8 -5
2031 新光鋼|鋼鐵工業|51 13 -13|49 49 -5 -48|0.7 47|9 -1 -4 1 5
2032 新鋼|鋼鐵工業|9 -7 -10|51 55 -3 -49|0.5 10|0 -1 0 -9 35
2034 允強|鋼鐵工業|-20 -14 -41|76 77 6 -23|0.3 29|7 2 0 -13 -2
2038 海光|鋼鐵工業|48 31 -4|54 58 1 -42|0.3 14|1 -1 0 -5 24
2049 上銀|電機機械|4 9 -7|55 68 -24 -22|0.6 204|32 -1 -1 -6 10
2059 川湖|電子零組|10 28 -7|92 97 16 9|1.5 135|18 5 17 -11 32
2061 風青|電器電纜|-7 -8 -9|91 91 49 39|1.5 15|1 2 0 141 68
2065 世豐|鋼鐵工業|-5 -10 -5|88 88 8 -2|0.8 6|2 4 2 -15 -13
2066 世德|電機機械|43 31 14|85 85 29 35|0.9 72|12 2 0 48 -87
2069 運錩|鋼鐵工業|-14 4 -46|60 63 5 -38|0.5 9|1 3 0 -8 10
2101 南港|橡膠工業|-25 -4 9|76 89 -4 -11|1.2 25|6 -13 0 1 -1
2102 泰豐|橡膠工業|48 41 61|63 78 6 -23|2.8 16|7 -6 0 -5 2
2103 台橡|橡膠工業|3 9 -3|67 86 1 -13|0.8 19|28 2 -6 -7 3
2104 國際中橡|橡膠工業|1 8 -8|69 82 -2 -19|1.1 32|12 -5 0 7 4
2105 正新|橡膠工業|18 7 13|88 88 0 4|1.3 355|15 8 5 0 6
2106 建大|橡膠工業|24 18 9|85 85 -5 3|0.6 55|7 -3 3 -4 30
2108 南帝|橡膠工業|-56 -57 -17|43 62 -16 -37|1.3 40|9 -13 1 -10 -1
2201 裕隆|汽車工業|0 10 14|84 84 -5 6|0.5 169|8 -6 -3 -10 19
2204 中華|汽車工業|-38 -9 5|61 70 -24 -24|0.7 46|24 -14 2 0 -9
2206 三陽工業|汽車工業|44 41 29|90 90 12 36|2.0 203|16 11 2 7 16
2207 和泰車|汽車工業|-7 -3 5|87 91 -6 -2|1.4 147|24 -2 2 78 57
2208 台船|航運業|-21 -13 -5|69 74 -10 -23|1.6 14|5 -15 0 -6 26
2211 長榮鋼|鋼鐵工業|-38 -13 -42|85 85 -9 -10|0.8 12|5 4 0 -36 101
2221 大甲|其他|1 -0 -75|94 94 35 9|0.9 9|3 6 0 5 10
2227 裕日車|汽車工業|-45 10 24|76 79 -14 -21|1.7 6|41 -10 -13 na 12
2228 劍麟|汽車工業|30 25 22|87 87 19 12|1.6 61|6 1 0 40 1
2230 泰茂|居家生活|41 6 19|71 71 40 69|1.3 80|9 -4 0 58 1
2231 為升|汽車工業|2 12 17|86 93 21 11|1.0 131|9 1 6 0 -10
2233 宇隆|汽車工業|0 -2 -3|82 82 -3 -9|0.5 15|11 -14 -1 -11 12
2239 英利-KY|汽車工業|75 38 42|85 90 25 6|0.6 12|76 2 0 5 7
2247 汎德永業|汽車工業|32 15 16|96 96 4 6|1.3 8|4 5 0 61 30
2301 光寶科|電腦及週|14 10 3|91 91 13 -5|1.0 495|45 -13 19 27 34
2302 麗正|半導體業|32 22 23|82 82 3 3|0.4 9|4 -7 0 -17 7
2303 聯電|半導體業|35 38 3|55 72 -11 -22|0.9 2052|29 -16 4 -2 2
2305 全友|電腦及週|50 24 32|72 72 75 189|0.5 120|7 2 -0 -3 -2
2308 台達電|電子零組|36 29 15|87 92 11 1|0.9 1304|66 -6 4 -7 10
2312 金寶|其他電子|36 34 16|78 80 10 -12|2.4 113|9 -10 0 11 44
2313 華通|電子零組|24 37 14|83 83 0 -4|0.6 635|29 0 -12 4 37
2314 台揚|通信網路|35 19 14|41 60 -13 -36|0.3 66|2 -8 0 -35 -11
2317 鴻海|其他電子|12 19 12|89 89 -1 2|1.2 2681|44 -9 -2 -2 50
2324 仁寶|電腦及週|-13 4 -0|86 91 -2 -9|1.4 391|41 -2 -11 3 14
2327 國巨*|電子零組|4 8 -10|54 70 -9 -27|1.5 869|40 4 2 -2 -48
2328 廣宇|電子零組|2 4 -20|76 83 -3 -11|1.2 41|10 -10 0 -15 13
2329 華泰|半導體業|2 1 -6|64 82 8 -16|0.6 30|7 2 0 -7 -2
2330 台積電|半導體業|59 42 6|62 74 -10 -26|1.4 13896|71 -16 1 12 -12
2331 精英|電腦及週|-12 21 -7|98 98 31 36|1.0 148|12 -0 0 -30 -13
2332 友訊|通信網路|17 16 6|67 82 -3 -10|0.4 36|8 4 0 -6 -13
2337 旺宏|半導體業|-26 -11 -25|73 81 7 -17|1.1 184|23 -8 0 -4 36
2338 光罩|半導體業|29 29 -3|49 59 -18 -40|2.5 162|9 2 -4 -2 2
2340 台亞|半導體業|-41 -33 -21|45 71 -12 -24|0.9 100|12 1 0 -14 1
2342 茂矽|半導體業|5 10 -10|63 76 0 -12|0.8 41|6 -4 0 1 20
2344 華邦電|半導體業|-16 -11 -24|57 70 -3 -28|1.2 215|25 -11 0 -1 41
2345 智邦|通信網路|16 40 20|90 92 19 23|0.8 905|62 -8 9 -34 -27
2347 聯強|電子通路|8 12 -2|72 72 2 -25|1.1 254|32 -29 21 -10 230
2351 順德|半導體業|2 4 -13|64 77 20 -15|1.0 145|20 -4 4 -15 3
2352 佳世達|電腦及週|12 12 0|86 88 1 -11|1.0 94|16 -14 -0 -9 6
2353 宏碁|電腦及週|-25 -18 -14|77 83 1 -15|1.1 247|31 -4 6 -16 2
2354 鴻準|其他電子|-51 -39 -27|66 76 -2 -23|0.8 92|16 -17 0 -8 15
2355 敬鵬|電子零組|-6 -7 -11|71 90 3 -9|0.9 17|15 -6 0 -1 5
2356 英業達|電腦及週|-9 7 -5|89 91 0 -5|1.4 188|22 -13 6 -15 6
2357 華碩|電腦及週|6 7 -6|71 74 -12 -24|0.8 671|44 -13 11 -16 -8
2358 廷鑫|其他|-56 -47 -57|57 69 -1 -31|5.1 7|1 -5 0 11 73
2359 所羅門|其他電子|5 35 2|71 71 -12 -4|0.3 44|4 1 0 -22 1
2360 致茂|其他電子|63 43 27|79 87 26 9|1.1 455|65 -10 13 123 -9
2362 藍天|電腦及週|-24 -21 -25|88 88 4 7|0.8 11|11 -12 0 -2 -0
2363 矽統|半導體業|-41 -23 -46|71 79 -2 -20|0.7 26|5 -16 0 1 41
2364 倫飛|電腦及週|8 22 24|69 69 114 362|1.2 45|19 -1 0 145 -45
2367 燿華|電子零組|84 69 48|81 81 14 13|1.0 828|13 4 0 -41 3
2368 金像電|電子零組|21 27 -0|92 92 1 3|1.3 1255|20 2 7 -20 na
2369 菱生|半導體業|-37 -32 -33|49 60 -14 -40|1.0 14|15 -14 0 -7 14
2371 大同|電機機械|-14 -5 -8|82 87 -4 -9|0.7 224|15 -29 -0 4 108
2374 佳能|光電業|20 79 20|64 77 -7 -16|0.3 19|5 0 0 -19 9
2375 凱美|電子零組|-32 -27 -31|37 54 -16 -47|0.5 38|7 -14 0 -26 na
2376 技嘉|電腦及週|-24 -14 -22|64 88 14 -12|0.9 899|15 -1 7 -0 -5
2377 微星|電腦及週|-32 -12 -24|68 85 6 -7|1.2 668|27 -4 2 -12 5
2379 瑞昱|半導體業|8 4 -16|50 65 -13 -29|1.5 1356|49 -1 -1 3 5
2380 虹光|電腦及週|26 -3 2|64 77 20 -4|0.4 11|0 1 0 na na
2382 廣達|電腦及週|56 43 31|84 91 6 -8|1.0 567|22 -12 18 -8 58
2383 台光電|電子零組|-12 -6 -23|59 69 2 -29|1.6 573|36 -7 8 -3 45
2385 群光|電子零組|19 19 4|94 94 5 -0|1.2 167|34 13 -22 -5 20
2387 精元|電腦及週|28 20 17|80 89 12 -2|0.7 49|5 3 0 13 12
2388 威盛|半導體業|69 27 -1|77 81 37 28|1.2 2760|11 0 0 -6 35
2390 云辰|其他電子|-5 -1 -2|53 55 -18 -36|0.5 8|2 -0 0 -12 -5
2392 正崴|電子零組|20 29 20|81 87 8 -2|0.7 23|11 -6 0 -11 6
2393 億光|光電業|-30 -27 -16|66 82 -6 -19|0.8 22|29 -10 -0 -9 -1
2395 研華|電腦及週|21 24 1|76 80 -10 -18|1.5 237|42 1 -2 -16 10
2399 映泰|電腦及週|-37 -20 -26|49 63 -12 -38|1.2 9|5 -8 0 -8 28
2401 凌陽|半導體業|-33 -28 -30|58 66 -16 -30|0.6 65|11 -8 0 -6 31
2402 毅嘉|電子零組|29 14 12|93 93 24 10|0.7 59|10 -2 0 53 33
2404 漢唐|其他電子|146 88 51|81 82 7 -10|1.0 87|21 -5 0 12 7
2405 輔信|電腦及週|-17 -3 -14|61 78 -2 -7|0.3 58|5 2 0 -32 1
2406 國碩|光電業|-18 -8 10|50 69 -15 -28|0.7 36|5 -11 0 -8 35
2408 南亞科|半導體業|-58 -45 -49|61 76 -4 -24|1.3 390|15 -15 -0 3 29
2412 中華電|通信網路|2 3 0|87 87 -10 -10|1.3 844|18 -9 -0 72 47
2413 環科|電子零組|34 18 17|94 94 25 11|1.0 40|1 1 0 2 14
2417 圓剛|電腦及週|-26 -9 21|52 58 -6 -25|0.6 14|1 -7 0 -1 41
2419 仲琦|通信網路|38 54 53|80 80 7 31|0.2 106|5 6 0 -21 12
2420 新巨|電子零組|-6 -3 -5|86 93 3 -5|1.2 6|5 -19 6 -3 59
2421 建準|電子零組|-13 10 7|77 83 9 -4|0.3 16|20 -8 4 -7 18
2425 承啟|電腦及週|-6 1 -10|73 73 -17 -14|0.5 17|18 -4 0 -10 64
2426 鼎元|光電業|-33 -28 -21|52 70 -13 -31|0.8 8|8 -12 0 -11 16
2428 興勤|電子零組|4 -2 -5|65 80 -7 -11|0.7 34|14 -15 0 18 1
2436 偉詮電|半導體業|-39 -40 -43|39 55 -20 -46|0.8 63|7 -3 -0 -12 21
2439 美律|通信網路|46 32 36|86 89 21 7|1.0 177|12 4 1 -11 -12
2441 超豐|半導體業|-32 -23 -30|66 74 -13 -24|1.2 85|11 1 -25 -10 18
2444 兆勁|通信網路|-3 -15 -11|75 75 -2 -3|0.3 6|1 5 0 na na
2449 京元電子|半導體業|-5 22 -2|70 71 -12 -20|1.0 241|29 1 -13 -1 -2
2451 創見|半導體業|-12 -16 -13|93 94 6 -4|1.1 18|9 9 6 -9 3
2454 聯發科|半導體業|4 4 -21|51 65 -16 -32|1.0 2979|60 -10 2 -0 -3
2455 全新|通信網路|-45 -33 -30|38 59 -22 -40|1.3 85|27 -9 -4 18 28
2457 飛宏|電子零組|41 31 6|68 79 6 -20|0.6 179|4 -3 0 -10 65
2458 義隆|半導體業|-49 -32 -18|53 59 -21 -41|0.8 243|25 19 -31 6 -33
2464 盟立|其他電子|13 16 3|89 93 3 -3|1.0 8|5 -8 0 -11 6
2465 麗臺|電腦及週|-60 -52 -45|31 44 -18 -50|0.4 12|1 -5 0 -19 30
2467 志聖|電子零組|12 4 4|92 92 20 9|0.6 8|7 1 0 3 1
2468 華經|資訊服務|12 6 4|74 74 33 24|0.8 37|2 2 0 -27 370
2472 立隆電|電子零組|-13 0 -17|73 80 -5 -20|0.7 10|2 -5 0 -5 30
2474 可成|其他電子|-12 -21 23|96 96 12 22|0.7 337|43 14 7 -16 -25
2476 鉅祥|電子零組|9 9 -6|59 76 5 -9|0.4 97|3 5 0 -16 -7
2478 大毅|電子零組|-34 -31 -19|64 77 -4 -21|1.2 6|5 -1 0 -6 6
2480 敦陽科|資訊服務|6 4 -7|88 90 3 -5|0.8 15|7 -16 -1 -28 4
2481 強茂|半導體業|-19 -10 -18|49 67 -1 -36|0.6 259|10 4 -2 -20 -7
2482 連宇|其他電子|35 27 -1|71 71 -24 69|0.2 38|5 6 -0 -4 58
2483 百容|電子零組|-10 -1 -19|93 93 17 26|1.7 56|2 -0 0 72 27
2484 希華|電子零組|-14 -2 -11|75 77 -6 -7|0.5 87|10 -23 0 -6 156
2485 兆赫|通信網路|18 4 13|77 90 9 -1|0.9 20|6 -1 0 -3 6
2486 一詮|光電業|-24 -17 -22|31 44 -28 -55|1.2 32|6 9 0 -5 10
2488 漢平|其他電子|67 73 48|92 92 12 11|0.3 8|3 -1 0 -12 -14
2492 華新科|電子零組|-29 -25 -12|42 59 -18 -41|1.2 147|14 -7 0 4 36
2493 揚博|電子零組|12 31 11|92 92 -3 1|0.4 5|5 -20 0 4 7
2495 普安|電腦及週|33 35 18|75 87 9 -0|0.6 11|19 3 0 -8 -0
2497 怡利電|汽車工業|94 66 15|68 78 12 -21|1.2 1035|2 1 -0 -6 -15
2498 宏達電|通信網路|-15 -20 -6|60 82 -10 -4|0.5 2643|13 -2 0 -12 4
2501 國建|建材營造|53 183 140|83 87 -4 -12|0.9 6|7 -22 0 -3 14
2504 國產|建材營造|6 8 7|79 81 3 -21|1.2 55|15 -1 1 0 8
2520 冠德|建材營造|55 -19 -10|70 77 -11 -21|1.4 36|15 -31 0 -3 21
2530 華建|建材營造|36 49 -4839|99 99 18 16|1.4 15|1 9 0 26 -2
2534 宏盛|建材營造|-13 6 -18|95 95 2 2|0.6 22|8 -8 0 31 16
2535 達欣工|建材營造|53 34 15|92 96 7 -2|1.7 13|9 -4 0 4 5
2536 宏普|建材營造|405 131 64|94 94 6 5|0.8 9|10 2 0 19 7
2538 基泰|建材營造|22 100 56|93 93 9 11|0.8 13|14 -6 0 4 6
2539 櫻花建|建材營造|1244262 543131 298631|98 98 12 12|1.0 7|1 12 0 -14 26
2540 愛山林|建材營造|30 5 -1|83 83 6 1|0.7 48|0 2 0 24 -9
2542 興富發|建材營造|-87 -92 -65|95 98 9 1|1.4 217|8 4 1 3 4
2545 皇翔|建材營造|-23 44 -6|74 74 -2 -16|0.6 9|4 -28 0 3 -9
2548 華固|建材營造|-83 454 -1532|96 96 4 8|1.1 24|20 3 0 2 13
2603 長榮|航運業|15 37 -58|47 50 -27 -43|0.7 7873|29 5 1 -64 na
2605 新興|航運業|-12 -16 -34|48 58 -9 -29|0.7 82|36 4 0 1 7
2606 裕民|航運業|16 18 -16|55 58 -8 -31|0.8 221|11 1 -0 -4 36
2607 榮運|航運業|214 192 51|76 76 7 -16|1.3 312|9 2 0 18 15
2608 嘉里大榮|航運業|-0 -3 -4|70 80 -2 -8|1.1 15|5 -1 0 -7 2
2609 陽明|航運業|7 24 -52|60 61 -27 -36|1.4 3968|17 2 2 -7 -1
2610 華航|航運業|14 24 -13|64 68 -15 -28|1.6 1420|11 -7 0 -12 45
2611 志信|航運業|-13 3 -23|59 59 -13 -34|1.3 16|2 1 0 -18 30
2612 中航|航運業|25 35 1|48 62 -14 -30|1.4 46|2 -8 0 13 23
2613 中櫃|航運業|-2 7 -1|64 64 -3 -29|1.4 30|2 -1 0 -20 5
2614 東森|其他|2 10 -1|47 57 -18 -37|0.8 38|3 4 0 -17 86
2615 萬海|航運業|-14 15 -88|41 54 -27 -44|1.3 1536|43 3 0 -9 -9
2617 台航|航運業|14 20 -9|60 70 -6 -26|1.0 48|3 -4 0 -2 31
2618 長榮航|航運業|34 40 -8|76 76 -11 -19|1.6 2318|31 2 -0 -12 53
2633 台灣高鐵|航運業|108 265 210|96 97 -1 2|1.3 97|10 19 -5 -14 -14
2634 漢翔|航運業|43 38 14|89 89 5 12|0.6 128|9 -7 8 -7 9
2636 台驊控股|航運業|-46 -35 -96|47 53 -24 -41|1.1 74|17 13 -0 -18 -6
2637 慧洋-KY|航運業|21 44 -23|53 53 -20 -36|1.0 629|17 -2 -0 -6 56
2641 正德|航運業|-3 25 -50|53 59 -18 -32|1.0 55|1 1 0 6 4
2642 宅配通|航運業|5 -1 -6|49 54 -12 -38|1.0 8|6 -10 0 -9 28
2702 華園|觀光餐旅|58 71 14|80 80 21 14|0.8 13|40 -23 0 33 120
2704 國賓|觀光餐旅|57 112 102|89 92 -5 -4|0.7 7|11 -15 0 2 16
2707 晶華|觀光餐旅|38 57 52|95 95 13 12|3.2 176|15 2 3 47 19
2723 美食-KY|觀光餐旅|2 -1 3|73 91 -5 20|1.5 91|51 4 6 -5 -17
2727 王品|觀光餐旅|31 44 32|87 97 14 12|2.6 78|8 3 4 22 40
2729 瓦城|觀光餐旅|42 60 51|97 97 32 28|2.5 11|2 -1 11 na 105
2731 雄獅|觀光餐旅|153 383 303|89 89 5 -8|2.8 254|3 3 4 13 -4
2732 六角|觀光餐旅|27 25 23|95 95 26 22|4.7 148|7 1 3 50 80
2734 易飛網|觀光餐旅|545 402 314|83 83 -8 15|0.8 12|9 -2 0 na na
2736 富野|觀光餐旅|196 428 334|72 72 -7 26|0.6 58|2 1 0 -22 2
2743 山富|觀光餐旅|1288 2018 1533|83 83 24 24|1.1 316|1 0 0 8 18
2745 五福|觀光餐旅|353 494 405|72 72 15 19|0.9 17|0 1 0 na na
2748 雲品|觀光餐旅|111 252 192|100 100 20 25|2.3 7|2 5 1 103 21
2752 豆府|觀光餐旅|66 161 108|93 93 42 33|0.9 7|2 -3 0 na na
2753 八方雲集|觀光餐旅|16 21 7|97 97 24 41|2.5 193|8 3 3 11 117
2754 亞洲藏壽司|觀光餐旅|74 753 546|98 98 43 43|7.6 13|72 2 0 28 351
2801 彰銀|金融保險|17 22 7|89 94 2 -9|0.3 114|12 -8 1 -0 66
2809 京城銀|金融保險|45 -4 26|83 86 -3 -12|1.0 34|14 -26 0 14 5
2812 台中銀|金融保險|24 22 6|88 92 3 -11|1.2 67|10 -13 0 1 34
2820 華票|金融保險|14 -27 -4|86 86 -10 -12|1.2 18|7 -11 0 22 47
2834 臺企銀|金融保險|6 22 9|92 97 14 -4|1.2 358|14 19 0 -21 44
2836 高雄銀|金融保險|-14 1 1|84 88 -2 -14|0.9 6|7 -19 0 1 16
2838 聯邦銀|金融保險|7 -9 -9|88 88 10 -1|0.7 74|5 13 -0 -10 132
2845 遠東銀|金融保險|17 7 8|91 94 6 -8|1.5 86|11 -4 0 -0 29
2850 新產|金融保險|9 4 -1|80 80 -11 -13|1.1 31|10 4 0 6 118
2851 中再保|金融保險|14 -1 -11|67 70 -21 -30|0.4 5|1 -8 0 -15 15
2855 統一證|金融保險|-46 -46 -31|69 75 -9 -25|0.8 9|8 -10 0 7 -2
2880 華南金|金融保險|2 8 1|93 93 6 -6|1.2 238|18 8 2 -4 72
2881 富邦金|金融保險|-53 -40 -25|67 72 -7 -29|1.3 1029|19 -15 2 -9 49
2882 國泰金|金融保險|-43 -37 -12|62 65 -13 -36|1.6 1127|21 -22 1 15 58
2883 凱基金|金融保險|-50 -36 -13|64 66 -9 -35|1.2 397|23 -9 4 -2 35
2884 玉山金|金融保險|-6 -10 -9|78 82 -2 -21|1.3 676|35 -16 -1 -37 26
2885 元大金|金融保險|-11 -14 9|78 80 0 -21|1.0 393|25 -2 5 -13 29
2886 兆豐金|金融保險|-18 -5 -6|73 76 -7 -27|1.9 587|21 -6 4 18 63
2887 台新新光金|金融保險|-11 -25 -52|69 73 -8 -29|1.0 299|23 -26 1 -7 93
2889 國票金|金融保險|-18 -41 -22|74 79 -10 -22|1.8 34|10 -21 0 -2 5
2890 永豐金|金融保險|8 3 -4|91 91 7 -6|0.9 421|27 -14 26 3 137
2891 中信金|金融保險|-40 -8 -30|68 70 -13 -31|1.7 817|40 -24 3 28 113
2892 第一金|金融保險|26 24 17|91 95 7 -8|1.4 381|24 3 9 -12 44
2903 遠百|貿易百貨|5 29 26|87 93 0 -5|1.2 7|10 -18 0 15 10
2905 三商|貿易百貨|25 55 51|60 70 -19 -30|1.2 15|6 -11 0 -25 -5
2906 高林|貿易百貨|0 10 -16|61 76 -11 -25|0.7 20|3 -1 -0 -2 2
2912 統一超|貿易百貨|19 18 10|98 98 6 9|1.2 389|31 -2 7 -9 79
2913 農林|貿易百貨|34 40 25|97 100 10 7|2.0 36|8 12 0 0 -2
2915 潤泰全|貿易百貨|-25 8 -1|45 45 -27 -48|0.4 192|8 6 0 -16 -24
3003 健和興|電子零組|-4 5 -13|71 82 -3 -10|0.4 64|4 -4 -6 0 13
3004 豐達科|鋼鐵工業|77 68 22|93 93 21 27|1.4 37|4 7 1 25 39
3005 神基|電腦及週|8 25 21|74 85 -2 -11|0.5 56|22 -12 2 -36 -11
3006 晶豪科|半導體業|-50 -38 -38|40 53 -21 -46|0.7 215|15 6 0 -12 -9
3008 大立光|光電業|11 5 13|64 79 -11 2|1.2 1048|36 -5 -0 -7 49
3010 華立|電子通路|6 8 -6|79 84 0 -16|1.7 16|11 -12 3 -7 13
3011 今皓|電子零組|-10 0 -20|61 61 -20 -30|0.3 12|0 -1 0 na na
3013 晟銘電|電腦及週|15 30 12|86 86 10 8|0.5 8|3 5 0 -11 -6
3014 聯陽|半導體業|-47 -44 -41|56 65 -16 -35|0.7 18|10 10 -0 -13 -7
3016 嘉晶|半導體業|16 18 -9|49 68 -6 -32|1.3 200|4 -3 0 -4 35
3017 奇鋐|電腦及週|27 27 9|92 92 17 6|0.7 580|42 -1 4 -14 -2
3019 亞光|光電業|-9 -8 -12|60 79 -1 -20|1.3 50|8 0 -0 -4 23
3021 鴻名|電子零組|21 19 1|86 94 16 9|1.3 10|3 1 0 43 27
3022 威強電|電腦及週|82 51 38|71 71 27 29|0.8 415|25 3 -0 -34 97
3023 信邦|電子零組|23 20 6|90 93 8 4|1.3 130|61 -6 10 14 -12
3024 憶聲|光電業|56 31 3|89 93 13 3|0.5 13|2 11 0 26 9
3025 星通|通信網路|-31 0 -1|100 100 52 29|6.6 27|2 -0 1 25 30
3026 禾伸堂|電子零組|-20 -16 -6|78 82 -3 -19|1.0 13|10 3 0 -17 1
3027 盛達|通信網路|33 3 -13|91 91 42 22|2.4 134|2 -1 0 2 50
3028 增你強|電子通路|-31 -15 -15|71 73 -11 -27|1.0 9|4 -23 0 -3 31
3029 零壹|資訊服務|-7 5 -17|85 90 -0 -10|0.7 9|3 -22 4 -7 9
3030 德律|其他電子|17 10 -17|91 91 0 -8|0.6 31|17 7 0 -7 -12
3033 威健|電子通路|-10 -6 -10|83 90 6 -11|0.6 21|5 -1 0 -6 -0
3034 聯詠|半導體業|-49 -41 -62|49 63 -13 -36|0.9 1011|43 -11 5 -4 -12
3035 智原|半導體業|49 71 -18|43 48 -16 -52|1.2 4408|25 1 -2 15 -6
3036 文曄|電子通路|12 24 -0|66 79 -5 -18|0.7 113|12 -0 -29 -7 9
3037 欣興|電子零組|27 36 -2|47 54 -24 -44|0.9 3312|43 3 -2 -11 2
3038 全台|光電業|13 14 -1|87 87 5 14|0.4 21|8 -7 0 -15 4
3041 揚智|半導體業|-35 -6 -26|47 65 -12 -37|0.8 18|12 -10 -0 -10 32
3042 晶技|電子零組|-18 -13 -9|68 76 -12 -20|1.1 80|13 4 -2 -7 -5
3044 健鼎|電子零組|5 7 -3|73 75 -6 -21|1.3 109|39 3 -25 -11 16
3045 台灣大|通信網路|8 6 -6|90 90 -7 -7|1.3 400|16 -9 4 1 70
3046 建碁|電腦及週|59 68 12|100 100 113 69|6.1 442|4 1 0 538 222
3047 訊舟|通信網路|25 13 9|84 84 27 39|0.4 239|8 2 -0 -16 -5
3048 益登|電子通路|10 13 4|81 85 1 -16|0.6 12|3 -16 0 -15 16
3050 鈺德|光電業|20 21 9|81 82 -0 -14|1.2 30|8 -4 0 15 3
3051 力特|光電業|-17 -17 -14|46 72 13 -25|0.3 21|1 -1 0 -15 23
3056 富華新|建材營造|10499 13004 9775|81 92 19 0|0.6 18|5 11 0 -7 -16
3059 華晶科|光電業|59 56 10|64 81 -6 -18|0.6 91|12 -8 0 -6 14
3062 建漢|通信網路|112 113 101|66 76 -10 -5|0.3 226|13 -6 0 -23 6
3071 協禧|電腦及週|15 17 2|85 88 15 1|0.4 7|1 -8 0 -15 26
3081 聯亞|通信網路|47 52 62|64 77 22 -18|0.5 282|46 4 1 9 12
3088 艾訊|電腦及週|16 30 -9|77 82 -14 -13|0.3 20|4 -4 -1 -20 10
3090 日電貿|電子零組|-17 -10 -15|95 95 13 -0|0.9 10|8 -3 0 -8 14
3092 鴻碩|電子零組|-5 25 -15|52 58 -14 -44|1.0 12|2 -12 0 -14 18
3093 港建*|其他電子|39 36 -16|58 58 -28 14|0.2 11|68 4 0 -6 4
3094 聯傑|半導體業|-2 17 8|56 82 -0 -19|0.4 7|2 4 0 -19 4
3105 穩懋|半導體業|-38 -33 -22|34 56 -28 -45|1.2 388|39 -13 -1 -1 21
3122 笙泉|半導體業|-54 -54 -62|40 46 -25 -54|1.7 6|4 -1 0 -19 5
3128 昇銳|光電業|69 54 21|100 100 84 66|3.7 282|2 -0 0 60 51
3131 弘塑|半導體業|-9 3 -23|56 70 1 -29|0.9 32|3 6 -1 na -8
3138 耀登|通信網路|47 33 10|54 82 17 -18|1.0 203|1 -2 0 11 47
3141 晶宏|半導體業|-21 -1 -48|32 52 -22 -43|0.6 385|8 2 -0 -18 -4
3147 大綜|資訊服務|-42 -25 -41|85 85 22 23|0.4 21|2 6 0 -42 16
3149 正達|光電業|10 -1 2|54 70 9 -26|0.7 13|2 0 0 0 na
3152 璟德|通信網路|-57 -60 -20|40 62 -6 -36|0.8 17|17 -19 0 -11 4
3162 精確|電機機械|73 82 44|81 87 10 15|1.7 88|51 -2 0 1 102
3163 波若威|通信網路|30 55 26|79 79 6 6|0.2 145|11 1 0 -34 -20
3164 景岳|生技醫療|11 -16 -20|86 86 -2 5|1.8 22|1 0 0 0 92
3169 亞信|半導體業|-17 -6 -53|34 54 -19 -46|1.1 72|3 3 0 -14 12
3176 基亞|生技醫療|-93 5 -382|58 60 -15 -38|0.8 10|4 -2 0 na -35
3178 公準|半導體業|19 9 -7|72 80 13 -6|0.3 11|1 -1 0 -8 7
3188 鑫龍騰|建材營造|-100 -100 -22|70 81 -11 -17|1.3 6|0 0 0 31 8
3189 景碩|半導體業|17 21 -12|39 49 -28 -48|1.0 1079|18 6 -5 3 12
3202 樺晟|電子零組|-24 -17 -15|73 89 6 -10|0.9 5|1 -6 0 122 60
3205 佰研|生技醫療|-12 -8 -2|59 59 -1 95|0.4 55|15 5 0 4 2
3207 耀勝|電子零組|26 15 -24|81 81 45 67|0.6 139|3 -0 0 -6 100
3209 全科|電子通路|11 32 15|85 85 7 1|0.6 23|7 -19 0 -9 2
3211 順達|電腦及週|-28 -6 3|67 80 4 -20|0.9 9|10 -2 -0 -14 -18
3217 優群|電子零組|-27 -22 -23|49 69 -9 -30|1.3 22|2 -23 3 6 64
3218 大學光|生技醫療|34 44 12|79 79 -7 9|0.8 123|33 -9 0 3 25
3221 台嘉碩|通信網路|-17 38 -1|63 66 -21 -17|0.3 28|6 -1 0 -20 -8
3224 三顧|電子通路|-18 -3 -49|65 71 0 -9|0.6 23|1 -1 0 6 23
3227 原相|半導體業|-49 -45 -10|59 72 2 -29|0.9 30|14 -12 0 -8 0
3228 金麗科|半導體業|1 -13 10|54 64 4 -17|1.5 804|8 -1 0 11 2
3230 錦明|光電業|-34 -28 -11|59 70 -17 -29|2.0 5|0 0 0 1 2
3231 緯創|電腦及週|9 23 3|91 93 11 -1|1.1 254|28 16 -23 1 1
3232 昱捷|電子通路|57 29 -23|84 93 32 7|0.7 10|7 10 0 0 -3
3234 光環|通信網路|-26 -25 -9|73 78 -9 -2|0.2 12|4 -2 0 -14 -4
3252 海灣|觀光餐旅|134 102 28|74 74 -3 15|0.4 7|9 -3 0 -2 3
3260 威剛|半導體業|-7 -12 -11|57 75 -5 -26|0.9 57|9 9 0 -12 -16
3264 欣銓|半導體業|17 23 3|72 88 14 -3|0.7 119|21 -4 1 3 4
3265 台星科|半導體業|1 33 -0|73 73 -14 13|0.5 35|3 -14 0 -20 36
3289 宜特|其他電子|19 25 8|98 98 57 41|2.2 403|8 -0 5 -16 -5
3293 鈊象|文化創意|5 -0 -10|88 88 15 3|0.8 263|28 -2 1 -2 10
3296 勝德|電子零組|-17 -18 -8|83 91 8 12|1.2 15|3 1 0 -1 8
3303 岱稜|其他電子|3 7 -12|84 84 4 9|0.8 12|5 1 0 -15 32
3305 昇貿|其他電子|-10 3 -35|49 57 -16 -43|1.3 27|3 1 0 -22 11
3312 弘憶股|電子通路|0 -7 -23|66 75 -12 -21|0.5 5|1 -6 0 -12 7
3317 尼克森|半導體業|-28 -11 -11|60 68 -14 -21|0.8 25|3 -6 0 -13 63
3322 建舜電|電子零組|-13 -26 -18|64 80 10 -15|0.4 15|2 -6 0 20 -2
3323 加百裕|電腦及週|63 24 26|74 87 5 -12|0.7 6|3 2 0 -3 -5
3324 雙鴻|其他電子|-15 7 -2|57 74 -11 -21|0.8 349|8 -2 3 -7 -6
3338 泰碩|電子零組|1 0 -1|55 69 -14 -31|0.8 6|4 -18 0 -5 21
3346 麗清|汽車工業|54 40 24|82 87 29 5|0.7 100|3 -1 1 -5 16
3356 奇偶|光電業|23 13 6|85 85 14 8|1.2 43|4 4 0 10 -47
3362 先進光|光電業|11 6 -6|72 72 6 -2|0.4 173|2 -0 0 -16 21
3373 熱映|其他電子|0 -7 45|60 70 21 -24|0.8 12|1 -0 0 -20 16
3374 精材|半導體業|-2 9 8|63 63 -18 -23|1.7 148|8 1 -10 -5 42
3376 新日興|電子零組|24 30 34|92 96 24 20|1.2 45|22 16 2 -14 13
3380 明泰|通信網路|56 44 46|78 78 -5 -6|0.4 87|8 2 0 -16 -8
3390 旭軟|電子零組|12 20 -9|72 81 -5 14|0.3 15|2 -5 0 -20 22
3402 漢科|其他電子|55 62 20|87 90 9 -7|0.6 10|3 -10 0 -6 10
3406 玉晶光|光電業|24 15 -7|58 74 -16 -23|1.4 1619|24 -1 -0 -3 19
3413 京鼎|半導體業|28 30 6|73 83 3 -15|1.2 97|21 9 -2 18 -21
3419 譁裕|通信網路|42 27 18|50 79 -0 -17|0.4 11|5 3 0 -9 -5
3432 台端|電子零組|-77 -15 23|71 71 55 51|0.3 38|8 3 0 -20 77
3434 哲固|光電業|1 3 -14|54 54 1 6|0.3 7|3 6 0 -13 10
3438 類比科|半導體業|-55 -49 -31|50 65 -5 -35|1.7 9|2 -5 0 8 26
3441 聯一光電|光電業|-22 -12 -38|73 73 0 3|0.1 22|2 2 0 -27 5
3443 創意|半導體業|92 69 21|86 93 18 19|1.1 3017|33 -0 4 -14 17
3444 利機|電子通路|-29 -23 -21|69 83 3 1|0.4 5|11 -4 0 -6 17
3450 聯鈞|半導體業|1 3 0|70 84 3 -8|0.7 7|8 -1 0 3 6
3454 晶睿|光電業|121 91 47|85 85 75 66|1.5 1114|7 2 1 -26 103
3455 由田|光電業|14 29 13|74 90 11 -10|0.7 37|4 4 -1 -12 -5
3466 德晉|通信網路|135 22 20|81 81 -11 32|0.5 14|9 -4 0 -14 -4
3479 安勤|電腦及週|38 53 9|80 80 -18 -8|0.5 22|4 -12 -4 -10 31
3483 力致|電腦及週|-3 2 -21|49 63 -15 -38|0.9 10|3 -12 0 -5 27
3484 崧騰|電子零組|-15 -11 -13|50 68 -8 -32|1.1 8|3 8 0 -11 -29
3491 昇達科|通信網路|15 25 4|66 78 -8 -19|0.4 321|11 -4 -1 -10 5
3499 環天科|通信網路|-30 -43 -22|56 73 -7 -24|0.2 6|3 -7 0 0 16
3504 揚明光|光電業|28 35 14|58 75 -1 16|0.3 604|3 -2 -0 -22 15
3508 位速|其他電子|-24 10 -23|42 63 -20 -29|0.1 28|2 8 0 -30 -31
3511 矽瑪|電子零組|39 19 -132|84 87 26 3|0.7 77|2 -1 0 6 77
3515 華擎|電腦及週|-17 -25 -21|34 55 -14 -44|0.6 134|5 -10 1 23 80
3518 柏騰|其他電子|-60 -43 -21|87 87 36 21|0.5 10|8 -1 0 -4 19
3520 華盈|電子零組|55 52 6|73 73 29 28|0.4 48|3 -4 0 -12 152
3521 台鋼建設|建材營造|32 54 41|93 93 61 93|0.6 111|2 0 0 -74 -41
3526 凡甲|電子零組|10 -2 -9|70 82 2 -18|0.5 39|6 0 0 0 14
3527 聚積|半導體業|-52 -43 -57|46 61 -7 -34|0.5 28|4 -5 0 -14 -2
3529 力旺|半導體業|46 44 7|45 71 6 -23|1.3 1645|59 5 -3 7 -26
3530 晶相光|半導體業|-68 -67 -29|49 60 -11 -37|0.4 8|41 -13 0 -9 16
3532 台勝科|半導體業|31 34 9|38 53 -15 -46|0.8 443|51 4 -1 -20 44
3533 嘉澤|電子零組|23 29 0|92 92 24 6|1.0 639|32 -6 17 -0 25
3535 晶彩科|光電業|85 47 24|72 72 2 15|0.4 67|4 2 0 -4 19
3545 敦泰|半導體業|-65 -59 -47|42 57 -19 -43|0.6 117|14 2 0 -8 3
3548 兆利|電子零組|-2 -2 -20|78 87 6 -10|0.6 8|8 -16 0 -0 -18
3552 同致|其他電子|61 38 30|83 88 19 4|1.1 819|18 0 -0 9 94
3556 禾瑞亞|半導體業|-45 -36 -48|68 75 -6 -25|1.0 5|6 -13 0 -10 21
3558 神準|通信網路|69 74 33|68 68 -12 -15|0.4 585|12 2 -2 -12 21
3563 牧德|光電業|-44 -33 -26|46 65 -8 -35|0.7 8|9 -9 0 -1 18
3564 其陽|通信網路|18 37 -3|82 82 9 24|0.3 15|3 0 0 na na
3576 聯合再生|光電業|46 15 -22|81 87 -6 -9|0.5 146|16 8 0 na na
3580 友威科|其他電子|66 73 39|81 81 8 -8|0.8 62|8 2 0 15 39
3583 辛耘|半導體業|15 29 -2|62 76 -1 -19|0.5 40|8 -5 0 -6 3
3587 閎康|其他電子|16 13 -1|90 97 24 1|2.8 192|2 -2 7 36 54
3588 通嘉|半導體業|-48 -38 -51|34 48 -27 -52|0.7 22|4 -7 0 -18 12
3591 艾笛森|光電業|5 -5 0|65 97 22 -4|0.4 6|3 -3 0 -3 -2
3592 瑞鼎|半導體業|-42 -30 na|na 49 -23 -47|0.8 141|12 5 0 -5 126
3594 磐儀|電腦及週|8 10 3|88 88 4 15|1.9 41|0 -2 2 20 -9
3596 智易|通信網路|31 32 19|71 71 -17 -15|0.9 356|19 8 1 -1 -17
3597 映興|電子零組|27 11 9|75 81 7 -8|0.7 6|0 0 0 -2 8
3605 宏致|電子零組|-15 -6 -17|56 68 -17 -33|1.1 7|10 -12 0 -5 5
3617 碩天|其他電子|19 30 21|86 86 38 39|0.4 44|5 8 0 -19 51
3624 光頡|電子零組|-15 -3 -31|44 47 -24 -55|0.6 69|44 9 -0 -16 -28
3630 新鉅科|光電業|-41 -44 -10|63 75 1 -24|0.5 12|36 -3 0 -14 5
3645 達邁|電子零組|-53 -41 -33|56 56 -15 -40|0.7 17|13 -9 0 -4 13
3653 健策|電子零組|47 36 1|95 95 37 8|0.7 610|10 -6 11 7 13
3661 世芯-KY|半導體業|39 29 11|69 88 36 -12|1.0 5089|53 -2 1 15 -12
3664 安瑞-KY|通信網路|-53 58 61|89 89 37 41|0.3 6|52 4 0 na na
3665 貿聯-KY|其他電子|84 104 30|81 81 -14 -5|0.7 708|50 0 2 3 -12
3669 圓展|通信網路|-31 -13 15|60 68 -1 -20|0.5 9|1 -5 0 -18 35
3673 TPK-KY|光電業|16 13 19|74 83 -4 -9|0.8 26|34 2 -0 -1 8
3675 德微|半導體業|2 6 -23|58 58 11 -36|1.1 377|54 2 -5 88 16
3680 家登|半導體業|102 75 4|84 93 51 25|0.8 514|6 -3 6 -6 36
3685 元創精密|電機機械|-11 34 5|53 63 -7 -24|0.6 8|2 4 0 -23 50
3687 歐買尬|數位雲端|1 -1 -14|34 49 -29 -51|0.9 19|5 7 0 -26 2
3689 湧德|電子零組|-21 -10 -22|62 70 -13 -30|0.6 7|4 -22 0 -12 19
3691 碩禾|光電業|-28 -14 9|54 67 -19 -33|0.8 53|7 5 -1 -3 14
3693 營邦|電腦及週|54 69 33|91 91 42 19|0.4 26|4 6 0 -6 84
3701 大眾控|電腦及週|12 21 -10|40 57 -12 -43|0.3 43|3 1 -1 -12 7
3702 大聯大|電子通路|-5 -4 -16|84 86 -7 -13|1.2 277|26 -2 -4 -2 22
3703 欣陸|建材營造|30 42 -3|91 91 15 17|1.4 141|28 8 0 5 11
3705 永信|生技醫療|-16 -12 -11|92 92 -2 -3|1.3 7|11 -19 0 -30 8
3706 神達|電腦及週|33 14 13|82 91 -2 -5|1.0 37|12 -18 0 -2 24
3707 漢磊|半導體業|26 27 -3|58 71 8 -27|0.8 764|8 -2 -1 0 17
3708 上緯投控|綠能環保|8 6 12|65 65 -21 -15|1.5 198|11 1 -1 -13 8
3710 連展投控|電子零組|-19 -13 -4|76 76 15 7|0.6 114|2 1 0 -3 na
3711 日月光投控|半導體業|26 28 7|71 80 1 -16|1.2 963|72 -10 -0 -2 30
3713 新晶投控|綠能環保|336 220 119|74 81 -3 -16|1.0 5|0 0 0 na -77
3714 富采|光電業|-35 -32 na|42 66 -14 -34|0.9 117|12 -14 0 -6 21
4102 永日|生技醫療|85 52 34|93 93 42 23|1.7 49|6 1 0 -41 11
4104 佳醫|生技醫療|18 13 6|94 94 7 5|1.0 13|7 -10 1 8 9
4105 東洋|生技醫療|24 19 6|92 92 -1 3|0.7 79|18 -1 2 -40 6
4106 雃博|生技醫療|45 34 19|60 60 4 -13|0.5 11|3 -6 0 -1 11
4107 邦特|生技醫療|11 12 10|93 93 13 9|0.9 29|29 -3 6 -0 3
4108 懷特|生技醫療|-25 -40 -50|74 81 0 -12|0.5 6|1 -4 0 -15 na
4111 濟生|生技醫療|8 7 -6|83 83 5 -1|0.5 8|2 -0 0 -55 80
4114 健喬|生技醫療|44 39 12|90 90 23 48|0.4 391|6 4 0 -24 -15
4116 明基醫|生技醫療|109 113 37|69 69 -7 81|0.2 81|2 2 0 -28 0
4119 旭富|生技醫療|91 14 41|92 92 7 3|0.9 30|3 1 0 -3 29
4121 優盛|生技醫療|17 17 9|70 70 8 -0|0.4 17|7 2 0 -15 2
4123 晟德|生技醫療|107 77 60|82 83 -6 -12|0.9 61|7 -18 0 -18 71
4128 中天|生技醫療|-16 -20 -22|78 78 28 16|1.0 1359|7 -1 -0 8 28
4129 聯合|生技醫療|19 32 15|91 91 10 5|0.3 8|8 0 0 -15 23
4130 健亞|生技醫療|-6 6 -4|77 77 -9 -3|0.4 12|2 -6 0 -17 24
4133 亞諾法|生技醫療|22 -18 -3|42 42 -13 -52|0.3 62|13 -0 0 -33 28
4137 麗豐-KY|生技醫療|4 4 9|63 81 -16 -18|1.2 23|63 -22 0 19 47
4139 馬光-KY|生技醫療|11 11 7|89 89 12 5|0.5 11|25 -1 0 8 37
4142 國光生|生技醫療|-54 328 -75|65 77 -17 -20|0.7 67|6 -24 0 4 69
4147 中裕|生技醫療|-3 -19 -560|82 91 16 8|1.2 119|7 -2 0 -1 12
4148 全宇生技-KY|生技醫療|184 112 53|64 64 8 -29|0.4 94|72 1 0 -25 22
4153 鈺緯|生技醫療|39 40 10|94 94 6 19|1.1 5|1 2 0 7 63
4155 訊映|生技醫療|60 35 15|93 93 8 12|2.1 32|3 2 0 328 92
4157 太景*-KY|生技醫療|166 61 71|71 71 -13 -9|0.5 66|4 -3 0 -5 16
4162 智擎|生技醫療|20 19 -39|76 76 29 37|1.6 2416|8 -0 -0 0 20
4163 鐿鈦|生技醫療|33 26 13|93 93 14 16|0.6 14|4 8 3 -7 16
4164 承業醫|生技醫療|61 53 18|88 88 17 -12|0.5 16|24 -3 -1 -22 16
4167 松瑞藥|生技醫療|13 -17 10|80 80 10 -2|0.6 47|11 0 0 14 3
4168 醣聯|生技醫療|33 1928 na|75 75 25 14|1.6 183|6 -0 0 -14 7
4171 瑞基|農業科技|-67 -67 -62|35 35 -31 -48|0.6 60|22 -1 0 -53 8
4174 浩鼎|生技醫療|-93 -66 na|55 62 -14 -31|1.0 59|11 -5 0 -8 22
4190 佐登-KY|生技醫療|8 18 22|95 95 10 9|2.4 10|64 0 0 -13 16
4306 炎洲|塑膠工業|-19 -17 -13|91 91 2 -5|0.8 9|5 2 0 -2 4
4402 郡都開發|紡織纖維|14 45 -17|72 72 13 43|0.4 8|4 0 0 na na
4426 利勤|紡織纖維|200 179 134|71 71 -18 -2|0.3 25|7 -7 0 -8 12
4432 銘旺實|紡織纖維|18 65 32|73 73 43 57|0.2 20|2 1 0 -1 12
4438 廣越|紡織纖維|77 56 -21|96 96 34 22|1.7 89|3 5 0 -6 176
4503 金雨|電機機械|70 78 42|81 81 -2 55|0.4 46|1 -1 0 -8 3
4513 福裕|電機機械|7 4 -11|95 95 39 29|0.2 8|8 -18 0 21 -1
4532 瑞智|電機機械|-19 -18 -12|85 85 9 1|0.5 24|12 3 0 -30 51
4536 拓凱|運動休閒|39 53 25|88 88 24 25|0.5 94|21 16 0 -31 8
4541 晟田|其他|56 32 -15|85 85 10 32|0.6 52|7 3 1 -20 -2
4543 萬在|電機機械|21 13 -0|76 76 3 35|0.2 25|8 5 0 -7 0
4551 智伸科|汽車工業|19 15 9|92 97 1 25|0.9 248|53 3 8 -18 -18
4557 永新-KY|汽車工業|49 67 14|81 81 45 46|0.7 24|42 6 0 -26 59
4564 元翎|電機機械|-36 -34 -28|59 78 -4 -23|0.8 7|2 -10 0 -6 22
4566 時碩工業|電機機械|21 18 8|84 84 18 22|0.7 49|3 2 0 30 20
4572 駐龍|電機機械|51 41 -18|89 89 -1 26|0.9 45|2 3 5 -12 -7
4576 大銀微系統|電機機械|3 3 -19|65 71 -14 -27|1.7 6|1 -3 0 -27 29
4580 捷流閥業|電機機械|-2 7 -5|94 94 5 2|0.6 5|1 -2 0 -39 16
4720 德淵|化學工業|16 6 -1|75 85 15 -1|4.0 31|3 -1 0 -0 65
4721 美琪瑪|化學工業|22 51 -68|67 76 2 -17|0.8 136|2 -2 0 -9 46
4726 永昕|生技醫療|48 -2 -28|75 75 2 -11|0.4 147|1 -1 -0 -36 95
4728 雙美|生技醫療|34 40 17|92 92 22 11|0.7 5|15 1 0 -6 2
4736 泰博|生技醫療|-25 26 -28|58 58 -13 -34|0.5 193|11 -3 -1 -18 1
4737 華廣|生技醫療|-3 22 7|85 85 9 7|0.9 9|22 -3 0 1 72
4739 康普|化學工業|10 35 -10|57 65 -21 -36|1.0 179|4 2 -9 -18 16
4743 合一|生技醫療|-38 3774 2565|72 78 39 16|2.4 2742|9 0 0 26 20
4746 台耀|生技醫療|31 39 23|74 74 6 -13|0.4 32|5 19 0 -20 -44
4755 三福化|化學工業|9 16 -38|55 55 -13 -33|0.4 99|31 3 0 -31 31
4763 材料*-KY|化學工業|98 76 37|87 87 10 25|1.0 225|70 0 1 63 58
4766 南寶|化學工業|52 30 11|93 93 9 9|0.7 14|15 6 0 68 35
4768 晶呈科技|化學工業|36 60 na|na 87 72 99|1.4 318|5 1 4 na -4
4770 上品|化學工業|-9 47 na|na 84 30 25|0.6 222|18 7 -0 -2 190
4904 遠傳|通信網路|6 3 -4|83 83 -15 -3|1.0 304|25 2 -3 8 35
4906 正文|通信網路|32 29 23|84 84 -8 -7|0.8 140|10 -13 0 7 116
4908 前鼎|通信網路|7 1 -29|82 82 -1 -1|0.2 19|7 2 0 -14 -10
4911 德英|生技醫療|661 367 235|91 91 54 134|0.7 21|0 -2 0 na na
4912 聯德控股-KY|電子零組|-19 -1 6|44 49 -22 -49|1.2 6|30 3 -0 -7 -2
4915 致伸|電子零組|25 32 18|86 86 -1 19|0.9 235|64 6 -1 -20 7
4916 事欣科|電腦及週|37 21 13|59 76 5 -24|0.3 7|1 1 0 -13 0
4919 新唐|半導體業|7 2 -3|58 62 -4 -31|0.7 985|6 1 -0 -5 10
4927 泰鼎-KY|電子零組|3 -10 -31|39 50 -19 -49|0.7 114|16 -9 -4 -12 37
4931 新盛力|電腦及週|158 104 26|90 90 26 26|2.0 580|23 -0 1 -10 20
4934 太極|光電業|75 70 67|62 72 -24 -5|0.6 29|1 -2 0 na na
4935 茂林-KY|光電業|23 11 24|68 84 -1 -11|0.5 7|25 -5 0 -3 13
4938 和碩|電腦及週|36 28 8|84 86 0 -13|1.1 377|31 -22 12 -2 51
4952 凌通|半導體業|-31 -21 -31|62 63 -14 -30|0.4 25|6 3 0 -17 14
4953 緯致|資訊服務|33 31 -0|87 89 12 -12|0.6 11|10 0 0 -21 12
4958 臻鼎-KY|電子零組|14 17 0|86 86 7 -1|1.1 453|68 18 -6 -20 9
4961 天鈺|半導體業|-36 -32 -65|38 55 -17 -45|1.0 174|8 2 -0 -12 9
4966 譜瑞-KY|半導體業|-14 9 -16|30 41 -46 -59|1.7 559|71 -5 1 4 269
4968 立積|半導體業|-11 -29 17|31 46 -25 -49|1.2 165|34 2 -2 -10 -6
4971 IET-KY|半導體業|21 15 -17|72 76 -7 -17|1.0 6|14 -15 0 2 16
4976 佳凌|光電業|2 -8 20|48 68 -5 -31|0.3 26|1 -3 0 -14 25
4977 眾達-KY|通信網路|41 27 43|92 92 48 46|0.8 273|43 5 5 -25 -54
4979 華星光|通信網路|73 48 40|81 81 23 83|0.5 123|8 -1 5 -53 0
5009 榮剛|鋼鐵工業|31 41 -10|88 88 14 -0|1.4 146|13 -6 5 -3 32
5011 久陽|鋼鐵工業|46 29 -16|53 55 -20 -47|1.0 10|1 -7 0 -4 56
5014 建錩|鋼鐵工業|9 15 -7|62 62 -12 -37|0.8 6|3 9 0 -10 -7
5015 華祺|鋼鐵工業|17 22 -0|88 88 43 40|0.5 19|10 8 0 10 28
5203 訊連|資訊服務|26 17 14|80 86 10 2|2.3 13|12 -16 0 1 24
5211 蒙恬|資訊服務|12 17 9|82 82 13 10|0.4 5|10 1 0 -18 23
5222 全訊|半導體業|80 46 na|na 82 -1 -11|1.0 117|6 2 0 -13 66
5225 東科-KY|其他電子|42 47 25|96 96 46 30|1.3 39|53 -1 0 46 54
5227 立凱-KY|電子零組|65 134 -8|63 74 4 -19|2.7 26|18 3 0 na na
5234 達興材料|光電業|-36 -31 -31|44 61 -13 -39|0.7 7|9 -38 0 -12 11
5236 凌陽創新|半導體業|-71 -60 -35|39 58 -21 -42|0.9 12|0 -4 0 43 17
5243 乙盛-KY|光電業|29 30 16|81 84 -5 1|0.8 85|54 -4 -5 -7 5
5245 智晶|光電業|-1 6 0|57 82 9 -13|0.5 11|13 -6 0 -5 31
5251 天鉞電|光電業|74 75 54|98 98 72 48|1.8 68|25 1 0 37 2
5258 虹堡|電腦及週|49 72 10|73 73 15 51|0.4 479|6 1 -1 -11 9
5263 智崴|文化創意|-11 7 16|69 87 2 -3|1.4 17|15 -2 0 -11 2
5269 祥碩|半導體業|-21 -16 3|34 42 -35 -59|0.9 474|21 -1 -1 -3 49
5272 笙科|半導體業|-45 -14 -31|59 59 -17 -20|0.4 14|3 -11 0 -28 15
5274 信驊|半導體業|33 39 -11|53 57 -3 -42|1.1 1169|52 -1 5 21 4
5284 jpp-KY|其他|80 49 31|87 87 19 19|0.9 30|62 1 0 87 64
5285 界霖|半導體業|6 2 -12|53 72 -11 -26|1.6 34|2 -7 -0 -5 38
5287 數字|數位雲端|22 25 7|80 86 -7 -12|0.6 7|29 -70 0 -45 -1
5288 豐祥-KY|電機機械|65 33 3|100 100 15 19|2.4 26|65 -1 14 11 24
5289 宜鼎|電腦及週|-14 -15 -41|79 82 2 -17|0.7 15|32 -28 -2 0 12
5299 杰力|半導體業|-36 -22 -36|49 56 -21 -39|0.9 19|3 6 -0 -23 -5
5306 桂盟|運動休閒|3 -1 -4|58 81 -12 -17|1.2 21|20 -23 1 1 31
5309 系統電|電子零組|16 35 -20|80 80 -5 -14|0.4 76|1 -9 -0 na na
5321 美而快|數位雲端|4 8 -10|46 50 -22 -50|0.6 26|1 -8 0 -1 19
5347 世界|半導體業|23 35 -9|42 62 -9 -39|0.8 340|29 -7 0 -4 13
5351 鈺創|半導體業|-48 -27 -75|38 54 -24 -47|1.0 184|10 -1 0 -13 -1
5353 台林|通信網路|26 30 -10|92 92 50 112|0.6 215|6 3 1 -26 -26
5371 中光電|光電業|-2 9 -10|63 81 16 -12|0.4 88|19 7 -0 -17 -8
5388 中磊|通信網路|48 57 20|77 77 -6 5|0.6 408|41 -1 -1 -3 5
5403 中菲|資訊服務|19 6 -26|97 97 8 3|0.9 6|6 -2 0 18 -22
5425 台半|半導體業|22 25 -0|85 85 18 5|0.8 1300|11 -3 1 -9 104
5426 振發|電腦及週|35 37 13|83 83 31 34|0.4 25|3 2 0 -22 38
5434 崇越|電子通路|27 29 -0|91 91 12 -7|1.4 49|30 -12 5 -5 21
5443 均豪|半導體業|25 2 7|71 87 14 -13|0.5 7|3 -1 0 -7 18
5457 宣德|電子零組|8 24 -8|58 75 3 -5|1.0 80|38 -3 4 -2 29
5465 富驊|電腦及週|-2 -18 5|94 94 19 22|3.9 7|0 0 0 12 47
5469 瀚宇博|電子零組|-34 -18 -16|66 77 -1 -24|0.9 23|11 -6 0 5 -5
5471 松翰|半導體業|-58 -48 -18|57 66 -13 -35|1.0 11|12 3 0 -7 -2
5475 德宏|電子零組|-79 -77 -108|33 67 -8 -33|0.4 7|1 -4 0 81 51
5483 中美晶|半導體業|28 24 6|55 76 -5 -18|1.7 679|23 -1 -4 3 46
5519 隆大|建材營造|605 383 208|96 97 13 3|1.1 10|3 5 0 -31 5
5522 遠雄|建材營造|-38 -24 -65|88 89 -9 -11|0.9 43|8 18 -47 62 24
5530 龍巖|其他|-10 22 11|79 79 -5 -16|0.8 7|57 -15 0 -12 -27
5534 長虹|建材營造|51 1460 893|96 96 7 5|0.8 15|11 -2 0 -6 8
5536 聖暉*|其他電子|75 67 13|45 46 -43 -47|1.4 49|14 -1 0 65 246
5603 陸海|航運業|4 4 -13|60 61 -8 -40|0.5 8|8 -6 0 -13 29
5607 遠雄港|航運業|33 32 -11|80 97 18 9|1.5 33|2 -2 0 29 27
5608 四維航|航運業|15 36 -62|49 54 -18 -39|0.9 153|5 -1 0 -3 24
5609 中菲行|航運業|-1 13 -52|63 63 -12 -35|0.8 20|18 1 1 -20 -3
5706 鳳凰|觀光餐旅|-66 -12 -5|84 84 6 -12|1.1 277|1 0 0 12 18
5820 日盛金|金融業|-10 -14 -28|99 99 1 -1|3.2 65|26 1 0 39 61
5871 中租-KY|其他|22 21 1|70 76 -7 -22|0.7 658|74 -8 -0 -9 35
5876 上海商銀|金融保險|48 26 17|92 92 -2 -1|1.1 220|58 -3 11 0 60
5880 合庫金|金融保險|-12 3 8|89 93 6 -10|1.5 320|18 3 2 -20 45
5904 寶雅|居家生活|20 36 25|79 87 12 17|0.8 248|24 -4 5 -45 -20
6005 群益證|金融保險|-9 -42 -18|70 74 -12 -26|1.0 18|16 -17 0 -20 -3
6026 福邦證|金融業|-59 -110 -267|56 64 -13 -33|0.7 19|1 -16 0 -27 34
6104 創惟|半導體業|-38 -22 -70|30 39 -31 -63|0.9 789|19 5 -0 -15 4
6111 光聚晶電|文化創意|440 427 196|59 67 -12 -25|0.7 45|17 -5 0 -17 48
6113 亞矽|電子通路|-21 9 -8|63 63 -6 40|0.1 23|3 4 0 -26 10
6114 久威|電子零組|-36 -29 -18|77 77 13 14|0.3 12|2 2 0 -6 30
6116 彩晶|光電業|-32 -38 -4|68 86 10 -15|1.2 118|7 -2 0 -13 10
6117 迎廣|電腦及週|12 9 -5|64 64 -6 -9|0.5 7|3 1 0 -6 170
6118 建達|電子通路|-14 9 -3|71 72 -9 6|0.2 155|5 2 0 -19 102
6121 新普|電腦及週|-1 -1 3|85 92 8 -3|0.8 93|47 7 -3 -30 -23
6122 擎邦|電機機械|-16 25 -41|77 77 -11 -17|0.7 5|5 -22 0 11 -31
6123 上奇|資訊服務|21 19 32|92 92 7 6|1.4 6|4 0 0 0 1
6124 業強|電子零組|-1 -16 -4|83 83 13 2|2.0 23|47 15 0 -17 8
6125 廣運|電機機械|63 62 46|81 81 5 16|0.5 122|11 -3 0 -9 12
6126 信音|電子零組|-2 -1 3|79 97 26 -0|0.9 6|3 -2 0 -5 15
6129 普誠|半導體業|15 12 -14|72 72 1 -12|0.4 131|3 1 -4 -33 6
6133 金橋|電子零組|29 45 12|72 72 79 125|0.2 177|8 3 -0 -19 98
6138 茂達|半導體業|-30 -6 -25|43 54 -10 -45|0.8 119|16 -1 -1 -8 23
6139 亞翔|其他電子|100 63 -3|90 91 5 -10|0.8 11|18 2 0 -11 -14
6140 訊達電腦|資訊服務|162 46 20|79 79 18 14|1.2 15|1 0 0 10 165
6143 振曜|通信網路|55 29 25|86 86 37 21|1.6 156|4 -8 -3 33 169
6146 耕興|其他電子|9 17 -4|84 84 26 26|1.2 118|47 2 4 -11 -4
6147 頎邦|半導體業|-29 -21 -19|77 80 -3 -16|0.6 105|19 -23 2 -10 1
6150 撼訊|電腦及週|-65 -60 -104|31 48 -18 -51|0.5 36|6 -2 0 -13 15
6152 百一|通信網路|67 32 19|82 84 16 12|0.6 11|1 -3 0 na na
6153 嘉聯益|電子零組|40 22 33|96 96 29 20|3.1 221|10 -3 3 -10 46
6166 凌華|電腦及週|49 35 14|74 83 -8 -11|0.6 6|10 1 0 6 16
6167 久正|光電業|-3 22 -21|75 81 9 3|0.3 12|6 -3 0 -12 113
6168 宏齊|光電業|-33 -30 -22|60 73 -11 -25|0.9 6|2 -3 0 -10 6
6170 統振|通信網路|-44 -36 -27|57 84 16 -1|0.4 6|1 -2 0 -13 17
6173 信昌電|電子零組|-47 -43 -25|58 73 -8 -27|0.9 9|2 -12 0 -2 41
6176 瑞儀|光電業|32 23 26|98 98 18 4|1.6 213|35 19 -19 6 3
6177 達麗|建材營造|-72 -33 -9881|89 90 -2 -8|0.6 8|3 -5 0 -8 29
6180 橘子|文化創意|-12 -7 -13|90 90 6 -4|1.3 23|24 -24 1 2 10
6182 合晶|半導體業|29 34 -3|45 64 -14 -36|1.4 279|11 -6 -0 -6 35
6186 新潤|建材營造|-100 -100 -2|94 94 16 12|1.0 24|1 1 0 170 10
6187 萬潤|半導體業|-23 -17 -23|47 56 -11 -43|0.8 47|2 -1 -8 -5 14
6188 廣明|電腦及週|8 34 21|81 84 -2 -2|0.5 37|6 -10 0 -27 10
6189 豐藝|電子通路|-32 -25 -25|86 89 -3 -11|0.8 11|6 -17 0 -4 33
6190 萬泰科|通信網路|28 27 -11|82 82 7 -9|0.4 65|3 -6 0 -11 24
6191 精成科|電子零組|-15 -12 -8|65 79 -2 -21|0.6 15|6 4 0 -7 -8
6196 帆宣|其他電子|74 70 18|61 82 3 -20|0.8 65|6 1 -1 -2 -2
6197 佳必琪|電子零組|17 14 3|83 92 10 0|0.8 10|9 1 1 -12 15
6202 盛群|半導體業|-34 -23 -34|59 71 -10 -30|1.0 41|16 -5 2 -9 6
6205 詮欣|電子零組|-1 -5 -29|85 90 28 1|1.1 165|5 -1 0 15 29
6206 飛捷|電腦及週|-5 21 -25|70 70 -21 -9|0.4 70|13 0 -4 -28 -6
6208 日揚|半導體業|27 28 5|78 86 -1 -13|0.8 10|2 -1 0 -23 -25
6209 今國光|光電業|2 5 -5|66 79 -10 -19|1.0 10|2 -19 0 -5 27
6213 聯茂|電子零組|-35 -23 -30|37 57 -17 -42|0.7 123|10 -19 -0 2 1
6214 精誠|資訊服務|1 14 1|82 88 -5 -11|1.9 11|11 -29 0 4 1
6216 居易|通信網路|-29 -12 -34|80 80 -20 -9|0.3 12|5 -23 -0 -20 86
6217 中探針|電子零組|3 20 -4|69 69 -21 -20|0.5 96|3 -1 -6 -21 20
6219 富旺|建材營造|-81 -89 -35|59 69 -6 -31|0.6 6|2 2 0 -12 -48
6220 岳豐|電子零組|19 14 3|80 80 24 40|0.8 134|2 -1 0 26 70
6223 旺矽|半導體業|21 20 -2|68 82 7 -9|0.8 54|6 -5 0 -15 -3
6224 聚鼎|電子零組|-30 -26 -47|40 57 -20 -43|1.0 8|9 -13 0 -5 22
6226 光鼎|光電業|-6 34 17|63 75 -14 -20|0.2 8|2 -8 0 -2 29
6231 系微|資訊服務|-3 3 -19|59 68 -3 -35|0.6 7|15 -30 0 -4 19
6233 旺玖|半導體業|-8 -0 -3|50 69 -8 -23|0.4 7|3 2 0 -18 -2
6235 華孚|電腦及週|70 64 21|71 71 -14 -12|1.0 280|3 -3 -1 -11 83
6237 驊訊|半導體業|-86 -70 -28|36 66 2 -36|0.5 47|1 -1 0 -15 15
6239 力成|半導體業|-6 4 -8|78 83 -4 -12|1.0 159|42 -9 -2 -8 39
6244 茂迪|光電業|9 -18 -40|72 78 -9 -17|0.7 63|16 9 0 na 48
6245 立端|通信網路|46 45 21|76 76 -2 10|0.6 167|20 0 2 -17 9
6257 矽格|半導體業|-2 9 -14|75 76 -8 -19|0.9 70|18 -13 1 -2 15
6261 久元|半導體業|-23 -16 -28|67 78 -5 -21|0.8 11|3 -2 0 -12 2
6265 方土昶|電子通路|-4 -3 -24|53 73 -2 -16|0.4 5|3 -1 0 -4 2
6266 泰詠|電子零組|21 40 16|67 82 16 3|0.3 12|4 -2 0 -13 10
6269 台郡|電子零組|35 24 7|81 87 7 -8|0.8 114|23 15 -0 -1 -15
6271 同欣電|半導體業|4 2 -5|54 66 -12 -34|1.7 440|37 -2 -5 -3 18
6274 台燿|電子零組|-24 -21 -29|40 56 -19 -38|1.2 42|33 -7 -6 8 10
6275 元山|電子零組|-9 -6 -12|66 79 -9 -21|0.9 6|2 -11 0 -18 -5
6278 台表科|光電業|-8 1 -35|64 79 12 -19|0.5 144|15 -1 -9 -3 6
6279 胡連|電子零組|65 49 25|94 94 20 50|1.1 966|10 0 4 -23 60
6282 康舒|電子零組|8 25 4|72 88 -8 -12|1.0 96|8 -10 -0 5 19
6283 淳安|其他電子|-34 -20 -1|60 79 12 -15|0.4 18|18 -2 0 -15 -5
6284 佳邦|電子零組|-14 -6 -6|59 74 -3 -26|1.0 14|2 -1 0 -12 -2
6285 啟碁|通信網路|47 50 26|92 92 22 18|1.2 462|27 2 5 30 24
6288 聯嘉|汽車工業|9 16 18|75 89 -1 -6|0.8 7|1 2 -0 3 -4
6290 良維|電子零組|-2 2 -6|93 93 9 16|2.1 172|5 2 1 -13 8
6409 旭隼|其他電子|47 49 10|77 78 -3 -1|1.1 252|68 -2 1 42 9
6411 晶焱|半導體業|-48 -29 -30|33 63 -15 -36|0.8 86|12 -2 0 -16 40
6412 群電|電子零組|6 11 2|82 90 -5 -10|1.6 16|13 -23 6 -17 17
6414 樺漢|電腦及週|28 36 17|71 78 -3 -3|0.5 116|16 -0 -6 -20 8
6415 矽力*-KY|半導體業|4 12 -26|35 62 -16 -41|0.8 1133|92 3 -0 -18 15
6416 瑞祺電通|通信網路|40 23 22|84 88 12 3|0.4 24|2 -4 4 0 45
6426 統新|通信網路|49 48 22|80 80 25 1|0.6 26|11 9 -5 -21 25
6432 今展科|電子零組|-25 -31 -27|79 82 5 -8|0.4 10|1 1 0 -49 120
6435 大中|半導體業|-29 -9 -27|64 64 -8 -27|0.5 19|2 -8 0 -18 17
6438 迅得|其他電子|30 14 -8|70 79 -1 -22|0.9 45|12 -8 2 1 21
6441 廣錠|電腦及週|-34 -51 4|64 72 4 -6|1.0 6|1 1 0 -3 -12
6442 光聖|通信網路|13 30 21|69 69 15 17|0.2 63|35 6 0 -9 -4
6443 元晶|光電業|57 58 -11|73 73 4 -21|0.5 1149|16 -0 1 -14 2
6446 藥華藥|生技醫療|573 845 409|80 80 3 61|1.4 962|8 6 -2 na na
6451 訊芯-KY|半導體業|104 63 62|83 92 25 5|0.9 28|62 -0 0 -1 7
6456 GIS-KY|光電業|4 -6 -1|80 87 10 -10|2.2 65|54 -6 2 0 53
6457 紘康|半導體業|-51 -47 -30|29 57 -17 -46|0.7 6|1 -6 0 9 11
6461 益得|生技醫療|-75 -34 -195|88 88 52 98|1.3 349|1 -0 0 -11 -1
6462 神盾|半導體業|3 28 30|57 64 -16 -35|1.1 8|10 -4 0 -2 3
6469 大樹|生技醫療|25 25 -6|88 88 18 30|0.6 178|10 -4 1 -6 53
6470 宇智|通信網路|77 97 57|68 68 -21 12|0.2 43|11 10 -4 -26 18
6472 保瑞|生技醫療|16 18 -28|92 92 62 105|2.2 1706|8 -3 0 72 59
6477 安集|光電業|227 151 -37|66 68 -19 -34|0.5 133|2 2 -8 -13 13
6485 點序|半導體業|-20 -12 -58|39 48 -19 -52|1.3 31|8 -4 0 -9 22
6488 環球晶|半導體業|22 19 5|41 58 -16 -41|1.2 880|25 -8 -5 5 90
6491 晶碩|生技醫療|6 7 -10|68 81 -12 -14|1.1 176|11 -16 -4 -2 26
6492 生華科|生技醫療|66 66 30|32 44 -21 -37|0.9 13|5 -2 0 na na
6494 九齊|半導體業|-47 -35 -66|39 48 -28 -53|0.7 13|8 -9 0 -8 -10
6499 益安|生技醫療|365 313 -157|76 88 13 -4|1.8 10|12 -4 0 -6 24
6505 台塑化|油電燃氣|55 64 2|81 85 -9 -10|1.0 187|7 -9 -2 -23 34
6508 惠光|農業科技|96 103 44|67 67 14 -18|0.3 72|2 2 0 -25 8
6509 聚和|化學工業|26 26 3|49 68 1 -31|1.0 42|3 -2 0 -6 20
6510 精測|半導體業|14 13 2|52 75 1 -26|0.7 63|8 -3 -3 1 -13
6515 穎崴|半導體業|82 100 45|82 87 12 3|0.5 165|7 -4 2 -32 10
6523 達爾膚|生技醫療|-37 -17 -24|67 91 14 9|0.7 20|6 19 0 -16 15
6525 捷敏-KY|半導體業|10 21 -1|66 81 -7 -13|0.6 8|13 -7 0 -14 5
6527 明達醫|生技醫療|3 37 27|64 64 7 5|0.3 15|2 2 0 na na
6530 創威|通信網路|-16 -0 -9|82 82 18 18|2.2 6|3 2 0 -17 27
6531 愛普*|半導體業|-44 -32 -56|20 49 -24 -46|1.0 425|16 5 0 -20 4
6532 瑞耘|半導體業|37 33 1|95 96 35 25|1.2 48|4 2 0 4 222
6533 晶心科|半導體業|-4 -11 -17|63 90 55 2|1.7 3041|22 0 0 -15 -5
6535 順藥|生技醫療|287 3474 1736|86 91 1 4|0.5 10|0 -0 0 na -23
6538 倉和|電子零組|2 21 19|68 78 2 -7|0.6 15|5 -9 0 -7 -18
6541 泰福-KY|生技醫療|594 na na|64 69 -20 -13|0.4 46|31 11 0 na na
6546 正基|通信網路|-14 6 na|na na -10 na|0.3 111|2 -5 -6 na 20
6547 高端疫苗|生技醫療|-100 5 na|40 44 -33 -56|1.5 449|7 5 0 -8 12
6548 長科*|半導體業|9 16 -13|28 31 -61 -69|1.2 20|5 -13 0 -10 na
6550 北極星藥業-KY|生技醫療|-94 -64 na|na na 7 na|5.9 1593|67 0 0 na na
6568 宏觀|半導體業|29 13 16|35 73 9 -20|0.9 63|4 -7 -1 na 44
6570 維田|電腦及週|61 37 -9|83 83 22 22|0.9 69|2 1 0 1 17
6576 逸達|生技醫療|381 6235 -10835|60 61 -29 -27|0.6 42|33 1 0 na na
6579 研揚|電腦及週|19 29 -19|77 77 -10 -8|0.5 6|3 -6 0 -2 39
6581 鋼聯|綠能環保|69 56 9|77 77 13 -8|0.7 21|2 -2 3 100 13
6582 申豐|橡膠工業|-85 -86 -25|32 54 -24 -47|0.7 10|17 -4 0 -10 21
6585 鼎基|其他|10 15 na|na na -24 na|2.6 10|10 -2 0 na na
6589 台康生技|生技醫療|-45 -39 -52|83 85 36 17|1.5 1222|7 -0 1 -25 64
6592 和潤企業|其他|31 37 8|83 92 5 -8|1.0 41|27 -10 2 -17 42
6598 ABC-KY|生技醫療|69 50 24|48 48 -10 -40|0.3 10|32 -4 0 -10 4
6603 富強鑫|電機機械|-22 -6 -13|92 92 13 6|1.9 33|1 -4 0 -4 54
6605 帝寶|汽車工業|11 19 12|83 83 -5 23|0.4 47|20 3 0 -15 26
6612 奈米醫材|生技醫療|45 35 -6|86 91 9 -3|0.6 6|29 3 0 -3 -22
6613 朋億*|其他電子|57 46 -39|50 50 -43 -46|1.0 9|2 5 0 -1 282
6643 M31|半導體業|43 36 12|80 91 44 19|2.0 865|7 -1 3 -15 32
6649 台生材|生技醫療|63 114 -348|80 80 32 47|0.6 16|3 -2 0 na na
6664 群翊|電子零組|12 23 -4|86 86 11 7|0.7 8|4 -2 0 19 1
6666 羅麗芬-KY|生技醫療|3 -1 6|90 90 30 22|2.7 9|79 -1 0 -21 33
6667 信紘科|其他電子|57 69 5|75 82 10 -16|0.9 18|4 3 0 4 29
6668 中揚光|光電業|-36 -12 6|58 78 -7 -22|0.3 6|21 -11 0 -10 4
6669 緯穎|電腦及週|84 77 44|73 80 20 -15|1.6 519|30 -9 16 -23 3
6670 復盛應用|運動休閒|64 43 8|86 86 -2 -7|0.8 46|22 -0 -0 -1 11
6672 騰輝電子-KY|電子零組|-44 -43 -51|44 64 -9 -36|1.0 11|23 -2 0 -11 10
6679 鈺太|半導體業|-43 -31 -31|38 49 -17 -51|0.6 76|8 0 -9 -10 8
6683 雍智科技|半導體業|-3 1 -4|48 72 6 -24|0.6 55|11 2 3 na -12
6684 安格|半導體業|-57 -40 -48|27 41 -24 -59|1.1 5|3 -1 0 na -6
6691 洋基工程|其他電子|76 56 na|na 89 9 -5|0.6 10|1 0 0 44 59
6693 廣閎科|半導體業|15 21 na|na 70 -13 -15|1.3 6|0 -10 0 na 16
6703 軒郁|生技醫療|57 28 15|74 74 4 -2|0.6 7|12 -1 0 na na
6706 惠特|光電業|-57 -30 -70|35 50 -25 -51|0.8 68|9 3 0 -20 -8
6712 長聖|生技醫療|17 31 -203|74 74 13 -3|0.6 371|4 1 -0 -3 14
6715 嘉基|電子零組|27 54 17|83 83 -11 35|0.5 38|4 -8 0 2 9
6719 力智|半導體業|-7 2 na|na 41 -31 -56|1.0 340|8 3 -1 na 49
6727 亞泰金屬|電子零組|44 18 -3|86 86 10 1|0.4 5|4 -6 0 na -59
6732 昇佳電子|半導體業|-65 -52 -33|38 59 -8 -41|0.7 30|9 -9 -3 -5 18
6733 博晟生醫|生技醫療|770 577 -453|82 84 5 -10|0.5 11|8 0 0 na na
6741 91APP*-KY|數位雲端|15 8 -9|27 54 -23 -46|0.6 15|67 -10 0 11 6
6756 威鋒電子|半導體業|-32 -22 -54|31 53 -25 -47|0.8 94|5 4 -3 -19 9
6763 綠界科技*|數位雲端|2 -7 na|na 67 -9 -34|1.1 6|8 12 0 na 0
6767 台微醫|生技醫療|40 55 0|73 73 1 -9|0.4 6|0 1 0 na na
6768 志強-KY|運動休閒|371 161 126|82 82 9 16|0.9 68|78 8 1 -1 68
6770 力積電|半導體業|10 24 na|na 50 -27 -45|0.9 800|18 3 -4 2 122
6781 AES-KY|電子零組|42 45 4|32 52 -42 -43|1.6 910|78 8 -12 18 -24
6788 華景電|半導體業|50 50 -4|na 97 24 13|4.7 131|1 -0 1 106 35
6789 采鈺|半導體業|-25 -15 na|na na -24 na|0.7 113|12 2 1 na na
6792 詠業|通信網路|-34 -28 na|na 67 -10 -33|0.4 12|1 -5 0 -33 144
6796 晉弘|生技醫療|10 9 na|na na 16 na|0.5 43|23 4 0 na na
6799 來頡|半導體業|-0 16 na|na na -36 na|0.8 23|6 -11 0 na na
6803 崑鼎|綠能環保|17 20 7|92 92 6 9|1.1 6|2 1 0 -8 -9
6806 森崴能源|綠能環保|-24 8 na|na 59 -19 -25|0.5 27|1 -13 0 -1 73
6823 濾能|半導體業|-2 34 na|na na 11 na|0.7 6|35 -2 0 na na
6829 千附精密|半導體業|-3 -1 na|na 92 16 10|5.0 49|1 -2 5 na 12
8016 矽創|半導體業|-38 -38 -55|61 72 7 -29|0.7 204|25 -3 -2 -2 1
8021 尖點|其他電子|-19 -16 -24|59 78 -11 -21|1.0 7|7 -10 0 -11 16
8024 佑華|半導體業|-27 -17 -14|78 87 24 -5|1.9 16|4 -0 0 17 13
8027 鈦昇|電機機械|18 1 -36|65 68 -14 -22|1.0 33|6 -10 0 -13 83
8028 昇陽半導體|半導體業|14 12 0|73 73 1 1|0.4 197|17 7 -8 -17 -17
8033 雷虎|其他|11 7 3|79 79 8 8|2.0 59|2 0 0 na na
8039 台虹|電子零組|-9 -17 -10|87 89 1 -5|0.7 7|13 7 0 -25 -2
8040 九暘|半導體業|23 14 -20|70 99 45 1|2.5 199|1 -1 0 45 20
8044 網家|數位雲端|-15 -14 -15|32 53 -34 -45|0.8 34|14 -19 0 17 14
8046 南電|電子零組|22 22 -6|31 42 -28 -58|0.9 2096|13 3 -4 0 7
8049 晶采|光電業|31 19 -1|88 88 23 14|1.0 62|6 3 2 289 22
8050 廣積|電腦及週|37 23 10|75 75 5 38|0.6 526|8 1 -0 -2 -9
8054 安國|半導體業|33 56 47|50 64 -6 -37|0.8 14|2 -2 0 -12 8
8069 元太|光電業|221 115 47|84 84 25 23|0.9 4544|41 -0 0 16 11
8070 長華*|電子通路|2 6 -14|84 86 1 -11|0.9 18|11 -22 0 -6 13
8071 能率網通|電子零組|-7 48 59|71 71 -6 -24|0.5 6|3 -8 0 -5 85
8076 伍豐|電腦及週|8 21 -2|79 79 6 2|0.5 45|4 -12 0 -2 87
8081 致新|半導體業|-33 -25 -30|49 59 -20 -39|1.0 44|20 1 0 -0 12
8083 瑞穎|電機機械|-21 -19 -4|94 94 -0 0|1.0 8|2 -4 0 -25 4
8084 巨虹|電子通路|82 49 35|86 86 34 50|2.0 82|1 -0 0 na na
8085 福華|其他電子|4 -0 6|84 84 11 11|0.3 7|1 -1 0 -6 14
8086 宏捷科|半導體業|-54 -51 -28|39 64 -17 -36|1.1 74|8 -6 0 -8 11
8091 翔名|半導體業|16 30 -10|82 88 13 -2|1.0 29|4 -2 0 41 17
8097 常珵|通信網路|300 414 -220|70 70 -12 35|0.6 123|3 0 -2 5 156
8103 瀚荃|電子零組|-24 -16 -27|61 78 -4 -23|0.6 7|12 -16 0 -12 11
8104 錸寶|光電業|28 44 28|39 63 -12 -38|0.9 9|2 -13 0 -11 15
8105 凌巨|光電業|-8 -0 -15|79 81 12 -2|0.4 16|59 1 0 -13 15
8107 大億金茂|電機機械|14 -0 28|78 78 4 -5|0.4 6|3 -1 0 -9 -1
8109 博大|電子零組|23 18 2|92 92 19 18|1.2 29|2 6 1 41 -7
8110 華東|半導體業|26 25 -21|58 73 -3 -27|1.2 7|3 -8 0 11 17
8112 至上|電子通路|-30 -28 -34|70 78 -7 -22|0.8 57|14 -20 0 -5 11
8114 振樺電|電腦及週|53 51 17|78 78 -1 16|0.3 259|11 3 -2 -21 11
8121 越峰|電子零組|-1 -1 -18|50 81 4 -19|0.9 19|0 -1 0 na 12
8131 福懋科|半導體業|11 9 3|94 94 5 -2|0.7 6|5 -15 0 -2 13
8150 南茂|半導體業|-29 -20 -20|63 65 -16 -32|0.8 69|37 -26 1 -4 21
8155 博智|電子零組|27 22 -11|46 56 -15 -44|0.9 54|9 -4 -12 -11 18
8163 達方|電腦及週|15 8 -5|83 84 4 -13|0.7 18|11 2 0 -7 -1
8171 天宇|綠能環保|10 -16 -289|68 75 -2 -20|0.7 15|1 -5 0 -2 33
8183 精星|其他電子|72 88 33|78 78 -5 -20|0.7 103|2 -1 1 -24 19
8210 勤誠|電腦及週|11 32 8|84 91 14 10|0.5 18|8 -0 2 2 -10
8213 志超|電子零組|-46 -40 -40|71 71 -7 -21|0.7 16|20 -15 0 -10 9
8215 明基材|光電業|-8 -7 -5|70 84 1 -11|0.5 19|2 -2 -0 -3 6
8222 寶一|電機機械|88 52 4|80 80 15 67|0.5 177|8 1 0 -5 -8
8234 新漢|電腦及週|5 16 -7|78 78 -7 15|0.4 23|6 -11 0 -11 79
8255 朋程|電機機械|35 17 14|56 75 10 -25|0.9 184|6 -0 -4 -13 15
8261 富鼎|半導體業|-16 -3 -12|74 74 3 4|0.7 419|6 -1 0 -6 11
8271 宇瞻|半導體業|1 -1 -9|80 89 6 -7|0.8 6|3 6 0 -5 2
8279 生展|生技醫療|45 61 30|84 84 27 21|0.5 9|5 4 0 na 4
8289 泰藝|電子零組|1 4 -29|85 85 10 -1|0.6 24|7 -11 0 0 191
8299 群聯|半導體業|-22 -7 -25|54 69 3 -32|1.1 281|32 -14 -1 -7 38
8341 日友|綠能環保|8 9 -9|68 68 -22 -28|2.3 28|18 -21 -8 -42 35
8349 恒耀國際|鋼鐵工業|30 21 13|92 92 54 37|3.4 94|2 0 2 153 7
8358 金居|電子零組|-44 -36 -47|50 61 -10 -39|0.5 37|8 -8 0 -9 14
8383 千附|半導體業|15 19 -8|94 94 9 -0|0.8 6|7 2 0 -21 12
8390 金益鼎|綠能環保|35 15 6|76 80 4 -18|0.3 8|1 14 0 -15 -31
8401 白紗科|其他|19 18 11|93 93 29 27|0.6 19|2 1 0 25 36
8403 盛弘|生技醫療|22 21 13|79 79 9 17|0.6 52|8 -5 0 -13 24
8415 大國鋼|鋼鐵工業|0 6 -31|83 85 -3 -15|0.9 31|10 -12 0 2 82
8420 明揚|運動休閒|28 38 -3|80 80 29 65|0.3 16|4 -5 0 -19 -2
8421 旭源|其他|3 -2 -11|72 72 -9 4|0.2 11|1 2 0 -34 6
8422 可寧衛*|綠能環保|85 107 46|74 91 3 -7|1.2 31|13 -17 4 4 2
8431 匯鑽科|其他電子|-13 -1 -4|62 71 -13 -27|1.3 9|1 -8 -6 -10 33
8432 東生華|生技醫療|8 11 5|85 85 10 1|0.3 8|1 4 0 -35 10
8433 弘帆|居家生活|-0 33 2|80 80 10 31|0.3 5|1 -0 0 -14 -12
8436 大江|生技醫療|-15 -19 -7|56 73 -12 -26|1.2 75|30 -1 0 -7 -30
8440 綠電|綠能環保|-4 -12 -18|40 40 -31 -46|0.6 23|4 10 0 -25 15
8442 威宏-KY|其他|106 76 9|94 94 29 38|0.5 8|65 5 0 -14 -41
8450 霹靂|文化創意|-6 -4 -0|38 68 -18 -28|0.2 6|0 1 0 -13 23
8454 富邦媒|數位雲端|12 10 -12|34 64 -28 -32|0.7 362|27 0 -1 -1 -6
8464 億豐|居家生活|-10 4 -2|62 76 -10 -18|1.7 112|44 -15 -1 0 153
8467 波力-KY|運動休閒|36 61 -12|73 73 5 50|0.3 8|45 3 0 -10 18
8478 東哥遊艇|運動休閒|-33 -11 -63|86 86 60 65|1.5 1238|43 -4 1 28 8
8916 光隆|其他|149 60 29|82 82 31 30|1.9 319|6 2 2 356 541
8924 大田|運動休閒|-27 -8 -37|62 77 -5 -22|0.7 30|4 -14 0 -9 12
8926 台汽電|油電燃氣|-36 0 27|86 86 -5 -5|1.2 19|7 -11 0 -49 18
8927 北基|油電燃氣|25 39 6|93 93 18 6|1.6 18|1 2 0 -2 -20
8928 鉅明|運動休閒|-19 -3 -25|69 69 -13 2|0.6 7|3 -16 0 -0 10
8932 智通*|數位雲端|-6 -18 -27|96 96 30 17|1.6 10|29 -4 0 115 41
8933 愛地雅|運動休閒|48 31 1|73 73 60 43|1.3 397|8 2 0 na 25
8936 國統|其他|-15 -21 -12|83 83 12 -12|0.5 11|7 7 0 -6 -5
8938 明安|運動休閒|50 31 9|82 82 14 15|0.6 89|19 5 -0 -10 1
8942 森鉅|其他|10 11 -19|87 89 -4 -6|1.8 8|23 -24 0 -21 8
8996 高力|電機機械|31 29 19|92 92 90 89|0.7 776|10 0 -1 5 43
9802 鈺齊-KY|運動休閒|77 88 25|76 76 -6 17|0.9 372|52 4 2 14 32
9904 寶成|運動休閒|72 39 36|83 90 2 -6|1.1 198|52 1 0 -12 64
9907 統一實|其他|7 8 -23|84 84 20 8|0.5 105|21 11 0 -27 32
9910 豐泰|運動休閒|155 74 49|68 79 -11 -17|1.2 165|17 -5 -8 17 81
9911 櫻花|居家生活|24 24 11|91 96 3 3|0.8 6|19 -28 0 1 5
9914 美利達|運動休閒|17 14 10|57 68 -24 -29|0.9 134|39 -9 -14 54 -0
9917 中保科|其他|15 13 6|91 91 -3 -8|1.7 32|40 -23 5 -61 54
9919 康那香|其他|-7 -3 13|47 60 -9 -35|2.0 58|3 -3 0 -3 65
9921 巨大|運動休閒|35 30 17|62 81 -6 -19|1.4 233|52 -10 -2 49 4
9924 福興|居家生活|10 9 9|93 93 6 3|0.8 8|13 -2 1 -14 27
9927 泰銘|其他|20 2 -6|80 81 -3 -19|0.4 8|11 -12 0 -21 -10
9928 中視|其他|-2 14 2|97 97 92 84|1.8 6|0 na na na na
9933 中鼎|其他|38 36 -7|93 93 10 4|1.3 150|21 -1 3 -17 10
9938 百和|其他|39 13 10|71 84 -6 -17|0.6 35|29 -4 0 -6 14
9939 宏全|其他|39 23 9|97 97 14 14|1.8 106|33 9 13 16 17
9940 信義|其他|-56 -37 -41|86 87 -6 -13|0.7 6|6 -7 17 0 1
9941 裕融|其他|17 16 4|67 67 -18 -28|1.2 121|4 -4 -0 3 30
9942 茂順|其他|5 6 -7|92 92 25 18|0.9 45|4 1 6 37 50
9945 潤泰新|其他|-35 13 -0|64 64 -27 -31|0.6 257|14 3 -0 -11 -4
9951 皇田|電機機械|38 5 18|80 90 5 -8|0.7 9|8 -3 0 22 -8
9955 佳龍|綠能環保|-25 -13 14|54 55 -9 -45|0.2 15|1 -2 0 -24 -14
9958 世紀鋼|鋼鐵工業|-29 -34 -48|49 49 -37 -44|1.4 133|9 -0 -1 -14 -0
9962 有益|鋼鐵工業|73 42 -31|71 73 20 -29|0.6 5|2 -2 0 -1 4
