# 2022-12-01 全池(932 檔)。欄位:代碼 名稱|產業|最新月YoY 3月YoY均 加速度|距52週高% 距120日高% 60日漲% 120日漲%|量能比 日均值M|外持% 外20 投20 資20 券20(外資持股比;外資/投信20日淨買佔成交值%;融資/借券餘額20日變化%)
1101 台泥|水泥工業|19 16 10|76 85 -15 -4|1.0 891|20 -13 -4 38 14
1102 亞泥|水泥工業|-20 -11 -16|91 91 -6 1|0.9 200|16 4 -3 -7 21
1104 環泥|水泥工業|14 22 7|100 100 2 8|1.2 6|13 -0 0 38 -1
1210 大成|食品工業|23 19 7|85 91 -7 -2|1.4 31|10 -4 0 1 -8
1215 卜蜂|食品工業|13 16 -2|98 98 -1 11|1.2 22|39 6 1 20 -5
1216 統一|食品工業|10 12 2|97 97 -1 7|2.3 682|41 12 -19 61 19
1217 愛之味|食品工業|3 3 -0|83 95 7 1|1.5 12|7 8 0 -4 -6
1218 泰山|食品工業|2 10 -4|96 96 31 55|2.7 106|3 3 0 1 21
1219 福壽|食品工業|19 20 1|73 89 -6 -3|1.1 16|5 -12 0 2 10
1227 佳格|食品工業|-20 -13 0|79 91 -0 -7|0.9 14|6 23 0 -6 -5
1229 聯華|食品工業|-7 2 -14|77 89 -8 -4|0.8 40|11 4 0 -9 -6
1231 聯華食|食品工業|15 14 2|91 91 3 3|1.4 11|2 7 0 -21 -0
1232 大統益|食品工業|11 23 4|95 95 -3 2|1.4 8|1 13 2 -25 3
1234 黑松|食品工業|7 15 13|95 97 -2 1|2.2 7|6 12 0 30 4
1301 台塑|塑膠工業|-31 -23 -27|90 90 1 -8|0.7 540|35 25 1 -13 1
1303 南亞|塑膠工業|-29 -26 -24|91 100 14 3|1.4 756|30 23 11 -29 -11
1304 台聚|塑膠工業|-25 -18 -18|73 92 -2 -5|2.3 31|33 0 0 -1 2
1305 華夏|塑膠工業|-48 -39 -31|67 75 -3 -25|2.1 31|10 1 0 12 -12
1308 亞聚|塑膠工業|-7 7 -10|81 99 10 9|2.0 26|9 16 3 -1 -9
1309 台達化|塑膠工業|-30 -21 -14|71 84 2 -15|5.3 14|3 3 -0 28 -6
1312 國喬|塑膠工業|-31 -27 -14|77 95 13 -4|4.5 55|14 -5 0 -5 -4
1313 聯成|塑膠工業|-26 -31 -28|65 83 4 -16|2.6 16|10 7 0 13 -10
1314 中石化|塑膠工業|-54 -50 -47|76 91 2 -4|2.7 69|12 14 0 -3 -12
1316 上曜|建材營造|98 70 -99|46 62 -24 -33|0.6 11|2 -4 0 6 835
1319 東陽|汽車工業|14 20 4|89 89 -6 22|2.2 294|29 3 -2 -8 -16
1326 台化|塑膠工業|-4 -3 -13|97 98 11 -2|1.2 264|34 26 -0 -27 3
1336 台翰|電子零組|44 40 11|96 96 17 48|1.6 21|4 3 0 22 25
1338 廣華-KY|汽車工業|-10 3 -8|78 78 -14 -16|1.1 8|10 -4 0 0 -10
1339 昭輝|汽車工業|1 6 6|95 95 -0 15|1.1 8|2 -3 0 11 6
1342 八貫|其他|-9 18 -20|100 100 17 32|0.9 77|52 2 -1 33 7
1402 遠東新|紡織纖維|6 11 -3|98 98 3 11|1.6 334|20 23 -10 11 63
1409 新纖|紡織纖維|-13 -2 -15|90 98 4 1|2.1 35|13 7 0 1 -1
1410 南染|紡織纖維|-5 -19 -4|96 96 8 33|0.5 26|23 3 0 35 5
1417 嘉裕|紡織纖維|1 52 18|96 96 44 45|10.1 8|3 0 0 98 58
1434 福懋|紡織纖維|-4 10 -2|94 97 -1 6|1.0 28|8 2 0 35 -2
1440 南紡|紡織纖維|22 26 14|69 90 -2 -8|1.4 22|7 9 0 -6 -8
1442 名軒|建材營造|-85 -77 -9|99 99 35 75|1.0 54|4 14 0 11 2
1444 力麗|紡織纖維|-4 5 -21|89 89 -5 5|0.6 22|7 -5 0 -12 44
1451 年興|紡織纖維|7 1 -16|79 79 -17 -4|0.8 9|7 -12 0 -20 -4
1453 大將|建材營造|50 59725 3968|51 72 -11 -31|3.3 7|2 -6 0 32 51
1455 集盛|紡織纖維|-42 -33 -30|69 94 6 -6|1.9 8|2 12 0 -7 -3
1467 南緯|紡織纖維|-31 -12 -8|81 87 3 -13|1.6 45|21 1 0 -1 21
1475 業旺|紡織纖維|45 79 -293|86 97 12 -3|1.1 12|0 3 0 5 4
1476 儒鴻|紡織纖維|-11 28 7|74 95 3 -2|0.6 292|41 8 -1 -16 -27
1477 聚陽|紡織纖維|7 8 -13|96 100 26 45|0.8 454|35 26 -3 -31 -9
1503 士電|電機機械|24 17 8|93 93 -4 6|1.0 12|32 -22 0 3 -3
1504 東元|電機機械|11 9 -3|88 94 -4 -1|1.0 114|20 -6 -1 -0 -8
1506 正道|電機機械|5 -0 -15|89 100 14 4|1.7 5|0 2 0 na na
1513 中興電|電機機械|-14 2 -2|89 89 -7 27|2.1 736|15 -13 2 78 57
1514 亞力|電機機械|75 50 18|82 82 -6 13|1.4 57|9 -15 -0 34 24
1515 力山|電機機械|-88 -80 -19|52 87 -2 -7|1.8 15|9 8 0 -4 -26
1517 利奇|電機機械|-26 5 -12|86 93 1 10|0.9 32|3 5 0 -14 6
1519 華城|電機機械|-2 -2 4|93 93 6 25|0.4 46|7 7 -8 -7 1
1522 堤維西|汽車工業|25 18 1|90 90 2 7|3.4 45|6 -2 0 3 3
1524 耿鼎|汽車工業|15 15 -10|91 91 1 23|2.3 153|3 -3 0 31 95
1526 日馳|電機機械|-10 15 -20|81 81 -15 6|0.5 18|7 -14 0 1 -25
1527 鑽全|電機機械|-33 -24 -16|94 94 2 -4|0.6 7|10 11 0 -1 -4
1529 樂事綠能|電機機械|85 7 -104|56 82 5 0|0.4 20|1 -4 0 13 42
1532 勤美|電機機械|-39 -38 -39|87 95 1 -2|0.8 7|11 8 -0 -10 6
1533 車王電|汽車工業|44 25 5|73 80 -10 -17|1.1 13|6 10 -3 6 -7
1536 和大|汽車工業|6 8 -0|79 79 -11 4|0.6 156|14 -6 -7 32 3
1537 廣隆|電機機械|87 195 142|97 97 -1 6|0.6 12|18 3 -6 -16 -8
1539 巨庭|電機機械|-66 -36 -40|70 70 -11 7|1.1 83|5 -2 0 20 22
1558 伸興|電機機械|102 57 59|85 89 -7 -8|0.9 13|8 1 0 -10 3
1560 中砂|電機機械|11 15 -2|66 66 -23 -31|0.7 570|14 -9 -0 36 27
1565 精華|生技醫療|-4 -8 -3|79 93 -5 -2|1.7 32|26 -4 -0 12 13
1568 倉佑|汽車工業|-20 -11 -11|81 81 -11 -10|3.2 10|2 -7 0 15 1
1569 濱川|電腦及週|-33 -22 -39|85 85 -7 -8|0.4 8|5 9 0 16 -7
1580 新麥|電機機械|-6 -14 -13|85 87 -9 -8|1.6 6|6 -12 0 2 0
1582 信錦|電子零組|-24 -19 -26|86 86 -12 -5|1.0 8|10 -27 0 -6 2
1584 精剛|其他|10 19 -50|96 96 30 25|7.0 50|2 0 0 136 31
1589 永冠-KY|電機機械|29 18 17|77 87 3 -0|0.3 9|6 23 0 -4 -8
1590 亞德客-KY|電機機械|24 3 -1|92 94 26 -1|1.3 632|79 7 3 -39 -22
1591 駿吉-KY|電機機械|229 101 na|81 91 18 -10|0.7 11|16 -1 0 -26 13
1597 直得|電機機械|-12 -15 -11|92 97 6 8|2.0 7|3 0 0 -6 4
1603 華電|電器電纜|18 57 19|86 94 5 -3|0.8 8|2 17 0 -29 0
1604 聲寶|電器電纜|-15 -9 -18|86 89 -9 -7|0.5 6|10 -1 0 -6 3
1605 華新|電器電纜|2 2 -27|95 95 22 8|1.7 4434|25 9 -4 -7 -24
1608 華榮|電器電纜|-21 -7 -21|69 89 6 -11|1.3 19|1 -0 0 2 10
1609 大亞|電器電纜|-7 -4 -10|68 80 -3 -14|1.3 45|11 -1 0 3 5
1611 中電|電器電纜|-13 -9 -0|69 73 -9 -27|1.2 13|13 -1 0 0 -3
1612 宏泰|電器電纜|16 -6 -11|57 80 3 -20|0.6 13|12 6 0 -11 -0
1618 合機|電器電纜|-22 80 70|90 90 12 14|0.4 12|1 -1 0 -5 8
1701 中化|生技醫療|10 10 8|78 91 -6 2|0.7 6|12 -7 0 5 -9
1702 南僑|食品工業|5 2 -2|94 97 -0 -1|0.6 7|11 7 0 5 6
1707 葡萄王|生技醫療|6 9 3|91 96 1 4|1.5 24|13 17 2 -10 -1
1708 東鹼|化學工業|61 80 -10|64 85 -4 -10|0.7 155|17 6 -0 -7 -14
1709 和益|化學工業|50 19 2|77 92 -2 -1|1.5 14|5 -2 0 5 5
1710 東聯|化學工業|-30 -21 -8|85 100 5 1|1.7 17|9 23 0 -4 -4
1711 永光|化學工業|-16 -5 -7|68 86 -5 -15|3.8 12|8 -1 0 4 1
1712 興農|化學工業|38 31 5|90 90 -8 26|1.2 62|18 -14 -0 14 8
1717 長興|化學工業|-2 -9 -11|84 94 -3 -4|1.0 38|15 27 -2 -4 48
1720 生達|生技醫療|46 44 17|97 97 1 18|1.8 15|6 -5 0 23 -10
1721 三晃|化學工業|-27 -8 -22|56 90 -0 -11|3.3 10|2 -2 0 31 11
1722 台肥|化學工業|-10 8 -48|71 86 -8 -13|0.8 73|14 1 -1 -13 -8
1723 中碳|化學工業|49 21 -22|88 91 -4 -9|0.9 23|11 -1 -0 1 -1
1727 中華化|化學工業|-3 9 -17|55 72 -1 -29|3.3 8|2 -4 0 7 -11
1732 毛寶|化學工業|-17 -8 -5|61 79 -12 -1|1.0 11|5 5 0 -3 -2
1734 杏輝|生技醫療|29 28 9|86 86 -9 8|0.7 17|6 9 0 2 -8
1736 喬山|運動休閒|17 17 12|94 94 30 47|0.5 158|8 -4 3 29 22
1760 寶齡富錦|生技醫療|-3 22 -1|95 95 24 86|0.9 2180|16 0 -1 -7 -11
1762 中化生|生技醫療|60 28 2|88 95 2 8|0.7 21|7 14 0 -0 -6
1773 勝一|化學工業|-16 -10 -26|65 71 -10 -24|1.3 30|5 -4 -2 29 -20
1777 生泰|生技醫療|113 103 80|94 94 7 23|0.3 6|1 6 0 -53 13
1783 和康生|生技醫療|-12 4 -9|80 98 8 21|0.8 11|8 15 0 -5 -8
1785 光洋科|其他電子|-41 -33 -22|66 79 -7 -21|0.8 63|9 -6 -0 13 10
1786 科妍|生技醫療|49 28 10|97 97 7 30|0.9 5|2 9 0 18 7
1789 神隆|生技醫療|-3 -5 -11|83 83 -13 5|0.7 15|5 -5 0 -6 -13
1795 美時|生技醫療|-4 78 64|100 100 60 83|1.1 4528|78 4 -1 -17 -58
1802 台玻|玻璃陶瓷|-14 -23 -10|95 95 38 20|0.8 281|12 26 -2 -7 0
1808 潤隆|建材營造|-96 -96 -35|100 100 8 14|0.9 11|2 -5 0 -2 9
1809 中釉|玻璃陶瓷|30 42 16|84 95 10 14|2.5 15|2 -1 0 4 24
1810 和成|玻璃陶瓷|-16 -6 -10|96 96 89 67|6.4 112|4 -0 0 29 1098
1815 富喬|電子零組|-10 -17 -13|78 84 -9 0|0.5 13|3 1 0 -4 1
1904 正隆|造紙工業|-3 -4 -7|80 96 1 -1|1.0 24|8 15 0 10 -9
1905 華紙|造紙工業|14 18 8|70 94 1 -2|1.2 11|4 12 0 -6 -8
1907 永豐餘|造紙工業|-5 3 7|81 98 15 10|0.7 69|16 27 0 -12 -7
1909 榮成|造紙工業|-11 -13 -17|70 98 5 1|1.0 39|11 13 3 -3 -16
2002 中鋼|鋼鐵工業|-25 -22 -32|81 96 0 -5|1.5 758|18 17 7 -28 4
2006 東和鋼鐵|鋼鐵工業|-14 -1 -12|71 81 -1 -23|0.6 67|11 -1 2 9 10
2007 燁興|鋼鐵工業|-18 -23 -27|47 75 -5 -23|1.0 6|1 11 0 -6 1
2009 第一銅|鋼鐵工業|-26 -22 -27|63 93 25 5|0.9 195|1 -1 0 -13 4
2010 春源|鋼鐵工業|-18 -14 -17|64 86 -0 -14|0.6 6|6 23 0 -1 -4
2013 中鋼構|鋼鐵工業|41 31 3|94 96 3 4|0.6 11|8 30 0 1 -18
2014 中鴻|鋼鐵工業|-46 -50 -49|55 86 0 -14|1.1 195|5 -1 1 2 1
2015 豐興|鋼鐵工業|-31 -18 -30|73 89 2 -12|1.7 15|11 -5 1 -24 4
2023 燁輝|鋼鐵工業|-15 -14 -24|63 86 2 -14|0.7 35|6 14 0 -0 -7
2027 大成鋼|鋼鐵工業|4 6 -20|78 98 7 7|0.8 377|17 12 1 -6 -10
2028 威致|鋼鐵工業|-37 -26 -33|61 90 0 -4|1.2 13|1 4 -0 5 2
2029 盛餘|鋼鐵工業|-44 -38 -41|65 90 -3 -10|0.8 7|69 21 -0 4 5
2030 彰源|鋼鐵工業|-28 -8 -32|62 88 -5 -10|0.7 42|3 -1 0 -6 7
2031 新光鋼|鋼鐵工業|35 30 9|57 92 8 -9|0.8 48|10 7 4 -18 -6
2032 新鋼|鋼鐵工業|-42 -11 -7|53 83 -1 -17|0.7 5|1 2 0 2 3
2034 允強|鋼鐵工業|-39 -27 -36|80 92 -5 3|0.5 29|8 1 0 2 -7
2038 海光|鋼鐵工業|-8 13 -7|58 88 -3 -9|1.1 11|2 4 0 -0 0
2049 上銀|電機機械|-12 -3 -14|64 77 1 -21|1.1 225|31 2 1 -6 4
2059 川湖|電子零組|23 21 -9|83 87 -5 -1|0.7 189|18 -6 -14 79 -10
2062 橋椿|居家生活|-41 -39 -32|79 84 -10 -11|0.6 5|10 9 0 4 -23
2066 世德|電機機械|33 40 17|88 88 2 22|0.4 22|12 -1 0 29 -5
2069 運錩|鋼鐵工業|-41 -28 -52|57 85 -9 -10|0.8 7|1 -2 0 9 6
2070 精湛|電機機械|86 34 30|95 95 12 7|1.7 6|1 0 0 159 8
2101 南港|橡膠工業|-17 -20 -9|73 88 -9 -9|0.8 20|7 13 0 -6 -4
2102 泰豐|橡膠工業|39 48 46|72 96 2 3|1.9 6|7 8 0 2 -5
2103 台橡|橡膠工業|-1 8 -2|70 94 -0 0|1.1 23|29 2 0 2 -6
2104 國際中橡|橡膠工業|34 23 2|75 95 4 5|1.4 35|12 11 0 8 -5
2105 正新|橡膠工業|1 11 13|87 87 -0 2|0.5 92|15 9 -4 -13 23
2106 建大|橡膠工業|8 17 6|84 84 -5 5|0.6 13|7 -6 -7 4 -5
2107 厚生|橡膠工業|-51 -37 -18|100 100 5 10|2.7 5|8 -4 0 78 5
2108 南帝|橡膠工業|-48 -49 0|48 80 -4 -21|1.6 31|9 3 3 -2 0
2201 裕隆|汽車工業|2 -2 1|100 100 61 57|4.4 1698|9 2 2 29 -6
2204 中華|汽車工業|19 -4 5|94 97 22 -0|3.6 153|24 -4 2 513 40
2206 三陽工業|汽車工業|37 43 22|87 87 3 18|0.9 97|14 -20 -4 24 -4
2207 和泰車|汽車工業|23 14 16|99 99 7 14|1.2 138|25 37 1 -83 -14
2208 台船|航運業|215 61 46|87 98 9 6|3.8 94|5 -2 0 3 27
2211 長榮鋼|鋼鐵工業|-34 -39 -52|86 86 -12 -6|0.1 8|5 -1 0 -4 8
2227 裕日車|汽車工業|14 -15 -2|87 92 2 -6|1.2 10|41 9 -10 na 15
2228 劍麟|汽車工業|26 39 24|96 96 11 32|0.5 28|9 19 0 -16 2
2230 泰茂|居家生活|4 12 23|79 79 -3 60|0.5 25|6 -5 0 -2 37
2231 為升|汽車工業|16 10 12|83 90 -2 13|0.6 83|8 0 -9 4 1
2233 宇隆|汽車工業|9 4 1|82 83 -7 -18|0.9 10|10 11 -9 -2 -3
2239 英利-KY|汽車工業|33 59 51|74 78 -16 14|0.4 6|76 -4 0 -5 2
2247 汎德永業|汽車工業|2 15 14|99 99 6 11|1.6 10|4 11 0 50 -9
2301 光寶科|電腦及週|2 8 0|95 95 -3 10|1.2 477|44 3 -16 102 43
2302 麗正|半導體業|42 30 22|99 99 9 10|0.9 21|4 7 0 32 -2
2303 聯電|半導體業|27 32 -3|71 98 14 -2|0.9 3024|33 22 2 -19 -21
2305 全友|電腦及週|3 20 28|83 83 -0 88|0.3 158|6 -0 0 -1 3
2308 台達電|電子零組|35 35 15|100 100 18 37|1.1 1854|67 19 -0 -7 -4
2312 金寶|其他電子|37 46 18|83 94 10 6|0.5 116|10 -4 0 -11 4
2313 華通|電子零組|31 25 -3|94 94 -0 4|0.9 791|30 6 -1 -14 -15
2314 台揚|通信網路|25 27 20|48 68 -15 -31|2.3 43|2 3 -0 -11 -44
2317 鴻海|其他電子|41 31 18|91 91 -5 -3|1.5 4297|42 -18 -4 31 18
2324 仁寶|電腦及週|-19 -16 -14|86 93 -5 -5|1.3 251|40 3 -5 13 2
2327 國巨*|電子零組|14 7 -8|74 96 14 -3|0.9 1626|42 5 4 -10 279
2328 廣宇|電子零組|6 -2 -18|92 95 5 -5|1.9 47|12 19 0 1 -13
2329 華泰|半導體業|-10 -6 -9|74 98 9 5|0.9 43|9 9 0 3 -5
2330 台積電|半導體業|56 50 9|74 95 3 -2|1.0 19583|71 13 0 -27 63
2331 精英|電腦及週|-23 -22 -40|85 85 -12 11|0.3 38|11 4 0 -8 -18
2332 友訊|通信網路|11 13 0|77 85 -11 1|0.9 18|9 11 0 1 -10
2337 旺宏|半導體業|-35 -29 -32|83 98 13 -3|0.9 323|25 17 2 -16 -12
2338 光罩|半導體業|21 25 -5|84 100 33 2|2.0 919|9 1 2 20 25
2340 台亞|半導體業|-36 -41 -23|51 83 4 -16|0.8 125|12 -2 0 4 -6
2342 茂矽|半導體業|4 2 -16|77 99 9 -1|4.8 38|6 -1 0 5 28
2344 華邦電|半導體業|-29 -22 -27|63 85 7 -16|1.2 338|25 3 -1 -1 -3
2345 智邦|通信網路|30 30 4|92 94 4 17|0.5 553|62 8 -2 -36 1
2347 聯強|電子通路|9 9 -4|81 100 8 3|1.3 309|31 -6 12 -2 22
2348 海悅|其他|-28 -10 -27|64 79 -11 -20|1.7 9|1 8 0 -8 7
2351 順德|半導體業|-3 1 -11|65 80 -2 -22|1.7 242|22 7 -2 4 -28
2352 佳世達|電腦及週|-0 2 -9|91 96 -1 7|0.7 115|16 20 0 -15 -15
2353 宏碁|電腦及週|-36 -21 -13|88 99 17 -1|0.7 282|32 15 5 -12 -9
2354 鴻準|其他電子|-26 -41 -24|80 96 8 -5|1.5 114|16 15 0 -1 -8
2355 敬鵬|電子零組|16 -2 -4|81 100 12 5|1.5 40|18 37 0 -6 -24
2356 英業達|電腦及週|5 -1 -13|94 94 6 -1|1.9 217|23 20 -13 81 11
2357 華碩|電腦及週|-10 1 -8|82 94 6 -4|1.6 791|42 -2 11 -24 3
2358 廷鑫|其他|-58 -59 -56|55 83 10 -17|0.3 33|2 0 0 -6 -8
2359 所羅門|其他電子|2 19 -16|78 78 -1 1|0.9 39|5 7 0 -6 -3
2360 致茂|其他電子|88 70 44|89 97 13 28|0.8 226|66 6 -1 23 -3
2363 矽統|半導體業|-66 -61 -41|75 84 -6 -12|1.7 31|4 0 0 4 -10
2364 倫飛|電腦及週|37 6 4|81 81 12 291|1.4 415|17 -0 0 24 0
2367 燿華|電子零組|30 62 29|81 81 -18 12|0.6 264|9 -7 -0 3 18
2368 金像電|電子零組|26 25 -2|98 98 10 16|0.7 1030|22 5 1 -31 1
2369 菱生|半導體業|-42 -38 -27|56 81 -3 -19|0.7 14|16 16 0 -7 -14
2371 大同|電機機械|98 23 14|86 88 -3 -10|0.8 198|15 -3 -0 -3 -0
2373 震旦行|其他電子|2 6 9|91 91 -5 -3|1.4 5|2 4 0 5 21
2374 佳能|光電業|36 36 -31|70 85 0 -1|0.9 13|6 2 0 -2 -4
2375 凱美|電子零組|-24 -28 -19|43 74 -17 -27|0.7 23|8 12 0 -4 5
2376 技嘉|電腦及週|-25 -27 -20|81 100 39 24|0.9 1019|16 2 5 -19 -4
2377 微星|電腦及週|-31 -32 -31|80 95 11 4|0.8 530|27 3 1 26 4
2379 瑞昱|半導體業|-10 -1 -17|62 84 10 -15|1.6 1584|49 -1 10 -10 13
2380 虹光|電腦及週|31 49 45|77 92 7 25|1.6 21|1 0 0 na na
2382 廣達|電腦及週|8 37 19|82 89 -9 -2|0.8 514|22 -2 1 2 14
2383 台光電|電子零組|-10 -9 -19|72 93 19 -9|1.1 521|40 8 3 -30 -10
2385 群光|電子零組|-1 7 -7|97 98 5 5|0.7 119|33 -7 -5 -7 16
2387 精元|電腦及週|9 17 11|87 98 9 19|0.9 33|7 21 0 9 -9
2388 威盛|半導體業|-15 37 7|81 81 -7 55|0.9 1757|10 -1 -0 4 18
2390 云辰|其他電子|15 2 2|60 79 -9 -20|1.0 16|2 1 0 -9 na
2392 正崴|電子零組|14 21 8|96 99 9 21|3.5 50|12 15 -7 55 -10
2393 億光|光電業|-23 -28 -11|72 95 -1 -3|4.4 17|24 -65 0 -1 -13
2395 研華|電腦及週|14 17 -3|83 92 4 -1|1.1 246|42 7 1 -46 13
2399 映泰|電腦及週|-21 -23 -28|57 92 2 -8|0.6 33|5 0 0 4 5
2401 凌陽|半導體業|-39 -35 -30|65 82 4 -19|0.6 43|13 21 0 -6 -19
2402 毅嘉|電子零組|43 42 29|99 99 14 27|1.0 79|12 -0 0 4 27
2404 漢唐|其他電子|128 143 79|98 99 14 6|0.8 96|22 23 0 -12 -31
2405 輔信|電腦及週|-26 -22 -22|64 82 -10 1|0.8 30|6 9 0 5 0
2406 國碩|光電業|-35 -16 -2|53 81 -9 -14|0.8 17|7 17 0 -4 -9
2408 南亞科|半導體業|-61 -59 -46|74 95 12 -1|1.0 660|16 8 1 -21 13
2409 友達|光電業|-43 -48 -26|70 84 -6 -8|0.6 704|25 -12 -2 10 93
2412 中華電|通信網路|2 4 2|87 87 -8 -7|1.3 1186|18 -4 -4 -35 16
2413 環科|電子零組|57 47 33|100 100 38 39|1.3 183|7 3 0 -10 26
2417 圓剛|電腦及週|-18 -16 5|64 96 -1 -3|3.7 9|1 -3 0 13 -3
2419 仲琦|通信網路|60 57 41|90 90 -3 42|1.6 73|4 -2 0 0 23
2421 建準|電子零組|25 11 3|100 100 20 26|1.3 99|23 12 -0 -4 -5
2425 承啟|電腦及週|-18 -11 -18|90 94 5 -3|0.8 33|16 -4 0 2 -7
2426 鼎元|光電業|-29 -30 -15|61 89 6 -8|0.8 8|8 18 0 -5 -11
2428 興勤|電子零組|7 4 2|78 84 -11 -6|0.7 35|14 -4 -3 -1 -18
2436 偉詮電|半導體業|-30 -33 -26|49 76 -4 -26|0.7 112|8 7 0 -10 -7
2439 美律|通信網路|15 27 24|92 96 1 15|0.7 96|13 9 -2 -2 -25
2441 超豐|半導體業|-42 -39 -33|69 78 -11 -21|1.1 66|12 5 -13 13 14
2442 新美齊|建材營造|21 -16 -353|96 100 9 8|2.8 5|1 4 0 2 3
2444 兆勁|通信網路|18 4 5|90 90 6 13|2.1 6|1 7 0 na na
2449 京元電子|半導體業|-1 -3 -22|83 86 1 -16|0.5 183|29 4 -2 -14 -21
2451 創見|半導體業|-23 -12 -5|99 100 5 5|1.2 22|9 15 -1 -33 -7
2454 聯發科|半導體業|-11 4 -18|68 92 18 -7|1.0 4981|62 10 5 -26 12
2455 全新|通信網路|-42 -47 -28|55 88 19 -12|2.3 235|30 3 5 -25 25
2457 飛宏|電子零組|12 24 1|80 98 12 6|3.6 149|5 0 0 16 8
2458 義隆|半導體業|-51 -48 -26|59 73 3 -27|0.5 227|26 4 0 -18 -3
2460 建通|電子零組|-39 -42 -17|57 86 14 -12|2.6 12|0 -1 0 -8 24
2464 盟立|其他電子|3 7 -4|90 94 -3 -0|1.0 6|5 1 0 -14 5
2465 麗臺|電腦及週|-65 -32 -10|47 98 29 7|0.8 123|2 -0 0 -2 14
2468 華經|資訊服務|39 32 21|93 93 69 134|0.8 252|1 -0 0 -8 -3
2472 立隆電|電子零組|-6 -8 -19|85 95 4 -5|0.9 13|2 4 0 1 1
2474 可成|其他電子|-2 -6 29|94 94 8 12|2.4 885|47 22 -11 13 -24
2476 鉅祥|電子零組|4 5 -4|64 82 -10 8|1.5 57|4 -1 -1 -8 1
2478 大毅|電子零組|-15 -23 -9|72 89 7 -11|0.9 5|6 14 0 -5 -7
2480 敦陽科|資訊服務|3 4 -7|91 93 3 -2|0.6 8|6 -7 0 2 2
2481 強茂|半導體業|-9 -14 -16|61 88 3 -12|1.9 177|12 1 -0 -4 -12
2482 連宇|其他電子|122 65 27|87 87 18 -2|3.3 70|5 -3 0 55 18
2483 百容|電子零組|-10 -12 -24|80 80 1 -3|0.4 8|2 -4 0 -7 -5
2484 希華|電子零組|-18 -13 -16|88 88 -6 -0|1.0 90|8 0 0 -6 5
2485 兆赫|通信網路|8 10 14|81 94 8 12|0.8 10|6 18 0 -3 -9
2486 一詮|光電業|-28 -26 -20|40 65 2 -36|5.4 44|2 -11 0 29 23
2489 瑞軒|光電業|-46 -41 -28|57 85 -5 -15|4.8 19|10 -8 0 5 -1
2492 華新科|電子零組|-14 -21 -6|51 88 2 -14|0.7 141|15 10 -0 -4 -10
2495 普安|電腦及週|57 44 19|99 100 28 35|1.2 82|22 6 0 1 6
2497 怡利電|汽車工業|33 64 12|69 89 1 -3|0.9 360|3 -0 -1 17 4
2498 宏達電|通信網路|-13 -17 -4|66 87 -4 24|1.3 1043|14 1 -0 4 3
2501 國建|建材營造|149 71 18|81 89 -8 -9|1.0 10|7 13 0 -9 -9
2504 國產|建材營造|2 1 2|83 98 2 4|0.6 42|15 18 1 -10 8
2511 太子|建材營造|-3 -25 -44|80 90 -8 -4|1.1 5|9 -6 0 4 0
2520 冠德|建材營造|54 37 37|79 88 4 -11|0.8 22|15 12 0 25 -2
2530 華建|建材營造|174226 67223 45525|95 95 16 28|1.0 23|2 10 0 2 9
2534 宏盛|建材營造|190 46 13|99 99 1 8|0.9 20|8 18 0 3 -10
2535 達欣工|建材營造|3 29 10|91 96 -1 -1|0.5 7|8 -14 0 -10 -19
2539 櫻花建|建材營造|-100 414687 171047|98 98 2 13|1.9 10|1 12 0 -3 29
2540 愛山林|建材營造|-42 -11 -8|77 77 -10 5|1.1 30|0 -10 0 12 89
2542 興富發|建材營造|-12 -45 -10|100 100 12 18|0.7 175|12 57 -2 -15 -21
2545 皇翔|建材營造|-34 1 -55|79 85 -3 -16|0.7 9|4 5 0 0 -21
2548 華固|建材營造|-38 -71 -2001|95 95 -4 3|0.7 31|19 -38 -1 2 10
2597 潤弘|建材營造|35 30 12|84 99 30 17|2.3 10|1 7 0 -1 -11
2603 長榮|航運業|-13 2 -66|51 58 -25 -42|0.6 4842|31 4 1 -7 36
2605 新興|航運業|-27 -15 -21|64 82 0 -14|1.3 68|38 10 0 7 0
2606 裕民|航運業|-24 -12 -31|74 94 30 -7|1.6 337|14 14 6 -12 -16
2607 榮運|航運業|22 138 -12|70 82 4 -13|0.6 106|8 2 0 -10 -13
2608 嘉里大榮|航運業|-8 -5 -5|70 87 -6 -3|0.6 7|5 25 0 -10 -5
2609 陽明|航運業|-29 -13 -62|62 67 -7 -34|0.9 2649|17 -1 0 1 8
2610 華航|航運業|-16 -3 -30|59 75 -16 -26|1.1 762|11 -7 -0 5 12
2611 志信|航運業|-40 -24 -37|63 79 -3 -21|2.1 11|3 5 0 18 5
2612 中航|航運業|7 12 -17|65 80 3 -22|0.5 18|3 19 0 -11 -8
2613 中櫃|航運業|-0 -4 -10|54 70 -8 -30|0.8 14|2 5 0 6 1
2614 東森|其他|1 2 -8|50 71 -4 -26|0.7 53|3 3 0 6 11
2615 萬海|航運業|-39 -27 -85|45 67 -2 -34|1.0 1198|43 3 -0 5 -16
2617 台航|航運業|18 14 -9|73 85 2 -17|1.1 27|3 10 0 -11 -8
2618 長榮航|航運業|15 27 -16|76 79 -15 -12|1.0 1075|31 1 0 -8 -0
2633 台灣高鐵|航運業|31 66 -1|96 97 1 7|1.6 88|10 28 -4 -14 6
2634 漢翔|航運業|38 44 14|87 87 -7 -0|3.4 244|8 -7 -8 85 15
2636 台驊控股|航運業|-60 -56 -77|58 77 10 -26|0.9 98|16 -4 0 -10 5
2637 慧洋-KY|航運業|-7 8 -46|60 74 12 -28|1.0 405|19 4 0 5 -7
2641 正德|航運業|-8 -8 -59|68 77 1 -24|1.1 62|1 0 0 6 11
2642 宅配通|航運業|0 0 -3|49 71 -11 -30|0.7 9|6 18 0 -4 -2
2702 華園|觀光餐旅|73 69 2|81 81 -7 18|1.8 9|38 -4 0 7 34
2707 晶華|觀光餐旅|41 38 22|100 100 48 57|2.9 142|18 15 1 22 2
2723 美食-KY|觀光餐旅|3 2 5|100 100 30 33|2.3 84|52 8 5 -4 -9
2727 王品|觀光餐旅|5 20 7|100 100 35 35|1.7 166|19 29 1 -27 -32
2729 瓦城|觀光餐旅|-1 20 8|92 92 7 22|1.6 11|2 3 0 15 18
2731 雄獅|觀光餐旅|142 196 70|94 94 11 2|0.6 78|7 14 6 -8 -4
2732 六角|觀光餐旅|-17 4 3|92 92 28 29|0.7 90|8 0 -4 50 94
2736 富野|觀光餐旅|6 92 -16|76 76 -8 -14|1.0 12|6 -0 0 2 28
2743 山富|觀光餐旅|237 605 67|77 77 -7 -14|0.5 41|1 -1 0 2 7
2748 雲品|觀光餐旅|59 80 3|100 100 23 33|2.0 10|3 16 0 11 13
2752 豆府|觀光餐旅|13 39 -16|92 92 -0 42|0.8 5|2 -2 0 na 175
2753 八方雲集|觀光餐旅|14 16 2|99 99 24 41|2.2 234|12 9 1 -37 -10
2754 亞洲藏壽司|觀光餐旅|21 48 -163|98 98 57 92|1.1 148|80 11 0 -26 -21
2801 彰銀|金融保險|20 14 -2|91 97 -0 2|1.6 138|12 31 -0 -26 -31
2809 京城銀|金融保險|-26 -83 -33|90 96 1 -2|0.7 68|17 40 0 13 -5
2812 台中銀|金融保險|-1 11 -1|88 96 -4 2|0.8 39|10 2 -0 -2 17
2820 華票|金融保險|-74 -30 1|89 91 -9 -5|0.4 7|7 12 0 -1 -4
2834 臺企銀|金融保險|50 25 8|95 99 1 11|3.4 409|17 7 0 -9 41
2838 聯邦銀|金融保險|-7 1 4|98 98 1 23|0.3 25|6 48 0 -16 -10
2845 遠東銀|金融保險|18 5 6|93 96 -4 4|0.8 42|10 12 -0 -17 -12
2850 新產|金融保險|7 6 2|85 85 -15 -4|0.5 13|11 11 0 -4 2
2851 中再保|金融保險|-11 1 -5|67 74 -5 -26|1.3 16|1 -2 0 -2 26
2855 統一證|金融保險|-42 23 45|79 94 2 -1|1.4 11|8 12 0 9 -5
2880 華南金|金融保險|12 9 2|97 97 -2 6|1.3 190|18 17 -0 -9 14
2881 富邦金|金融保險|-119 -63 -35|83 99 11 9|1.5 869|20 23 2 -22 4
2882 國泰金|金融保險|-51 -50 -18|70 88 -0 -11|1.5 945|21 13 6 -21 15
2883 凱基金|金融保險|-73 -60 -28|73 93 2 -8|1.5 466|23 8 9 -4 7
2884 玉山金|金融保險|7 -7 -4|76 86 -12 -9|1.1 629|33 -11 -2 -8 -17
2885 元大金|金融保險|-16 -14 9|91 100 8 8|1.2 436|26 32 4 -36 -12
2886 兆豐金|金融保險|-27 -28 -23|75 88 -11 -9|1.3 598|22 17 4 -14 -5
2887 台新新光金|金融保險|51 11 -10|78 94 -1 -3|1.2 238|23 17 -2 -6 -4
2889 國票金|金融保險|-65 -46 -16|74 79 -11 -20|1.5 93|11 11 0 14 25
2890 永豐金|金融保險|5 7 0|97 97 1 11|1.8 452|30 41 -4 -9 6
2891 中信金|金融保險|-80 -55 -61|78 90 -3 -8|1.2 824|40 2 4 -1 -6
2892 第一金|金融保險|10 14 6|93 97 -2 5|1.5 370|25 17 -4 -15 74
2903 遠百|貿易百貨|-5 3 -1|97 99 0 7|1.3 11|10 1 0 -27 -6
2906 高林|貿易百貨|-17 -7 -23|71 96 14 12|2.6 18|3 -5 0 29 9
2912 統一超|貿易百貨|10 14 4|95 95 -2 7|1.1 335|30 10 -4 -7 -13
2913 農林|貿易百貨|-9 5 -7|97 97 14 22|0.8 49|9 9 0 -33 -3
2915 潤泰全|貿易百貨|16 -1 -9|60 88 18 -12|0.6 302|12 11 -0 12 14
2929 淘帝-KY|貿易百貨|-15 -11 -2|80 84 8 -6|1.3 9|20 -3 0 -29 11
3003 健和興|電子零組|-12 -2 -12|80 86 -2 -2|0.8 41|4 15 0 -12 -17
3004 豐達科|鋼鐵工業|58 61 17|89 89 2 18|0.4 10|3 6 0 -8 -11
3005 神基|電腦及週|14 18 10|77 88 -4 1|0.9 45|22 10 -11 2 -25
3006 晶豪科|半導體業|-53 -52 -38|46 76 7 -25|1.3 372|13 -1 0 3 15
3008 大立光|光電業|24 19 21|89 98 19 35|1.0 1618|38 12 5 -24 -24
3010 華立|電子通路|-2 -0 -11|83 92 -3 -8|0.9 13|11 1 3 4 -21
3011 今皓|電子零組|-28 -16 -30|67 70 1 -18|0.9 8|1 3 0 na na
3014 聯陽|半導體業|-42 -47 -30|69 87 10 -13|0.7 39|12 11 0 1 -9
3016 嘉晶|半導體業|-2 8 -14|54 83 1 -20|0.6 85|5 10 0 -9 -20
3017 奇鋐|電腦及週|26 26 7|96 96 12 10|0.6 520|42 5 -2 -23 -0
3019 亞光|光電業|-5 -6 -7|69 97 4 5|1.0 74|10 5 -0 0 -1
3022 威強電|電腦及週|63 64 41|95 95 -0 75|0.9 166|26 -0 0 79 30
3023 信邦|電子零組|32 27 9|92 93 -5 3|0.7 123|62 13 -6 -3 -15
3024 憶聲|光電業|-26 -2 -7|95 96 1 13|0.9 9|2 -2 0 21 90
3025 星通|通信網路|-12 -22 -19|94 94 22 32|2.3 35|3 -5 -1 50 48
3026 禾伸堂|電子零組|-1 -8 0|82 90 3 -10|1.1 11|11 29 0 -7 -12
3027 盛達|通信網路|40 26 9|100 100 58 84|2.7 166|10 4 0 33 6
3028 增你強|電子通路|-1 -15 -15|79 86 0 -14|0.7 6|5 15 0 -2 -7
3029 零壹|資訊服務|-15 -16 -23|89 95 0 -1|0.9 7|2 13 0 -6 3
3030 德律|其他電子|30 24 -3|96 100 6 5|0.9 27|18 14 0 -3 -11
3033 威健|電子通路|9 1 -3|88 99 3 -1|0.7 22|6 11 0 -2 4
3034 聯詠|半導體業|-45 -49 -51|66 96 18 -5|0.8 1559|44 -0 3 4 12
3035 智原|半導體業|33 36 -46|56 79 0 -20|0.5 3331|26 2 2 -19 -21
3036 文曄|電子通路|56 40 9|70 84 3 -12|0.7 85|11 -5 -3 -5 25
3037 欣興|電子零組|33 34 -6|64 89 15 -19|1.0 5429|40 -2 3 -6 -1
3038 全台|光電業|15 17 2|92 92 3 13|1.3 31|9 7 0 3 -4
3041 揚智|半導體業|-38 -33 -41|50 80 -6 -21|0.8 17|12 -0 0 -3 -10
3042 晶技|電子零組|-14 -18 -8|84 93 4 -7|0.6 80|15 22 -1 -6 -23
3044 健鼎|電子零組|-12 -0 -9|78 88 1 -11|0.7 97|39 -7 -5 -5 23
3045 台灣大|通信網路|11 10 -0|89 89 -5 -8|1.1 316|16 2 -8 10 30
3046 建碁|電腦及週|-5 22 -13|92 92 78 96|0.4 432|3 0 0 3 3
3047 訊舟|通信網路|11 22 9|93 93 3 52|1.7 165|2 -1 0 18 18
3048 益登|電子通路|15 11 -1|83 89 2 -11|0.7 10|3 2 0 -1 2
3050 鈺德|光電業|1 8 -2|87 93 4 -3|0.7 16|9 -0 0 -5 1
3051 力特|光電業|-16 -4 0|54 92 4 8|0.9 25|4 17 0 26 -2
3056 富華新|建材營造|23102 24036 15702|82 95 -1 3|1.0 30|5 9 0 -37 -12
3059 華晶科|光電業|107 87 27|74 99 12 6|1.7 201|15 1 0 -1 32
3062 建漢|通信網路|73 91 62|70 79 -11 -5|2.0 88|12 -4 0 1 -0
3078 僑威|電子零組|-20 -34 1|70 85 -6 -15|1.4 10|1 8 0 -1 -10
3081 聯亞|通信網路|93 88 72|58 65 -34 -13|2.7 544|36 -7 1 48 30
3083 網龍|文化創意|4 -10 -16|66 91 8 -9|1.5 11|1 -1 0 32 3
3088 艾訊|電腦及週|39 18 -19|86 92 1 0|0.9 12|5 19 -1 -23 -10
3090 日電貿|電子零組|-11 -13 -14|100 100 3 5|1.1 17|8 27 0 7 -10
3092 鴻碩|電子零組|-31 -16 -47|56 79 -7 -22|5.7 11|2 1 0 14 -1
3105 穩懋|半導體業|-49 -45 -26|44 78 1 -22|0.6 616|41 6 0 -31 -23
3122 笙泉|半導體業|-53 -53 -42|44 65 -2 -35|1.1 17|3 -4 0 27 15
3128 昇銳|光電業|64 44 11|100 100 124 176|1.6 633|2 -0 0 -11 1
3131 弘塑|半導體業|-2 -7 -21|69 84 -10 -11|0.9 48|4 -3 -4 na 5
3138 耀登|通信網路|31 36 12|60 86 6 -6|0.7 57|3 7 0 4 -2
3141 晶宏|半導體業|-62 -40 -60|33 62 -18 -39|0.9 456|7 -1 0 7 4
3147 大綜|資訊服務|-43 -42 -31|89 89 5 23|0.9 13|2 3 0 7 -5
3149 正達|光電業|7 4 6|61 89 10 -5|0.6 22|2 -0 0 0 na
3152 璟德|通信網路|-39 -47 -0|52 85 1 -15|1.4 12|17 -11 3 7 -7
3162 精確|電機機械|235 142 75|90 90 1 23|1.2 53|47 -1 0 43 36
3163 波若威|通信網路|38 34 -7|93 93 -0 8|2.6 183|6 -4 -0 21 19
3169 亞信|半導體業|-24 -21 -48|41 80 5 -21|1.8 103|2 -5 0 1 12
3176 基亞|生技醫療|-89 -90 -307|61 76 -19 -23|0.8 9|4 1 0 na na
3178 公準|半導體業|4 9 -4|90 93 -0 23|2.5 14|1 -1 0 30 8
3189 景碩|半導體業|10 15 -14|56 88 17 -17|0.9 1812|16 3 1 -23 -10
3205 佰研|生技醫療|-13 -13 -3|63 63 -26 123|0.8 69|12 -3 0 16 20
3207 耀勝|電子零組|29 26 -6|97 97 25 51|0.8 380|2 -0 -0 -6 -1
3209 全科|電子通路|42 16 -4|89 89 -4 2|0.7 20|4 -9 -0 -35 -9
3211 順達|電腦及週|30 2 4|72 94 -0 -6|1.0 10|11 11 -1 -0 -4
3217 優群|電子零組|-11 -21 -18|65 97 23 8|1.5 56|2 -0 8 7 -7
3218 大學光|生技醫療|26 31 -2|78 78 -12 2|2.2 146|30 -16 2 43 16
3221 台嘉碩|通信網路|-25 -24 -49|67 71 -15 -26|1.1 24|6 -3 0 4 -17
3224 三顧|電子通路|-38 -30 -52|71 86 -8 -3|1.4 15|1 5 0 -1 2
3227 原相|半導體業|-44 -48 -6|69 97 8 -3|1.2 41|16 27 2 -9 -27
3228 金麗科|半導體業|20 -2 13|37 42 -43 -58|0.8 110|7 -0 -2 4 6
3230 錦明|光電業|-45 -40 -16|72 80 -6 -14|2.2 6|1 -2 0 9 8
3231 緯創|電腦及週|-2 7 -11|94 96 2 4|0.7 259|28 10 -1 7 -18
3232 昱捷|電子通路|77 101 30|97 97 37 38|1.6 15|7 4 0 7 -12
3234 光環|通信網路|-36 -30 -10|90 90 -4 17|5.2 9|5 -0 0 -7 -5
3236 千如|電子零組|15 20 -6|99 100 12 20|1.0 21|12 3 0 -23 34
3260 威剛|半導體業|-18 -8 -5|68 95 7 -4|0.7 80|10 10 -1 -3 -13
3264 欣銓|半導體業|25 22 2|93 100 16 5|0.9 235|23 11 -0 -14 -19
3265 台星科|半導體業|17 8 -25|95 97 19 -3|1.5 61|6 7 0 23 -15
3272 東碩|電腦及週|159 116 73|82 82 69 66|0.8 123|1 -0 0 6 -22
3289 宜特|其他電子|15 17 -1|93 93 22 50|0.6 559|8 -1 -3 0 11
3290 東浦|電子零組|0 -2 -8|87 97 20 8|3.1 17|1 0 0 6 16
3293 鈊象|文化創意|2 5 -1|94 94 5 14|0.8 357|30 3 -1 23 -21
3296 勝德|電子零組|-27 -27 -8|85 88 -6 3|0.5 12|3 -3 0 5 7
3297 杭特|光電業|-34 -10 -22|100 100 52 54|5.0 19|0 -0 0 114 12
3305 昇貿|其他電子|-29 -21 -47|54 68 -11 -33|1.4 24|3 -0 0 -2 2
3306 鼎天|通信網路|-32 1 -18|63 92 -3 -3|0.9 9|3 -2 0 14 21
3317 尼克森|半導體業|-24 -23 -20|69 83 -2 -18|1.4 24|3 -0 0 2 7
3322 建舜電|電子零組|-32 -25 -6|75 95 1 18|1.1 18|3 2 0 0 5
3323 加百裕|電腦及週|-11 4 14|87 96 3 1|0.9 9|3 -0 0 -9 6
3324 雙鴻|其他電子|-13 -15 -21|64 89 5 -16|1.1 275|11 3 3 -2 -4
3338 泰碩|電子零組|-13 -7 -7|59 82 -7 -15|1.1 6|4 8 0 1 -0
3346 麗清|汽車工業|93 52 29|78 83 -8 13|0.7 24|6 5 -6 10 3
3356 奇偶|光電業|19 16 8|100 100 83 60|2.1 545|4 -0 0 27 36
3357 臺慶科|電子零組|-17 -24 -18|64 87 -8 -15|1.0 5|11 5 0 -14 -4
3362 先進光|光電業|-1 -3 -12|92 92 -6 23|1.6 257|2 0 0 20 3
3374 精材|半導體業|1 -4 -5|73 77 -11 -25|1.1 288|10 1 -7 12 -36
3376 新日興|電子零組|-16 4 3|89 89 -3 4|0.5 20|21 -0 0 -7 -10
3380 明泰|通信網路|38 40 33|90 90 -3 22|2.4 70|7 -1 0 0 24
3390 旭軟|電子零組|-39 -14 -32|67 76 -15 -12|0.6 7|4 4 0 6 -3
3402 漢科|其他電子|33 48 3|94 96 5 1|1.3 22|4 6 0 7 -10
3406 玉晶光|光電業|18 22 -1|70 89 -9 1|0.7 1453|24 -0 2 -5 -14
3413 京鼎|半導體業|33 30 6|77 88 -1 -4|0.6 126|22 11 -0 -15 -15
3416 融程電|電腦及週|9 8 0|97 97 4 13|1.0 14|3 9 0 -39 -18
3419 譁裕|通信網路|20 37 24|64 96 15 16|1.1 71|4 -1 0 31 36
3432 台端|電子零組|47 -18 10|81 81 4 74|1.1 43|5 -4 0 3 35
3434 哲固|光電業|-11 -3 -9|66 88 4 4|1.6 37|2 0 0 11 -8
3438 類比科|半導體業|-54 -55 -28|62 86 14 -14|0.6 14|2 1 0 1 3
3441 聯一光電|光電業|-33 -24 -31|100 100 17 21|3.5 71|3 1 -0 39 -2
3443 創意|半導體業|42 65 15|99 99 38 31|0.7 5351|38 4 -1 -37 -15
3444 利機|電子通路|-24 -27 -17|100 100 55 53|6.3 71|11 -0 0 102 2
3450 聯鈞|半導體業|-11 -7 -6|71 84 -9 -8|1.1 8|8 12 0 -4 -6
3454 晶睿|光電業|194 137 69|100 100 93 183|1.8 2774|8 -0 -0 50 -12
3455 由田|光電業|-0 9 -8|81 99 7 10|0.7 36|5 6 0 7 -2
3466 德晉|通信網路|36 83 86|100 100 20 14|1.2 20|12 13 0 9 -5
3479 安勤|電腦及週|94 76 18|91 91 0 6|1.0 18|3 -0 -2 5 -5
3481 群創|光電業|-42 -45 -16|70 94 5 -3|0.6 657|26 7 -2 4 -17
3483 力致|電腦及週|-16 -13 -27|57 83 1 -17|1.6 24|3 -1 -3 -1 10
3484 崧騰|電子零組|-30 -22 -15|53 80 -17 -17|1.6 7|4 -0 0 -3 -9
3491 昇達科|通信網路|-13 -1 -15|67 80 -11 -14|1.9 209|9 -3 -0 36 12
3499 環天科|通信網路|-6 -16 2|71 95 9 -1|1.7 48|2 -1 0 36 37
3501 維熹|電子零組|7 10 -6|99 99 10 19|1.5 8|4 7 0 114 -12
3504 揚明光|光電業|-18 3 -15|72 81 -13 35|0.9 409|2 -1 -0 30 5
3508 位速|其他電子|-45 -32 -40|56 83 5 30|2.1 26|2 -2 0 -5 -33
3511 矽瑪|電子零組|31 27 -92|94 94 7 10|0.7 33|3 10 0 1 -25
3515 華擎|電腦及週|4 -4 -2|52 96 48 5|1.8 373|4 -2 2 2 -2
3520 華盈|電子零組|38 52 3|91 91 1 32|1.5 48|4 1 0 -11 4
3521 台鋼建設|建材營造|6 19 -4|84 84 -2 74|0.2 12|1 -3 0 -100 13
3526 凡甲|電子零組|-11 -6 -6|65 80 -9 -17|0.6 28|5 5 0 13 -7
3527 聚積|半導體業|-35 -46 -39|55 79 -4 -22|1.2 16|6 10 0 0 -7
3529 力旺|半導體業|37 28 -8|70 98 16 16|0.6 1648|62 6 2 -31 -31
3530 晶相光|半導體業|-64 -68 -23|57 79 -5 -22|1.1 8|42 7 0 -3 -3
3532 台勝科|半導體業|45 38 7|44 71 -4 -31|1.2 523|52 1 -0 1 -5
3533 嘉澤|電子零組|37 30 -1|99 99 23 15|0.7 652|33 9 1 -52 -22
3535 晶彩科|光電業|-28 114 68|72 92 9 -6|0.5 59|4 -5 0 9 10
3545 敦泰|半導體業|-44 -54 -25|46 72 -2 -30|0.5 301|14 1 -0 -0 -7
3546 宇峻|文化創意|4 -6 -5|82 99 10 3|1.0 9|11 3 -9 3 -13
3548 兆利|電子零組|2 -2 -18|81 91 -5 -5|0.7 9|7 -1 0 -4 -9
3552 同致|其他電子|8 34 20|80 80 -14 -7|0.4 265|17 -0 0 1 -10
3556 禾瑞亞|半導體業|-0 -30 -35|74 86 -2 -15|1.1 6|6 9 0 -1 -18
3557 嘉威|居家生活|-33 -13 -32|69 75 -7 -22|1.2 7|19 -1 0 -9 -42
3558 神準|通信網路|116 97 39|91 91 3 7|1.2 1438|7 -0 0 7 11
3563 牧德|光電業|-28 -37 -19|53 83 0 -16|1.2 16|9 12 0 -5 -25
3576 聯合再生|光電業|59 54 9|88 91 -2 6|0.9 103|17 -1 -0 na na
3580 友威科|其他電子|76 60 20|88 88 -6 3|1.2 50|9 2 0 26 34
3583 辛耘|半導體業|26 18 -13|68 85 -4 -16|0.8 32|8 5 0 -7 -0
3587 閎康|其他電子|36 25 8|92 96 9 19|0.3 97|4 6 0 15 -36
3588 通嘉|半導體業|-54 -51 -46|42 66 7 -36|0.5 110|1 -0 0 -6 14
3592 瑞鼎|半導體業|-37 -41 na|na 77 27 -23|0.8 461|12 -3 2 47 35
3594 磐儀|電腦及週|44 33 17|88 88 3 8|0.3 21|4 17 -5 -5 -40
3596 智易|通信網路|36 34 16|79 79 -2 -10|0.7 209|20 -2 -1 -3 -7
3605 宏致|電子零組|-13 -10 -17|66 88 -1 -12|3.0 9|10 -2 0 -5 -15
3611 鼎翰|電腦及週|37 19 2|96 96 -1 12|0.9 6|12 -21 -2 -9 -9
3617 碩天|其他電子|25 38 17|100 100 13 66|1.9 55|6 5 0 67 17
3624 光頡|電子零組|-17 -12 -29|50 58 -0 -44|1.2 66|44 -5 0 15 15
3630 新鉅科|光電業|-46 -42 -8|81 94 -1 -0|2.4 21|36 -2 0 9 2
3645 達邁|電子零組|-26 -42 -29|57 60 -8 -41|0.9 11|12 -8 0 7 -10
3653 健策|電子零組|46 49 12|95 95 6 14|0.7 336|12 4 -1 31 -38
3661 世芯-KY|半導體業|46 49 29|74 94 7 13|0.7 5623|53 0 1 -9 7
3665 貿聯-KY|其他電子|90 87 2|74 74 -20 -15|0.8 698|50 -5 -10 31 -15
3669 圓展|通信網路|-22 -19 3|69 88 -10 -5|1.4 8|1 2 0 4 2
3673 TPK-KY|光電業|13 13 14|76 85 -8 -3|0.8 24|35 28 0 -10 -13
3675 德微|半導體業|-4 0 -13|57 60 -8 -37|1.1 296|55 1 -3 44 1
3679 新至陞|電子零組|1 1 19|99 99 11 15|1.0 5|13 15 0 -25 -21
3680 家登|半導體業|-34 38 -23|76 84 -6 6|0.5 303|8 1 -1 -4 -21
3687 歐買尬|數位雲端|10 5 -6|40 65 -3 -34|1.2 30|4 -6 -0 24 12
3689 湧德|電子零組|-4 -11 -17|67 79 -3 -23|1.0 5|4 1 0 -1 -11
3691 碩禾|光電業|-35 -19 -1|56 71 -13 -16|0.5 22|8 11 0 -2 -29
3693 營邦|電腦及週|89 59 22|100 100 20 71|1.4 78|5 2 0 8 14
3694 海華|通信網路|-13 -2 1|74 95 11 13|1.4 6|2 -0 0 -9 -12
3701 大眾控|電腦及週|44 19 -8|48 83 -7 -12|1.1 30|4 4 0 4 -14
3702 大聯大|電子通路|2 -3 -11|89 91 -5 -9|0.9 163|25 -4 10 -7 8
3703 欣陸|建材營造|4 11 -28|91 91 -9 10|0.6 44|28 -5 0 11 -13
3704 合勤控|通信網路|39 36 26|84 96 7 13|3.9 108|10 1 0 18 106
3705 永信|生技醫療|-3 -15 -11|94 97 -2 -1|1.1 6|10 -12 0 80 0
3706 神達|電腦及週|61 47 32|91 100 10 7|1.3 67|13 24 -0 -7 -25
3707 漢磊|半導體業|10 19 -7|66 81 -5 -22|0.7 443|10 3 1 4 -7
3708 上緯投控|綠能環保|-23 -7 -0|71 78 11 -17|1.1 165|12 4 -5 -5 -2
3710 連展投控|電子零組|-11 -15 -5|72 72 -24 -1|1.0 22|2 -5 0 -100 na
3711 日月光投控|半導體業|22 24 1|99 100 23 8|0.9 994|74 39 0 -44 -17
3714 富采|光電業|-32 -36 na|47 87 -2 -15|0.8 149|13 14 0 -5 -8
3715 定穎投控|電子零組|na na na|na na -8 na|1.0 11|14 16 0 2 -26
4102 永日|生技醫療|-2 39 22|95 95 38 93|1.0 110|3 0 0 20 -16
4104 佳醫|生技醫療|9 14 5|96 96 -1 7|1.0 12|6 -20 0 -7 15
4105 東洋|生技醫療|-12 16 1|93 93 5 17|1.5 118|20 1 -1 85 32
4107 邦特|生技醫療|7 16 9|93 93 -7 6|1.6 14|28 -17 0 -10 -3
4114 健喬|生技醫療|42 42 9|92 92 -1 42|0.6 199|11 8 0 -2 -26
4116 明基醫|生技醫療|121 108 15|75 75 -8 -5|0.8 61|2 -2 0 16 8
4119 旭富|生技醫療|61 79 82|96 96 10 15|1.7 40|2 -3 0 63 26
4121 優盛|生技醫療|-1 9 -0|70 81 -13 3|0.7 8|6 -3 0 -12 2
4123 晟德|生技醫療|141 124 79|83 88 -9 -7|0.9 35|7 5 0 1 -0
4128 中天|生技醫療|3 -9 -8|88 88 -6 36|1.2 553|6 -2 0 13 25
4129 聯合|生技醫療|21 27 7|99 99 18 36|2.1 17|9 7 0 45 -30
4133 亞諾法|生技醫療|48 23 28|47 81 -7 -9|0.5 22|16 5 0 -1 5
4137 麗豐-KY|生技醫療|-20 -16 -0|73 94 9 -1|1.6 19|63 14 1 7 -0
4142 國光生|生技醫療|-49 -17 -421|82 92 -1 7|0.8 50|7 7 0 -13 -14
4147 中裕|生技醫療|178 71 80|87 91 1 8|0.5 35|8 18 0 15 -22
4148 全宇生技-KY|生技醫療|27 112 45|66 82 -18 10|0.4 22|73 3 0 4 1
4155 訊映|生技醫療|-15 14 -10|96 96 9 14|0.5 18|4 7 0 -22 8
4157 太景*-KY|生技醫療|149 482 383|76 76 -14 -1|0.7 20|5 17 0 -6 -10
4162 智擎|生技醫療|23 6 5|100 100 11 101|1.2 2203|8 0 1 13 14
4163 鐿鈦|生技醫療|20 33 15|99 99 3 14|0.6 9|3 -0 0 26 -5
4164 承業醫|生技醫療|28 57 10|96 97 3 17|2.3 18|24 -2 1 10 16
4167 松瑞藥|生技醫療|-8 -5 24|85 93 5 11|0.6 11|12 21 0 -5 -19
4168 醣聯|生技醫療|85 6 na|78 78 -18 29|0.7 104|6 -3 0 18 45
4171 瑞基|農業科技|-43 -55 -38|35 63 -28 -37|0.5 15|21 2 0 2 -1
4174 浩鼎|生技醫療|-100 -60 -462|57 69 -6 -31|0.9 30|12 16 0 -4 -31
4190 佐登-KY|生技醫療|34 11 12|94 94 -2 16|0.8 5|64 0 0 19 8
4306 炎洲|塑膠工業|-19 -19 -11|98 100 7 2|1.1 6|5 16 0 -24 -3
4426 利勤|紡織纖維|357 313 193|73 73 -20 1|0.6 8|7 3 0 1 -2
4432 銘旺實|紡織纖維|-20 2 -29|82 82 -3 63|0.9 22|5 4 0 17 2
4438 廣越|紡織纖維|76 94 -2|84 84 -9 14|0.4 30|4 -5 -2 -51 17
4503 金雨|電機機械|82 69 33|80 80 -1 -4|0.2 8|2 10 0 -2 0
4532 瑞智|電機機械|-45 -33 -19|82 82 -14 -1|0.5 6|12 -4 0 -6 4
4536 拓凱|運動休閒|30 34 4|98 98 4 41|0.6 110|19 -2 -2 3 10
4541 晟田|其他|-5 34 -4|87 87 -4 34|2.3 16|4 -4 -1 26 5
4543 萬在|電機機械|-11 4 -6|83 83 -5 15|2.6 11|8 -4 0 4 11
4549 桓達|電機機械|28 29 3|93 93 0 13|0.3 6|6 2 0 -73 14
4551 智伸科|汽車工業|3 9 3|90 92 5 7|0.4 87|52 1 2 -14 6
4557 永新-KY|汽車工業|88 127 41|78 78 -13 40|0.4 10|40 -18 0 18 21
4566 時碩工業|電機機械|35 29 13|91 91 1 22|2.2 46|2 -1 0 17 24
4572 駐龍|電機機械|50 56 -4|86 86 4 6|1.1 27|2 2 -11 16 17
4721 美琪瑪|化學工業|-15 -3 -89|73 82 -11 -20|1.9 102|1 -1 0 -6 -9
4726 永昕|生技醫療|-56 -5 -25|76 76 -14 4|0.7 52|1 -1 -2 15 11
4736 泰博|生技醫療|127 33 -31|66 83 -10 -3|0.7 137|12 1 0 -8 -6
4739 康普|化學工業|-10 3 -33|65 75 -14 -26|2.3 181|2 -3 0 0 24
4743 合一|生技醫療|-41 -40 -1112|89 98 9 69|1.4 3013|9 2 0 38 -2
4746 台耀|生技醫療|37 38 15|93 100 5 27|2.2 61|9 26 0 -20 4
4755 三福化|化學工業|-30 -7 -50|60 72 -5 -29|3.1 88|30 -5 0 29 44
4763 材料*-KY|化學工業|83 89 37|99 99 28 57|1.3 446|77 10 -0 39 -18
4766 南寶|化學工業|26 41 17|93 93 -3 9|0.7 8|15 2 0 -34 -12
4768 晶呈科技|化學工業|194 98 na|na 86 2 28|0.7 393|5 -1 0 na 18
4770 上品|化學工業|77 68 na|na 80 -13 8|1.5 483|13 -12 4 248 24
4904 遠傳|通信網路|2 7 2|80 80 -9 -14|1.1 325|25 -16 -3 68 -2
4906 正文|通信網路|73 53 35|89 89 -9 -3|0.5 63|12 6 0 -14 6
4908 前鼎|通信網路|-18 -6 -30|80 80 -12 -4|2.4 8|6 -8 0 -2 -7
4915 致伸|電子零組|-9 12 -3|82 82 -13 -3|1.3 533|61 -7 0 15 11
4916 事欣科|電腦及週|78 50 32|80 95 12 16|5.5 6|1 -2 0 27 39
4919 新唐|半導體業|-11 -2 -5|66 76 9 -23|0.8 1397|6 -1 5 -1 6
4924 欣厚-KY|綠能環保|113 46 11|90 90 19 13|5.5 5|33 -0 0 81 na
4927 泰鼎-KY|電子零組|-10 1 -14|47 85 3 -18|1.5 159|16 -1 0 -19 9
4931 新盛力|電腦及週|32 163 55|95 95 29 24|0.7 1357|29 0 -1 -5 38
4934 太極|光電業|87 125 88|69 79 -3 -11|1.2 16|1 4 0 na na
4935 茂林-KY|光電業|19 13 22|81 100 12 13|0.7 14|26 29 0 -10 -33
4938 和碩|電腦及週|-4 6 -11|91 94 -4 -3|1.3 233|30 9 -1 -11 12
4950 金耘國際|鋼鐵工業|-99 -93 -237|75 80 -11 -15|2.1 10|0 -1 0 na na
4952 凌通|半導體業|-47 -39 -38|65 71 -4 -30|0.8 17|6 3 0 6 -16
4953 緯致|資訊服務|23 28 -3|93 97 1 10|2.5 36|10 3 -1 3 12
4958 臻鼎-KY|電子零組|30 25 7|100 100 7 9|0.8 457|72 26 -5 -15 -27
4960 誠美材|光電業|-46 -43 -33|77 93 0 -3|0.8 14|6 13 0 5 -10
4961 天鈺|半導體業|-45 -41 -48|50 83 9 -18|0.6 563|9 -1 1 8 -1
4966 譜瑞-KY|半導體業|-33 -24 -40|40 63 6 -39|0.7 1435|68 2 1 -28 20
4968 立積|半導體業|5 -0 36|44 67 0 -35|2.0 642|26 -5 1 1 25
4974 亞泰|電子零組|46 17 15|99 99 3 7|0.9 11|8 16 0 -50 -3
4976 佳凌|光電業|-29 -20 10|54 82 -10 -15|0.8 20|2 4 0 -1 -4
4977 眾達-KY|通信網路|62 53 52|86 86 -12 38|3.8 195|41 -6 1 49 34
4979 華星光|通信網路|117 102 69|100 100 52 164|6.0 160|14 3 3 4601 na
4995 晶達|光電業|11 -6 -38|95 96 2 6|2.1 6|3 1 0 -10 0
5009 榮剛|鋼鐵工業|38 31 -16|99 99 24 18|1.1 500|19 14 0 21 -6
5011 久陽|鋼鐵工業|-14 25 -12|61 82 -0 -20|1.9 11|1 -2 0 -4 10
5014 建錩|鋼鐵工業|-21 -8 -21|72 88 2 -12|0.8 15|3 0 0 -4 7
5015 華祺|鋼鐵工業|6 13 -7|98 98 24 78|3.0 65|11 2 0 77 95
5203 訊連|資訊服務|-1 14 9|78 85 -7 4|0.9 13|11 -17 0 -4 21
5215 科嘉-KY|電腦及週|-32 -34 -6|63 89 16 3|0.2 22|25 -4 0 4 28
5222 全訊|半導體業|13 27 19|61 84 -11 -2|0.8 46|6 -4 0 9 0
5225 東科-KY|其他電子|41 45 11|89 89 32 71|0.4 94|52 -2 2 -12 20
5227 立凱-KY|電子零組|346 177 6|78 94 46 9|0.7 106|19 -1 0 na na
5234 達興材料|光電業|-21 -33 -26|49 82 2 -18|0.8 6|9 -12 1 33 2
5236 凌陽創新|半導體業|-30 -48 -19|47 74 4 -27|0.8 13|1 7 0 16 4
5243 乙盛-KY|光電業|29 30 14|88 88 0 -6|0.6 90|53 -2 -0 -0 17
5245 智晶|光電業|-7 -3 -8|59 84 -5 -4|1.1 7|14 5 0 -4 -13
5251 天鉞電|光電業|69 82 39|100 100 63 88|1.1 141|24 0 0 50 29
5258 虹堡|電腦及週|73 65 -2|86 86 -2 11|0.5 626|8 -1 0 3 28
5263 智崴|文化創意|11 -5 2|82 92 6 3|0.9 17|15 -3 -1 10 -4
5269 祥碩|半導體業|-21 -21 -4|39 60 -7 -39|1.6 1019|18 -5 2 21 -47
5272 笙科|半導體業|-69 -54 -59|58 69 -22 -32|0.8 5|4 4 0 9 -2
5274 信驊|半導體業|45 44 -2|69 99 21 9|0.7 1206|54 4 1 14 1
5284 jpp-KY|其他|50 57 33|98 98 15 41|0.9 46|63 2 1 2 19
5285 界霖|半導體業|-11 -3 -10|65 76 -14 -23|1.5 17|2 2 0 0 -15
5287 數字|數位雲端|10 16 -3|82 93 -1 -6|1.9 5|28 -41 0 75 2
5288 豐祥-KY|電機機械|80 69 29|91 91 4 2|0.4 20|64 -7 -7 -14 39
5289 宜鼎|電腦及週|8 -5 -21|93 100 12 11|1.1 43|32 12 1 -13 -12
5299 杰力|半導體業|-47 -45 -45|61 74 9 -27|2.9 92|1 -6 0 25 76
5306 桂盟|運動休閒|-26 -7 -6|65 91 -2 -3|0.9 19|20 -7 1 -4 -19
5309 系統電|電子零組|42 30 -17|94 96 9 -5|2.4 131|5 6 1 na na
5315 光聯|光電業|-2 -6 4|100 100 11 10|1.8 5|5 1 0 25 -1
5321 美而快|數位雲端|11 15 -4|51 63 -11 -38|0.5 15|2 6 0 -5 -9
5347 世界|半導體業|-6 2 -34|56 96 21 -4|0.8 675|29 10 3 -20 -21
5351 鈺創|半導體業|-63 -55 -74|48 76 2 -25|1.7 515|7 -1 -0 2 10
5353 台林|通信網路|37 35 -6|78 78 -5 46|1.6 73|1 -7 -1 21 4
5371 中光電|光電業|-16 -7 -21|68 87 -3 7|1.3 170|18 -6 -0 2 33
5386 青雲|電腦及週|-38 -13 -49|67 90 5 1|0.7 10|0 -0 0 -9 104
5388 中磊|通信網路|60 63 15|80 80 -11 6|1.9 473|31 -15 1 65 34
5410 國眾|資訊服務|537 323 237|99 99 44 55|1.3 154|4 -0 0 317 181
5425 台半|半導體業|22 17 -5|89 89 -8 0|1.8 1019|13 2 -4 35 -10
5426 振發|電腦及週|37 30 4|85 85 7 23|0.3 6|4 14 0 -14 -0
5434 崇越|電子通路|23 24 -5|99 99 7 5|0.8 38|31 24 -0 2 -13
5439 高技|電子零組|-7 -11 -7|83 100 12 10|1.7 7|3 10 -1 52 -5
5443 均豪|半導體業|11 27 29|77 99 11 4|0.7 7|3 8 0 -3 -23
5457 宣德|電子零組|-9 1 -22|73 90 10 4|0.5 93|39 9 -1 -0 -9
5469 瀚宇博|電子零組|-9 -24 -15|81 100 10 7|1.0 47|11 9 0 -6 -17
5471 松翰|半導體業|-60 -59 -20|61 82 -6 -19|3.7 19|14 5 0 4 -22
5475 德宏|電子零組|-74 -74 -53|32 69 -10 -26|0.5 6|1 1 0 -18 3
5478 智冠|文化創意|3 2 14|75 96 4 -4|1.6 6|30 2 0 -5 -19
5483 中美晶|半導體業|26 23 4|68 95 -2 4|0.6 859|25 7 3 -13 -18
5488 松普|電子零組|12 8 6|86 86 -8 20|0.8 8|1 -2 0 na na
5489 彩富|其他電子|-13 -10 -42|96 96 14 19|1.7 14|1 1 0 46 29
5522 遠雄|建材營造|-41 -31 -49|88 89 -10 -7|0.7 31|7 -9 -7 43 22
5530 龍巖|其他|13 7 -9|77 85 -8 -15|1.0 6|57 4 0 -20 -10
5534 長虹|建材營造|-39 62 -528|95 95 -3 2|0.8 12|11 -3 0 28 -4
5536 聖暉*|其他電子|27 49 2|46 47 -50 -46|0.8 22|14 7 0 -6 21
5603 陸海|航運業|-20 -17 -26|60 74 -12 -20|2.7 6|9 -3 0 8 5
5607 遠雄港|航運業|6 22 -18|77 92 5 13|1.2 43|2 -6 1 16 71
5608 四維航|航運業|-21 -3 -70|58 71 -2 -29|2.3 241|7 3 -0 16 6
5609 中菲行|航運業|-29 -17 -59|73 81 3 -21|0.7 23|17 -3 0 -12 -12
5704 老爺知|觀光餐旅|10 70 -87|99 99 49 35|1.0 21|3 6 0 16 22
5706 鳳凰|觀光餐旅|90 8 6|85 86 -5 -7|0.6 43|2 1 0 0 2
5871 中租-KY|其他|22 22 1|81 91 6 2|1.1 1069|74 7 0 -13 8
5876 上海商銀|金融保險|24 32 20|94 94 0 0|1.5 280|59 27 -5 5 31
5880 合庫金|金融保險|-3 -7 -1|93 96 -3 6|1.5 266|19 17 -0 -16 33
5904 寶雅|居家生活|2 12 1|91 93 6 73|1.2 301|27 13 -12 57 -26
6005 群益證|金融保險|-40 -33 -1|78 93 3 -6|1.5 23|17 24 0 -15 -34
6024 群益期|金融保險|48 38 28|99 100 4 6|1.9 6|2 11 0 -19 -3
6026 福邦證|金融業|-189 -115 -65|59 81 -10 -18|0.7 6|2 19 0 3 -13
6104 創惟|半導體業|-43 -41 -75|32 50 -2 -51|1.0 1006|10 -2 -0 6 43
6109 亞元|通信網路|27 19 5|100 100 26 62|1.8 28|7 5 0 56 182
6111 光聚晶電|文化創意|186 319 49|63 80 -12 -23|0.6 30|16 -3 0 22 25
6113 亞矽|電子通路|-51 -12 -31|70 75 -9 -18|0.6 23|3 1 0 -19 -5
6114 久威|電子零組|-32 -37 -21|83 83 -1 1|1.4 8|3 5 0 -10 -9
6116 彩晶|光電業|-11 -27 7|70 94 -1 -3|0.6 91|8 -5 2 -3 -2
6118 建達|電子通路|-1 -7 -16|80 81 -7 52|1.1 128|2 -1 0 18 8
6121 新普|電腦及週|5 1 4|99 100 12 17|1.3 175|48 11 9 -16 -5
6124 業強|電子零組|-28 -10 -0|85 85 4 9|0.2 6|48 0 0 -19 23
6125 廣運|電機機械|42 55 27|78 78 -18 -1|0.7 55|9 2 -1 -5 -6
6129 普誠|半導體業|13 13 -7|77 77 -6 -7|1.5 105|2 -1 -0 21 18
6133 金橋|電子零組|29 46 3|91 91 1 131|1.2 391|4 -0 0 12 -1
6138 茂達|半導體業|-35 -35 -44|52 81 10 -22|2.6 217|16 0 2 5 -7
6139 亞翔|其他電子|81 89 17|100 100 16 16|2.2 35|20 12 0 42 -1
6143 振曜|通信網路|44 45 34|98 98 28 58|2.3 175|9 5 2 5 -24
6146 耕興|其他電子|17 12 -7|75 75 -10 11|0.5 84|47 -9 -0 -56 -17
6147 頎邦|半導體業|-18 -24 -18|90 96 7 -4|0.6 85|20 28 -0 -9 -37
6150 撼訊|電腦及週|-65 -70 -84|42 92 24 -7|0.7 166|6 1 0 -3 7
6152 百一|通信網路|15 29 19|89 91 8 14|0.9 6|2 7 0 na na
6153 嘉聯益|電子零組|38 45 45|92 92 2 14|0.6 353|13 3 -0 22 -38
6156 松上|電子零組|-12 -17 -15|88 99 16 22|1.8 16|4 -1 0 17 39
6167 久正|光電業|-9 -3 -34|77 84 -5 -7|0.7 8|6 6 0 39 64
6168 宏齊|光電業|-19 -28 -13|71 90 0 -10|1.1 7|3 4 0 6 -4
6170 統振|通信網路|-38 -38 -27|79 100 20 9|1.5 7|2 10 0 -1 4
6173 信昌電|電子零組|-43 -45 -19|60 85 -6 -15|0.8 8|2 5 0 -3 -18
6175 立敦|電子零組|-26 -29 -27|65 85 3 -16|0.9 6|17 2 0 -1 -7
6176 瑞儀|光電業|35 32 27|100 100 11 9|0.8 177|36 23 -0 -20 -3
6177 達麗|建材營造|-73 -62 -9460|99 100 3 6|1.0 8|3 15 0 -17 -2
6180 橘子|文化創意|-10 -9 -11|100 100 14 8|3.2 51|27 23 -0 4 -19
6182 合晶|半導體業|16 24 -8|56 86 1 -16|0.8 267|15 12 -0 -7 -34
6186 新潤|建材營造|na na na|99 99 32 33|1.4 21|3 14 0 42 15
6187 萬潤|半導體業|-42 -35 -26|47 75 -18 -26|1.3 42|5 -3 -2 4 -10
6188 廣明|電腦及週|28 14 -1|89 92 0 13|1.0 25|6 6 -1 -11 -15
6189 豐藝|電子通路|-25 -25 -20|91 98 -1 -2|0.7 6|6 13 0 7 -2
6190 萬泰科|通信網路|-9 10 -21|79 79 -14 -12|0.9 27|4 2 0 4 -3
6191 精成科|電子零組|-13 -11 -3|77 98 10 1|0.9 46|8 10 0 -3 -14
6192 巨路|其他電子|-2 -2 -12|89 91 -8 -9|0.8 6|20 -11 0 -13 17
6196 帆宣|其他電子|51 63 6|69 95 4 -2|1.6 126|6 1 0 38 4
6197 佳必琪|電子零組|32 18 5|87 97 1 9|0.7 7|8 -10 -1 13 1
6202 盛群|半導體業|-40 -42 -40|65 84 4 -17|1.2 102|16 1 -2 24 -21
6205 詮欣|電子零組|40 26 -1|85 91 9 6|0.3 137|2 -3 -4 9 22
6206 飛捷|電腦及週|-21 -13 -49|72 72 -12 -14|0.5 30|13 -3 0 -3 -11
6209 今國光|光電業|8 1 -9|74 86 -4 -12|1.0 11|2 1 0 4 8
6213 聯茂|電子零組|-22 -28 -25|57 85 14 -17|1.0 290|11 -1 4 -3 -8
6214 精誠|資訊服務|18 12 2|87 95 -3 -3|0.6 16|11 23 0 -56 -4
6216 居易|通信網路|-33 -40 -49|82 82 -9 -8|0.8 5|3 -6 0 20 -9
6217 中探針|電子零組|-22 -4 -24|70 70 -13 -25|1.2 72|1 -3 -0 4 -6
6220 岳豐|電子零組|-23 -12 -17|74 74 -9 6|0.5 55|2 -0 0 14 11
6223 旺矽|半導體業|3 11 -8|100 100 42 27|4.2 340|11 4 8 18 44
6224 聚鼎|電子零組|-17 -20 -29|44 76 -0 -24|0.8 6|9 22 0 -2 -16
6227 茂綸|電子通路|14 13 6|100 100 5 6|1.1 8|1 3 0 15 0
6230 尼得科超眾|電腦及週|34 19 3|77 100 19 20|4.1 10|90 2 0 53 6
6231 系微|資訊服務|-13 0 -19|80 100 24 13|2.1 17|15 -4 2 2 15
6233 旺玖|半導體業|-2 -7 -7|61 85 -6 -16|4.1 5|3 -0 0 1 -2
6235 華孚|電腦及週|46 60 13|88 88 3 -6|1.2 266|5 1 0 12 9
6237 驊訊|半導體業|-42 -62 -15|47 83 4 -2|2.1 28|2 3 0 5 -11
6239 力成|半導體業|-13 -9 -16|92 93 4 -7|0.7 186|45 30 -1 -10 -1
6243 迅杰|半導體業|-31 -30 -23|42 72 -1 -30|0.8 6|2 11 0 -6 -11
6244 茂迪|光電業|-10 -7 -10|71 86 -4 -3|0.5 30|17 16 0 na -4
6245 立端|通信網路|42 29 3|100 100 50 55|2.0 440|24 6 -2 6 -4
6257 矽格|半導體業|-2 -1 -18|89 89 4 -11|0.8 68|18 21 -1 -15 -12
6261 久元|半導體業|-27 -26 -23|74 90 -3 -10|1.1 13|4 16 0 -4 -7
6266 泰詠|電子零組|58 39 9|76 93 1 14|0.9 18|4 4 0 4 -6
6269 台郡|電子零組|24 36 13|100 100 18 17|1.2 285|34 50 -7 -27 -26
6274 台燿|電子零組|-22 -21 -18|59 85 10 -15|0.8 300|30 -3 4 -28 -1
6278 台表科|光電業|-1 -9 -31|74 91 6 -6|0.9 150|16 14 0 -8 -18
6279 胡連|電子零組|44 54 26|86 86 1 23|0.5 458|9 -1 -8 98 19
6282 康舒|電子零組|-5 10 -11|78 95 6 5|1.0 102|9 3 -0 -0 7
6283 淳安|其他電子|-23 -31 -8|71 89 -4 6|0.8 15|19 3 0 -14 0
6284 佳邦|電子零組|-1 -7 -6|68 92 -2 -11|1.6 23|2 6 0 -9 -7
6285 啟碁|通信網路|78 65 28|100 100 13 41|1.3 684|26 -1 -1 33 18
6288 聯嘉|汽車工業|24 12 9|83 99 6 2|4.1 11|2 7 0 22 -11
6290 良維|電子零組|-4 -1 -7|96 96 6 11|0.5 74|6 12 0 -6 -35
6409 旭隼|其他電子|22 36 -2|94 94 4 20|1.4 268|68 2 2 -48 -5
6411 晶焱|半導體業|-69 -59 -44|38 82 2 -20|1.2 54|12 5 0 1 -25
6412 群電|電子零組|-13 -2 -8|90 98 4 4|0.6 15|13 15 -2 -7 7
6414 樺漢|電腦及週|20 38 12|78 86 -3 1|0.9 90|16 10 -2 9 -22
6415 矽力*-KY|半導體業|-17 -7 -34|41 75 3 -23|0.9 957|92 1 -0 7 -1
6416 瑞祺電通|通信網路|-4 23 17|92 97 0 27|1.2 29|3 12 12 -16 -16
6426 統新|通信網路|4 23 -9|83 83 -7 16|4.3 9|10 -6 0 17 1
6432 今展科|電子零組|-33 -29 -18|87 91 2 17|1.4 8|1 -0 0 87 20
6435 大中|半導體業|-35 -35 -45|70 72 -3 -30|2.0 26|2 4 0 4 -3
6438 迅得|其他電子|9 21 2|72 88 -0 -13|0.4 24|13 15 -1 -5 -14
6441 廣錠|電腦及週|-57 -36 19|71 89 1 0|1.5 5|1 5 0 11 -2
6442 光聖|通信網路|-13 -3 -9|79 79 -8 35|3.4 41|32 -5 0 12 24
6443 元晶|光電業|20 47 -24|69 79 -16 -1|0.5 352|17 -1 -12 18 7
6446 藥華藥|生技醫療|548 648 95|87 87 -5 17|2.1 929|12 15 1 na na
6451 訊芯-KY|半導體業|52 78 61|81 87 -7 2|0.5 12|62 5 0 3 -20
6456 GIS-KY|光電業|33 15 15|92 99 16 7|0.9 201|54 2 2 -5 -19
6457 紘康|半導體業|-56 -54 -26|31 70 -9 -32|1.0 8|3 12 0 -28 -18
6461 益得|生技醫療|-57 -72 -132|69 69 -21 41|0.1 52|1 -2 0 -5 -28
6462 神盾|半導體業|14 -7 -10|61 72 -13 -28|0.6 8|11 10 0 -20 -8
6469 大樹|生技醫療|24 26 -4|95 95 1 28|0.7 113|11 16 -3 -1 -45
6470 宇智|通信網路|39 51 1|85 85 7 -11|3.6 48|10 -1 1 14 8
6472 保瑞|生技醫療|382 235 163|95 95 52 161|0.3 1226|15 6 -2 37 -31
6477 安集|光電業|82 166 -48|71 79 -13 -2|0.6 100|2 -3 -4 16 41
6485 點序|半導體業|-26 -23 -48|50 77 9 -24|1.1 69|8 -1 0 10 36
6488 環球晶|半導體業|27 20 5|56 86 8 -15|0.9 1667|25 6 4 -21 -17
6491 晶碩|生技醫療|25 15 1|75 83 -7 -7|1.4 204|13 -0 4 24 -6
6492 生華科|生技醫療|66 67 20|43 69 -14 -33|0.9 20|5 -0 0 na na
6494 九齊|半導體業|-53 -47 -51|50 69 10 -33|1.7 13|8 -2 0 8 5
6499 益安|生技醫療|365 337 -204|70 81 -13 -3|2.0 7|13 4 0 6 3
6505 台塑化|油電燃氣|15 31 -18|87 88 2 -9|1.5 188|7 11 -0 -2 7
6508 惠光|農業科技|-41 13 -24|65 80 -11 -3|0.6 19|3 2 -2 -6 4
6509 聚和|化學工業|21 24 0|62 92 7 -10|2.5 41|4 5 0 -1 -4
6510 精測|半導體業|-4 8 -3|73 100 18 16|4.6 82|9 7 6 -27 -3
6515 穎崴|半導體業|72 103 33|97 100 16 9|2.8 276|16 16 -3 8 -17
6523 達爾膚|生技醫療|-33 -41 -30|70 96 1 17|0.7 9|6 11 0 0 5
6525 捷敏-KY|半導體業|-2 2 -14|79 87 -7 -14|1.1 8|13 16 0 1 -3
6527 明達醫|生技醫療|38 16 6|76 76 -10 24|0.6 9|2 2 0 na na
6531 愛普*|半導體業|-49 -41 -43|39 79 16 -22|1.1 1524|15 -0 1 16 6
6532 瑞耘|半導體業|45 45 13|98 98 13 36|0.5 66|5 -2 0 7 56
6533 晶心科|半導體業|56 67 45|91 91 36 78|0.7 3260|32 3 -0 2 -38
6538 倉和|電子零組|40 16 5|71 83 -10 -7|0.7 7|4 8 0 -3 -25
6541 泰福-KY|生技醫療|-32 na na|44 47 -31 -45|0.9 27|31 -0 0 na na
6546 正基|通信網路|-53 -26 na|na 57 -36 -42|1.6 90|3 -7 -2 na 101
6547 高端疫苗|生技醫療|-98 -99 na|40 53 -39 -45|1.0 380|7 -5 -0 39 73
6548 長科*|半導體業|0 4 -18|30 36 -10 -64|0.9 21|6 6 -0 3 3
6550 北極星藥業-KY|生技醫療|-14 -69 na|na 49 -51 17|0.7 1414|67 -1 0 na 116
6556 勝品|光電業|12 16 -4|100 100 121 181|4.1 17|0 1 0 na na
6558 興能高|其他電子|-11 -25 5|66 96 12 3|1.9 11|3 0 0 -8 19
6568 宏觀|半導體業|77 45 32|44 98 11 -2|1.2 70|5 2 0 na 6
6570 維田|電腦及週|42 57 14|85 85 -2 28|0.3 27|3 3 0 -12 6
6576 逸達|生技醫療|75 11036 -8487|63 64 -18 -32|0.9 24|33 -11 0 na na
6579 研揚|電腦及週|36 31 -19|91 91 -4 14|1.4 8|3 5 0 -8 -5
6581 鋼聯|綠能環保|-36 67 16|80 88 4 4|0.7 8|2 7 -10 -29 -2
6582 申豐|橡膠工業|-83 -85 -6|39 74 -7 -24|2.3 9|17 2 0 11 -4
6589 台康生技|生技醫療|24 16 -10|100 100 27 70|1.2 1468|8 2 0 92 -2
6592 和潤企業|其他|24 27 -2|84 94 1 6|0.7 31|27 4 -1 1 -2
6603 富強鑫|電機機械|-6 -4 -11|86 86 5 2|0.4 15|1 -8 0 -15 34
6605 帝寶|汽車工業|24 13 3|92 92 -5 12|1.8 41|18 -10 -1 30 18
6613 朋億*|其他電子|0 38 -26|51 51 -2 -45|0.5 6|2 7 0 13 -25
6643 M31|半導體業|51 55 22|96 96 39 80|1.2 1648|17 4 -1 6 -38
6649 台生材|生技醫療|218 135 -94|85 85 1 52|0.3 6|4 3 0 na na
6651 全宇昕|半導體業|15 1 -14|67 91 6 -7|2.7 10|1 -0 0 19 7
6664 群翊|電子零組|11 16 -7|91 97 -0 -1|1.5 10|4 2 0 5 -8
6666 羅麗芬-KY|生技醫療|36 22 18|87 87 2 31|0.3 13|79 2 0 -2 6
6667 信紘科|其他電子|26 40 -11|74 80 -6 -9|0.5 13|3 -6 0 1 55
6668 中揚光|光電業|-36 -15 -3|66 84 -10 -9|2.3 9|21 -0 0 -1 4
6669 緯穎|電腦及週|60 77 30|81 100 21 9|0.7 1126|33 9 -3 -22 53
6670 復盛應用|運動休閒|73 79 35|100 100 14 15|1.4 100|24 25 -1 46 -3
6672 騰輝電子-KY|電子零組|-41 -40 -29|58 89 6 -10|3.4 17|24 4 0 -2 -11
6679 鈺太|半導體業|-41 -42 -32|50 85 13 -18|1.8 227|8 -4 1 48 24
6683 雍智科技|半導體業|15 5 -3|68 87 -1 -6|3.4 66|11 -3 4 na 72
6684 安格|半導體業|-66 -61 -50|33 65 0 -37|0.6 6|3 -2 0 na -55
6691 洋基工程|其他電子|55 50 na|na 100 14 19|1.2 25|1 13 0 22 -8
6706 惠特|光電業|-75 -63 -74|41 72 -14 -30|1.1 78|8 -9 0 37 45
6712 長聖|生技醫療|16 16 -149|82 82 -15 23|1.3 317|3 0 1 12 9
6715 嘉基|電子零組|23 20 -17|82 82 -11 0|0.8 31|3 -7 0 -3 4
6719 力智|半導體業|-39 -21 na|na 64 16 -33|1.1 805|7 -1 0 na 22
6727 亞泰金屬|電子零組|129 57 20|89 89 -8 5|1.0 8|4 1 0 na 0
6732 昇佳電子|半導體業|-37 -52 -26|51 77 1 -21|1.3 36|11 15 -11 7 -3
6741 91APP*-KY|數位雲端|16 13 -3|31 71 -2 -29|3.0 14|67 -11 4 46 10
6747 亨泰光|生技醫療|5 8 -11|55 80 -13 -19|3.6 8|8 -32 -1 na na
6754 匯僑設計|居家生活|34 45 11|94 94 22 24|1.9 6|22 3 0 134 12
6756 威鋒電子|半導體業|-35 -35 -48|38 75 4 -26|1.7 160|4 -2 0 22 3
6763 綠界科技*|數位雲端|19 11 na|na 83 -12 -13|1.9 8|8 7 0 na -94
6768 志強-KY|運動休閒|300 332 236|84 84 -4 6|0.6 96|78 -4 2 25 140
6770 力積電|半導體業|-7 1 -38|na 68 10 -33|0.8 713|19 16 -0 -0 -38
6781 AES-KY|電子零組|19 30 -16|44 73 2 -18|2.2 1085|74 -5 3 -8 69
6788 華景電|半導體業|-13 26 -17|43 70 -12 -25|0.6 47|3 4 0 3 8
6789 采鈺|半導體業|-18 -23 na|na na -20 na|1.7 639|9 -7 -0 na 194
6792 詠業|通信網路|-22 -27 -21|na 77 -23 -14|1.1 5|2 19 0 1 -17
6796 晉弘|生技醫療|-9 -3 na|na 57 -28 76|0.5 17|22 -6 0 na na
6799 來頡|半導體業|-9 -2 na|na 69 0 -35|1.3 18|6 -1 2 na na
6806 森崴能源|綠能環保|-30 -17 -478|58 73 -16 -23|1.4 34|1 2 0 41 13
6829 千附精密|半導體業|-23 -16 na|na 92 7 8|2.1 15|1 -1 4 58 15
6830 汎銓|其他電子|13 17 na|na na -13 na|0.3 8|0 1 0 na na
6854 錼創科技-KY創|半導體業|-21 40 na|na na -2 na|1.2 5|47 -17 0 na na
8016 矽創|半導體業|-34 -36 -37|72 98 11 -3|0.7 340|25 -2 1 11 1
8021 尖點|其他電子|-14 -16 -18|75 98 9 -2|0.5 9|6 -2 0 -13 -1
8024 佑華|半導體業|-1 -4 0|91 95 8 11|0.4 6|6 9 0 -5 -3
8027 鈦昇|電機機械|-9 22 -9|69 78 -13 -22|0.9 17|6 -2 0 -3 -20
8028 昇陽半導體|半導體業|18 16 5|78 78 -14 -10|0.6 218|15 0 -1 7 14
8033 雷虎|其他|-10 -11 1|89 89 132 116|2.0 329|3 -1 0 na na
8038 長園科|電子零組|169 319 181|80 100 11 3|1.3 17|3 2 0 na na
8039 台虹|電子零組|18 3 6|96 98 6 -0|0.4 6|13 23 0 -10 -16
8040 九暘|半導體業|23 29 -4|74 94 31 28|0.4 145|2 0 0 -4 6
8044 網家|數位雲端|-10 -10 -6|39 73 -1 -25|1.5 50|15 1 0 10 10
8046 南電|電子零組|18 24 -3|47 90 14 -13|0.9 3984|10 -1 2 -5 1
8049 晶采|光電業|10 27 8|90 90 9 22|0.3 11|6 3 -2 16 -19
8050 廣積|電腦及週|5 29 17|86 86 -7 53|0.4 450|6 -2 -0 19 -15
8054 安國|半導體業|-1 18 6|51 83 -5 -18|0.6 15|3 16 0 -3 -42
8069 元太|光電業|17 99 29|71 71 -24 -14|1.1 6350|39 -4 -3 54 95
8070 長華*|電子通路|-7 -2 -17|86 90 -5 -11|0.7 13|10 15 0 -4 -3
8072 陞泰|電子通路|5 1 6|98 98 35 41|3.2 41|2 1 0 336 175
8076 伍豐|電腦及週|28 4 -14|82 82 -13 4|1.0 28|4 -1 0 4 6
8081 致新|半導體業|-31 -30 -27|63 83 10 -18|1.4 128|18 -4 0 -12 13
8083 瑞穎|電機機械|-44 -36 -15|93 93 -5 -1|0.4 6|1 1 0 -25 9
8084 巨虹|電子通路|71 66 39|95 95 16 58|2.4 93|0 0 0 na na
8086 宏捷科|半導體業|-73 -61 -21|53 86 -0 -11|1.7 116|10 3 1 5 -5
8088 品安|半導體業|-13 9 9|97 97 16 21|0.5 6|9 1 0 18 17
8089 康全電訊|通信網路|30 44 18|73 90 5 7|1.0 5|3 -9 0 18 4
8091 翔名|半導體業|6 14 -20|92 99 6 12|1.3 31|6 6 0 22 -3
8097 常珵|通信網路|300 441 -216|70 73 -25 -29|0.7 48|2 1 0 -0 13
8104 錸寶|光電業|36 34 14|41 82 -7 -19|1.7 6|3 0 0 -4 -1
8105 凌巨|光電業|5 -3 -11|94 97 2 22|0.9 20|60 15 0 3 -10
8109 博大|電子零組|45 31 12|93 93 0 22|0.6 12|2 6 -1 8 11
8110 華東|半導體業|1 12 -24|66 93 4 -6|1.2 12|3 3 0 -4 -18
8112 至上|電子通路|13 -17 -17|77 90 4 -10|0.9 37|15 11 -0 -8 -3
8114 振樺電|電腦及週|21 42 4|73 73 -20 -6|0.8 147|9 -11 -4 56 45
8121 越峰|電子零組|-10 -6 -13|52 92 4 -5|3.2 12|1 -2 0 na 19
8131 福懋科|半導體業|3 7 1|100 100 3 4|0.8 11|5 19 0 -5 -3
8147 正淩|電子零組|25 21 -1|85 85 20 3|0.5 31|3 0 0 -50 37
8150 南茂|半導體業|-31 -31 -23|72 76 2 -24|0.7 100|38 12 1 -7 -10
8155 博智|電子零組|-0 10 -19|59 88 12 -14|3.2 222|2 -8 2 65 82
8163 達方|電腦及週|4 11 -2|86 95 2 4|2.2 18|10 -9 -0 19 -8
8171 天宇|綠能環保|177 97 -182|76 93 17 -8|1.0 33|3 4 0 -1 -0
8183 精星|其他電子|50 64 6|79 86 -6 -11|1.4 82|2 1 -7 9 5
8210 勤誠|電腦及週|-9 2 -14|84 91 -5 13|0.8 18|8 -2 2 -15 6
8213 志超|電子零組|-39 -42 -32|76 82 1 -18|0.8 13|20 5 0 -1 -4
8215 明基材|光電業|-11 -11 -8|79 99 8 0|2.5 43|4 4 -0 -5 -18
8222 寶一|電機機械|20 43 -3|96 96 40 115|4.0 61|12 2 0 14 -26
8234 新漢|電腦及週|18 12 -10|88 88 -1 24|0.5 11|5 3 0 7 -2
8249 菱光|電子零組|36 22 24|95 95 29 33|0.9 35|3 1 0 66 33
8255 朋程|電機機械|24 26 20|70 87 -4 5|1.8 122|6 -0 4 13 -1
8261 富鼎|半導體業|-30 -21 -25|81 89 6 -15|1.8 348|6 -0 1 -4 1
8271 宇瞻|半導體業|24 15 7|87 100 9 4|0.5 9|4 13 0 -5 -6
8279 生展|生技醫療|20 39 4|81 81 -16 12|0.6 7|4 -13 0 na 11
8289 泰藝|電子零組|-15 -8 -28|96 96 5 7|1.2 24|6 4 0 29 -15
8299 群聯|半導體業|-30 -23 -31|66 99 13 -3|0.5 641|30 -2 5 -3 3
8341 日友|綠能環保|-2 5 -10|63 69 -18 -30|1.1 23|17 -28 -9 26 -1
8349 恒耀國際|鋼鐵工業|19 26 13|78 78 -1 19|0.4 36|3 -1 -1 -12 16
8358 金居|電子零組|-31 -38 -34|81 100 46 16|1.7 445|8 0 4 9 10
8383 千附|半導體業|12 3 -15|98 100 4 7|3.1 5|7 -5 0 105 -2
8390 金益鼎|綠能環保|2 18 9|75 89 -7 -8|0.4 9|1 -4 0 -3 976
8401 白紗科|其他|32 27 14|97 97 3 36|0.7 15|3 0 0 38 37
8403 盛弘|生技醫療|1 8 -3|82 82 -9 13|0.5 16|5 -12 0 6 16
8415 大國鋼|鋼鐵工業|26 18 -15|90 100 4 8|0.9 19|10 24 -1 -6 -8
8420 明揚|運動休閒|31 31 -7|84 84 -3 28|0.7 14|3 -7 -4 31 15
8422 可寧衛*|綠能環保|68 80 9|74 95 0 -2|0.6 25|12 2 -5 -15 9
8431 匯鑽科|其他電子|-27 -23 -19|68 83 -5 -19|0.5 5|2 8 0 -4 -20
8433 弘帆|居家生活|-23 -12 -39|97 97 11 34|2.8 12|1 -0 0 -16 53
8436 大江|生技醫療|-3 -6 8|69 90 -2 -7|2.8 53|28 -6 2 -0 -23
8440 綠電|綠能環保|-3 1 -3|49 70 -1 -31|3.1 61|1 -3 0 34 42
8442 威宏-KY|其他|80 96 24|98 98 14 29|0.8 10|65 -1 0 -9 33
8450 霹靂|文化創意|-16 -7 -3|42 77 0 4|1.7 8|1 4 0 5 -14
8454 富邦媒|數位雲端|16 15 -4|43 73 -8 2|0.8 432|26 6 4 -31 -47
8464 億豐|居家生活|7 -7 -11|72 93 6 -8|1.4 156|44 7 0 -15 -33
8478 東哥遊艇|運動休閒|33 34 -26|95 95 9 63|1.1 1546|43 1 -0 15 10
8916 光隆|其他|39 92 47|93 93 19 43|0.4 163|10 -4 -4 -2 46
8924 大田|運動休閒|-6 -25 -32|86 95 3 -4|0.9 37|4 12 2 -10 -6
8926 台汽電|油電燃氣|-21 -40 -9|83 83 -13 -8|1.1 41|7 -7 0 144 29
8927 北基|油電燃氣|9 16 -13|87 87 -4 -1|0.4 7|0 -6 0 7 1
8931 大汽電|油電燃氣|90 72 45|100 100 31 41|2.3 10|0 1 0 51 19
8932 智通*|數位雲端|-10 -17 -24|100 100 39 57|0.9 24|32 13 0 4 58
8933 愛地雅|運動休閒|-7 26 -1|73 73 -1 47|0.3 130|7 -5 0 na 110
8936 國統|其他|16 -9 -1|92 92 1 10|1.1 10|7 13 0 -2 -3
8938 明安|運動休閒|16 40 13|90 90 -7 23|0.5 58|17 -11 -4 29 4
8942 森鉅|其他|-13 1 -22|93 95 -1 -3|1.5 10|22 -14 0 18 -6
8996 高力|電機機械|43 39 23|100 100 53 160|1.2 2965|12 1 -0 -7 -13
9802 鈺齊-KY|運動休閒|33 59 4|77 77 -17 -12|0.4 259|49 -10 7 -1 13
9904 寶成|運動休閒|37 53 39|99 99 16 12|4.3 251|53 11 0 11 12
9907 統一實|其他|-8 -4 -28|84 84 -11 16|0.8 45|21 -12 0 1 -8
9910 豐泰|運動休閒|84 134 83|82 96 15 -2|1.1 167|17 23 -0 -41 -5
9911 櫻花|居家生活|1 12 -2|96 96 0 2|0.8 12|19 -17 0 -4 3
9914 美利達|運動休閒|48 46 30|59 71 -9 -23|0.8 114|39 -7 0 19 -1
9917 中保科|其他|9 11 2|96 99 2 2|0.9 26|41 30 2 184 8
9919 康那香|其他|-11 -10 5|52 86 -6 -13|1.5 134|6 2 0 -8 7
9921 巨大|運動休閒|22 26 11|70 91 2 -1|1.2 231|51 19 -1 -8 -12
9927 泰銘|其他|-4 5 -5|87 93 2 -8|0.8 5|11 19 1 1 -8
9928 中視|其他|7 1 -9|71 71 -21 39|2.4 16|0 na na na na
9933 中鼎|其他|3 30 -12|84 84 -14 -5|0.7 158|19 -14 -4 -4 34
9934 成霖|居家生活|14 7 2|91 100 9 12|1.1 5|17 4 0 24 -2
9938 百和|其他|-3 16 11|69 81 -11 -13|0.9 51|27 2 0 -19 -21
9939 宏全|其他|10 30 13|96 96 9 12|0.7 65|33 -8 -13 30 -4
9941 裕融|其他|18 17 4|77 88 3 -10|1.4 106|4 -0 -1 -0 -12
9942 茂順|其他|14 15 4|93 93 10 35|0.6 72|5 4 -3 7 -0
9945 潤泰新|其他|18 5 -9|89 93 16 -7|0.9 265|14 4 0 -7 19
9955 佳龍|綠能環保|-29 -23 -1|58 83 -10 -14|0.6 6|2 9 0 -8 -1
9958 世紀鋼|鋼鐵工業|1 -15 -17|66 79 9 -19|1.0 225|9 1 -3 15 -1
