# 2022-07-01 全池(977 檔)。欄位:代碼 名稱|產業|最新月YoY 3月YoY均 加速度|距52週高% 距120日高% 60日漲% 120日漲%|量能比 日均值M|外持% 外20 投20 資20 券20(外資持股比;外資/投信20日淨買佔成交值%;融資/借券餘額20日變化%)
1101 台泥|水泥工業|-21 -11 -9|78 80 -20 -16|0.9 699|22 -4 -2 -0 3
1102 亞泥|水泥工業|3 10 1|89 91 -9 0|0.9 252|17 7 -31 19 6
1103 嘉泥|水泥工業|-17 -6 -6|80 84 -14 -13|0.7 6|5 1 0 -9 -6
1104 環泥|水泥工業|1 8 -0|95 98 2 0|0.9 12|13 24 0 -23 -11
1201 味全|食品工業|0 0 -3|84 88 -6 -9|0.4 10|11 -1 0 -5 -1
1210 大成|食品工業|5 4 -14|85 85 -12 -9|0.4 35|11 -2 0 -10 -14
1215 卜蜂|食品工業|11 14 -2|93 93 -2 -1|0.8 23|39 7 -4 -17 -18
1216 統一|食品工業|9 10 4|93 97 3 -1|1.2 368|41 3 3 -16 5
1217 愛之味|食品工業|-13 1 -2|79 79 -12 -4|0.2 13|6 2 0 -9 -17
1218 泰山|食品工業|9 12 -3|96 96 10 14|0.2 14|3 12 0 -30 -6
1219 福壽|食品工業|23 25 8|71 71 0 0|0.2 33|6 9 0 -42 -9
1220 台榮|食品工業|15 5 -8|62 62 -11 -2|0.1 11|8 3 0 -25 11
1227 佳格|食品工業|-17 -3 4|86 86 -8 -13|0.6 40|7 20 -20 -3 -3
1229 聯華|食品工業|8 18 -3|78 78 -14 -10|0.5 62|11 15 -0 -6 -14
1231 聯華食|食品工業|13 15 7|96 96 7 25|1.0 24|3 3 0 2 -35
1232 大統益|食品工業|20 13 1|94 96 2 -0|0.9 19|1 5 37 -11 -18
1236 宏亞|食品工業|42 38 30|83 84 -1 -8|2.9 34|1 2 0 -0 -9
1301 台塑|塑膠工業|2 4 -27|92 99 1 3|1.3 933|36 -11 10 -61 77
1303 南亞|塑膠工業|-5 -4 -36|88 88 -12 -4|1.0 687|31 -32 10 -27 13
1304 台聚|塑膠工業|7 -2 -27|58 74 -20 -24|0.6 61|33 7 -0 -18 -2
1305 華夏|塑膠工業|17 11 -21|64 81 -16 -14|0.6 28|10 18 -0 -12 -21
1308 亞聚|塑膠工業|18 -2 -52|54 67 -27 -26|0.6 56|7 -2 -5 -15 4
1309 台達化|塑膠工業|-11 -11 -24|64 76 -21 -22|1.0 13|3 11 0 -20 -3
1310 台苯|塑膠工業|14 40 -3|61 79 -17 -19|3.6 13|7 14 0 -7 -7
1312 國喬|塑膠工業|-9 -8 -18|66 76 -18 -23|1.0 68|15 -0 -0 -7 -9
1313 聯成|塑膠工業|8 2 -29|53 71 -17 -26|0.8 21|10 10 0 -19 -9
1316 上曜|建材營造|99 152 73|54 54 -30 -28|0.5 38|2 1 0 -7 -0
1319 東陽|汽車工業|22 19 9|90 90 48 44|2.6 541|23 8 3 143 25
1325 恆大|塑膠工業|-60 -64 12|32 45 -43 -42|0.3 8|5 2 0 -15 -0
1326 台化|塑膠工業|9 11 -19|93 95 -2 -3|1.8 446|34 1 2 18 -10
1338 廣華-KY|汽車工業|15 -2 -9|84 92 -0 -1|1.7 30|11 16 1 -5 -2
1339 昭輝|汽車工業|6 2 12|89 89 11 11|1.9 16|2 4 0 22 25
1342 八貫|其他|38 40 -7|83 83 -0 -0|0.6 14|53 -7 0 31 47
1402 遠東新|紡織纖維|16 18 1|97 97 2 7|1.2 222|18 20 7 6 -5
1409 新纖|紡織纖維|9 10 -20|83 83 -14 -11|0.7 28|13 -20 0 -6 0
1432 大魯閣|運動休閒|56 25 36|59 59 -11 0|0.6 9|0 -1 0 0 na
1434 福懋|紡織纖維|5 4 -10|82 90 -6 -10|0.7 40|9 -16 -0 3 -13
1440 南紡|紡織纖維|24 4 -6|62 71 -24 -28|0.7 36|6 20 -0 -12 -21
1444 力麗|紡織纖維|31 49 3|74 88 -11 -10|0.7 14|6 -4 0 -4 -2
1451 年興|紡織纖維|51 26 9|94 94 13 9|1.1 13|8 6 0 8 17
1453 大將|建材營造|62495 67317 33157|51 51 62 105|0.4 78|4 -0 0 -13 -43
1454 台富|紡織纖維|45 38 -10|72 72 -14 -11|0.4 14|1 1 0 -0 -11
1455 集盛|紡織纖維|-21 7 -27|43 62 -38 -35|0.8 16|2 8 0 -18 -16
1457 宜進|紡織纖維|9 16 -30|90 90 -3 -6|1.0 12|2 -3 0 -3 1
1467 南緯|紡織纖維|7 6 26|84 90 -2 -3|1.3 15|21 4 0 -11 0
1476 儒鴻|紡織纖維|1 13 -4|61 63 -15 -36|1.4 316|40 10 1 -12 -45
1477 聚陽|紡織纖維|54 17 -1|54 57 -29 -41|1.6 205|24 -8 2 -12 17
1503 士電|電機機械|6 5 -1|96 96 16 12|1.7 25|32 6 0 23 -20
1504 東元|電機機械|11 12 -1|90 91 -3 -3|2.6 97|20 -10 -0 48 23
1506 正道|電機機械|22 23 -8|79 79 18 7|0.3 9|0 -1 0 na na
1513 中興電|電機機械|35 4 -11|96 96 3 24|3.3 391|12 1 2 2 20
1514 亞力|電機機械|28 41 17|91 91 4 13|1.7 115|15 1 0 2 52
1515 力山|電機機械|-84 -77 -72|33 49 -36 -51|0.9 33|10 -0 0 -26 -12
1516 川飛|其他|94 41 -37|66 66 -34 -10|0.6 11|3 -4 0 -27 11
1517 利奇|電機機械|16 9 -14|67 76 -9 -22|3.6 18|3 4 0 13 -6
1519 華城|電機機械|-14 -21 -19|73 76 -24 -9|1.2 20|7 -1 0 -0 -11
1522 堤維西|汽車工業|19 20 5|91 91 52 44|0.9 465|12 2 -0 -3 -10
1524 耿鼎|汽車工業|32 50 32|77 77 72 66|1.0 777|3 -0 0 -41 -3
1526 日馳|電機機械|29 32 -13|74 80 -7 -9|1.4 16|4 -2 0 7 -4
1527 鑽全|電機機械|-3 5 -10|85 91 1 -1|0.7 50|11 18 0 -33 -6
1529 樂事綠能|電機機械|-31 92 -3|49 49 -31 -21|0.2 13|1 -0 0 -2 51
1532 勤美|電機機械|-4 -6 -38|85 85 -10 -4|0.9 8|12 -6 0 -4 -5
1533 車王電|汽車工業|-11 -3 -9|75 75 -10 -8|0.3 134|6 1 0 -5 -6
1536 和大|汽車工業|2 10 -4|54 67 -24 -33|1.7 51|12 15 -0 -20 -16
1537 廣隆|電機機械|5 2 21|90 96 -2 -2|0.8 9|17 -4 -9 8 -9
1539 巨庭|電機機械|-14 3 -23|74 74 36 20|1.8 115|2 -0 0 -27 90
1540 喬福|電機機械|30 58 42|90 90 2 -1|0.3 6|1 -1 0 19 10
1541 錩泰|電機機械|-34 -4 -18|67 67 -10 -11|0.5 24|10 0 0 1 107
1558 伸興|電機機械|-13 -22 1|86 93 -1 -4|1.2 6|8 11 0 1 -4
1560 中砂|電機機械|18 18 1|79 79 3 28|1.3 4588|17 -1 1 -43 121
1565 精華|生技醫療|-13 -5 -14|63 76 -12 -18|1.5 20|27 -3 -16 1 4
1568 倉佑|汽車工業|44 12 12|73 73 11 -4|0.6 90|2 0 0 -8 300
1569 濱川|電腦及週|45 54 33|78 80 -10 -8|0.3 13|5 -2 0 -8 31
1580 新麥|電機機械|12 -4 -18|89 89 -8 -9|1.0 10|7 -9 0 2 73
1582 信錦|電子零組|17 8 1|84 91 -8 -5|0.9 8|11 3 0 -1 -18
1584 精剛|其他|88 84 2|67 67 -1 -4|0.2 25|2 0 0 -7 5
1587 吉茂|汽車工業|14 10 -7|82 85 -3 -12|0.4 7|21 1 0 -27 -22
1589 永冠-KY|電機機械|14 -3 3|75 77 -15 -9|0.5 31|5 3 0 2 -4
1590 亞德客-KY|電機機械|19 10 -5|84 89 5 -6|0.9 766|79 6 2 -50 -20
1591 駿吉-KY|電機機械|25 8 31|72 72 -21 27|0.2 15|19 4 0 -38 -2
1597 直得|電機機械|1 -11 -27|58 78 -11 -18|0.5 8|3 2 0 -8 -24
1598 岱宇|運動休閒|-48 -46 -6|43 78 -8 -20|2.8 9|4 4 -0 -18 -12
1599 宏佳騰|電機機械|-6 15 1|70 70 -22 -11|0.3 7|12 -12 0 -7 31
1603 華電|電器電纜|38 38 18|80 80 -12 -4|0.4 11|2 -6 0 5 10
1604 聲寶|電器電纜|0 9 -7|90 90 -9 -2|2.3 8|10 -7 -0 8 -13
1605 華新|電器電纜|38 40 -9|75 75 27 38|0.4 2570|25 -2 0 -2 -4
1608 華榮|電器電纜|16 12 -25|49 66 -29 -28|0.6 14|1 -0 0 -21 -4
1609 大亞|電器電纜|2 9 -23|82 82 -15 2|1.2 135|10 -3 0 -9 30
1611 中電|電器電纜|-3 -7 5|87 88 1 -11|1.2 236|15 3 0 13 -11
1612 宏泰|電器電纜|-14 -8 -36|61 61 -37 -24|0.8 30|14 -4 0 -33 -9
1701 中化|生技醫療|-3 4 5|76 76 -4 -5|0.2 15|12 9 0 -25 17
1702 南僑|食品工業|4 0 -4|90 94 -3 -6|0.7 11|14 2 -0 -16 6
1707 葡萄王|生技醫療|10 8 1|81 85 -5 -15|0.9 20|11 4 0 -14 -14
1708 東鹼|化學工業|84 82 14|61 61 -26 30|0.1 392|19 10 0 -28 -47
1709 和益|化學工業|20 13 1|71 71 -20 -1|0.3 36|5 3 0 -24 -11
1710 東聯|化學工業|-28 -20 -43|69 80 -20 -16|1.0 17|8 7 -0 -9 -16
1711 永光|化學工業|2 2 -12|63 67 -25 -28|0.5 43|8 1 0 -9 -6
1712 興農|化學工業|27 27 10|77 77 -9 11|0.2 43|12 -3 0 -29 4
1717 長興|化學工業|4 5 -13|78 79 -13 -14|0.3 79|13 16 1 -19 -32
1720 生達|生技醫療|14 11 3|95 95 5 4|1.0 27|6 20 0 -16 -9
1721 三晃|化學工業|42 39 21|51 55 -33 -45|0.4 27|4 5 0 -18 -6
1722 台肥|化學工業|58 58 -3|75 75 -19 -10|0.4 183|16 8 -6 -18 -5
1723 中碳|化學工業|43 54 -9|89 89 -3 -3|0.6 91|12 -1 0 -18 -4
1727 中華化|化學工業|32 30 1|53 59 -38 -38|0.3 48|3 2 0 -25 29
1731 美吾華|生技醫療|-19 -12 -20|80 80 -10 -8|0.5 5|1 -3 0 -4 -32
1732 毛寶|化學工業|-4 -7 -5|53 53 -45 -17|0.2 30|4 4 0 -18 3
1733 五鼎|生技醫療|24 19 13|96 96 5 9|1.9 15|6 8 0 11 -27
1734 杏輝|生技醫療|27 20 12|66 87 -0 -0|0.5 45|7 24 0 -11 -29
1736 喬山|運動休閒|9 1 0|63 90 -1 -6|1.2 8|7 16 0 -10 -15
1737 臺鹽|食品工業|-18 2 -21|93 93 -4 -1|0.8 6|9 -18 0 -2 2
1760 寶齡富錦|生技醫療|53 55 20|76 76 15 73|2.0 454|6 -3 0 32 64
1762 中化生|生技醫療|-36 79 32|60 73 -9 -23|0.2 23|4 2 0 -11 -7
1773 勝一|化學工業|5 17 -25|78 78 -22 10|1.8 134|6 -11 0 -27 28
1783 和康生|生技醫療|22 16 -12|59 83 2 -16|8.0 8|6 -1 0 27 13
1785 光洋科|其他電子|11 0 -8|68 72 -26 -22|0.8 80|7 6 0 -22 -6
1788 杏昌|生技醫療|236 83 56|86 86 2 3|0.8 15|11 -0 0 107 54
1789 神隆|生技醫療|33 9 7|92 92 5 2|1.0 39|4 17 0 -7 -19
1795 美時|生技醫療|-25 -10 -9|90 90 8 48|2.1 2828|67 1 2 -11 3
1802 台玻|玻璃陶瓷|-18 -21 -30|41 70 -27 -30|1.7 97|8 -8 -7 -19 15
1808 潤隆|建材營造|-88 -88 -80|93 93 11 20|0.3 16|3 -28 0 1 20
1815 富喬|電子零組|-12 -8 -49|56 69 -21 -31|0.8 12|3 -8 0 -12 6
1903 士紙|造紙工業|-83 -60 -53|74 86 -8 -14|0.8 6|19 -1 0 -11 -8
1904 正隆|造紙工業|-0 3 -5|58 74 -23 -24|1.7 62|7 -11 -6 -12 5
1905 華紙|造紙工業|11 6 -5|52 69 -25 -32|0.6 25|3 16 0 -13 -20
1906 寶隆|造紙工業|1383 2931 1943|85 91 -5 -5|0.9 26|3 13 0 15 -15
1907 永豐餘|造紙工業|-11 -10 -11|53 68 -27 -32|0.9 35|15 -2 -0 -7 1
1909 榮成|造紙工業|-18 21 -2|49 66 -25 -34|0.8 41|10 -9 -0 -13 -6
2002 中鋼|鋼鐵工業|9 15 -25|72 72 -27 -19|1.1 1025|19 -14 -11 -12 37
2006 東和鋼鐵|鋼鐵工業|4 13 -13|66 66 -27 -20|0.7 341|11 -9 24 -27 53
2007 燁興|鋼鐵工業|29 37 9|32 53 -41 -47|0.7 17|2 13 0 -23 4
2009 第一銅|鋼鐵工業|5 2 -35|42 52 -38 -37|0.8 36|2 5 0 -26 0
2010 春源|鋼鐵工業|-10 2 -22|48 62 -34 -33|0.5 16|6 3 0 -21 -1
2013 中鋼構|鋼鐵工業|4 23 -5|69 84 -8 -10|0.2 24|8 -13 0 -13 1
2014 中鴻|鋼鐵工業|20 30 -13|44 55 -43 -35|0.7 299|6 6 -10 -26 -15
2015 豐興|鋼鐵工業|11 19 -20|73 73 -26 -14|0.9 23|12 -6 1 -12 -11
2017 官田鋼|鋼鐵工業|-6 1 2|35 61 -35 -37|0.5 9|1 -4 0 -21 4
2020 美亞|鋼鐵工業|-6 13 -15|55 66 -30 -29|0.8 20|2 -12 0 -38 81
2023 燁輝|鋼鐵工業|8 13 -34|40 61 -34 -36|0.6 72|6 12 -0 -27 -7
2027 大成鋼|鋼鐵工業|32 39 -18|57 60 -34 -29|0.5 468|16 -2 -4 -21 19
2028 威致|鋼鐵工業|-12 19 -25|38 51 -43 -45|0.6 27|1 1 0 -28 4
2029 盛餘|鋼鐵工業|2 24 -18|45 62 -26 -24|0.3 20|69 -5 0 -32 5
2030 彰源|鋼鐵工業|16 36 -11|46 55 -33 -25|0.2 57|4 1 -0 -34 13
2031 新光鋼|鋼鐵工業|-10 37 4|44 50 -47 -35|0.4 96|10 -1 -7 -28 3
2032 新鋼|鋼鐵工業|-37 7 3|46 52 -42 -18|0.3 15|3 5 0 -28 -41
2034 允強|鋼鐵工業|20 18 -32|61 70 -27 -19|0.5 33|8 -24 -1 -21 28
2038 海光|鋼鐵工業|10 11 -25|30 53 -44 -47|0.6 20|3 12 0 -31 -3
2049 上銀|電機機械|16 21 0|57 74 -5 -26|1.1 1286|33 -5 3 -24 4
2059 川湖|電子零組|25 28 -9|75 75 -10 -25|0.7 73|17 -7 1 -3 15
2066 世德|電機機械|29 16 4|92 92 4 -0|0.7 6|11 2 0 -12 15
2069 運錩|鋼鐵工業|-9 21 -55|45 53 -42 -43|0.4 16|2 6 0 -37 -7
2101 南港|橡膠工業|8 7 26|79 79 -11 -5|0.5 30|6 1 0 -8 -4
2102 泰豐|橡膠工業|15 13 63|58 62 -32 -35|0.5 24|7 0 0 -14 -6
2103 台橡|橡膠工業|8 3 -18|67 69 -15 -30|0.9 43|29 -13 10 -10 -1
2104 國際中橡|橡膠工業|4 -1 -24|68 68 -31 -30|0.5 38|12 -14 -0 8 4
2105 正新|橡膠工業|-6 -11 -2|75 94 -4 -7|1.2 119|14 15 1 -9 -20
2106 建大|橡膠工業|23 11 3|82 95 1 6|5.1 22|7 7 3 31 -7
2107 厚生|橡膠工業|-30 -25 -14|87 91 -8 -9|1.6 6|8 -22 0 -24 7
2108 南帝|橡膠工業|-50 -49 -52|27 52 -35 -46|0.5 49|9 13 0 -24 -2
2114 鑫永銓|橡膠工業|2 3 -14|80 82 -9 -6|1.9 8|2 -2 0 8 -13
2201 裕隆|汽車工業|-9 -9 2|88 88 9 6|2.4 672|11 5 2 7 -7
2204 中華|汽車工業|-16 -9 0|82 94 2 -4|0.9 60|25 5 13 -5 -8
2206 三陽工業|汽車工業|12 11 12|91 91 16 23|2.1 405|13 7 2 15 17
2207 和泰車|汽車工業|-22 -13 -8|91 94 3 -1|1.1 161|24 3 0 -8 -3
2208 台船|航運業|-10 -8 5|55 78 -19 -20|0.7 26|5 3 -0 -5 -4
2211 長榮鋼|鋼鐵工業|38 26 -18|83 92 -8 8|0.5 28|3 43 0 -6 -22
2227 裕日車|汽車工業|-56 -33 -6|88 91 -7 -8|1.0 13|41 14 -0 na -31
2230 泰茂|居家生活|-36 -25 -20|93 93 8 39|0.3 9|13 12 0 -39 9
2231 為升|汽車工業|-19 -25 -22|61 68 -15 -31|1.3 28|7 -6 -0 4 -2
2233 宇隆|汽車工業|4 2 -10|90 97 10 22|0.3 168|10 -1 -3 -94 -54
2247 汎德永業|汽車工業|-11 -3 1|93 93 -2 -6|1.5 5|3 3 0 6 -15
2301 光寶科|電腦及週|7 8 3|83 83 -16 -7|1.1 351|46 2 -5 1 -32
2302 麗正|半導體業|-0 9 12|72 80 -1 -8|2.7 29|1 -1 0 -5 163
2303 聯電|半導體業|42 38 7|58 62 -21 -37|1.0 3954|30 -16 4 -12 27
2305 全友|電腦及週|-46 -35 -20|77 77 60 47|0.9 179|8 1 0 7 -32
2308 台達電|電子零組|17 11 3|71 76 -14 -18|1.4 1185|66 -7 4 -2 -13
2312 金寶|其他電子|47 25 15|69 69 -22 -25|0.9 92|10 -3 -0 -8 22
2313 華通|電子零組|27 26 12|80 80 -13 -3|0.6 853|27 -8 5 6 37
2314 台揚|通信網路|12 14 13|53 63 -27 -32|0.8 201|5 -2 0 13 141
2316 楠梓電|電子零組|28 11 -8|75 77 -7 -23|1.0 6|26 -15 0 -10 -3
2317 鴻海|其他電子|9 7 4|92 92 1 0|1.2 3627|45 -8 4 -11 -12
2324 仁寶|電腦及週|11 -11 -19|89 89 -10 0|0.8 237|41 -13 9 5 3
2327 國巨*|電子零組|14 16 -14|48 53 -33 -41|1.5 956|41 -5 0 -20 -19
2328 廣宇|電子零組|27 20 -6|78 86 -11 -12|0.6 132|11 9 -0 -12 -33
2329 華泰|半導體業|0 4 -9|47 58 -29 -41|0.9 35|8 -16 -0 -28 35
2330 台積電|半導體業|65 51 21|67 67 -21 -25|1.3 16965|72 -20 0 -2 -22
2331 精英|電腦及週|48 35 8|79 89 2 -10|3.1 28|7 11 0 -2 -15
2332 友訊|通信網路|44 23 18|65 76 -13 -23|0.8 14|7 -9 -0 -28 16
2337 旺宏|半導體業|-11 3 -24|72 72 -18 -22|1.0 293|23 -4 -2 -14 20
2338 光罩|半導體業|28 39 4|60 62 -31 -36|0.8 387|8 2 2 -13 -2
2340 台亞|半導體業|43 4 3|50 53 -20 -49|1.0 653|11 -6 -0 -3 50
2342 茂矽|半導體業|12 24 6|63 69 -18 -31|0.6 73|5 2 0 -11 -5
2344 華邦電|半導體業|7 10 -34|55 58 -29 -34|1.0 530|26 -6 -1 -19 2
2345 智邦|通信網路|25 26 14|63 78 -10 -18|0.9 911|65 -9 7 -6 -17
2347 聯強|電子通路|3 6 -9|70 70 -27 -16|0.6 608|34 14 -16 71 -36
2348 海悅|其他|20 17 -9|74 74 -12 -19|1.0 8|1 -3 0 3 3
2351 順德|半導體業|18 14 -12|64 67 -26 -27|0.9 197|19 2 1 -20 -0
2352 佳世達|電腦及週|8 13 -1|83 83 -17 -6|0.6 90|18 7 -1 3 -3
2353 宏碁|電腦及週|-11 -8 -11|74 74 -21 -24|1.7 413|30 -26 2 -1 2
2354 鴻準|其他電子|-11 7 12|66 71 -24 -28|0.7 344|17 -16 -0 -18 -26
2355 敬鵬|電子零組|17 -1 -13|67 67 -16 -26|1.0 30|14 -2 1 -1 1
2356 英業達|電腦及週|12 19 11|92 94 -1 -1|0.8 208|24 -3 -10 -9 -10
2357 華碩|電腦及週|-7 -1 -14|81 81 -16 -17|1.2 890|45 -22 9 -10 2
2358 廷鑫|其他|31 32 -14|55 56 -34 -31|0.6 15|1 -6 0 -2 14
2359 所羅門|其他電子|45 40 16|78 78 -16 21|0.6 112|4 3 0 -17 -34
2360 致茂|其他電子|23 13 6|61 61 -21 -31|1.9 97|67 -15 3 -6 -12
2362 藍天|電腦及週|-3 -18 -35|91 91 1 -1|0.9 13|11 2 0 -5 -14
2363 矽統|半導體業|7 6 -46|61 70 -24 -29|1.1 45|5 -12 0 -15 11
2364 倫飛|電腦及週|-13 -10 -4|98 98 55 86|5.8 14|16 1 0 -4 150
2367 燿華|電子零組|64 40 36|68 78 -10 -21|1.6 57|7 0 -0 -0 -23
2368 金像電|電子零組|38 26 4|75 75 -19 -7|1.2 1612|15 3 -1 -20 -28
2369 菱生|半導體業|-13 -8 -32|49 55 -36 -43|1.1 30|15 -0 -0 -16 5
2371 大同|電機機械|-15 2 -3|84 88 -10 1|0.8 315|19 -10 0 0 -7
2374 佳能|光電業|107 82 40|63 63 -19 -37|0.9 25|7 -4 0 -12 -0
2375 凱美|電子零組|-23 -22 -55|40 45 -40 -52|1.3 34|6 9 0 -22 -32
2376 技嘉|電腦及週|-41 -29 -46|51 52 -36 -48|1.3 597|20 1 -3 -36 -1
2377 微星|電腦及週|2 2 -17|62 65 -18 -37|1.7 455|32 -20 10 -15 40
2379 瑞昱|半導體業|22 28 -1|58 60 -16 -40|1.1 875|50 -11 -3 3 10
2382 廣達|電腦及週|-6 -4 -2|83 83 -9 -16|0.9 441|24 -20 9 -20 10
2383 台光電|電子零組|8 11 -21|60 60 -32 -37|1.0 355|41 -2 -0 7 -2
2385 群光|電子零組|17 11 0|87 87 -9 -3|1.2 193|34 -6 -6 1 9
2387 精元|電腦及週|-21 -17 -15|57 69 -18 -27|1.2 11|3 15 0 -14 -33
2388 威盛|半導體業|54 60 35|49 56 -24 -44|5.0 124|11 -4 0 18 67
2390 云辰|其他電子|3 3 -1|57 70 -17 -26|0.3 20|2 9 0 -9 -13
2392 正崴|電子零組|29 8 13|74 75 -15 -19|0.9 16|10 4 -0 -11 -9
2393 億光|光電業|-13 -18 -20|60 69 -18 -25|1.1 50|31 -7 -19 -13 8
2395 研華|電腦及週|25 16 -3|87 87 -6 -13|1.0 284|42 -11 7 43 4
2399 映泰|電腦及週|-32 -21 -38|50 53 -38 -48|1.2 12|10 2 0 -22 3
2401 凌陽|半導體業|-10 8 -6|62 69 -22 -27|1.3 138|11 -15 -0 -8 48
2402 毅嘉|電子零組|1 7 -0|69 80 -12 -20|1.2 5|10 -13 -0 -2 -2
2404 漢唐|其他電子|159 52 49|71 77 -19 -13|2.1 132|21 -9 -2 -3 4
2405 輔信|電腦及週|2 6 -11|58 58 -16 -39|0.8 50|4 -1 -0 -10 6
2406 國碩|光電業|-10 -17 3|58 58 -20 -39|0.9 86|5 -2 0 -6 31
2408 南亞科|半導體業|-19 -8 -38|62 62 -22 -33|2.0 446|16 -22 0 -2 39
2409 友達|光電業|-32 -24 -36|63 66 -25 -34|0.9 868|23 3 -0 -27 -15
2412 中華電|通信網路|7 7 5|97 97 1 11|1.7 1189|18 7 9 113 -18
2415 錩新|電子零組|-9 1 -14|49 65 -30 -34|0.8 5|2 -10 0 -12 -3
2417 圓剛|電腦及週|-2 -20 19|43 52 -32 -41|0.1 13|1 3 0 -14 -16
2419 仲琦|通信網路|0 0 19|67 74 -10 -27|0.4 7|1 -2 0 -17 -17
2420 新巨|電子零組|2 11 5|84 89 -7 -10|0.9 5|6 -25 0 -11 -8
2421 建準|電子零組|2 -10 -12|68 68 -23 -28|1.7 18|17 -10 0 -16 -17
2423 固緯|其他電子|25 7 -9|80 87 -10 -9|0.7 6|4 -7 0 -26 0
2425 承啟|電腦及週|-6 9 -6|90 90 8 1|1.3 21|19 9 0 -7 -34
2426 鼎元|光電業|-18 -18 -26|55 59 -32 -39|1.0 13|8 -1 -0 -10 -2
2427 三商電|資訊服務|47 37 20|89 89 -3 2|3.1 13|3 5 0 -20 0
2428 興勤|電子零組|-9 -4 -15|50 77 -17 -22|0.8 76|13 -10 -1 8 28
2430 燦坤|電子通路|-11 9 -3|63 71 -24 -14|0.8 7|6 -16 0 -27 -34
2436 偉詮電|半導體業|-26 -10 -35|46 52 -40 -48|0.8 152|7 7 -0 -26 -22
2439 美律|通信網路|4 -11 -1|65 76 -15 -24|1.4 31|11 2 -0 -9 -8
2441 超豐|半導體業|-7 3 -20|67 80 -15 -19|1.4 57|14 -22 -10 10 14
2442 新美齊|建材營造|4484 1466 1158|78 81 -19 -19|0.4 7|2 -19 0 -6 20
2444 兆勁|通信網路|-9 15 16|77 81 -5 -19|0.6 8|0 1 0 na na
2449 京元電子|半導體業|16 21 -0|83 84 -3 -11|1.0 305|35 -1 -7 -21 26
2451 創見|半導體業|-19 -19 -30|91 91 -8 -6|1.6 28|9 -22 6 -17 3
2454 聯發科|半導體業|26 39 1|57 57 -24 -43|1.7 6565|61 -20 3 22 -13
2455 全新|通信網路|-22 -16 -33|46 48 -36 -52|0.8 185|28 -2 1 -28 -6
2457 飛宏|電子零組|15 13 -10|61 61 -33 -37|0.9 160|4 -0 0 -8 11
2458 義隆|半導體業|-13 -15 -13|69 75 -20 -19|0.8 166|22 10 -14 -16 -21
2461 光群雷|其他電子|13 6 -4|72 73 -17 -25|0.9 11|5 -17 0 -6 35
2462 良得電|電子零組|-3 2 1|62 62 -27 -17|0.3 12|1 -1 0 -1 3
2464 盟立|其他電子|15 15 3|86 86 -6 -9|2.1 10|5 -8 -0 -12 -5
2465 麗臺|電腦及週|-66 -59 -91|35 39 -52 -60|0.6 34|5 7 0 -26 -7
2467 志聖|電子零組|0 -18 -27|72 79 -13 -16|1.1 6|7 -25 0 -17 -3
2472 立隆電|電子零組|18 20 -4|66 71 -21 -24|1.3 19|2 -2 -0 -5 6
2474 可成|其他電子|-40 -51 3|91 93 11 3|0.6 420|44 -3 18 -2 -3
2476 鉅祥|電子零組|-1 -3 -26|52 52 -26 -48|1.2 49|5 -5 0 -2 -13
2478 大毅|電子零組|-22 -16 -17|60 65 -26 -33|2.3 8|4 1 0 -21 -3
2480 敦陽科|資訊服務|0 6 -10|92 92 -4 25|1.0 22|7 -23 0 -57 30
2481 強茂|半導體業|-5 2 -18|47 53 -43 -46|0.5 420|12 3 -7 -27 -8
2482 連宇|其他電子|166 83 57|90 90 90 48|2.3 425|3 -1 0 128 -31
2483 百容|電子零組|24 26 -0|89 100 12 7|2.3 14|1 3 0 -1 2
2484 希華|電子零組|13 15 -2|75 83 -5 -16|0.6 115|6 1 0 -23 -7
2485 兆赫|通信網路|-1 -4 10|67 73 -12 -26|1.6 11|6 4 -0 -1 -21
2486 一詮|光電業|-6 -2 -24|39 49 -45 -50|1.2 33|4 18 0 -30 -27
2489 瑞軒|光電業|16 -8 -26|60 68 -29 -31|0.6 20|11 -0 -0 -10 0
2492 華新科|電子零組|-16 -11 -8|38 47 -41 -51|1.1 179|14 -3 -0 -16 -1
2493 揚博|電子零組|41 23 7|93 93 -6 4|1.1 6|5 -12 0 -7 -6
2495 普安|電腦及週|26 8 1|68 68 -12 -26|0.9 6|18 2 0 1 -32
2497 怡利電|汽車工業|28 28 -20|57 57 -39 -19|0.6 320|4 4 0 -16 -20
2498 宏達電|通信網路|-0 -17 -10|55 58 -15 -40|4.6 685|13 -4 0 25 36
2501 國建|建材營造|170 41 54|86 89 -9 -11|1.0 5|7 -19 0 -3 -8
2504 國產|建材營造|-13 -7 -8|73 73 -21 -17|0.6 73|14 -12 -0 -3 1
2511 太子|建材營造|26 30 17|81 83 -12 -11|1.1 7|9 5 0 -1 -25
2520 冠德|建材營造|67 26 -2|74 81 -12 -16|1.4 24|19 4 -0 -14 -21
2527 宏璟|建材營造|-96 -73 -128|66 73 -22 -26|1.5 8|42 -24 -0 -12 15
2534 宏盛|建材營造|57 53 -16|99 99 2 8|1.1 22|9 11 0 15 -4
2535 達欣工|建材營造|-19 3 -8|86 86 -11 -4|0.7 12|9 -20 0 -48 -4
2538 基泰|建材營造|119 60 31|85 93 -1 2|1.6 12|12 -5 -0 17 1
2539 櫻花建|建材營造|316141 430045 321347|98 98 -1 5|1.2 5|1 4 0 5 -8
2540 愛山林|建材營造|-12 -4 -4|88 88 -7 60|1.2 20|0 2 0 -18 -2
2542 興富發|建材營造|-89 -76 -143|87 87 -10 -5|0.7 234|9 15 -40 -7 -19
2545 皇翔|建材營造|25 41 4|75 75 -16 23|0.5 52|5 -16 0 1 20
2548 華固|建材營造|1161 417 -1454|97 97 5 4|0.9 64|19 -4 0 1 20
2597 潤弘|建材營造|-1 9 -14|66 66 -31 -18|0.6 15|1 -11 -0 -12 27
2603 長榮|航運業|70 85 -40|44 58 -28 -33|2.1 15215|25 -5 -2 -28 67
2605 新興|航運業|18 5 -18|34 58 -30 -34|0.3 104|37 4 -3 -25 -5
2606 裕民|航運業|14 14 -35|48 60 -28 -32|0.5 432|12 14 -24 -32 -41
2607 榮運|航運業|182 160 67|55 65 -27 -8|0.4 151|9 10 -0 -20 -21
2608 嘉里大榮|航運業|-1 3 -1|56 70 -11 -13|0.3 25|4 0 0 -25 -6
2609 陽明|航運業|41 64 -43|45 73 -21 -22|1.9 9346|15 -4 4 -23 55
2610 華航|航運業|34 22 -14|69 69 -21 -18|0.5 1764|13 -7 -5 -7 -23
2611 志信|航運業|15 18 -16|39 64 -29 -15|0.3 26|2 3 0 -20 -17
2612 中航|航運業|61 48 19|45 68 -22 -32|0.4 30|4 5 0 -33 -33
2613 中櫃|航運業|7 7 -1|53 62 -37 3|0.2 36|2 8 0 -36 -26
2614 東森|其他|3 12 -1|30 52 -31 -34|0.6 65|3 8 0 -9 -17
2615 萬海|航運業|65 74 -87|37 55 -29 -45|1.9 3112|43 -1 0 -28 10
2617 台航|航運業|21 20 -11|37 69 -27 -28|0.6 72|4 -6 0 -19 -11
2618 長榮航|航運業|34 40 -7|80 80 -13 9|0.7 3768|27 -2 -3 -7 10
2633 台灣高鐵|航運業|-6 -14 17|90 93 -4 -7|1.0 80|9 4 -1 -19 18
2634 漢翔|航運業|24 22 2|85 85 11 10|1.1 319|7 -0 1 45 11
2636 台驊控股|航運業|11 40 -75|30 59 -25 -36|2.0 533|13 -1 -0 -22 30
2637 慧洋-KY|航運業|81 72 -0|60 60 -25 -20|0.8 1480|19 -3 -6 30 33
2641 正德|航運業|11 53 -33|46 65 -24 -29|0.5 90|1 -0 0 -25 7
2642 宅配通|航運業|3 6 -4|36 52 -39 -30|0.2 34|6 6 0 -33 -14
2702 華園|觀光餐旅|93 84 34|82 82 -0 -1|0.4 12|39 2 0 -1 34
2704 國賓|觀光餐旅|-23 -26 10|91 91 -5 0|0.8 10|11 13 -0 -12 -11
2705 六福|觀光餐旅|-24 -18 3|78 82 -5 -7|0.4 16|2 0 0 -36 106
2707 晶華|觀光餐旅|-10 -9 11|94 94 -1 14|0.9 112|14 -1 3 -12 -8
2723 美食-KY|觀光餐旅|-7 -11 -7|65 94 23 1|2.0 170|50 7 2 -6 -2
2727 王品|觀光餐旅|-15 -16 -10|68 83 -5 -15|1.1 29|7 10 0 -2 -30
2731 雄獅|觀光餐旅|6 -14 22|84 84 -8 6|0.3 93|1 -2 0 -20 -9
2734 易飛網|觀光餐旅|134 38 69|84 84 23 59|0.9 28|11 3 0 na na
2736 富野|觀光餐旅|-33 -22 12|84 84 49 58|3.0 318|1 0 0 25 7
2743 山富|觀光餐旅|23 -6 28|79 79 24 161|0.5 396|2 0 0 -34 15
2745 五福|觀光餐旅|-38 -38 18|67 67 15 83|0.6 17|1 1 0 na na
2748 雲品|觀光餐旅|29 19 38|94 94 4 6|1.7 8|1 3 0 5 48
2753 八方雲集|觀光餐旅|13 12 na|na 96 15 25|1.6 70|6 19 1 29 6
2801 彰銀|金融保險|12 21 6|88 88 -12 2|0.5 143|12 -5 0 -50 -11
2809 京城銀|金融保險|-0 -73 -47|82 87 -10 -10|0.6 43|15 10 -13 -22 -0
2812 台中銀|金融保險|33 11 -2|85 85 -13 12|0.6 62|11 -14 0 -9 2
2820 華票|金融保險|-64 -58 -43|93 93 -7 -2|1.0 11|7 7 0 35 -11
2834 臺企銀|金融保險|6 7 -4|79 79 -16 14|0.4 254|11 7 -1 -12 -21
2836 高雄銀|金融保險|3 -6 -7|86 86 -12 13|0.4 10|7 -1 -0 -1 -12
2838 聯邦銀|金融保險|49 -5 -13|87 87 -13 15|0.7 29|3 12 1 -22 -7
2845 遠東銀|金融保險|12 5 9|87 87 -12 4|1.0 56|12 -10 -0 82 25
2850 新產|金融保險|4 1 -5|95 95 -4 15|0.6 24|8 13 0 -6 -3
2851 中再保|金融保險|22 18 5|70 85 -15 -5|0.8 15|1 -17 0 -19 3
2855 統一證|金融保險|72 -19 -15|72 77 -20 -22|0.9 16|8 -1 -0 -18 6
2880 華南金|金融保險|13 9 -1|89 89 -11 6|0.7 208|18 3 1 -25 -12
2881 富邦金|金融保險|-44 -31 -23|71 71 -25 -23|0.8 1090|21 -13 1 -3 -25
2882 國泰金|金融保險|-33 -38 -22|73 73 -24 -20|1.3 937|23 -25 2 -16 7
2883 凱基金|金融保險|-28 -29 -6|72 72 -27 -16|0.9 579|23 -10 2 -8 5
2884 玉山金|金融保險|9 -5 -8|82 82 -15 4|0.6 632|37 -15 4 9 -9
2885 元大金|金融保險|-29 -29 -10|77 77 -23 -16|1.9 640|26 -29 2 14 25
2886 兆豐金|金融保險|45 5 3|78 78 -20 -1|0.7 749|23 10 -22 16 -33
2887 台新新光金|金融保險|33 26 -27|76 76 -24 -15|0.7 436|26 -14 0 -3 -43
2889 國票金|金融保險|23 -16 -9|85 85 -15 -8|1.4 79|11 3 -0 7 8
2890 永豐金|金融保險|6 7 -4|87 87 -13 4|0.8 298|29 -12 1 6 -11
2891 中信金|金融保險|1 18 -5|80 80 -18 -5|0.8 1116|43 -1 1 -3 -22
2892 第一金|金融保險|21 6 4|87 87 -13 6|1.0 583|24 6 -3 3 -44
2903 遠百|貿易百貨|-10 -10 1|87 92 -6 -6|1.1 9|10 15 0 -34 -10
2906 高林|貿易百貨|122 38 10|62 62 -23 16|0.5 43|6 2 0 -5 -20
2912 統一超|貿易百貨|8 8 5|93 98 3 0|1.0 329|30 4 -10 -15 -6
2913 農林|貿易百貨|-14 -11 -15|86 87 -6 -6|0.8 12|8 18 -0 -4 -6
2915 潤泰全|貿易百貨|1 8 1|59 59 -37 -24|0.6 202|9 6 0 -16 -3
2929 淘帝-KY|貿易百貨|-19 -13 -12|69 81 32 4|1.7 17|20 -1 0 -10 138
3003 健和興|電子零組|11 5 -23|69 78 -18 -23|1.0 64|4 -3 3 2 20
3004 豐達科|鋼鐵工業|81 44 17|94 96 3 5|1.2 8|2 1 0 13 10
3005 神基|電腦及週|18 -14 -14|71 71 -20 -23|1.0 46|24 -8 -0 -26 -12
3006 晶豪科|半導體業|-24 -14 -47|41 46 -49 -51|1.0 1026|14 -1 -1 -32 -11
3008 大立光|光電業|-6 -7 8|57 65 -5 -27|0.9 929|36 -5 3 -9 -1
3010 華立|電子通路|9 11 -5|76 76 -21 -20|1.5 54|12 -22 -1 -27 -2
3011 今皓|電子零組|-11 8 -16|73 73 -12 47|0.4 21|1 -5 0 na na
3013 晟銘電|電腦及週|-10 12 6|80 80 -3 -17|0.2 8|1 -1 0 -11 12
3014 聯陽|半導體業|-26 -12 -32|57 65 -30 -28|0.9 89|8 -10 -0 -18 29
3015 全漢|電子零組|-10 -12 -10|83 83 -10 -13|1.2 5|11 -5 1 -20 -11
3016 嘉晶|半導體業|24 29 -3|51 57 -30 -42|0.8 192|5 4 0 -16 -37
3017 奇鋐|電腦及週|-0 -1 -17|71 71 -23 -1|0.7 724|40 3 -4 -5 -0
3019 亞光|光電業|-1 -3 -15|56 59 -27 -39|1.2 62|8 1 0 -19 -9
3023 信邦|電子零組|15 15 2|79 82 -8 -20|0.9 83|60 5 6 -23 -10
3024 憶聲|光電業|-29 14 -1|77 84 -11 -15|0.8 6|1 -4 0 6 61
3026 禾伸堂|電子零組|-17 -12 -11|69 80 -19 -19|1.4 37|10 -14 0 -8 23
3028 增你強|電子通路|-4 8 0|79 79 -19 -8|1.3 18|6 -24 0 0 -13
3029 零壹|資訊服務|14 5 -26|82 82 -17 -6|1.0 9|3 -26 0 -4 1
3030 德律|其他電子|43 28 2|84 84 -16 7|0.5 47|17 -12 -0 -13 23
3033 威健|電子通路|-11 -7 -17|76 76 -17 -18|1.2 44|7 -18 0 -25 39
3034 聯詠|半導體業|-4 13 -40|52 54 -30 -46|1.3 1771|46 -14 4 -17 7
3035 智原|半導體業|101 98 19|53 53 -46 -30|1.1 5431|30 3 -2 -19 -15
3036 文曄|電子通路|28 31 3|71 71 -14 2|0.5 415|14 -24 20 -27 60
3037 欣興|電子零組|51 44 10|57 57 -37 -38|1.1 4754|42 4 -3 -24 -0
3038 全台|光電業|17 8 -5|92 98 8 5|2.9 20|3 6 0 -0 -7
3041 揚智|半導體業|-1 7 -25|51 52 -34 -46|0.8 28|14 -2 0 -11 -35
3042 晶技|電子零組|-18 -15 -26|65 81 -14 -17|1.1 260|13 11 8 -18 -23
3044 健鼎|電子零組|20 10 0|78 78 -19 -16|1.4 132|40 -28 -7 -27 6
3045 台灣大|通信網路|4 11 -5|99 99 3 8|1.3 425|16 17 15 29 -11
3047 訊舟|通信網路|24 17 23|81 81 0 -17|3.0 23|4 3 0 -6 -2
3048 益登|電子通路|29 17 13|80 80 -18 -6|1.3 29|4 -17 0 3 24
3050 鈺德|光電業|-9 7 2|84 84 -10 -14|1.9 26|9 -1 0 10 14
3051 力特|光電業|-8 -4 -19|38 39 -45 -62|0.6 14|1 5 0 -21 54
3056 富華新|建材營造|-63 -72 -82|65 68 -19 -32|2.2 42|3 -8 -0 -23 16
3059 華晶科|光電業|58 32 -16|62 62 -22 -33|0.9 101|14 -0 -4 -9 -35
3060 銘異|電腦及週|-0 12 -5|61 66 -23 -32|1.1 6|7 -3 -0 -13 -0
3062 建漢|通信網路|12 -18 6|72 81 -4 -19|2.7 117|13 2 0 38 30
3071 協禧|電腦及週|10 2 -11|71 71 -17 -26|1.0 6|2 -3 0 -4 -2
3078 僑威|電子零組|-45 -42 -28|57 75 -21 -24|1.3 8|0 3 0 -8 -3
3081 聯亞|通信網路|4 -9 21|40 50 -44 -46|1.2 38|49 -30 0 29 7
3083 網龍|文化創意|43 29 33|65 65 -13 -18|0.7 14|1 2 0 3 -3
3086 華義*|文化創意|-46 -43 -82|64 64 -21 0|0.9 14|29 0 0 -0 2
3088 艾訊|電腦及週|46 44 10|85 85 4 10|2.5 14|6 0 1 28 22
3090 日電貿|電子零組|12 10 -3|85 89 -10 -10|2.5 15|8 -13 0 -32 5
3092 鴻碩|電子零組|62 60 23|54 58 -42 -27|0.3 24|2 4 0 -17 -0
3093 港建*|其他電子|28 57 -17|76 76 37 51|0.8 76|70 -1 0 26 -10
3094 聯傑|半導體業|-1 4 -10|50 50 -31 -45|0.9 10|3 -5 0 -15 5
3105 穩懋|半導體業|-11 -10 -8|47 48 -28 -50|0.8 566|41 -5 1 -7 -9
3114 好德|電子零組|-12 8 -7|61 83 -9 -16|0.3 6|1 -3 0 -13 22
3122 笙泉|半導體業|-21 -9 -53|51 51 -47 -40|0.4 24|3 2 0 -31 -15
3131 弘塑|半導體業|7 9 -25|50 57 -34 -39|1.6 22|2 -8 -13 na -1
3138 耀登|通信網路|0 -7 -25|41 46 -40 -52|1.3 48|2 3 0 -20 2
3141 晶宏|半導體業|36 35 -44|42 46 -30 -51|0.7 706|7 2 -0 -16 -19
3149 正達|光電業|2 -4 -1|36 51 -32 -45|0.9 11|2 1 0 0 na
3152 璟德|通信網路|-54 -51 -40|35 51 -33 -49|1.4 18|18 1 0 -16 -6
3163 波若威|通信網路|72 58 53|70 70 -14 -2|0.8 159|7 -2 0 -51 2
3167 大量|電機機械|-49 -40 -57|46 48 -27 -51|1.1 9|2 -7 0 -23 -5
3169 亞信|半導體業|15 40 -32|40 42 -44 -59|0.6 231|3 -0 0 -24 33
3176 基亞|生技醫療|9 38 -490|57 69 -25 -29|0.3 10|4 -2 0 na -5
3178 公準|半導體業|7 6 -14|64 70 -18 -27|1.4 11|1 -1 0 -2 12
3189 景碩|半導體業|32 36 -0|52 55 -37 -46|0.9 1720|18 1 -0 -27 -2
3205 佰研|生技醫療|-6 -12 -13|92 92 57 38|6.2 14|10 -0 0 144 36
3207 耀勝|電子零組|38 35 -7|80 80 15 31|0.6 68|9 1 0 -4 80
3209 全科|電子通路|33 25 11|82 82 -10 18|0.4 53|6 -2 0 -14 32
3211 順達|電腦及週|2 -18 -9|64 64 -30 -23|0.8 20|10 12 0 -24 5
3217 優群|電子零組|13 -3 -13|49 52 -33 -48|0.9 51|4 -6 -5 -10 9
3218 大學光|生技醫療|12 24 1|66 88 -4 -2|1.1 89|33 3 8 -4 3
3221 台嘉碩|通信網路|126 47 5|75 81 -6 -16|0.8 120|5 -1 0 3 47
3224 三顧|電子通路|2 30 -20|62 66 -18 -35|0.6 7|1 -8 0 -7 35
3227 原相|半導體業|-37 -38 -19|42 60 -35 -39|1.4 49|14 -12 0 -19 25
3228 金麗科|半導體業|-63 -63 -67|57 62 -19 -33|2.9 856|8 -1 -1 31 21
3231 緯創|電腦及週|22 20 8|82 82 -12 -10|1.4 211|25 -31 -5 -7 6
3232 昱捷|電子通路|1 38 -18|60 72 -21 -8|0.2 5|4 -11 0 -5 3
3252 海灣|觀光餐旅|65 45 -9|86 86 33 35|1.0 30|8 0 0 -11 4
3257 虹冠電|半導體業|-58 -41 -30|64 66 -29 -21|1.1 11|5 -8 0 -28 44
3260 威剛|半導體業|-23 -15 -23|46 57 -35 -37|1.0 101|7 -10 -0 -21 9
3264 欣銓|半導體業|27 24 3|53 66 -25 -34|1.3 191|23 -9 -7 -9 45
3265 台星科|半導體業|66 57 28|80 80 29 41|0.5 215|10 5 0 -44 -10
3276 宇環|電子零組|33 43 8|77 81 -2 -20|0.5 5|1 -0 0 -0 -4
3289 宜特|其他電子|17 10 -1|81 87 -12 -9|1.4 9|6 -3 0 -0 4
3290 東浦|電子零組|11 6 3|71 71 -9 -20|0.8 6|2 0 0 3 -13
3293 鈊象|文化創意|4 4 -14|88 93 -3 -7|2.0 148|30 4 1 0 13
3294 英濟|電子零組|-46 -32 -12|46 56 -20 -45|0.8 12|7 1 0 -12 -29
3296 勝德|電子零組|-17 -19 -20|65 81 3 -15|1.8 7|3 4 0 -1 22
3305 昇貿|其他電子|15 44 -6|58 62 -36 -37|0.6 108|4 1 0 -32 8
3306 鼎天|通信網路|20 -11 -46|58 65 -13 -29|1.3 7|2 -1 0 21 86
3312 弘憶股|電子通路|11 16 -15|72 72 -13 -15|0.9 10|4 -18 0 -22 13
3317 尼克森|半導體業|6 2 -5|60 64 -22 -32|0.6 66|2 0 0 -8 0
3322 建舜電|電子零組|-44 -37 -43|51 51 -37 -49|0.4 10|1 0 0 -16 12
3323 加百裕|電腦及週|-58 -38 -28|52 71 -25 -28|0.9 9|2 2 0 -5 -7
3324 雙鴻|其他電子|14 6 -4|61 61 -23 -21|0.6 567|8 1 4 -28 -13
3338 泰碩|電子零組|11 -3 -2|55 56 -37 -35|1.0 10|4 1 0 -18 -19
3346 麗清|汽車工業|-27 14 9|52 64 -22 -36|0.9 9|3 -8 0 -6 16
3354 律勝|電子零組|3 10 30|81 93 6 -6|1.5 16|3 1 0 -17 -13
3356 奇偶|光電業|-3 -1 -9|63 73 -7 -17|0.2 30|3 -2 0 -37 -2
3357 臺慶科|電子零組|-4 -4 -25|47 61 -29 -34|2.0 8|11 -11 0 -22 29
3362 先進光|光電業|46 22 12|50 62 -22 -36|0.9 36|1 -2 0 -6 10
3363 上詮|通信網路|4 2 -26|62 73 -19 -27|0.9 6|4 -25 0 -6 -12
3372 典範|半導體業|-26 -18 -52|39 51 -34 -49|0.9 11|1 -9 0 -20 39
3374 精材|半導體業|49 37 34|67 84 -0 -13|0.5 417|7 0 3 -13 -9
3376 新日興|電子零組|12 0 20|65 82 -4 -16|1.3 30|20 -13 -1 -19 -3
3380 明泰|通信網路|-12 0 20|70 70 -24 -30|0.8 16|5 -0 0 -14 -4
3388 崇越電|電子零組|14 7 -7|88 88 -10 -6|0.7 6|6 -7 0 29 19
3390 旭軟|電子零組|34 39 -0|66 71 1 -29|0.4 23|1 1 0 -4 18
3402 漢科|其他電子|41 34 3|81 81 -15 -13|1.2 15|3 -22 0 -2 -18
3406 玉晶光|光電業|10 32 12|58 59 -24 -36|1.2 656|27 -3 -0 0 -7
3413 京鼎|半導體業|3 4 -15|68 68 -23 -29|0.8 90|19 -19 -3 -12 24
3419 譁裕|通信網路|-1 6 -1|46 57 -27 -42|0.9 7|8 -2 0 -6 -5
3434 哲固|光電業|-12 19 -16|53 53 20 44|0.2 17|5 7 0 -38 1
3437 榮創|光電業|-22 -33 4|53 59 -26 -32|0.9 5|5 5 0 -9 -0
3438 類比科|半導體業|-25 -11 -15|43 53 -36 -48|0.9 11|2 -1 0 -28 -35
3441 聯一光電|光電業|8 32 -29|68 72 -7 -22|0.5 26|3 3 0 -6 -3
3443 創意|半導體業|59 50 15|67 75 -9 -25|1.1 1812|39 3 -1 -26 19
3444 利機|電子通路|-15 2 -11|67 81 7 -14|6.0 27|11 1 0 43 21
3450 聯鈞|半導體業|3 -8 -13|65 69 -20 -29|0.9 11|8 -1 0 -16 8
3454 晶睿|光電業|21 41 20|90 90 -1 2|0.4 7|3 -9 0 -9 -4
3455 由田|光電業|41 11 1|63 63 -27 -5|0.7 29|4 -4 0 -1 26
3466 德晉|通信網路|-22 -37 -53|79 79 40 26|0.6 21|10 0 0 10 4
3479 安勤|電腦及週|72 58 20|95 95 2 9|2.3 16|3 -5 -2 41 -22
3481 群創|光電業|-43 -32 -32|55 59 -31 -40|0.9 1036|23 13 -16 -24 -46
3483 力致|電腦及週|19 16 -11|53 61 -37 -38|0.7 27|2 8 0 -8 -19
3484 崧騰|電子零組|-8 -4 -26|52 55 -31 -46|1.0 11|3 -5 0 -16 -3
3490 單井|光電業|22 28 -12|65 65 -28 -33|1.1 5|4 -2 0 -2 1
3491 昇達科|通信網路|26 8 -11|63 65 -28 -34|0.6 857|13 0 2 -14 15
3499 環天科|通信網路|-29 -11 -7|60 64 -22 -34|0.7 14|2 -2 0 -3 53
3504 揚明光|光電業|43 -1 -13|47 57 -11 -43|3.1 179|1 -7 -0 21 34
3508 位速|其他電子|-16 7 -34|53 53 -11 -46|5.1 50|4 -1 0 32 17
3511 矽瑪|電子零組|39 109 -106|50 63 -29 -33|0.6 10|1 -0 0 -11 -33
3515 華擎|電腦及週|-25 -26 -24|37 37 -45 -63|0.7 78|10 -15 -3 -9 32
3520 華盈|電子零組|103 51 20|74 74 -5 -11|0.5 104|1 0 0 -7 81
3526 凡甲|電子零組|-15 -25 -40|63 63 -31 -28|1.1 36|5 6 -29 -22 2
3527 聚積|半導體業|-9 14 -51|40 57 -31 -38|0.7 55|6 -6 0 -32 18
3529 力旺|半導體業|46 34 -3|39 44 -44 -54|0.9 1069|58 7 -9 11 -6
3530 晶相光|半導體業|-52 -27 -23|35 60 -17 -40|0.3 19|42 1 0 -14 9
3532 台勝科|半導體業|45 39 22|44 44 -41 -44|0.8 1743|51 6 -6 -11 -21
3533 嘉澤|電子零組|51 39 13|74 74 -11 -21|1.9 622|35 5 -3 4 32
3535 晶彩科|光電業|54 77 47|64 64 -6 32|0.5 117|13 -1 0 -26 76
3537 堡達|電子零組|11 -10 -21|84 84 -12 2|0.8 5|3 -16 0 -15 -3
3540 曜越|電腦及週|-42 -47 -3|41 54 -35 -46|1.5 6|2 -7 0 -15 -9
3541 西柏|其他電子|37 42 11|81 81 -12 -10|0.7 10|4 -14 0 -12 -34
3545 敦泰|半導體業|-43 -34 -55|29 46 -43 -52|0.9 338|14 4 0 -28 2
3546 宇峻|文化創意|32 19 -1|73 73 -11 -20|1.0 9|12 -4 0 -4 2
3548 兆利|電子零組|-26 -8 -34|75 75 -19 -6|0.9 10|8 -6 0 -7 9
3551 世禾|綠能環保|12 12 8|76 76 -14 -19|1.3 9|6 -13 0 1 19
3552 同致|其他電子|3 5 4|53 76 -13 -19|0.5 456|15 1 -0 -15 -11
3556 禾瑞亞|半導體業|-4 11 -25|62 75 -21 -13|0.7 13|7 -9 0 -18 31
3558 神準|通信網路|69 53 22|74 74 -7 60|0.9 1541|6 1 -2 -14 -15
3563 牧德|光電業|-26 -24 -36|48 49 -35 -45|1.2 14|9 0 0 -18 -4
3564 其陽|通信網路|65 73 33|77 82 3 -12|1.6 11|2 0 0 na na
3576 聯合再生|光電業|21 13 -21|83 89 -8 -0|1.2 128|16 8 0 na na
3580 友威科|其他電子|70 22 -3|75 75 -25 -8|1.1 20|4 -10 0 -5 20
3583 辛耘|半導體業|43 22 -9|61 61 -23 -22|0.6 81|11 3 0 -17 2
3587 閎康|其他電子|3 12 -1|67 68 -24 -30|1.0 32|2 -8 1 -17 45
3588 通嘉|半導體業|1 8 -28|46 51 -45 -50|0.7 98|4 -2 0 -28 -3
3592 瑞鼎|半導體業|22 29 na|na na -32 na|1.2 171|10 3 -1 na na
3594 磐儀|電腦及週|3 1 -2|88 88 -7 7|2.8 7|1 -0 0 2 1
3596 智易|通信網路|38 9 2|80 80 -11 -14|0.6 502|11 -5 9 -14 -3
3605 宏致|電子零組|3 7 -13|54 62 -27 -36|1.1 19|10 3 0 -21 2
3607 谷崧|電子零組|-36 -27 -22|64 66 -9 -35|0.2 8|3 -0 0 -19 4
3622 洋華|光電業|59 40 6|78 78 -4 -4|2.5 36|2 -1 0 17 10
3624 光頡|電子零組|23 18 -22|55 55 -39 -25|0.8 357|46 0 -5 6 40
3628 盈正|其他電子|-25 -21 -33|66 66 -31 1|0.6 6|2 -3 0 -9 -2
3630 新鉅科|光電業|-33 -25 6|50 65 -23 -33|0.9 10|36 7 0 -14 2
3645 達邁|電子零組|16 12 2|69 69 -29 1|1.4 299|17 1 0 -17 4
3653 健策|電子零組|24 29 -7|71 74 -25 -22|1.4 459|12 1 5 -0 26
3661 世芯-KY|半導體業|9 -6 -24|51 52 -42 -36|1.1 3246|58 3 -4 3 11
3663 鑫科|其他電子|63 15 -1|55 78 -17 -19|1.4 49|1 0 0 11 34
3665 貿聯-KY|其他電子|101 96 42|85 85 -3 14|0.8 398|50 4 6 -9 1
3666 光耀|光電業|-28 -35 -11|57 72 -5 -23|0.8 8|4 -3 0 -21 6
3669 圓展|通信網路|3 -19 10|50 55 -33 -40|0.2 12|1 0 0 -18 -4
3673 TPK-KY|光電業|-10 -9 7|70 74 -10 -25|1.3 31|34 6 0 -7 -8
3675 德微|半導體業|12 13 -22|60 60 -37 -21|1.5 645|58 3 -7 28 0
3679 新至陞|電子零組|-19 -33 -4|60 83 -12 -13|0.9 6|12 -2 0 -19 -1
3680 家登|半導體業|36 77 25|59 59 -21 -37|0.8 80|9 -12 3 6 -10
3686 達能|半導體業|-79 -86 -169|55 69 -27 -19|0.8 6|1 1 0 na na
3687 歐買尬|數位雲端|4 12 -12|51 51 -27 -42|0.8 105|4 0 -0 -6 -17
3689 湧德|電子零組|14 19 -1|72 73 -24 -21|0.9 22|4 1 0 -12 3
3691 碩禾|光電業|-15 -20 3|62 67 -23 -29|2.2 35|7 1 1 2 11
3701 大眾控|電腦及週|35 31 -1|45 51 -42 -48|0.7 63|3 -0 0 -5 15
3702 大聯大|電子通路|1 5 -14|92 92 -5 3|0.6 378|28 -4 16 -25 19
3703 欣陸|建材營造|54 50 18|86 86 2 7|0.7 54|26 -3 0 -34 23
3704 合勤控|通信網路|3 -7 -7|65 67 -22 -31|0.7 40|8 4 0 -11 -11
3705 永信|生技醫療|6 9 6|94 94 -1 -2|1.1 10|11 -14 0 -30 -15
3706 神達|電腦及週|35 6 10|81 81 -7 -17|0.9 53|12 2 0 1 -16
3707 漢磊|半導體業|32 31 -1|61 69 -22 -30|1.3 1373|11 1 2 -15 3
3708 上緯投控|綠能環保|6 -8 4|79 79 4 24|1.1 896|12 0 2 -15 22
3710 連展投控|電子零組|-1 -7 4|70 70 -11 25|1.5 44|2 -2 0 -1 na
3711 日月光投控|半導體業|27 23 3|63 73 -21 -24|2.6 1343|72 -19 -1 15 33
3712 永崴投控|電腦及週|75 70 -1|76 86 -2 -8|0.9 16|2 7 0 -8 -12
3714 富采|光電業|-19 -1 na|48 48 -30 -36|0.8 300|14 -4 -3 -17 -10
4102 永日|生技醫療|-11 -12 -12|62 62 -17 -16|0.2 5|4 3 0 -56 -21
4104 佳醫|生技醫療|3 5 3|95 95 -4 15|1.0 14|8 -1 0 -22 -1
4105 東洋|生技醫療|10 10 -1|86 92 2 4|1.0 44|16 17 1 -6 9
4106 雃博|生技醫療|2 2 -9|55 55 -16 -20|0.2 16|2 -4 0 -26 3
4107 邦特|生技醫療|7 9 13|91 92 -5 -7|1.7 15|30 -6 0 39 -2
4114 健喬|生技醫療|45 35 16|90 90 21 34|4.8 193|7 4 0 142 170
4116 明基醫|生技醫療|137 122 74|82 82 122 133|1.2 1340|3 0 0 -6 0
4119 旭富|生技醫療|7 11 58|87 87 -2 -3|1.0 9|2 -2 -0 -7 -7
4121 優盛|生技醫療|18 19 13|61 61 -9 -8|0.1 23|4 -6 0 -28 -12
4123 晟德|生技醫療|72 40 48|87 88 -8 -5|1.5 67|7 9 0 -8 -18
4127 天良|生技醫療|4 7 -43|77 77 3 -1|0.5 20|1 -1 0 na na
4128 中天|生技醫療|-18 12 -3|77 79 -11 -21|3.0 338|5 -4 1 1 18
4130 健亞|生技醫療|-3 3 -3|81 81 1 1|0.6 14|2 8 0 2 -8
4133 亞諾法|生技醫療|-22 -2 6|46 46 -30 -10|0.4 105|19 -2 0 3 13
4137 麗豐-KY|生技醫療|-47 -40 -41|74 83 -6 -18|0.8 14|66 -24 0 -9 -7
4142 國光生|生技醫療|18 330 -220|67 81 -10 -17|2.0 113|7 -5 1 9 9
4147 中裕|生技醫療|-40 -7 -544|72 80 -10 -17|1.5 56|7 6 0 7 -7
4148 全宇生技-KY|生技醫療|59 75 40|48 48 -35 13|0.1 16|75 9 0 -29 -2
4157 太景*-KY|生技醫療|104 10 -3955|73 81 -8 4|1.9 73|4 4 0 27 -19
4162 智擎|生技醫療|24 30 -61|89 89 5 37|2.0 578|7 -0 2 19 30
4163 鐿鈦|生技醫療|22 11 5|94 94 4 -1|0.8 8|3 2 0 50 2
4164 承業醫|生技醫療|98 54 41|75 75 -20 -1|0.5 18|26 -20 -0 -13 -17
4167 松瑞藥|生技醫療|-35 -17 1|63 74 -7 -13|0.6 10|10 3 0 11 -4
4168 醣聯|生技醫療|118 na na|75 79 -15 -15|2.3 10|6 3 0 8 -23
4171 瑞基|農業科技|98 39 12|48 48 -21 -1|0.2 207|23 -5 0 -9 2
4174 浩鼎|生技醫療|-83 -31 na|68 68 -21 -20|1.2 146|12 1 0 -17 12
4175 杏一|生技醫療|28 23 11|71 71 0 -0|0.1 13|1 3 1 -15 3
4207 環泰|食品工業|24 20 4|76 76 -7 0|0.2 9|1 5 0 -28 -1
4303 信立|塑膠工業|5 -5 -11|59 67 -15 -24|0.2 16|2 3 0 -22 19
4306 炎洲|塑膠工業|-5 -6 -15|80 89 -8 -6|0.7 13|5 1 0 -3 -8
4402 郡都開發|紡織纖維|-15 29 -27|88 88 63 67|1.6 20|3 3 0 na na
4426 利勤|紡織纖維|83 77 89|88 88 18 15|2.7 35|6 0 0 72 40
4503 金雨|電機機械|29 24 18|87 87 49 28|1.8 261|1 0 0 116 4
4529 淳紳|其他|56 72 99|61 61 -17 -16|1.0 5|17 1 0 -1 6
4532 瑞智|電機機械|-9 -13 -14|81 86 -7 -14|1.1 5|11 6 0 -8 -21
4536 拓凱|運動休閒|37 22 5|83 84 -5 -15|0.8 10|15 6 -1 -1 -7
4540 全球傳動|電機機械|23 13 -9|75 85 -4 -12|1.0 7|3 -1 0 23 16
4541 晟田|其他|23 46 -5|88 88 11 5|0.9 20|1 -0 0 230 16
4543 萬在|電機機械|8 1 -11|81 81 14 9|0.5 46|6 -0 0 39 49
4551 智伸科|汽車工業|-6 -2 -7|77 82 2 -17|1.5 201|52 -1 10 -30 25
4564 元翎|電機機械|-36 -20 -29|51 66 -23 -33|1.4 6|2 8 0 -15 -8
4566 時碩工業|電機機械|-3 6 -9|84 84 3 -7|0.4 5|1 1 0 -3 -0
4572 駐龍|電機機械|76 67 2|90 90 24 24|1.7 98|2 2 1 26 70
4576 大銀微系統|電機機械|13 14 -16|67 76 -15 -21|1.1 8|1 0 0 -35 8
4702 中美實|居家生活|30 -4 -13|59 59 -38 -11|0.5 10|49 -4 0 -4 9
4707 磐亞|化學工業|147 62 31|93 93 -7 -0|0.5 5|1 2 0 -5 14
4714 永捷|化學工業|48 62 -104|80 84 -10 -15|0.7 6|1 -10 0 -8 -43
4721 美琪瑪|化學工業|84 85 -47|67 75 -21 -23|0.8 385|2 -0 0 -12 22
4722 國精化|化學工業|16 11 -14|79 79 -11 -14|1.1 5|4 -28 0 -4 -17
4726 永昕|生技醫療|49 59 41|78 78 -8 2|3.5 15|1 1 0 na na
4736 泰博|生技醫療|171 159 95|62 62 -16 3|0.3 347|13 1 0 -17 3
4739 康普|化學工業|66 54 10|72 75 -23 -15|0.7 475|2 -1 4 -13 13
4743 合一|生技醫療|142 181 -1464|52 59 -20 -41|2.0 1459|8 -6 1 na -15
4746 台耀|生技醫療|-5 9 7|58 69 -17 -22|0.5 37|2 4 0 -4 14
4755 三福化|化學工業|60 66 16|65 65 -25 -10|0.4 809|33 -4 -2 -19 -18
4763 材料*-KY|化學工業|60 52 31|90 90 8 2|1.3 38|68 13 0 6 9
4766 南寶|化學工業|33 23 7|88 91 0 -6|0.6 7|15 -2 0 1 -0
4770 上品|化學工業|65 65 na|na 80 -7 -7|0.7 101|8 10 -0 na -11
4804 大略-KY|觀光餐旅|-26 -3 -5|48 48 -28 36|0.3 31|10 -3 0 -25 16
4904 遠傳|通信網路|8 8 0|100 100 16 33|0.9 332|25 7 12 35 -1
4906 正文|通信網路|-3 -12 -10|80 80 -20 -13|0.8 161|9 4 3 -11 -27
4908 前鼎|通信網路|36 29 -4|80 80 -10 0|1.2 57|5 -1 0 133 173
4911 德英|生技醫療|160 56 31|85 85 91 82|1.9 10|0 0 0 na na
4912 聯德控股-KY|電子零組|60 8 9|53 53 -45 -40|0.3 23|30 -2 0 16 29
4915 致伸|電子零組|34 20 14|96 96 15 11|1.2 473|58 23 -1 -11 21
4916 事欣科|電腦及週|-32 -7 -16|53 62 -29 -36|0.5 6|2 -6 0 -12 -0
4919 新唐|半導體業|7 3 -56|63 63 -32 -15|0.8 2167|9 2 -3 -7 12
4923 力士|半導體業|17 17 na|na na -19 na|0.9 14|3 -6 0 na na
4927 泰鼎-KY|電子零組|26 19 -7|48 48 -36 -48|0.6 153|18 -1 -2 -32 8
4930 燦星網|電器電纜|-29 -27 -11|63 63 -26 -24|0.5 5|5 -2 0 -2 31
4931 新盛力|電腦及週|150 131 79|76 76 34 63|0.5 671|23 0 0 -16 46
4934 太極|光電業|45 -1 24|76 77 8 -20|3.3 96|1 1 0 na na
4935 茂林-KY|光電業|-28 -31 -11|60 67 -14 -31|0.6 9|26 12 0 -17 -8
4938 和碩|電腦及週|4 9 1|84 84 -14 -11|2.1 362|31 -8 -3 -15 12
4942 嘉彰|光電業|-8 1 -11|73 74 -21 -24|1.0 7|14 -3 -0 -10 11
4945 陞達科技|半導體業|84 36 -4|60 60 -28 -23|0.4 7|4 -10 0 -10 0
4946 辣椒|文化創意|557 772 568|70 70 -27 10|0.4 8|19 0 0 na na
4950 金耘國際|鋼鐵工業|-31 15 -770|93 93 0 40|1.3 14|4 -4 0 na na
4952 凌通|半導體業|9 20 0|69 71 -22 -12|0.5 105|6 -1 0 -27 4
4953 緯致|資訊服務|34 35 7|73 73 -24 -16|0.8 10|10 -8 -6 -9 3
4958 臻鼎-KY|電子零組|16 23 5|83 83 -6 -1|1.2 527|65 1 5 -12 -14
4961 天鈺|半導體業|-9 18 -59|39 45 -37 -54|1.1 404|7 -3 -0 -18 9
4966 譜瑞-KY|半導體業|31 28 1|51 51 -34 -48|1.0 587|71 -6 -1 9 1
4967 十銓|半導體業|-18 -12 -4|34 53 -29 -45|0.8 14|2 -8 0 -12 31
4968 立積|半導體業|-49 -48 -6|39 52 -20 -48|0.5 351|32 -2 -1 -18 2
4971 IET-KY|半導體業|37 45 13|76 78 -13 -5|0.6 14|16 -6 0 -4 10
4974 亞泰|電子零組|9 9 10|86 92 -3 1|0.6 11|7 -3 0 -17 7
4976 佳凌|光電業|-25 -34 -11|37 53 -32 -46|1.0 35|1 -2 0 -17 -7
4979 華星光|通信網路|-1 17 29|100 100 28 18|5.5 5|4 2 8 -33 -5
4994 傳奇|資訊服務|-25 -31 -14|62 64 -18 -28|0.2 6|1 5 -0 -9 -7
5009 榮剛|鋼鐵工業|51 59 12|73 73 -7 17|0.2 186|17 13 -2 -7 -40
5011 久陽|鋼鐵工業|4 42 -31|60 60 -36 -27|0.4 24|3 5 0 -14 3
5014 建錩|鋼鐵工業|30 18 -7|55 66 -24 -25|0.3 19|2 -6 0 -10 3
5210 寶碩|資訊服務|56 59 -172|68 68 -13 13|0.3 17|0 -0 0 na na
5213 亞昕|建材營造|157 490 424|90 90 -8 -1|2.0 6|1 -2 0 -64 9
5222 全訊|半導體業|4 -11 na|na 58 -22 -41|0.8 50|4 -1 1 66 49
5227 立凱-KY|電子零組|-15 130 -21|68 69 -18 -32|1.1 71|18 1 0 na na
5234 達興材料|光電業|5 7 -2|53 53 -28 -40|1.6 17|10 -10 -1 -41 -10
5236 凌陽創新|半導體業|-34 -20 na|na 62 -29 -37|1.4 15|1 -7 0 -22 27
5243 乙盛-KY|光電業|31 8 -1|81 87 -1 -11|1.5 112|55 8 1 -5 -24
5245 智晶|光電業|16 6 1|55 62 -23 -34|4.2 19|13 -5 0 4 9
5258 虹堡|電腦及週|62 50 -3|79 79 32 36|2.2 386|11 -3 1 11 -58
5263 智崴|文化創意|22 -2 10|65 84 -11 -15|1.2 7|13 14 0 -4 -14
5269 祥碩|半導體業|-7 -5 11|44 52 -45 -44|1.0 816|21 -3 2 1 39
5272 笙科|半導體業|14 20 -9|73 73 -9 -11|0.5 72|6 -1 0 -13 19
5274 信驊|半導體業|53 60 16|54 54 -42 -44|1.1 977|55 -7 4 -4 23
5283 禾聯碩|電器電纜|-20 20 9|82 82 -14 -12|1.2 8|1 -3 0 -17 7
5285 界霖|半導體業|9 4 -26|65 81 -13 -16|1.1 67|3 -0 2 -6 12
5288 豐祥-KY|電機機械|37 36 9|91 91 6 10|1.4 21|66 13 2 10 -24
5289 宜鼎|電腦及週|-3 10 -41|66 72 -28 -20|0.8 37|34 -21 -6 -4 55
5291 邑昇|電子零組|-15 3 -20|69 80 -12 -4|0.3 5|2 -6 0 -3 -3
5299 杰力|半導體業|14 15 -18|53 61 -27 -31|1.0 72|3 -5 0 -11 43
5306 桂盟|運動休閒|-2 -4 -13|55 64 -15 -32|1.2 24|21 -17 18 -16 4
5309 系統電|電子零組|37 48 -22|82 82 -4 -4|0.7 419|1 -2 1 na na
5321 美而快|數位雲端|47 20 -2|58 58 -41 -20|1.3 63|2 -0 0 -24 50
5347 世界|半導體業|56 46 2|42 46 -38 -54|1.2 458|30 -15 -1 -17 14
5351 鈺創|半導體業|9 25 -53|49 54 -38 -45|1.1 551|7 -2 -0 -21 33
5353 台林|通信網路|34 45 10|84 84 13 3|2.3 60|0 0 0 228 2
5371 中光電|光電業|17 6 -13|51 51 -32 -45|3.4 77|21 -30 0 5 39
5388 中磊|通信網路|47 46 19|87 87 -3 12|0.9 291|35 4 6 -8 6
5425 台半|半導體業|24 21 -6|67 72 -26 -18|1.3 1323|10 -1 0 -30 17
5426 振發|電腦及週|31 15 -3|75 83 -4 -15|0.7 8|0 -0 0 45 24
5434 崇越|電子通路|46 29 2|78 78 -19 -10|1.6 82|31 -8 -2 -25 -3
5439 高技|電子零組|-19 -9 -31|58 67 -25 -32|0.9 13|2 -10 -7 -17 16
5443 均豪|半導體業|-40 -20 -24|50 69 -26 -30|1.3 5|3 -1 0 -18 0
5457 宣德|電子零組|27 32 3|55 60 -15 -39|0.6 43|38 -5 1 -4 11
5464 霖宏|電子零組|18 -12 -59|56 76 2 -9|1.5 30|0 -0 0 64 11
5468 凱鈺|半導體業|62 62 26|65 65 -8 29|0.7 20|0 0 0 na na
5469 瀚宇博|電子零組|-11 -12 -21|64 66 -28 -34|0.8 25|11 -2 -12 -9 2
5471 松翰|半導體業|-36 -31 -18|57 64 -31 -34|1.2 30|11 -5 0 -17 -5
5474 聰泰|電腦及週|-45 -13 25|48 57 -27 -36|0.2 5|3 -3 0 -11 -5
5475 德宏|電子零組|-70 -71 -175|28 40 -29 -59|2.0 28|1 -12 0 na na
5478 智冠|文化創意|-12 -13 -3|74 82 -11 -14|0.6 7|30 -12 0 -4 -10
5483 中美晶|半導體業|28 15 -1|57 57 -19 -40|0.9 795|24 4 -11 -4 12
5508 永信建|建材營造|-47 -19 -56|85 85 -9 6|1.8 15|1 -10 0 -6 26
5519 隆大|建材營造|190 19 -60|85 85 -13 0|1.1 7|3 -26 0 -18 18
5522 遠雄|建材營造|-12 1 -50|95 96 -4 7|0.8 52|8 -10 -11 -60 -7
5530 龍巖|其他|47 24 23|82 82 -10 -7|0.3 27|57 18 0 -19 -3
5533 皇鼎|建材營造|-39 823 497|83 83 -11 -6|1.2 24|4 -2 0 -18 176
5534 長虹|建材營造|92 448 263|94 94 -1 0|0.7 12|12 6 -17 33 -15
5536 聖暉*|其他電子|19 30 -18|76 76 -10 -10|2.2 32|15 -47 2 -44 -3
5603 陸海|航運業|12 23 5|63 63 -35 12|0.5 23|13 -13 0 -27 13
5607 遠雄港|航運業|44 47 4|65 65 -14 -29|0.8 21|4 -16 0 -16 -0
5608 四維航|航運業|43 74 -44|44 60 -32 -36|0.5 246|5 -0 0 -25 9
5609 中菲行|航運業|36 57 -22|59 68 -30 -29|0.7 123|18 -10 -1 -27 95
5704 老爺知|觀光餐旅|13 5 25|79 79 3 3|0.9 18|0 0 0 136 5
5706 鳳凰|觀光餐旅|-24 -8 -10|74 74 -14 35|0.3 270|3 -1 0 -27 -21
5820 日盛金|金融業|-10 -14 -28|98 98 -2 -1|1.2 8|26 14 0 6 -22
5871 中租-KY|其他|20 21 0|73 75 -22 -23|1.5 826|75 -12 2 -16 47
5876 上海商銀|金融保險|15 11 8|95 95 2 10|1.1 325|58 7 23 23 6
5880 合庫金|金融保險|-1 -11 -7|86 86 -14 5|0.6 286|18 -3 -0 3 -14
5904 寶雅|居家生活|4 4 7|60 76 -13 -23|3.1 90|28 -27 7 -3 44
5905 南仁湖|觀光餐旅|-17 -7 19|62 76 -15 -17|0.7 6|2 -1 0 -10 -32
6005 群益證|金融保險|-9 -36 -26|79 79 -17 -19|0.9 35|17 -4 -9 -14 -2
6015 宏遠證|金融業|-86 -81 279|48 66 -21 -31|0.6 13|2 -3 0 -24 6
6016 康和證|金融業|2404 773 556|75 79 -21 -19|1.0 12|2 -5 0 -12 -10
6026 福邦證|金融業|-34 -97 -332|65 65 -26 -29|0.5 18|1 -8 0 -7 18
6104 創惟|半導體業|23 43 -15|45 45 -53 -28|1.0 2413|20 1 -1 -18 29
6109 亞元|通信網路|-2 11 -3|90 93 30 9|2.8 10|1 -3 0 -49 na
6111 光聚晶電|文化創意|317 252 132|67 67 -21 -25|0.9 70|19 -1 0 -4 -1
6113 亞矽|電子通路|6 30 5|71 71 53 38|0.6 105|1 0 0 -18 860
6114 久威|電子零組|38 -2 -1|72 72 6 -1|1.9 42|1 0 0 8 16
6118 建達|電子通路|5 8 -6|57 57 -12 -40|5.1 29|2 -0 0 50 39
6121 新普|電腦及週|-1 0 0|69 71 -21 -26|1.5 91|46 -10 -0 -43 3
6122 擎邦|電機機械|-4 30 -38|79 79 -16 27|0.1 18|2 -3 0 -3 -2
6125 廣運|電機機械|46 23 24|92 92 11 1|3.6 110|13 23 0 -10 -32
6126 信音|電子零組|-8 -8 -4|60 60 -24 -36|1.2 10|3 -2 0 -3 28
6128 上福|電腦及週|37 32 9|95 95 4 6|1.2 6|3 5 0 3 -25
6129 普誠|半導體業|20 30 -9|70 76 -17 -19|1.7 117|1 -1 0 -8 58
6133 金橋|電子零組|46 41 19|86 86 16 1|2.4 261|3 0 0 143 31
6134 萬旭|電子零組|-25 -33 -13|67 67 -15 -26|0.9 21|24 5 0 -28 14
6138 茂達|半導體業|37 33 7|49 49 -44 -50|0.8 288|19 -1 -9 -23 57
6139 亞翔|其他電子|37 54 -21|85 85 -10 -6|0.7 24|18 7 -0 4 13
6143 振曜|通信網路|2 -11 -6|87 87 7 -2|7.6 61|5 1 7 43 13
6146 耕興|其他電子|28 23 2|78 86 -0 -13|1.5 42|48 -35 3 307 -4
6147 頎邦|半導體業|-4 1 -11|71 79 -16 -14|1.4 188|22 -9 -11 -18 12
6150 撼訊|電腦及週|-57 -38 -117|35 38 -53 -61|0.7 66|11 -3 0 -23 15
6151 晉倫|其他電子|-40 -38 -44|65 73 -24 -25|0.7 5|0 -1 0 -11 -28
6153 嘉聯益|電子零組|-12 -18 3|65 76 -9 -20|0.6 40|9 15 0 -7 -32
6155 鈞寶|電子零組|1 6 -17|67 78 -13 -15|0.7 6|2 -1 0 -16 -47
6161 捷波|電腦及週|-10 17 -24|69 69 -26 -11|1.0 12|4 -24 0 -17 18
6164 華興|光電業|3 14 -9|59 66 -12 -32|0.6 7|1 -2 0 -2 14
6167 久正|光電業|35 34 -11|66 68 -15 -33|0.6 14|4 0 0 na na
6168 宏齊|光電業|-10 -4 -15|54 67 -22 -32|1.0 8|3 -1 -0 -19 -2
6170 統振|通信網路|57 11 17|48 58 -22 -41|0.8 13|2 -3 0 -3 37
6173 信昌電|電子零組|-26 -20 -18|49 58 -32 -38|1.3 11|2 -5 0 -10 11
6174 安碁|電子零組|26 45 -9|72 72 -11 -19|0.2 9|5 -8 0 -11 77
6175 立敦|電子零組|-2 5 -16|54 61 -32 -37|0.7 13|17 -5 0 -19 18
6176 瑞儀|光電業|-25 -18 -6|75 84 -12 -10|1.4 175|31 2 -3 -23 33
6177 達麗|建材營造|-84 26525 16327|91 92 -6 -1|0.6 9|4 1 0 -10 0
6180 橘子|文化創意|8 4 -11|86 86 -10 -9|0.7 69|26 -4 0 -15 21
6182 合晶|半導體業|22 23 -15|51 53 -35 -46|0.5 377|14 -2 -4 -11 4
6187 萬潤|半導體業|-4 -2 -34|47 51 -45 -36|0.7 100|3 3 -15 -23 -13
6188 廣明|電腦及週|8 -10 -12|73 74 -16 -27|0.8 21|6 -15 0 -10 7
6189 豐藝|電子通路|6 2 -10|88 88 -10 -3|1.1 13|7 -7 0 36 5
6190 萬泰科|通信網路|34 38 -14|74 74 -17 -22|0.4 100|2 -0 0 -10 45
6191 精成科|電子零組|-13 -14 -18|64 68 -20 -32|0.6 80|6 -2 -0 -11 16
6196 帆宣|其他電子|33 35 -9|58 58 -30 -34|0.9 63|6 -8 -0 -21 -10
6197 佳必琪|電子零組|35 12 3|72 72 -16 -14|0.8 8|8 -13 0 -8 11
6202 盛群|半導體業|-3 4 -22|56 64 -32 -26|1.1 91|17 -7 4 -19 9
6203 海韻電|電子零組|-54 -52 -36|45 59 -15 -40|0.4 6|2 -3 0 -14 3
6205 詮欣|電子零組|-1 24 -7|64 64 -28 -23|0.5 83|3 2 -1 -20 -2
6206 飛捷|電腦及週|52 46 1|95 95 22 12|6.3 97|15 5 4 17 4
6208 日揚|半導體業|10 23 -1|74 74 -23 -19|0.6 6|2 -5 0 -12 -4
6209 今國光|光電業|13 15 2|68 70 -16 -28|0.7 17|2 4 0 -5 -6
6213 聯茂|電子零組|-8 -3 -25|44 51 -40 -47|1.9 138|10 15 -1 -20 -21
6214 精誠|資訊服務|10 4 -16|86 88 -7 -11|0.8 17|11 -20 -0 -12 -7
6215 和椿|其他電子|14 2 -21|56 72 -19 -27|0.9 12|6 -2 0 -9 -22
6216 居易|通信網路|53 56 29|91 91 4 7|0.8 36|4 5 0 -14 20
6217 中探針|電子零組|63 38 13|79 79 -10 5|1.1 608|7 -0 1 -24 16
6219 富旺|建材營造|0 -29 -7|55 62 -30 -31|1.4 10|2 2 0 -4 -10
6220 岳豐|電子零組|-5 -1 -8|88 91 4 -0|0.7 7|2 1 0 10 -0
6223 旺矽|半導體業|13 28 10|47 65 -23 -32|0.9 136|4 -2 -8 -15 14
6224 聚鼎|電子零組|-11 16 -45|35 52 -36 -47|1.0 15|9 -5 0 -22 12
6226 光鼎|光電業|-15 16 4|59 70 -12 -31|1.9 47|1 -0 0 47 26
6227 茂綸|電子通路|19 -5 -20|81 86 -12 -8|0.8 11|3 -5 0 21 35
6231 系微|資訊服務|20 15 -11|60 60 -36 -15|0.4 17|17 -4 -2 -22 4
6233 旺玖|半導體業|18 5 -3|43 61 -24 -40|0.9 32|2 -4 0 -9 44
6235 華孚|電腦及週|34 49 10|87 87 9 19|1.6 1430|3 -1 0 20 28
6237 驊訊|半導體業|-44 -43 -54|30 46 -41 -54|3.3 48|1 -6 0 -5 23
6239 力成|半導體業|14 11 -4|76 88 -8 -12|1.2 167|45 -14 7 -21 15
6241 鑫永洋|通信網路|948 856 403|44 44 -45 -15|0.4 17|3 5 0 na na
6242 立康|生技醫療|182 63 67|64 64 24 27|0.4 7|1 2 0 na na
6243 迅杰|半導體業|22 -8 -24|48 54 -32 -47|0.6 12|1 -2 0 -11 -18
6244 茂迪|光電業|-25 -21 -59|75 77 -18 -21|1.5 44|15 2 0 na 16
6245 立端|通信網路|82 35 26|89 89 10 14|5.2 199|13 -0 5 61 134
6251 定穎|電子零組|15 15 -11|90 90 -6 2|1.0 128|17 3 3 -27 -19
6257 矽格|半導體業|24 30 -2|74 82 -13 -13|1.5 204|20 -9 0 -2 28
6259 百徽|電子零組|276 236 76|57 57 -26 -10|1.8 6|45 -0 0 na na
6261 久元|半導體業|-8 -5 -39|63 71 -22 -25|1.5 16|3 -7 0 -20 7
6265 方土昶|電子通路|-41 -5 -52|52 58 -20 -43|0.2 16|4 3 0 -20 7
6266 泰詠|電子零組|16 16 -7|55 55 -13 -26|0.4 20|2 -6 0 -12 37
6269 台郡|電子零組|15 11 -4|63 83 -14 -17|0.8 83|19 -5 -0 -11 -2
6271 同欣電|半導體業|0 5 -12|58 63 -33 -37|1.3 369|40 -6 -8 -21 0
6274 台燿|電子零組|-8 -5 -23|48 57 -31 -44|1.1 107|34 -15 -5 -17 -7
6275 元山|電子零組|17 1 -10|71 72 -21 -29|0.7 20|1 -2 0 -4 4
6278 台表科|光電業|-6 7 -44|58 58 -31 -32|2.3 209|14 0 -4 -20 -3
6279 胡連|電子零組|12 12 -10|86 88 2 -11|1.4 196|12 4 4 -20 -18
6282 康舒|電子零組|29 25 9|73 78 -18 -21|1.6 106|10 7 0 -6 -8
6283 淳安|其他電子|-30 -33 -29|43 61 -26 -37|0.8 9|18 4 0 -6 -5
6284 佳邦|電子零組|-5 -3 -10|56 57 -29 -36|0.8 21|1 -5 0 -11 13
6285 啟碁|通信網路|32 18 6|80 82 -11 -17|0.7 144|12 18 4 -22 -15
6288 聯嘉|汽車工業|10 -1 12|74 74 -12 -16|0.7 8|1 13 0 -12 -24
6290 良維|電子零組|2 -5 -16|64 85 -4 -4|0.5 97|4 -3 0 -12 -1
6409 旭隼|其他電子|57 43 12|78 88 -5 -9|0.7 282|68 -0 1 -67 3
6411 晶焱|半導體業|7 7 -6|37 44 -39 -55|0.5 149|13 -3 -0 -13 3
6412 群電|電子零組|9 5 -2|86 86 -8 -5|0.7 17|14 -3 14 2 -13
6414 樺漢|電腦及週|3 8 -5|74 74 1 -9|2.0 182|16 -0 4 5 -12
6415 矽力*-KY|半導體業|32 35 -16|42 44 -30 -55|0.8 1965|92 2 -4 39 -100
6416 瑞祺電通|通信網路|-7 7 18|65 71 -13 -21|1.3 5|1 11 0 -2 -23
6435 大中|半導體業|50 38 14|71 71 -23 -20|1.4 161|6 1 -1 3 6
6438 迅得|其他電子|22 17 -22|67 67 -28 -20|1.1 78|14 -5 -23 -5 37
6443 元晶|光電業|10 44 -11|63 63 -27 -25|0.6 591|15 -0 -3 -12 -4
6446 藥華藥|生技醫療|981 787 570|92 92 55 62|1.7 1351|7 3 7 na na
6451 訊芯-KY|半導體業|6 -5 15|58 73 -17 -26|0.8 10|62 8 0 -4 -6
6456 GIS-KY|光電業|-31 -11 -12|60 73 -22 -25|0.9 54|55 -12 -5 -9 17
6457 紘康|半導體業|-35 -33 -32|33 39 -46 -61|0.5 30|2 -8 0 -10 26
6461 益得|生技醫療|174 29 -169|90 90 40 37|3.5 305|2 1 0 66 36
6462 神盾|半導體業|5 6 33|55 71 -29 -26|0.5 23|10 -1 0 -12 -23
6469 大樹|生技醫療|36 43 10|83 83 7 29|0.6 401|7 3 1 -5 -28
6470 宇智|通信網路|93 77 72|82 82 39 43|0.7 384|8 0 0 -35 15
6472 保瑞|生技醫療|18 1 -89|92 92 37 32|5.0 966|8 1 3 111 11
6477 安集|光電業|91 199 64|80 80 -16 11|2.6 160|2 -0 1 -8 -5
6485 點序|半導體業|5 29 -57|41 50 -46 -49|0.9 72|9 4 -0 -29 23
6488 環球晶|半導體業|26 11 -1|48 49 -34 -49|1.5 1417|26 -2 -3 2 14
6491 晶碩|生技醫療|-3 6 -21|66 83 -14 8|0.8 138|14 -2 7 4 13
6492 生華科|生技醫療|66 66 47|32 57 -20 -39|0.5 28|5 -1 0 na na
6494 九齊|半導體業|-13 -1 -66|50 53 -42 -44|0.9 27|10 -2 0 -9 29
6499 益安|生技醫療|-63 8 -362|69 73 -14 -27|1.9 15|13 0 0 11 1
6505 台塑化|油電燃氣|62 50 -11|84 95 1 -0|1.1 321|7 9 1 -29 -21
6506 雙邦|紡織纖維|20 21 -18|86 88 -3 3|0.7 5|2 -9 0 -21 7
6508 惠光|農業科技|33 26 -10|56 56 -24 9|0.1 44|2 1 0 -31 17
6509 聚和|化學工業|24 17 -10|45 53 -37 -46|0.8 86|4 -3 0 -15 16
6510 精測|半導體業|16 3 -3|49 53 -33 -44|0.9 46|10 3 0 -19 -21
6514 芮特-KY|通信網路|-2 -33 -27|66 73 -23 -26|0.4 20|55 2 0 -18 -19
6515 穎崴|半導體業|25 24 -3|72 72 -18 -19|0.7 227|10 6 -1 -11 18
6523 達爾膚|生技醫療|-18 -20 -39|58 79 -11 -15|2.0 6|3 -1 0 4 -19
6525 捷敏-KY|半導體業|25 12 -10|66 82 -11 -17|1.5 23|14 1 -1 -10 -0
6531 愛普*|半導體業|-4 -3 -74|25 39 -38 -61|1.0 882|15 1 0 -20 -1
6533 晶心科|半導體業|-16 38 -23|38 44 -42 -55|0.9 236|25 6 -0 -18 -11
6535 順藥|生技醫療|186 101 -772|84 84 1 -10|0.6 9|1 10 0 na -24
6538 倉和|電子零組|25 23 37|55 63 -18 -28|0.5 20|4 -1 -5 -15 4
6541 泰福-KY|生技醫療|na na na|81 86 12 3|2.0 286|32 6 0 na na
6547 高端疫苗|生技醫療|na na na|53 65 -25 -33|1.3 345|5 -2 0 na -7
6548 長科*|半導體業|26 26 -8|65 68 -26 -28|0.8 34|6 -10 -10 -17 -12
6561 是方|通信網路|13 11 3|92 92 2 2|0.5 10|13 11 3 -32 0
6568 宏觀|半導體業|24 13 22|32 33 -35 -66|0.9 81|6 1 1 na 0
6576 逸達|生技醫療|-60 58755 na|87 88 1 -3|1.9 257|32 3 0 na na
6578 達邦蛋白|農業科技|-27 18 34|63 63 -2 -3|0.2 12|1 2 0 -10 -33
6581 鋼聯|綠能環保|82 93 59|68 68 -9 2|0.3 12|2 -6 1 -4 19
6582 申豐|橡膠工業|-83 -81 -67|26 48 -37 -51|0.5 12|17 -12 0 -25 21
6589 台康生技|生技醫療|-17 -11 -98|54 74 -9 -25|0.9 71|5 4 0 na -23
6591 動力-KY|電腦及週|-21 -6 -10|77 77 -15 -14|0.5 13|23 -5 0 -11 -5
6592 和潤企業|其他|20 24 0|77 77 -19 6|0.7 52|28 -13 0 -10 -21
6598 ABC-KY|生技醫療|81 92 33|53 53 -19 -27|0.2 23|33 -2 0 3 25
6603 富強鑫|電機機械|16 19 -0|80 84 -8 -15|0.5 9|1 -8 0 -9 -7
6605 帝寶|汽車工業|4 -1 -6|91 91 18 13|1.3 266|15 5 0 -12 76
6609 瀧澤科|電機機械|1 30 -24|72 72 -5 2|0.5 37|55 0 0 -16 95
6612 奈米醫材|生技醫療|51 39 6|75 75 -19 7|0.4 10|28 -10 0 7 27
6616 特昇-KY|居家生活|-25 9 27|52 52 -20 -18|0.3 5|71 -0 0 na -40
6643 M31|半導體業|50 32 20|48 56 -35 -44|1.1 43|8 -9 1 -14 11
6649 台生材|生技醫療|190 195 -445|75 75 16 2|3.3 15|3 0 0 na na
6664 群翊|電子零組|40 38 13|75 75 -9 2|0.8 18|5 1 0 -57 5
6667 信紘科|其他電子|50 44 -10|64 64 -30 -23|0.8 9|3 -9 -1 -5 -22
6668 中揚光|光電業|46 9 29|51 65 -20 -32|0.9 11|21 -3 0 -3 12
6669 緯穎|電腦及週|23 34 23|60 60 -31 -38|1.2 603|32 -12 2 18 8
6670 復盛應用|運動休閒|32 38 -15|82 84 -8 -3|1.1 22|21 -14 2 -23 -7
6672 騰輝電子-KY|電子零組|-31 -16 -58|39 53 -34 -46|0.7 24|23 -11 0 -19 23
6679 鈺太|半導體業|-10 0 -21|44 44 -46 -45|1.1 80|9 5 -13 -47 -17
6683 雍智科技|半導體業|11 4 -8|48 58 -32 -41|0.9 12|13 -1 0 na 13
6684 安格|半導體業|-14 0 na|na 44 -49 -57|0.7 14|5 -1 0 na -21
6691 洋基工程|其他電子|30 7 na|na na -14 na|1.3 6|0 -1 0 na na
6693 廣閎科|半導體業|33 35 na|na na 9 na|0.5 26|0 -3 0 na 358
6706 惠特|光電業|-5 24 -55|46 46 -38 -45|0.7 133|9 -7 -0 -27 11
6712 長聖|生技醫療|77 86 -302|44 78 -14 -9|0.7 116|3 2 0 106 14
6715 嘉基|電子零組|174 98 65|97 97 35 17|2.1 183|2 1 -1 117 15
6716 應廣|半導體業|24 49 9|46 64 -30 -27|1.8 6|0 -3 -6 na -5
6719 力智|半導體業|35 39 na|na na -32 na|1.2 648|3 -3 3 na 203
6728 上洋|居家生活|21 33 -11|72 72 -28 48|0.6 7|2 -7 0 na 0
6732 昇佳電子|半導體業|-29 -13 -15|34 54 -36 -45|1.5 65|8 9 -4 -4 29
6741 91APP*-KY|數位雲端|15 21 -2|34 49 -19 -48|2.2 28|69 -32 0 2 7
6743 安普新|其他電子|-4 -24 -31|32 45 -48 -52|0.6 8|3 -4 0 -18 2
6756 威鋒電子|半導體業|13 25 -31|41 49 -40 -51|1.2 249|3 -5 0 -9 34
6763 綠界科技*|數位雲端|4 11 na|na na -36 na|0.5 18|7 -5 0 na 79
6768 志強-KY|運動休閒|28 13 17|87 87 3 7|0.9 50|76 4 0 71 -37
6770 力積電|半導體業|43 47 na|na 54 -30 -46|0.8 947|12 -9 6 na 64
6781 AES-KY|電子零組|47 41 -24|47 47 -24 -48|1.0 1011|77 1 1 -27 45
6788 華景電|半導體業|52 33 na|na 55 -20 -42|0.7 69|2 0 0 11 20
6790 永豐實|造紙工業|2 -8 na|na 80 -17 -22|1.4 6|3 0 0 106 22
6792 詠業|通信網路|-12 2 na|na 40 -36 -61|1.1 13|1 -3 0 na na
6803 崑鼎|綠能環保|22 17 8|96 96 1 6|3.1 9|2 6 8 50 -34
6806 森崴能源|綠能環保|215 287 na|na 74 -7 -12|1.4 128|1 1 0 117 31
6829 千附精密|半導體業|-14 8 na|na na -14 na|1.0 6|2 -4 3 na 233
8011 台通|通信網路|-20 7 -23|65 67 -19 -31|0.9 9|2 -5 0 -0 21
8016 矽創|半導體業|-16 1 -46|47 59 -35 -42|1.1 260|27 2 -1 -20 8
8021 尖點|其他電子|-2 6 -14|62 68 -19 -31|0.9 11|9 -17 -0 -16 2
8027 鈦昇|電機機械|50 111 73|77 77 -16 -16|0.7 53|5 -10 0 -5 68
8028 昇陽半導體|半導體業|-4 5 -10|83 83 -2 13|1.7 752|16 -1 2 -20 4
8032 光菱|電子通路|32 10 -9|74 74 -2 -4|1.2 22|0 0 0 65 0
8033 雷虎|其他|-14 -17 -28|85 87 -1 -1|0.9 28|1 -5 0 na na
8038 長園科|電子零組|563 218 160|73 73 -11 -5|1.4 11|3 0 0 na na
8039 台虹|電子零組|-1 5 6|78 92 -3 -8|1.0 9|13 -1 0 -12 -4
8040 九暘|半導體業|-0 1 -45|47 51 -39 -49|1.2 21|2 -5 0 -6 -4
8044 網家|數位雲端|-3 -1 -9|45 53 -25 -46|0.5 44|19 -8 0 -9 -11
8046 南電|電子零組|28 23 -8|40 43 -51 -56|1.4 2058|14 13 -6 -11 -10
8050 廣積|電腦及週|-39 -5 -24|95 95 26 47|6.3 56|8 6 5 107 57
8054 安國|半導體業|7 -7 -2|47 52 -46 -46|0.7 24|2 -2 0 -19 -2
8068 全達|電子通路|77 252 226|55 62 -16 -37|1.5 15|11 1 0 na na
8069 元太|光電業|107 76 35|78 78 -4 14|1.0 5007|39 2 -2 5 -9
8070 長華*|電子通路|28 22 -6|84 84 -11 -10|1.0 43|12 -10 -0 -10 4
8071 能率網通|電子零組|-35 -33 16|70 70 -29 4|0.3 14|1 -2 0 2 77
8076 伍豐|電腦及週|0 5 -14|70 71 -12 -23|0.7 18|3 -3 0 -2 6
8081 致新|半導體業|0 14 -5|55 58 -33 -40|1.4 127|18 -10 -1 -13 43
8084 巨虹|電子通路|-14 4 13|97 97 18 39|1.7 11|0 3 0 na na
8086 宏捷科|半導體業|-48 -50 -51|41 53 -22 -46|0.8 143|7 -10 -1 -10 2
8087 麗升能源|綠能環保|120 326 85|62 62 12 34|0.3 23|2 -2 0 na na
8091 翔名|半導體業|12 29 -10|69 69 -24 -10|0.6 17|6 -16 -2 -23 8
8096 擎亞|電子通路|-40 -6 -13|80 80 -2 -16|1.3 35|22 -1 0 -11 125
8097 常珵|通信網路|2573 1118 499|74 74 44 117|1.4 158|6 -1 0 -2 57
8103 瀚荃|電子零組|11 9 -18|59 59 -27 -35|1.5 9|12 -15 0 -16 -12
8104 錸寶|光電業|43 7 -3|40 40 -40 -51|0.9 36|3 -9 -11 9 29
8110 華東|半導體業|12 25 -27|45 61 -29 -39|1.1 12|2 -10 -0 -7 -4
8111 立碁|光電業|-29 -31 -27|55 55 -36 -42|1.9 13|0 -15 0 -17 6
8112 至上|電子通路|-7 -4 -34|73 73 -23 -18|1.0 68|16 -14 0 -10 9
8114 振樺電|電腦及週|31 43 19|91 91 27 4|2.7 256|10 -2 5 57 217
8121 越峰|電子零組|21 10 -20|47 52 -26 -49|0.8 63|0 -5 0 na 76
8131 福懋科|半導體業|12 8 4|94 94 -5 -0|1.6 11|5 0 0 -23 -32
8150 南茂|半導體業|2 2 -11|64 75 -23 -19|2.3 177|40 -12 -3 -11 75
8155 博智|電子零組|33 35 10|52 52 -41 -32|0.5 147|9 9 -14 7 31
8163 達方|電腦及週|3 9 -7|76 76 -21 -21|0.9 25|11 -16 -1 -28 2
8171 天宇|綠能環保|469 601 167|58 77 -18 -21|0.3 8|1 -0 0 -2 -4
8183 精星|其他電子|70 47 -1|72 72 -16 -16|0.3 223|2 0 -0 -18 9
8210 勤誠|電腦及週|29 -1 -23|69 69 -11 -18|0.6 13|7 -9 0 5 -8
8213 志超|電子零組|-9 6 -10|77 77 -18 -14|1.1 93|22 -27 -0 -14 88
8215 明基材|光電業|-9 -2 -5|66 76 -19 -25|0.6 68|3 -3 1 -11 27
8222 寶一|電機機械|56 27 -15|83 83 27 21|0.9 40|2 0 0 131 33
8255 朋程|電機機械|-1 -5 -18|49 57 -41 -42|1.5 147|6 -4 9 -19 -7
8261 富鼎|半導體業|21 11 -7|72 72 -2 -4|1.2 1325|12 -3 0 -4 84
8271 宇瞻|半導體業|-16 -11 -27|71 73 -19 -20|0.8 11|2 -12 0 -16 13
8279 生展|生技醫療|19 14 -2|90 90 -5 6|1.3 5|4 -2 0 na na
8289 泰藝|電子零組|26 20 -21|74 74 -13 -20|0.5 28|7 -10 0 -22 4
8299 群聯|半導體業|-10 10 -22|50 50 -43 -46|1.1 667|35 -7 -13 -25 4
8341 日友|綠能環保|21 20 2|87 87 -1 2|0.4 18|20 -10 1 -7 -3
8358 金居|電子零組|-11 -6 -42|51 56 -38 -43|1.3 86|9 7 -11 -18 3
8383 千附|半導體業|8 16 -12|86 86 -10 -9|0.4 5|7 -5 0 -19 -0
8390 金益鼎|綠能環保|24 10 2|68 69 -22 -18|0.4 9|1 -1 0 -19 4
8403 盛弘|生技醫療|13 22 24|91 91 10 14|1.4 60|4 2 0 7 30
8409 商之器|生技醫療|-29 816 607|70 70 32 30|0.5 12|1 1 0 na na
8415 大國鋼|鋼鐵工業|41 38 -17|80 83 -11 -9|0.7 34|10 -10 0 -26 28
8420 明揚|運動休閒|41 43 -14|84 84 23 31|0.2 16|2 -1 0 -24 -16
8421 旭源|其他|15 1 -12|86 86 26 22|2.7 90|1 0 0 -35 2733
8422 可寧衛*|綠能環保|112 73 40|71 75 -11 -23|0.8 42|14 -15 -0 -29 8
8431 匯鑽科|其他電子|6 2 -13|68 71 -23 -28|1.2 21|1 -2 -1 7 11
8433 弘帆|居家生活|30 36 4|90 90 14 15|0.5 5|1 5 0 11 2
8436 大江|生技醫療|-14 -25 -20|44 66 -20 -32|1.0 61|31 2 0 -11 -7
8440 綠電|綠能環保|6 11 -7|63 63 -15 118|0.9 166|1 -0 0 -5 -7
8442 威宏-KY|其他|73 61 -1|82 82 -0 21|0.9 5|64 1 0 -21 8
8450 霹靂|文化創意|-14 -16 -10|44 44 -22 -38|4.0 10|1 -3 0 5 0
8454 富邦媒|數位雲端|6 20 -9|37 46 -18 -53|1.1 551|28 -3 -1 -23 17
8462 柏文|運動休閒|75 21 44|84 94 -3 -5|1.2 5|1 18 0 11 -52
8464 億豐|居家生活|0 3 -3|56 67 -18 -32|1.9 191|44 -5 10 -39 29
8467 波力-KY|運動休閒|79 61 -12|92 92 66 56|3.2 19|44 0 0 1514 36
8478 東哥遊艇|運動休閒|0 31 -28|71 71 18 11|1.0 1142|43 -4 -0 75 17
8924 大田|運動休閒|16 21 -40|60 72 -23 -25|0.9 97|3 -5 -8 23 18
8926 台汽電|油電燃氣|-60 -52 -11|95 95 -1 -1|1.4 20|7 5 -0 33 -13
8927 北基|油電燃氣|27 26 0|83 83 -5 6|0.5 15|0 -1 0 -15 33
8928 鉅明|運動休閒|-4 16 -25|74 74 4 15|0.4 29|5 7 0 -27 15
8933 愛地雅|運動休閒|15 27 5|81 81 -13 -16|1.2 8|0 -1 0 na 26
8936 國統|其他|-36 -3 -6|64 73 -25 -23|0.8 6|6 -2 0 -4 7
8938 明安|運動休閒|14 25 1|82 82 -2 5|0.4 72|11 -14 -4 -3 20
8940 新天地|觀光餐旅|-4 5 41|71 71 -2 1|1.4 10|8 0 0 -49 na
8942 森鉅|其他|32 22 -45|82 90 -5 -5|0.9 9|23 -8 0 -9 5
8996 高力|電機機械|20 10 -0|79 79 -14 -7|0.9 171|10 5 -0 5 -13
9802 鈺齊-KY|運動休閒|62 55 9|88 88 24 69|1.4 323|47 8 5 -8 -20
9904 寶成|運動休閒|7 -2 8|74 86 -10 -14|1.0 152|51 -5 0 -11 7
9907 統一實|其他|13 18 -19|83 83 -17 7|1.1 56|16 -18 -0 -4 27
9910 豐泰|運動休閒|36 26 20|71 72 -10 -25|1.4 239|18 6 5 10 -6
9911 櫻花|居家生活|9 10 1|84 91 -6 -8|1.1 15|20 -21 0 -16 5
9914 美利達|運動休閒|31 16 14|71 74 -1 -25|1.4 169|41 -7 18 -12 9
9917 中保科|其他|9 6 3|94 94 -3 3|1.2 29|40 -29 -2 -11 -17
9919 康那香|其他|-51 -29 -5|48 48 -39 -36|0.4 18|4 8 0 -3 -9
9921 巨大|運動休閒|11 1 -5|63 63 -15 -36|1.5 200|52 -15 2 57 4
9927 泰銘|其他|8 25 13|78 83 -17 5|0.5 16|13 -16 0 -10 6
9933 中鼎|其他|33 51 8|91 91 -3 20|1.1 149|21 -5 8 17 -4
9938 百和|其他|10 -17 -22|64 78 -10 -19|1.0 28|30 5 2 -6 -2
9939 宏全|其他|15 8 -2|92 93 -6 6|1.2 72|32 5 13 -14 -4
9940 信義|其他|-11 -9 -31|88 88 -11 -7|0.6 14|6 -10 9 -22 -11
9941 裕融|其他|13 11 1|80 80 -12 17|1.2 123|6 -9 2 47 9
9945 潤泰新|其他|-27 13 -18|88 88 -12 12|0.6 389|14 -0 -0 -15 -21
9955 佳龍|綠能環保|-28 -15 22|55 55 -42 6|0.3 16|3 -4 0 -12 13
9958 世紀鋼|鋼鐵工業|-14 -14 -50|81 81 -5 -1|0.8 344|10 -2 -3 8 13
9962 有益|鋼鐵工業|7 80 2|52 57 -37 -27|0.3 10|1 -15 0 -34 7
