# 2023-02-01 全池(872 檔)。欄位:代碼 名稱|產業|最新月YoY 3月YoY均 加速度|距52週高% 距120日高% 60日漲% 120日漲%|量能比 日均值M|外持% 外20 投20 資20 券20(外資持股比;外資/投信20日淨買佔成交值%;融資/借券餘額20日變化%)
1101 台泥|水泥工業|16 11 5|83 92 19 -6|0.9 537|21 -1 3 -26 -31
1102 亞泥|水泥工業|-11 -13 -15|95 95 14 3|0.8 162|19 8 3 -4 -60
1104 環泥|水泥工業|27 16 -1|100 100 18 8|1.5 8|13 3 0 60 -4
1210 大成|食品工業|11 16 4|86 93 13 1|1.6 48|10 6 0 -0 -1
1215 卜蜂|食品工業|13 14 -3|97 97 4 10|1.1 28|39 11 -15 19 -18
1216 統一|食品工業|20 11 0|99 99 2 3|1.1 442|41 -1 -1 -17 -40
1217 愛之味|食品工業|7 3 1|87 99 18 5|0.5 12|8 2 0 -15 -44
1218 泰山|食品工業|7 4 -7|66 66 -30 -3|0.6 69|3 2 0 -14 14
1219 福壽|食品工業|8 10 -6|74 90 3 -4|2.7 11|5 -4 0 -40 -19
1227 佳格|食品工業|0 -15 -0|84 100 9 0|2.2 16|6 14 0 -0 -18
1229 聯華|食品工業|5 -6 -14|78 91 11 -6|1.5 41|11 -8 0 18 1
1231 聯華食|食品工業|20 17 4|98 100 23 4|2.0 12|2 7 0 -3 -2
1232 大統益|食品工業|42 20 -1|89 89 -3 -5|0.7 10|1 0 -30 -47 1
1234 黑松|食品工業|-3 7 4|96 98 1 -1|1.8 13|6 9 0 -5 19
1268 漢來美食|觀光餐旅|16 17 -64|95 95 25 26|0.7 13|1 5 4 19 19
1301 台塑|塑膠工業|-34 -31 -25|88 94 8 -3|1.2 470|34 1 3 -17 3
1303 南亞|塑膠工業|-31 -30 -18|89 97 10 11|0.9 323|30 11 2 -29 -13
1304 台聚|塑膠工業|-7 -21 -15|83 99 15 7|1.2 68|34 3 -2 -29 -31
1305 華夏|塑膠工業|3 -28 -17|88 100 46 16|1.1 133|10 1 10 -40 5
1308 亞聚|塑膠工業|-10 -14 -18|81 99 17 13|1.2 35|10 17 -2 -6 -28
1309 台達化|塑膠工業|-13 -27 -15|77 100 15 1|1.0 21|3 5 2 12 -4
1312 國喬|塑膠工業|-28 -31 -12|77 97 14 3|0.9 61|13 4 0 -15 -13
1313 聯成|塑膠工業|-29 -25 -14|71 100 21 0|2.0 21|10 10 0 -5 -3
1314 中石化|塑膠工業|-57 -57 -30|76 92 8 0|1.0 47|12 20 0 -15 -9
1316 上曜|建材營造|33 50 -123|43 71 -3 -26|1.0 6|2 -2 0 -1 50
1319 東陽|汽車工業|2 8 -8|81 81 -2 -9|0.7 168|27 3 0 -12 21
1325 恆大|塑膠工業|-27 -22 20|47 86 14 3|0.4 12|4 -1 0 -15 19
1326 台化|塑膠工業|-8 -9 -13|94 95 5 5|1.5 160|34 12 -0 -20 -7
1336 台翰|電子零組|15 28 -3|97 97 34 43|3.0 6|5 -4 0 24 -25
1342 八貫|其他|7 11 -18|93 93 57 97|0.7 286|52 -5 0 53 82
1402 遠東新|紡織纖維|-8 -3 -14|98 98 2 9|0.7 185|18 12 -1 -22 12
1409 新纖|紡織纖維|-19 -21 -26|91 98 12 7|0.8 22|13 25 6 -17 -11
1417 嘉裕|紡織纖維|-11 -10 -30|93 93 37 47|0.4 54|3 0 0 -13 18
1434 福懋|紡織纖維|-11 -8 -14|97 98 5 5|1.1 18|8 9 0 -6 -3
1440 南紡|紡織纖維|-4 7 -4|71 91 5 -1|1.0 10|7 1 0 -11 -11
1442 名軒|建材營造|5046 1621 1262|83 83 8 42|0.9 36|4 -2 -2 -11 13
1443 立益物流|其他|-19 -35 -43|100 100 64 101|6.6 6|0 -0 0 922 479
1444 力麗|紡織纖維|-48 -19 -36|87 87 0 5|0.4 16|6 -5 0 -3 20
1451 年興|紡織纖維|-42 -11 -22|78 78 -0 -7|0.7 5|7 -8 0 -34 -3
1467 南緯|紡織纖維|-33 -31 -25|77 91 1 -5|0.9 33|21 1 0 -16 2
1475 業旺|紡織纖維|20 30 -325|94 100 42 22|0.8 8|1 4 0 -12 4
1476 儒鴻|紡織纖維|-37 -20 -34|81 97 15 21|1.6 405|41 5 6 -6 -7
1477 聚陽|紡織纖維|-22 -2 -15|88 88 7 51|1.8 404|38 17 -10 50 -25
1503 士電|電機機械|4 17 6|94 94 15 3|1.4 42|32 1 0 101 5
1504 東元|電機機械|1 7 -4|90 96 -1 0|1.2 56|20 5 1 -1 -23
1513 中興電|電機機械|-20 -4 -11|99 99 58 36|1.3 1513|19 0 2 -3 18
1514 亞力|電機機械|63 52 16|95 98 34 5|1.9 128|11 5 1 24 -25
1515 力山|電機機械|-77 -82 -7|64 85 9 -8|0.6 11|9 -2 0 -18 -7
1517 利奇|電機機械|-35 -33 -39|77 81 -6 -6|0.3 7|2 10 0 -19 -9
1519 華城|電機機械|-22 -9 4|98 98 48 52|1.4 485|10 -1 2 19 32
1522 堤維西|汽車工業|10 14 -2|88 88 12 -8|0.4 50|6 6 0 -10 -6
1524 耿鼎|汽車工業|27 16 -10|88 88 20 -4|0.8 71|3 0 0 7 11
1526 日馳|電機機械|-34 -16 -38|73 73 -2 2|0.3 6|4 -15 0 -5 -15
1527 鑽全|電機機械|-34 -29 -16|94 98 9 6|1.5 5|10 11 0 -7 -15
1529 樂事綠能|電機機械|7 44 -6|74 99 43 59|1.6 142|1 -0 -0 16 25
1532 勤美|電機機械|-55 -47 -32|89 98 12 4|1.9 5|11 18 -9 14 -12
1533 車王電|汽車工業|-36 21 -1|73 81 7 -15|0.8 6|6 4 -2 -1 -16
1536 和大|汽車工業|15 7 -3|77 77 -6 -11|0.9 99|15 12 -22 6 -10
1539 巨庭|電機機械|-74 -69 -55|60 60 7 -5|0.2 9|3 7 0 -8 -1
1558 伸興|電機機械|3 49 45|87 91 11 -8|0.4 5|7 -4 0 -0 -5
1560 中砂|電機機械|-2 4 -11|71 71 16 -21|0.7 319|10 -0 -2 -1 0
1565 精華|生技醫療|-10 -13 -6|92 97 23 5|0.9 22|27 8 -6 -9 -17
1580 新麥|電機機械|-11 -13 -7|93 94 12 2|1.3 10|6 -3 -4 2 -23
1584 精剛|其他|101 50 -16|97 97 60 20|0.8 147|2 -0 0 31 22
1589 永冠-KY|電機機械|16 21 16|95 100 35 23|2.4 23|7 16 8 11 -26
1590 亞德客-KY|電機機械|-8 10 7|100 100 49 30|1.6 551|80 13 4 -54 -44
1598 岱宇|運動休閒|-21 -21 18|93 96 19 14|0.5 6|5 15 0 -8 -22
1603 華電|電器電纜|33 45 0|84 92 3 -1|0.9 6|2 2 0 -5 -10
1605 華新|電器電纜|-16 -5 -24|100 100 51 67|1.1 3087|27 3 -0 -10 -33
1608 華榮|電器電纜|-19 -16 -20|74 100 20 10|2.6 9|2 -1 0 -5 -2
1609 大亞|電器電纜|-12 -11 -9|84 100 43 11|2.8 66|11 3 0 29 -5
1611 中電|電器電纜|-13 -16 -5|68 75 -3 -27|1.0 6|12 -0 0 -4 -10
1612 宏泰|電器電纜|59 24 20|70 99 36 18|3.1 13|12 0 0 25 -6
1618 合機|電器電纜|-20 35 14|96 96 5 25|0.9 13|3 6 -1 1 40
1701 中化|生技醫療|31 16 9|72 72 31 27|0.9 350|13 3 0 -41 33
1702 南僑|食品工業|-6 4 0|96 99 6 3|0.5 7|11 2 0 -44 -7
1707 葡萄王|生技醫療|5 7 1|100 100 43 34|1.3 131|16 8 6 -30 24
1708 東鹼|化學工業|-4 22 -55|62 81 4 -9|0.8 62|13 -4 -0 -11 13
1709 和益|化學工業|-6 14 -1|78 93 13 4|0.9 9|4 11 0 -7 -2
1710 東聯|化學工業|-22 -22 -4|85 99 11 8|0.8 16|9 1 0 -8 -0
1711 永光|化學工業|-22 -19 -16|71 89 9 -3|0.5 13|8 5 0 -2 10
1712 興農|化學工業|-4 12 -11|85 85 7 11|0.8 30|16 -4 -1 -8 -15
1717 長興|化學工業|-19 -10 -8|81 91 5 -3|1.0 32|15 9 -5 -8 -5
1720 生達|生技醫療|9 30 2|86 86 26 25|0.2 209|6 1 0 -33 14
1721 三晃|化學工業|0 -16 -23|62 88 17 0|0.6 7|1 3 0 2 -1
1722 台肥|化學工業|-37 -27 -47|70 87 7 -9|1.3 69|13 -22 0 -4 -9
1723 中碳|化學工業|5 9 -24|87 92 6 -8|0.9 14|10 -6 -1 -2 -9
1732 毛寶|化學工業|-13 -13 -8|58 76 8 0|0.4 14|3 -5 0 -13 0
1733 五鼎|生技醫療|-19 -9 -16|88 88 7 -7|0.5 5|6 -4 0 -10 -20
1734 杏輝|生技醫療|11 19 2|86 86 12 11|0.4 66|7 -1 0 -11 -11
1736 喬山|運動休閒|12 22 13|86 86 -6 37|0.7 124|9 2 -10 18 43
1752 南光|生技醫療|31 34 25|83 83 69 60|0.5 791|5 0 0 -41 -5
1760 寶齡富錦|生技醫療|-7 -1 -26|89 89 21 50|0.3 1181|11 -1 -0 18 17
1762 中化生|生技醫療|-39 19 -4|89 89 20 8|0.3 71|6 -0 -0 -15 5
1773 勝一|化學工業|-21 -19 -23|77 94 36 -4|2.0 14|5 10 1 39 -8
1777 生泰|生技醫療|41 87 48|92 92 6 21|0.3 7|1 -7 0 -24 64
1783 和康生|生技醫療|50 20 -1|99 99 54 36|1.5 108|9 -0 1 45 -21
1784 訊聯|生技醫療|20 20 13|99 99 19 14|0.4 10|3 5 0 2 -32
1785 光洋科|其他電子|-34 -37 -19|70 91 28 -3|0.9 23|9 23 0 -11 -9
1786 科妍|生技醫療|-5 20 7|95 95 18 38|0.5 24|2 -0 0 34 51
1789 神隆|生技醫療|185 60 38|90 90 8 5|0.6 30|5 -5 0 -6 27
1795 美時|生技醫療|39 14 -3|88 88 59 81|0.7 2755|75 -3 -0 24 13
1802 台玻|玻璃陶瓷|-17 -15 -0|93 93 14 34|0.5 108|8 6 6 -44 -9
1808 潤隆|建材營造|69 -42 32|99 99 9 28|1.0 20|2 11 0 7 -1
1809 中釉|玻璃陶瓷|-9 4 -16|97 100 19 24|3.5 8|2 -2 0 9 27
1810 和成|玻璃陶瓷|-18 -21 -17|89 89 80 74|0.6 91|4 -0 0 11 12
1815 富喬|電子零組|-26 -20 -9|82 82 10 5|1.0 8|3 8 0 -6 -3
1904 正隆|造紙工業|-18 -12 -10|84 99 11 7|1.4 17|9 17 0 -35 -9
1905 華紙|造紙工業|2 6 -2|73 91 1 2|0.9 9|3 10 0 -23 -10
1907 永豐餘|造紙工業|-13 -9 -3|77 91 -4 9|0.6 25|16 10 3 -3 -9
1909 榮成|造紙工業|-17 -15 -12|86 99 24 22|1.9 111|12 13 4 -34 -24
2002 中鋼|鋼鐵工業|-24 -26 -24|89 100 18 13|0.8 667|20 12 5 -23 -47
2006 東和鋼鐵|鋼鐵工業|-4 -13 -17|76 99 13 9|1.2 60|12 6 6 -28 -39
2007 燁興|鋼鐵工業|-21 -20 -19|60 99 33 0|1.0 34|1 0 0 -22 5
2009 第一銅|鋼鐵工業|-40 -30 -23|73 100 30 34|2.4 78|1 -2 0 35 26
2010 春源|鋼鐵工業|-28 -23 -17|67 98 11 3|1.4 6|6 11 0 -21 -7
2013 中鋼構|鋼鐵工業|-3 16 -7|99 100 11 1|1.0 9|8 14 1 -57 -26
2014 中鴻|鋼鐵工業|-38 -41 -27|66 99 40 7|0.9 534|9 -4 3 -13 -7
2015 豐興|鋼鐵工業|-6 -18 -21|75 100 19 6|1.3 8|11 6 12 183 2
2017 官田鋼|鋼鐵工業|-46 -30 -19|85 100 28 26|2.0 7|2 11 0 -12 3
2023 燁輝|鋼鐵工業|-34 -28 -23|71 100 18 12|1.4 56|6 8 -0 -22 0
2027 大成鋼|鋼鐵工業|-1 -2 -21|87 100 16 28|0.8 322|16 11 3 -22 -12
2028 威致|鋼鐵工業|40 -4 -5|76 100 42 29|1.5 49|1 3 1 -10 17
2029 盛餘|鋼鐵工業|-30 -39 -30|70 100 10 10|1.4 10|69 6 -0 -28 -2
2030 彰源|鋼鐵工業|-32 -29 -39|66 94 8 7|1.1 32|4 5 0 -11 -7
2031 新光鋼|鋼鐵工業|21 30 6|71 99 36 31|1.5 90|11 9 3 -27 -23
2032 新鋼|鋼鐵工業|26 -11 -10|62 100 32 14|1.1 20|1 1 1 -15 -1
2033 佳大|鋼鐵工業|-20 -15 -12|63 96 29 7|1.6 11|1 1 0 -20 3
2034 允強|鋼鐵工業|-5 -25 -24|87 100 20 4|1.1 35|8 16 -0 -29 -13
2038 海光|鋼鐵工業|-25 -15 -25|72 100 34 18|1.5 34|2 1 0 -11 8
2049 上銀|電機機械|-17 -17 -25|82 100 37 7|3.7 171|33 15 4 -31 5
2059 川湖|電子零組|-2 10 -15|82 82 -6 -11|1.3 94|17 -14 -6 25 14
2063 世鎧精密|鋼鐵工業|2 -9 -11|99 99 30 44|0.7 8|1 4 0 -13 3
2065 世豐|鋼鐵工業|-12 -8 0|100 100 15 19|1.7 5|2 1 0 32 -2
2066 世德|電機機械|29 28 2|90 90 12 29|0.8 7|13 2 0 -11 29
2069 運錩|鋼鐵工業|-33 -33 -39|63 91 11 0|0.8 11|2 -0 0 -3 -10
2101 南港|橡膠工業|0 -14 -6|71 85 -0 -14|0.9 12|7 8 0 9 -1
2102 泰豐|橡膠工業|-35 6 -5|70 93 11 10|0.4 7|7 12 0 -5 -18
2103 台橡|橡膠工業|-10 -8 -12|78 96 5 6|1.1 19|29 -4 0 -6 -4
2104 國際中橡|橡膠工業|22 -2 -6|72 91 6 -1|1.0 19|12 15 0 -17 1
2105 正新|橡膠工業|-15 -6 -3|88 88 5 -3|1.4 73|14 6 -1 -28 -15
2106 建大|橡膠工業|-10 0 -10|83 84 1 -17|1.0 9|7 -3 -2 -5 5
2108 南帝|橡膠工業|-41 -43 7|52 93 16 -1|1.0 23|9 25 -4 -14 -8
2201 裕隆|汽車工業|7 2 3|100 100 82 95|1.5 1400|11 4 2 -4 4
2204 中華|汽車工業|16 20 22|100 100 43 22|1.8 71|25 9 3 -38 -8
2206 三陽工業|汽車工業|3 15 -8|84 84 -3 -8|0.7 48|18 -6 -1 -5 -5
2207 和泰車|汽車工業|11 16 15|100 100 11 11|2.1 105|25 14 -1 -79 -21
2208 台船|航運業|13 79 61|90 98 32 11|0.6 27|6 8 0 -20 -5
2211 長榮鋼|鋼鐵工業|-60 -49 -40|86 86 9 -12|0.1 11|16 91 0 -29 1
2228 劍麟|汽車工業|3 17 -2|91 91 8 21|0.5 9|8 -13 -2 -6 -24
2230 泰茂|居家生活|2 2 10|100 100 96 159|2.3 106|8 3 0 -2 -14
2231 為升|汽車工業|9 13 14|89 94 5 16|0.8 54|8 1 -11 4 -15
2233 宇隆|汽車工業|-4 6 2|85 86 14 -9|0.7 9|10 1 0 -0 16
2236 百達-KY|汽車工業|17 12 8|98 98 59 58|2.3 25|76 4 0 59 0
2247 汎德永業|汽車工業|7 7 3|100 100 10 9|0.8 6|4 4 0 -24 21
2301 光寶科|電腦及週|-11 -3 -9|96 96 3 4|0.8 296|46 4 -2 -52 -71
2303 聯電|半導體業|3 15 -17|82 100 25 26|2.0 2467|35 20 6 -27 -13
2305 全友|電腦及週|-40 -11 -2|74 74 -10 -12|0.1 14|5 5 0 -17 3
2308 台達電|電子零組|15 27 4|97 97 14 14|1.5 1556|67 0 -2 5 16
2312 金寶|其他電子|5 30 -1|79 90 -3 8|0.5 36|10 -11 0 -7 -0
2313 華通|電子零組|-15 7 -17|87 87 9 -2|0.9 456|26 -14 -5 10 12
2314 台揚|通信網路|62 35 19|57 77 16 -12|0.6 18|2 5 -0 -17 -77
2317 鴻海|其他電子|-12 6 -6|88 88 -4 -7|1.4 2581|40 -23 -0 0 -21
2324 仁寶|電腦及週|-43 -32 -21|91 98 11 -1|1.1 202|40 2 8 -10 -23
2327 國巨*|電子零組|9 12 -2|84 100 56 30|1.0 1112|45 18 5 -24 12
2328 廣宇|電子零組|-9 4 -6|95 95 19 17|0.8 82|12 10 0 -19 -23
2329 華泰|半導體業|-15 -11 -9|81 98 19 19|1.0 20|9 13 0 -3 -18
2330 台積電|半導體業|24 43 0|79 98 38 9|1.7 11800|72 24 -0 -25 -25
2331 精英|電腦及週|-48 -40 -43|81 81 3 -0|0.6 16|10 3 0 -2 5
2332 友訊|通信網路|-9 3 -8|88 88 5 -10|0.7 27|8 -7 0 -9 8
2337 旺宏|半導體業|-37 -38 -28|84 100 19 11|0.6 185|20 8 9 -15 -11
2338 光罩|半導體業|14 16 -12|89 94 52 29|0.8 682|10 -1 3 -12 -0
2340 台亞|半導體業|-43 -37 -13|64 91 19 -3|0.9 31|12 14 0 -0 -11
2342 茂矽|半導體業|-13 -6 -18|91 98 22 17|0.6 20|6 -1 0 -10 0
2344 華邦電|半導體業|-25 -26 -23|64 96 12 -0|1.4 176|24 12 1 -28 -28
2345 智邦|通信網路|31 29 0|85 85 6 -1|1.5 551|62 1 -8 21 2
2347 聯強|電子通路|-20 -8 -13|83 100 15 11|0.9 163|31 1 7 -18 -34
2351 順德|半導體業|-13 -6 -12|77 98 33 7|2.6 91|23 7 3 -15 30
2352 佳世達|電腦及週|-18 -9 -16|90 96 15 -1|0.9 76|15 0 -1 0 -17
2353 宏碁|電腦及週|-23 -31 -18|89 100 14 12|1.1 137|31 12 5 -17 -9
2354 鴻準|其他電子|40 13 20|88 99 20 14|2.0 140|17 7 0 8 -12
2355 敬鵬|電子零組|-18 -3 0|80 92 10 5|0.6 8|17 -0 0 -3 -10
2356 英業達|電腦及週|-23 -9 -14|96 96 8 7|0.8 151|25 7 13 25 -46
2357 華碩|電腦及週|-21 -16 -17|83 97 18 -1|0.8 318|44 2 5 -11 -16
2358 廷鑫|其他|40 -25 -18|65 98 18 -1|1.8 28|2 0 0 -3 7
2359 所羅門|其他電子|-9 12 -25|82 82 18 -4|0.5 47|3 -4 0 -1 28
2360 致茂|其他電子|-23 39 12|88 91 8 7|1.1 146|66 4 2 -23 4
2363 矽統|半導體業|75 -12 7|80 83 14 1|0.8 21|5 11 0 -4 -10
2364 倫飛|電腦及週|-4 39 27|66 66 -5 49|0.2 37|20 6 0 -24 7
2367 燿華|電子零組|-26 0 -32|77 77 4 8|0.3 47|9 6 0 -7 12
2368 金像電|電子零組|7 15 -9|87 87 9 -2|0.9 580|19 -6 -12 34 15
2369 菱生|半導體業|-27 -37 -16|63 89 13 -4|1.5 6|15 0 0 -5 -8
2371 大同|電機機械|61 71 53|93 96 10 2|0.5 131|17 9 0 -18 -9
2374 佳能|光電業|-16 9 -50|70 83 3 -14|0.5 7|6 -1 0 -2 -1
2375 凱美|電子零組|-28 -26 -6|53 85 24 -6|1.5 15|8 11 0 -16 4
2376 技嘉|電腦及週|14 -6 3|88 98 26 46|0.9 616|19 11 5 -32 -41
2377 微星|電腦及週|-21 -26 -17|91 100 20 26|1.0 275|31 10 2 -25 -52
2379 瑞昱|半導體業|-31 -20 -28|66 96 28 6|0.8 707|46 5 3 -14 -9
2380 虹光|電腦及週|-21 5 -1|74 80 -1 -9|1.1 6|1 -4 0 na na
2382 廣達|電腦及週|-15 -3 -17|86 93 11 -4|0.9 388|23 -9 2 -27 -54
2383 台光電|電子零組|-17 -13 -14|70 96 36 23|1.1 296|37 6 -3 2 -21
2385 群光|電子零組|-14 -7 -15|99 99 9 13|0.8 97|34 -4 6 -14 -27
2387 精元|電腦及週|-20 -3 -8|91 93 9 11|0.4 9|7 -21 0 -6 -1
2388 威盛|半導體業|-11 14 -20|76 76 12 -7|0.3 438|10 4 0 -10 7
2390 云辰|其他電子|42 17 15|57 79 6 -15|0.4 6|2 14 0 -2 -20
2392 正崴|電子零組|-11 -1 -11|97 97 13 20|0.8 22|12 -1 0 -11 -9
2393 億光|光電業|-23 -23 -2|72 95 6 0|0.8 15|24 5 0 -8 -14
2395 研華|電腦及週|1 9 -8|89 98 16 -1|1.3 156|42 0 1 -13 -13
2399 映泰|電腦及週|-41 -39 -24|65 95 8 5|0.7 16|5 8 0 -12 -11
2401 凌陽|半導體業|-44 -42 -29|71 86 8 -14|0.9 21|12 17 0 -16 -16
2402 毅嘉|電子零組|15 33 14|91 91 1 27|0.3 26|11 3 -1 -15 18
2404 漢唐|其他電子|200 144 57|100 100 46 41|1.6 128|25 21 2 -14 -2
2405 輔信|電腦及週|-3 -20 -17|75 75 5 -11|0.5 7|5 5 0 -6 -1
2406 國碩|光電業|-49 -36 -18|73 86 18 -5|0.9 17|6 5 0 -5 -4
2408 南亞科|半導體業|-65 -63 -32|75 96 6 15|1.3 443|15 6 3 -37 -3
2409 友達|光電業|-43 -43 -11|72 85 -4 4|1.0 426|25 8 2 -14 -29
2412 中華電|通信網路|-8 -0 -3|88 90 3 -8|1.9 852|18 -6 -1 -8 -4
2413 環科|電子零組|26 47 25|94 94 15 49|0.4 21|3 -0 -0 6 -3
2417 圓剛|電腦及週|-14 -14 2|69 93 15 9|0.4 6|2 18 0 -13 -12
2419 仲琦|通信網路|36 60 28|86 86 6 -12|0.4 39|2 -7 0 7 11
2421 建準|電子零組|-14 3 -2|88 88 1 2|0.4 32|23 -16 -0 1 51
2425 承啟|電腦及週|-39 -21 -20|99 100 24 17|0.6 38|18 4 0 -12 1
2428 興勤|電子零組|-4 1 1|100 100 28 14|2.0 94|15 4 5 18 52
2430 燦坤|電子通路|1 -12 -11|82 95 9 8|1.2 5|6 4 0 -4 -26
2436 偉詮電|半導體業|-34 -31 -14|53 87 14 -4|1.0 37|7 5 0 5 -4
2439 美律|通信網路|-18 -11 -10|88 88 -2 7|0.6 32|13 14 -1 -8 7
2441 超豐|半導體業|-41 -40 -24|76 87 15 -7|0.9 48|15 -5 -0 -19 -42
2444 兆勁|通信網路|20 24 19|89 89 55 42|1.0 45|4 -1 0 na na
2449 京元電子|半導體業|-10 -7 -18|89 97 18 -1|1.0 99|30 1 6 -13 -6
2451 創見|半導體業|-30 -26 -11|99 100 3 8|1.1 12|9 20 16 -16 -7
2454 聯發科|半導體業|-16 -16 -28|69 98 23 6|1.3 3976|61 2 -1 -11 -24
2455 全新|通信網路|-32 -42 -15|68 97 50 24|1.4 312|29 0 11 22 10
2457 飛宏|電子零組|-13 2 -13|84 95 11 11|0.4 95|6 4 0 -15 2
2458 義隆|半導體業|-57 -53 -24|65 98 25 -5|0.9 117|26 8 1 -12 -19
2462 良得電|電子零組|-19 -16 -14|76 97 21 9|1.0 8|1 -1 0 -6 -2
2465 麗臺|電腦及週|-31 -49 -14|65 97 20 47|1.2 163|3 0 0 -2 -1
2468 華經|資訊服務|16 18 10|92 92 41 137|0.5 30|0 -0 1 3 11
2472 立隆電|電子零組|-20 -11 -16|89 100 21 10|1.4 14|3 18 0 -24 -9
2474 可成|其他電子|-38 -19 11|99 99 11 17|0.8 259|46 22 4 -20 -23
2476 鉅祥|電子零組|4 4 -2|78 82 13 1|0.7 18|3 20 0 -5 -6
2480 敦陽科|資訊服務|-22 -3 -7|93 95 10 -1|1.1 18|6 12 -0 19 0
2481 強茂|半導體業|-22 -16 -12|65 94 21 6|1.2 111|12 15 -1 -14 -19
2482 連宇|其他電子|95 141 83|100 100 58 21|3.2 76|21 8 0 -17 26
2484 希華|電子零組|-12 -14 -15|84 84 17 1|0.5 23|8 7 0 -11 -11
2485 兆赫|通信網路|14 21 16|88 90 6 2|0.6 9|6 -1 0 -11 5
2486 一詮|光電業|-26 -24 -11|47 86 38 -9|0.4 35|3 6 0 -3 -4
2489 瑞軒|光電業|-47 -42 -19|66 86 10 -6|0.5 9|9 21 0 -9 -31
2492 華新科|電子零組|-19 -16 -1|65 100 25 8|2.1 91|16 19 3 -20 -20
2493 揚博|電子零組|8 6 -12|100 100 19 12|1.8 6|5 16 0 -2 -5
2495 普安|電腦及週|1 31 9|73 73 -2 21|0.3 47|23 -5 0 -12 66
2497 怡利電|汽車工業|11 29 -18|65 83 19 7|0.4 74|1 0 -0 -5 3
2498 宏達電|通信網路|-10 -13 0|86 93 21 -5|0.7 1008|14 5 -0 -0 -1
2501 國建|建材營造|-42 106 33|88 94 9 -0|0.5 8|7 15 0 -15 -6
2504 國產|建材營造|-7 -3 -1|84 99 14 3|0.9 27|15 -2 6 -14 -14
2511 太子|建材營造|-45 -36 -44|82 93 6 -3|1.0 6|9 3 0 -23 -7
2520 冠德|建材營造|-36 50 33|81 97 19 6|0.8 17|15 14 0 -11 -15
2530 華建|建材營造|33 58097 36394|91 91 -7 22|0.5 6|2 2 -6 -18 -0
2534 宏盛|建材營造|126 228 155|89 89 -6 -1|0.5 18|7 -11 0 20 5
2535 達欣工|建材營造|26 4 -16|92 97 3 3|1.1 5|7 -17 0 -22 -18
2538 基泰|建材營造|58 24 -28|89 89 17 -1|1.0 7|12 1 0 -5 1
2540 愛山林|建材營造|-14 -36 -26|80 80 -11 12|2.6 23|0 1 0 1 28
2542 興富發|建材營造|184 57 83|93 93 -0 9|0.6 98|9 -4 0 -35 5
2545 皇翔|建材營造|-75 -57 -81|77 88 7 -1|1.4 5|4 -13 0 0 2
2546 根基|建材營造|34 69 35|100 100 20 10|1.5 5|4 12 0 69 -11
2548 華固|建材營造|-98 -78 -1952|94 94 3 -0|1.4 22|19 4 -1 -19 2
2597 潤弘|建材營造|3 18 1|91 98 40 44|0.5 11|1 10 11 -6 -17
2603 長榮|航運業|-44 -29 -68|48 63 7 -30|0.6 3169|29 -5 -1 8 -22
2605 新興|航運業|6 -9 -5|64 82 11 -14|0.7 50|38 -0 3 -18 3
2606 裕民|航運業|-15 -24 -28|79 98 40 23|0.6 236|9 9 3 -41 -23
2607 榮運|航運業|-23 8 -122|65 77 2 -9|0.7 75|6 -9 -1 -2 27
2608 嘉里大榮|航運業|-5 -8 -5|80 90 11 -6|0.7 8|5 7 0 -9 -16
2609 陽明|航運業|-53 -42 -63|59 67 -1 -29|0.6 1649|16 -13 0 -10 -16
2610 華航|航運業|-16 -18 -31|65 86 15 -8|0.8 518|11 5 0 -5 1
2611 志信|航運業|-55 -48 -45|58 73 8 -27|0.4 7|2 -8 0 -12 11
2612 中航|航運業|4 3 -22|73 86 18 -2|0.3 38|2 -3 0 -15 33
2613 中櫃|航運業|-11 -6 -8|53 74 7 -16|0.5 8|1 -14 -1 5 -2
2614 東森|其他|5 1 -7|58 87 27 -14|0.9 92|3 3 0 -2 17
2615 萬海|航運業|-51 -44 -72|49 71 9 -27|0.6 1223|43 -3 -0 -12 32
2616 山隆|油電燃氣|-13 -14 -12|82 89 -5 -9|2.5 6|4 9 0 62 7
2617 台航|航運業|19 20 -1|74 90 11 -4|0.7 25|3 4 -0 -25 7
2618 長榮航|航運業|19 15 -20|82 85 26 -3|1.1 823|31 -0 2 6 -9
2633 台灣高鐵|航運業|13 22 -50|100 100 5 1|1.5 87|11 19 -1 -18 -34
2634 漢翔|航運業|-5 26 -3|90 93 11 -10|0.5 229|7 -2 3 -4 -13
2636 台驊控股|航運業|-65 -62 -54|51 80 15 -18|0.4 83|14 -10 0 -21 26
2637 慧洋-KY|航運業|-27 -16 -53|60 88 13 -10|0.4 258|11 -8 3 -25 25
2641 正德|航運業|-15 -16 -46|67 84 22 -10|0.3 28|0 -2 0 -7 16
2642 宅配通|航運業|-1 -1 -2|53 87 19 -1|0.5 17|5 -2 0 -18 62
2702 華園|觀光餐旅|20 43 -18|79 79 20 15|0.4 6|38 -0 0 -3 9
2707 晶華|觀光餐旅|18 25 5|95 95 48 53|0.9 392|21 3 -1 62 19
2723 美食-KY|觀光餐旅|2 2 4|100 100 55 50|0.9 350|56 6 4 12 12
2727 王品|觀光餐旅|-5 -0 -10|100 100 59 60|2.1 174|23 8 0 113 -7
2729 瓦城|觀光餐旅|6 3 -10|100 100 18 29|2.0 18|3 12 4 -10 11
2731 雄獅|觀光餐旅|192 164 5|95 95 34 18|0.4 145|10 5 2 -17 -1
2732 六角|觀光餐旅|-5 -9 -11|97 97 39 45|2.3 171|8 -2 1 100 20
2736 富野|觀光餐旅|-10 -6 -111|76 84 17 -15|0.6 14|6 2 0 3 -14
2743 山富|觀光餐旅|1019 509 -148|81 81 26 6|0.4 49|0 0 0 -3 10
2748 雲品|觀光餐旅|26 39 -44|99 99 43 42|2.1 209|3 -1 1 159 49
2752 豆府|觀光餐旅|22 15 -40|100 100 22 68|2.0 8|2 -11 0 na 0
2753 八方雲集|觀光餐旅|9 12 -3|96 96 26 56|0.8 264|17 6 5 -18 34
2754 亞洲藏壽司|觀光餐旅|13 17 -193|97 97 38 92|0.8 115|81 5 0 -11 -11
2801 彰銀|金融保險|29 28 9|93 99 6 4|1.3 70|13 28 -0 -2 -9
2809 京城銀|金融保險|-31 -9 42|89 95 15 1|0.7 52|13 0 1 -21 5
2812 台中銀|金融保險|7 3 -7|88 95 6 -0|1.8 56|10 8 -0 -5 0
2834 臺企銀|金融保險|22 30 12|98 99 10 11|0.7 189|18 23 -0 37 -50
2838 聯邦銀|金融保險|3 -0 3|97 97 9 24|0.9 9|6 38 0 -1 -15
2845 遠東銀|金融保險|99 47 36|98 100 10 12|1.2 37|11 14 -0 -0 -23
2850 新產|金融保險|0 2 -0|86 86 15 -3|0.7 6|11 20 1 -74 -33
2851 中再保|金融保險|12 -1 -6|63 84 4 -11|1.2 54|2 6 0 42 -57
2855 統一證|金融保險|-18 -31 -11|77 92 10 5|1.0 6|8 13 0 8 -10
2880 華南金|金融保險|-3 1 -4|97 97 8 6|1.7 214|18 2 -0 -26 -15
2881 富邦金|金融保險|-93 -136 -84|82 98 17 11|1.6 519|20 15 2 -20 -8
2882 國泰金|金融保險|-76 -74 -28|70 92 14 -2|1.2 1037|20 12 0 -11 -48
2883 凱基金|金融保險|-101 -103 -53|71 94 12 2|1.4 219|23 19 2 -13 -33
2884 玉山金|金融保險|-1 1 7|76 86 7 -10|1.6 405|33 -12 -0 0 -17
2885 元大金|金融保險|-5 -26 -3|92 99 15 16|1.3 291|26 25 2 -17 -28
2886 兆豐金|金融保險|-1 -9 -3|77 90 10 -3|1.3 354|22 16 -5 -28 -16
2887 台新新光金|金融保險|-9 16 6|84 97 20 12|1.7 201|24 31 -0 -0 -43
2889 國票金|金融保險|-56 -53 -14|81 93 14 -4|1.1 66|10 3 1 -14 -43
2890 永豐金|金融保險|2 -3 -6|94 94 8 9|1.1 263|29 8 2 -32 -38
2891 中信金|金融保險|-90 -95 -73|78 91 11 1|1.2 499|39 5 1 -18 -34
2892 第一金|金融保險|-1 3 -6|94 97 7 3|2.1 394|25 2 3 41 -29
2903 遠百|貿易百貨|-1 -3 -8|98 98 18 15|1.3 27|10 11 23 49 -5
2906 高林|貿易百貨|-14 -13 -24|67 93 30 -1|0.6 12|3 8 0 -10 -6
2912 統一超|貿易百貨|11 10 -0|94 94 2 -2|1.9 254|30 -9 -5 -12 -29
2913 農林|貿易百貨|-3 -7 -14|90 90 3 13|0.4 12|9 -13 0 -3 -1
2915 潤泰全|貿易百貨|-0 5 -3|61 95 23 14|0.6 172|9 -7 8 2 4
2929 淘帝-KY|貿易百貨|-18 -17 -4|90 90 89 66|2.1 85|21 1 0 -6 -6
3003 健和興|電子零組|-32 -16 -18|81 83 6 -12|0.9 18|5 9 -4 -2 -2
3004 豐達科|鋼鐵工業|45 64 10|97 97 31 26|0.7 16|5 4 -0 1 10
3005 神基|電腦及週|1 9 -1|82 94 19 -1|1.1 29|22 6 -5 -23 -6
3006 晶豪科|半導體業|-56 -54 -24|49 94 21 -1|1.0 190|16 20 -0 -19 -20
3008 大立光|光電業|-11 11 10|95 95 22 11|1.1 1007|38 2 -1 -11 -6
3010 華立|電子通路|-18 -11 -16|82 91 8 -1|1.5 12|10 1 10 -8 3
3011 今皓|電子零組|-46 -39 -39|73 78 35 -18|0.6 9|0 -0 1 na na
3013 晟銘電|電腦及週|22 34 10|89 89 39 42|1.5 81|6 2 0 -7 26
3014 聯陽|半導體業|-28 -33 -8|78 100 37 24|1.2 52|14 18 0 -8 -21
3016 嘉晶|半導體業|6 0 -17|62 83 12 -3|0.7 36|4 15 0 -6 -21
3017 奇鋐|電腦及週|13 21 1|85 85 8 -3|0.8 198|42 2 -14 2 -8
3019 亞光|光電業|-27 -17 -9|79 97 15 8|0.9 24|11 14 -0 -6 -15
3022 威強電|電腦及週|3 43 13|93 93 41 36|0.5 82|29 -1 -0 -11 13
3023 信邦|電子零組|22 26 6|99 99 14 6|1.2 81|63 23 -2 3 -9
3025 星通|通信網路|-67 -46 -36|77 77 -2 5|0.1 6|2 2 -1 -8 -4
3026 禾伸堂|電子零組|-6 -6 3|85 100 9 3|1.5 8|11 21 0 -8 -2
3027 盛達|通信網路|48 32 17|97 97 77 113|1.2 401|7 1 -0 -34 34
3028 增你強|電子通路|-24 -15 -11|83 98 17 0|1.1 7|5 23 0 -0 -17
3029 零壹|資訊服務|2 -2 -4|93 100 12 8|1.5 7|3 14 0 -21 -10
3030 德律|其他電子|-22 7 -14|93 96 7 9|0.8 14|17 -20 1 1 -0
3033 威健|電子通路|-13 -3 -1|90 100 7 4|1.3 14|6 19 0 -7 -4
3034 聯詠|半導體業|-35 -39 -25|84 100 47 41|1.0 2459|47 8 6 -27 -23
3035 智原|半導體業|16 23 -47|56 90 27 16|0.6 1469|28 3 -2 -7 -10
3036 文曄|電子通路|25 25 -4|73 94 6 -6|0.9 37|11 -13 8 -17 -42
3037 欣興|電子零組|4 20 -15|57 85 17 -4|0.9 2528|39 5 -2 -11 -16
3038 全台|光電業|1 8 -4|90 90 4 -5|0.4 8|8 -18 0 -17 1
3041 揚智|半導體業|-23 -24 -21|53 84 19 -9|0.8 11|12 2 0 -3 3
3042 晶技|電子零組|-15 -14 -1|94 98 17 2|1.5 66|15 11 6 -13 -5
3044 健鼎|電子零組|-15 -12 -17|80 98 18 0|1.2 106|39 -10 4 27 -33
3045 台灣大|通信網路|13 12 2|90 93 1 -7|1.5 209|16 -7 1 20 -7
3046 建碁|電腦及週|2 0 -33|76 76 -2 63|0.1 37|2 -1 -0 -9 51
3047 訊舟|通信網路|1 4 -9|83 83 5 24|0.3 35|3 4 0 -4 -23
3048 益登|電子通路|-9 -1 -12|81 91 0 -6|1.1 7|3 8 0 -13 5
3050 鈺德|光電業|14 10 -0|93 99 13 8|0.6 7|9 3 0 -2 11
3051 力特|光電業|-12 -15 -9|63 81 8 12|0.6 6|3 -3 0 6 -7
3056 富華新|建材營造|1022 8442 -94|86 94 7 11|0.6 17|5 19 1 4 -13
3059 華晶科|光電業|-10 52 -7|66 89 6 -1|0.5 29|13 -6 0 -3 -5
3062 建漢|通信網路|76 84 36|77 77 8 -21|0.4 35|12 11 0 -6 -7
3078 僑威|電子零組|-13 -21 14|81 90 21 -1|0.9 6|1 16 0 -11 -22
3081 聯亞|通信網路|72 93 53|62 71 17 -7|0.7 147|37 -4 -1 7 13
3083 網龍|文化創意|-1 -2 -11|83 94 23 11|0.5 48|1 -1 0 -28 -1
3088 艾訊|電腦及週|20 26 -9|90 98 19 9|0.8 13|6 7 -7 -13 -16
3090 日電貿|電子零組|-16 -6 -5|100 100 14 17|0.8 11|9 9 1 -15 -5
3092 鴻碩|電子零組|-43 -38 -55|51 76 8 -10|0.6 6|2 18 0 -2 1
3093 港建*|其他電子|36 -0 -30|70 83 23 -15|1.9 7|68 4 0 -9 125
3105 穩懋|半導體業|-54 -51 -22|58 99 64 21|1.5 1022|43 8 1 -30 -4
3128 昇銳|光電業|-42 2 -19|80 80 57 129|0.2 89|4 -0 -1 13 14
3131 弘塑|半導體業|-28 -9 -13|76 86 35 8|0.7 9|4 4 1 na -1
3138 耀登|通信網路|28 30 8|70 86 16 18|0.4 33|3 9 -1 -6 6
3141 晶宏|半導體業|-24 -49 -51|47 69 21 -24|1.0 143|6 -0 0 6 -1
3149 正達|光電業|-30 -8 -1|65 83 -13 12|0.4 5|2 -1 0 0 na
3152 璟德|通信網路|-21 -29 17|68 100 45 21|1.9 7|17 11 6 -13 -13
3162 精確|電機機械|171 163 80|97 97 28 21|1.1 127|46 4 0 -3 24
3163 波若威|通信網路|-12 21 -21|86 86 20 6|0.4 47|5 -1 0 3 17
3169 亞信|半導體業|-29 -27 -36|50 86 23 -5|0.6 43|3 10 0 1 -6
3178 公準|半導體業|29 13 2|98 98 37 22|1.6 5|1 8 0 2 -1
3189 景碩|半導體業|-11 -5 -26|53 84 12 -10|0.5 577|12 3 0 -4 1
3205 佰研|生技醫療|-11 -11 -2|56 56 15 -23|0.3 11|12 2 0 -6 14
3207 耀勝|電子零組|39 32 3|100 100 25 52|0.9 53|6 6 0 12 12
3209 全科|電子通路|72 52 21|99 99 28 13|1.6 20|4 19 -0 -9 -1
3211 順達|電腦及週|-2 7 13|73 96 12 5|1.6 8|11 10 -0 -6 -32
3217 優群|電子零組|-23 -21 -11|73 97 43 24|2.6 15|2 -2 0 62 11
3218 大學光|生技醫療|31 30 -3|95 95 39 6|1.6 239|30 2 4 -17 46
3221 台嘉碩|通信網路|-14 -20 -36|69 69 13 -29|0.6 7|5 10 0 -8 -2
3227 原相|半導體業|-31 -37 3|83 100 37 22|1.7 26|17 20 -2 4 -23
3228 金麗科|半導體業|-78 -21 1|40 50 51 -38|1.0 319|7 0 0 5 4
3231 緯創|電腦及週|0 0 -15|100 100 21 19|1.3 218|32 28 5 -19 -18
3234 光環|通信網路|-43 -39 -14|77 77 7 -10|0.6 5|3 -15 0 2 5
3236 千如|電子零組|3 13 -10|90 90 12 19|0.2 6|11 -1 0 -16 13
3252 海灣|觀光餐旅|-35 -29 -75|73 77 14 -14|0.6 9|8 0 0 -3 26
3260 威剛|半導體業|-28 -24 -14|72 99 15 14|1.4 75|11 11 3 -21 -40
3264 欣銓|半導體業|19 22 0|100 100 33 35|1.1 76|24 12 0 -7 -5
3265 台星科|半導體業|-3 6 -25|92 97 25 1|0.9 61|6 5 0 -13 3
3272 東碩|電腦及週|-40 102 47|72 72 6 35|0.1 41|1 -4 0 31 0
3289 宜特|其他電子|10 12 -5|97 97 18 65|0.6 181|11 6 -1 -3 -2
3290 東浦|電子零組|-9 1 -5|100 100 23 18|1.8 11|2 4 0 1 46
3293 鈊象|文化創意|24 12 6|100 100 50 52|1.3 1161|37 15 1 -16 11
3305 昇貿|其他電子|-35 -33 -44|64 89 32 -6|4.0 10|2 -0 0 1 -15
3317 尼克森|半導體業|-25 -23 -15|77 88 24 -4|0.8 12|3 9 0 -12 -17
3322 建舜電|電子零組|-43 -42 -12|77 86 20 15|0.4 5|2 -8 0 0 11
3324 雙鴻|其他電子|-24 -18 -17|64 93 30 -7|0.5 80|9 7 -3 -4 -16
3346 麗清|汽車工業|17 45 24|90 90 29 26|1.0 23|5 9 0 -11 -16
3356 奇偶|光電業|-4 7 1|81 81 21 41|0.1 61|5 -0 0 -26 -13
3362 先進光|光電業|-40 -20 -22|84 84 32 -5|0.3 65|2 3 0 -10 -8
3374 精材|半導體業|-17 -2 -7|74 82 16 -15|1.0 141|9 -0 0 -13 -11
3376 新日興|電子零組|-34 -26 -26|89 89 7 6|1.3 14|21 -8 1 -19 -20
3380 明泰|通信網路|31 47 24|88 88 12 -0|0.5 24|7 -3 0 5 -2
3402 漢科|其他電子|-6 16 -26|93 95 16 -3|0.4 5|3 -1 0 -1 -3
3406 玉晶光|光電業|-21 -0 -18|72 83 25 -3|0.6 744|22 -4 0 -8 18
3413 京鼎|半導體業|11 25 3|77 89 16 2|0.8 53|22 6 -5 -6 -14
3419 譁裕|通信網路|55 51 24|76 82 15 9|0.2 13|4 8 0 -13 -3
3430 奇鈦科|化學工業|-13 -12 na|na na 5 na|0.7 6|1 8 0 na na
3438 類比科|半導體業|-49 -51 -17|75 100 24 12|0.7 13|2 5 0 1 -7
3441 聯一光電|光電業|-43 -36 -33|87 87 28 5|0.4 17|3 1 0 -14 -0
3443 創意|半導體業|105 66 6|97 97 84 54|0.7 4421|38 0 -2 19 2
3444 利機|電子通路|-26 -20 -7|76 76 13 7|0.6 50|11 4 0 -29 -20
3454 晶睿|光電業|91 148 63|96 96 65 170|0.5 1771|7 -0 0 -3 78
3455 由田|光電業|14 7 -7|83 99 22 19|1.1 29|5 6 1 -7 -6
3466 德晉|通信網路|128 88 72|92 92 44 28|0.4 25|14 1 0 -2 109
3479 安勤|電腦及週|30 66 6|94 94 52 28|0.9 561|5 -0 0 48 56
3481 群創|光電業|-39 -40 -4|68 90 -2 8|1.0 384|25 10 -1 -13 -27
3483 力致|電腦及週|-42 -30 -29|70 94 33 5|1.2 7|2 5 0 -2 -4
3491 昇達科|通信網路|-10 -18 -25|73 78 23 -14|0.4 91|8 1 0 -9 13
3494 誠研|電腦及週|-10 1 -19|67 67 17 -16|0.5 8|12 -3 0 na na
3498 陽程|其他電子|129 127 89|97 97 56 48|0.9 12|3 5 0 -11 -18
3499 環天科|通信網路|-30 -28 -5|73 89 38 10|0.2 5|2 10 0 -11 -25
3504 揚明光|光電業|-33 -31 -37|76 76 17 -7|0.4 66|2 5 0 -8 -6
3508 位速|其他電子|-14 -39 -36|69 85 37 -15|0.4 24|1 -1 0 -16 -91
3511 矽瑪|電子零組|-12 10 -73|81 81 4 2|0.3 6|1 3 0 -12 -8
3515 華擎|電腦及週|-36 -10 2|67 97 48 59|0.4 355|6 3 2 -20 -1
3520 華盈|電子零組|94 47 -12|76 76 12 15|0.2 7|1 -1 0 4 -8
3521 台鋼建設|建材營造|-77 -28 -22|74 74 -13 37|1.8 10|0 -1 0 na -26
3526 凡甲|電子零組|-29 -23 -14|68 84 20 -8|2.1 11|5 -0 2 3 -2
3527 聚積|半導體業|-38 -32 -18|62 87 22 -2|0.8 13|6 15 0 -6 -16
3529 力旺|半導體業|64 49 10|85 100 52 44|0.7 927|63 3 -1 -39 -22
3530 晶相光|半導體業|-31 -52 -4|69 91 20 -7|1.9 7|42 4 0 -28 -4
3532 台勝科|半導體業|30 38 4|42 84 7 -7|0.6 145|51 1 -0 -7 -0
3533 嘉澤|電子零組|-0 18 -9|86 86 5 24|1.6 481|31 -10 -2 76 7
3535 晶彩科|光電業|-26 -47 -79|63 81 -10 -11|0.3 10|4 8 -1 -5 4
3545 敦泰|半導體業|-32 -40 -1|52 87 -6 3|0.6 162|16 10 0 -11 -11
3546 宇峻|文化創意|2 -5 -2|90 97 10 11|0.9 13|11 -4 -0 -9 -21
3548 兆利|電子零組|-42 -26 -25|85 95 25 9|1.7 12|7 5 0 -1 3
3552 同致|其他電子|-16 3 -12|77 77 13 5|0.6 114|16 -1 0 -11 4
3558 神準|通信網路|95 120 44|94 94 28 10|0.9 311|8 0 -1 47 21
3563 牧德|光電業|-5 -21 1|66 96 29 10|1.4 9|9 16 0 -8 -25
3576 聯合再生|光電業|14 41 3|86 90 -2 1|0.9 91|16 -6 0 6 63
3577 泓格|電腦及週|-25 -5 -26|86 86 14 10|0.4 14|1 -1 0 -9 -21
3580 友威科|其他電子|18 36 3|81 81 16 -1|0.4 20|8 -6 0 3 10
3583 辛耘|半導體業|-2 11 -14|72 90 20 8|0.6 16|8 6 0 -4 -27
3587 閎康|其他電子|14 25 7|100 100 39 53|0.9 175|9 7 2 -10 -20
3588 通嘉|半導體業|-52 -52 -33|46 87 24 -7|0.2 12|2 8 0 -6 -5
3591 艾笛森|光電業|-16 -11 1|94 100 34 20|3.1 7|3 2 0 19 -18
3592 瑞鼎|半導體業|-40 -37 -32|60 100 49 36|0.6 332|14 7 3 -27 -19
3594 磐儀|電腦及週|29 34 16|98 100 27 4|0.7 31|5 6 0 -10 -4
3596 智易|通信網路|36 38 14|75 75 12 -18|0.8 60|21 19 -4 -1 -17
3617 碩天|其他電子|34 28 1|88 88 13 36|0.4 25|6 15 0 -4 5
3624 光頡|電子零組|-36 -25 -30|56 92 35 -0|3.6 39|42 -1 3 27 9
3653 健策|電子零組|27 40 3|92 92 11 16|1.0 461|11 0 -3 -12 28
3661 世芯-KY|半導體業|106 87 53|74 93 43 34|0.7 3288|54 0 1 -7 -37
3665 貿聯-KY|其他電子|39 69 -20|77 77 4 -14|1.3 383|44 -14 -0 -11 4
3669 圓展|通信網路|-14 -15 3|79 91 15 12|0.3 9|1 -0 0 -13 4
3673 TPK-KY|光電業|-24 -8 -3|77 82 3 -10|0.8 12|34 3 0 -4 -29
3675 德微|半導體業|-7 -6 -12|65 93 39 10|2.2 152|53 1 8 15 8
3680 家登|半導體業|60 10 -43|93 93 32 18|1.4 604|8 1 2 11 26
3686 達能|半導體業|-93 -95 -20|57 73 43 -16|0.4 6|0 1 0 na na
3687 歐買尬|數位雲端|4 4 -2|50 93 36 6|0.5 91|4 1 0 2 10
3691 碩禾|光電業|-80 -47 -23|58 67 8 -20|0.9 15|6 1 0 -7 -6
3693 營邦|電腦及週|167 129 71|94 94 117 125|4.3 370|3 -2 0 35 7
3701 大眾控|電腦及週|23 26 -0|57 80 25 -0|0.8 10|4 7 0 2 -3
3702 大聯大|電子通路|-17 -10 -11|89 93 10 -3|0.8 117|27 -2 11 -9 -17
3703 欣陸|建材營造|-17 -18 -46|90 90 8 2|0.8 23|28 3 0 -16 -5
3704 合勤控|通信網路|15 37 18|98 98 46 24|1.1 225|11 -0 2 15 79
3705 永信|生技醫療|-36 -14 -8|85 85 9 5|0.3 101|10 -1 0 -11 207
3706 神達|電腦及週|34 36 19|95 100 14 10|1.0 38|13 8 4 -15 0
3707 漢磊|半導體業|7 7 -16|71 83 13 1|0.9 226|9 5 -3 -7 -6
3708 上緯投控|綠能環保|-26 -19 -12|77 100 20 6|1.5 304|11 1 10 -14 -5
3710 連展投控|電子零組|-26 -18 -5|66 66 6 -17|0.5 12|2 1 0 na na
3711 日月光投控|半導體業|-11 3 -16|97 97 30 21|1.2 915|75 19 0 -23 -12
3712 永崴投控|電腦及週|-29 -20 -45|91 100 27 10|1.5 15|2 6 0 -5 -0
3713 新晶投控|綠能環保|81 217 53|79 87 11 8|0.5 6|0 -0 0 na na
3714 富采|光電業|-56 -40 -24|51 97 20 8|1.0 121|15 9 0 -6 -1
3715 定穎投控|電子零組|na na na|na na 5 na|0.7 8|14 5 0 -0 2
4102 永日|生技醫療|7 28 4|71 71 4 72|0.4 89|3 1 0 -26 8
4104 佳醫|生技醫療|11 10 1|100 100 17 17|1.6 21|6 4 0 33 3
4105 東洋|生技醫療|-9 6 -6|91 91 4 11|0.4 104|21 -8 -0 -10 21
4106 雃博|生技醫療|18 14 0|74 90 30 25|0.5 37|4 4 -1 -50 -14
4107 邦特|生技醫療|17 10 -0|89 89 4 8|0.9 11|25 -33 -4 -3 -40
4111 濟生|生技醫療|8 7 -4|93 93 18 22|0.4 11|3 3 0 -19 -8
4113 聯上|建材營造|-100 -100 -23|91 100 10 12|2.5 9|0 1 0 123 67
4114 健喬|生技醫療|39 37 2|80 80 32 37|0.5 831|8 -4 -0 -22 34
4116 明基醫|生技醫療|59 89 -16|75 83 27 -15|0.2 19|1 -0 0 -5 5
4119 旭富|生技醫療|125 70 50|98 98 12 21|0.7 28|3 12 -1 -3 -8
4121 優盛|生技醫療|11 2 -8|81 92 24 20|0.3 32|3 -1 0 -24 3
4123 晟德|生技醫療|70 99 37|85 90 8 -3|0.5 34|7 3 0 -6 1
4126 太醫|生技醫療|31 27 17|90 90 10 8|0.5 11|11 3 0 -18 -46
4128 中天|生技醫療|2 2 3|82 82 16 16|0.7 279|6 0 -0 -10 11
4129 聯合|生技醫療|27 27 2|91 91 55 49|0.4 37|12 2 1 -10 150
4130 健亞|生技醫療|-30 4 2|73 73 32 15|0.3 125|6 -0 0 -12 13
4133 亞諾法|生技醫療|-20 13 18|48 83 13 10|0.3 29|15 1 0 -17 5
4137 麗豐-KY|生技醫療|-42 -31 -10|96 96 46 19|0.8 99|61 -1 2 -38 18
4142 國光生|生技醫療|288 63 -352|89 96 21 4|2.5 27|7 5 0 -9 1
4147 中裕|生技醫療|420 375 295|94 94 25 27|0.4 42|8 -3 2 10 -6
4148 全宇生技-KY|生技醫療|32 31 -39|66 82 16 4|0.8 6|72 -7 0 -4 0
4153 鈺緯|生技醫療|20 60 22|96 96 58 39|2.0 30|1 2 0 11 104
4155 訊映|生技醫療|-56 -5 -28|100 100 35 36|1.7 55|6 6 0 18 -3
4157 太景*-KY|生技醫療|8947 3065 2199|74 79 9 -14|0.4 20|4 -5 0 -9 4
4162 智擎|生技醫療|-29 -4 -15|78 78 17 19|0.5 915|5 -2 -1 -8 9
4163 鐿鈦|生技醫療|52 31 9|100 100 31 38|1.3 68|7 3 0 -22 46
4164 承業醫|生技醫療|-19 6 -27|100 100 34 48|3.7 14|26 8 6 45 13
4167 松瑞藥|生技醫療|-15 -25 0|77 77 34 35|0.3 325|13 0 0 -23 18
4168 醣聯|生技醫療|-98 -38 na|73 73 16 15|0.2 23|5 2 0 -14 -4
4171 瑞基|農業科技|-76 -59 -36|42 79 24 -3|0.6 88|17 -1 0 26 75
4173 久裕|生技醫療|1 6 -1|84 91 11 8|0.2 6|1 2 0 -8 26
4174 浩鼎|生技醫療|-28 -76 -470|55 84 8 -6|0.8 26|12 -9 0 15 21
4175 杏一|生技醫療|12 6 -5|79 91 10 11|1.2 9|1 0 -1 -4 -51
4190 佐登-KY|生技醫療|-14 14 12|91 91 6 9|0.5 14|64 -13 0 9 55
4426 利勤|紡織纖維|107 245 87|85 86 22 -3|0.8 8|7 8 2 7 -17
4432 銘旺實|紡織纖維|-43 -9 -34|73 73 19 -19|0.8 5|6 1 0 -5 -28
4438 廣越|紡織纖維|5 28 -36|86 86 2 17|0.7 14|4 17 1 -10 7
4503 金雨|電機機械|25 39 -1|82 86 19 -6|0.8 14|1 -1 0 -2 7
4536 拓凱|運動休閒|7 17 -10|87 87 4 25|0.8 99|21 -13 -3 -1 72
4541 晟田|其他|0 10 -21|85 85 17 4|0.3 12|4 7 0 -10 -1
4551 智伸科|汽車工業|-2 2 -3|87 87 2 -7|0.7 37|52 4 -17 3 -6
4563 百德|電機機械|-0 0 -33|100 100 40 41|1.7 12|0 0 0 25 2
4566 時碩工業|電機機械|-2 21 4|84 84 8 -1|0.4 18|2 -6 -1 -0 18
4572 駐龍|電機機械|79 62 2|92 99 15 2|0.7 19|3 6 1 4 0
4721 美琪瑪|化學工業|-17 -22 -66|70 77 11 -12|0.7 38|2 7 -0 -3 1
4726 永昕|生技醫療|5 4 -13|74 74 13 -2|0.4 15|1 -3 0 -8 6
4736 泰博|生技醫療|9 38 -23|65 82 8 4|0.5 128|11 -9 0 -7 15
4739 康普|化學工業|-24 -16 -41|61 74 13 -18|0.5 41|3 10 -0 -8 -7
4743 合一|生技醫療|18 -16 -1016|87 87 12 49|0.9 1837|8 -0 -0 -3 2
4746 台耀|生技醫療|16 21 -0|82 82 38 38|0.8 297|12 2 0 -37 -11
4747 強生製藥|生技醫療|42 32 12|74 74 47 36|1.4 47|2 0 0 -18 61
4755 三福化|化學工業|-20 -27 -53|61 82 23 -8|0.8 41|30 3 0 -2 5
4763 材料*-KY|化學工業|45 61 4|94 94 149 171|2.7 2929|70 -1 1 45 22
4768 晶呈科技|化學工業|28 103 na|na 83 8 63|1.5 102|5 -2 0 na 28
4770 上品|化學工業|49 48 -22|85 85 27 33|1.2 383|13 6 -0 9 116
4904 遠傳|通信網路|0 0 -4|79 85 -5 -12|1.4 204|24 -28 1 -18 -1
4906 正文|通信網路|24 55 32|87 87 6 -6|1.0 33|11 -1 0 -9 -15
4915 致伸|電子零組|-12 -8 -21|82 83 5 -17|0.5 112|61 10 3 -15 7
4916 事欣科|電腦及週|125 100 65|96 97 32 26|0.4 15|4 16 0 -7 -15
4919 新唐|半導體業|-12 -8 -9|76 100 40 30|1.1 457|7 8 6 -25 -15
4927 泰鼎-KY|電子零組|-36 -18 -22|49 94 20 3|0.4 24|16 2 0 -9 -1
4931 新盛力|電腦及週|-4 18 -84|81 81 3 36|0.3 135|26 -2 -1 -13 61
4934 太極|光電業|70 88 33|80 96 23 7|1.9 24|1 3 0 na na
4938 和碩|電腦及週|-28 -20 -32|95 99 15 3|0.9 191|33 17 1 -27 -29
4943 康控-KY|電子零組|-62 -56 -12|45 78 43 -12|0.7 5|35 -1 0 -33 na
4950 金耘國際|鋼鐵工業|-94 -97 -59|70 79 -13 -15|1.1 29|0 0 0 na na
4952 凌通|半導體業|-47 -45 -37|65 82 12 -16|1.2 9|6 20 0 -14 -6
4953 緯致|資訊服務|17 20 -9|98 99 17 17|0.8 12|12 16 2 -11 -31
4958 臻鼎-KY|電子零組|-20 -4 -18|88 88 6 0|0.7 330|69 2 -5 -5 -17
4960 誠美材|光電業|-23 -33 -19|82 95 13 13|1.3 8|7 18 0 -6 -20
4961 天鈺|半導體業|-25 -34 -27|73 99 36 21|1.0 1125|12 7 5 -28 -49
4966 譜瑞-KY|半導體業|-52 -41 -44|45 89 29 -9|0.6 719|67 3 -2 -4 -6
4968 立積|半導體業|-24 -1 27|56 91 40 1|0.7 525|25 -1 1 9 18
4974 亞泰|電子零組|19 28 23|99 99 25 20|2.8 43|8 4 0 122 18
4976 佳凌|光電業|-35 -30 -1|62 82 17 -1|1.0 7|2 20 0 -14 -17
4977 眾達-KY|通信網路|77 79 56|94 94 23 46|1.4 498|38 -4 -1 9 13
4979 華星光|通信網路|182 126 69|88 88 60 70|2.0 394|8 -3 -4 47 236
4989 榮科|電子零組|-9 -15 -6|65 91 17 3|1.0 6|1 1 0 -1 5
5009 榮剛|鋼鐵工業|29 31 -12|100 100 40 29|0.9 386|25 4 -3 4 12
5011 久陽|鋼鐵工業|22 10 -23|65 96 29 -4|1.1 7|1 6 0 -7 -13
5014 建錩|鋼鐵工業|-33 -23 -30|84 100 52 7|1.1 48|4 2 0 -20 15
5015 華祺|鋼鐵工業|-26 -15 -28|78 78 -1 33|0.4 14|10 4 0 -2 26
5203 訊連|資訊服務|0 9 1|76 83 -4 -4|0.7 6|11 1 0 -2 -6
5222 全訊|半導體業|64 37 21|82 89 10 7|0.9 43|7 3 -1 13 -3
5225 東科-KY|其他電子|-6 24 -15|81 81 9 66|0.2 16|51 -5 -0 -10 4
5227 立凱-KY|電子零組|171 182 40|78 91 9 37|0.4 18|20 -1 0 na na
5234 達興材料|光電業|-21 -21 -8|59 100 29 10|1.3 5|8 -10 0 3 -4
5243 乙盛-KY|光電業|5 16 -1|87 90 1 -7|0.9 31|53 7 0 -9 4
5245 智晶|光電業|-26 -19 -17|66 76 0 -17|1.0 8|13 2 0 -10 8
5251 天鉞電|光電業|241 108 43|85 85 14 55|0.1 9|24 5 0 -16 -12
5258 虹堡|電腦及週|39 61 -10|100 100 51 29|2.0 218|17 11 0 -0 -22
5263 智崴|文化創意|54 27 23|96 96 30 13|2.7 75|15 0 -1 -9 12
5269 祥碩|半導體業|-1 -14 -2|47 92 52 -4|1.0 792|18 1 8 -31 -27
5274 信驊|半導體業|5 29 -15|72 95 32 22|0.8 598|56 6 -1 -42 4
5284 jpp-KY|其他|40 50 17|97 97 67 74|1.7 175|66 3 -0 43 74
5285 界霖|半導體業|-15 -15 -14|72 82 17 -11|2.9 8|2 4 0 -3 4
5288 豐祥-KY|電機機械|30 47 6|94 94 6 21|0.5 15|63 -11 -4 8 6
5289 宜鼎|電腦及週|-8 -4 -9|97 98 18 18|1.4 17|33 -4 0 3 -13
5299 杰力|半導體業|-50 -48 -36|72 98 42 0|0.9 20|3 8 0 -32 -10
5306 桂盟|運動休閒|-43 -33 -25|67 94 11 3|1.2 11|19 5 9 -33 -8
5309 系統電|電子零組|37 32 -9|89 94 12 10|0.8 38|2 2 1 na 15
5321 美而快|數位雲端|39 19 2|71 100 46 40|4.1 144|2 0 0 14 19
5340 建榮|電子零組|17 6 11|100 100 67 54|3.0 20|49 1 -3 na na
5347 世界|半導體業|-39 -24 -45|73 96 50 43|1.6 794|29 6 3 8 2
5351 鈺創|半導體業|-66 -66 -55|55 90 38 -4|0.6 241|8 0 0 3 1
5353 台林|通信網路|28 28 -8|69 69 -10 -4|0.3 15|2 2 0 5 4
5371 中光電|光電業|-35 -26 -29|74 88 19 10|0.5 136|18 9 1 -7 1
5386 青雲|電腦及週|-62 -44 -61|85 95 8 -0|0.9 9|1 2 0 -16 1
5388 中磊|通信網路|34 41 -7|78 78 8 -6|0.6 122|27 -7 2 4 -17
5410 國眾|資訊服務|9 218 130|86 86 15 34|0.2 14|6 6 0 -13 53
5425 台半|半導體業|3 12 -8|95 95 22 17|1.6 329|15 8 3 -3 -17
5434 崇越|電子通路|-1 13 -11|97 97 15 8|1.1 32|31 -11 5 -3 -2
5439 高技|電子零組|43 13 16|100 100 39 37|3.0 5|3 8 0 29 -37
5443 均豪|半導體業|-18 17 14|91 92 14 17|0.7 11|3 9 -2 -22 -20
5457 宣德|電子零組|-40 -29 -38|72 80 6 8|0.4 28|37 2 0 -8 -11
5469 瀚宇博|電子零組|-30 -20 -5|79 94 17 12|0.6 15|11 -4 1 -10 -4
5471 松翰|半導體業|-46 -53 -11|65 90 17 -6|0.6 26|13 9 -0 -18 -8
5478 智冠|文化創意|11 12 19|90 98 12 11|0.7 13|31 15 0 -33 -20
5483 中美晶|半導體業|13 17 -2|76 100 34 22|0.9 471|27 10 -1 -14 -22
5508 永信建|建材營造|-79 -56 -47|77 81 -12 -13|1.7 6|1 5 0 -22 -6
5522 遠雄|建材營造|-49 -46 -51|93 94 8 -4|0.5 22|7 -20 19 -17 -11
5530 龍巖|其他|-18 -4 -17|79 91 8 -4|0.7 8|56 -3 0 -13 -8
5534 長虹|建材營造|-50 34 -503|97 97 3 9|1.3 13|11 19 0 2 -6
5536 聖暉*|其他電子|30 30 -12|52 53 21 -39|2.5 26|15 8 -0 -1 -2
5603 陸海|航運業|-21 -20 -21|57 70 16 -16|0.7 5|8 6 0 -7 4
5607 遠雄港|航運業|-14 -4 -33|79 92 2 17|0.9 20|2 12 -2 -1 3
5608 四維航|航運業|-34 -30 -67|55 79 5 -17|0.3 87|4 -9 0 -15 27
5609 中菲行|航運業|-50 -41 -56|74 88 22 2|1.0 10|17 5 0 -21 -7
5704 老爺知|觀光餐旅|-2 1 -154|91 91 30 52|0.4 16|4 -1 0 -50 5
5706 鳳凰|觀光餐旅|298 270 210|89 91 32 1|0.4 51|2 1 0 -4 -3
5871 中租-KY|其他|16 20 -0|93 98 56 10|1.3 1013|76 19 0 2 -15
5876 上海商銀|金融保險|30 27 10|90 90 5 -4|1.1 143|55 18 2 -25 -39
5880 合庫金|金融保險|13 9 12|92 96 6 4|1.6 262|19 8 -0 -3 -22
5903 全家|居家生活|8 9 0|83 97 8 9|1.0 8|53 15 -1 -22 15
5904 寶雅|居家生活|18 8 -5|97 97 26 46|0.8 343|29 7 2 17 -23
5905 南仁湖|觀光餐旅|-13 -11 -62|80 93 10 3|1.3 17|2 -3 0 13 13
5907 大洋-KY|貿易百貨|-39 -27 -10|96 96 31 21|2.1 7|53 -1 0 -0 -29
6005 群益證|金融保險|-28 -28 8|77 93 14 2|1.0 15|17 13 0 -0 -38
6104 創惟|半導體業|-46 -45 -59|34 79 28 -11|0.6 358|6 1 0 9 15
6109 亞元|通信網路|-17 2 -8|92 92 35 22|0.4 14|6 7 0 -6 12
6111 光聚晶電|文化創意|366 267 -47|89 97 51 10|0.5 131|16 -0 0 -6 5
6116 彩晶|光電業|-41 -27 9|76 100 6 29|2.4 51|7 14 -2 -17 -11
6118 建達|電子通路|9 -5 -9|81 81 36 -14|0.4 116|2 2 0 -3 12
6121 新普|電腦及週|-2 2 2|100 100 21 20|1.0 79|48 1 1 -19 -37
6122 擎邦|電機機械|51 33 -12|98 98 35 1|1.4 17|4 2 0 -15 -0
6125 廣運|電機機械|5 23 -11|79 79 9 -7|0.9 24|5 -6 0 8 -20
6129 普誠|半導體業|23 18 -1|81 81 21 -2|0.9 41|2 4 0 3 1
6133 金橋|電子零組|-20 1 -33|80 80 21 -1|0.2 55|4 -0 0 -0 13
6138 茂達|半導體業|-53 -44 -41|56 94 28 13|0.9 101|16 6 1 -5 -3
6139 亞翔|其他電子|8 37 -20|100 100 49 45|1.1 94|26 10 0 2 5
6142 友勁|通信網路|28 87 41|94 94 14 16|0.7 7|2 3 0 na na
6143 振曜|通信網路|7 29 16|100 100 39 62|0.8 141|11 -0 1 2 11
6146 耕興|其他電子|-8 8 -9|85 85 10 11|0.7 57|46 -16 11 22 36
6147 頎邦|半導體業|-25 -18 -7|93 99 12 11|1.0 73|20 17 -2 -26 -28
6150 撼訊|電腦及週|-56 -65 -40|57 99 25 29|1.1 178|10 1 0 3 11
6153 嘉聯益|電子零組|-36 1 1|83 83 7 12|0.3 52|13 -1 0 -7 19
6155 鈞寶|電子零組|-16 -13 -10|98 99 23 18|2.6 5|2 5 0 -11 -4
6173 信昌電|電子零組|-36 -39 -8|69 92 21 -0|1.8 6|1 8 0 -31 -26
6175 立敦|電子零組|-10 -18 -11|80 100 44 18|2.2 6|17 6 0 -12 -12
6176 瑞儀|光電業|-30 3 -1|94 94 9 11|1.1 159|36 -22 5 -13 9
6177 達麗|建材營造|-97 -89 -7144|100 100 14 12|1.0 15|4 18 1 5 -9
6180 橘子|文化創意|10 -6 -6|100 100 54 38|2.4 238|35 13 0 71 54
6182 合晶|半導體業|-1 6 -18|59 85 14 0|1.2 98|13 4 -0 -6 -7
6186 新潤|建材營造|84818 na na|94 94 32 46|0.5 25|2 -1 0 18 57
6187 萬潤|半導體業|-47 -33 -20|48 77 19 -7|0.5 21|3 14 -11 -6 -17
6188 廣明|電腦及週|-3 10 -2|100 100 19 7|2.3 28|6 1 0 26 14
6189 豐藝|電子通路|-32 -28 -15|93 99 11 1|2.0 8|6 19 0 42 -8
6190 萬泰科|通信網路|-20 -17 -37|72 72 -1 -11|0.7 20|2 -4 0 1 19
6191 精成科|電子零組|-22 -17 -5|85 97 16 7|0.8 11|8 9 1 -8 -2
6192 巨路|其他電子|8 -1 -7|90 92 8 -4|1.1 6|20 -18 0 15 -18
6196 帆宣|其他電子|17 29 -20|77 100 31 20|0.9 56|7 12 -0 -18 -38
6197 佳必琪|電子零組|-9 11 -2|96 100 24 20|1.8 9|9 10 -0 10 -6
6202 盛群|半導體業|-36 -42 -32|68 100 11 6|1.3 60|18 22 2 -8 -42
6205 詮欣|電子零組|-3 16 -5|89 94 -3 17|1.3 48|2 4 -0 9 -1
6206 飛捷|電腦及週|-52 -42 -58|71 71 10 -22|0.6 14|13 12 0 -5 -17
6213 聯茂|電子零組|-15 -14 -5|66 100 51 19|1.2 78|11 5 1 -0 -12
6214 精誠|資訊服務|22 22 9|93 100 11 2|0.6 15|11 11 0 -17 1
6215 和椿|其他電子|-36 -31 -25|94 97 23 9|1.4 11|6 -0 0 -1 12
6217 中探針|電子零組|-23 -22 -34|71 73 14 -28|0.5 29|2 10 0 -6 -3
6220 岳豐|電子零組|-38 -30 -25|75 75 13 -5|0.3 19|2 4 0 -11 -10
6223 旺矽|半導體業|1 2 -13|95 95 49 36|0.7 226|15 -1 3 -2 30
6224 聚鼎|電子零組|-3 -10 -11|57 96 21 -4|0.7 6|8 5 0 -17 -14
6227 茂綸|電子通路|7 9 2|100 100 21 30|2.0 9|2 10 0 7 22
6231 系微|資訊服務|1 -10 -20|86 94 25 30|0.9 35|15 -4 -1 8 50
6233 旺玖|半導體業|-7 -2 0|69 84 22 -2|0.6 9|3 2 0 -3 -1
6234 高僑|光電業|18 42 -23|91 91 26 22|0.4 16|11 -0 0 3 119
6235 華孚|電腦及週|38 41 -8|85 92 23 2|0.8 101|3 -2 1 -7 -5
6237 驊訊|半導體業|-18 -29 18|57 81 20 -20|0.5 19|3 8 0 -10 1
6239 力成|半導體業|-21 -18 -19|94 99 18 2|1.1 139|41 -1 9 -10 2
6244 茂迪|光電業|18 10 16|85 95 23 3|1.0 96|16 -0 -1 24 11
6245 立端|通信網路|46 36 8|86 86 50 35|0.8 357|21 -4 -2 22 29
6257 矽格|半導體業|-12 -3 -17|90 99 10 3|1.2 39|19 17 8 -8 -6
6261 久元|半導體業|-18 -25 -14|74 92 11 -3|1.0 6|3 -3 0 -14 -32
6266 泰詠|電子零組|12 35 6|84 91 11 5|0.7 11|4 4 0 -3 -18
6269 台郡|電子零組|-27 -7 -23|91 91 14 10|0.4 68|35 2 2 -14 3
6271 同欣電|半導體業|-3 -6 -8|75 99 34 2|1.3 253|34 -0 4 -28 64
6274 台燿|電子零組|-26 -22 -10|71 100 56 22|1.3 192|31 -2 4 6 45
6278 台表科|光電業|-21 -10 -20|70 86 14 8|1.4 77|17 8 1 6 -10
6279 胡連|電子零組|27 37 5|86 86 7 5|0.8 184|9 -2 -4 30 -3
6282 康舒|電子零組|-11 -8 -25|100 100 31 16|5.2 63|12 10 0 28 -8
6284 佳邦|電子零組|-20 -8 -2|83 100 37 16|1.0 16|2 13 0 -14 -5
6285 啟碁|通信網路|35 54 13|91 91 -1 13|0.5 218|25 -0 -2 11 9
6288 聯嘉|汽車工業|-16 8 1|77 92 14 4|0.4 12|3 2 0 -3 -20
6290 良維|電子零組|-22 -14 -13|97 97 14 7|0.9 29|5 4 -2 -6 -2
6409 旭隼|其他電子|14 16 -19|86 86 18 10|1.6 210|68 2 3 100 -23
6411 晶焱|半導體業|-63 -67 -38|47 83 14 -8|1.0 27|12 2 -1 -1 5
6412 群電|電子零組|-7 -10 -13|95 100 9 7|1.1 9|14 8 19 2 -30
6414 樺漢|電腦及週|48 26 -1|93 93 22 6|0.9 163|18 11 -3 35 -13
6415 矽力*-KY|半導體業|-35 -23 -37|59 90 60 12|1.6 1011|92 5 1 -33 20
6416 瑞祺電通|通信網路|-1 0 -8|90 90 17 9|0.5 8|2 -8 2 -6 4
6435 大中|半導體業|-56 -43 -42|68 85 12 -5|1.1 10|1 3 0 2 -4
6438 迅得|其他電子|25 15 -3|75 93 22 5|0.8 16|13 14 0 -8 -20
6441 廣錠|電腦及週|35 -12 32|97 100 51 40|1.0 28|2 3 0 -2 16
6442 光聖|通信網路|6 -6 -11|72 72 24 -18|0.4 10|32 -4 0 4 14
6443 元晶|光電業|45 26 -25|78 88 9 13|1.1 430|18 2 3 -2 4
6446 藥華藥|生技醫療|124 238 -312|81 81 8 -9|0.6 469|14 9 -5 na 122
6451 訊芯-KY|半導體業|26 46 19|90 90 -0 23|0.9 30|62 -17 0 -8 38
6456 GIS-KY|光電業|-40 0 2|89 89 6 13|0.6 119|54 -8 -13 -4 34
6457 紘康|半導體業|-56 -57 -19|40 79 11 -17|0.5 6|2 6 0 -22 7
6461 益得|生技醫療|-82 -69 -90|69 69 5 -6|0.2 16|1 -1 0 -30 -26
6462 神盾|半導體業|-11 6 3|66 82 23 -13|2.0 6|11 25 0 -0 -15
6469 大樹|生技醫療|28 24 -6|97 97 12 22|1.1 103|12 18 -10 -11 -34
6470 宇智|通信網路|5 23 -30|74 74 22 -17|0.5 15|9 -2 -5 14 -10
6472 保瑞|生技醫療|358 360 242|87 87 47 98|0.6 1342|13 -3 0 1 -6
6477 安集|光電業|-61 21 -151|72 80 12 -11|0.4 61|2 3 2 -8 -9
6485 點序|半導體業|-29 -27 -32|54 90 25 3|0.5 21|8 11 0 -3 -1
6488 環球晶|半導體業|14 17 2|62 99 51 18|1.0 839|26 14 0 -31 -30
6491 晶碩|生技醫療|14 15 0|92 100 64 7|1.2 395|16 10 -2 -37 -6
6492 生華科|生技醫療|na na na|54 85 45 6|0.4 11|5 9 0 na na
6494 九齊|半導體業|-55 -48 -36|55 97 31 5|1.6 10|7 2 0 -5 -2
6505 台塑化|油電燃氣|2 7 -31|85 95 1 -1|1.7 150|7 6 -1 -28 -0
6508 惠光|農業科技|-63 -49 -71|63 77 2 -5|0.5 6|2 -0 0 -8 3
6509 聚和|化學工業|-7 2 -13|69 97 22 9|0.5 31|5 3 0 -20 -14
6510 精測|半導體業|-19 -10 -15|81 99 39 30|0.8 60|9 -0 2 -4 24
6515 穎崴|半導體業|73 80 7|93 93 42 17|0.7 213|16 -9 6 17 8
6523 達爾膚|生技醫療|1 -6 8|93 93 28 36|0.4 26|7 4 0 -8 -4
6525 捷敏-KY|半導體業|-24 -7 -17|80 89 14 -3|1.3 6|13 -7 1 -12 -35
6531 愛普*|半導體業|-53 -53 -35|51 100 49 15|0.8 430|16 9 -1 -8 -31
6532 瑞耘|半導體業|44 32 0|88 88 5 26|0.2 11|4 6 -2 -8 -12
6533 晶心科|半導體業|-47 40 12|93 93 49 126|0.6 2022|34 3 -0 -1 -13
6535 順藥|生技醫療|-7 290 -844|95 95 21 22|1.5 21|0 0 0 na na
6541 泰福-KY|生技醫療|170 150 na|51 71 3 -30|0.9 15|32 -1 0 na na
6546 正基|通信網路|-48 -51 na|na 51 -5 -35|0.4 15|2 -4 0 4 37
6547 高端疫苗|生技醫療|-98 -99 na|39 51 13 -41|0.5 165|8 6 0 -10 -8
6548 長科*|半導體業|-16 -9 -24|31 36 12 -59|1.2 8|5 -12 0 -1 17
6550 北極星藥業-KY|生技醫療|-100 -68 na|na 46 10 -21|0.6 339|67 0 0 na 41
6561 是方|通信網路|11 13 2|93 95 3 -2|1.9 8|13 -30 -7 6 -3
6568 宏觀|半導體業|71 76 49|55 88 44 44|0.6 72|6 -0 0 6 15
6570 維田|電腦及週|-3 16 -17|85 85 10 23|0.5 8|4 15 0 -9 -17
6576 逸達|生技醫療|7612 2563 -17064|75 91 36 -9|1.1 22|32 -2 -7 na na
6578 達邦蛋白|農業科技|-16 -9 -7|59 85 15 -6|0.3 6|1 0 0 38 1
6581 鋼聯|綠能環保|56 9 -48|85 94 12 10|0.6 5|2 3 -3 -5 -3
6582 申豐|橡膠工業|-65 -58 17|47 81 18 -3|0.8 11|17 7 0 -16 -6
6585 鼎基|其他|-8 -3 na|na 81 21 -16|0.7 12|10 1 0 51 123
6589 台康生技|生技醫療|-31 6 0|74 74 15 37|0.4 473|8 -2 -4 3 10
6592 和潤企業|其他|23 22 -5|87 97 13 3|1.1 28|27 -3 0 -14 -2
6598 ABC-KY|生技醫療|-17 5 -34|50 85 16 5|0.3 7|32 -4 0 5 -1
6603 富強鑫|電機機械|-5 11 3|90 90 -1 7|0.8 9|2 2 0 -16 6
6605 帝寶|汽車工業|5 9 2|91 91 12 2|0.9 25|17 -11 0 -2 -10
6609 瀧澤科|電機機械|43 38 10|99 99 48 31|2.9 23|54 1 0 38 65
6612 奈米醫材|生技醫療|28 22 -8|100 100 75 73|8.7 7|28 1 0 336 -9
6613 朋億*|其他電子|-7 18 -30|55 55 14 -38|1.3 10|3 19 0 -1 -7
6625 必應|其他|24 83 -189|94 94 33 44|0.5 12|3 6 0 -18 -2
6643 M31|半導體業|22 36 1|94 94 67 116|0.6 1495|20 0 -0 8 35
6664 群翊|電子零組|13 17 -6|95 95 23 23|0.5 16|6 3 -2 17 3
6666 羅麗芬-KY|生技醫療|-41 -13 -15|91 91 6 51|0.5 22|77 -9 0 43 13
6668 中揚光|光電業|11 6 7|72 86 10 -8|0.4 5|21 17 0 -19 -25
6669 緯穎|電腦及週|41 55 4|73 82 11 4|1.0 705|32 -7 -5 162 -54
6670 復盛應用|運動休閒|35 48 1|100 100 22 21|0.9 90|26 10 -2 25 48
6672 騰輝電子-KY|電子零組|-36 -36 -11|72 100 36 30|1.2 22|25 21 0 -15 -15
6679 鈺太|半導體業|-52 -47 -26|63 100 60 38|1.5 233|6 -3 9 -21 20
6683 雍智科技|半導體業|-7 3 -1|70 82 33 11|0.6 18|11 10 -4 na -3
6689 伊雲谷|數位雲端|8 -0 na|na na 43 na|2.4 99|15 -3 0 na na
6691 洋基工程|其他電子|6 37 -2|100 100 39 36|1.2 16|2 8 0 81 48
6703 軒郁|生技醫療|56 44 20|89 89 21 21|0.5 6|12 14 0 na na
6706 惠特|光電業|-78 -77 -61|41 78 21 -14|0.6 25|8 19 0 -1 -5
6712 長聖|生技醫療|15 16 -51|84 84 21 17|0.5 271|4 1 6 16 -9
6715 嘉基|電子零組|8 29 -16|78 78 15 -17|0.6 26|2 -5 0 -3 39
6719 力智|半導體業|-38 -41 -48|33 99 31 9|1.4 707|6 2 5 60 -23
6732 昇佳電子|半導體業|-34 -32 -5|67 97 46 5|3.8 17|10 4 5 23 -8
6741 91APP*-KY|數位雲端|18 16 1|39 90 47 7|1.2 416|61 -1 1 1 87
6747 亨泰光|生技醫療|-1 4 -14|66 86 4 -14|1.5 7|7 -20 0 na na
6756 威鋒電子|半導體業|-55 -49 -40|44 79 20 -11|0.7 60|4 3 0 -4 -12
6763 綠界科技*|數位雲端|11 12 na|na 97 42 21|3.0 42|6 -10 1 na 400
6768 志強-KY|運動休閒|-5 113 15|78 78 3 5|0.4 27|78 5 -1 -21 26
6770 力積電|半導體業|-40 -27 -48|54 98 13 5|1.5 543|20 15 1 -15 -15
6781 AES-KY|電子零組|0 7 -25|47 72 37 -18|0.8 555|75 -2 2 -20 6
6788 華景電|半導體業|88 19 -17|66 97 57 34|4.0 33|3 2 0 48 11
6789 采鈺|半導體業|-26 -20 na|na 72 37 -24|0.7 178|10 6 0 na 25
6806 森崴能源|綠能環保|-30 -38 -144|79 96 40 23|0.7 677|1 0 1 8 19
6829 千附精密|半導體業|-12 -12 na|na 87 13 7|0.4 8|1 7 5 -3 -3
6830 汎銓|其他電子|7 11 na|na na 50 na|3.5 7|0 1 1 na na
8016 矽創|半導體業|-41 -37 -24|86 100 25 33|1.9 187|30 21 2 -12 -7
8021 尖點|其他電子|-24 -18 -12|77 96 7 3|0.3 6|7 5 0 -19 -11
8027 鈦昇|電機機械|-18 -11 -42|66 72 3 -17|0.7 8|6 -6 -0 1 11
8028 昇陽半導體|半導體業|7 13 3|82 82 14 -9|0.4 99|14 1 -0 -6 1
8033 雷虎|其他|24 9 15|92 92 97 161|0.5 131|2 1 -0 na na
8038 長園科|電子零組|977 962 591|94 97 30 19|3.0 37|3 1 0 na na
8040 九暘|半導體業|-15 4 -18|78 86 -2 30|0.3 20|2 6 0 -3 3
8043 蜜望實|電子零組|-23 -27 -28|94 94 17 15|0.7 6|1 5 0 8 -1
8044 網家|數位雲端|0 -5 -0|53 100 34 11|1.5 161|14 2 1 -17 -5
8046 南電|電子零組|17 20 -5|48 82 23 7|0.6 1686|9 3 -5 7 -11
8049 晶采|光電業|38 28 9|99 99 25 33|1.0 27|8 8 -3 -4 -2
8050 廣積|電腦及週|73 43 20|88 88 19 10|0.6 286|5 -4 -11 -0 1
8054 安國|半導體業|3 5 -7|54 81 6 -8|0.5 6|2 5 0 -7 3
8069 元太|光電業|43 26 -36|72 72 -9 -4|0.8 3098|37 -2 1 -6 6
8070 長華*|電子通路|-21 -14 -22|90 95 8 2|1.3 8|10 0 2 -5 3
8076 伍豐|電腦及週|15 0 -9|83 83 15 1|0.7 18|4 16 0 -7 -13
8081 致新|半導體業|-26 -27 -17|69 100 24 16|1.2 95|19 5 0 -7 11
8084 巨虹|電子通路|36 62 25|78 78 16 27|0.3 33|0 -3 0 na na
8086 宏捷科|半導體業|-63 -69 -15|65 95 29 9|1.7 121|9 3 1 -3 -4
8088 品安|半導體業|-21 -13 -11|100 100 21 33|1.1 6|10 8 0 -3 -23
8091 翔名|半導體業|-6 5 -21|94 94 32 25|0.8 43|6 2 0 -25 3
8097 常珵|通信網路|805 391 -228|75 78 14 -12|0.5 26|1 3 0 -29 33
8105 凌巨|光電業|-13 -1 -4|98 98 30 26|2.7 17|60 4 0 40 22
8109 博大|電子零組|16 32 12|95 95 9 20|1.0 6|2 3 3 -17 9
8110 華東|半導體業|-17 -8 -30|66 90 12 0|2.2 5|2 5 0 -8 -12
8112 至上|電子通路|-38 -25 -11|76 97 12 1|1.1 25|14 15 0 -6 -5
8114 振樺電|電腦及週|-8 3 -28|69 69 2 -23|0.4 40|8 4 -2 -21 3
8121 越峰|電子零組|-7 -7 -7|60 83 14 -12|2.5 9|1 2 0 na 40
8131 福懋科|半導體業|1 0 -5|100 100 8 9|1.2 6|5 -0 0 -11 -11
8150 南茂|半導體業|-31 -31 -17|73 93 9 1|1.3 48|38 11 4 -1 -6
8155 博智|電子零組|-15 -7 -28|59 92 40 13|1.5 77|2 1 3 -10 -18
8163 達方|電腦及週|-7 -8 -15|85 93 5 1|0.9 11|10 5 0 -7 -2
8171 天宇|綠能環保|262 140 -71|100 100 59 52|1.8 280|2 0 0 7 -4
8183 精星|其他電子|12 36 -19|77 84 5 1|0.9 23|1 3 0 -3 5
8210 勤誠|電腦及週|17 1 -12|100 100 35 27|4.7 31|9 9 3 20 12
8213 志超|電子零組|-37 -35 -17|79 97 15 2|1.2 6|20 11 1 -4 -7
8215 明基材|光電業|-17 -11 -5|97 100 17 12|1.0 24|4 15 0 -14 -4
8222 寶一|電機機械|-21 13 -19|86 86 53 19|0.5 83|5 -1 -0 4 14
8234 新漢|電腦及週|-13 3 -17|89 89 23 6|0.5 21|4 -4 0 -45 12
8249 菱光|電子零組|62 54 41|94 94 35 40|0.3 8|3 5 0 5 -17
8255 朋程|電機機械|14 27 15|73 90 32 10|1.1 218|7 3 -4 -7 12
8261 富鼎|半導體業|-39 -36 -30|81 96 19 12|1.0 146|7 5 0 -11 0
8271 宇瞻|半導體業|-12 -1 -3|91 100 10 10|1.7 6|3 7 0 -25 -14
8289 泰藝|電子零組|-36 -20 -28|96 96 37 22|1.1 16|5 -6 0 4 23
8299 群聯|半導體業|-20 -27 -26|74 99 27 34|0.7 410|32 13 16 -21 -34
8341 日友|綠能環保|4 6 -9|75 86 24 -8|0.3 131|13 -9 1 -21 129
8349 恒耀國際|鋼鐵工業|-3 9 -3|74 74 3 17|0.5 12|2 -3 0 -12 4
8358 金居|電子零組|-12 -19 -5|98 100 69 65|1.6 664|11 4 8 -9 -21
8390 金益鼎|綠能環保|-20 1 -6|85 98 15 15|0.9 10|2 -1 0 3 55
8403 盛弘|生技醫療|-3 -6 -16|85 85 15 2|0.8 14|3 -7 0 -13 6
8415 大國鋼|鋼鐵工業|9 13 -11|96 98 16 12|0.4 9|11 16 0 -18 -12
8420 明揚|運動休閒|46 39 1|94 94 18 41|1.7 25|5 4 1 -16 28
8422 可寧衛*|綠能環保|61 71 -7|88 99 9 6|0.8 22|12 5 -2 -33 3
8429 金麗-KY|貿易百貨|-80 -79 -36|92 98 17 22|1.8 5|33 2 0 -8 -14
8436 大江|生技醫療|-6 -3 9|93 99 73 29|0.9 470|26 -1 1 -28 12
8440 綠電|綠能環保|2 -2 -3|48 82 36 -12|0.5 33|2 3 0 -13 -14
8442 威宏-KY|其他|17 41 -20|90 90 0 17|1.4 9|65 -1 0 2 -69
8454 富邦媒|數位雲端|19 18 0|60 96 66 2|1.0 699|27 3 6 -13 20
8462 柏文|運動休閒|4 9 -3584|97 98 12 7|1.5 5|1 -4 0 -4 0
8464 億豐|居家生活|-11 -6 -6|80 95 30 11|1.4 97|44 -2 11 3 -0
8476 台境*|綠能環保|10 212 -168|100 100 39 27|4.0 17|1 7 0 32 82
8478 東哥遊艇|運動休閒|16 25 -24|81 81 47 79|1.8 768|45 3 -1 8 -37
8916 光隆|其他|-30 -0 -36|82 82 -7 23|0.2 32|9 -0 -10 -12 -4
8924 大田|運動休閒|-14 -0 2|86 95 31 5|0.7 20|5 2 -1 -11 -14
8926 台汽電|油電燃氣|19 32 51|89 89 18 -7|0.6 14|7 18 0 -34 -12
8927 北基|油電燃氣|11 8 -15|93 93 1 4|0.9 9|0 -1 0 -6 -24
8928 鉅明|運動休閒|39 16 5|81 91 24 -4|0.5 5|2 7 0 -4 5
8931 大汽電|油電燃氣|90 93 50|100 100 59 67|1.3 7|0 10 0 2 6
8932 智通*|數位雲端|-62 -41 -29|90 90 32 76|0.6 21|32 7 0 1 -1
8933 愛地雅|運動休閒|17 5 -17|66 66 -19 49|0.4 64|8 2 0 na 38
8936 國統|其他|-32 -15 -2|99 99 18 24|1.2 11|8 8 0 -2 -8
8938 明安|運動休閒|30 22 -6|90 90 7 22|0.7 51|16 1 -1 -18 -34
8996 高力|電機機械|58 54 28|100 100 84 155|1.4 2768|17 2 0 3 -16
9802 鈺齊-KY|運動休閒|34 39 -18|67 67 2 -16|1.2 341|48 -5 -5 -45 68
9904 寶成|運動休閒|-14 10 -6|99 99 22 26|0.9 239|55 27 -0 -10 -14
9907 統一實|其他|-21 -20 -26|85 85 6 9|0.8 27|21 0 1 -10 1
9910 豐泰|運動休閒|1 30 -19|85 94 24 22|1.4 228|18 14 3 -61 -34
9914 美利達|運動休閒|57 61 32|59 78 4 -18|1.6 62|38 3 3 -40 -21
9917 中保科|其他|2 8 -1|92 95 7 -2|0.9 17|40 4 14 -56 -26
9919 康那香|其他|-23 -17 -2|57 91 14 6|0.1 22|3 -2 0 -3 6
9921 巨大|運動休閒|-12 6 -7|62 81 -3 -13|1.2 141|50 -6 -0 0 -7
9933 中鼎|其他|1 15 -25|88 88 -8 -1|0.4 53|19 -2 -2 -4 23
9938 百和|其他|-28 -22 -18|74 86 21 5|1.5 99|27 -2 4 -3 10
9939 宏全|其他|9 11 -5|100 100 6 23|1.3 69|34 6 -0 26 -22
9940 信義|其他|-4 -37 -14|81 87 -4 -8|0.9 7|6 18 -41 -5 -1
9941 裕融|其他|18 19 4|83 95 31 -3|1.4 122|5 13 -0 -8 -20
9942 茂順|其他|6 13 4|95 95 4 35|0.6 26|4 2 -1 -1 4
9945 潤泰新|其他|62 40 19|87 96 12 21|1.2 181|14 11 -0 -6 -25
9955 佳龍|綠能環保|-46 -34 -17|66 94 26 1|1.7 13|2 0 0 -1 -2
9958 世紀鋼|鋼鐵工業|45 13 15|81 100 29 10|1.3 351|8 1 3 -4 -22
9962 有益|鋼鐵工業|57 20 -26|91 100 34 27|1.4 12|4 7 0 11 -1
