# 2023-11-01 全池(994 檔)。欄位:代碼 名稱|產業|最新月YoY 3月YoY均 加速度|距52週高% 距120日高% 60日漲% 120日漲%|量能比 日均值M|外持% 外20 投20 資20 券20(外資持股比;外資/投信20日淨買佔成交值%;融資/借券餘額20日變化%)
1101 台泥|水泥工業|-16 -13 -19|82 84 -14 -16|0.8 593|21 -26 3 10 -29
1102 亞泥|水泥工業|-4 -9 -1|94 94 -1 -5|1.0 191|16 -11 -0 -6 -33
1104 環泥|水泥工業|4 5 -9|87 87 -12 -6|0.8 11|15 -17 0 -1 4
1210 大成|食品工業|-4 -3 -8|83 83 -8 1|0.5 57|11 -11 -1 -41 -7
1215 卜蜂|食品工業|1 1 -5|93 93 3 -1|0.3 27|41 -5 -7 -10 3
1216 統一|食品工業|16 16 7|90 90 -4 -5|1.6 559|38 -14 2 -18 6
1217 愛之味|食品工業|4 1 -3|80 80 -17 6|0.2 25|8 -2 0 -3 9
1218 泰山|食品工業|1 5 3|44 64 -23 -35|0.8 20|2 5 0 -5 -5
1219 福壽|食品工業|-12 -2 -3|87 91 -8 -10|0.7 6|6 14 0 -7 0
1227 佳格|食品工業|10 3 7|91 92 -5 -4|0.6 16|6 -1 0 1 14
1229 聯華|食品工業|-5 5 4|94 94 -2 9|0.8 44|11 14 2 -2 -10
1231 聯華食|食品工業|-4 0 -7|95 95 -3 4|0.3 7|2 -3 0 -17 -2
1232 大統益|食品工業|-9 -4 -10|94 95 -3 -3|1.0 5|1 -9 0 25 8
1268 漢來美食|觀光餐旅|6 16 -26|80 80 -13 1|0.6 19|2 -9 0 -2 14
1301 台塑|塑膠工業|-9 -8 17|85 85 -9 -14|0.9 478|32 -26 -6 9 28
1303 南亞|塑膠工業|-18 -19 10|80 80 -11 -18|1.4 428|29 -28 4 28 54
1304 台聚|塑膠工業|-16 -17 6|73 78 -21 -16|0.5 17|33 -29 0 8 11
1305 華夏|塑膠工業|-22 -13 12|75 81 -15 -8|0.3 33|8 -33 1 -4 88
1307 三芳|塑膠工業|-18 -9 -7|87 87 1 9|0.2 8|12 -2 0 -33 0
1308 亞聚|塑膠工業|-26 -35 -10|81 87 -13 -6|0.4 9|7 6 1 -11 -3
1310 台苯|塑膠工業|-8 -20 7|88 90 -7 -5|1.0 9|6 2 0 -4 1
1312 國喬|塑膠工業|-3 -8 11|76 82 -16 -17|0.5 15|12 -13 0 -1 -1
1313 聯成|塑膠工業|39 23 30|85 85 -13 3|0.6 11|11 1 0 1 -5
1314 中石化|塑膠工業|24 6 33|99 100 6 4|1.3 142|12 9 0 16 -17
1316 上曜|建材營造|-63 -73 -49|76 83 -6 -17|0.3 15|2 -2 0 17 -17
1319 東陽|汽車工業|13 11 3|85 85 27 61|0.6 630|26 6 -2 -17 -42
1324 地球|塑膠工業|6 7 13|92 92 62 63|1.6 95|2 1 0 13 71
1326 台化|塑膠工業|1 -4 10|81 88 -9 -11|0.7 207|33 -1 2 9 -13
1339 昭輝|汽車工業|8 8 5|90 90 42 47|0.6 56|4 1 0 -14 9
1342 八貫|其他|4 -1 -3|68 84 -3 -17|1.4 45|44 -1 0 26 35
1402 遠東新|紡織纖維|0 -3 2|91 91 -0 -5|0.9 182|16 3 6 -10 -2
1409 新纖|紡織纖維|-1 -10 9|86 91 -7 -8|0.6 13|12 6 0 -3 -5
1434 福懋|紡織纖維|-14 -18 -3|94 94 -4 -4|0.7 17|7 -12 0 -25 12
1437 勤益控|其他|104 36 29|97 100 6 7|1.5 7|8 9 0 91 -14
1440 南紡|紡織纖維|-16 -11 -6|80 88 -9 -13|0.8 9|6 -4 0 -24 -6
1442 名軒|建材營造|2462 811 159|94 94 2 17|0.4 17|4 2 0 3 7
1444 力麗|紡織纖維|-35 -37 -7|94 94 -4 1|0.3 11|5 -14 0 0 13
1449 佳和|紡織纖維|-2 22 23|66 66 -19 4|1.8 6|2 -1 -0 30 22
1471 首利|電子零組|39 54 46|75 75 26 92|0.3 57|1 0 0 -10 -100
1473 台南|紡織纖維|3 -8 1|97 97 26 34|2.7 13|11 7 0 28 40
1476 儒鴻|紡織纖維|-18 -25 3|94 94 -5 11|0.6 255|40 5 2 -6 -19
1477 聚陽|紡織纖維|15 1 2|99 99 16 61|0.5 589|39 6 1 -44 -40
1503 士電|電機機械|-4 4 -6|58 58 -31 -20|0.6 205|32 9 -0 -20 -17
1504 東元|電機機械|9 3 -2|77 77 -14 -1|0.5 330|16 -14 7 3 -1
1513 中興電|電機機械|4 20 6|67 67 -19 -6|0.5 484|10 -1 -6 -13 -11
1514 亞力|電機機械|12 12 -14|76 76 -14 6|0.6 189|7 -5 -0 0 24
1515 力山|電機機械|156 118 122|88 88 4 34|0.2 41|7 -10 1 -10 8
1519 華城|電機機械|84 141 94|75 75 5 120|0.8 2257|14 1 -2 -20 13
1522 堤維西|汽車工業|1 6 1|85 85 18 37|0.3 197|13 -3 -0 -26 7
1524 耿鼎|汽車工業|25 22 10|100 100 38 34|2.5 362|3 -0 0 21 -2
1525 江申|汽車工業|-14 -14 -41|61 61 -22 5|1.7 7|1 -16 -0 6 8
1528 恩德|電機機械|-2 8 -0|62 62 -19 -8|0.5 6|4 -3 -1 -2 4
1529 樂事綠能|電機機械|186 164 -19|62 62 -24 -21|0.4 26|0 -6 0 -4 17
1532 勤美|電機機械|4 56 51|90 90 -9 6|0.4 18|13 -15 0 -5 4
1533 車王電|汽車工業|18 21 -8|76 76 -14 -4|0.6 7|5 -7 0 -9 -0
1536 和大|汽車工業|-22 -22 -19|81 85 -6 -10|0.5 20|11 -6 4 -2 6
1537 廣隆|電機機械|-15 -20 -13|96 96 -4 -0|0.5 14|17 17 -0 -5 20
1558 伸興|電機機械|32 54 31|88 93 -1 -1|0.4 7|8 12 0 -10 3
1560 中砂|電機機械|-2 -9 -3|100 100 28 58|0.8 564|13 4 -0 6 -48
1565 精華|生技醫療|-20 -18 -4|72 80 -11 -20|0.6 14|13 -11 0 11 -10
1568 倉佑|汽車工業|-24 -30 -9|83 83 26 44|1.2 121|3 0 0 28 10
1580 新麥|電機機械|34 20 11|100 100 9 40|0.9 24|9 16 0 2 -40
1582 信錦|電子零組|20 5 26|100 100 18 19|1.2 16|8 3 0 6 -15
1584 精剛|其他|58 63 -5|77 83 -9 -16|0.4 123|2 -2 -6 -11 23
1589 永冠-KY|電機機械|-21 -22 -29|60 60 -13 -39|0.7 14|6 -15 0 0 36
1590 亞德客-KY|電機機械|22 25 11|83 92 5 -1|1.7 627|76 -1 4 -14 115
1591 駿吉-KY|電機機械|-88 -86 -29|90 90 -2 44|1.1 36|14 -2 0 -3 7
1603 華電|電器電纜|140 45 7|79 79 -4 29|0.6 112|6 2 -0 -6 4
1604 聲寶|電器電纜|1 -2 3|85 85 0 6|0.9 19|10 -1 0 -5 -14
1605 華新|電器電纜|20 7 2|61 73 -12 -23|0.5 408|20 -9 -0 -4 5
1608 華榮|電器電纜|-5 -13 1|79 79 -9 21|0.3 14|1 0 0 -8 -21
1609 大亞|電器電纜|-0 1 7|81 81 -15 9|0.4 257|11 -23 -0 3 39
1611 中電|電器電纜|-15 -13 3|75 75 -12 -13|0.5 6|10 11 0 -2 -12
1612 宏泰|電器電纜|-14 10 5|86 86 -8 22|0.3 31|14 -16 -1 -17 23
1618 合機|電器電纜|57 84 16|84 84 -8 39|0.5 86|3 -1 0 -14 14
1701 中化|生技醫療|-2 3 -5|65 88 -5 -11|0.9 8|10 -4 0 -7 -24
1702 南僑|食品工業|18 15 4|98 98 3 2|0.8 15|12 15 3 -10 1
1707 葡萄王|生技醫療|-11 2 -2|81 81 -15 -15|0.7 42|16 -10 -1 3 -11
1708 東鹼|化學工業|-35 -38 -23|72 79 -15 -12|0.7 20|7 15 0 -23 -14
1709 和益|化學工業|9 -7 -4|82 83 -12 -15|0.3 6|3 -12 0 -9 -6
1710 東聯|化學工業|-9 13 22|79 79 -18 -12|0.5 29|9 -4 -2 2 35
1711 永光|化學工業|2 -7 8|87 88 -8 -5|0.8 16|7 -1 0 -4 -2
1712 興農|化學工業|-3 -16 -5|91 93 1 -1|1.1 37|14 21 -3 -15 -0
1717 長興|化學工業|3 -3 9|81 83 -8 -14|0.6 26|14 -10 -0 -13 8
1720 生達|生技醫療|-14 8 -8|81 81 -0 -12|0.6 29|5 -23 0 -20 54
1721 三晃|化學工業|5 -19 6|90 90 13 5|6.8 6|3 0 0 30 21
1722 台肥|化學工業|-20 -21 -21|94 94 -1 2|0.6 102|13 12 1 -13 -11
1723 中碳|化學工業|-32 -29 -16|100 100 8 11|1.1 66|10 9 2 82 -27
1727 中華化|化學工業|-24 -26 -5|66 66 -15 -29|0.7 10|2 -3 0 -6 7
1734 杏輝|生技醫療|-4 2 -8|85 85 -3 1|0.9 8|6 -9 0 -2 -3
1736 喬山|運動休閒|10 22 5|79 83 -16 4|0.6 56|7 -16 -1 -19 23
1737 臺鹽|食品工業|0 -6 3|89 89 1 3|0.1 6|8 5 0 -33 0
1752 南光|生技醫療|5 10 -17|68 71 -10 -27|0.6 11|2 -11 0 -11 -17
1760 寶齡富錦|生技醫療|-26 -28 -7|61 72 5 -28|4.2 76|12 -4 0 7 25
1762 中化生|生技醫療|-58 -25 -41|54 54 -24 -40|0.5 14|6 -6 -4 -12 -7
1773 勝一|化學工業|-1 -8 9|89 89 -9 6|1.1 11|5 8 0 -4 -16
1783 和康生|生技醫療|-25 -1 -13|69 74 -20 -26|0.8 9|7 -9 -9 -27 9
1784 訊聯|生技醫療|23 18 -0|79 79 -11 -19|0.4 17|5 -13 0 2 27
1785 光洋科|其他電子|20 -1 21|95 95 5 12|2.1 92|9 6 0 25 -27
1786 科妍|生技醫療|-16 36 5|80 80 -9 7|0.3 18|3 -13 0 -8 12
1789 神隆|生技醫療|25 -4 -15|79 79 -17 -2|0.7 13|4 2 -3 0 -16
1795 美時|生技醫療|-67 24 -11|74 74 -13 -9|2.2 896|69 -5 6 -6 7
1799 易威|生技醫療|150 81 -2|89 89 29 43|4.3 6|15 0 0 na na
1802 台玻|玻璃陶瓷|17 18 19|73 82 -16 -3|0.2 92|6 -8 -2 -12 14
1808 潤隆|建材營造|41065 33252 24365|100 100 19 30|0.6 43|5 22 0 4 1
1809 中釉|玻璃陶瓷|-19 -14 -7|85 85 -9 -4|0.3 8|2 -7 0 -8 2
1810 和成|玻璃陶瓷|-1 3 11|64 71 -16 -28|0.3 10|3 0 0 -4 2
1815 富喬|電子零組|-24 -36 -9|92 92 15 44|1.5 423|3 -3 0 25 49
1903 士紙|造紙工業|-19 6 6|69 69 -19 20|0.4 11|12 -3 0 -6 -2
1904 正隆|造紙工業|2 -3 6|81 81 -18 -12|0.2 30|9 -13 -0 -12 10
1905 華紙|造紙工業|-15 -20 -12|64 64 -33 -19|0.3 61|4 -9 0 -4 17
1907 永豐餘|造紙工業|-6 -10 0|74 74 -20 -7|1.1 86|11 -24 0 -4 20
1909 榮成|造紙工業|-12 -8 4|74 80 -18 -18|0.8 29|11 -17 -3 4 12
2002 中鋼|鋼鐵工業|-2 -15 7|78 83 -15 -15|0.7 592|17 -20 0 0 18
2006 東和鋼鐵|鋼鐵工業|14 7 11|100 100 9 16|1.4 77|17 8 8 -18 2
2009 第一銅|鋼鐵工業|24 -3 14|75 75 -17 -10|0.4 12|1 8 0 -4 -6
2010 春源|鋼鐵工業|-13 -8 10|86 86 -14 3|0.3 6|7 -23 0 -16 2
2014 中鴻|鋼鐵工業|17 21 41|73 82 -18 -10|0.4 77|7 -1 -2 -8 9
2015 豐興|鋼鐵工業|-4 -8 5|87 87 -9 -6|0.8 14|11 5 3 6 -11
2017 官田鋼|鋼鐵工業|14 0 21|73 82 -16 -15|0.4 7|1 2 0 -2 4
2020 美亞|鋼鐵工業|-5 12 0|93 93 2 26|0.3 11|4 3 4 -12 31
2022 聚亨|鋼鐵工業|18 6 11|74 74 -11 -7|0.2 5|3 -2 0 82 9
2023 燁輝|鋼鐵工業|-0 -7 12|89 97 -3 2|0.8 24|6 8 0 -15 -1
2027 大成鋼|鋼鐵工業|-14 -13 -4|90 90 -9 4|0.5 121|15 8 -2 -11 9
2030 彰源|鋼鐵工業|-23 -23 2|76 79 -18 -17|0.6 7|2 -1 0 -24 2
2031 新光鋼|鋼鐵工業|10 8 6|88 89 -11 6|0.4 39|14 -13 -5 2 38
2034 允強|鋼鐵工業|-15 -6 9|88 93 -5 -5|0.4 8|7 1 0 -1 2
2049 上銀|電機機械|-14 -17 2|76 80 -6 -12|0.9 159|30 -7 -1 1 -13
2059 川湖|電子零組|-29 -34 -12|69 69 -14 72|1.1 928|13 2 -10 2 18
2066 世德|電機機械|-13 -10 -16|73 73 -17 -18|0.5 8|11 -12 0 6 15
2101 南港|橡膠工業|16 16 19|88 88 -4 -6|0.5 20|7 -2 0 2 -4
2103 台橡|橡膠工業|-10 -12 -2|80 89 -8 -11|0.4 11|25 -13 0 0 1
2104 國際中橡|橡膠工業|-25 -29 -11|84 84 -10 -5|0.7 22|12 -1 -2 -5 16
2105 正新|橡膠工業|-3 -5 -2|98 98 18 19|0.8 249|18 22 -0 -11 99
2106 建大|橡膠工業|-17 -13 -3|95 95 -1 -2|0.3 8|6 -5 0 3 -1
2107 厚生|橡膠工業|-15 -22 3|97 97 4 7|0.4 7|7 7 0 63 30
2108 南帝|橡膠工業|-10 -6 24|77 87 -6 -13|1.0 14|8 -7 0 -3 -5
2201 裕隆|汽車工業|18 6 1|85 85 -6 0|0.7 800|6 -7 -0 11 76
2204 中華|汽車工業|32 24 -2|79 79 -2 16|0.5 257|25 -11 -1 2 60
2206 三陽工業|汽車工業|8 15 -13|70 70 -13 18|0.4 275|8 -12 -0 -7 22
2207 和泰車|汽車工業|-1 14 -3|71 71 -16 -9|0.9 137|25 -23 0 2 23
2208 台船|航運業|9 29 -10|72 79 -14 -16|0.3 31|5 -15 0 -11 15
2211 長榮鋼|鋼鐵工業|27 30 39|100 100 11 30|0.6 36|8 7 3 -10 -14
2228 劍麟|汽車工業|1 6 -6|82 82 -9 9|0.4 18|8 -18 -2 -3 13
2230 泰茂|居家生活|65 39 25|98 98 56 76|1.9 119|7 4 0 37 -9
2231 為升|汽車工業|2 13 -7|73 77 -8 -17|0.6 27|7 -24 -7 -3 34
2233 宇隆|汽車工業|14 5 7|94 94 31 28|3.0 530|9 2 1 204 28
2236 百達-KY|汽車工業|34 34 10|84 84 12 82|0.3 31|65 -1 0 8 70
2241 艾姆勒|汽車工業|77 63 63|75 75 -17 -2|0.3 11|20 -17 0 -20 41
2247 汎德永業|汽車工業|10 20 -2|89 89 -2 10|0.4 16|6 -1 -0 -11 2
2301 光寶科|電腦及週|-12 -14 -2|66 66 -25 37|0.7 2212|39 3 -1 -1 -31
2303 聯電|半導體業|-24 -24 -13|92 92 1 1|1.1 2398|33 3 6 -4 -2
2305 全友|電腦及週|-7 -10 -13|76 91 16 14|2.9 45|0 -0 0 -81 4
2308 台達電|電子零組|-4 2 -12|77 77 -21 -3|1.3 2250|65 -25 -2 6 -28
2312 金寶|其他電子|-19 -22 -22|79 79 -16 9|0.3 53|10 4 0 -1 -12
2313 華通|電子零組|-7 -10 0|91 91 19 20|0.5 836|21 1 0 -19 -30
2314 台揚|通信網路|-62 -48 -54|68 73 -20 -28|0.7 28|2 -9 -0 -14 na
2316 楠梓電|電子零組|-11 -23 6|72 72 -24 25|0.2 52|24 -0 1 -27 -2
2317 鴻海|其他電子|-20 -10 -7|85 85 -14 -6|2.0 3253|38 -19 -2 -7 24
2323 中環|光電業|14 4 14|74 74 -12 43|0.4 85|10 -6 -1 -6 -5
2324 仁寶|電腦及週|-19 -13 3|78 78 -4 13|0.4 550|45 -2 2 -12 -9
2327 國巨*|電子零組|-7 -11 -4|95 98 16 10|1.3 968|50 13 6 -11 -19
2328 廣宇|電子零組|-2 7 3|78 78 -13 -4|0.8 50|13 -11 0 -5 26
2329 華泰|半導體業|39 24 26|83 83 -11 125|0.6 483|8 1 0 -8 12
2330 台積電|半導體業|-13 -11 -17|90 90 -4 5|1.0 13379|72 -5 2 2 -14
2331 精英|電腦及週|-34 -41 -1|64 64 -11 0|0.2 58|21 -7 0 5 4
2332 友訊|通信網路|-20 -14 -13|71 71 -8 2|0.2 60|13 -14 0 -2 -5
2337 旺宏|半導體業|-40 -36 0|77 78 -14 -12|1.3 214|18 -13 5 -6 29
2338 光罩|半導體業|8 -6 -4|72 84 -6 -11|0.8 125|7 -5 0 0 22
2340 台亞|半導體業|18 6 28|81 81 -11 35|0.6 151|12 2 0 -4 -10
2342 茂矽|半導體業|-23 -26 -3|71 80 -15 -14|0.7 7|4 6 0 -7 -5
2344 華邦電|半導體業|-8 -12 13|87 87 -4 7|1.1 758|21 -6 -2 8 9
2345 智邦|通信網路|2 9 -10|91 91 35 73|0.7 1957|66 -3 3 -9 -38
2347 聯強|電子通路|-15 -8 1|100 100 18 16|1.1 224|29 3 18 -7 12
2348 海悅|其他|52 44 49|99 99 24 30|0.5 5|1 0 0 138 3
2351 順德|半導體業|-10 -8 -2|77 77 0 -11|1.0 149|16 -3 0 -27 27
2352 佳世達|電腦及週|-9 -16 -1|76 76 -3 26|0.5 358|13 -8 8 -9 37
2353 宏碁|電腦及週|3 4 24|84 84 -3 20|0.6 362|35 -15 6 -8 10
2354 鴻準|其他電子|2 28 20|86 86 -5 -0|0.7 180|18 -1 -0 -24 33
2355 敬鵬|電子零組|9 5 8|83 83 5 14|0.3 156|26 -3 -0 -27 -9
2356 英業達|電腦及週|-7 -4 1|57 57 -30 29|0.5 1341|25 -3 0 -8 22
2357 華碩|電腦及週|-18 -5 7|80 80 -5 23|0.4 1167|55 -1 1 -24 11
2358 廷鑫|其他|-55 -55 -13|63 76 8 -11|0.8 10|1 -1 0 7 -62
2359 所羅門|其他電子|-18 -9 3|78 78 -10 8|0.2 30|6 -3 0 1 -0
2360 致茂|其他電子|-28 -28 -29|72 72 -19 14|1.1 689|69 2 -4 33 -34
2362 藍天|電腦及週|23 7 -4|87 87 -4 5|0.6 10|6 -8 0 5 -21
2363 矽統|半導體業|504 176 148|99 99 176 228|0.2 1582|11 3 0 8 -30
2364 倫飛|電腦及週|35 14 -11|94 94 107 73|0.4 111|24 5 0 2 -48
2365 昆盈|電腦及週|13 -22 10|92 92 4 13|0.4 14|7 2 0 13 15
2367 燿華|電子零組|-34 -31 -20|86 86 7 4|0.7 80|7 -1 3 -11 3
2368 金像電|電子零組|-4 -4 0|79 79 12 82|0.5 1748|21 2 -4 -32 -20
2369 菱生|半導體業|19 11 28|88 88 15 51|1.9 250|17 2 0 43 22
2371 大同|電機機械|49 59 -9|63 63 -27 6|0.5 328|15 8 -2 -7 -21
2374 佳能|光電業|-3 7 12|91 91 16 17|0.3 33|8 -0 0 19 -13
2375 凱美|電子零組|-10 -16 5|78 86 1 -7|1.0 11|6 -6 0 -5 -11
2376 技嘉|電腦及週|86 51 38|62 62 -28 62|0.6 5104|24 -0 -4 -3 13
2377 微星|電腦及週|39 27 34|82 82 -6 18|0.7 525|37 -12 3 -24 1
2379 瑞昱|半導體業|-8 -10 9|96 96 1 18|0.8 894|45 -2 5 -8 -7
2382 廣達|電腦及週|-19 -25 -14|70 70 -13 108|0.6 10741|24 -2 -2 -17 28
2383 台光電|電子零組|29 20 27|80 80 -7 116|0.8 2124|30 -11 -1 7 148
2385 群光|電子零組|-9 -16 -2|96 96 20 34|0.7 309|33 -6 15 -32 9
2387 精元|電腦及週|-12 -19 -12|96 96 18 14|0.8 37|15 -1 0 1 30
2388 威盛|半導體業|-3 36 14|79 79 10 65|1.1 3261|10 -1 0 -7 41
2390 云辰|其他電子|5 11 -3|93 93 14 22|5.2 31|2 -4 0 33 93
2392 正崴|電子零組|-13 -5 0|83 83 0 -2|0.3 42|13 -17 0 -10 -1
2393 億光|光電業|-3 -5 10|86 86 -9 17|0.6 39|31 -13 -0 -22 -15
2395 研華|電腦及週|-20 -19 -20|81 81 -6 -3|0.7 236|41 -20 -1 -2 1
2399 映泰|電腦及週|0 1 7|83 83 -1 54|1.1 84|3 -3 -0 4 4
2401 凌陽|半導體業|6 7 34|84 84 -2 30|0.7 192|13 3 0 -8 -14
2402 毅嘉|電子零組|3 15 -5|69 69 -10 18|0.2 227|11 -3 0 -16 1
2404 漢唐|其他電子|87 25 -82|100 100 9 17|1.0 271|32 7 11 -0 -33
2405 輔信|電腦及週|2 11 18|91 91 3 28|1.2 110|10 -0 0 2 -4
2406 國碩|光電業|-39 -51 -5|75 84 -6 -14|5.3 9|6 -1 0 -1 -0
2408 南亞科|半導體業|-15 -28 27|85 85 -8 3|0.9 568|16 -2 -2 13 36
2409 友達|光電業|51 41 51|74 74 -24 -11|0.9 458|22 -14 -0 4 25
2412 中華電|通信網路|-3 0 -2|95 95 0 -4|1.3 828|17 -10 1 -40 -11
2413 環科|電子零組|-25 -10 -31|57 67 -25 -32|0.5 7|1 4 0 -11 1
2417 圓剛|電腦及週|-12 -11 7|97 97 67 59|2.4 86|3 -0 0 8 5
2419 仲琦|通信網路|-50 -50 -57|57 57 -26 18|0.6 53|3 0 -0 -4 10
2420 新巨|電子零組|-23 -23 -5|93 93 -2 9|0.6 12|5 4 0 13 20
2421 建準|電子零組|-22 -9 -8|59 59 -30 36|0.3 627|24 1 -2 -18 -12
2423 固緯|其他電子|-13 -2 -6|91 91 1 -1|0.8 11|5 1 0 -24 7
2425 承啟|電腦及週|49 46 46|73 73 -16 53|0.7 173|5 -2 -0 18 40
2426 鼎元|光電業|-3 -2 15|83 83 -6 -1|0.5 8|9 -1 0 -3 -6
2427 三商電|資訊服務|74 34 30|88 88 6 93|1.9 204|3 -1 0 22 7
2428 興勤|電子零組|-12 -6 -3|79 79 -21 -10|0.3 27|15 -13 0 -2 31
2436 偉詮電|半導體業|29 36 43|84 84 14 44|0.4 258|10 1 0 -3 -18
2439 美律|通信網路|10 -16 -16|96 96 4 8|0.9 38|14 16 1 8 -20
2441 超豐|半導體業|14 1 26|96 96 1 14|0.5 42|14 10 3 -32 -14
2442 新美齊|建材營造|32 32 -29|86 86 8 22|0.5 25|4 4 0 -23 11
2449 京元電子|半導體業|-3 -5 6|89 89 26 79|0.6 1301|41 -1 4 -24 -12
2451 創見|半導體業|0 -11 9|99 99 5 13|0.8 25|11 7 9 -4 -4
2453 凌群|資訊服務|5 5 -1|63 66 -22 -25|0.9 42|5 -6 0 4 28
2454 聯發科|半導體業|-36 -21 5|99 99 20 38|1.6 6209|59 7 6 -8 11
2455 全新|通信網路|81 49 65|90 90 8 48|1.0 365|33 1 3 7 -10
2457 飛宏|電子零組|-22 -9 -5|62 62 -19 -26|1.1 281|10 2 -0 -1 28
2458 義隆|半導體業|34 26 49|98 98 22 61|1.0 513|27 6 6 53 -32
2460 建通|電子零組|24 24 43|95 95 20 32|0.9 27|2 5 0 8 -5
2461 光群雷|其他電子|-19 -8 4|85 85 -12 8|0.3 7|8 -14 0 -2 -3
2462 良得電|電子零組|-1 -9 10|86 86 10 25|1.3 95|2 -7 0 -13 68
2464 盟立|其他電子|-4 -14 -3|86 86 -9 3|0.4 19|4 -8 0 -4 9
2465 麗臺|電腦及週|-55 -29 7|90 90 46 47|3.3 187|4 2 0 -85 na
2468 華經|資訊服務|-34 -15 -26|66 66 -3 12|0.3 51|1 -2 -0 -3 17
2471 資通|資訊服務|-4 -7 -5|77 78 -7 -19|0.3 10|3 -7 0 -4 -8
2472 立隆電|電子零組|-11 -11 4|82 91 -2 -6|0.3 9|2 -13 5 -2 4
2474 可成|其他電子|-60 -50 -31|98 98 4 3|0.6 257|39 -14 9 9 -22
2476 鉅祥|電子零組|-21 -22 -13|96 97 13 13|2.4 48|5 11 0 6 -31
2480 敦陽科|資訊服務|1 2 -4|89 89 -4 13|0.6 22|6 10 -1 -11 -9
2481 強茂|半導體業|6 4 12|78 78 -16 -4|0.7 58|11 -1 0 -8 4
2482 連宇|其他電子|-20 -20 -143|52 52 -30 -37|0.5 34|5 8 0 -12 11
2484 希華|電子零組|-23 -30 -4|81 88 -7 -7|0.4 9|6 11 0 -1 -10
2485 兆赫|通信網路|-19 -17 -24|78 78 14 23|1.6 85|5 -9 0 12 41
2486 一詮|光電業|10 3 16|89 89 8 73|0.6 580|7 2 0 -6 -17
2488 漢平|其他電子|2 -15 6|95 95 16 34|0.5 14|6 19 0 43 3
2489 瑞軒|光電業|19 29 40|75 75 -17 3|0.4 12|12 -12 -1 -9 na
2492 華新科|電子零組|7 6 17|100 100 19 15|1.5 212|16 12 3 -10 -3
2493 揚博|電子零組|8 4 5|94 94 14 42|0.6 30|8 5 0 -14 18
2495 普安|電腦及週|11 -8 -24|69 73 -15 -23|0.4 12|18 -1 0 -1 -3
2497 怡利電|汽車工業|8 22 7|73 84 -10 -11|0.4 30|1 -4 0 -7 -3
2498 宏達電|通信網路|30 -3 -1|65 70 -12 -21|1.0 232|10 0 -0 1 6
2501 國建|建材營造|-51 -37 -114|89 94 -4 -5|0.6 11|7 11 -1 11 26
2504 國產|建材營造|-3 -5 -6|91 91 -9 -5|0.5 21|12 -23 5 16 11
2515 中工|建材營造|14 23 -3|97 97 14 19|1.2 213|16 -3 0 53 23
2520 冠德|建材營造|46 16 2|100 100 8 24|1.0 40|17 5 0 6 -11
2530 華建|建材營造|-100 -52 -14548|98 98 4 21|0.8 18|2 2 0 -5 13
2534 宏盛|建材營造|-31 -44 -76|76 85 -11 -14|0.4 6|7 -16 -3 6 1
2535 達欣工|建材營造|-18 -17 -4|93 93 2 6|3.7 18|8 20 0 -9 -80
2536 宏普|建材營造|30 -13 -21|96 96 8 13|0.7 8|10 -7 0 2 0
2538 基泰|建材營造|-34 96 72|96 96 25 25|0.4 41|13 3 0 35 72
2539 櫻花建|建材營造|na na na|100 100 3 33|0.5 11|1 11 0 -2 -4
2540 愛山林|建材營造|59 64 22|89 89 16 42|0.2 29|1 -10 3 3 -10
2542 興富發|建材營造|189 1515 986|97 97 6 5|0.6 112|10 -7 -2 1 11
2543 皇昌|建材營造|52 47 23|100 100 119 124|1.7 42|2 1 0 30 107
2548 華固|建材營造|415 248 210|99 99 1 3|0.7 29|18 8 9 -3 -14
2603 長榮|航運業|-51 -57 -5|92 92 0 32|0.7 1287|28 1 2 -1 -5
2605 新興|航運業|-2 6 -1|81 87 11 2|0.6 163|35 1 1 -7 -0
2606 裕民|航運業|-7 -7 3|76 85 0 -11|0.4 209|6 -8 -4 -9 21
2607 榮運|航運業|14 -11 -1|97 97 6 19|1.1 97|17 27 1 -8 -42
2609 陽明|航運業|-56 -63 -4|78 78 -11 -2|0.4 383|12 -0 6 -4 -11
2610 華航|航運業|24 26 13|73 73 -20 6|0.7 527|12 -9 -1 -10 2
2612 中航|航運業|-1 -7 0|85 85 -6 7|0.6 31|1 -3 1 -14 8
2614 東森|其他|-4 -2 -1|56 70 -18 -27|0.3 12|2 10 0 -6 -9
2615 萬海|航運業|-56 -60 -0|58 79 -10 -16|0.8 184|40 -7 9 -6 -5
2617 台航|航運業|9 -2 -11|85 89 -0 -1|0.5 22|3 1 0 -16 -2
2618 長榮航|航運業|45 51 11|71 71 -22 8|0.8 1527|28 -12 0 0 -39
2630 亞航|航運業|28 5 -13|50 50 -20 18|0.4 73|1 -6 -1 na 6
2633 台灣高鐵|航運業|14 25 -18|91 91 -1 -3|1.6 93|10 -15 1 -6 -19
2634 漢翔|航運業|17 23 -16|76 76 -13 -9|0.3 371|4 -3 -2 -4 2
2636 台驊控股|航運業|-22 -33 22|94 94 -0 5|0.6 37|18 -1 0 2 0
2637 慧洋-KY|航運業|-30 -39 -6|66 74 -12 -23|0.5 175|9 -14 0 4 21
2640 大車隊|數位雲端|16 10 -4|76 76 -5 -21|0.5 7|7 -14 0 6 -2
2641 正德|航運業|1 -9 9|78 85 -3 -14|0.3 28|1 -1 0 -10 3
2645 長榮航太|航運業|11 29 4|na 71 -12 -3|0.2 177|5 -18 -1 92 38
2705 六福|觀光餐旅|32 9 -50|65 65 -12 -7|0.7 6|4 -5 0 -7 8
2707 晶華|觀光餐旅|11 11 -18|67 67 -15 -23|0.8 94|14 -8 4 -11 3
2719 燦星旅|觀光餐旅|1497 2296 795|59 59 -11 53|0.7 10|0 -1 0 na na
2722 夏都|觀光餐旅|-31 -25 -27|44 44 -30 1|0.7 5|1 -7 -1 -1 -8
2723 美食-KY|觀光餐旅|-1 -0 -7|60 62 -18 -33|0.9 44|58 -27 2 -12 -4
2727 王品|觀光餐旅|10 14 -8|76 76 -8 -13|1.0 140|32 -11 2 9 -19
2729 瓦城|觀光餐旅|22 21 -6|82 82 -4 16|0.4 21|10 -13 -3 -7 4
2731 雄獅|觀光餐旅|574 791 109|69 69 -20 -25|1.9 123|14 -6 4 7 16
2732 六角|觀光餐旅|-8 -9 -4|60 61 -18 -38|1.0 12|9 -8 -7 2 -5
2734 易飛網|觀光餐旅|538 411 -37|53 53 -20 22|0.9 9|8 -1 0 na na
2736 富野|觀光餐旅|-53 -38 -51|49 49 -29 16|0.6 7|7 4 0 -18 7
2739 寒舍|觀光餐旅|24 28 -35|49 49 -21 -35|0.8 7|3 -12 0 na na
2743 山富|觀光餐旅|1297 1215 88|67 67 -13 105|2.4 134|1 -2 0 35 53
2745 五福|觀光餐旅|2173 3570 788|62 62 -19 70|0.8 14|2 -2 0 na -51
2748 雲品|觀光餐旅|1 5 -22|56 56 -24 -16|1.0 55|1 -0 -4 -1 4
2753 八方雲集|觀光餐旅|4 8 -1|69 87 3 -0|0.6 41|12 -6 -6 -5 25
2754 亞洲藏壽司|觀光餐旅|26 25 -7|60 64 -23 -23|0.9 8|76 -11 0 17 13
2801 彰銀|金融保險|31 8 -13|97 97 -2 1|0.7 98|13 -24 8 3 99
2809 京城銀|金融保險|178 49 -120|96 96 1 8|0.9 43|14 -2 -1 -14 24
2812 台中銀|金融保險|10 9 -5|97 97 -1 6|0.8 40|9 2 3 -19 9
2816 旺旺保|金融保險|17 17 -3|97 97 77 121|2.7 166|2 -2 0 44 60
2820 華票|金融保險|-14 45 29|94 95 -3 -2|0.7 7|7 8 0 4 11
2834 臺企銀|金融保險|10 5 -16|90 91 -7 -5|0.8 117|17 -24 2 5 7
2838 聯邦銀|金融保險|-9 -4 -20|82 82 -15 -14|0.2 17|4 -26 0 -18 -6
2845 遠東銀|金融保險|53 23 -3|98 98 0 8|0.8 29|10 1 1 -5 -12
2850 新產|金融保險|6 8 3|100 100 24 39|1.9 12|10 6 0 135 -18
2851 中再保|金融保險|1 17 15|91 91 -4 14|0.4 16|3 4 0 9 1
2855 統一證|金融保險|-64 48 -213|84 84 -16 7|0.5 11|9 -23 0 -12 9
2880 華南金|金融保險|2 -1 -8|89 92 -6 -5|0.7 143|17 -24 2 -2 60
2881 富邦金|金融保險|-25 -15 48|95 95 -3 8|0.8 686|19 -18 6 3 18
2882 國泰金|金融保險|-12 14 44|94 94 -4 4|0.7 591|21 -9 7 -10 -1
2883 凱基金|金融保險|-90 -63 10|83 84 -10 -13|1.3 348|20 -21 1 13 53
2884 玉山金|金融保險|57 23 5|92 92 -7 -0|0.8 313|30 -17 1 -20 16
2885 元大金|金融保險|3 10 15|95 95 2 11|0.9 353|26 -10 4 -23 14
2886 兆豐金|金融保險|93 41 10|94 94 -4 11|0.7 583|21 9 3 -39 -16
2887 台新新光金|金融保險|-38 3 -11|94 94 -5 2|0.9 204|24 -18 5 -2 10
2889 國票金|金融保險|42 19 16|84 91 -3 -5|0.9 18|9 -3 0 -12 -2
2890 永豐金|金融保險|11 12 5|97 97 1 10|0.8 321|25 7 7 5 31
2891 中信金|金融保險|40 26 60|95 95 -1 9|0.8 713|37 2 5 -14 6
2892 第一金|金融保險|-14 -16 -18|95 95 -4 1|0.7 273|24 -16 5 -48 86
2903 遠百|貿易百貨|-2 0 -4|99 99 9 11|0.5 21|11 11 8 3 16
2905 三商|貿易百貨|-48 -1 3|76 84 -12 -14|0.7 8|5 -3 0 7 10
2912 統一超|貿易百貨|10 9 -1|91 91 -5 -6|0.8 230|27 -33 0 12 -2
2913 農林|貿易百貨|15 -3 -5|66 66 -34 -13|0.3 46|8 -24 0 2 26
2915 潤泰全|貿易百貨|14 5 5|82 91 -6 1|0.7 90|7 -22 -1 -19 26
3003 健和興|電子零組|-29 -22 -7|76 76 -14 -9|0.5 21|2 -17 0 -2 14
3004 豐達科|鋼鐵工業|27 36 -17|70 76 -24 -12|0.3 30|2 -1 -3 -1 8
3005 神基|電腦及週|-3 0 -12|90 90 13 20|0.5 223|34 -5 -1 -7 -12
3006 晶豪科|半導體業|-3 -13 25|89 89 13 16|0.9 1267|18 1 0 -5 21
3008 大立光|光電業|9 0 3|87 87 -2 4|1.1 1219|35 -2 -2 -1 38
3010 華立|電子通路|6 -1 11|98 98 18 16|0.5 25|13 25 2 -12 -16
3011 今皓|電子零組|-3 -22 8|84 84 9 20|0.2 20|2 -5 0 na na
3013 晟銘電|電腦及週|17 5 -15|74 74 2 80|0.5 511|0 -3 0 -8 18
3014 聯陽|半導體業|87 66 56|90 90 13 71|0.8 685|29 -4 3 -25 33
3015 全漢|電子零組|-1 -9 -1|90 90 -3 7|0.6 10|13 -24 -0 -18 -7
3016 嘉晶|半導體業|-36 -33 -11|76 83 -7 -0|1.5 16|2 5 0 -2 -6
3017 奇鋐|電腦及週|6 6 -1|75 75 -14 58|0.8 3636|34 -7 -0 -19 22
3019 亞光|光電業|-11 -7 4|86 89 -7 -0|0.6 28|11 -16 0 1 11
3022 威強電|電腦及週|-28 -27 -46|70 70 -15 -13|0.6 47|19 -18 -5 5 -1
3023 信邦|電子零組|1 1 -16|74 74 -12 -19|1.8 188|60 -21 0 35 20
3024 憶聲|光電業|21 -13 -11|84 84 -16 8|0.7 13|5 -7 0 1 -1
3025 星通|通信網路|98 19 8|83 83 -0 56|1.3 482|1 -0 0 4 -47
3026 禾伸堂|電子零組|-6 -5 5|95 95 -1 5|0.7 10|11 7 11 -3 2
3027 盛達|通信網路|37 47 -20|65 65 -28 -19|0.4 26|2 -5 0 -13 7
3028 增你強|電子通路|13 7 25|94 94 3 8|0.5 17|7 14 0 -1 9
3029 零壹|資訊服務|12 3 -4|87 87 -11 2|0.6 68|6 7 -0 -14 -17
3030 德律|其他電子|-31 -34 -5|96 96 0 4|0.6 16|15 16 1 -11 -3
3032 偉訓|電子零組|28 32 11|79 79 0 37|0.9 409|9 -8 0 39 28
3033 威健|電子通路|-0 3 3|80 80 -8 -3|0.5 22|8 -20 2 -2 -7
3034 聯詠|半導體業|55 48 54|100 100 11 23|1.7 1457|51 12 5 -10 -24
3035 智原|半導體業|-8 -9 -9|80 80 7 85|0.9 6746|28 1 1 -3 19
3036 文曄|電子通路|-1 9 4|100 100 90 96|1.0 1121|14 5 2 -60 54
3037 欣興|電子零組|-35 -29 -16|71 71 -19 -6|1.1 2202|43 -6 -7 1 22
3038 全台|光電業|-21 -12 -15|68 68 -26 -2|0.3 18|11 14 -2 -12 -9
3041 揚智|半導體業|-41 -47 -4|90 90 34 33|1.4 112|12 1 0 154 5
3042 晶技|電子零組|-3 -10 11|93 93 5 20|0.3 145|19 0 -1 -26 -5
3043 科風|其他電子|-16 19 -26|53 53 -1 -28|0.2 19|2 1 0 -12 36
3044 健鼎|電子零組|-5 -5 8|78 78 5 51|0.3 1096|42 -1 -5 -10 -10
3045 台灣大|通信網路|6 7 -1|96 96 2 -3|1.2 352|15 5 3 -1 20
3046 建碁|電腦及週|54 77 8|63 63 -11 -21|0.2 31|2 -3 -1 -10 7
3047 訊舟|通信網路|-40 -33 -14|79 85 -14 -8|0.4 8|2 2 0 -5 1
3048 益登|電子通路|-6 -12 -1|84 87 -9 -10|0.8 6|3 -11 0 0 -7
3051 力特|光電業|-29 -25 4|84 84 22 84|0.5 185|1 -1 0 -2 20
3055 蔚華科|電子通路|-61 -46 -9|83 83 -11 36|1.9 32|2 -2 -0 17 11
3056 富華新|建材營造|-99 -3 -2372|71 71 -21 -17|0.3 40|4 -6 0 14 43
3058 立德|電子零組|-24 -26 -12|60 60 -15 -29|1.1 9|1 -5 0 na na
3059 華晶科|光電業|-45 -43 -31|90 95 1 4|1.6 48|12 -0 -0 6 -3
3060 銘異|電腦及週|24 10 41|89 89 1 16|1.2 9|7 5 0 3 2
3062 建漢|通信網路|-28 -35 -45|85 94 6 2|1.4 44|14 4 0 13 -16
3071 協禧|電腦及週|-12 -24 -18|66 66 -18 -4|0.2 16|1 0 0 -5 -5
3078 僑威|電子零組|101 130 70|94 94 3 51|0.7 737|9 -0 -0 5 -2
3081 聯亞|通信網路|-72 -73 -57|70 75 -10 -4|0.8 174|15 -5 -1 -3 7
3083 網龍|文化創意|67 8 12|88 88 6 2|1.0 14|2 8 0 -8 -23
3088 艾訊|電腦及週|-16 -3 -15|80 80 -14 20|0.8 52|10 -19 -2 -1 71
3090 日電貿|電子零組|20 17 21|92 92 6 10|0.4 24|11 5 2 -20 6
3092 鴻碩|電子零組|-28 -28 12|83 83 -17 -0|0.3 12|1 -1 0 -22 1
3094 聯傑|半導體業|-44 -42 -27|91 91 22 11|3.2 200|3 -1 0 42 50
3105 穩懋|半導體業|17 7 37|77 82 -5 -10|3.0 585|25 3 0 -12 -15
3122 笙泉|半導體業|-15 -7 31|99 99 92 86|2.9 706|1 -0 0 -6 21
3131 弘塑|半導體業|-3 -8 -0|67 67 -23 35|0.4 130|14 -2 -11 na 9
3138 耀登|通信網路|-10 -1 -12|82 92 1 -3|1.4 59|2 -1 0 -7 3
3141 晶宏|半導體業|-28 -29 6|79 84 -7 -7|1.0 27|6 5 0 -1 -15
3149 正達|光電業|-26 -27 -8|47 58 -24 -42|0.4 9|2 1 0 -100 na
3152 璟德|通信網路|24 22 30|91 93 9 4|1.9 16|18 -5 0 6 1
3162 精確|電機機械|30 28 -85|68 76 -9 -17|1.0 30|45 -5 0 -4 2
3163 波若威|通信網路|1 -3 4|82 82 4 71|0.2 713|6 -1 0 -17 2
3169 亞信|半導體業|-23 -31 4|88 95 5 1|1.2 86|3 1 0 -10 3
3176 基亞|生技醫療|167 143 140|99 99 62 51|4.6 55|4 4 0 na na
3178 公準|半導體業|-2 6 -7|79 79 -9 3|0.2 17|0 -5 0 -5 14
3189 景碩|半導體業|-49 -48 -16|74 80 -12 -8|1.7 219|10 -17 5 -2 17
3202 樺晟|電子零組|35 49 36|74 74 -7 -21|0.7 7|2 -2 0 0 -33
3205 佰研|生技醫療|-22 -22 -6|78 78 -14 -4|3.2 9|11 -1 0 1 0
3206 志豐|電子零組|-24 -11 3|88 88 17 29|0.1 9|5 -10 0 -13 28
3207 耀勝|電子零組|-31 -26 -39|68 68 -17 -11|0.7 51|2 -2 0 -10 12
3209 全科|電子通路|-25 -12 -20|79 88 -4 -13|0.3 13|2 -3 0 -30 8
3211 順達|電腦及週|-29 -10 -9|94 94 -3 2|0.8 10|12 -27 0 -10 2
3213 茂訊|電腦及週|27 21 3|100 100 19 65|0.5 69|10 8 0 -20 -1
3217 優群|電子零組|40 47 42|84 84 -6 19|0.3 132|9 -1 -6 -11 4
3218 大學光|生技醫療|15 16 -8|74 74 -16 -20|0.6 50|30 -24 -1 2 -7
3221 台嘉碩|通信網路|2 -20 11|89 89 -3 0|0.7 6|4 9 0 2 -13
3227 原相|半導體業|51 32 41|96 96 13 33|0.7 139|19 9 1 7 -13
3228 金麗科|半導體業|73 24 38|57 73 2 -26|0.8 43|5 4 0 -7 -20
3231 緯創|電腦及週|-17 -12 -4|57 57 -21 84|0.5 8320|34 -3 -1 -2 11
3234 光環|通信網路|-25 -29 12|87 87 8 42|1.1 78|1 -0 -1 -24 -73
3257 虹冠電|半導體業|354 245 181|75 75 -12 10|0.2 32|9 -2 0 -7 4
3260 威剛|半導體業|4 -4 15|91 91 24 38|1.1 1584|18 3 2 18 -26
3264 欣銓|半導體業|-4 -5 -10|94 94 7 26|1.3 248|24 -10 8 6 26
3265 台星科|半導體業|3 -0 6|84 84 -1 56|0.5 165|4 -4 0 -14 26
3268 海德威|半導體業|18 13 33|99 99 23 22|5.8 7|0 0 0 -7 48
3272 東碩|電腦及週|-84 -66 -67|67 81 -14 -11|0.5 5|0 -3 0 11 17
3276 宇環|電子零組|192 114 122|86 86 60 51|2.4 130|1 -1 0 22 42
3287 廣寰科|電腦及週|22 40 27|74 74 -18 53|2.8 12|1 -3 0 16 24
3289 宜特|其他電子|-7 -4 -11|68 68 -24 2|0.4 64|8 -10 -0 -1 -11
3290 東浦|電子零組|-8 -9 -21|92 94 5 -2|5.3 12|2 -1 0 9 12
3293 鈊象|文化創意|20 20 3|97 97 4 22|0.8 265|36 -5 6 -19 -41
3294 英濟|電子零組|13 -13 -7|98 98 10 8|2.0 7|8 7 0 -3 1
3305 昇貿|其他電子|-13 -17 15|77 77 -11 23|0.8 60|3 -6 -2 32 27
3306 鼎天|通信網路|-2 -13 -6|64 64 -7 73|0.2 35|2 2 0 -7 7
3308 聯德|電子零組|1 132 -26|63 63 -5 7|0.1 33|1 -2 -0 15 11
3311 閎暉|通信網路|11 7 8|82 82 7 9|0.2 16|1 0 0 2 30
3317 尼克森|半導體業|33 28 37|97 97 31 26|1.4 37|5 9 0 -15 5
3322 建舜電|電子零組|9 9 22|100 100 20 23|2.0 102|6 1 0 9 39
3324 雙鴻|其他電子|16 5 16|82 82 4 16|0.7 1513|17 1 -3 5 -2
3325 旭品|電腦及週|47 105 57|73 73 1 52|0.4 235|2 -2 0 -10 24
3338 泰碩|電子零組|-8 -15 10|74 74 -10 27|0.8 46|9 -5 0 -9 18
3339 泰谷|光電業|11 5 29|94 94 14 48|1.7 8|3 1 0 34 46
3346 麗清|汽車工業|49 42 -5|88 88 -2 27|0.8 123|13 4 -0 9 18
3356 奇偶|光電業|-9 -8 -9|68 68 -19 6|0.3 18|3 -7 0 -6 6
3357 臺慶科|電子零組|-15 -11 7|82 82 -10 6|0.7 9|12 1 0 -11 -5
3362 先進光|光電業|55 37 37|82 82 -12 48|0.4 219|2 -3 0 1 20
3363 上詮|通信網路|-38 -23 8|89 89 3 103|0.7 906|5 -0 -0 -6 3
3374 精材|半導體業|-3 -11 6|80 80 -5 18|1.2 227|7 -3 0 13 27
3376 新日興|電子零組|-5 -14 10|100 100 10 13|1.8 145|21 7 4 19 -4
3380 明泰|通信網路|-31 -37 -43|72 72 -15 0|1.1 73|12 -15 0 13 25
3406 玉晶光|光電業|27 22 18|93 93 -1 5|0.7 402|19 7 -1 -5 -11
3413 京鼎|半導體業|-26 -27 -28|93 94 -0 3|0.7 44|24 12 1 -5 8
3416 融程電|電腦及週|-20 -10 -18|80 80 -16 -1|0.5 13|4 -29 0 32 18
3419 譁裕|通信網路|-22 -38 -37|80 83 -9 -10|0.4 5|2 -3 0 -5 -2
3438 類比科|半導體業|5 9 35|92 92 7 20|4.3 24|5 2 0 5 19
3443 創意|半導體業|10 12 -24|78 78 8 31|0.8 6381|29 -3 2 15 34
3444 利機|電子通路|7 11 23|98 98 33 63|1.6 128|12 1 0 30 -1
3450 聯鈞|半導體業|-10 -21 1|94 94 37 68|0.9 609|11 3 0 -32 -30
3454 晶睿|光電業|-28 -10 -58|46 65 -26 -30|0.9 52|3 6 -2 -1 -17
3455 由田|光電業|-55 -56 -29|82 88 -4 -13|0.3 6|3 13 0 8 -0
3466 德晉|通信網路|-78 -78 -221|76 89 5 -12|0.8 5|7 -1 0 17 15
3479 安勤|電腦及週|-1 12 -18|74 74 -4 -18|0.3 26|7 -13 0 -5 12
3481 群創|光電業|17 20 35|68 68 -26 -16|0.5 451|25 -13 0 1 38
3483 力致|電腦及週|37 33 32|83 83 -5 81|0.3 591|8 -3 1 11 65
3491 昇達科|通信網路|-21 -26 -13|92 97 11 3|3.2 439|8 -2 4 0 46
3504 揚明光|光電業|-44 -44 -9|60 64 -18 -26|0.8 16|2 0 0 -3 0
3515 華擎|電腦及週|43 37 28|63 63 -23 40|0.3 152|14 -5 -1 -19 -8
3518 柏騰|其他電子|12 21 45|72 72 -23 -0|0.5 6|6 -8 -2 -1 9
3526 凡甲|電子零組|34 8 14|94 94 13 45|0.8 153|12 7 5 29 -1
3527 聚積|半導體業|10 -5 23|82 93 5 -8|1.2 10|6 6 0 6 -38
3529 力旺|半導體業|64 20 6|89 89 21 13|1.0 1708|58 -5 5 -49 -19
3530 晶相光|半導體業|83 28 50|89 89 19 18|4.7 128|40 2 0 38 17
3531 先益|光電業|3 11 19|94 94 23 32|0.3 9|22 4 0 -10 209
3532 台勝科|半導體業|-13 -14 -18|92 92 2 9|1.5 127|49 10 -0 -3 -0
3533 嘉澤|電子零組|-17 -11 -9|92 92 19 -4|0.8 552|37 -2 6 -11 20
3540 曜越|電腦及週|49 45 1|63 63 -20 -10|0.4 10|7 -13 0 -5 -2
3545 敦泰|半導體業|28 55 57|90 96 14 12|1.3 324|17 4 0 -1 -11
3546 宇峻|文化創意|-25 -23 -8|89 89 1 3|0.7 6|10 -9 0 -14 6
3548 兆利|電子零組|69 58 50|99 99 116 122|1.2 965|15 0 1 9 43
3552 同致|其他電子|15 3 1|82 87 -0 -5|0.7 32|14 7 2 5 -17
3557 嘉威|居家生活|22 -1 13|85 85 2 -7|0.6 8|19 -4 0 29 7
3558 神準|通信網路|-19 -9 -58|66 73 -23 -18|0.3 100|1 -2 -1 -6 9
3563 牧德|光電業|-29 -7 2|72 72 -14 -5|0.6 24|10 -5 1 -7 32
3567 逸昌|半導體業|53 47 52|77 77 11 34|0.1 19|3 -4 0 -14 15
3570 大塚|資訊服務|-12 7 -11|83 90 4 -17|1.2 5|43 5 0 na na
3576 聯合再生|光電業|-57 -43 -37|66 72 -15 -27|2.9 48|14 -4 0 -17 1
3580 友威科|其他電子|-37 -38 -39|75 83 -16 -6|0.2 6|2 -6 0 -5 3
3583 辛耘|半導體業|31 21 1|70 70 -19 106|0.3 440|6 -2 -2 -2 14
3587 閎康|其他電子|7 17 -10|66 66 -20 14|1.3 202|15 2 -18 13 3
3588 通嘉|半導體業|14 6 43|92 92 13 26|0.8 129|4 -1 0 5 2
3591 艾笛森|光電業|19 17 16|84 84 -14 -6|0.5 10|6 -8 -1 2 -6
3592 瑞鼎|半導體業|41 29 52|93 97 12 12|0.7 180|14 -1 9 -5 -6
3594 磐儀|電腦及週|-29 -12 -23|78 78 -2 -5|0.3 7|1 -3 0 4 -0
3596 智易|通信網路|7 9 -9|84 84 14 42|0.5 288|28 3 5 7 18
3611 鼎翰|電腦及週|10 7 -4|90 90 -5 12|0.4 8|14 -10 -0 -13 30
3615 安可|光電業|5 7 16|83 83 9 23|0.3 10|1 2 0 10 18
3617 碩天|其他電子|-17 6 -6|66 66 -4 62|0.3 527|9 -1 -4 -16 -20
3622 洋華|光電業|22 62 57|86 86 18 28|0.2 21|5 0 0 -1 -16
3624 光頡|電子零組|-28 -17 5|68 73 -2 -25|0.4 19|42 3 -8 -8 -6
3630 新鉅科|光電業|33 48 58|83 83 -2 11|0.3 12|36 0 0 -8 -10
3645 達邁|電子零組|49 69 83|76 76 -20 17|0.5 10|11 3 -1 -27 1
3653 健策|電子零組|-15 2 -12|86 86 8 23|0.9 537|18 -15 -3 23 26
3661 世芯-KY|半導體業|98 116 -7|96 96 45 111|1.1 5967|61 -3 -0 17 75
3665 貿聯-KY|其他電子|-13 -9 -25|80 80 -14 2|0.5 159|46 2 2 -10 -6
3666 光耀|光電業|105 61 84|87 87 -8 10|0.5 11|2 3 0 -18 -3
3669 圓展|通信網路|-18 -14 4|88 88 24 13|3.0 52|2 1 -0 19 76
3672 康聯訊|通信網路|-39 -46 -1|93 95 13 -0|1.8 10|1 1 0 -26 120
3673 TPK-KY|光電業|-36 -35 -10|71 71 -18 -18|0.6 21|35 -14 0 -5 -6
3675 德微|半導體業|-20 -22 -4|69 69 -13 -20|1.9 98|54 -1 -11 -8 13
3679 新至陞|電子零組|-2 -17 -10|92 92 15 21|1.5 11|9 7 0 19 6
3680 家登|半導體業|49 25 8|80 80 2 1|0.7 648|15 -1 5 -6 14
3687 歐買尬|數位雲端|-1 -1 1|69 69 -14 -11|0.8 6|5 4 0 -11 -5
3689 湧德|電子零組|-1 19 19|71 71 -17 34|0.1 34|12 -4 0 -3 -4
3691 碩禾|光電業|-59 -57 -2|65 75 -8 -25|1.3 9|4 -3 0 1 -3
3693 營邦|電腦及週|78 89 -2|68 68 6 115|0.6 2303|5 0 -0 -12 19
3694 海華|通信網路|-22 -15 -6|78 78 -0 26|0.7 50|6 -2 -1 -9 18
3701 大眾控|電腦及週|16 30 13|91 91 10 12|1.5 268|4 -1 0 24 14
3702 大聯大|電子通路|1 -1 15|100 100 48 59|1.6 420|28 4 11 103 3
3703 欣陸|建材營造|46 25 32|91 93 0 -3|0.5 21|24 11 0 -4 -9
3704 合勤控|通信網路|-20 -20 -37|84 84 8 38|2.1 537|17 -1 2 58 44
3705 永信|生技醫療|2 6 14|93 99 2 3|0.9 7|10 4 -1 1 -2
3706 神達|電腦及週|-11 -18 -15|71 71 -18 32|0.3 362|11 -5 1 -13 7
3707 漢磊|半導體業|-32 -26 -14|69 78 -11 -10|0.8 65|10 10 -1 -7 -7
3708 上緯投控|綠能環保|-20 -18 8|81 91 -4 -7|0.5 33|7 -7 -1 -2 26
3709 鑫聯大投控|電腦及週|-5 6 -1|70 70 8 26|0.8 29|2 -1 0 -21 -8
3711 日月光投控|半導體業|-20 -18 -8|95 95 5 18|1.0 1441|76 -0 4 -20 39
3712 永崴投控|電腦及週|61 70 54|83 86 -3 -12|0.7 7|2 -9 0 -2 -3
3714 富采|光電業|2 -8 21|76 79 -15 -11|1.2 56|13 -7 0 -11 -6
3715 定穎投控|電子零組|16 na na|82 82 163 242|1.1 5755|26 -0 -0 4 -18
4102 永日|生技醫療|39 10 -5|79 79 10 15|1.1 57|4 -0 0 17 1
4104 佳醫|生技醫療|10 10 -5|92 92 -1 3|0.6 13|5 -17 -1 -1 25
4105 東洋|生技醫療|10 8 -1|100 100 11 10|4.1 74|21 12 0 74 -21
4113 聯上|建材營造|39149 23180 11627|98 98 34 55|0.4 11|2 8 0 3 9
4114 健喬|生技醫療|3 11 -15|79 89 -6 -12|1.5 22|5 2 0 -1 -7
4119 旭富|生技醫療|-28 -6 -74|78 81 -13 -17|1.4 25|8 -6 0 5 5
4123 晟德|生技醫療|66 102 -1|77 77 -14 -2|1.2 49|7 1 0 2 1
4126 太醫|生技醫療|0 -0 -20|90 90 -4 0|0.5 10|17 -19 0 -0 1
4128 中天|生技醫療|9 4 9|78 86 -4 -10|2.1 80|5 -1 0 5 6
4129 聯合|生技醫療|1 29 3|84 84 -3 13|0.9 32|17 -13 -7 0 3
4130 健亞|生技醫療|20 19 -3|69 86 -4 -7|2.0 7|2 -4 0 -5 3
4137 麗豐-KY|生技醫療|23 0 -17|84 84 3 -11|0.6 15|60 6 0 -3 -8
4138 曜亞|生技醫療|10 21 -11|70 70 -9 7|0.5 14|2 -8 0 -4 14
4142 國光生|生技醫療|-66 116 -58|71 82 -7 -18|0.7 18|7 -4 0 -1 7
4147 中裕|生技醫療|61 63 -67|66 69 -9 -34|0.6 91|8 1 -1 2 -10
4155 訊映|生技醫療|-17 -9 8|63 63 -14 -18|0.6 12|2 5 0 -10 5
4157 太景*-KY|生技醫療|-87 106 -1615|82 82 -4 -3|1.1 11|4 13 0 -6 -15
4162 智擎|生技醫療|28 94 69|80 97 41 18|4.8 263|7 1 0 12 -3
4163 鐿鈦|生技醫療|-26 -11 -25|81 81 -9 -10|0.6 7|5 -2 0 -4 -20
4164 承業醫|生技醫療|-27 -6 -23|86 89 4 -8|2.4 50|24 -12 -3 19 66
4167 松瑞藥|生技醫療|1 -16 9|70 100 14 9|2.2 28|13 9 0 20 -15
4168 醣聯|生技醫療|na na na|79 89 -7 -12|2.3 5|6 14 0 0 -15
4174 浩鼎|生技醫療|969 2476 na|84 84 -3 -7|1.2 16|11 2 0 -7 -12
4175 杏一|生技醫療|1 9 5|61 61 -12 -33|0.6 5|1 -1 0 -6 10
4207 環泰|食品工業|-7 0 -8|85 85 -9 13|0.5 7|2 -5 0 -48 -8
4306 炎洲|塑膠工業|-5 -11 10|96 96 9 1|0.9 20|6 16 0 13 -21
4401 東隆興|紡織纖維|-9 -27 15|81 82 -3 -19|0.8 6|3 -3 2 108 6
4438 廣越|紡織纖維|-19 -16 -16|82 91 -4 2|0.4 6|2 7 -2 -4 26
4503 金雨|電機機械|66 56 7|64 64 -18 -12|0.6 56|2 -1 0 -11 5
4526 東台|電機機械|-15 -10 -4|75 75 -15 3|1.4 7|7 -10 0 6 34
4532 瑞智|電機機械|16 8 26|72 72 -19 7|0.5 15|13 -0 -3 -5 -5
4533 協易機|電機機械|-41 -40 -57|57 57 -25 88|0.3 32|2 7 0 -8 -12
4536 拓凱|運動休閒|-45 -37 -38|69 84 -3 -15|0.6 51|14 -1 3 -5 23
4541 晟田|其他|-26 -20 -15|63 67 -22 -37|0.3 8|2 9 0 -11 -0
4542 科嶠|電子零組|5 33 1|83 83 139 136|1.5 122|4 -0 0 -13 133
4543 萬在|電機機械|-38 -41 -27|55 55 -18 37|0.2 24|7 -2 0 -8 18
4551 智伸科|汽車工業|-25 -24 -9|77 78 -13 -5|1.3 16|50 -3 -4 -11 2
4552 力達-KY|電機機械|4 -0 2|94 94 16 9|1.7 39|47 0 0 57 -21
4563 百德|電機機械|32 4 5|69 69 -20 17|0.6 7|2 -3 0 -8 10
4564 元翎|電機機械|-44 -30 1|73 73 -10 2|0.4 19|2 -7 0 9 20
4566 時碩工業|電機機械|-25 -22 -17|68 68 -12 -15|0.4 12|1 -5 0 -6 4
4572 駐龍|電機機械|26 25 -19|76 76 -16 -1|0.2 49|4 -1 -10 -6 -2
4581 光隆精密-KY|汽車工業|25 16 -2|89 89 12 34|0.4 16|29 3 0 -1 4
4583 台灣精銳|電機機械|-28 -20 -5|74 74 -14 -1|1.0 6|0 -6 -3 -2 0
4714 永捷|化學工業|-43 -42 -9|94 94 -4 11|1.0 35|2 1 0 50 156
4721 美琪瑪|化學工業|-56 -61 -13|70 79 -15 -20|0.4 10|1 -1 0 -2 -1
4726 永昕|生技醫療|-42 -3 -13|72 72 -18 -9|0.5 11|21 -9 0 -8 8
4728 雙美|生技醫療|2 29 -42|67 67 1 -32|0.8 6|14 -8 0 0 12
4736 泰博|生技醫療|-43 -54 -29|80 86 -12 -12|0.7 20|10 10 -6 -13 -9
4737 華廣|生技醫療|-50 -20 -16|95 95 7 8|1.0 8|22 1 0 20 27
4739 康普|化學工業|-47 -47 -11|72 79 -11 -13|0.6 27|2 -6 0 -7 8
4743 合一|生技醫療|56 38 40|75 89 2 -7|2.3 558|6 -0 0 14 1
4744 皇將|生技醫療|7 55 29|71 71 -4 -27|0.5 13|2 -7 0 19 33
4746 台耀|生技醫療|-5 13 -6|79 79 -10 -1|0.7 107|5 2 -3 -11 28
4747 強生製藥|生技醫療|13 17 -12|75 75 -12 69|0.8 16|2 3 0 -5 121
4755 三福化|化學工業|8 -0 18|77 77 -18 -1|0.9 20|30 -4 -1 -3 -5
4763 材料*-KY|化學工業|199 172 57|79 79 33 123|1.2 4754|61 -1 1 5 179
4766 南寶|化學工業|-8 -7 -5|89 89 12 48|0.3 33|19 8 -3 28 -6
4768 晶呈科技|化學工業|-62 -50 -69|72 72 -3 12|0.3 39|4 -0 -2 -9 34
4770 上品|化學工業|-22 -18 -32|90 94 0 12|1.8 64|8 11 6 16 -5
4904 遠傳|通信網路|2 5 2|98 98 8 3|1.2 261|18 2 4 14 15
4906 正文|通信網路|-27 -19 -41|86 86 -1 14|0.2 124|22 -3 0 4 -11
4908 前鼎|通信網路|35 13 21|93 93 86 177|1.4 1856|6 0 0 -1 -3
4909 新復興|通信網路|63 85 50|78 78 9 4|0.1 12|4 1 0 -8 16
4912 聯德控股-KY|電子零組|24 13 36|84 84 -4 14|1.2 7|28 -22 0 -3 23
4915 致伸|電子零組|-27 -30 -11|85 85 -1 7|1.3 202|47 -13 10 10 45
4916 事欣科|電腦及週|10 28 -29|72 72 -16 -1|0.2 17|1 -0 -1 -5 4
4919 新唐|半導體業|-14 -14 1|85 92 2 7|0.6 278|5 -2 4 -0 9
4923 力士|半導體業|-0 -14 19|85 85 13 2|0.3 6|1 -1 -1 31 39
4927 泰鼎-KY|電子零組|-30 1 16|67 67 -21 -14|1.2 28|17 -11 0 -19 25
4931 新盛力|電腦及週|-62 -65 -51|54 58 -24 -31|0.3 8|2 -4 0 -9 5
4933 友輝|光電業|93 64 65|83 83 34 60|0.7 98|5 1 1 -24 33
4934 太極|光電業|-47 8 -47|71 71 -17 -6|0.5 24|2 -0 0 11 27
4938 和碩|電腦及週|3 -11 -4|91 91 0 15|0.8 378|35 3 0 -7 38
4942 嘉彰|光電業|-15 -13 14|94 94 2 15|0.4 6|13 -11 0 -10 -16
4945 陞達科技|半導體業|42 13 50|75 75 5 41|0.1 7|4 -1 0 -11 18
4951 精拓科|半導體業|0 -8 20|na 80 -5 -3|1.4 6|1 -0 0 16 -14
4952 凌通|半導體業|-15 -15 23|92 92 -2 -2|0.6 5|7 11 0 -4 -28
4953 緯致|資訊服務|9 7 -5|64 64 -25 -9|0.4 101|7 -7 0 -16 5
4958 臻鼎-KY|電子零組|-12 -17 -3|81 89 -7 -11|0.8 225|61 -12 4 8 16
4960 誠美材|光電業|64 41 51|88 88 0 9|3.4 227|18 17 0 17 -13
4961 天鈺|半導體業|11 2 23|98 98 36 23|0.6 384|22 4 1 -28 27
4966 譜瑞-KY|半導體業|11 -17 22|87 87 17 7|1.3 1533|52 -2 1 3 -3
4967 十銓|半導體業|113 116 23|100 100 31 22|1.3 685|12 2 0 128 36
4968 立積|半導體業|-17 -18 -3|62 62 -27 -32|1.3 219|15 7 -10 -5 -15
4973 廣穎電通|半導體業|-13 3 -4|89 89 -3 17|1.7 9|9 7 0 10 5
4976 佳凌|光電業|-30 -32 -12|71 79 -13 -14|0.5 9|1 -7 0 1 5
4977 眾達-KY|通信網路|-77 -72 -80|62 68 -10 -23|0.5 177|20 -2 0 -19 9
4979 華星光|通信網路|133 159 25|84 84 19 218|1.0 2283|7 -0 1 4 8
5009 榮剛|鋼鐵工業|2 1 -17|74 74 -16 -20|0.6 218|15 -12 2 -1 22
5203 訊連|資訊服務|21 12 3|81 84 -14 -1|1.4 25|10 3 0 -4 -3
5209 新鼎|其他|46 46 -33|77 77 -9 -11|1.4 17|1 -9 0 na -3
5210 寶碩|資訊服務|-47 -24 -5|96 96 56 64|0.7 22|1 -3 0 na na
5215 科嘉-KY|電腦及週|43 25 40|96 96 54 55|1.6 239|25 -2 0 31 198
5222 全訊|半導體業|31 29 1|78 84 -3 -14|0.4 86|6 -3 2 1 24
5225 東科-KY|其他電子|1 -15 -6|87 87 27 38|0.7 157|58 2 0 -5 19
5227 立凱-KY|電子零組|-20 32 -105|61 61 -18 -33|0.5 10|13 1 0 na na
5234 達興材料|光電業|71 62 54|58 58 -30 4|0.5 72|13 8 -1 -0 12
5236 凌陽創新|半導體業|66 150 132|83 83 -2 42|0.6 28|5 -3 -2 -3 13
5243 乙盛-KY|光電業|-37 -34 -31|65 65 -18 -11|0.5 29|53 -14 -2 -12 22
5258 虹堡|電腦及週|3 4 -24|99 99 14 69|2.6 735|6 2 2 -12 -25
5263 智崴|文化創意|27 14 1|79 87 -7 -4|0.9 16|14 -4 -20 -1 4
5269 祥碩|半導體業|44 30 24|97 97 34 20|1.5 1671|14 -2 6 -8 76
5272 笙科|半導體業|15 3 45|94 94 27 19|4.4 83|4 1 0 67 57
5274 信驊|半導體業|-33 -39 -13|85 85 21 -7|0.8 1166|49 -6 1 6 73
5283 禾聯碩|電器電纜|-0 -8 3|92 92 -3 3|0.8 6|1 -10 1 -20 3
5284 jpp-KY|其他|27 33 -10|77 77 -4 -5|0.2 41|55 -5 0 -5 4
5285 界霖|半導體業|-17 -17 2|82 84 -11 -2|0.3 14|2 -15 0 1 16
5287 數字|數位雲端|10 11 0|96 96 8 6|0.9 6|25 -36 0 -4 -58
5289 宜鼎|電腦及週|-18 -22 -4|89 89 12 10|1.2 194|30 7 -5 -13 -32
5299 杰力|半導體業|27 0 34|86 86 -3 -6|1.1 9|2 1 0 6 -9
5306 桂盟|運動休閒|-45 -39 -5|77 77 -19 -14|0.8 9|18 -13 2 -2 -0
5309 系統電|電子零組|-3 -12 -19|67 73 -16 -28|0.7 28|2 -4 0 -5 5
5321 美而快|數位雲端|-20 3 -10|66 66 30 -7|0.9 107|3 -10 0 52 36
5328 華容|電子零組|-16 -6 -12|85 85 -5 0|1.0 5|1 -5 0 11 89
5340 建榮|電子零組|16 8 17|73 73 -5 36|0.2 68|51 -1 -0 na 6
5347 世界|半導體業|-7 -20 10|75 80 -5 -16|1.0 451|24 -7 -0 -7 11
5348 正能量智能|運動休閒|391 256 194|92 92 67 148|1.1 7|1 2 0 na na
5351 鈺創|半導體業|-29 -32 21|85 92 3 3|1.1 127|8 3 0 4 -5
5353 台林|通信網路|-7 -5 -21|74 82 1 -20|0.9 10|1 -7 0 -17 20
5371 中光電|光電業|-24 -19 4|86 86 -8 1|0.4 88|17 -20 18 -10 17
5381 光譜|電機機械|4 115 -86|79 79 21 18|0.1 50|0 -0 0 na na
5386 青雲|電腦及週|-18 -17 24|73 73 -18 40|2.7 26|1 -1 0 -4 -1
5388 中磊|通信網路|-13 -14 -28|85 85 -5 28|0.5 261|39 -10 8 -10 3
5392 能率|光電業|-5 -4 12|88 88 -1 10|0.6 14|4 2 0 17 3
5403 中菲|資訊服務|11 15 -1|93 93 -1 6|0.3 6|11 -18 0 -7 3
5410 國眾|資訊服務|-83 -26 -80|92 94 -0 -4|0.5 5|2 -12 0 -1 -2
5425 台半|半導體業|-6 -7 -7|70 79 -10 -13|0.7 129|13 -2 -2 3 3
5426 振發|電腦及週|-37 -36 -22|80 80 -2 17|1.2 20|1 -0 0 10 5
5432 新門|綠能環保|111 26 -3|78 78 30 115|0.4 21|1 1 0 -21 -5
5434 崇越|電子通路|-7 -9 -8|89 89 -5 -4|1.0 55|26 -24 8 13 9
5439 高技|電子零組|38 42 9|94 94 5 59|1.9 752|13 1 3 90 16
5443 均豪|半導體業|-51 -46 -20|79 79 -21 5|0.3 8|3 8 0 -8 -17
5452 佶優|其他電子|-5 -2 17|81 81 -9 3|0.2 19|7 3 0 -10 -4
5457 宣德|電子零組|-20 -14 2|82 82 -2 -1|0.2 26|36 -17 0 -1 12
5465 富驊|電腦及週|10 24 9|67 67 -11 13|0.7 69|0 -1 0 -6 13
5469 瀚宇博|電子零組|-14 -8 5|90 90 15 49|1.1 138|16 0 10 -14 34
5471 松翰|半導體業|8 -6 30|92 99 6 3|1.4 19|12 5 0 13 -3
5474 聰泰|電腦及週|13 22 36|56 56 -26 20|0.2 26|1 -3 0 -15 6
5478 智冠|文化創意|-20 -1 -9|87 87 -5 -1|0.4 9|31 -18 0 -13 9
5483 中美晶|半導體業|1 -9 -14|95 95 3 14|1.4 453|20 2 0 -6 -1
5488 松普|電子零組|-63 -49 -48|83 83 -6 -9|0.5 6|1 -3 0 10 79
5508 永信建|建材營造|-9 220 106|100 100 11 42|2.1 14|2 14 0 -12 2
5511 德昌|建材營造|26 24 0|77 77 -18 56|0.5 14|3 -6 0 -1 21
5519 隆大|建材營造|-75 -76 -74|99 99 12 11|1.1 9|3 6 0 83 -1
5522 遠雄|建材營造|-40 -22 19|96 96 5 3|1.2 32|6 -21 -1 20 8
5534 長虹|建材營造|166 98 93|95 95 -3 -3|0.5 17|10 -6 0 -2 -11
5536 聖暉*|其他電子|-6 -22 -26|94 94 18 37|1.6 95|23 7 0 51 -23
5607 遠雄港|航運業|-4 -6 4|65 65 -27 -24|0.9 39|2 -6 0 -15 2
5608 四維航|航運業|-55 -54 -9|62 80 -9 -18|0.3 26|3 -7 0 -5 10
5609 中菲行|航運業|-41 -48 1|97 97 5 10|0.8 15|17 -3 0 9 -13
5706 鳳凰|觀光餐旅|1061 2078 510|56 56 -14 15|1.7 55|5 -8 0 -5 20
5864 致和證|金融業|-37 -251 -309|51 51 -44 -8|0.6 12|3 -0 0 46 28
5871 中租-KY|其他|11 13 -3|76 81 -11 -18|1.1 534|70 -16 -0 2 13
5876 上海商銀|金融保險|11 3 -16|89 95 -1 -3|1.4 189|56 -1 9 -26 12
5880 合庫金|金融保險|20 5 -13|91 91 -7 -1|0.7 199|18 -28 1 3 73
5903 全家|居家生活|11 9 -0|85 87 -12 -11|1.3 9|52 -26 -2 -2 -8
5904 寶雅|居家生活|15 12 -1|90 94 4 -2|2.9 43|30 2 2 9 8
6005 群益證|金融保險|159 75 17|90 90 -8 7|0.5 31|16 -25 1 -10 36
6016 康和證|金融業|34 8 -157|80 80 -15 16|0.5 10|5 -23 0 6 -9
6024 群益期|金融保險|-37 8 15|96 96 4 11|0.4 13|3 19 0 67 -13
6026 福邦證|金融業|1761 2392 1780|83 83 -16 -6|0.6 6|3 -8 0 -13 -8
6101 寬魚國際|文化創意|78773 343100 245720|76 86 -3 -14|0.8 16|1 3 0 na na
6104 創惟|半導體業|31 15 44|82 87 -4 -4|0.8 237|9 -4 0 8 14
6108 競國|電子零組|-15 -13 6|87 87 6 8|0.3 8|5 1 0 -7 40
6111 光聚晶電|文化創意|-20 17 -86|73 73 4 -10|1.5 48|11 -11 0 13 -1
6112 邁達特|資訊服務|21 12 -0|78 78 -16 -0|0.4 72|1 -2 -0 15 -3
6113 亞矽|電子通路|-21 -34 11|82 90 15 -5|2.6 27|1 0 0 -15 -9
6114 久威|電子零組|26 24 42|89 89 -0 38|1.1 38|2 0 0 20 -21
6116 彩晶|光電業|-0 -13 14|78 78 -21 -9|0.5 44|8 4 0 -5 -8
6117 迎廣|電腦及週|5 4 13|78 78 82 195|4.0 137|5 -1 0 -0 -10
6118 建達|電子通路|-8 -11 1|60 71 -11 -22|0.4 6|1 2 0 -4 -3
6120 達運|光電業|70 97 85|72 72 -15 37|0.3 56|8 -8 0 -20 21
6121 新普|電腦及週|-3 -11 -1|97 97 12 13|1.5 194|39 -10 26 -12 26
6122 擎邦|電機機械|116 161 51|82 82 16 54|0.6 109|3 -4 0 -8 197
6125 廣運|電機機械|2 6 -11|49 49 -25 78|0.3 182|6 12 0 -18 -24
6126 信音|電子零組|-20 -10 3|79 79 -16 17|0.7 13|5 -10 0 -3 35
6128 上福|電腦及週|3 -2 5|95 95 -0 9|0.5 5|4 1 0 -13 1
6129 普誠|半導體業|-29 -24 -21|75 84 -7 -15|0.9 29|1 0 0 -16 -2
6138 茂達|半導體業|31 10 38|93 94 11 -5|0.8 203|12 2 3 -2 -19
6139 亞翔|其他電子|103 52 19|94 94 78 169|1.6 1694|31 -1 0 10 4
6143 振曜|通信網路|-3 16 -12|78 87 8 -10|3.1 44|7 0 -1 16 23
6146 耕興|其他電子|-10 -9 -8|82 82 -7 -6|1.8 113|40 -12 -8 -21 -8
6147 頎邦|半導體業|-2 -1 16|95 95 0 13|0.8 146|21 -27 27 -19 19
6148 驊宏資|資訊服務|145 43 -88|58 58 -25 -28|0.6 38|1 -3 0 -2 12
6150 撼訊|電腦及週|285 128 119|80 80 12 28|2.2 239|3 -1 0 17 25
6153 嘉聯益|電子零組|-55 -45 -28|68 76 -15 -12|1.0 19|9 -17 -0 -3 11
6156 松上|電子零組|-9 -14 7|96 96 14 17|0.9 55|15 5 0 44 13
6158 禾昌|電子零組|7 6 22|83 83 5 33|0.7 59|4 1 0 30 39
6160 欣技|電腦及週|-7 -7 -22|63 63 -10 -26|1.0 8|7 -8 0 -5 14
6161 捷波|電腦及週|-8 -13 16|71 71 -16 11|0.4 9|4 -1 0 -12 -13
6165 浪凡|數位雲端|-21 -17 -10|82 82 0 9|0.2 6|6 -24 0 3 15
6166 凌華|電腦及週|-16 -13 -17|69 69 -18 -2|0.8 14|12 -18 0 -6 12
6167 久正|光電業|-28 -25 -9|77 81 -4 -14|0.2 6|5 -1 0 5 11
6168 宏齊|光電業|-9 -9 14|92 92 18 10|1.2 192|4 -1 0 47 44
6170 統振|通信網路|33 29 44|83 83 7 41|0.2 29|2 -2 0 -17 -10
6173 信昌電|電子零組|7 8 28|88 88 14 8|1.0 15|3 -10 0 12 -2
6176 瑞儀|光電業|-35 -37 -23|97 97 6 20|0.8 263|38 -22 24 -5 23
6177 達麗|建材營造|-93 1568 1113|99 99 8 8|0.5 10|3 5 0 -8 5
6179 亞通|其他|79 59 29|83 83 -2 -14|2.3 10|3 1 0 -7 -10
6180 橘子|文化創意|-25 -21 -9|80 87 -3 -2|1.1 19|28 14 0 -3 -16
6182 合晶|半導體業|-23 -23 -12|95 96 4 7|1.2 119|10 2 13 -4 -5
6186 新潤|建材營造|798 na na|97 97 4 16|0.8 12|2 -11 0 -4 48
6187 萬潤|半導體業|-25 -40 10|83 83 -4 97|0.6 597|4 -1 2 15 14
6188 廣明|電腦及週|-17 -11 -6|57 57 -33 27|0.2 189|10 7 0 -14 -3
6189 豐藝|電子通路|38 40 44|100 100 34 45|1.7 50|9 1 1 190 42
6190 萬泰科|通信網路|-25 -29 -1|77 77 -18 -3|0.3 14|1 -2 0 -11 1
6191 精成科|電子零組|-12 -4 5|95 95 25 77|1.8 200|14 -2 5 1 44
6192 巨路|其他電子|-3 2 0|92 92 1 15|0.5 6|20 -19 0 -25 4
6194 育富|電子零組|-22 23 18|83 83 -3 24|0.4 7|2 -11 0 21 2
6196 帆宣|其他電子|7 -5 -27|87 87 -12 6|0.8 55|6 5 -2 -2 -24
6197 佳必琪|電子零組|27 13 2|99 99 36 75|2.0 217|13 1 0 24 -6
6202 盛群|半導體業|-48 -53 0|85 91 -4 -3|1.3 73|11 -4 -1 3 13
6203 海韻電|電子零組|57 90 62|82 82 -11 30|0.1 26|5 -7 0 -15 -2
6204 艾華|電子零組|27 16 30|82 82 32 68|0.5 39|1 -2 0 50 104
6205 詮欣|電子零組|-52 -41 -28|70 90 9 -1|0.3 22|2 -2 -1 8 4
6206 飛捷|電腦及週|-46 -43 1|90 91 -5 -3|0.7 12|11 10 -8 -4 -8
6209 今國光|光電業|-20 -21 -2|78 82 -6 -10|0.6 6|2 -3 0 -8 5
6213 聯茂|電子零組|10 5 20|82 82 8 20|0.7 588|16 1 -1 9 85
6214 精誠|資訊服務|-1 -3 -12|85 85 -13 17|0.6 80|14 18 -1 -22 -17
6216 居易|通信網路|157 76 84|94 94 28 42|4.7 78|6 2 0 138 86
6217 中探針|電子零組|-19 -16 3|76 76 -17 -5|0.4 11|1 -2 0 -7 -13
6218 豪勉|通信網路|-32 17 -30|60 60 -28 -14|0.2 6|1 -5 0 -19 1
6219 富旺|建材營造|412 1706 1212|83 83 1 17|1.4 23|3 0 0 10 -5
6220 岳豐|電子零組|-11 -17 5|84 84 0 4|0.7 18|4 2 0 1 1
6223 旺矽|半導體業|12 11 5|85 85 -2 44|0.5 411|14 -4 -5 6 16
6231 系微|資訊服務|7 -1 8|84 84 -4 27|0.6 546|12 -1 0 -6 -12
6233 旺玖|半導體業|-26 -27 -13|87 87 2 2|1.7 33|3 0 0 12 -9
6234 高僑|光電業|13 22 -29|71 71 -14 -25|0.2 8|12 3 0 -7 1
6235 華孚|電腦及週|35 33 -11|65 65 -7 15|0.9 1093|9 -2 -1 -5 2
6237 驊訊|半導體業|7 -6 28|89 89 24 12|3.8 261|2 -0 0 45 30
6239 力成|半導體業|-10 -14 7|97 97 13 19|0.9 243|43 2 8 -31 -22
6243 迅杰|半導體業|16 49 26|87 87 3 21|3.6 58|5 -3 -0 65 38
6244 茂迪|光電業|-39 -29 -25|67 78 -8 -28|1.3 119|14 2 0 2 77
6245 立端|通信網路|-36 -29 -37|71 71 -12 -15|0.5 58|12 -10 -0 11 7
6257 矽格|半導體業|-11 -14 3|96 96 14 23|0.8 182|25 14 2 2 -25
6261 久元|半導體業|-12 -22 7|90 90 -9 -5|0.4 7|3 1 0 4 2
6263 普萊德|通信網路|10 6 -11|88 88 -6 -4|0.5 5|3 -15 0 -21 6
6266 泰詠|電子零組|-14 -6 -37|71 71 -12 -16|0.3 8|2 -11 0 -4 -7
6269 台郡|電子零組|-38 -33 -24|78 85 -10 -8|1.2 90|22 -21 0 -3 16
6271 同欣電|半導體業|-36 -28 -10|76 91 8 8|1.5 368|20 4 2 -13 10
6274 台燿|電子零組|1 -7 12|72 72 -10 59|0.6 1990|26 -0 -3 -32 3
6275 元山|電子零組|15 15 20|76 76 -10 2|0.2 21|2 -3 0 -22 13
6276 安鈦克|電腦及週|76 50 46|86 86 7 75|2.8 137|1 -2 0 64 47
6277 宏正|電腦及週|-23 -10 -11|92 92 -5 -2|0.6 6|8 -25 -0 -42 53
6278 台表科|光電業|-18 -26 -0|97 97 3 4|1.8 69|23 8 4 -3 6
6279 胡連|電子零組|3 5 -14|84 84 -5 7|1.0 121|7 -3 2 -6 0
6282 康舒|電子零組|47 45 46|68 68 -27 -1|0.4 303|8 -5 -0 1 12
6283 淳安|其他電子|2 -6 25|73 81 -15 -13|0.5 5|18 4 5 -20 2
6284 佳邦|電子零組|15 11 11|98 98 38 25|1.5 228|5 -3 0 39 67
6285 啟碁|通信網路|-5 11 -22|80 80 5 34|0.5 798|18 -3 0 -7 -2
6288 聯嘉|汽車工業|20 21 9|81 81 -5 -6|0.5 77|2 -2 0 2 -7
6290 良維|電子零組|-6 -2 8|86 94 7 8|3.2 367|4 -1 3 18 27
6291 沛亨|半導體業|83 73 35|71 71 -2 25|1.2 13|1 -6 0 11 21
6409 旭隼|其他電子|-29 -30 -25|63 63 -24 -27|0.8 273|67 -3 -1 132 88
6411 晶焱|半導體業|49 27 51|89 95 -2 11|0.9 56|9 8 2 8 -25
6412 群電|電子零組|-10 -10 3|88 88 11 44|0.4 63|15 0 2 -25 3
6414 樺漢|電腦及週|-2 3 -18|81 81 -14 2|0.4 172|20 -19 7 -1 12
6415 矽力*-KY|半導體業|-20 -30 6|46 67 -2 -37|1.2 827|89 0 -1 8 -33
6416 瑞祺電通|通信網路|-33 -31 -18|74 81 -6 -13|0.5 12|1 -16 0 2 30
6417 韋僑|通信網路|-17 3 -18|56 64 -18 -36|0.3 14|10 3 -19 6 -10
6418 詠昇|電子零組|-2 10 15|93 93 50 30|1.2 26|1 -1 0 5 8
6419 京晨科|光電業|351 166 122|100 100 97 135|1.3 13|13 2 0 na na
6426 統新|通信網路|-31 -32 10|88 88 7 21|0.4 30|7 -2 0 -7 7
6432 今展科|電子零組|36 39 45|95 95 19 7|0.7 13|5 3 0 30 97
6438 迅得|其他電子|-23 -23 -32|82 82 -10 -9|0.8 114|11 -5 0 -6 75
6441 廣錠|電腦及週|-6 8 -22|64 64 -17 -20|1.6 6|1 -0 0 -6 -7
6442 光聖|通信網路|-15 -23 -11|88 88 18 45|3.6 377|30 -0 0 -8 32
6443 元晶|光電業|-20 -18 -29|71 78 -9 -16|2.8 122|15 -6 0 -0 19
6446 藥華藥|生技醫療|57 69 -90|61 88 -3 -9|0.8 315|15 3 -1 2 -5
6449 鈺邦|電子零組|27 62 50|81 81 -3 25|0.2 12|1 -17 2 -4 32
6451 訊芯-KY|半導體業|-28 -16 -38|72 72 27 55|0.7 827|66 0 0 -17 25
6456 GIS-KY|光電業|-51 -51 -20|62 70 -16 -23|0.7 26|47 5 -0 -2 -9
6462 神盾|半導體業|32 19 3|74 74 -14 6|3.4 19|11 -13 -1 20 -8
6469 大樹|生技醫療|10 12 -3|89 89 4 -4|0.6 89|7 -1 0 -16 -2
6470 宇智|通信網路|-12 -8 -17|69 69 -16 -2|0.3 18|5 -3 0 -15 -1
6472 保瑞|生技醫療|-44 71 -156|83 83 -6 9|1.8 982|11 -2 -1 7 31
6477 安集|光電業|-81 -74 -51|66 72 -18 -27|1.8 21|1 -2 0 -10 4
6485 點序|半導體業|14 3 19|85 85 1 -6|0.5 106|9 -0 0 -8 7
6488 環球晶|半導體業|6 -4 -11|93 94 -0 6|1.5 348|23 -2 2 16 -13
6491 晶碩|生技醫療|-13 4 -4|85 97 8 1|1.0 222|10 2 7 13 16
6494 九齊|半導體業|-0 3 34|87 92 8 -0|1.1 7|5 0 0 5 -2
6505 台塑化|油電燃氣|1 -15 -5|89 89 -2 -7|0.7 129|7 -2 3 -9 -0
6509 聚和|化學工業|-21 -20 -9|76 80 -9 -16|0.5 8|2 -1 0 2 6
6510 精測|半導體業|-52 -42 -15|80 82 -5 4|1.6 165|7 -14 13 -24 56
6515 穎崴|半導體業|-40 -37 -56|70 70 -8 2|0.6 353|10 -3 -1 7 7
6517 保勝光學|光電業|-27 -7 -13|na 38 -21 -55|0.2 9|2 10 0 na -75
6523 達爾膚|生技醫療|37 35 15|88 88 -1 -8|0.6 28|7 -14 -2 -19 5
6527 明達醫|生技醫療|3 5 -13|73 73 -9 -2|0.7 6|0 -1 0 na na
6530 創威|通信網路|-3 -2 4|90 90 69 102|0.4 207|2 0 0 143 -30
6531 愛普*|半導體業|1 4 36|91 91 5 33|0.7 2454|16 -0 0 -8 8
6532 瑞耘|半導體業|1 10 -9|93 93 0 23|1.0 13|4 13 0 -4 -15
6533 晶心科|半導體業|-67 1 -26|65 74 -8 -12|0.6 347|22 2 -0 -10 -0
6535 順藥|生技醫療|175 231 -1584|90 90 -4 32|0.5 8|0 -7 0 na -1
6538 倉和|電子零組|56 61 29|72 72 -17 12|0.3 85|15 8 -9 -11 -14
6541 泰福-KY|生技醫療|-93 156 -204|48 80 5 -15|3.6 23|26 -3 -0 81 45
6546 正基|通信網路|-26 -31 15|77 77 -17 3|1.2 14|6 0 0 -2 5
6547 高端疫苗|生技醫療|10196 11417 8637|83 90 18 10|0.4 122|6 6 0 -7 -19
6548 長科*|半導體業|-25 -23 -4|70 71 -9 -22|0.6 18|5 -9 3 -6 17
6550 北極星藥業-KY|生技醫療|na na na|63 77 -14 -24|1.3 149|69 -8 0 4 -40
6561 是方|通信網路|7 7 -0|85 85 -11 -5|0.9 10|13 -34 0 7 -11
6568 宏觀|半導體業|-7 -5 -23|83 96 17 -8|0.9 45|4 -0 0 -34 20
6569 醫揚|生技醫療|40 11 10|80 80 -1 84|2.6 27|3 0 1 12 37
6570 維田|電腦及週|-44 -36 -35|69 69 -23 -17|0.5 5|2 -14 0 3 19
6576 逸達|生技醫療|990 263 -1321|66 94 3 -7|1.6 10|26 5 0 na na
6577 勁豐|電腦及週|50 59 27|72 72 -8 49|1.0 29|2 -4 0 17 16
6579 研揚|電腦及週|-1 0 -2|56 56 -35 49|0.4 46|3 -4 -0 -4 14
6585 鼎基|其他|19 11 10|88 88 38 85|0.7 131|13 -0 0 -8 13
6589 台康生技|生技醫療|-35 -41 -13|66 87 1 -16|2.4 75|5 4 6 12 -2
6591 動力-KY|電腦及週|74 63 68|84 84 -1 4|0.7 6|26 -5 0 -5 0
6592 和潤企業|其他|30 27 1|84 84 -7 9|0.4 51|27 9 -4 -14 -37
6593 台灣銘板|資訊服務|61 58 46|100 100 45 114|5.2 51|5 3 0 na 128
6605 帝寶|汽車工業|12 2 -7|88 88 13 37|0.4 158|19 -5 1 23 -9
6612 奈米醫材|生技醫療|51 25 -0|70 71 -3 -29|0.7 9|28 1 0 0 -12
6613 朋億*|其他電子|-14 -4 -17|89 89 4 30|0.8 28|5 -19 -0 -13 31
6625 必應|其他|157 293 75|58 58 -8 -2|0.5 33|2 -2 0 -23 30
6643 M31|半導體業|36 35 7|88 88 7 57|0.2 444|17 -5 2 36 11
6657 華安|生技醫療|18 -16 na|na na -6 na|3.0 7|7 -2 0 na na
6664 群翊|電子零組|5 6 -2|88 88 14 43|0.4 43|6 -2 -1 1 -7
6669 緯穎|電腦及週|-50 -32 -44|72 72 -3 42|0.7 4119|27 -6 3 -6 27
6670 復盛應用|運動休閒|-30 -34 -25|90 96 3 7|0.7 44|22 23 4 -9 -24
6672 騰輝電子-KY|電子零組|-10 2 22|85 85 6 11|0.3 43|33 -19 0 1 28
6679 鈺太|半導體業|28 13 41|98 98 6 35|1.8 160|12 6 11 -21 -18
6683 雍智科技|半導體業|-11 -12 -8|94 94 4 20|1.8 59|8 -1 3 na 38
6684 安格|半導體業|112 53 82|86 86 20 36|4.1 154|1 -1 0 113 60
6689 伊雲谷|數位雲端|22 15 6|67 67 -20 -24|0.4 27|12 -5 0 14 4
6690 安碁資訊|數位雲端|21 18 -14|76 83 -3 -19|0.6 16|2 2 0 na 12
6691 洋基工程|其他電子|24 11 -16|91 91 -5 27|0.5 78|3 1 2 -1 -5
6695 芯鼎|半導體業|29 16 27|na 87 5 7|1.9 75|1 -0 0 65 34
6703 軒郁|生技醫療|103 96 31|100 100 14 79|1.9 104|16 5 1 na -1
6706 惠特|光電業|-65 -65 8|56 72 -17 -28|0.8 11|7 -1 0 -9 3
6712 長聖|生技醫療|50 32 19|96 97 3 3|1.4 162|7 8 0 13 -36
6715 嘉基|電子零組|-28 -32 -24|78 81 11 -3|0.3 47|1 -10 -0 2 98
6719 力智|半導體業|-43 -52 0|70 83 4 -17|0.8 255|5 -1 2 -2 19
6732 昇佳電子|半導體業|61 60 62|94 94 24 27|1.0 526|10 3 6 -30 -5
6733 博晟生醫|生技醫療|148 131 -102|67 67 -18 -19|0.6 5|1 -9 0 na na
6741 91APP*-KY|數位雲端|11 9 -3|61 62 -15 -39|0.6 33|60 -5 -3 -9 -10
6752 叡揚|資訊服務|18 7 -9|71 72 -15 -25|3.9 29|4 0 0 na 46
6753 龍德造船|航運業|31 37 -58|na 63 -29 -35|0.7 31|1 3 0 356 34
6756 威鋒電子|半導體業|-0 -8 30|83 86 -9 -1|1.0 47|4 -7 2 7 18
6763 綠界科技*|數位雲端|-1 4 -3|65 65 -16 -32|0.8 7|3 -33 0 na -3
6768 志強-KY|運動休閒|-37 -43 -53|85 97 4 1|4.1 6|75 78 0 -19 -13
6770 力積電|半導體業|-42 -46 -4|78 83 -8 -10|0.8 303|13 -6 -1 3 4
6781 AES-KY|電子零組|-41 -44 -20|72 75 -11 -5|0.6 137|74 -18 -8 22 22
6782 視陽|生技醫療|-7 -9 1|na 71 7 -32|0.5 56|4 -5 3 19 43
6788 華景電|半導體業|26 21 14|80 80 -9 -5|0.4 26|2 -5 -2 -15 -2
6789 采鈺|半導體業|-23 -18 6|74 74 -6 -4|2.0 136|9 -6 -0 16 22
6792 詠業|通信網路|24 24 32|94 94 16 30|0.7 14|3 5 0 96 8
6796 晉弘|生技醫療|0 1 -6|76 76 -4 11|0.7 11|22 -6 -1 -5 8
6799 來頡|半導體業|3 1 19|62 71 -16 -19|0.5 104|15 -5 -14 20 3
6806 森崴能源|綠能環保|297 412 278|82 82 2 -10|0.8 146|2 -8 1 -2 14
6811 宏碁資訊|數位雲端|6 -4 -11|64 64 -22 -9|0.5 68|2 -2 4 -11 13
6829 千附精密|半導體業|-10 -16 8|66 66 -16 -24|0.1 31|1 -5 -6 -5 25
6830 汎銓|其他電子|18 9 -3|69 69 -26 -5|0.8 51|6 -4 -2 2 39
6841 長佳智能|生技醫療|114 127 -48|na 70 -9 0|1.7 37|2 -1 0 na 22
6854 錼創科技-KY創|半導體業|107 211 113|73 73 -16 -11|1.6 10|45 -4 0 na na
6861 睿生光電|生技醫療|-15 -15 -12|na 63 -24 -23|0.8 8|2 -3 0 na na
6863 永道-KY|通信網路|44 16 na|na 78 -5 -18|0.9 23|75 -4 -0 1100 15
6874 倍力|資訊服務|11 33 -1|na 58 -32 -38|0.5 7|0 1 0 na -17
7402 邑錡|光電業|-15 -11 10|75 75 -20 1|0.1 13|5 -5 0 -3 60
8011 台通|通信網路|3 17 19|85 85 -0 14|0.7 17|8 -10 0 -11 3
8016 矽創|半導體業|5 3 21|96 96 24 44|0.6 397|31 2 7 -14 -0
8024 佑華|半導體業|-69 -56 -14|88 88 -0 -2|1.7 10|4 -1 0 6 16
8027 鈦昇|電機機械|-59 -34 8|81 81 -9 34|0.1 24|2 -7 -2 -3 -6
8028 昇陽半導體|半導體業|-10 -4 -18|77 77 -14 -9|0.6 24|14 -14 0 -3 5
8033 雷虎|其他|-0 -19 -17|69 74 -9 -21|0.4 42|1 -0 0 na na
8034 榮群|通信網路|-93 132 -56|77 77 -1 16|0.2 9|5 -3 0 -5 2
8038 長園科|電子零組|10 -43 -741|54 54 -29 -35|0.3 5|3 -11 0 na na
8039 台虹|電子零組|-2 5 18|92 92 -2 4|1.4 13|15 -2 0 20 1
8040 九暘|半導體業|-61 -57 -26|76 90 2 4|4.5 68|1 -1 0 23 18
8044 網家|數位雲端|1 -3 7|69 87 6 -14|3.2 31|12 3 -0 1 5
8046 南電|電子零組|-40 -41 -24|82 83 -5 -11|0.9 808|10 0 2 -14 35
8048 德勝|通信網路|92 103 28|82 82 8 113|1.2 197|2 -1 -0 13 16
8049 晶采|光電業|-6 -21 -29|91 91 -3 3|0.4 9|5 -6 0 -14 -16
8050 廣積|電腦及週|-35 -18 -31|72 72 -17 5|0.2 193|4 2 -0 -12 -4
8054 安國|半導體業|19 10 2|96 96 66 71|5.9 264|4 1 0 78 28
8064 東捷|光電業|-47 -12 -13|84 84 -7 -6|0.4 5|7 -4 0 -21 13
8068 全達|電子通路|-46 -5 -20|69 69 11 3|0.7 44|7 0 0 1 25
8069 元太|光電業|-16 -15 -25|72 72 -22 -10|0.5 828|35 -7 -2 -8 6
8070 長華*|電子通路|-29 -28 -4|83 83 -1 -8|0.4 10|10 -8 0 2 -0
8076 伍豐|電腦及週|61 24 24|85 85 -0 16|0.7 26|4 3 0 0 -1
8081 致新|半導體業|20 26 36|89 89 21 56|0.6 138|27 -4 8 -17 -1
8083 瑞穎|電機機械|7 -16 25|94 97 1 9|0.7 6|1 -6 0 -3 0
8085 福華|其他電子|-39 -31 -27|67 67 -25 -3|1.6 18|7 -6 0 -2 -2
8086 宏捷科|半導體業|54 33 56|93 93 13 39|1.9 184|12 -4 2 15 10
8088 品安|半導體業|-20 -10 1|90 90 16 22|1.2 170|10 -1 0 -23 18
8091 翔名|半導體業|-21 -17 -12|84 90 -2 -8|0.5 10|6 12 0 -12 -18
8093 保銳|電子零組|10 -13 -43|60 60 -13 -9|0.6 8|0 0 0 na na
8097 常珵|通信網路|-99 -99 -157|69 74 -7 -4|0.3 7|1 1 0 -7 7
8105 凌巨|光電業|-15 -16 -7|74 74 -22 -5|0.4 8|60 -13 2 -4 1
8109 博大|電子零組|-2 5 -17|83 83 -10 10|0.2 14|2 -15 -3 -11 27
8110 華東|半導體業|-31 -34 -11|88 88 4 15|3.7 17|6 6 0 3 63
8112 至上|電子通路|14 7 29|100 100 21 44|0.5 267|29 4 10 1 34
8114 振樺電|電腦及週|-27 -28 -17|83 83 -8 -2|0.9 20|7 11 -2 -8 -6
8131 福懋科|半導體業|-32 -38 -18|92 92 -4 0|0.7 6|6 -1 3 2 -13
8147 正淩|電子零組|-18 8 10|86 86 5 21|0.5 21|5 1 0 -25 5
8150 南茂|半導體業|20 7 26|98 98 14 15|1.1 85|42 9 1 32 10
8155 博智|電子零組|-10 -14 4|68 68 -16 -14|0.3 94|2 2 -13 -17 -6
8163 達方|電腦及週|-7 -10 2|96 96 1 6|1.1 15|12 6 1 7 1
8171 天宇|綠能環保|-30 -52 -68|64 73 -2 -24|0.6 11|1 -6 0 6 25
8176 智捷|通信網路|92 33 -38|87 87 35 43|2.5 36|1 0 0 na na
8183 精星|其他電子|3 -6 -13|90 96 5 -1|1.0 34|2 13 0 5 -31
8210 勤誠|電腦及週|-8 -22 -13|74 74 -3 123|0.6 1330|10 1 -1 -4 -14
8213 志超|電子零組|8 22 37|93 93 1 14|0.4 28|24 -8 0 -5 23
8215 明基材|光電業|43 27 20|79 79 -12 7|0.5 24|4 -12 0 -2 36
8222 寶一|電機機械|56 43 1|64 67 -14 -28|0.2 42|1 -2 0 -14 17
8227 巨有科技|半導體業|-40 49 1|na 86 20 11|1.4 496|4 1 0 38 23
8234 新漢|電腦及週|-29 -32 -19|62 62 -27 9|0.3 13|5 -5 0 -7 2
8240 華宏|光電業|2 -3 19|92 92 27 35|3.3 21|9 3 0 36 71
8255 朋程|電機機械|44 46 17|85 85 -3 -3|0.5 57|9 -5 -6 -1 2
8261 富鼎|半導體業|-11 -13 20|75 79 -12 -14|0.8 59|2 -4 0 3 24
8271 宇瞻|半導體業|-14 -14 -1|89 89 5 21|0.5 47|11 1 -0 -13 -10
8299 群聯|半導體業|4 -14 16|95 95 16 19|0.8 1023|41 9 5 -5 -6
8341 日友|綠能環保|-20 -13 -3|58 70 -23 -28|0.3 17|9 -11 0 -18 0
8349 恒耀國際|鋼鐵工業|-3 2 -5|91 91 3 -1|1.2 7|2 1 -4 -1 3
8358 金居|電子零組|14 -2 16|84 84 -5 11|0.6 414|10 2 -0 -27 -2
8390 金益鼎|綠能環保|-9 7 6|85 85 -6 19|1.0 69|2 -7 0 28 124
8420 明揚|運動休閒|-26 -23 -41|52 52 -43 -44|0.4 9|1 4 0 -45 -36
8422 可寧衛*|綠能環保|-40 -52 -61|84 84 -9 -8|0.4 34|11 -11 1 -5 23
8426 紅木-KY|其他|36 49 -18|67 67 -3 10|0.4 16|69 0 0 31 14
8431 匯鑽科|其他電子|-9 -12 17|83 83 -5 -3|0.5 6|2 -1 0 -1 4
8433 弘帆|居家生活|30 11 14|86 86 -7 24|0.6 12|2 13 0 -16 -10
8436 大江|生技醫療|3 7 1|77 95 2 -14|0.7 66|24 3 -2 -0 -26
8442 威宏-KY|其他|-18 -9 -16|100 100 7 16|1.2 6|63 2 0 -19 -12
8446 華研|文化創意|6 20 -6|63 63 -7 4|0.2 12|6 -14 0 -7 15
8454 富邦媒|數位雲端|7 6 -3|64 80 -5 -20|1.7 274|22 -14 0 18 7
8462 柏文|運動休閒|23 24 7|74 74 -22 -22|0.4 11|2 3 0 -4 7
8464 億豐|居家生活|6 0 10|80 80 -15 -15|0.9 108|42 -25 -1 1 15
8467 波力-KY|運動休閒|27 11 1|83 83 28 37|0.4 22|45 0 0 2 67
8476 台境*|綠能環保|-42 -52 -80|83 83 -13 -15|0.7 5|3 -12 0 -21 25
8478 東哥遊艇|運動休閒|72 25 8|55 55 -37 -29|0.3 390|42 -6 -0 -12 14
8916 光隆|其他|-31 -31 -16|88 93 1 3|0.5 8|3 -13 11 -5 13
8924 大田|運動休閒|-44 -41 -21|69 83 -5 -18|0.2 8|4 -12 0 -4 11
8926 台汽電|油電燃氣|145 86 30|75 75 -20 -14|0.4 29|7 -3 2 -3 -6
8927 北基|油電燃氣|28 19 6|92 92 30 44|0.7 25|1 -7 0 -9 2
8930 青鋼|鋼鐵工業|20 34 19|87 87 15 56|0.2 20|6 -2 0 -13 45
8932 智通*|數位雲端|109 54 52|95 95 9 50|0.7 27|31 -15 0 26 66
8936 國統|其他|42 24 28|96 96 11 36|2.4 133|7 -2 0 23 -7
8938 明安|運動休閒|-42 -48 -33|61 74 -16 -26|0.4 24|7 0 -5 -9 3
8942 森鉅|其他|-13 2 5|91 91 -2 15|0.4 15|22 -24 0 -25 10
8996 高力|電機機械|21 51 -22|50 50 -36 2|0.9 1515|15 -2 -1 20 64
9802 鈺齊-KY|運動休閒|-66 -49 -45|83 97 11 14|0.5 89|39 1 3 -5 -1
9904 寶成|運動休閒|-17 -15 -11|87 92 -7 -5|0.8 149|46 -6 2 -3 31
9907 統一實|其他|-24 -28 -8|82 83 -12 -16|0.5 18|17 -9 -1 -3 -4
9910 豐泰|運動休閒|-22 -11 -8|90 90 -4 8|0.6 217|16 -6 -0 10 15
9911 櫻花|居家生活|16 9 10|98 98 -0 5|0.9 11|17 -4 0 5 1
9914 美利達|運動休閒|-39 -29 -34|77 77 -20 2|0.5 57|38 -8 -4 -8 -8
9917 中保科|其他|13 13 2|97 97 7 7|1.4 69|44 23 5 71 8
9919 康那香|其他|-17 -19 -8|86 86 -6 3|1.0 135|6 -2 0 0 13
9921 巨大|運動休閒|-21 -24 -17|68 69 -24 -10|1.1 218|44 -33 -2 17 57
9924 福興|居家生活|35 0 13|98 98 1 6|0.8 8|12 6 0 28 -3
9925 新保|其他|-1 -1 -2|99 99 -1 1|0.7 7|18 5 0 0 -39
9927 泰銘|其他|18 6 14|92 92 2 32|0.2 26|15 21 0 -19 -25
9928 中視|其他|23 11 3|78 78 54 54|1.5 21|0 0 0 na na
9930 中聯資源|綠能環保|16 9 1|91 91 5 9|0.3 9|2 -6 0 -2 119
9933 中鼎|其他|21 14 6|88 98 -1 2|0.7 58|14 15 -4 -1 -19
9934 成霖|居家生活|-4 -1 4|88 88 3 -2|0.4 7|16 -13 0 -11 0
9938 百和|其他|-1 -13 14|96 98 7 7|0.5 121|18 5 3 -18 18
9939 宏全|其他|-1 3 -5|95 95 -2 3|0.9 54|24 8 4 -1 7
9941 裕融|其他|14 14 -2|92 92 -4 4|0.6 63|6 -14 -3 -3 -1
9942 茂順|其他|4 14 -8|81 81 -8 -12|0.3 22|7 -8 -3 -24 11
9943 好樂迪|觀光餐旅|4 10 -24|87 87 -2 34|0.3 9|3 -14 1 -15 2
9945 潤泰新|其他|-31 -31 -37|64 82 -14 -15|0.5 83|13 -20 0 8 432
9946 三發地產|建材營造|-64 -76 -56|100 100 27 26|0.9 10|3 8 0 55 -27
9950 萬國通|塑膠工業|38 28 -22|96 96 49 115|1.3 109|0 1 0 na na
9951 皇田|電機機械|1 5 -10|91 91 -3 7|0.5 10|8 -21 1 -8 14
9955 佳龍|綠能環保|13 6 15|85 90 3 -5|2.0 68|1 -0 0 40 -3
9958 世紀鋼|鋼鐵工業|38 60 14|76 76 -6 40|1.4 778|17 -5 1 -6 51
