# 2023-06-01 全池(1114 檔)。欄位:代碼 名稱|產業|最新月YoY 3月YoY均 加速度|距52週高% 距120日高% 60日漲% 120日漲%|量能比 日均值M|外持% 外20 投20 資20 券20(外資持股比;外資/投信20日淨買佔成交值%;融資/借券餘額20日變化%)
1101 台泥|水泥工業|9 20 10|94 95 0 14|1.2 907|21 -8 -8 -30 41
1102 亞泥|水泥工業|-18 11 14|98 98 -1 7|1.1 187|18 -15 1 226 7
1103 嘉泥|水泥工業|31 34 19|97 97 4 17|2.3 8|6 -1 0 -6 -6
1104 環泥|水泥工業|1 32 12|92 92 14 29|0.4 58|15 -1 0 -44 -1
1108 幸福|水泥工業|18 39 13|89 89 11 44|0.4 19|3 -2 0 -28 9
1110 東泥|水泥工業|92 64 49|91 92 3 3|1.7 10|6 0 0 62 -7
1201 味全|食品工業|13 12 9|97 97 -3 6|1.1 8|11 -7 0 4 -14
1210 大成|食品工業|-3 7 -2|98 98 5 21|0.6 101|11 8 1 79 -20
1215 卜蜂|食品工業|13 9 -2|92 92 9 16|0.6 104|39 -8 1 -38 2
1216 統一|食品工業|3 9 -0|98 98 9 14|1.3 390|41 -12 0 -35 -40
1217 愛之味|食品工業|14 7 4|98 98 -0 14|0.6 9|9 3 -3 -0 -47
1218 泰山|食品工業|-10 -2 -8|66 66 2 -24|1.5 77|2 -4 0 -9 -7
1219 福壽|食品工業|-12 0 -10|92 92 -6 10|0.3 12|4 -4 0 -23 3
1227 佳格|食品工業|-4 -3 10|89 96 -2 2|1.3 58|7 2 -1 6 -12
1229 聯華|食品工業|-4 13 7|99 99 16 25|0.7 66|11 3 1 -16 -24
1231 聯華食|食品工業|-0 10 -3|95 95 6 25|0.7 18|3 -11 0 14 -17
1232 大統益|食品工業|-7 10 -9|94 98 4 3|0.9 6|1 5 0 -70 -33
1234 黑松|食品工業|8 30 16|99 99 6 13|0.7 11|6 5 0 -15 -24
1268 漢來美食|觀光餐旅|80 36 -59|99 99 7 44|1.0 56|5 11 0 14 39
1301 台塑|塑膠工業|-36 -25 -4|92 99 3 4|2.0 549|33 -6 3 -15 54
1303 南亞|塑膠工業|-28 -30 -5|96 96 3 1|1.5 432|30 11 7 -33 -4
1304 台聚|塑膠工業|-25 -19 -4|84 84 -7 11|0.7 27|35 -8 0 -1 -15
1305 華夏|塑膠工業|-33 -28 -5|79 81 -14 13|0.6 29|11 -10 -6 10 -16
1307 三芳|塑膠工業|-25 -5 -33|96 96 11 10|1.2 20|11 4 0 6 -15
1308 亞聚|塑膠工業|-10 -16 -12|86 86 -10 -3|0.6 27|8 -22 -1 -4 6
1309 台達化|塑膠工業|-23 -18 1|75 85 -13 1|0.7 7|2 13 0 -5 -7
1310 台苯|塑膠工業|-26 -28 -14|96 96 21 26|0.6 44|6 1 0 -29 14
1312 國喬|塑膠工業|-22 -6 13|86 90 -4 7|0.6 30|13 -9 -2 -8 5
1313 聯成|塑膠工業|-3 -1 15|82 91 -5 11|0.9 10|11 -7 -4 -10 -11
1316 上曜|建材營造|-65 1 -130|58 90 6 2|0.7 13|1 -13 0 -8 26
1319 東陽|汽車工業|-2 17 3|89 97 14 9|0.5 180|23 -6 -0 16 -36
1325 恆大|塑膠工業|-44 -21 8|85 89 9 15|1.5 6|4 2 0 -1 -12
1326 台化|塑膠工業|-30 -17 -11|88 90 -3 -8|1.4 164|34 0 -3 4 -17
1336 台翰|電子零組|-12 9 -11|80 80 -17 -7|0.7 7|5 -7 0 -11 14
1340 勝悅-KY|塑膠工業|134 53 63|97 97 19 30|0.8 6|28 1 0 7 -4
1342 八貫|其他|-4 -5 -19|76 76 -18 48|0.2 93|44 -1 0 -5 3
1402 遠東新|紡織纖維|-9 -3 -8|95 95 -2 -0|1.8 160|16 -12 4 -10 31
1409 新纖|紡織纖維|-28 -24 -13|92 92 -7 -2|0.8 30|13 -16 7 -4 17
1417 嘉裕|紡織纖維|10 17 -0|86 86 -1 15|0.7 7|3 -3 0 -7 2
1423 利華|紡織纖維|-41 -35 -16|97 97 14 15|1.0 6|1 3 0 5 -12
1432 大魯閣|運動休閒|44 15 -74|76 76 -6 36|0.6 10|0 -2 0 na na
1434 福懋|紡織纖維|-25 -17 -15|99 99 2 6|0.9 22|8 -1 -2 8 -13
1437 勤益控|其他|-0 4 -7|92 92 -4 15|0.3 8|8 7 0 -7 -19
1440 南紡|紡織纖維|-9 -2 -8|81 89 -10 -6|0.9 13|7 -19 -3 -7 4
1442 名軒|建材營造|-12 173 -236|85 85 2 -4|0.6 18|4 2 0 -19 -10
1444 力麗|紡織纖維|-51 -28 -19|87 92 -1 -1|0.5 10|6 3 -3 -6 -4
1445 大宇|紡織纖維|-6 21 6|100 100 47 45|2.0 5|2 8 0 8 9
1451 年興|紡織纖維|-36 -30 -25|78 90 -9 -0|0.5 6|6 -16 0 4 17
1476 儒鴻|紡織纖維|-31 -32 -26|92 92 1 6|1.1 226|41 -13 -12 26 18
1477 聚陽|紡織纖維|-9 1 -6|96 96 12 6|0.9 271|38 -3 -2 152 11
1503 士電|電機機械|13 20 5|99 99 84 157|0.9 2236|29 0 2 -47 -10
1504 東元|電機機械|4 9 -1|99 99 65 86|0.6 1366|19 0 1 -11 -3
1513 中興電|電機機械|-2 14 1|97 97 20 103|0.7 2119|15 -3 -0 21 29
1514 亞力|電機機械|22 23 -11|99 99 36 88|0.7 564|13 2 -0 -14 -4
1515 力山|電機機械|-16 -40 29|79 88 -1 0|0.7 8|7 -15 0 1 -18
1519 華城|電機機械|122 55 52|99 99 129 254|1.0 3348|14 1 1 -25 -30
1522 堤維西|汽車工業|-10 -1 -11|90 94 1 8|0.3 34|8 1 0 -17 -5
1524 耿鼎|汽車工業|-14 20 4|82 88 -2 -1|0.6 25|1 -4 0 -4 21
1525 江申|汽車工業|21 38 2|100 100 86 100|6.1 54|1 0 1 133 9
1526 日馳|電機機械|-53 -37 -31|73 89 -5 -8|0.6 5|2 5 0 0 2
1527 鑽全|電機機械|-43 -32 -6|93 93 -7 2|0.6 7|10 -21 0 -1 -0
1528 恩德|電機機械|-3 8 -1|98 98 11 30|0.7 18|4 -1 0 -14 33
1529 樂事綠能|電機機械|-2 249 169|86 86 58 107|0.3 273|2 -3 -0 -20 10
1532 勤美|電機機械|-11 -24 6|97 97 5 21|0.6 17|11 -13 -6 19 -8
1533 車王電|汽車工業|35 42 18|86 97 12 12|0.6 26|5 -0 0 -4 8
1535 中宇|電機機械|20 9 3|99 99 11 30|0.4 6|2 -5 -1 -18 -22
1536 和大|汽車工業|1 12 1|76 93 0 -1|0.6 33|12 16 -2 -2 -11
1537 廣隆|電機機械|-30 -15 -63|97 97 -1 1|0.9 10|17 -26 0 15 -7
1539 巨庭|電機機械|-35 -57 -15|58 83 -13 -11|0.2 5|1 5 0 -6 1
1558 伸興|電機機械|10 2 -9|83 87 -11 -2|1.0 12|7 5 0 -4 -8
1560 中砂|電機機械|-14 -6 -13|69 90 2 5|1.2 81|9 8 1 -4 -24
1565 精華|生技醫療|2 -4 7|90 90 -8 -3|1.0 22|25 -29 -1 1 35
1568 倉佑|汽車工業|12 -16 -8|84 99 10 11|1.9 12|3 13 0 -9 -39
1580 新麥|電機機械|36 26 26|100 100 38 57|1.0 61|8 8 -0 32 39
1582 信錦|電子零組|-12 -22 -6|86 95 -4 1|0.9 6|8 -16 0 4 -7
1584 精剛|其他|62 116 48|85 85 31 72|0.4 174|2 -7 0 -1 39
1589 永冠-KY|電機機械|32 43 25|86 86 7 39|1.1 250|13 -1 -2 28 -1
1590 亞德客-KY|電機機械|19 22 17|79 79 -11 9|1.1 537|77 -3 -7 83 -24
1591 駿吉-KY|電機機械|-97 -92 na|99 99 16 58|1.9 11|21 6 0 16 -7
1598 岱宇|運動休閒|17 2 25|81 81 -14 7|1.0 13|6 -10 -2 89 -15
1603 華電|電器電纜|5 38 -11|91 91 5 3|0.7 11|2 5 0 -1 8
1604 聲寶|電器電纜|-4 -2 3|99 99 7 12|0.7 7|9 8 0 13 -25
1605 華新|電器電纜|-6 14 6|78 78 -9 4|0.5 805|22 -11 -5 3 29
1608 華榮|電器電纜|-12 -12 -6|95 95 48 56|4.9 144|1 -4 0 99 102
1609 大亞|電器電纜|-11 -0 7|96 96 25 64|0.5 917|11 -2 -0 -9 -5
1611 中電|電器電纜|-22 -13 -1|87 92 21 24|0.3 39|11 5 -0 -2 -10
1612 宏泰|電器電纜|-10 -12 -7|100 100 23 45|1.1 46|14 -3 0 24 -3
1618 合機|電器電纜|170 86 43|95 95 35 43|1.0 42|4 5 0 -10 37
1701 中化|生技醫療|2 9 1|70 70 -9 23|0.4 30|12 -6 -0 -16 -3
1702 南僑|食品工業|16 21 14|99 99 8 15|1.7 34|11 -1 2 109 -36
1707 葡萄王|生技醫療|-5 10 4|93 93 -5 33|0.4 51|21 -6 -11 -17 11
1708 東鹼|化學工業|-33 -19 -53|65 83 -17 -11|0.4 40|6 -4 0 -30 10
1709 和益|化學工業|29 6 -2|93 93 2 12|0.5 36|4 -20 0 -10 -1
1710 東聯|化學工業|-19 -19 6|98 98 14 18|0.5 50|10 12 0 -42 -20
1711 永光|化學工業|-24 -14 -3|87 91 8 14|0.4 45|7 1 0 -19 2
1712 興農|化學工業|-23 -15 -24|84 89 -11 1|0.3 23|13 -26 -0 -10 20
1717 長興|化學工業|-18 -14 -3|96 96 6 5|0.7 44|14 17 0 -18 4
1720 生達|生技醫療|15 27 -4|94 94 20 52|0.4 107|10 6 -0 -45 -29
1721 三晃|化學工業|-48 -26 -17|79 91 10 17|0.5 39|1 -1 0 -10 8
1722 台肥|化學工業|-3 -8 -9|90 99 4 8|1.0 70|12 -1 1 -7 -3
1723 中碳|化學工業|-23 -3 -15|91 97 0 4|1.0 21|10 -10 -8 1 -10
1727 中華化|化學工業|-26 -27 -24|95 100 66 72|1.4 134|3 0 0 60 16
1731 美吾華|生技醫療|15 19 20|100 100 21 34|1.2 18|3 12 0 -37 -1
1733 五鼎|生技醫療|-28 -21 -21|98 100 8 16|1.4 7|7 -9 0 4 8
1734 杏輝|生技醫療|10 21 1|93 93 7 16|0.8 35|9 8 0 -34 -11
1736 喬山|運動休閒|12 4 -4|73 73 -10 -20|0.3 21|8 -13 -0 -17 -12
1737 臺鹽|食品工業|-13 -5 8|99 99 1 5|0.8 5|9 -5 0 9 -13
1742 台蠟|化學工業|-33 -27 -13|88 94 5 10|0.6 7|0 0 0 11 71
1752 南光|生技醫療|10 54 28|78 78 4 79|0.3 145|10 -3 -2 -38 28
1760 寶齡富錦|生技醫療|-35 -16 -22|77 77 -15 -14|0.3 344|13 -5 -2 29 59
1762 中化生|生技醫療|-3 41 22|87 87 22 52|0.5 259|15 3 -2 -33 -13
1773 勝一|化學工業|-23 -17 -5|76 94 10 14|0.8 18|5 14 -4 -1 -22
1776 展宇|化學工業|-48 -34 -19|81 81 11 15|0.4 7|1 -1 0 -23 26
1777 生泰|生技醫療|-7 19 -37|91 91 -2 12|0.3 9|1 -11 0 -4 9
1783 和康生|生技醫療|33 20 -1|81 81 -12 41|0.6 89|7 -7 -1 2 26
1784 訊聯|生技醫療|10 18 7|86 86 43 60|0.4 160|4 -2 0 -22 11
1785 光洋科|其他電子|2 -20 4|80 93 1 9|1.3 52|9 -0 2 6 14
1786 科妍|生技醫療|57 22 -6|88 88 -2 39|0.3 25|2 -13 0 -12 12
1789 神隆|生技醫療|19 -1 -21|90 91 -3 7|0.6 29|5 -24 -0 -1 -25
1795 美時|生技醫療|102 43 3|93 93 15 34|0.6 3180|74 4 0 -25 -7
1796 金穎生技|食品工業|64 51 24|85 85 43 132|0.9 107|2 2 -0 -32 17
1802 台玻|玻璃陶瓷|11 2 17|74 74 -18 -22|0.9 90|7 -20 -0 7 44
1808 潤隆|建材營造|-78 393 342|98 98 6 19|0.5 14|2 8 0 -3 -7
1809 中釉|玻璃陶瓷|-10 4 -7|95 95 9 8|0.6 22|3 2 0 -12 11
1810 和成|玻璃陶瓷|-6 -7 1|83 83 21 29|0.3 105|4 -3 0 -9 22
1815 富喬|電子零組|-55 -24 -5|79 93 -4 -3|1.2 8|3 8 0 6 2
1903 士紙|造紙工業|45 15 28|75 84 -9 -13|0.3 7|12 3 0 -13 -12
1904 正隆|造紙工業|-17 -6 2|100 100 17 22|1.1 102|9 1 0 11 3
1905 華紙|造紙工業|-8 3 -5|100 100 61 63|1.5 471|4 0 -1 20 52
1907 永豐餘|造紙工業|-3 0 6|97 97 20 22|1.2 150|14 7 -0 10 4
1909 榮成|造紙工業|-4 -6 9|89 89 -8 3|0.6 30|12 -3 -2 -19 -8
2002 中鋼|鋼鐵工業|-29 -18 -2|91 91 -5 -0|1.7 534|19 -12 7 -6 6
2006 東和鋼鐵|鋼鐵工業|-13 -4 1|85 93 -5 15|0.9 50|14 -4 1 -7 -18
2009 第一銅|鋼鐵工業|-25 -13 6|87 87 -9 4|0.5 26|1 2 0 -14 -3
2010 春源|鋼鐵工業|-21 -16 1|81 96 -2 5|0.9 7|7 7 0 -5 -10
2014 中鴻|鋼鐵工業|-37 -26 4|76 78 -18 1|0.4 82|8 -14 -1 2 -8
2015 豐興|鋼鐵工業|-22 -7 3|91 95 -1 14|1.0 15|11 -14 12 -19 -2
2017 官田鋼|鋼鐵工業|-36 -33 -12|86 86 -7 32|0.7 10|2 -13 0 1 2
2022 聚亨|鋼鐵工業|-33 -12 -2|91 91 18 25|0.6 24|3 2 0 na na
2023 燁輝|鋼鐵工業|-17 -20 -0|80 88 -11 2|0.8 27|6 5 -2 -9 -6
2027 大成鋼|鋼鐵工業|-26 -14 -16|98 98 4 13|0.5 194|15 20 1 -14 -19
2028 威致|鋼鐵工業|-34 -9 6|84 84 -10 11|0.8 6|1 14 0 -8 -19
2029 盛餘|鋼鐵工業|-38 -29 -0|89 95 -2 5|0.8 5|70 -9 -0 -20 -16
2030 彰源|鋼鐵工業|-21 -18 -6|83 93 -3 3|0.7 14|3 10 0 -4 -11
2031 新光鋼|鋼鐵工業|-12 -13 -17|90 90 7 30|0.5 105|13 13 -3 -48 -20
2034 允強|鋼鐵工業|-19 -3 9|92 92 -7 5|0.7 16|8 -8 0 -6 -5
2049 上銀|電機機械|-22 -19 -10|89 89 -5 25|0.6 236|30 -2 -2 -2 1
2059 川湖|電子零組|-28 -31 -34|89 98 7 4|1.9 264|16 2 1 57 -2
2065 世豐|鋼鐵工業|-8 9 14|97 97 6 25|0.4 5|4 -8 -6 -7 16
2066 世德|電機機械|-6 6 -16|90 90 6 21|0.5 21|14 -0 0 7 10
2101 南港|橡膠工業|-22 -4 4|93 94 3 8|1.0 24|7 3 0 2 -10
2103 台橡|橡膠工業|-13 -6 -6|85 85 -13 -4|2.0 45|27 -6 -4 9 0
2104 國際中橡|橡膠工業|-28 -14 -13|91 96 -3 -3|1.1 51|12 4 -0 62 -30
2105 正新|橡膠工業|13 9 8|97 97 14 15|1.7 205|15 16 -0 -28 -59
2106 建大|橡膠工業|-3 -7 -12|82 96 -1 -2|0.7 17|7 -2 -9 -21 2
2108 南帝|橡膠工業|-37 -31 13|76 86 -6 8|0.9 15|8 -12 1 -6 -6
2201 裕隆|汽車工業|12 10 7|100 100 15 55|1.8 1124|10 3 -0 -9 -1
2204 中華|汽車工業|3 29 19|100 100 69 82|1.1 579|23 -3 5 -18 44
2206 三陽工業|汽車工業|42 53 20|100 100 103 121|1.2 1518|17 1 0 8 -15
2207 和泰車|汽車工業|26 27 18|93 93 32 28|2.8 375|25 5 2 1322 0
2208 台船|航運業|88 37 14|88 88 7 33|0.3 144|5 5 -0 -22 -9
2211 長榮鋼|鋼鐵工業|5 2 23|100 100 21 21|1.0 47|18 12 1 -10 -25
2227 裕日車|汽車工業|34 19 14|84 92 -3 -6|1.4 9|41 10 0 na -64
2228 劍麟|汽車工業|12 10 -9|96 96 -0 8|1.3 9|9 -10 0 22 -5
2230 泰茂|居家生活|-13 5 9|93 93 8 167|0.4 18|7 -4 0 2 26
2231 為升|汽車工業|47 45 29|90 90 8 19|0.8 145|8 -4 -0 2 4
2233 宇隆|汽車工業|-10 -8 -6|92 92 5 16|0.3 19|5 -8 0 -8 12
2236 百達-KY|汽車工業|25 34 21|100 100 16 139|1.6 13|70 -2 0 3 -2
2239 英利-KY|汽車工業|70 38 14|98 98 25 29|2.5 11|76 15 0 8 -17
2247 汎德永業|汽車工業|-16 37 23|92 92 25 37|1.4 145|6 3 0 67 2
2301 光寶科|電腦及週|-13 -12 -10|97 97 24 36|2.2 694|45 -6 5 260 0
2302 麗正|半導體業|6 10 -2|92 92 21 13|1.3 17|1 -6 -0 -2 21
2303 聯電|半導體業|-19 -19 -34|95 95 -1 10|1.8 2114|36 -3 -4 2 12
2305 全友|電腦及週|41 25 22|65 79 -10 -20|1.8 6|1 -1 0 3 4
2308 台達電|電子零組|16 14 -9|100 100 10 5|1.4 1384|67 7 -1 -23 -12
2312 金寶|其他電子|-2 -3 -28|92 95 1 -1|1.6 48|9 11 -0 -2 -10
2313 華通|電子零組|-12 -19 -27|88 92 1 -2|1.1 321|20 -9 2 -2 -31
2314 台揚|通信網路|-0 12 -13|73 90 6 23|0.4 57|3 8 0 -3 na
2317 鴻海|其他電子|-12 -15 -25|96 100 5 7|2.0 3178|40 -4 -0 1 40
2323 中環|光電業|-9 -10 4|99 99 45 65|5.7 207|10 -1 0 43 46
2324 仁寶|電腦及週|47 2 11|97 97 17 31|2.1 784|45 24 -6 76 40
2327 國巨*|電子零組|-11 -11 -13|87 87 -7 11|1.9 1437|47 4 -16 24 38
2328 廣宇|電子零組|-5 7 3|100 100 10 26|3.5 66|14 11 -0 23 -14
2329 華泰|半導體業|-16 -13 -5|94 94 4 12|2.3 24|10 3 -1 -4 6
2330 台積電|半導體業|-14 -6 -36|97 97 7 12|2.4 12010|73 29 -1 -18 -51
2331 精英|電腦及週|-44 -39 -22|100 100 44 39|2.9 212|12 4 0 17 -5
2332 友訊|通信網路|8 3 -9|100 100 19 43|2.0 130|15 13 0 -5 -10
2337 旺宏|半導體業|-22 -33 -6|88 90 -6 -3|0.9 237|19 -3 -0 -8 1
2338 光罩|半導體業|-19 -9 -22|82 82 -3 0|0.5 153|10 1 -20 5 -23
2340 台亞|半導體業|-36 -28 1|78 88 -3 0|0.5 34|12 11 0 -8 -7
2342 茂矽|半導體業|-36 -31 -23|86 86 2 13|0.3 32|3 -4 -0 -6 10
2344 華邦電|半導體業|-36 -32 -10|94 99 4 21|1.1 645|22 7 -2 -22 -8
2345 智邦|通信網路|12 28 -3|96 96 20 27|2.7 678|69 15 -5 -12 23
2347 聯強|電子通路|-5 -7 -6|92 96 -1 7|2.2 220|29 -14 3 -19 46
2351 順德|半導體業|-9 0 0|82 89 1 24|0.6 127|20 1 -6 14 -23
2352 佳世達|電腦及週|-18 -15 -10|100 100 38 47|1.4 434|15 3 0 17 14
2353 宏碁|電腦及週|-28 -28 -4|100 100 20 24|1.2 484|35 18 -5 -3 14
2354 鴻準|其他電子|-17 -4 8|99 99 1 12|1.3 77|18 16 -1 -7 -29
2355 敬鵬|電子零組|9 -1 3|95 95 7 -1|0.6 18|19 -11 0 -4 -15
2356 英業達|電腦及週|-17 -9 -7|94 94 33 46|3.6 683|27 -1 -5 372 103
2357 華碩|電腦及週|-6 -10 -2|99 99 8 14|1.2 666|44 18 6 2 -9
2358 廷鑫|其他|28 -19 11|59 70 -23 -21|0.7 9|2 0 0 13 36
2359 所羅門|其他電子|-38 -26 -36|92 92 18 36|0.3 66|4 -0 0 -14 2
2360 致茂|其他電子|-7 3 -24|97 97 26 19|2.6 350|70 15 1 -42 33
2362 藍天|電腦及週|272 81 77|92 98 4 3|1.0 21|9 -1 0 19 -4
2363 矽統|半導體業|-36 -12 9|84 93 -5 4|0.8 12|5 0 -2 -3 -7
2364 倫飛|電腦及週|40 35 12|69 84 -4 -13|0.3 22|17 1 0 -6 6
2367 燿華|電子零組|-2 1 -27|76 92 -4 -4|0.6 33|8 13 -0 -4 -18
2368 金像電|電子零組|-6 -9 -21|100 100 43 29|1.5 1581|27 7 1 -10 -33
2369 菱生|半導體業|-20 -22 8|73 93 -5 3|0.8 8|15 4 0 -4 -10
2371 大同|電機機械|83 66 32|99 99 26 30|3.7 1580|14 -3 0 27 -35
2373 震旦行|其他電子|77 32 26|92 99 0 2|2.7 7|2 -24 0 -2 24
2374 佳能|光電業|-22 -11 -42|77 90 -4 -7|1.1 8|5 -2 0 1 2
2375 凱美|電子零組|-9 -11 13|88 88 3 24|0.3 28|6 8 0 -9 -6
2376 技嘉|電腦及週|-4 4 18|100 100 60 78|2.9 2991|26 -1 6 146 32
2377 微星|電腦及週|-16 -10 8|98 98 19 34|2.2 893|35 21 -2 26 -2
2379 瑞昱|半導體業|-21 -26 -13|92 95 0 11|1.1 720|48 -0 3 -2 -17
2382 廣達|電腦及週|17 -2 -14|99 99 53 71|2.5 3598|26 12 -0 427 41
2383 台光電|電子零組|-9 -15 -4|93 99 11 13|2.4 803|40 3 6 84 79
2385 群光|電子零組|-2 -12 -11|99 99 11 29|1.4 204|34 8 4 44 -18
2387 精元|電腦及週|52 2 1|88 88 5 3|0.4 30|11 -17 -0 -8 -3
2388 威盛|半導體業|40 21 -2|87 87 -2 16|1.0 505|8 -4 0 18 5
2392 正崴|電子零組|-17 -2 -14|96 96 6 15|1.2 29|13 -21 -0 40 -1
2393 億光|光電業|1 -10 10|100 100 24 30|1.5 90|28 28 0 -19 -22
2395 研華|電腦及週|16 12 -3|97 97 11 24|1.6 364|43 12 1 27 27
2397 友通|電腦及週|-13 -4 -6|100 100 18 30|2.5 10|23 18 0 -12 -25
2399 映泰|電腦及週|7 13 29|97 97 29 44|3.1 58|7 3 0 29 -12
2401 凌陽|半導體業|-36 -38 -3|73 95 -3 0|1.4 23|12 12 0 -8 -10
2402 毅嘉|電子零組|22 17 -4|100 100 53 64|0.5 305|18 3 -0 7 22
2404 漢唐|其他電子|166 188 48|96 96 -0 30|0.7 179|30 9 1 -6 -15
2405 輔信|電腦及週|-21 -8 1|79 94 0 0|0.8 11|6 -1 0 -2 -2
2406 國碩|光電業|-42 -37 -13|75 87 -7 -1|0.4 16|5 -11 0 -3 34
2408 南亞科|半導體業|-66 -67 -12|97 97 23 19|1.2 856|16 7 -4 8 5
2409 友達|光電業|-8 -26 13|90 91 -7 8|0.8 384|25 -4 -1 -1 4
2412 中華電|通信網路|-3 4 1|98 98 6 14|2.2 1162|17 4 -15 -6 35
2413 環科|電子零組|5 57 19|80 80 12 19|0.3 57|3 -6 0 3 20
2417 圓剛|電腦及週|-18 -17 -3|84 86 -8 -1|0.4 7|2 -4 0 -19 4
2419 仲琦|通信網路|32 14 -27|89 92 -5 7|0.6 28|3 -2 0 -1 -0
2420 新巨|電子零組|-29 -16 -8|100 100 6 18|0.6 8|5 14 0 -5 -34
2421 建準|電子零組|25 20 12|99 99 103 94|3.1 1382|30 -1 2 160 84
2423 固緯|其他電子|32 17 7|98 98 31 43|1.5 21|4 3 0 -40 3
2425 承啟|電腦及週|-1 -7 4|94 94 -1 26|5.0 31|6 -9 0 59 26
2426 鼎元|光電業|-15 -20 7|87 96 4 7|1.0 7|9 2 0 -5 -2
2427 三商電|資訊服務|-2 13 0|100 100 107 138|0.6 102|8 4 -0 90 12
2428 興勤|電子零組|-6 2 4|93 93 7 29|0.6 83|15 14 -6 -18 -30
2430 燦坤|電子通路|-19 -14 -4|92 92 -6 14|0.6 8|5 -4 0 -2 -1
2436 偉詮電|半導體業|-6 -25 8|78 94 1 12|0.7 33|7 20 0 -12 -18
2439 美律|通信網路|22 23 9|99 100 7 6|1.1 29|15 8 -1 -2 -11
2441 超豐|半導體業|-29 -28 3|86 99 6 18|2.8 27|13 -10 1 20 -15
2442 新美齊|建材營造|346 108 -276|88 88 27 43|1.3 47|2 -3 0 -21 127
2444 兆勁|通信網路|-19 4 3|56 56 -33 -9|1.9 7|2 -4 0 na na
2449 京元電子|半導體業|-23 -15 -15|97 97 16 48|2.4 241|40 1 1 77 -13
2450 神腦|通信網路|-8 3 4|100 100 6 18|0.6 7|3 -2 0 -15 -49
2451 創見|半導體業|-23 -21 -0|100 100 9 17|3.3 32|10 17 7 184 -9
2453 凌群|資訊服務|3 3 2|88 88 41 177|0.5 415|4 -0 -0 -4 24
2454 聯發科|半導體業|-46 -33 -21|88 94 -3 3|1.9 3481|58 -6 3 -11 6
2455 全新|通信網路|-39 -46 -4|100 100 29 34|1.6 198|30 2 -1 -1 -5
2457 飛宏|電子零組|-4 5 -4|100 100 75 111|1.0 2467|16 3 0 -3 13
2458 義隆|半導體業|-16 -32 5|80 96 3 19|1.7 181|24 -4 -3 8 -17
2460 建通|電子零組|-36 -26 12|87 87 17 22|0.6 7|1 -3 0 -16 2
2461 光群雷|其他電子|-24 -17 -13|99 99 16 27|0.9 13|9 18 0 -1 -23
2462 良得電|電子零組|-29 -10 -1|92 92 -8 12|0.4 17|3 -15 0 5 16
2464 盟立|其他電子|-17 -9 -12|92 92 -4 -0|0.7 5|4 1 0 -7 -15
2465 麗臺|電腦及週|-13 -23 17|86 86 -8 1|2.1 9|2 3 0 -18 -25
2467 志聖|電子零組|-55 -30 -21|100 100 9 15|3.7 20|6 -5 0 4 42
2468 華經|資訊服務|22 8 -4|82 82 -5 -9|0.7 41|1 0 -0 26 27
2471 資通|資訊服務|8 7 0|92 92 53 129|0.6 418|2 0 -0 -17 11
2472 立隆電|電子零組|-24 -13 -6|87 87 -3 12|0.4 22|3 -2 -10 -11 1
2474 可成|其他電子|95 2 20|98 98 -1 3|1.2 265|45 2 9 -16 -18
2476 鉅祥|電子零組|-3 -5 -5|86 88 3 9|0.2 35|3 -5 0 4 3
2478 大毅|電子零組|-19 -18 7|92 94 -2 9|0.5 6|5 -10 0 -4 4
2480 敦陽科|資訊服務|14 13 9|99 99 25 48|1.4 156|5 -4 1 15 41
2481 強茂|半導體業|2 -10 4|88 98 6 16|0.5 133|11 17 -0 -10 -18
2482 連宇|其他電子|25 296 148|89 89 41 166|0.4 315|2 -0 0 -9 -19
2483 百容|電子零組|-28 -23 -11|94 99 14 23|1.4 5|2 6 0 5 -6
2484 希華|電子零組|-40 -33 -20|87 91 -7 1|0.6 28|5 -4 0 -9 9
2485 兆赫|通信網路|10 17 7|91 91 3 8|0.5 11|8 -14 0 1 -34
2486 一詮|光電業|-19 -13 6|88 100 43 76|1.2 54|6 14 0 3 -16
2489 瑞軒|光電業|7 -8 17|100 100 31 40|2.9 74|12 6 0 7 -14
2491 吉祥全|光電業|169 67 63|90 90 32 28|3.5 11|5 -0 0 -62 na
2492 華新科|電子零組|-22 -17 3|90 93 5 19|0.8 264|16 4 0 1 22
2493 揚博|電子零組|7 1 -13|100 100 36 67|2.2 26|6 6 0 37 -15
2495 普安|電腦及週|9 41 5|94 94 25 37|1.1 122|21 -2 0 2 6
2497 怡利電|汽車工業|38 3 -29|79 83 -5 -2|0.3 45|1 3 -6 2 5
2498 宏達電|通信網路|44 14 24|91 91 -2 17|0.9 378|14 8 0 4 -14
2501 國建|建材營造|31 124 -10|92 92 -5 5|1.1 11|7 8 0 22 -21
2504 國產|建材營造|-8 19 17|99 99 6 14|0.9 87|14 -22 2 -7 -18
2505 國揚|建材營造|-99 -91 -70|89 93 -4 -3|1.2 6|6 -3 0 -9 -1
2511 太子|建材營造|-36 -41 -19|96 96 5 11|1.3 9|9 -15 0 -2 -7
2515 中工|建材營造|44 34 36|99 99 29 38|2.4 110|15 -6 0 32 3
2520 冠德|建材營造|-27 6 -4|91 96 1 6|0.7 13|16 -12 1 -14 -18
2528 皇普|建材營造|-100 126 91|98 98 45 47|1.8 11|1 10 0 -31 -26
2530 華建|建材營造|-99 -22 -17530|99 99 34 24|1.7 29|2 -3 0 -5 9
2534 宏盛|建材營造|-45 -30 -88|87 87 -3 -12|0.4 15|7 2 -2 -1 -1
2535 達欣工|建材營造|-16 -18 -23|100 100 10 18|0.7 17|7 13 0 -13 -16
2536 宏普|建材營造|219 76 39|98 98 13 13|1.0 7|10 -2 0 -21 -10
2538 基泰|建材營造|-43 14 -35|89 96 -1 4|0.9 8|12 3 0 9 -17
2539 櫻花建|建材營造|-91 na na|100 100 11 19|1.0 14|1 11 0 2 -17
2540 愛山林|建材營造|50 59 58|83 95 4 7|1.6 31|1 13 0 1 -37
2542 興富發|建材營造|-19 86 87|95 95 2 -5|0.9 133|10 14 -0 17 -6
2545 皇翔|建材營造|-77 -75 -54|90 98 2 9|0.5 10|4 -5 0 -10 -12
2546 根基|建材營造|29 46 -7|96 96 22 41|0.6 11|5 -7 -0 -31 -11
2548 華固|建材營造|-54 52 -142|99 99 7 11|1.4 123|18 -11 0 59 31
2597 潤弘|建材營造|-7 1 -11|90 90 -6 11|0.9 7|1 -29 0 -4 -11
2603 長榮|航運業|-60 -63 -51|55 88 -6 -5|0.9 2657|26 -19 -0 -3 26
2605 新興|航運業|45 28 24|76 76 -24 5|0.6 50|38 -8 -2 -5 -1
2606 裕民|航運業|1 0 5|78 78 -21 8|1.0 185|9 -14 -3 8 14
2607 榮運|航運業|-12 -15 -89|76 95 -3 -1|0.5 32|14 15 -2 -11 -6
2609 陽明|航運業|-70 -67 -43|59 89 -8 -5|0.6 893|13 -9 1 -9 13
2610 華航|航運業|24 22 12|88 100 14 33|3.3 1244|13 15 0 9 -15
2611 志信|航運業|-28 -25 -3|69 89 -10 5|2.0 6|1 -2 0 -9 46
2612 中航|航運業|-18 -12 -23|77 87 -10 10|0.9 11|2 -0 0 -11 -14
2614 東森|其他|-6 -2 -4|63 75 -19 -8|0.7 25|3 12 0 -8 -19
2615 萬海|航運業|-67 -67 -40|44 65 -30 -24|0.8 421|41 -11 0 -2 -18
2616 山隆|油電燃氣|-20 -12 -3|94 98 3 1|0.6 11|3 -6 0 -25 5
2617 台航|航運業|12 13 -4|82 84 -10 13|0.6 19|4 -19 0 -9 5
2618 長榮航|航運業|38 46 12|100 100 27 38|3.3 3771|26 2 2 85 -31
2630 亞航|航運業|61 48 29|100 100 170 183|2.9 364|1 -0 0 na -41
2633 台灣高鐵|航運業|56 38 -51|98 98 11 15|1.2 171|11 13 2 127 -29
2634 漢翔|航運業|45 70 26|94 94 44 76|0.4 1485|8 4 -1 -18 -8
2636 台驊控股|航運業|-59 -63 -13|65 94 6 7|0.9 38|15 -12 -0 0 1
2637 慧洋-KY|航運業|-35 -39 -41|56 79 -21 -7|1.7 165|8 -11 -4 -2 -10
2640 大車隊|數位雲端|20 16 -7|97 97 27 59|0.4 32|8 6 1 -18 4
2641 正德|航運業|-11 -23 -17|70 86 -10 5|0.3 17|1 -2 0 -11 17
2701 萬企|觀光餐旅|31 26 11|95 95 4 14|2.9 13|0 -1 0 3 17
2702 華園|觀光餐旅|22 25 -30|87 91 -8 16|1.5 8|38 1 0 15 7
2704 國賓|觀光餐旅|-7 -20 -40|100 100 29 53|2.3 31|10 -23 1 68 -7
2705 六福|觀光餐旅|91 66 -50|93 93 6 20|2.4 29|5 -1 0 74 15
2706 第一店|觀光餐旅|48 45 11|100 100 17 26|3.6 25|3 -2 1 264 199
2707 晶華|觀光餐旅|35 23 -8|90 90 -7 46|0.6 277|17 -1 -2 11 -10
2719 燦星旅|觀光餐旅|1127 1506 531|94 94 35 233|1.8 20|0 0 0 na na
2722 夏都|觀光餐旅|12 1 -268|98 98 43 119|2.7 112|1 1 0 65 -38
2723 美食-KY|觀光餐旅|34 16 12|88 88 -6 31|0.8 220|62 6 -6 -13 -2
2727 王品|觀光餐旅|55 29 8|98 98 20 124|0.9 777|40 6 0 -18 20
2729 瓦城|觀光餐旅|63 21 -6|100 100 5 41|1.0 87|7 11 1 19 -54
2731 雄獅|觀光餐旅|901 604 242|94 94 42 94|0.9 1429|20 -1 -2 5 15
2732 六角|觀光餐旅|-3 1 -4|97 97 10 61|0.6 159|12 -2 0 10 19
2734 易飛網|觀光餐旅|358 658 243|100 100 51 106|1.9 96|11 4 0 na na
2736 富野|觀光餐旅|42 7 -107|98 98 48 97|3.3 180|6 1 0 64 -10
2739 寒舍|觀光餐旅|73 56 -46|91 91 19 177|1.4 60|2 -3 2 na na
2743 山富|觀光餐旅|1650 1243 163|100 100 116 159|0.3 110|12 6 0 69 -29
2745 五福|觀光餐旅|2546 2647 1557|98 98 73 125|0.9 48|1 1 0 na na
2748 雲品|觀光餐旅|18 8 -77|88 88 -2 84|1.3 264|1 -1 1 3 21
2753 八方雲集|觀光餐旅|5 11 -3|72 72 -24 -9|1.0 92|11 -8 0 24 15
2754 亞洲藏壽司|觀光餐旅|41 24 -192|83 83 -14 33|0.9 93|78 4 0 -5 4
2755 揚秦|觀光餐旅|14 17 -5|94 94 29 83|0.2 5|1 -6 -5 na 75
2801 彰銀|金融保險|5 23 1|98 98 3 5|1.9 238|14 26 0 -21 -57
2809 京城銀|金融保險|457 231 189|97 98 3 2|1.5 37|13 16 1 -4 -14
2812 台中銀|金融保險|18 18 2|99 99 7 12|0.7 75|10 4 -0 22 -36
2820 華票|金融保險|86 57 73|92 98 1 3|0.7 9|7 21 0 10 -18
2832 台產|金融保險|20 16 26|100 100 7 10|0.7 6|3 11 0 3 -31
2834 臺企銀|金融保險|21 24 -0|95 95 -3 11|0.7 194|19 13 -0 -19 -37
2838 聯邦銀|金融保險|27 32 20|99 99 3 1|0.8 11|6 10 0 -32 -11
2845 遠東銀|金融保險|9 22 3|95 95 -1 3|0.9 42|11 1 -0 11 -34
2850 新產|金融保險|16 5 1|90 99 2 7|0.5 7|10 4 -0 -38 -43
2851 中再保|金融保險|-22 -5 -5|76 99 10 4|1.2 52|1 -8 0 219 60
2855 統一證|金融保險|-7 32 -207|96 98 1 6|1.1 13|9 18 0 11 0
2880 華南金|金融保險|-4 11 3|94 94 -2 -1|2.3 221|18 15 0 -24 -21
2881 富邦金|金融保險|-48 -68 4|98 98 2 5|1.3 763|20 7 2 -15 -7
2882 國泰金|金融保險|-48 -52 -0|87 97 3 5|1.9 911|21 11 5 -12 -2
2883 凱基金|金融保險|-76 -77 -11|85 95 -2 -1|1.7 515|23 4 5 8 16
2884 玉山金|金融保險|37 19 16|92 98 6 8|0.9 405|31 25 0 -66 -16
2885 元大金|金融保險|-5 -5 11|99 99 5 6|1.6 308|25 10 7 -19 -9
2886 兆豐金|金融保險|46 27 18|99 99 9 13|2.1 732|22 5 -5 9 23
2887 台新新光金|金融保險|12 17 12|98 98 13 24|1.3 335|25 6 -0 -26 -53
2889 國票金|金融保險|-21 10 34|86 91 -1 6|0.4 40|10 26 -0 -4 -13
2890 永豐金|金融保險|9 8 6|94 95 1 -0|1.7 308|27 -8 5 31 -16
2891 中信金|金融保險|-27 -45 1|95 99 8 8|1.1 584|37 6 2 -21 -34
2892 第一金|金融保險|-0 8 -5|98 98 5 8|1.8 370|25 5 -2 5 -28
2897 王道銀行|金融保險|20 18 -21|99 99 6 21|0.6 40|8 4 0 11 -26
2903 遠百|貿易百貨|12 2 -6|99 99 6 24|0.9 46|12 16 10 106 -27
2906 高林|貿易百貨|-5 -4 -11|81 83 -9 -4|0.7 8|2 3 0 -3 2
2908 特力|貿易百貨|-7 -9 3|97 100 3 6|1.1 6|3 8 0 -18 -37
2912 統一超|貿易百貨|7 10 -3|97 97 5 6|2.2 335|30 -8 0 20 39
2913 農林|貿易百貨|3 5 -3|96 96 6 6|1.5 119|7 -2 -0 6 14
2915 潤泰全|貿易百貨|-20 14 9|73 80 -14 -15|0.6 105|8 -17 -0 14 7
2916 滿心|居家生活|52 18 -55|100 100 37 95|0.9 21|23 -1 0 18 38
2929 淘帝-KY|貿易百貨|-23 -22 -8|62 62 -23 7|0.3 5|19 2 0 -4 3
3003 健和興|電子零組|-11 -6 -2|96 98 14 13|1.2 105|4 -1 3 -6 20
3004 豐達科|鋼鐵工業|90 79 11|83 83 14 49|0.7 141|2 -0 0 -18 19
3005 神基|電腦及週|108 45 21|100 100 40 82|0.8 453|33 12 -0 -9 -14
3006 晶豪科|半導體業|-45 -44 1|76 91 7 13|1.7 671|11 1 0 11 -4
3008 大立光|光電業|-8 -7 -10|93 93 3 -1|0.8 1072|37 7 3 -13 -58
3010 華立|電子通路|-14 -18 -10|89 96 -3 -0|1.2 30|10 2 3 -11 6
3011 今皓|電子零組|-25 -30 -7|91 91 41 76|0.6 62|2 -1 -0 na na
3013 晟銘電|電腦及週|-1 36 11|100 100 31 92|3.0 119|11 4 0 -35 23
3014 聯陽|半導體業|10 -7 23|100 100 26 58|1.3 267|22 16 1 49 -55
3015 全漢|電子零組|-9 6 15|95 95 17 30|0.6 14|12 6 0 -8 -22
3016 嘉晶|半導體業|-31 -29 -27|60 77 -12 -20|0.8 21|2 -5 0 -4 -2
3017 奇鋐|電腦及週|7 8 -5|100 100 75 89|1.2 2846|38 -2 0 -5 3
3019 亞光|光電業|-5 -3 7|92 92 2 4|1.3 34|10 8 -3 1 -4
3022 威強電|電腦及週|41 53 11|95 95 11 30|0.5 198|32 8 0 -11 -19
3023 信邦|電子零組|18 23 1|98 98 20 30|1.1 163|64 12 -7 -17 2
3024 憶聲|光電業|-37 4 6|97 97 5 12|0.5 10|4 -7 0 8 9
3025 星通|通信網路|-64 51 58|97 97 94 86|2.9 313|5 0 0 70 35
3026 禾伸堂|電子零組|-13 -9 4|98 98 8 16|0.9 18|12 -0 0 -16 -6
3027 盛達|通信網路|95 81 56|81 81 -7 56|0.2 98|1 -2 -1 3 30
3028 增你強|電子通路|-29 -30 -9|99 99 12 23|1.8 19|6 14 0 10 15
3029 零壹|資訊服務|18 16 9|96 96 39 75|1.1 536|3 -1 0 -20 29
3030 德律|其他電子|-48 -34 -30|97 97 3 -1|1.1 18|15 -17 -2 -3 -5
3032 偉訓|電子零組|33 33 36|90 90 62 88|1.7 323|10 4 -0 -0 7
3033 威健|電子通路|-6 6 10|100 100 8 15|0.7 37|8 6 -0 -33 -9
3034 聯詠|半導體業|-19 -27 8|91 91 3 40|0.8 1681|49 -7 -7 20 22
3035 智原|半導體業|-14 -4 -37|66 80 -8 1|0.7 1231|19 -2 -1 3 -24
3036 文曄|電子通路|-10 -9 -26|88 97 1 8|1.2 47|11 6 1 4 21
3037 欣興|電子零組|-25 -20 -36|85 98 33 15|1.3 5160|43 10 2 -25 -5
3038 全台|光電業|6 17 5|100 100 54 70|1.2 192|16 -0 2 90 28
3041 揚智|半導體業|-47 -42 -17|67 85 -9 -5|1.4 16|11 -4 0 6 5
3042 晶技|電子零組|-31 -26 -7|96 100 3 10|1.5 62|14 4 4 -22 -7
3043 科風|其他電子|18 70 25|76 76 25 432|1.3 15|1 3 0 na na
3044 健鼎|電子零組|-15 -13 -8|100 100 22 35|3.8 436|39 -0 3 1887 21
3045 台灣大|通信網路|6 9 0|97 98 6 10|2.1 387|16 -9 3 94 42
3046 建碁|電腦及週|301 148 83|100 100 60 47|0.3 583|5 1 0 -10 -14
3047 訊舟|通信網路|-31 -19 -21|82 88 0 -3|0.5 23|2 -2 0 -6 17
3048 益登|電子通路|-9 -9 -10|87 95 -4 1|1.1 12|3 1 0 -4 5
3050 鈺德|光電業|-4 1 -6|89 89 -8 -1|0.5 7|9 3 0 -0 -2
3051 力特|光電業|-39 -34 -14|84 90 -1 -3|1.0 9|1 -7 0 22 25
3052 夆典|建材營造|80 43 37|98 98 6 19|1.0 7|2 16 0 49 4
3056 富華新|建材營造|964 1037 -7793|98 98 43 53|0.3 92|6 0 -0 -16 -26
3058 立德|電子零組|10 5 7|94 94 86 172|0.7 160|2 -1 0 -100 na
3059 華晶科|光電業|25 -16 -49|94 95 6 -4|1.7 35|11 2 1 5 -0
3062 建漢|通信網路|38 34 -30|74 89 -4 1|0.9 36|12 3 0 -11 0
3071 協禧|電腦及週|15 6 -3|94 94 30 34|0.9 99|4 3 0 -35 12
3078 僑威|電子零組|46 75 82|98 98 81 124|1.4 759|5 1 -0 1 26
3081 聯亞|通信網路|-50 -37 -73|58 75 -20 -3|0.7 127|18 -8 1 4 -11
3083 網龍|文化創意|-9 -10 -14|97 97 7 9|3.5 7|2 2 0 18 -11
3088 艾訊|電腦及週|8 21 0|98 98 12 41|0.4 65|13 6 3 -5 12
3090 日電貿|電子零組|-25 -15 -6|96 96 0 10|0.5 19|8 -12 0 -28 -5
3092 鴻碩|電子零組|-50 -48 -33|68 87 -5 2|0.4 10|1 -5 0 -10 13
3093 港建*|其他電子|-58 -26 -28|84 84 14 53|0.1 11|69 -12 0 -17 24
3094 聯傑|半導體業|1 -1 -6|100 100 15 42|2.5 59|5 1 0 39 24
3105 穩懋|半導體業|-42 -48 -6|71 81 -5 -3|0.6 470|35 -13 -0 1 29
3128 昇銳|光電業|-31 -21 -34|70 70 -22 -15|0.3 12|2 -1 0 -6 10
3131 弘塑|半導體業|-5 -4 1|100 100 94 120|3.3 314|12 7 5 na 20
3138 耀登|通信網路|17 8 -15|88 88 -3 13|0.3 31|2 -3 0 -6 9
3141 晶宏|半導體業|-50 -28 -6|57 83 -17 8|0.5 121|6 -4 0 -3 -15
3147 大綜|資訊服務|-6 1 20|88 88 -2 17|0.2 24|2 -4 0 -34 2
3149 正達|光電業|-25 -9 0|61 68 -18 -25|0.9 10|2 3 0 0 na
3152 璟德|通信網路|-15 -15 22|88 88 -3 10|0.5 12|16 10 0 -2 -2
3162 精確|電機機械|115 208 78|87 87 -5 23|0.3 87|45 -1 0 6 8
3163 波若威|通信網路|-35 -22 -44|100 100 17 20|3.1 199|12 5 0 103 -31
3169 亞信|半導體業|-52 -44 -20|75 87 -1 17|0.9 44|2 -6 0 2 28
3178 公準|半導體業|7 33 21|95 95 41 46|1.0 65|5 4 0 27 -4
3189 景碩|半導體業|-42 -33 -30|69 84 0 -3|1.3 412|13 12 0 -8 -9
3202 樺晟|電子零組|16 17 22|92 92 29 38|1.2 113|1 -1 0 -10 287
3205 佰研|生技醫療|-14 -8 3|64 98 12 2|1.9 27|11 -2 0 -4 9
3206 志豐|電子零組|-5 -6 -0|98 98 20 31|1.2 12|3 13 0 -8 22
3207 耀勝|電子零組|16 39 11|97 97 9 52|0.8 169|2 0 0 16 -36
3209 全科|電子通路|18 8 -18|90 90 -6 21|0.3 36|5 -4 0 -10 -11
3211 順達|電腦及週|14 -4 -3|100 100 6 15|0.7 17|11 23 -7 -4 -4
3217 優群|電子零組|18 -7 8|94 94 13 18|0.3 50|3 6 -3 -7 -19
3218 大學光|生技醫療|20 29 -1|94 94 21 52|0.3 128|33 -7 -1 4 20
3221 台嘉碩|通信網路|-33 -28 -31|74 95 -1 9|0.5 10|4 2 0 -6 8
3224 三顧|電子通路|-38 -35 -9|87 87 8 14|0.2 63|2 -2 0 -6 105
3227 原相|半導體業|-12 -13 21|97 97 2 18|1.3 58|16 -3 1 4 -4
3228 金麗科|半導體業|27 -11 14|37 75 -18 -22|0.7 67|7 -1 0 11 -2
3231 緯創|電腦及週|-9 -4 -10|100 100 113 154|3.0 4326|42 -4 7 22 292
3232 昱捷|電子通路|5 5 -22|71 71 -11 -27|2.8 12|6 0 0 -9 44
3234 光環|通信網路|-41 -50 -15|80 87 -2 6|0.7 6|2 -1 0 -12 0
3236 千如|電子零組|-28 -13 -23|92 92 6 16|0.2 11|14 -3 0 -8 14
3252 海灣|觀光餐旅|11 2 -24|88 96 14 34|4.3 6|8 -0 0 1 0
3257 虹冠電|半導體業|31 14 60|99 99 46 74|1.0 14|5 4 0 63 39
3260 威剛|半導體業|-27 -23 -4|96 96 24 34|3.4 168|15 8 -2 80 -25
3264 欣銓|半導體業|-5 3 -14|97 97 3 18|1.5 154|26 -9 1 -14 15
3265 台星科|半導體業|-16 -14 -25|99 99 25 38|3.5 84|3 -1 0 24 21
3272 東碩|電腦及週|30 2 -55|79 87 6 0|0.6 11|2 2 0 -1 -11
3287 廣寰科|電腦及週|-18 -6 16|98 98 29 31|2.1 8|1 0 0 9 -3
3289 宜特|其他電子|6 9 -7|92 92 0 6|0.9 112|11 4 -0 11 2
3290 東浦|電子零組|44 55 38|95 95 12 24|0.9 43|5 2 0 11 6
3293 鈊象|文化創意|18 13 4|100 100 11 53|1.2 365|39 2 2 9 -37
3294 英濟|電子零組|110 22 22|84 94 6 13|0.7 8|8 9 0 0 -13
3296 勝德|電子零組|-61 -30 -5|88 92 -7 -3|0.5 7|3 -5 0 3 20
3305 昇貿|其他電子|-42 -42 -19|80 99 13 32|1.5 20|2 4 -1 -9 -4
3306 鼎天|通信網路|59 20 22|100 100 52 48|3.9 10|3 1 0 20 -1
3308 聯德|電子零組|171 197 128|82 82 115 142|0.9 43|1 1 0 na na
3312 弘憶股|電子通路|-29 -31 -17|100 100 18 22|1.0 10|4 9 0 5 -16
3317 尼克森|半導體業|-25 -20 -3|73 88 -8 -5|0.4 12|3 -6 0 -11 24
3322 建舜電|電子零組|-1 -8 21|84 84 -1 -6|0.2 14|3 3 0 14 8
3323 加百裕|電腦及週|-6 -26 -5|98 100 2 5|3.5 5|3 0 0 22 17
3324 雙鴻|其他電子|-10 -2 5|96 96 66 76|1.0 1804|15 1 -1 -1 20
3325 旭品|電腦及週|103 59 57|100 100 79 102|2.0 50|2 1 0 135 87
3338 泰碩|電子零組|-23 -20 -5|100 100 32 46|1.0 55|9 5 -0 -26 -13
3346 麗清|汽車工業|52 23 -1|97 97 5 33|0.6 31|8 18 0 -7 1
3356 奇偶|光電業|-2 -1 -8|84 84 -5 -4|0.6 43|4 5 0 -15 -11
3357 臺慶科|電子零組|-19 -17 3|91 91 -4 30|0.6 8|12 3 0 5 0
3362 先進光|光電業|-4 -3 2|84 84 6 34|1.2 219|1 -5 0 32 94
3363 上詮|通信網路|-48 -31 -3|100 100 92 110|2.2 905|7 0 -0 -7 83
3374 精材|半導體業|-40 -30 -26|72 94 2 -0|1.0 45|7 0 3 -6 -10
3376 新日興|電子零組|-24 -26 -18|99 100 6 13|0.9 46|20 3 6 -14 -25
3380 明泰|通信網路|22 18 -11|99 99 18 30|1.8 76|12 12 0 7 -27
3402 漢科|其他電子|-8 -4 -29|95 95 8 10|0.4 7|6 -26 0 0 3
3406 玉晶光|光電業|-15 -7 -12|90 97 1 1|1.6 507|20 15 1 -6 -32
3413 京鼎|半導體業|26 7 -11|89 93 -6 2|1.3 64|21 -4 -1 9 -6
3416 融程電|電腦及週|33 21 9|95 95 16 39|0.4 27|6 2 0 -24 3
3419 譁裕|通信網路|-10 4 -22|94 94 9 11|0.6 38|4 3 0 -11 16
3438 類比科|半導體業|-28 -37 8|95 98 8 24|1.4 18|3 3 0 3 -2
3441 聯一光電|光電業|-50 -33 -9|85 85 2 4|0.4 16|1 -1 0 0 4
3443 創意|半導體業|13 41 -15|100 100 42 106|1.2 6474|31 -0 1 -15 -33
3444 利機|電子通路|-33 -26 -2|100 100 27 27|2.2 57|12 5 0 142 3
3447 展達|通信網路|9 13 -63|na na 4 na|0.2 13|1 -8 0 na na
3450 聯鈞|半導體業|-20 -19 -8|81 91 -6 -0|2.1 6|8 -9 0 5 -7
3454 晶睿|光電業|22 20 -59|60 60 -37 1|0.6 283|7 -11 -0 25 72
3455 由田|光電業|-38 -21 -29|90 90 -5 -0|0.5 21|4 -12 -1 -17 17
3466 德晉|通信網路|64 513 351|84 84 6 4|0.8 14|9 -15 0 -19 38
3479 安勤|電腦及週|34 43 -12|94 94 41 106|0.3 611|13 3 1 8 -8
3481 群創|光電業|-17 -25 14|89 89 -8 11|0.8 511|26 -3 -1 8 -33
3483 力致|電腦及週|31 3 11|91 91 14 33|0.7 117|5 0 0 0 80
3484 崧騰|電子零組|-40 -45 -16|76 90 -3 1|0.3 15|4 -7 0 -2 252
3491 昇達科|通信網路|62 25 17|94 94 12 37|0.3 160|11 4 1 2 -11
3499 環天科|通信網路|-53 2 27|91 91 17 13|1.1 10|1 -3 0 12 7
3501 維熹|電子零組|12 3 -3|97 97 7 15|0.4 14|7 13 0 -52 -24
3504 揚明光|光電業|30 -15 -12|76 92 0 -5|1.7 35|2 1 0 6 -2
3508 位速|其他電子|-38 -37 -13|72 84 -11 8|2.3 9|0 -1 0 -7 na
3511 矽瑪|電子零組|-42 -21 -25|82 87 -6 -8|0.8 8|1 -8 0 -2 43
3515 華擎|電腦及週|8 6 18|94 94 1 27|4.5 46|6 -1 2 13 9
3518 柏騰|其他電子|-33 -35 14|86 86 41 48|1.1 22|6 -4 -0 12 71
3520 華盈|電子零組|0 9 -27|78 84 -3 -3|0.4 12|2 -5 0 -9 14
3521 台鋼建設|建材營造|68 22 10|83 92 9 -2|0.6 7|1 1 0 na -13
3522 御嵿|觀光餐旅|32 25 -132|94 97 59 86|1.2 6|0 0 0 na na
3526 凡甲|電子零組|44 0 13|93 100 11 21|1.5 16|6 13 -2 1 -8
3527 聚積|半導體業|-51 -38 -1|70 87 -6 3|0.5 10|6 8 0 -1 4
3528 安馳|電子通路|10 17 7|85 85 7 20|0.4 8|4 -6 0 -43 28
3529 力旺|半導體業|-25 -10 -34|90 90 -5 22|1.3 832|61 -4 1 49 27
3532 台勝科|半導體業|-15 -1 -25|63 95 9 -5|1.8 118|49 3 -0 16 7
3533 嘉澤|電子零組|-13 5 -13|90 90 8 -2|2.3 670|32 1 -5 91 21
3537 堡達|電子零組|53 13 28|98 98 -2 13|0.7 5|2 5 0 9 -17
3540 曜越|電腦及週|86 81 62|98 98 52 125|2.4 131|9 3 0 75 23
3545 敦泰|半導體業|-4 -2 35|82 91 11 26|0.6 242|17 13 0 -20 -15
3546 宇峻|文化創意|-19 -11 -2|100 100 27 26|3.6 25|12 0 1 49 21
3548 兆利|電子零組|57 -0 15|96 96 6 20|0.5 67|8 1 1 -1 42
3552 同致|其他電子|24 13 1|79 92 1 0|0.7 56|14 16 0 -6 -13
3556 禾瑞亞|半導體業|-8 -14 13|95 99 6 21|0.9 7|6 2 0 14 2
3557 嘉威|居家生活|-13 -15 -4|98 98 7 42|0.7 10|19 11 0 -0 -14
3558 神準|通信網路|62 67 -17|73 73 -21 19|1.0 629|4 -6 -2 10 74
3563 牧德|光電業|1 -6 16|96 96 18 51|1.0 43|13 10 0 -17 -24
3564 其陽|通信網路|-34 4 -16|92 92 -2 31|2.5 8|2 -9 0 na na
3570 大塚|資訊服務|12 39 10|85 85 37 60|0.3 22|44 -2 0 na na
3576 聯合再生|光電業|27 8 -15|85 90 -3 -5|0.6 116|14 -18 0 4 45
3580 友威科|其他電子|41 43 1|71 76 -8 -20|0.5 7|3 -2 0 -4 1
3583 辛耘|半導體業|14 32 8|100 100 44 53|4.0 122|16 4 1 49 32
3587 閎康|其他電子|39 35 13|100 100 24 60|1.8 171|14 3 1 8 9
3588 通嘉|半導體業|-51 -55 -9|52 80 -14 -11|0.6 13|2 1 0 -4 10
3591 艾笛森|光電業|13 4 11|92 92 11 43|0.7 71|9 6 0 4 8
3592 瑞鼎|半導體業|-46 -49 -13|79 79 -14 14|0.4 176|15 2 -16 3 -21
3594 磐儀|電腦及週|1 18 -2|98 98 27 120|1.5 84|4 2 0 6 88
3596 智易|通信網路|43 18 -11|87 100 8 15|1.2 336|24 14 4 -11 15
3607 谷崧|電子零組|22 6 27|99 99 25 28|1.0 8|5 13 0 6 -12
3611 鼎翰|電腦及週|-0 6 -9|94 94 6 22|0.4 16|14 4 0 -7 27
3615 安可|光電業|-37 -13 4|100 100 17 25|2.3 7|0 0 0 -5 7
3617 碩天|其他電子|-8 -3 -29|94 94 46 74|1.4 288|12 2 -1 86 19
3622 洋華|光電業|-29 -16 -18|100 100 17 21|1.5 9|2 14 0 6 -13
3624 光頡|電子零組|-22 -18 -6|79 87 19 50|0.3 104|41 0 -4 -3 8
3628 盈正|其他電子|52 19 6|97 97 24 46|0.7 16|5 8 0 12 -1
3630 新鉅科|光電業|-42 -36 5|89 94 6 -1|0.7 8|36 7 0 -3 -6
3645 達邁|電子零組|-39 -48 -7|64 98 8 16|3.5 8|11 4 0 7 -16
3646 艾恩特|電子零組|-17 -4 1|89 89 23 42|4.4 13|8 1 0 6 172
3652 精聯|電腦及週|1 -5 -5|82 82 -5 30|0.1 11|2 -1 0 -7 3
3653 健策|電子零組|6 15 -15|97 97 50 57|1.1 597|17 15 0 -52 -3
3661 世芯-KY|半導體業|186 152 72|100 100 76 86|1.0 5689|54 2 -0 -4 -0
3663 鑫科|其他電子|-21 -14 3|86 86 5 17|0.6 8|1 -1 0 2 33
3664 安瑞-KY|通信網路|-20 26 -0|76 76 89 165|0.8 24|43 -3 0 na na
3665 貿聯-KY|其他電子|-0 1 -60|81 96 -1 9|0.9 151|44 14 -0 -5 -5
3673 TPK-KY|光電業|-20 -27 -19|100 100 27 38|1.3 186|36 15 0 -10 -29
3675 德微|半導體業|-20 -16 -11|90 90 8 76|0.5 372|53 -1 3 -29 0
3680 家登|半導體業|-18 35 -1|96 96 23 52|0.9 519|13 2 3 -13 2
3687 歐買尬|數位雲端|-8 -1 -1|65 92 3 8|1.1 18|4 1 0 -6 -14
3689 湧德|電子零組|-10 2 8|98 100 20 32|1.1 22|7 15 0 -9 3
3691 碩禾|光電業|-57 -54 -21|63 84 -5 -7|0.3 17|6 -3 0 -0 10
3693 營邦|電腦及週|59 91 4|100 100 76 199|1.8 839|5 -2 0 24 67
3694 海華|通信網路|26 6 14|99 99 38 36|0.8 21|4 12 0 -12 2
3701 大眾控|電腦及週|-6 14 -1|99 99 62 78|1.2 207|5 1 -0 34 44
3702 大聯大|電子通路|-26 -27 -14|100 100 7 13|1.5 221|26 11 3 0 -11
3703 欣陸|建材營造|7 -22 -25|94 96 -1 9|0.6 49|25 -27 -0 17 44
3704 合勤控|通信網路|87 48 13|96 96 9 37|1.6 295|16 -2 0 9 38
3705 永信|生技醫療|-16 -12 1|91 91 5 14|0.7 23|11 5 0 -17 -11
3706 神達|電腦及週|22 -1 -17|100 100 19 19|5.3 162|11 -1 0 69 -5
3707 漢磊|半導體業|-17 -18 -25|59 77 -11 -20|0.6 119|10 9 -2 -6 -13
3708 上緯投控|綠能環保|-32 -25 -11|72 84 -11 -1|1.1 69|6 -10 -14 17 40
3710 連展投控|電子零組|-8 -10 5|68 90 -2 3|0.6 9|2 3 0 na na
3711 日月光投控|半導體業|-11 -11 -20|100 100 4 16|2.3 1474|76 8 7 -29 20
3712 永崴投控|電腦及週|5 1 -9|91 91 21 43|0.2 60|2 -4 -0 -14 18
3714 富采|光電業|-37 -38 -0|83 93 6 11|0.9 90|14 2 -0 -4 -1
3715 定穎投控|電子零組|na na na|na 100 58 64|0.6 324|20 4 1 -11 23
4102 永日|生技醫療|10 41 11|78 78 13 -5|2.0 40|4 0 0 -13 14
4104 佳醫|生技醫療|16 22 9|96 96 16 43|0.6 48|7 -11 0 -7 63
4105 東洋|生技醫療|-9 12 -1|92 92 -0 -5|0.6 32|20 -29 4 1 23
4106 雃博|生技醫療|10 13 -3|91 91 -0 24|0.6 9|5 -2 0 1 4
4107 邦特|生技醫療|5 3 -5|92 95 -3 2|0.6 11|22 -15 0 -4 29
4108 懷特|生技醫療|8 2 20|88 88 8 13|0.4 10|1 -1 0 -23 na
4111 濟生|生技醫療|-8 -5 -8|81 81 5 17|0.3 16|2 -6 0 -9 67
4114 健喬|生技醫療|20 34 -2|84 84 -8 22|0.3 128|5 -19 -0 -9 88
4116 明基醫|生技醫療|-4 8 -65|69 84 -7 -8|0.4 9|1 -16 0 -11 24
4119 旭富|生技醫療|162 169 95|88 88 2 18|0.4 48|11 -15 0 -22 -9
4121 優盛|生技醫療|-23 -2 -8|76 76 11 34|0.4 66|5 1 0 -29 -4
4123 晟德|生技醫療|51 152 49|96 96 6 16|0.5 123|7 -2 0 -46 16
4126 太醫|生技醫療|13 29 6|100 100 15 27|0.8 29|18 6 0 -10 4
4128 中天|生技醫療|-32 -9 1|75 84 -11 -17|0.5 101|5 -15 -0 -3 32
4129 聯合|生技醫療|24 28 0|100 100 42 97|2.7 80|22 8 -0 -3 36
4130 健亞|生技醫療|25 36 24|79 79 4 29|1.0 46|5 4 0 -21 -7
4137 麗豐-KY|生技醫療|281 106 98|90 90 -4 25|0.8 126|61 -3 -6 14 18
4138 曜亞|生技醫療|47 38 -0|94 94 40 80|0.9 87|3 -2 0 201 251
4142 國光生|生技醫療|180 190 -58|85 85 -7 4|0.4 32|7 -10 -0 -4 8
4147 中裕|生技醫療|3 49 -59|89 89 45 84|0.6 399|9 1 2 -22 -20
4148 全宇生技-KY|生技醫療|-24 -2 -55|78 80 -18 -5|0.4 10|71 -6 0 3 -1
4153 鈺緯|生技醫療|5 33 -2|72 72 -6 47|0.3 12|3 -2 0 -18 13
4155 訊映|生技醫療|-42 -39 -39|94 94 8 36|0.7 38|4 2 0 8 -2
4157 太景*-KY|生技醫療|131 55 -848|72 84 -4 -3|0.9 14|4 -8 0 -4 -2
4160 訊聯基因|生技醫療|-17 -5 -4|74 74 41 45|0.7 17|1 1 0 na na
4161 聿新科|生技醫療|44 48 29|95 95 31 35|0.5 14|2 1 0 -3 22
4162 智擎|生技醫療|5 8 2|64 64 -19 -32|0.5 105|5 4 -6 1 -8
4163 鐿鈦|生技醫療|24 22 -7|99 99 5 50|1.5 114|9 2 -1 6 -20
4164 承業醫|生技醫療|2 32 -6|85 85 -6 43|0.4 88|25 -3 -1 -18 -1
4167 松瑞藥|生技醫療|-48 -34 -10|61 61 -19 -5|0.4 17|12 0 0 -9 14
4168 醣聯|生技醫療|-100 na na|69 85 -9 -9|0.4 17|5 -7 0 -7 21
4171 瑞基|農業科技|-80 -67 -15|52 75 -15 3|0.5 8|18 -14 0 -3 8
4173 久裕|生技醫療|22 17 8|94 94 21 37|0.6 32|2 -0 0 43 136
4174 浩鼎|生技醫療|30 46 na|75 95 5 16|0.5 27|11 -8 0 -3 18
4175 杏一|生技醫療|-17 4 -3|71 71 36 53|0.5 125|4 -0 0 40 87
4190 佐登-KY|生技醫療|30 33 18|76 76 -3 15|0.4 34|63 -3 0 -36 6
4303 信立|塑膠工業|-54 -40 -18|65 86 2 13|2.0 10|1 0 0 -33 -27
4306 炎洲|塑膠工業|-24 -16 5|93 93 8 11|0.6 17|6 -12 0 4 -29
4417 金洲|紡織纖維|58 27 -34|100 100 13 19|0.6 11|4 1 0 8 0
4438 廣越|紡織纖維|1 -7 -37|80 92 -3 -4|0.6 8|3 -15 -2 -5 -7
4439 冠星-KY|紡織纖維|-47 -30 -7|96 96 11 22|0.3 7|64 8 0 -10 0
4440 宜新實業|紡織纖維|-42 -35 -5|79 93 -4 1|1.2 5|1 2 0 62 0
4503 金雨|電機機械|69 73 17|96 96 42 81|1.0 155|4 -2 0 55 80
4510 高鋒|電機機械|-6 -18 -6|91 91 20 36|0.5 7|3 5 0 -12 9
4532 瑞智|電機機械|-27 -22 4|94 98 7 16|0.6 6|12 15 0 -8 -49
4533 協易機|電機機械|239 88 62|100 100 13 28|3.2 18|2 2 0 83 40
4536 拓凱|運動休閒|7 20 -11|79 79 -16 13|0.6 110|16 -8 -5 -1 16
4541 晟田|其他|-25 6 -9|89 89 26 39|0.3 204|1 -0 1 -12 38
4543 萬在|電機機械|10 12 10|100 100 91 98|4.9 35|9 1 0 -16 -4
4549 桓達|電機機械|57 30 9|99 99 9 15|0.5 5|7 5 2 4 17
4550 長佳|電機機械|-2 64 48|83 83 10 27|0.3 6|3 -1 0 -5 57
4551 智伸科|汽車工業|-27 -15 -12|76 82 -11 -16|0.9 52|51 4 -38 -3 6
4552 力達-KY|電機機械|8 23 24|100 100 22 25|2.1 8|49 -6 0 -17 -76
4557 永新-KY|汽車工業|15 19 -31|85 96 -0 12|0.6 10|35 5 0 -27 -17
4564 元翎|電機機械|-32 -42 -7|99 99 27 39|6.9 21|2 -1 0 228 62
4566 時碩工業|電機機械|-12 -13 -21|82 82 -1 -2|0.3 59|1 2 0 -16 10
4572 駐龍|電機機械|25 46 -9|89 89 5 36|0.3 183|3 0 -0 -10 51
4581 光隆精密-KY|汽車工業|31 39 25|95 95 62 97|0.9 27|26 -1 1 72 30
4721 美琪瑪|化學工業|-58 -54 -50|67 88 -9 -4|0.9 36|2 1 0 -11 7
4726 永昕|生技醫療|47 4 -2|77 96 -4 5|0.7 14|21 -8 0 -3 -1
4728 雙美|生技醫療|36 53 -26|79 79 82 69|0.7 75|15 1 0 4 16
4736 泰博|生技醫療|-73 -36 -57|82 91 -5 -2|0.5 41|10 -3 0 -7 2
4739 康普|化學工業|-39 -38 -37|64 88 -9 -5|1.0 40|2 4 -2 -7 1
4741 泓瀚|化學工業|-28 -13 -17|81 81 24 26|0.3 10|1 1 0 -25 32
4743 合一|生技醫療|-16 8 -940|77 77 -15 -21|0.4 594|7 1 -3 -12 -5
4744 皇將|生技醫療|308 75 65|93 93 28 58|0.9 237|2 -1 0 9 147
4746 台耀|生技醫療|8 18 -4|88 88 13 43|1.0 374|11 -15 1 42 18
4747 強生製藥|生技醫療|13 31 3|100 100 19 126|1.6 35|7 4 0 41 -51
4755 三福化|化學工業|-29 -24 -17|60 92 0 13|0.2 30|29 -5 -1 -18 5
4760 勤凱科技|其他電子|-10 -16 27|93 93 45 66|0.5 6|1 4 0 -12 -17
4763 材料*-KY|化學工業|124 120 39|92 92 64 245|0.8 3360|62 -1 0 -6 103
4766 南寶|化學工業|-17 -4 -18|100 100 30 34|2.1 57|16 11 1 291 -23
4768 晶呈科技|化學工業|3 19 -42|83 89 1 -4|1.0 108|6 4 3 -5 -4
4770 上品|化學工業|-6 20 -27|79 87 -11 2|0.7 111|7 -4 1 9 8
4904 遠傳|通信網路|4 4 1|93 99 12 18|1.3 321|17 8 -7 -32 17
4906 正文|通信網路|63 57 17|97 97 12 11|1.2 84|17 1 -0 -3 -36
4908 前鼎|通信網路|3 -13 -7|100 100 26 36|1.7 48|4 1 0 -20 -2
4909 新復興|通信網路|-2 19 20|96 96 12 22|0.7 10|2 0 0 -8 54
4911 德英|生技醫療|743 543 119|98 98 19 58|0.6 20|2 7 0 na 167
4915 致伸|電子零組|-21 -14 -19|91 100 4 11|1.2 179|50 -4 1 -3 -12
4916 事欣科|電腦及週|49 56 8|99 99 15 44|1.1 94|5 2 0 24 15
4919 新唐|半導體業|-30 -16 -8|73 80 -16 3|0.8 608|7 -1 -12 16 -7
4923 力士|半導體業|-61 -48 -25|74 83 -16 10|0.9 5|1 0 0 na na
4927 泰鼎-KY|電子零組|-20 -17 -7|71 96 5 7|1.5 60|17 21 -0 1 -33
4931 新盛力|電腦及週|16 13 -57|84 84 2 -11|0.8 90|24 3 0 -3 -16
4934 太極|光電業|35 97 9|85 85 10 11|0.4 23|1 -4 0 na na
4935 茂林-KY|光電業|25 -28 -13|88 88 -5 -10|0.9 5|26 -9 0 6 -23
4938 和碩|電腦及週|43 13 9|100 100 11 26|1.6 332|34 28 2 198 -16
4950 金耘國際|鋼鐵工業|-55 -69 10|75 88 1 -6|2.6 91|0 -0 0 na na
4951 精拓科|半導體業|-34 -34 -8|na 90 24 21|0.5 17|1 8 0 na na
4952 凌通|半導體業|-42 -48 -12|74 96 -2 13|0.8 10|7 7 0 -2 -1
4953 緯致|資訊服務|10 13 -9|92 92 5 41|0.4 168|15 4 0 -32 -10
4958 臻鼎-KY|電子零組|-31 -21 -25|91 91 1 -3|0.9 375|67 -11 -0 -12 10
4960 誠美材|光電業|-29 -29 -2|84 84 -14 9|0.5 19|7 -7 0 -17 73
4961 天鈺|半導體業|-27 -28 4|86 86 -9 27|0.6 334|20 7 -3 -7 -28
4966 譜瑞-KY|半導體業|-52 -52 -28|68 89 7 31|0.9 802|59 -13 0 18 -12
4967 十銓|半導體業|490 166 133|77 77 8 104|1.0 481|4 -2 -2 -34 28
4968 立積|半導體業|-18 -25 -6|82 95 36 40|0.8 979|19 -0 -0 -23 5
4971 IET-KY|半導體業|-59 -43 -36|72 79 2 -3|0.2 7|13 1 0 -3 22
4973 廣穎電通|半導體業|15 9 5|100 100 31 43|2.2 10|5 10 0 15 25
4974 亞泰|電子零組|10 -2 -7|97 97 1 25|0.7 10|9 -18 0 -9 2
4976 佳凌|光電業|-22 2 16|85 87 9 14|0.4 29|1 -3 0 -5 21
4977 眾達-KY|通信網路|22 28 -16|89 89 1 23|1.5 268|35 -7 1 29 35
4979 華星光|通信網路|40 91 -5|100 100 31 78|2.5 484|10 2 0 26 45
4994 傳奇|資訊服務|-18 -21 16|95 95 12 14|1.9 8|2 3 0 11 -18
4995 晶達|光電業|-51 -21 -10|93 93 6 35|1.9 9|3 2 0 -8 13
5009 榮剛|鋼鐵工業|18 27 -6|91 91 32 74|0.5 845|20 -2 -2 -1 8
5011 久陽|鋼鐵工業|-24 -12 -21|80 93 5 16|0.3 7|1 1 0 0 18
5201 凱衛|資訊服務|-12 -2 -6|97 99 15 12|2.1 5|6 0 0 -5 16
5203 訊連|資訊服務|-3 6 -6|83 83 -0 13|0.2 29|10 -10 0 2 -19
5206 坤悅|建材營造|6119 na na|92 92 14 46|1.4 7|7 4 0 -32 140
5209 新鼎|其他|166 118 52|97 97 109 152|0.5 102|2 0 -0 na -7
5211 蒙恬|資訊服務|-2 7 -8|82 82 25 46|0.2 17|9 1 0 -16 -12
5213 亞昕|建材營造|-97 4 -84|99 99 16 21|0.8 6|1 -1 0 3 3
5222 全訊|半導體業|47 40 11|88 88 32 47|0.3 373|6 -0 -0 -6 40
5225 東科-KY|其他電子|-27 -21 -38|90 90 21 32|0.8 72|58 3 -2 41 40
5227 立凱-KY|電子零組|109 237 91|88 89 2 -3|0.4 69|2 -0 0 na na
5234 達興材料|光電業|-8 -15 7|99 99 19 47|0.9 42|7 -4 14 2 19
5236 凌陽創新|半導體業|-26 -32 10|93 100 17 49|2.1 13|2 6 0 100 1
5243 乙盛-KY|光電業|35 15 -6|100 100 43 53|2.4 463|58 4 2 20 -11
5258 虹堡|電腦及週|37 32 -21|96 96 -1 38|0.6 638|6 1 0 11 14
5263 智崴|文化創意|18 21 5|81 81 -13 2|0.6 20|15 4 -15 1 2
5269 祥碩|半導體業|31 22 29|83 87 21 54|1.0 1290|14 -5 3 15 3
5274 信驊|半導體業|-50 -44 -55|92 92 6 33|1.3 1215|55 2 -4 34 1
5284 jpp-KY|其他|38 42 -2|96 96 70 178|0.5 938|66 1 2 -33 8
5285 界霖|半導體業|-21 -18 -9|80 80 -6 11|0.4 29|3 16 -10 4 -23
5287 數字|數位雲端|10 13 -2|99 99 9 18|0.5 6|26 -1 0 5 -4
5288 豐祥-KY|電機機械|-7 7 -21|98 98 6 16|0.5 14|62 -6 -1 6 -20
5289 宜鼎|電腦及週|-36 -18 -6|100 100 49 81|2.0 497|30 -6 4 18 143
5299 杰力|半導體業|-29 -42 -7|75 94 1 10|0.8 18|2 -4 0 -4 -6
5301 寶得利|觀光餐旅|657 308 192|98 98 68 69|4.1 7|4 -0 0 na na
5306 桂盟|運動休閒|-27 -25 -6|89 95 0 -2|1.0 16|17 -11 6 20 -1
5309 系統電|電子零組|-3 6 -21|90 90 1 6|0.3 73|1 -3 1 3 51
5310 天剛|資訊服務|323 159 141|97 97 44 24|5.8 5|0 0 0 na na
5312 寶島科|生技醫療|12 22 -1|100 100 40 51|2.7 30|9 1 0 438 53
5315 光聯|光電業|-6 1 3|91 91 -5 22|0.4 8|10 -23 0 -21 25
5321 美而快|數位雲端|49 25 5|85 85 11 51|0.3 155|2 -2 0 -22 7
5324 士開|建材營造|35 51 4|85 85 6 16|1.3 11|5 -0 0 na na
5328 華容|電子零組|5 7 4|99 99 42 63|3.1 23|0 -0 0 -48 na
5340 建榮|電子零組|-40 -31 -21|97 97 5 108|1.7 36|49 -4 0 na 2595
5347 世界|半導體業|-20 -38 -33|91 91 0 9|1.2 286|29 -5 -1 -6 -9
5351 鈺創|半導體業|-49 -59 -11|67 89 -8 1|1.1 128|8 -1 0 4 -2
5353 台林|通信網路|26 39 9|88 88 33 56|0.5 53|4 3 0 -31 3
5356 協益|電腦及週|-25 -8 1|100 100 30 40|0.8 18|3 0 0 24 12
5371 中光電|光電業|1 -15 -5|91 91 17 32|0.5 158|20 -1 2 -15 4
5381 光譜|電機機械|401 289 230|79 79 134 199|0.3 13|1 -1 0 na na
5388 中磊|通信網路|13 22 -20|95 100 17 24|1.5 298|37 6 0 -5 14
5403 中菲|資訊服務|24 41 26|98 98 37 58|0.7 47|8 9 0 -54 -16
5410 國眾|資訊服務|4 1 -93|92 92 -7 -3|0.3 12|4 -6 0 -7 13
5425 台半|半導體業|-10 -3 -14|82 82 0 24|0.6 434|14 -6 -5 -1 28
5434 崇越|電子通路|-3 -1 -17|100 100 7 20|1.7 48|31 -4 3 36 -12
5439 高技|電子零組|37 34 28|100 100 30 74|1.9 359|15 4 6 0 72
5452 佶優|其他電子|-32 -25 -1|86 86 -4 39|0.2 12|9 -4 0 2 60
5457 宣德|電子零組|-16 -4 -1|77 86 -11 -12|0.5 16|37 -11 -5 1 25
5464 霖宏|電子零組|-20 10 17|91 91 -9 28|0.6 56|1 -1 0 -32 40
5465 富驊|電腦及週|23 27 29|97 97 81 118|1.6 94|1 -1 -0 3 8
5469 瀚宇博|電子零組|5 -6 10|100 100 23 26|1.4 115|14 20 -0 -9 -14
5471 松翰|半導體業|-43 -44 4|73 92 -7 4|0.7 9|13 2 0 -25 -13
5475 德宏|電子零組|26 5 53|85 88 17 31|0.3 7|1 0 0 -8 -100
5478 智冠|文化創意|12 6 4|100 100 35 49|1.5 29|32 3 -1 80 3
5483 中美晶|半導體業|6 9 -8|93 93 -1 -0|1.2 511|23 -12 -3 8 -18
5498 凱崴|電子零組|-19 -23 -6|100 100 17 32|4.3 30|2 -1 0 72 32
5511 德昌|建材營造|53 34 3|100 100 81 86|1.9 90|4 5 0 309 133
5512 力麒|建材營造|14 9 -9|89 89 -7 22|1.4 17|7 -0 0 11 18
5519 隆大|建材營造|-58 95 -39|99 99 3 11|0.6 7|3 -10 0 -13 -19
5522 遠雄|建材營造|-84 -36 -5|99 99 5 18|0.8 30|7 3 1 -55 -31
5530 龍巖|其他|-2 13 3|81 93 -3 2|0.7 7|57 5 0 -6 6
5531 鄉林|建材營造|-14 650 515|92 92 28 25|1.6 47|4 -3 0 20 52
5534 長虹|建材營造|-72 -50 -425|98 98 2 10|0.8 20|11 -10 0 0 -13
5536 聖暉*|其他電子|20 17 -16|73 99 13 55|1.0 50|20 8 1 9 -18
5607 遠雄港|航運業|-17 -11 -20|86 86 5 15|0.7 46|3 -5 -0 -15 7
5608 四維航|航運業|-51 -50 -39|54 73 -27 -6|0.5 38|4 -5 -0 -6 14
5609 中菲行|航運業|-58 -54 -31|86 97 6 18|0.6 14|17 -7 0 -4 6
5704 老爺知|觀光餐旅|16 3 -153|89 89 -5 57|2.1 20|2 -1 0 13 96
5706 鳳凰|觀光餐旅|1656 1407 794|100 100 50 95|4.0 916|10 2 1 36 -24
5864 致和證|金融業|287 122 123|100 100 83 120|2.1 28|1 6 0 60 11
5871 中租-KY|其他|14 15 -4|85 85 -10 7|2.5 808|74 -17 -1 39 25
5876 上海商銀|金融保險|14 11 -10|87 89 -4 -1|3.7 222|57 -12 4 15 50
5880 合庫金|金融保險|46 37 24|98 98 6 6|1.3 187|19 18 0 -13 -48
5903 全家|居家生活|9 10 -2|93 93 3 11|0.5 6|53 -23 -6 -6 14
5904 寶雅|居家生活|16 10 -7|87 87 -10 15|0.9 133|32 -10 -16 35 7
5905 南仁湖|觀光餐旅|46 2 -55|93 93 -3 13|1.4 18|3 2 0 10 14
5906 台南-KY|貿易百貨|60 29 -29|100 100 88 139|1.4 16|20 2 0 492 0
6005 群益證|金融保險|109 54 57|99 99 18 24|0.7 55|18 11 -0 -70 -2
6015 宏遠證|金融業|27 5 -16|85 100 9 8|2.4 6|3 6 0 -13 -6
6016 康和證|金融業|-66 6 -246|100 100 16 25|2.6 12|3 10 0 -5 20
6024 群益期|金融保險|-28 -22 -28|99 99 14 23|0.8 13|2 6 -0 -23 -21
6026 福邦證|金融業|107 120 157|95 100 21 24|1.5 21|3 5 0 -6 2
6101 寬魚國際|文化創意|313 777 -3320|63 63 -7 58|0.9 18|1 2 0 na na
6104 創惟|半導體業|-36 -46 -10|56 92 -6 24|1.1 161|8 3 -0 -3 -8
6109 亞元|通信網路|-10 -0 -4|87 87 -10 12|0.3 8|6 -0 0 -10 -2
6111 光聚晶電|文化創意|41 106 -143|92 92 50 75|1.4 185|19 -0 0 10 41
6112 邁達特|資訊服務|27 22 12|99 99 79 125|1.0 779|3 -0 0 28 85
6115 鎰勝|電子零組|-15 -9 2|100 100 3 9|0.9 5|5 5 -0 -12 -30
6116 彩晶|光電業|-14 -33 3|88 88 -9 7|0.6 58|8 -4 -0 -2 0
6118 建達|電子通路|1 -6 -4|73 82 -11 6|1.3 24|1 -1 0 6 -2
6120 達運|光電業|-10 -22 16|94 94 5 18|1.7 9|7 -4 0 -3 -2
6121 新普|電腦及週|-18 -15 -10|97 97 5 6|0.9 164|48 -9 -2 11 4
6122 擎邦|電機機械|98 126 73|96 96 87 135|0.7 400|3 -1 0 17 42
6123 上奇|資訊服務|-10 10 -9|98 98 7 40|1.4 12|4 -4 0 26 64
6125 廣運|電機機械|25 23 -12|98 98 25 36|2.5 184|10 2 -0 8 20
6126 信音|電子零組|-8 -9 0|98 98 16 20|1.0 11|4 5 0 19 -5
6127 九豪|電子零組|-3 -17 12|98 98 35 57|0.8 14|2 2 0 3 -1
6128 上福|電腦及週|-17 -13 -18|95 95 -1 16|0.4 6|5 5 0 -44 -11
6129 普誠|半導體業|-23 11 -1|80 88 -4 5|0.3 36|1 -4 0 -1 2
6133 金橋|電子零組|-21 -8 -27|67 72 -13 -26|0.3 16|1 1 0 -14 27
6134 萬旭|電子零組|15 2 5|88 88 17 23|0.5 8|22 -3 0 -1 37
6138 茂達|半導體業|-37 -39 -12|81 93 10 27|0.5 166|12 2 -7 5 -16
6139 亞翔|其他電子|26 31 -10|94 94 35 87|0.7 228|33 11 -0 -14 -11
6140 訊達電腦|資訊服務|-10 4 -4|87 87 4 22|0.3 9|2 -2 0 6 31
6142 友勁|通信網路|55 63 -9|82 82 -6 28|0.7 19|4 -2 0 na na
6143 振曜|通信網路|48 44 14|81 81 -2 24|0.5 74|10 -4 -7 -3 1
6146 耕興|其他電子|0 4 -6|89 89 -9 22|0.8 109|43 -5 -20 -8 17
6147 頎邦|半導體業|-25 -28 -5|94 94 -3 14|0.6 125|24 -26 -0 -14 -26
6148 驊宏資|資訊服務|79 95 72|87 87 133 191|0.6 99|2 -0 0 -25 -9
6150 撼訊|電腦及週|-30 -34 21|92 97 1 22|4.7 22|11 3 0 6 -17
6152 百一|通信網路|-37 4 -1|86 86 5 -7|0.3 6|3 -2 0 na na
6153 嘉聯益|電子零組|24 -12 -14|78 82 -3 -16|0.8 25|11 11 -4 -6 -22
6156 松上|電子零組|-39 -17 1|88 88 1 -5|0.8 6|7 -10 0 -11 2
6160 欣技|電腦及週|47 71 58|100 100 81 128|1.4 333|9 1 0 -6 30
6161 捷波|電腦及週|-46 -37 -9|97 97 22 35|2.4 10|6 -5 0 19 15
6163 華電網|資訊服務|13 39 11|81 81 43 50|0.2 79|5 6 0 -14 22
6164 華興|光電業|-21 -15 1|96 96 27 35|1.6 7|2 -1 -0 15 10
6165 浪凡|數位雲端|3 -6 -9|93 93 2 19|1.0 10|4 8 0 -8 -2
6166 凌華|電腦及週|16 16 -5|96 96 10 30|8.0 6|11 -0 0 31 -15
6167 久正|光電業|-16 -9 -10|86 86 33 34|0.4 51|6 0 0 -4 37
6168 宏齊|光電業|-46 -31 -4|89 89 6 28|0.3 13|7 6 -0 -15 26
6170 統振|通信網路|-12 -24 1|96 96 -2 22|0.6 7|2 7 0 21 1
6173 信昌電|電子零組|-23 -26 10|90 99 4 23|0.7 26|2 1 0 -4 23
6175 立敦|電子零組|-5 -15 3|94 94 4 28|0.5 13|18 -1 0 0 12
6176 瑞儀|光電業|43 -11 -12|100 100 12 16|1.2 171|36 3 12 -13 -24
6177 達麗|建材營造|-87 421 364|98 98 3 12|0.3 6|4 -15 0 -1 -5
6179 亞通|其他|-3 60 52|88 88 6 29|0.4 62|1 -2 0 -2 163
6180 橘子|文化創意|-4 -12 -7|89 89 -2 32|2.4 66|33 -6 0 27 13
6182 合晶|半導體業|-12 -12 -22|74 90 -1 -4|0.6 80|12 13 1 -6 -9
6185 幃翔|電子零組|76 46 21|100 100 74 93|1.4 56|4 4 -0 42 74
6186 新潤|建材營造|-19 na na|95 95 12 43|0.5 8|2 -12 0 6 11
6187 萬潤|半導體業|-67 -67 -30|70 98 1 13|3.6 18|2 2 0 18 9
6188 廣明|電腦及週|19 -0 -11|100 100 36 79|4.6 118|14 2 0 67 8
6189 豐藝|電子通路|-15 -9 10|100 100 8 14|1.0 12|6 19 0 -8 -13
6190 萬泰科|通信網路|-31 -26 -22|88 100 15 15|3.5 52|2 2 0 -7 7
6191 精成科|電子零組|18 -2 9|99 99 31 35|1.2 204|13 9 -0 1 -18
6192 巨路|其他電子|33 14 7|99 99 4 12|0.4 7|19 7 0 -18 -5
6194 育富|電子零組|-13 27 41|98 98 24 23|1.0 19|3 4 0 20 213
6196 帆宣|其他電子|19 48 1|96 96 -0 8|1.1 35|7 1 0 4 -15
6197 佳必琪|電子零組|4 25 10|100 100 40 64|1.6 101|12 6 -0 47 20
6198 瑞築|建材營造|9315 3043 2227|92 92 63 62|2.2 7|1 -10 0 na na
6202 盛群|半導體業|-62 -60 -20|76 91 -6 -2|1.6 46|14 -25 -0 14 15
6203 海韻電|電子零組|17 44 68|99 99 56 77|2.0 92|3 -0 0 166 28
6205 詮欣|電子零組|-48 -7 -11|70 70 -25 -11|0.3 43|2 -3 -4 -8 10
6206 飛捷|電腦及週|-49 -48 -29|74 95 -2 5|0.7 12|12 -2 0 -7 0
6209 今國光|光電業|-25 -13 -4|94 94 22 18|0.6 24|2 6 0 -7 -21
6213 聯茂|電子零組|-28 -20 0|71 86 -6 -7|1.0 96|11 -1 -1 11 -0
6214 精誠|資訊服務|24 9 -6|99 99 31 47|2.0 218|13 8 1 163 -7
6215 和椿|其他電子|-42 -42 -15|100 100 22 61|3.6 9|9 4 0 49 -1
6217 中探針|電子零組|-12 -2 -4|70 93 -3 5|2.1 20|1 -3 0 3 34
6218 豪勉|通信網路|65 88 52|96 96 50 58|1.4 105|1 0 0 29 143
6219 富旺|建材營造|-94 33 67|71 97 4 -3|1.0 6|1 -2 0 -20 na
6220 岳豐|電子零組|-16 -19 -3|77 95 -2 2|0.4 14|3 -4 0 -8 11
6223 旺矽|半導體業|8 9 -0|98 98 35 50|1.5 845|21 6 1 19 -13
6224 聚鼎|電子零組|-4 -9 7|77 93 -2 16|0.6 7|9 10 0 -1 -13
6226 光鼎|光電業|-14 -16 -8|87 96 6 19|0.7 6|3 -1 0 5 2
6227 茂綸|電子通路|-2 2 -2|84 84 -11 8|1.2 14|2 -3 0 28 22
6229 研通|半導體業|-46 -43 -7|100 100 19 22|2.3 8|1 -0 0 -3 -9
6230 尼得科超眾|電腦及週|6 20 4|93 93 42 45|0.4 27|91 6 0 31 -9
6231 系微|資訊服務|-11 -12 -9|82 82 14 59|0.5 77|13 1 0 -5 17
6233 旺玖|半導體業|1 -8 -4|97 97 26 40|0.9 26|3 3 0 12 -10
6234 高僑|光電業|284 67 50|86 86 45 93|0.4 200|12 -0 0 -20 42
6235 華孚|電腦及週|83 61 8|100 100 116 253|0.9 2493|8 0 0 -2 -3
6237 驊訊|半導體業|-48 -48 2|71 84 -10 -1|0.6 9|2 2 0 -4 2
6239 力成|半導體業|-23 -22 -11|100 100 12 19|1.3 230|44 18 2 13 -33
6242 立康|生技醫療|31 62 -60|96 96 27 60|0.4 8|2 3 0 na na
6243 迅杰|半導體業|110 35 38|100 100 44 59|1.0 89|2 0 0 -0 25
6244 茂迪|光電業|-26 28 29|83 83 20 36|0.3 211|14 -4 -1 -23 27
6245 立端|通信網路|38 29 -8|96 96 9 54|1.0 1034|23 4 1 -23 -3
6248 沛波|鋼鐵工業|-1 43 -5|82 82 16 40|0.4 30|6 -1 -1 -33 -79
6257 矽格|半導體業|-27 -24 -20|97 98 1 11|1.0 52|21 8 2 -17 -4
6261 久元|半導體業|-33 -39 -15|92 97 1 9|0.7 10|4 -3 0 -10 4
6263 普萊德|通信網路|6 33 12|90 90 27 47|0.4 17|3 -4 -1 -21 149
6266 泰詠|電子零組|84 59 16|87 87 24 64|0.3 88|5 3 0 -13 2
6269 台郡|電子零組|55 6 -5|89 89 1 -8|1.5 130|27 -7 2 -4 -26
6271 同欣電|半導體業|-20 -17 -11|67 75 -19 -14|1.0 240|21 -18 -2 13 46
6274 台燿|電子零組|-27 -22 0|97 97 32 40|1.0 412|30 -2 0 83 14
6275 元山|電子零組|-11 4 13|89 89 18 35|0.4 21|3 -4 0 22 67
6276 安鈦克|電腦及週|-2 -10 5|100 100 148 201|0.6 23|8 4 0 31 3
6277 宏正|電腦及週|6 10 1|98 98 4 10|0.5 13|11 -24 -0 -13 -30
6278 台表科|光電業|-14 -33 -15|93 95 10 5|0.8 71|24 5 4 -7 -19
6279 胡連|電子零組|14 27 -7|82 92 -3 -4|0.9 112|7 1 2 6 -4
6282 康舒|電子零組|-17 -17 -20|100 100 16 51|1.4 839|13 3 -0 8 -10
6284 佳邦|電子零組|10 7 12|93 93 -1 15|0.7 16|3 5 0 3 -1
6285 啟碁|通信網路|54 45 -2|85 85 4 3|0.7 523|20 -18 -3 3 26
6288 聯嘉|汽車工業|-0 20 9|95 95 14 42|0.6 203|6 3 -0 7 -2
6290 良維|電子零組|-20 -12 -5|74 74 -22 -1|0.3 84|8 -3 -0 -1 10
6291 沛亨|半導體業|30 17 -13|97 97 142 161|3.8 27|0 1 0 62 0
6409 旭隼|其他電子|-13 9 -17|98 98 14 16|1.6 245|68 1 0 -12 -62
6411 晶焱|半導體業|-40 -32 8|80 83 -13 19|0.6 65|10 9 0 -20 -17
6412 群電|電子零組|-11 -16 -10|97 97 9 26|0.7 30|14 15 9 -30 -3
6414 樺漢|電腦及週|26 36 3|98 98 18 36|0.9 348|26 21 3 -29 91
6415 矽力*-KY|半導體業|-51 -45 -29|59 61 -33 -18|1.0 1271|89 -6 -1 21 -19
6416 瑞祺電通|通信網路|-18 -5 -11|89 89 7 2|0.4 32|2 -4 -0 -6 15
6417 韋僑|通信網路|24 22 -3|86 86 28 78|0.7 151|10 -0 0 -15 22
6432 今展科|電子零組|-18 -20 9|95 96 1 18|0.6 5|3 5 0 -22 10
6435 大中|半導體業|-29 -29 -5|66 93 0 -4|0.5 7|1 -4 0 -6 6
6438 迅得|其他電子|38 34 12|96 96 14 31|2.2 120|15 1 -1 -20 -58
6441 廣錠|電腦及週|109 64 72|94 94 6 55|1.6 38|3 4 0 88 -11
6442 光聖|通信網路|-4 -2 -4|78 94 3 16|0.3 8|31 -8 0 5 -3
6443 元晶|光電業|24 18 -13|83 88 -5 9|0.4 216|17 0 -6 -12 -3
6446 藥華藥|生技醫療|-5 206 -288|57 64 -31 -35|1.0 953|13 -11 -1 na -64
6451 訊芯-KY|半導體業|-1 50 -1|96 96 5 15|1.4 31|64 19 0 -10 -22
6456 GIS-KY|光電業|-13 -41 -25|82 82 -8 -11|1.3 103|50 -23 1 -3 6
6461 益得|生技醫療|188 11 31|82 95 18 17|1.2 20|1 1 0 -12 na
6462 神盾|半導體業|-26 1 -4|90 92 6 34|0.3 9|13 25 0 -10 -1
6469 大樹|生技醫療|5 15 -8|81 81 1 18|0.8 218|9 -26 -5 34 88
6470 宇智|通信網路|-14 25 -24|96 98 14 31|1.2 73|5 1 0 8 15
6472 保瑞|生技醫療|103 240 25|90 90 46 65|0.6 2912|13 -4 -0 30 39
6477 安集|光電業|-46 -30 -84|87 90 9 11|0.3 75|2 4 -8 -17 -19
6485 點序|半導體業|-21 -23 -2|94 94 37 50|0.9 105|7 -3 0 11 10
6488 環球晶|半導體業|7 12 -4|83 92 0 6|1.1 624|25 -5 -3 -1 -16
6491 晶碩|生技醫療|5 -2 -8|77 77 -17 -0|0.9 190|13 -23 -2 73 84
6494 九齊|半導體業|-32 -36 4|57 84 -13 -2|0.4 6|5 2 0 -8 -4
6499 益安|生技醫療|142 284 45|82 91 -5 7|0.5 5|13 -5 0 2 8
6505 台塑化|油電燃氣|-26 -6 -29|89 95 2 0|1.1 123|7 12 -0 -5 -11
6508 惠光|農業科技|-58 -25 -29|77 92 -8 1|0.7 5|1 -4 0 -1 10
6509 聚和|化學工業|3 -7 -14|93 94 -1 15|0.6 36|3 -3 0 -0 -1
6510 精測|半導體業|-34 -24 -20|78 78 -17 9|1.3 51|7 -5 -6 3 -4
6515 穎崴|半導體業|9 17 -50|96 96 32 107|1.6 912|15 -5 4 31 1
6516 勤崴國際|資訊服務|-11 23 -30|93 93 12 19|0.6 7|1 -2 0 -10 88
6517 保勝光學|光電業|-34 -10 -27|na na 79 na|0.7 325|2 -1 3 na 750
6523 達爾膚|生技醫療|13 28 36|82 82 9 38|0.2 36|7 -6 -0 -41 13
6525 捷敏-KY|半導體業|-4 -8 -10|91 99 2 8|1.3 9|13 8 -20 -18 -16
6527 明達醫|生技醫療|-26 38 12|82 82 6 42|0.6 32|1 -4 0 na na
6531 愛普*|半導體業|-34 -41 -1|100 100 23 63|1.6 1742|15 -1 1 12 -2
6532 瑞耘|半導體業|3 15 -13|83 83 -6 -14|0.4 10|2 -19 -1 -7 82
6533 晶心科|半導體業|56 53 20|84 84 -11 -14|0.7 758|29 3 -0 -10 -18
6535 順藥|生技醫療|17 66 -1201|96 96 48 62|2.5 124|1 3 0 na na
6538 倉和|電子零組|18 23 5|87 87 28 45|0.4 82|5 1 0 5 -15
6541 泰福-KY|生技醫療|2401 786 na|37 55 -30 -15|0.3 11|27 -15 0 na na
6546 正基|通信網路|-47 -48 -21|na 96 2 10|0.9 39|2 6 0 -10 4
6547 高端疫苗|生技醫療|-100 -100 na|40 75 10 -20|0.4 105|6 -3 -0 12 15
6548 長科*|半導體業|-16 -20 -17|46 91 22 37|0.4 56|5 6 1 -5 13
6550 北極星藥業-KY|生技醫療|15 -62 7|na 80 -10 -18|1.1 266|70 -6 -0 8 24
6556 勝品|光電業|-7 2 -4|62 62 -35 5|0.4 11|1 3 0 na -8
6558 興能高|其他電子|307 111 98|100 100 27 31|1.3 21|5 10 0 7 -28
6561 是方|通信網路|5 7 -3|89 89 2 31|0.5 24|13 -26 -3 -17 21
6568 宏觀|半導體業|-23 1 -30|84 84 -6 14|0.4 37|4 -18 0 19 43
6569 醫揚|生技醫療|-8 -17 -31|100 100 30 54|2.6 11|3 -0 0 na na
6570 維田|電腦及週|26 20 -4|95 95 13 45|0.6 65|7 -2 0 7 32
6576 逸達|生技醫療|-100 -31 -5684|62 65 -30 -5|0.5 32|29 -4 0 na na
6577 勁豐|電腦及週|61 23 18|99 99 25 36|2.1 11|1 2 0 2044 33
6579 研揚|電腦及週|6 2 -19|100 100 34 63|6.0 40|4 4 -0 72 -28
6589 台康生技|生技醫療|-69 -19 -5|70 70 -6 -17|0.4 351|6 -6 1 3 28
6590 普鴻|資訊服務|29 35 13|83 83 28 84|0.3 12|2 -3 0 na na
6591 動力-KY|電腦及週|-9 -36 -4|92 100 18 32|2.1 11|25 5 0 12 2
6592 和潤企業|其他|27 29 2|96 96 15 29|0.7 135|27 -3 1 -21 -1
6596 寬宏藝術|文化創意|109 -4 -13136|93 93 15 25|1.0 13|0 0 0 84 52
6603 富強鑫|電機機械|-17 -14 -11|85 90 -9 -3|0.8 9|1 -4 0 -15 8
6605 帝寶|汽車工業|2 15 3|95 95 7 35|0.4 68|18 -0 -0 -19 -15
6612 奈米醫材|生技醫療|43 31 2|90 90 19 100|0.5 137|28 -0 0 19 19
6613 朋億*|其他電子|58 20 -5|64 98 2 26|1.5 10|4 3 0 -3 12
6625 必應|其他|608 300 -43|100 100 105 215|1.0 340|1 -2 0 55 -13
6643 M31|半導體業|24 30 -7|100 100 51 70|1.2 1100|27 3 1 -10 -45
6664 群翊|電子零組|-12 10 -8|95 95 13 34|1.1 25|6 -8 0 19 12
6666 羅麗芬-KY|生技醫療|1 25 25|83 83 -10 18|0.2 6|77 -10 0 7 12
6667 信紘科|其他電子|20 10 -20|100 100 22 25|0.9 16|5 21 0 -4 -22
6669 緯穎|電腦及週|-9 34 -19|94 94 27 35|1.2 2008|37 -2 1 -4 61
6670 復盛應用|運動休閒|-31 -18 -46|84 84 -15 3|0.5 41|24 -28 -0 -17 2
6672 騰輝電子-KY|電子零組|-23 -26 9|99 99 6 25|1.0 66|32 25 0 -16 -26
6679 鈺太|半導體業|-41 -41 -2|97 100 17 40|1.1 92|8 6 2 17 -8
6680 鑫創電子|電腦及週|6 47 10|91 91 44 59|1.8 7|0 0 0 na na
6683 雍智科技|半導體業|-7 -3 -5|87 99 5 16|2.5 27|9 1 1 na 22
6689 伊雲谷|數位雲端|16 13 18|na 99 7 91|1.5 635|15 -0 0 na -43
6690 安碁資訊|數位雲端|15 11 -52|82 82 6 62|0.5 56|2 -1 1 na 85
6691 洋基工程|其他電子|36 39 1|100 100 8 62|1.4 91|6 4 1 20 74
6695 芯鼎|半導體業|-1 -3 12|na 83 0 -11|1.4 5|0 2 0 na na
6697 東捷資訊|資訊服務|9 -9 -13|96 96 58 101|1.1 15|1 2 0 na na
6698 旭暉應材|其他電子|-10 -4 -37|99 99 31 43|1.3 18|3 6 1 7 12
6703 軒郁|生技醫療|55 60 19|100 100 85 159|0.6 109|17 -1 -0 na 14
6706 惠特|光電業|-76 -77 -20|56 77 -15 -8|0.4 23|7 12 0 -5 -12
6712 長聖|生技醫療|10 16 -4|83 91 3 -2|0.6 287|4 -2 -5 -0 9
6715 嘉基|電子零組|-20 7 -29|82 82 -5 7|0.5 39|1 -1 -0 1 20
6719 力智|半導體業|-53 -58 -30|51 84 -2 14|0.5 477|7 1 -3 2 26
6732 昇佳電子|半導體業|-19 -27 11|73 73 -8 31|0.5 188|7 5 -11 3 -12
6733 博晟生醫|生技醫療|160 150 -134|99 99 67 100|1.0 45|3 3 0 na na
6741 91APP*-KY|數位雲端|8 16 4|83 83 4 53|0.3 451|61 -1 0 -20 -39
6743 安普新|其他電子|15 -14 3|89 89 25 67|0.2 9|4 1 0 -5 9
6747 亨泰光|生技醫療|14 9 -3|82 82 7 34|0.3 50|4 -7 2 na 55
6751 智聯服務|資訊服務|18 39 18|85 85 61 175|0.3 32|1 1 -1 na na
6752 叡揚|資訊服務|39 24 1|94 94 13 214|0.6 67|1 -1 0 na -69
6754 匯僑設計|居家生活|-9 -4 -15|85 85 20 4|0.8 8|16 2 0 -32 -12
6756 威鋒電子|半導體業|-43 -54 -15|68 92 8 10|1.0 50|3 1 -2 6 2
6763 綠界科技*|數位雲端|2 8 4|86 86 7 35|0.7 105|4 -4 0 na 37
6767 台微醫|生技醫療|52 89 36|100 100 39 60|1.1 9|1 -1 0 na na
6768 志強-KY|運動休閒|5 -6 -101|75 87 -3 -10|0.8 6|67 7 -2 -13 5
6770 力積電|半導體業|-47 -46 -34|54 87 -8 -7|0.7 247|14 0 1 -2 -8
6776 展碁國際|電子通路|-4 -3 0|97 97 31 44|0.4 18|3 6 -0 6 46
6781 AES-KY|電子零組|-38 -25 -37|61 83 -15 2|1.1 392|73 3 -1 -11 13
6782 視陽|生技醫療|-32 -26 -50|na na -35 na|0.7 133|4 -1 -21 na 101
6788 華景電|半導體業|-31 7 -19|83 83 -2 34|0.3 42|3 -3 -0 -14 1
6789 采鈺|半導體業|-22 -31 -14|na 88 -7 5|1.5 125|11 2 -0 19 -13
6790 永豐實|造紙工業|16 15 7|96 98 3 8|0.7 14|2 -5 0 2 62
6791 虎門科技|資訊服務|10 12 -3|na 84 41 156|0.5 46|12 -1 0 na na
6796 晉弘|生技醫療|21 18 16|na 82 -17 14|0.3 7|23 -12 0 -1 44
6799 來頡|半導體業|-28 -29 -21|78 87 7 38|0.8 270|10 -0 3 -7 9
6803 崑鼎|綠能環保|13 14 -5|98 98 17 29|0.8 16|3 7 0 33 10
6804 明係|運動休閒|24 28 -63|92 92 31 21|0.6 11|10 4 0 33 92
6806 森崴能源|綠能環保|80 44 -1|90 90 27 73|0.3 592|3 0 -2 -6 13
6811 宏碁資訊|數位雲端|19 15 2|na 87 24 111|0.4 177|2 1 -1 -17 -2
6829 千附精密|半導體業|-41 -35 -16|88 88 61 86|0.4 259|1 1 1 -8 1
6830 汎銓|其他電子|31 19 3|na 100 20 70|1.5 45|5 6 5 -39 86
6841 長佳智能|生技醫療|112 41 -359|na na -16 na|0.7 54|2 -1 0 na 64
6843 進典|電機機械|64 29 -11|na 91 12 46|0.5 8|1 -1 0 na na
6874 倍力|資訊服務|74 4 -46|na na 44 na|0.7 131|1 0 0 na 400
7402 邑錡|光電業|-16 -21 -22|78 78 51 62|0.4 36|15 2 0 na -13
8011 台通|通信網路|33 7 10|98 98 32 38|3.0 75|4 1 0 20 25
8016 矽創|半導體業|-12 -25 8|88 88 -3 16|0.4 135|30 -1 -2 -0 -3
8021 尖點|其他電子|-37 -35 -13|94 99 2 5|2.6 7|6 -6 0 27 4
8027 鈦昇|電機機械|-86 -64 -50|65 90 -2 -6|1.0 11|5 -2 0 -4 7
8028 昇陽半導體|半導體業|21 25 11|83 94 6 10|0.8 42|13 8 0 -5 -15
8033 雷虎|其他|-20 -5 -6|89 89 27 69|0.6 124|1 -1 0 na na
8038 長園科|電子零組|2719 1388 642|94 94 35 49|1.0 109|3 -0 0 na na
8040 九暘|半導體業|-40 -33 -31|81 81 -5 -13|4.5 11|1 -1 0 -3 15
8044 網家|數位雲端|-19 -14 -4|70 74 -20 4|0.6 28|13 1 -13 6 -5
8046 南電|電子零組|-16 -11 -22|77 96 15 11|1.1 2548|10 5 1 -13 -32
8048 德勝|通信網路|130 68 27|100 100 66 92|3.2 95|3 -0 0 160 531
8049 晶采|光電業|-9 30 8|93 93 -1 33|0.4 14|11 -18 0 -9 41
8050 廣積|電腦及週|28 25 1|92 92 -2 9|0.6 171|4 5 -2 -10 -18
8054 安國|半導體業|16 15 -6|78 99 3 7|4.7 6|1 -1 0 -1 20
8059 凱碩|通信網路|-24 -11 11|100 100 68 93|5.8 9|1 2 0 12590 na
8064 東捷|光電業|-12 12 13|99 99 10 24|0.6 7|8 2 0 3 4
8069 元太|光電業|3 28 -29|84 99 9 17|0.8 1785|35 4 2 -18 -11
8070 長華*|電子通路|-23 -25 -16|98 98 8 17|1.0 24|10 2 -2 -56 6
8076 伍豐|電腦及週|-23 -13 -12|98 98 19 23|1.3 168|5 1 0 56 48
8081 致新|半導體業|-25 -28 -3|94 98 8 32|0.5 61|24 18 -2 -6 -51
8083 瑞穎|電機機械|-52 -51 -9|84 90 -6 -9|1.0 6|1 -2 0 6 -2
8084 巨虹|電子通路|3 4 -30|70 72 -9 -24|0.4 23|0 -3 0 na 102
8085 福華|其他電子|46 27 19|95 95 73 89|1.7 95|3 2 0 6 16
8086 宏捷科|半導體業|-37 -38 15|89 89 9 3|0.7 107|7 -1 -7 8 -10
8088 品安|半導體業|-26 -9 -7|98 98 28 56|1.9 79|12 2 0 -13 -3
8091 翔名|半導體業|-17 -5 -13|88 88 6 22|0.9 84|8 -6 -1 7 74
8093 保銳|電子零組|9 24 28|77 77 12 29|0.4 5|0 1 0 na na
8097 常珵|通信網路|-100 -43 -517|76 94 14 9|0.8 142|2 0 0 52 19
8099 大世科|資訊服務|-1 11 7|99 99 64 77|2.6 218|2 -1 0 28 140
8104 錸寶|光電業|-0 50 3|82 89 4 24|0.3 5|3 -1 0 -2 -5
8105 凌巨|光電業|3 -6 -3|85 85 -11 5|0.3 17|59 -2 0 10 18
8109 博大|電子零組|13 37 12|92 92 0 6|0.5 6|2 -7 -8 45 7
8110 華東|半導體業|-20 -18 -18|91 96 2 9|0.6 10|2 12 0 -2 -5
8111 立碁|光電業|-9 -2 18|84 84 4 31|0.2 7|2 5 0 -10 7
8112 至上|電子通路|-20 -37 -5|100 100 9 26|0.6 75|18 29 0 -15 -34
8114 振樺電|電腦及週|-13 -10 -27|64 86 -11 -9|0.5 27|7 9 -8 -10 -3
8121 越峰|電子零組|-16 -11 -6|86 93 15 19|0.4 29|0 2 1 na -24
8131 福懋科|半導體業|-33 -22 -19|97 97 0 10|1.0 16|6 -2 -0 -5 -2
8147 正淩|電子零組|-33 -10 -13|92 92 1 7|3.3 5|3 -4 0 -2 48
8150 南茂|半導體業|-22 -25 -0|88 100 9 19|1.9 70|40 18 1 -2 -17
8155 博智|電子零組|-25 -25 -23|88 88 21 23|1.0 222|4 5 -7 22 -1
8163 達方|電腦及週|-15 -15 -10|100 100 13 21|1.0 34|13 30 0 -10 -21
8171 天宇|綠能環保|-21 -13 -92|86 86 -14 33|0.4 36|3 1 0 -2 -17
8183 精星|其他電子|26 7 -37|79 90 -4 -4|0.5 26|1 2 -0 -6 4
8210 勤誠|電腦及週|48 11 1|100 100 31 58|5.4 198|10 5 2 60 -21
8213 志超|電子零組|-36 -34 0|84 96 2 12|1.9 13|20 -2 0 -0 -11
8215 明基材|光電業|5 5 12|89 89 -4 13|0.6 56|6 -17 -1 -23 3
8222 寶一|電機機械|30 70 28|93 93 88 127|0.4 905|3 -0 -0 -11 22
8227 巨有科技|半導體業|-54 22 -33|na na 4 na|0.9 66|4 2 0 na 5
8234 新漢|電腦及週|-36 -12 -17|95 95 5 44|1.0 32|7 8 0 1 13
8249 菱光|電子零組|-23 6 -6|97 97 9 13|1.3 7|3 -5 0 -6 -48
8255 朋程|電機機械|20 18 1|89 89 4 11|0.5 102|6 5 -13 -0 -13
8261 富鼎|半導體業|-31 -37 -14|76 92 -1 -2|0.7 63|6 3 0 1 4
8271 宇瞻|半導體業|-30 -12 -6|100 100 26 47|3.7 33|12 -4 0 158 33
8279 生展|生技醫療|19 26 -6|96 96 7 33|0.7 6|4 2 0 na -34
8289 泰藝|電子零組|-31 -13 -5|82 82 -18 14|0.2 21|4 -2 0 -2 25
8299 群聯|半導體業|-43 -40 -15|98 98 16 28|1.5 476|33 3 5 -4 -17
8341 日友|綠能環保|-21 -20 -20|76 81 -8 12|1.0 25|12 -6 -6 0 -19
8349 恒耀國際|鋼鐵工業|26 10 -0|80 92 -4 3|0.3 14|2 -22 7 -4 18
8358 金居|電子零組|-28 -21 4|84 84 -10 8|1.1 160|10 -4 -6 15 -9
8383 千附|半導體業|-22 -17 -20|88 88 -4 7|0.2 15|7 -3 0 -15 24
8390 金益鼎|綠能環保|-6 3 -6|94 94 16 37|0.3 32|3 -1 0 -9 16
8403 盛弘|生技醫療|-23 -15 -15|80 80 2 12|0.4 65|2 -3 0 -39 56
8415 大國鋼|鋼鐵工業|-12 1 -11|91 91 -7 1|0.9 10|10 -14 -1 -16 7
8416 實威|資訊服務|28 14 13|93 93 17 28|0.3 6|1 9 0 na na
8420 明揚|運動休閒|21 41 4|96 96 6 41|0.6 35|5 -3 0 2 125
8422 可寧衛*|綠能環保|-14 5 -59|100 100 11 21|1.3 52|12 14 -0 51 12
8426 紅木-KY|其他|127 98 49|94 94 84 147|0.5 45|70 1 2 4 48
8431 匯鑽科|其他電子|-32 -19 4|97 97 18 21|0.5 12|2 9 0 -2 -9
8433 弘帆|居家生活|-12 -10 -12|82 82 -13 13|0.3 5|2 -0 0 2 0
8436 大江|生技醫療|7 14 16|75 75 -20 37|0.6 175|26 -7 -10 13 25
8440 綠電|綠能環保|-16 5 7|62 89 -0 3|0.6 11|1 -5 0 -8 -5
8442 威宏-KY|其他|-1 9 -35|92 92 1 13|0.5 10|62 -2 0 33 0
8446 華研|文化創意|123 52 28|95 95 34 51|1.5 150|4 -1 0 391 117
8454 富邦媒|數位雲端|4 10 -2|75 75 -15 18|0.9 400|25 -7 -17 24 6
8462 柏文|運動休閒|17 13 -3584|97 97 9 36|0.5 11|1 0 2 -4 -32
8464 億豐|居家生活|-21 -12 -5|98 98 4 26|0.7 84|44 -10 -2 -3 -27
8476 台境*|綠能環保|-57 -54 -313|100 100 6 55|1.0 21|4 2 0 -1 -14
8478 東哥遊艇|運動休閒|-25 -2 -17|100 100 52 94|0.7 2283|46 -1 0 36 22
8905 裕國|其他|76 144 104|100 100 36 52|3.6 15|2 8 0 79 -4
8916 光隆|其他|-25 -17 -37|82 86 -6 -9|0.6 12|4 -27 0 -7 13
8924 大田|運動休閒|-71 7 12|78 78 -21 -5|0.7 60|4 -11 0 3 58
8926 台汽電|油電燃氣|-4 25 21|95 95 42 55|0.9 177|8 -4 -1 -5 38
8927 北基|油電燃氣|6 7 -11|96 96 7 39|1.0 86|1 4 0 7 31
8930 青鋼|鋼鐵工業|1 16 14|100 100 41 51|1.7 21|4 3 0 31 25
8931 大汽電|油電燃氣|15 60 2|81 81 24 78|0.4 17|1 -4 0 7 3
8932 智通*|數位雲端|5 4 26|99 99 44 57|1.1 39|31 -0 0 -14 4
8933 愛地雅|運動休閒|-8 -6 -18|45 61 -28 -38|0.5 8|4 -12 0 na -13
8936 國統|其他|-21 -20 1|87 87 -9 37|0.3 66|8 4 0 -13 6
8937 合騏*|其他|94 143 27|98 98 30 35|1.8 6|0 -1 0 na na
8938 明安|運動休閒|-42 4 -14|74 74 -25 -11|0.3 41|11 -15 0 -6 16
8940 新天地|觀光餐旅|117 68 -112|95 95 17 106|1.8 67|8 -0 0 na na
8942 森鉅|其他|16 21 19|99 99 3 16|1.0 15|22 2 0 92 -5
8996 高力|電機機械|95 92 37|98 98 14 63|2.3 1443|19 2 1 -16 -7
9802 鈺齊-KY|運動休閒|8 14 -32|67 81 -2 -13|1.5 138|38 -15 -9 13 22
9904 寶成|運動休閒|-3 -2 -18|93 93 -5 2|1.0 122|55 1 1 -9 -45
9907 統一實|其他|-18 -4 4|93 93 5 13|0.6 64|19 -24 -0 -49 14
9910 豐泰|運動休閒|-16 -13 -51|91 91 6 4|1.0 194|18 -13 3 12 -33
9911 櫻花|居家生活|-15 -4 -8|99 99 3 7|0.9 8|18 -3 0 7 -30
9914 美利達|運動休閒|-11 2 -25|73 100 8 6|1.8 130|38 24 0 -6 -10
9917 中保科|其他|11 12 2|100 100 16 15|1.2 71|42 15 7 47 -22
9919 康那香|其他|14 -1 11|91 100 8 11|1.4 104|6 2 0 12 16
9921 巨大|運動休閒|20 1 -10|81 86 1 -15|0.7 252|46 8 -1 -24 -25
9927 泰銘|其他|-13 -8 -0|99 99 12 22|0.5 9|12 9 0 -7 -16
9930 中聯資源|綠能環保|4 19 13|98 98 12 15|0.9 11|2 3 0 49 -27
9933 中鼎|其他|-11 -9 -28|83 90 -8 2|0.8 65|14 -37 -5 9 34
9934 成霖|居家生活|-10 -12 -11|91 91 2 -0|0.5 6|16 -14 0 -9 -22
9938 百和|其他|-58 -33 -21|79 84 -13 0|1.1 26|24 -40 -1 12 11
9939 宏全|其他|17 16 -1|98 98 5 27|0.9 176|26 -14 4 9 5
9941 裕融|其他|14 19 2|99 99 11 28|0.6 142|6 1 0 -11 -17
9942 茂順|其他|66 45 26|95 95 27 37|1.1 142|9 6 2 -50 -3
9943 好樂迪|觀光餐旅|78 25 -1229|96 96 29 43|2.7 108|1 0 0 1409 54
9944 新麗|其他|-11 -8 -4|100 100 13 14|5.3 11|1 1 0 -19 24
9945 潤泰新|其他|-14 18 2|69 74 -19 -23|0.6 156|14 -6 0 8 15
9951 皇田|電機機械|19 20 8|100 100 4 21|1.1 5|8 -5 0 -21 -6
9955 佳龍|綠能環保|-8 -15 8|85 85 20 38|0.2 23|1 2 0 -27 0
9958 世紀鋼|鋼鐵工業|86 58 53|94 94 8 35|1.3 335|13 -1 -3 22 54
9962 有益|鋼鐵工業|-3 2 -17|87 87 -4 28|0.3 9|3 -5 0 -2 14
