# 2023-09-01 全池(1062 檔)。欄位:代碼 名稱|產業|最新月YoY 3月YoY均 加速度|距52週高% 距120日高% 60日漲% 120日漲%|量能比 日均值M|外持% 外20 投20 資20 券20(外資持股比;外資/投信20日淨買佔成交值%;融資/借券餘額20日變化%)
1101 台泥|水泥工業|-11 3 -8|90 90 -8 -5|1.3 629|21 -9 -0 -11 29
1102 亞泥|水泥工業|-14 -12 -5|95 95 -5 -2|0.7 188|16 -1 9 -3 -5
1103 嘉泥|水泥工業|49 47 19|84 84 -5 1|0.4 8|5 -15 0 -11 58
1104 環泥|水泥工業|10 13 -5|95 95 6 25|0.3 24|16 8 0 -2 7
1108 幸福|水泥工業|35 38 2|85 85 3 15|0.9 20|5 -19 0 -25 2
1201 味全|食品工業|4 4 1|91 91 -6 -9|0.6 6|9 -8 0 1 13
1210 大成|食品工業|-3 2 -7|88 88 7 10|0.4 108|12 -3 0 -54 -4
1215 卜蜂|食品工業|-2 4 -5|98 98 6 16|0.7 66|41 19 5 -28 -17
1216 統一|食品工業|14 9 -0|94 94 -1 7|1.1 464|39 -8 3 -7 -82
1217 愛之味|食品工業|-6 0 -3|87 87 13 12|0.8 133|9 -5 0 -40 108
1218 泰山|食品工業|5 3 -1|53 76 -17 -18|0.4 26|2 -6 0 19 13
1219 福壽|食品工業|6 1 -4|93 96 -0 -6|0.3 6|6 6 0 -14 -9
1227 佳格|食品工業|0 7 13|92 93 -5 -8|0.4 17|6 -17 -0 9 25
1229 聯華|食品工業|13 1 -1|93 93 6 21|0.5 68|12 -3 0 -31 11
1231 聯華食|食品工業|-3 -2 -11|94 94 6 10|0.6 22|3 -21 0 4 182
1234 黑松|食品工業|3 14 -3|96 96 7 14|0.3 10|6 -3 0 -68 9
1268 漢來美食|觀光餐旅|28 96 36|79 79 -17 -4|0.4 27|3 0 0 -2 -26
1301 台塑|塑膠工業|-17 -28 -0|89 89 -11 -8|0.7 526|32 -12 1 10 -3
1303 南亞|塑膠工業|-23 -31 -0|87 87 -12 -8|0.9 233|29 -18 3 11 -12
1304 台聚|塑膠工業|-30 -30 -7|81 81 -7 -12|0.5 28|34 -5 1 0 -15
1305 華夏|塑膠工業|-35 -32 -1|84 89 1 -12|0.6 49|10 2 2 -30 12
1307 三芳|塑膠工業|-3 -8 -24|97 97 9 23|0.6 9|12 7 0 13 10
1308 亞聚|塑膠工業|-42 -38 -20|89 89 2 -8|0.9 27|7 -20 5 0 14
1309 台達化|塑膠工業|-31 -32 -7|77 79 -11 -21|0.4 10|2 -9 0 -8 -0
1310 台苯|塑膠工業|-48 -47 -17|88 88 -9 8|0.4 14|7 -9 0 -11 -14
1312 國喬|塑膠工業|-11 -26 -4|82 82 -11 -13|0.5 21|12 2 0 -2 4
1313 聯成|塑膠工業|3 -11 7|88 88 4 -1|0.3 24|11 9 0 -21 6
1316 上曜|建材營造|-85 -86 -82|64 80 -13 -8|1.0 19|2 2 0 48 -2
1319 東陽|汽車工業|3 5 -5|98 98 38 55|1.9 375|24 2 4 46 39
1326 台化|塑膠工業|-14 -25 -11|84 91 -8 -10|1.2 259|33 -7 1 -22 -4
1338 廣華-KY|汽車工業|-38 -27 -9|65 82 -14 -20|3.3 9|7 -9 0 16 45
1339 昭輝|汽車工業|0 -3 -5|97 97 7 6|1.9 9|2 5 0 1 -30
1342 八貫|其他|-12 -4 -11|70 70 -10 -25|0.8 41|44 2 0 -5 -1
1402 遠東新|紡織纖維|-6 -8 -6|90 90 -8 -7|1.0 162|16 -13 1 -6 10
1409 新纖|紡織纖維|-18 -17 1|89 90 -5 -11|2.0 32|12 -13 -0 -15 24
1434 福懋|紡織纖維|-24 -21 -11|96 96 -3 -4|0.9 24|8 0 0 -19 11
1440 南紡|紡織纖維|-15 -12 -13|83 89 -5 -13|0.7 9|7 5 -0 -2 1
1442 名軒|建材營造|-7 25 -411|95 96 12 15|0.3 15|4 -16 0 1 12
1444 力麗|紡織纖維|-42 -36 -14|92 97 1 2|0.5 12|6 -18 0 11 29
1446 宏和|紡織纖維|-55 -14 -20|97 97 24 19|0.5 6|2 7 0 9 17
1467 南緯|紡織纖維|-20 -29 -2|91 91 2 1|0.6 17|21 4 0 -16 -11
1471 首利|電子零組|36 17 23|86 86 89 118|1.8 203|5 2 0 -9 -5
1476 儒鴻|紡織纖維|-26 -28 -13|93 93 9 13|1.0 375|40 -7 3 29 -5
1477 聚陽|紡織纖維|-20 -6 -4|97 97 46 59|0.5 798|37 -3 10 -41 29
1503 士電|電機機械|5 -1 -12|76 76 -18 48|0.3 396|31 13 -8 -12 -17
1504 東元|電機機械|-7 0 -5|84 84 -7 47|0.2 590|17 -3 -4 -10 -10
1513 中興電|電機機械|31 24 11|79 79 1 14|0.3 1512|10 -7 0 31 -2
1514 亞力|電機機械|16 15 -16|75 75 -10 22|0.2 168|9 -2 -0 -2 -25
1515 力山|電機機械|70 37 77|90 90 8 15|0.3 38|7 1 0 -8 6
1519 華城|電機機械|251 100 67|98 98 93 307|1.2 3237|13 1 1 -17 8
1522 堤維西|汽車工業|-1 -1 -7|95 95 23 23|1.0 44|8 -5 0 10 1
1524 耿鼎|汽車工業|8 5 -5|80 87 -2 -8|0.9 14|3 9 0 -9 -5
1525 江申|汽車工業|-15 7 -29|70 70 -21 37|0.3 10|2 5 0 3 18
1527 鑽全|電機機械|-34 -41 -10|92 92 -1 -8|0.5 11|8 -18 0 -13 16
1528 恩德|電機機械|8 -4 -9|70 70 -8 11|0.1 20|5 4 0 -14 -25
1529 樂事綠能|電機機械|241 295 139|70 70 -14 38|0.2 69|1 -5 0 4 18
1532 勤美|電機機械|121 90 96|94 94 4 8|0.8 56|13 7 0 -1 44
1533 車王電|汽車工業|-13 32 7|80 80 -3 6|0.1 15|6 -0 -2 -8 8
1535 中宇|電機機械|-2 14 7|87 87 4 10|0.3 8|1 -11 -7 -15 31
1536 和大|汽車工業|-21 -14 -17|71 90 -5 -11|0.4 30|11 -13 1 -7 26
1537 廣隆|電機機械|-27 -19 -56|98 98 2 0|1.2 25|17 -8 -0 0 157
1539 巨庭|電機機械|-61 -47 6|55 81 -8 -21|0.9 5|0 -1 0 -11 -35
1540 喬福|電機機械|16 37 -39|94 94 17 5|1.0 13|4 7 0 18 20
1558 伸興|電機機械|50 16 -4|81 86 -4 -15|0.8 15|7 3 0 21 17
1560 中砂|電機機械|-15 -15 -13|77 84 11 10|0.2 203|8 -1 -2 -17 -12
1565 精華|生技醫療|-17 -17 -4|77 77 -14 -20|0.5 49|14 -31 0 -4 8
1568 倉佑|汽車工業|-41 -21 -3|89 94 -0 9|1.3 8|3 2 0 4 9
1569 濱川|電腦及週|-26 -28 1|84 91 -0 -6|0.6 5|2 -11 0 8 -11
1580 新麥|電機機械|4 4 3|90 90 -1 25|0.4 20|8 -6 0 -18 71
1582 信錦|電子零組|-23 -25 2|93 100 7 2|1.4 11|7 10 0 6 -18
1584 精剛|其他|32 46 -13|84 84 -4 25|1.4 171|5 5 -0 7 24
1587 吉茂|汽車工業|-35 -22 -13|86 86 9 4|0.3 11|21 -0 0 -20 15
1589 永冠-KY|電機機械|-24 -16 -28|66 66 -22 -16|0.5 26|9 -27 0 -3 27
1590 亞德客-KY|電機機械|22 12 4|73 73 -11 -20|0.5 458|76 -2 -1 -12 -76
1591 駿吉-KY|電機機械|-90 -93 -57|100 100 32 61|1.1 47|19 4 0 -9 7
1598 岱宇|運動休閒|15 9 18|66 68 -20 -34|0.3 6|5 0 0 23 18
1603 華電|電器電纜|38 38 -6|97 97 26 40|1.0 68|7 12 0 3 -14
1604 聲寶|電器電纜|-2 2 7|85 85 4 8|0.3 10|10 15 0 -16 -2
1605 華新|電器電纜|0 0 -3|66 73 -19 -28|0.5 630|20 2 0 -11 -33
1608 華榮|電器電纜|-17 -20 -7|85 85 -13 32|0.2 28|2 4 0 -22 4
1609 大亞|電器電纜|-1 -6 0|92 92 5 38|0.3 499|13 4 0 -13 -3
1611 中電|電器電纜|-10 -17 -2|83 83 -3 19|0.1 13|11 20 0 -12 -16
1612 宏泰|電器電纜|-1 6 6|90 90 7 37|0.7 40|14 -0 0 -19 16
1615 大山|電器電纜|90 30 18|90 90 8 24|0.4 5|1 -1 0 -12 20
1616 億泰|電器電纜|13 15 4|100 100 13 38|0.9 10|3 8 0 na na
1618 合機|電器電纜|122 118 40|91 91 28 82|0.3 48|3 6 0 -1 -17
1701 中化|生技醫療|5 3 -6|66 88 -7 -8|0.4 12|10 7 0 -9 -29
1702 南僑|食品工業|11 9 1|94 94 -2 4|0.4 12|11 5 0 -38 1
1707 葡萄王|生技醫療|0 -0 -6|83 83 -8 -15|0.5 48|18 -37 -0 -22 -4
1708 東鹼|化學工業|-34 -27 -34|68 80 -7 -19|0.8 23|7 -4 0 -4 3
1709 和益|化學工業|-27 -24 -21|84 84 -10 -10|1.0 25|3 -14 0 -11 4
1710 東聯|化學工業|53 21 30|87 87 -9 3|0.5 56|10 -6 0 -31 -22
1711 永光|化學工業|-13 -14 0|88 88 -7 4|0.2 14|7 2 0 -9 -7
1712 興農|化學工業|-28 -27 -22|86 94 2 -6|1.2 17|12 -12 10 -3 10
1717 長興|化學工業|-16 -17 -1|85 85 -12 -6|0.7 35|14 0 -0 -22 19
1720 生達|生技醫療|22 5 -18|86 86 -9 12|0.4 36|6 -1 -0 -5 -9
1721 三晃|化學工業|-35 -37 -14|75 75 -15 -11|0.4 6|1 -3 0 -6 2
1722 台肥|化學工業|-22 57 51|97 97 4 9|0.9 112|12 -8 -1 -9 -3
1723 中碳|化學工業|-33 -33 -26|98 98 1 2|0.4 13|9 7 6 -5 -3
1727 中華化|化學工業|-25 -24 -10|73 73 -22 16|0.3 22|2 -0 0 -9 17
1734 杏輝|生技醫療|16 4 -11|88 88 -5 10|0.2 20|7 -3 0 -11 24
1736 喬山|運動休閒|38 40 22|92 97 22 15|0.6 50|8 4 1 -8 12
1737 臺鹽|食品工業|-12 -1 9|92 92 7 8|5.9 16|7 -4 0 215 167
1752 南光|生技醫療|-3 7 -19|69 69 -12 -6|0.2 23|2 -2 0 -3 -31
1760 寶齡富錦|生技醫療|-28 -39 -29|56 56 -26 -38|0.6 89|13 1 0 -3 -17
1762 中化生|生技醫療|-19 -5 -27|62 62 -30 -6|0.3 36|10 9 0 -20 3
1773 勝一|化學工業|-14 -20 -2|91 93 -2 10|0.4 15|5 -0 -0 -34 15
1783 和康生|生技醫療|15 7 -8|82 82 1 -1|0.2 21|6 -8 0 -4 -8
1784 訊聯|生技醫療|7 21 5|87 87 2 43|0.4 44|6 8 0 3 -69
1785 光洋科|其他電子|-18 -22 6|90 90 2 3|0.3 47|8 -3 -0 -21 4
1786 科妍|生技醫療|18 29 1|94 94 28 26|1.1 31|3 -3 0 8 16
1789 神隆|生技醫療|-32 -17 -25|82 82 5 4|0.2 27|4 1 0 -9 12
1795 美時|生技醫療|119 59 1|76 76 -17 -4|0.4 1258|72 -1 -4 -6 27
1796 金穎生技|食品工業|35 41 11|66 66 -24 10|0.4 10|2 2 0 -0 1
1802 台玻|玻璃陶瓷|12 3 12|86 96 16 -2|1.7 450|9 3 0 -11 1
1808 潤隆|建材營造|16243 7350 5438|100 100 19 25|1.5 83|4 15 -0 1 -6
1809 中釉|玻璃陶瓷|-8 -9 -13|89 89 -4 3|0.3 7|3 -9 0 -2 19
1810 和成|玻璃陶瓷|2 1 10|78 78 -9 13|2.2 32|4 2 0 -0 3
1815 富喬|電子零組|-48 -36 -11|91 91 10 11|0.6 33|2 -2 0 -2 5
1903 士紙|造紙工業|38 11 13|81 81 25 24|0.9 35|12 -4 0 17 7
1904 正隆|造紙工業|-11 -8 2|82 82 -12 1|0.6 77|9 -9 0 -19 13
1905 華紙|造紙工業|-23 -23 -22|73 73 -16 38|0.2 213|4 4 0 -20 1
1907 永豐餘|造紙工業|-15 -13 -6|80 80 -13 18|0.2 76|12 2 -0 -8 -4
1909 榮成|造紙工業|-5 -10 4|80 84 -11 -16|0.5 24|12 -13 0 -9 31
2002 中鋼|鋼鐵工業|-28 -28 -4|86 88 -8 -11|1.2 627|18 -14 1 13 3
2006 東和鋼鐵|鋼鐵工業|-1 2 7|99 99 4 -0|0.7 70|16 33 4 -8 -14
2009 第一銅|鋼鐵工業|-25 -18 4|79 79 -8 -14|0.5 34|0 -6 0 -28 16
2010 春源|鋼鐵工業|-1 -11 7|96 96 12 10|0.5 10|7 -2 0 -21 3
2014 中鴻|鋼鐵工業|6 -25 9|79 82 -2 -17|0.4 166|6 -14 -0 -11 63
2015 豐興|鋼鐵工業|-14 -15 0|95 95 -2 -4|1.0 9|11 -3 5 7 -11
2017 官田鋼|鋼鐵工業|-18 -13 8|78 78 -10 -20|0.4 10|1 -22 0 6 46
2020 美亞|鋼鐵工業|28 42 32|94 94 11 11|0.3 10|3 7 0 -31 11
2022 聚亨|鋼鐵工業|7 -11 -3|82 82 -10 4|1.8 14|2 -1 0 na na
2023 燁輝|鋼鐵工業|-13 -18 3|89 91 -1 -10|0.5 23|6 -4 0 -3 3
2027 大成鋼|鋼鐵工業|-17 -15 -9|90 90 -2 2|0.5 207|15 -21 5 -2 62
2030 彰源|鋼鐵工業|-26 -24 -4|77 84 -13 -16|0.3 11|2 -9 0 -12 16
2031 新光鋼|鋼鐵工業|31 9 1|90 90 -0 6|0.5 88|15 -3 -2 1 -51
2034 允強|鋼鐵工業|-16 -22 -4|93 94 1 -7|0.6 12|7 -3 0 -22 7
2049 上銀|電機機械|-19 -19 -3|79 79 -13 -21|0.6 211|30 3 -3 -3 -0
2059 川湖|電子零組|-36 -35 -21|88 88 105 126|0.8 2013|11 -9 8 -24 76
2066 世德|電機機械|-8 -3 -19|83 83 -2 -1|0.3 18|12 -17 0 -13 -2
2101 南港|橡膠工業|7 2 11|94 94 0 4|1.4 22|7 31 -0 -16 -15
2103 台橡|橡膠工業|-20 -16 -10|86 86 -2 -14|0.7 18|26 -19 1 -6 10
2104 國際中橡|橡膠工業|-34 -32 -21|89 89 -1 -2|0.3 33|12 -11 0 -5 27
2105 正新|橡膠工業|-6 -4 -4|98 98 5 20|1.9 130|16 11 2 21 -34
2106 建大|橡膠工業|-14 -19 -15|89 100 3 2|0.8 15|7 19 -0 -0 -4
2107 厚生|橡膠工業|-23 4 30|100 100 6 1|1.2 7|8 30 0 34 -100
2108 南帝|橡膠工業|-3 -23 14|83 83 -5 -12|0.5 8|8 20 2 -6 -14
2201 裕隆|汽車工業|-2 7 4|96 96 -2 13|1.9 420|9 0 -0 1 -5
2204 中華|汽車工業|16 36 17|100 100 4 83|1.2 227|27 -1 -4 -3 5
2206 三陽工業|汽車工業|21 33 -0|79 79 -16 86|0.5 625|10 -2 -0 0 4
2207 和泰車|汽車工業|13 23 6|82 82 -17 14|1.3 139|25 -7 1 5 -69
2208 台船|航運業|43 30 -3|83 83 -7 0|0.5 48|6 6 0 -12 -13
2211 長榮鋼|鋼鐵工業|14 7 29|98 98 19 41|0.2 105|7 17 1 -20 17
2228 劍麟|汽車工業|7 20 1|86 86 8 6|0.3 18|7 -12 0 15 38
2230 泰茂|居家生活|40 34 24|100 100 69 78|0.7 62|9 5 0 16 13
2231 為升|汽車工業|27 20 0|78 78 -13 -16|0.5 42|8 2 -2 -1 -12
2233 宇隆|汽車工業|-4 -5 -1|89 89 -1 -2|0.5 10|5 -9 -7 -1 1
2236 百達-KY|汽車工業|55 31 10|100 100 65 94|0.8 18|73 5 0 9 -2
2241 艾姆勒|汽車工業|53 41 61|92 92 8 12|1.2 14|24 -1 0 18 55
2247 汎德永業|汽車工業|38 39 15|90 90 7 37|0.2 36|6 5 5 -60 -22
2301 光寶科|電腦及週|-15 -14 -6|86 86 45 90|0.6 6158|38 5 -1 -39 -48
2303 聯電|半導體業|-23 -23 -22|90 90 -2 -5|1.1 1676|33 -19 4 -2 8
2305 全友|電腦及週|-3 19 9|56 77 -13 -22|0.2 5|0 -2 0 -1 8
2308 台達電|電子零組|5 9 -11|93 93 13 19|0.5 1893|67 7 -4 -16 -10
2312 金寶|其他電子|-18 -11 -23|94 94 21 21|0.4 243|12 9 0 -8 -36
2313 華通|電子零組|-12 -15 -10|89 93 1 2|0.8 263|18 -3 4 1 7
2314 台揚|通信網路|-35 -10 -30|75 75 -14 -16|0.6 30|3 -6 -1 -15 na
2316 楠梓電|電子零組|-20 -32 -4|72 72 25 22|0.6 113|27 -4 0 -38 129
2317 鴻海|其他電子|-1 -10 -14|96 96 5 8|0.9 2476|40 -8 0 15 -55
2323 中環|光電業|6 -0 12|82 82 -5 51|0.4 241|13 -3 0 -1 38
2324 仁寶|電腦及週|-13 -18 -1|86 86 14 35|0.6 1664|46 -2 0 29 98
2327 國巨*|電子零組|-15 -16 -11|89 92 2 -7|1.5 629|47 20 2 -6 -1
2328 廣宇|電子零組|10 5 3|86 86 -7 -4|0.3 92|14 -13 -1 -14 -16
2329 華泰|半導體業|17 4 12|89 89 113 123|1.0 1405|8 -4 -0 4 44
2330 台積電|半導體業|-5 -7 -24|93 93 -2 6|0.9 10505|73 -10 1 -0 7
2331 精英|電腦及週|-41 -39 -2|100 100 34 84|3.8 274|23 11 0 -14 -19
2332 友訊|通信網路|-6 -5 -9|96 96 20 41|1.2 429|20 7 0 74 43
2337 旺宏|半導體業|-39 -40 -5|94 96 5 0|3.7 162|19 -14 7 20 6
2338 光罩|半導體業|-8 -6 -9|75 75 -11 -17|0.4 111|9 11 0 -2 -12
2340 台亞|半導體業|-11 -16 16|89 89 34 33|0.5 231|13 3 0 4 -15
2342 茂矽|半導體業|-29 -33 -14|80 80 -6 -10|0.5 15|4 -1 0 -18 31
2344 華邦電|半導體業|-15 -22 4|92 92 -6 8|0.7 506|23 -4 3 5 -21
2345 智邦|通信網路|10 7 -16|91 91 35 60|0.9 1679|68 -2 4 5 -16
2347 聯強|電子通路|-3 -8 -2|98 98 2 0|0.8 133|29 -4 20 -1 -31
2351 順德|半導體業|-9 -8 -4|75 75 -14 -19|0.2 61|17 -2 -1 -5 -14
2352 佳世達|電腦及週|-22 -18 -6|78 78 10 50|0.4 495|15 -6 5 0 -41
2353 宏碁|電腦及週|2 -11 13|90 90 18 47|0.6 1023|36 9 2 -12 2
2354 鴻準|其他電子|39 6 10|96 96 5 6|0.6 114|18 4 -0 -6 7
2355 敬鵬|電子零組|4 -9 -3|96 96 20 28|3.2 322|24 9 0 76 211
2356 英業達|電腦及週|-11 -1 5|74 74 53 104|0.4 4346|26 -3 -0 -5 -35
2357 華碩|電腦及週|2 -5 5|93 93 34 46|0.9 4093|55 10 3 -20 -19
2359 所羅門|其他電子|7 -8 -3|92 92 25 21|0.6 223|9 2 0 -9 -2
2360 致茂|其他電子|-36 -20 -35|92 92 26 56|0.6 619|68 1 2 2 48
2362 藍天|電腦及週|-13 -13 -18|88 88 -2 4|0.3 15|6 -12 0 -3 -4
2363 矽統|半導體業|-45 -40 -11|100 100 123 111|3.7 3846|9 -0 0 249 91
2364 倫飛|電腦及週|6 6 -14|67 89 -3 -7|6.4 12|16 -1 0 36 16
2367 燿華|電子零組|-28 -15 -24|77 95 0 -4|3.0 51|6 -3 0 -9 -1
2368 金像電|電子零組|-2 -16 -16|93 93 55 125|0.7 3116|20 -5 4 -12 57
2369 菱生|半導體業|-1 -6 20|100 100 41 34|2.6 34|15 -1 0 20 39
2371 大同|電機機械|68 89 32|90 90 24 47|0.3 591|16 2 0 -3 -16
2374 佳能|光電業|6 -15 -15|97 100 20 11|1.3 46|8 18 0 -4 -28
2375 凱美|電子零組|-22 -24 0|85 85 -4 -15|2.3 14|6 10 0 1 -14
2376 技嘉|電腦及週|17 24 27|91 91 58 182|1.4 11941|26 -3 3 7 35
2377 微星|電腦及週|7 -6 12|79 79 -4 19|0.9 859|40 3 1 42 -66
2379 瑞昱|半導體業|-8 -10 8|97 97 9 10|1.2 920|45 -11 8 -9 7
2382 廣達|電腦及週|-33 -21 -22|88 88 103 215|0.7 26319|25 -2 1 0 11
2383 台光電|電子零組|11 -2 10|99 99 113 129|0.9 4373|30 -3 3 -28 -31
2385 群光|電子零組|-22 -17 -8|99 99 9 20|0.5 245|34 -3 12 -42 18
2387 精元|電腦及週|-25 -1 -1|98 98 15 18|0.7 42|14 18 0 -15 0
2388 威盛|半導體業|101 60 28|74 74 29 29|1.2 2259|12 -4 -0 -4 0
2392 正崴|電子零組|2 -15 -15|98 98 15 19|2.0 115|15 27 0 32 -24
2393 億光|光電業|-14 -18 2|90 90 -1 22|0.4 49|33 -1 -0 -11 40
2395 研華|電腦及週|-19 -9 -16|85 85 -2 9|0.9 379|42 -14 -3 38 -30
2399 映泰|電腦及週|-8 5 16|87 87 12 52|0.5 61|4 -7 0 4 24
2401 凌陽|半導體業|8 -13 20|97 97 27 20|1.3 277|12 1 0 9 2
2402 毅嘉|電子零組|29 25 -0|100 100 53 146|3.5 676|18 4 0 -8 -24
2404 漢唐|其他電子|17 38 -89|93 93 6 0|0.5 304|31 2 11 -7 -9
2405 輔信|電腦及週|1 -12 0|82 82 11 8|0.2 44|6 1 0 -7 -3
2406 國碩|光電業|-55 -61 -23|71 79 -11 -19|0.5 9|6 9 0 -10 -10
2408 南亞科|半導體業|-45 -53 8|90 90 -3 15|0.7 377|17 2 -2 27 -22
2409 友達|光電業|22 11 37|87 87 -0 -3|0.4 553|25 -15 -2 -0 -66
2412 中華電|通信網路|2 4 1|95 95 -3 2|0.9 696|17 -8 2 -3 -42
2413 環科|電子零組|-8 -8 -38|67 67 -17 -11|0.3 15|1 1 0 -14 -17
2415 錩新|電子零組|17 3 7|94 94 45 31|0.7 38|1 -0 0 6 66
2419 仲琦|通信網路|-46 -26 -51|73 73 45 34|0.3 196|2 -6 0 21 40
2420 新巨|電子零組|-22 -24 -10|94 94 7 14|0.4 13|5 -2 -5 -20 -53
2421 建準|電子零組|-6 -12 -13|85 85 50 191|0.7 2638|23 -3 1 -3 -3
2423 固緯|其他電子|-8 -5 -10|89 89 -9 19|0.7 11|4 -3 0 -3 14
2425 承啟|電腦及週|59 11 20|81 81 27 43|0.4 279|10 -4 0 19 74
2426 鼎元|光電業|1 -6 16|85 85 -3 -2|0.3 8|9 -3 0 -23 6
2427 三商電|資訊服務|3 -22 -20|70 70 -13 68|0.1 42|4 6 0 -19 -9
2428 興勤|電子零組|-1 -3 -1|89 89 7 8|0.5 92|15 -14 -0 15 49
2436 偉詮電|半導體業|27 18 38|98 98 38 42|4.6 87|9 2 1 62 17
2439 美律|通信網路|-27 -10 -17|92 92 -1 2|0.9 49|13 -14 0 -4 64
2440 太空梭|電子零組|13 -8 13|98 98 39 30|2.4 27|0 -0 0 -35 -13
2441 超豐|半導體業|-8 -18 14|99 99 9 12|1.9 98|14 3 2 -28 13
2442 新美齊|建材營造|35 138 88|93 93 2 30|0.5 20|4 13 0 -36 -53
2449 京元電子|半導體業|-11 -14 -3|95 95 49 69|1.1 1175|43 4 2 14 46
2450 神腦|通信網路|-1 4 4|100 100 9 14|1.1 6|3 10 0 16 4
2451 創見|半導體業|-21 -17 3|97 97 2 9|0.4 19|11 2 5 13 -3
2453 凌群|資訊服務|3 15 10|68 68 -24 -7|0.1 69|7 6 0 -19 7
2454 聯發科|半導體業|-22 -29 -7|99 99 4 2|0.8 3244|57 5 2 -8 -51
2455 全新|通信網路|18 0 35|100 100 30 75|1.8 360|36 3 1 -5 -6
2457 飛宏|電子零組|14 2 -2|83 83 -14 30|0.6 519|10 5 0 1 -33
2458 義隆|半導體業|2 -20 17|100 100 21 23|0.6 248|24 1 1 -22 -22
2460 建通|電子零組|9 -15 16|98 98 19 41|0.8 60|1 2 0 35 -8
2461 光群雷|其他電子|1 -9 -1|87 87 2 20|0.2 28|9 -5 0 -2 -24
2462 良得電|電子零組|-20 -29 -10|95 95 18 13|0.7 93|8 5 0 -1 -42
2464 盟立|其他電子|-18 -26 -17|97 97 15 11|1.1 46|4 -5 0 -17 54
2465 麗臺|電腦及週|-34 -32 3|81 87 -5 -13|0.5 10|1 -0 0 -14 -80
2468 華經|資訊服務|-17 35 16|67 67 9 4|0.4 24|2 -3 0 -4 -49
2471 資通|資訊服務|-14 -4 -1|79 79 -13 16|0.2 21|4 7 0 -10 7
2472 立隆電|電子零組|-17 -18 -3|86 86 -1 -11|1.4 18|2 -9 -0 2 10
2474 可成|其他電子|-38 -3 8|98 98 1 1|1.6 355|41 -20 9 0 11
2476 鉅祥|電子零組|-24 -16 -11|87 89 2 2|1.2 21|3 9 0 -3 2
2480 敦陽科|資訊服務|4 12 6|89 89 3 24|0.2 30|5 -13 0 -21 -10
2481 強茂|半導體業|-10 -2 11|83 83 -4 -7|0.2 124|11 -2 -1 -11 23
2482 連宇|其他電子|-13 15 -118|65 65 -26 -6|0.2 61|5 8 0 -8 -5
2484 希華|電子零組|-37 -35 -12|83 90 -5 -13|1.1 16|5 -2 0 -4 -4
2485 兆赫|通信網路|-10 6 -7|100 100 52 57|5.8 43|9 0 0 82 23
2486 一詮|光電業|-4 -11 8|82 82 3 47|0.7 213|6 -0 0 -4 9
2488 漢平|其他電子|-28 -23 -13|100 100 24 24|1.6 23|6 11 0 9 -20
2489 瑞軒|光電業|34 -2 20|83 83 -11 16|0.4 14|13 6 -0 -3 -51
2492 華新科|電子零組|1 -8 8|100 100 12 10|2.7 136|16 16 0 28 -16
2493 揚博|電子零組|-5 -13 -14|99 99 1 32|0.5 23|7 8 -0 9 11
2495 普安|電腦及週|-29 -21 -43|79 79 -15 -2|1.0 33|19 -19 0 5 45
2497 怡利電|汽車工業|53 27 -1|72 80 -6 -16|0.5 38|1 -1 0 -5 14
2498 宏達電|通信網路|-21 -2 5|76 80 -15 -18|0.5 221|11 16 -0 -8 -17
2501 國建|建材營造|-52 35 -52|89 90 -4 -11|0.5 9|7 -10 0 12 29
2504 國產|建材營造|-8 -1 -2|96 96 -0 5|0.4 31|14 -9 1 -53 4
2505 國揚|建材營造|-58 -83 -37|95 97 2 -4|0.5 5|6 -1 0 -7 -5
2515 中工|建材營造|31 68 48|93 93 -7 22|0.3 46|16 8 0 -5 -8
2520 冠德|建材營造|-19 -5 -19|100 100 21 21|1.5 62|17 8 0 18 9
2528 皇普|建材營造|110 128065 95989|98 98 2 60|0.5 7|1 1 0 5 1
2530 華建|建材營造|-29 -20 -16814|96 96 1 47|0.7 19|2 -3 0 3 4
2534 宏盛|建材營造|-67 -67 -100|81 87 -7 -14|0.2 12|7 -5 -0 165 5
2535 達欣工|建材營造|-17 -19 -16|100 100 1 9|0.8 12|7 7 0 -13 -55
2536 宏普|建材營造|10 25 -17|98 98 1 11|0.7 9|10 -10 0 -2 4
2538 基泰|建材營造|-37 -58 -59|94 94 16 13|1.3 32|13 12 0 -27 34
2539 櫻花建|建材營造|-100 na na|94 94 17 34|0.5 25|1 -16 -0 11 76
2540 愛山林|建材營造|55 113 81|98 98 18 21|1.3 49|2 18 0 0 6
2542 興富發|建材營造|2306 1239 908|96 99 1 3|0.8 80|11 20 0 -2 -25
2546 根基|建材營造|-20 19 -27|99 99 14 42|0.5 7|4 -8 0 -22 6
2548 華固|建材營造|-85 -90 -44|97 97 -3 7|0.6 56|18 -14 1 -3 35
2603 長榮|航運業|-63 -62 -21|79 97 27 19|0.2 1338|27 0 2 -11 -17
2605 新興|航運業|15 1 -5|75 78 -4 -21|0.6 60|34 -3 0 -8 5
2606 裕民|航運業|11 1 9|78 80 -3 -20|0.6 194|7 -3 2 23 39
2607 榮運|航運業|-25 -20 -44|85 99 7 5|0.5 42|15 12 0 -16 -24
2608 嘉里大榮|航運業|-5 -6 1|95 100 2 3|1.3 10|5 20 0 -8 -6
2609 陽明|航運業|-69 -68 -17|68 78 -4 -11|0.3 658|12 -1 3 -1 -6
2610 華航|航運業|27 29 20|84 84 3 15|0.3 1347|14 1 -0 -6 -4
2611 志信|航運業|-20 -19 12|72 88 -6 -12|0.3 7|1 1 0 13 2
2612 中航|航運業|-9 -16 -12|91 91 4 -2|0.3 23|2 -3 0 7 37
2614 東森|其他|-8 -2 -1|47 56 -31 -44|1.1 28|2 9 0 -50 -100
2615 萬海|航運業|-66 -67 -13|49 61 -18 -38|0.5 276|41 -13 4 -9 15
2617 台航|航運業|-6 -3 -14|89 89 2 -9|0.4 28|3 6 0 -6 -15
2618 長榮航|航運業|58 52 15|79 79 -9 15|0.5 2743|36 14 -1 5 -35
2630 亞航|航運業|-12 8 -10|60 60 -16 113|2.1 232|1 -0 -0 na 61
2633 台灣高鐵|航運業|36 83 29|92 92 -7 0|0.8 63|11 -21 1 -22 -35
2634 漢翔|航運業|19 24 -19|98 98 13 55|1.5 962|8 2 1 2 48
2636 台驊控股|航運業|-47 -53 6|95 95 3 10|0.2 24|16 9 -0 -9 -18
2637 慧洋-KY|航運業|-47 -42 -18|72 74 -10 -25|0.7 151|8 -12 1 7 25
2640 大車隊|數位雲端|6 16 -1|78 78 -19 2|0.3 10|8 0 0 4 28
2641 正德|航運業|-22 -19 -0|77 77 -11 -22|0.9 19|1 1 0 4 5
2645 長榮航太|航運業|43 33 6|na na 24 na|2.3 640|8 14 2 na -21
2702 華園|觀光餐旅|-6 -5 -38|79 79 -10 -15|0.1 7|37 0 0 1 -34
2704 國賓|觀光餐旅|-9 14 12|91 91 7 46|2.1 18|12 11 0 90 27
2705 六福|觀光餐旅|9 133 59|66 66 -13 -5|0.2 22|4 -4 0 -14 14
2706 第一店|觀光餐旅|46 48 16|80 80 -18 2|0.2 6|3 4 0 -10 -13
2707 晶華|觀光餐旅|16 49 16|72 72 -23 -20|0.2 137|16 17 -6 -3 -23
2719 燦星旅|觀光餐旅|3094 2045 789|53 53 -16 13|0.3 8|0 -1 0 na na
2722 夏都|觀光餐旅|-19 20 -0|52 52 -20 13|0.2 19|1 -7 0 9 6
2723 美食-KY|觀光餐旅|0 6 -1|69 71 -23 -24|1.9 83|61 -1 -1 -4 3
2727 王品|觀光餐旅|19 41 17|76 76 -21 3|0.6 271|36 -8 -1 6 75
2729 瓦城|觀光餐旅|26 50 21|95 95 13 20|0.5 54|11 13 -0 -49 3
2731 雄獅|觀光餐旅|1058 1323 714|69 69 -31 9|0.2 282|17 6 -7 -16 -8
2732 六角|觀光餐旅|-2 -1 -1|66 66 -32 -31|0.4 38|10 1 -2 -7 -25
2734 易飛網|觀光餐旅|349 397 -50|55 55 -20 29|0.3 21|9 5 0 na na
2736 富野|觀光餐旅|-22 69 26|61 61 -20 15|0.2 28|4 5 0 -34 -25
2739 寒舍|觀光餐旅|33 108 23|53 53 -42 -33|0.5 17|4 13 0 na na
2743 山富|觀光餐旅|1542 1610 527|60 60 -24 68|0.4 55|2 0 0 -22 -49
2745 五福|觀光餐旅|5418 5636 3228|66 66 -7 73|0.5 71|2 2 0 na 400
2748 雲品|觀光餐旅|12 48 6|65 65 -16 -17|0.5 170|2 -2 -4 -4 1
2753 八方雲集|觀光餐旅|8 6 -5|69 77 -11 -24|0.2 43|12 5 2 -35 10
2754 亞洲藏壽司|觀光餐旅|23 48 11|63 67 -28 -33|0.6 23|77 -7 0 -25 -22
2801 彰銀|金融保險|-2 14 -6|97 97 0 5|0.4 161|14 -18 2 -42 -82
2809 京城銀|金融保險|21 375 235|99 99 5 9|0.5 30|14 21 2 -32 -4
2812 台中銀|金融保險|9 17 2|98 98 7 11|0.5 43|10 -10 -0 -12 26
2816 旺旺保|金融保險|21 38 20|100 100 56 64|6.6 15|2 2 0 62 83
2820 華票|金融保險|193 93 73|91 97 -2 -2|0.3 9|7 -8 0 3 15
2832 台產|金融保險|5 12 14|100 100 9 16|0.9 7|4 6 -0 -2 17
2834 臺企銀|金融保險|9 14 -8|94 95 -2 -5|0.8 195|18 -22 0 13 11
2838 聯邦銀|金融保險|8 32 13|90 90 -10 -7|3.1 20|6 -37 -0 9 24
2845 遠東銀|金融保險|14 16 -6|97 97 6 6|0.3 32|10 -4 3 -9 -18
2850 新產|金融保險|16 11 5|100 100 17 22|1.0 8|10 9 -0 175 -2
2851 中再保|金融保險|40 12 10|94 94 12 27|1.0 39|3 7 0 12 31
2855 統一證|金融保險|169 127 -145|95 95 12 16|0.4 20|9 -8 0 -25 7
2880 華南金|金融保險|-7 12 3|90 92 -5 -8|1.2 218|18 -29 2 -3 -43
2881 富邦金|金融保險|7 -8 57|97 97 7 11|0.8 775|19 -6 0 -5 -7
2882 國泰金|金融保險|62 26 63|99 99 5 9|0.9 642|21 7 1 -7 -3
2883 凱基金|金融保險|-19 -34 34|86 90 -9 -9|0.7 332|22 -29 1 -1 2
2884 玉山金|金融保險|-8 18 9|92 94 -3 4|0.8 328|31 -33 3 -42 -8
2885 元大金|金融保險|29 18 25|99 99 7 14|0.7 398|26 19 2 -11 -64
2886 兆豐金|金融保險|1 45 29|92 92 3 12|0.7 699|21 -13 5 4 -2
2887 台新新光金|金融保險|45 34 18|97 97 3 16|0.7 198|25 -23 3 -6 50
2889 國票金|金融保險|7 42 49|86 86 -4 -10|0.5 24|10 -6 -0 -22 -2
2890 永豐金|金融保險|14 20 13|96 96 5 6|0.7 235|25 -19 5 -23 -79
2891 中信金|金融保險|16 4 50|93 93 1 9|0.7 786|36 -3 1 11 -40
2892 第一金|金融保險|-13 -1 -8|96 96 1 5|0.9 503|24 -14 2 10 -13
2903 遠百|貿易百貨|-0 12 7|100 100 4 9|1.8 29|11 5 5 13 -3
2905 三商|貿易百貨|51 114 87|78 82 -11 -19|1.8 6|5 -14 0 17 67
2906 高林|貿易百貨|-7 -21 -10|92 96 4 1|1.0 16|3 6 0 -6 14
2908 特力|貿易百貨|1 -7 7|98 98 1 3|0.9 5|2 -11 0 7 17
2912 統一超|貿易百貨|9 10 -1|96 96 -2 4|0.6 230|28 -28 1 7 -30
2913 農林|貿易百貨|-5 12 8|75 75 -2 3|0.2 226|12 -4 0 -4 -17
2915 潤泰全|貿易百貨|-6 -14 -11|90 96 5 -5|0.8 126|8 9 3 -12 -35
3003 健和興|電子零組|-25 -18 -6|82 82 -10 -2|0.4 47|3 4 0 -6 4
3004 豐達科|鋼鐵工業|47 35 -24|87 87 8 15|1.1 174|3 1 1 8 -15
3005 神基|電腦及週|-1 -3 -19|97 97 -2 31|0.5 185|35 14 1 -18 6
3006 晶豪科|半導體業|-18 -31 15|81 81 -11 -3|0.8 98|11 12 -2 -8 -12
3008 大立光|光電業|-11 -16 -15|87 87 -7 -13|0.8 1014|36 -9 -2 0 -15
3010 華立|電子通路|-10 -10 2|100 100 13 10|1.7 40|11 15 0 24 -33
3011 今皓|電子零組|-37 -23 6|90 90 36 85|2.6 47|7 8 0 na na
3013 晟銘電|電腦及週|-4 4 -17|74 74 43 84|0.4 514|2 -3 0 14 71
3014 聯陽|半導體業|51 40 50|87 87 29 60|0.7 408|29 -0 6 -5 104
3015 全漢|電子零組|-9 -5 3|95 95 6 23|0.6 17|14 21 0 13 19
3016 嘉晶|半導體業|-30 -30 -16|68 85 -1 -14|0.3 28|1 3 -0 -12 -2
3017 奇鋐|電腦及週|6 8 -3|86 86 64 180|0.6 4675|38 -4 1 -15 -23
3019 亞光|光電業|-6 -9 2|91 93 0 -7|0.5 35|12 6 0 -13 -11
3021 鴻名|電子零組|-36 -29 -20|91 91 17 15|1.4 46|5 3 0 8 31
3022 威強電|電腦及週|-26 -2 -37|82 82 -7 0|0.5 81|22 -8 -0 -5 26
3023 信邦|電子零組|2 11 -9|85 85 -11 6|0.4 121|62 -17 -3 1 -13
3024 憶聲|光電業|-24 13 13|92 92 14 22|0.3 25|7 -4 0 -8 17
3025 星通|通信網路|-18 32 32|76 76 -5 78|0.1 95|3 4 0 -8 -68
3026 禾伸堂|電子零組|-5 -10 1|100 100 3 11|1.7 12|12 2 0 19 9
3027 盛達|通信網路|70 146 82|75 75 -9 -7|0.2 65|4 -4 -1 -8 -22
3028 增你強|電子通路|-12 -21 4|95 95 -4 9|0.3 9|5 9 0 -4 -4
3029 零壹|資訊服務|11 5 -0|86 86 -6 12|0.3 100|4 -4 -0 -24 -30
3030 德律|其他電子|-42 -47 -27|98 98 1 2|0.4 11|15 1 -0 -14 -2
3032 偉訓|電子零組|35 40 27|82 82 7 78|0.2 427|8 -1 0 -16 -17
3033 威健|電子通路|14 7 7|88 88 0 12|0.3 51|10 14 0 -8 11
3034 聯詠|半導體業|41 19 43|92 92 -1 3|0.4 1169|49 -14 3 6 -4
3035 智原|半導體業|-9 -12 -20|88 88 102 80|1.0 7096|25 -2 2 -8 26
3036 文曄|電子通路|15 -1 -10|100 100 10 12|0.5 124|12 20 1 -33 -51
3037 欣興|電子零組|-27 -30 -28|90 90 8 39|0.6 3034|45 4 -2 3 17
3038 全台|光電業|-4 -2 -10|83 83 -6 45|0.2 57|9 -2 -1 -4 0
3041 揚智|半導體業|-61 -60 -19|72 84 -8 -17|1.1 13|10 -11 0 -10 24
3042 晶技|電子零組|-20 -27 -4|99 99 10 16|1.0 258|15 5 1 29 -34
3043 科風|其他電子|88 56 1|94 94 60 110|1.1 96|11 6 0 155 -4
3044 健鼎|電子零組|-10 -17 -5|93 93 56 80|1.0 2862|41 -2 7 -2 -13
3045 台灣大|通信網路|7 6 -3|93 93 -6 -1|0.8 222|15 -8 3 2 -28
3046 建碁|電腦及週|64 55 -6|74 74 -9 16|0.5 58|2 -6 -0 1 53
3047 訊舟|通信網路|-28 -29 -20|82 90 -5 -6|0.4 21|2 -9 0 -7 -10
3048 益登|電子通路|-16 -19 -11|83 85 -12 -15|0.4 7|3 1 0 1 8
3049 精金|光電業|-22 -29 8|90 90 1 -2|0.4 18|6 -9 0 7 4
3051 力特|光電業|-28 -34 -9|78 78 56 51|3.2 417|4 0 0 38 33
3052 夆典|建材營造|30 33 8|90 90 -1 10|0.9 12|3 -5 0 -50 45
3055 蔚華科|電子通路|-45 -35 3|81 81 13 8|0.2 47|2 -3 0 5 12
3056 富華新|建材營造|135 23 -6443|79 79 -9 27|0.5 171|2 -14 -0 -18 94
3058 立德|電子零組|-37 -30 -17|62 62 -34 29|0.4 23|3 10 0 na na
3059 華晶科|光電業|-38 -41 -50|94 99 0 2|1.6 36|12 13 -0 -15 -13
3060 銘異|電腦及週|6 -22 17|94 94 19 14|0.8 9|6 -2 0 -2 30
3062 建漢|通信網路|-41 -50 -82|73 90 -6 -11|1.0 32|14 17 0 -13 -14
3071 協禧|電腦及週|-36 -22 -22|81 81 18 55|0.4 77|1 -3 0 7 20
3078 僑威|電子零組|153 116 83|95 95 35 149|0.7 1500|7 2 0 -1 -45
3081 聯亞|通信網路|-74 -66 -76|61 79 3 -13|0.9 97|20 0 -1 1 18
3083 網龍|文化創意|-25 -30 -19|83 83 -13 -6|0.2 5|1 7 0 -5 1
3088 艾訊|電腦及週|24 21 5|91 91 25 38|0.5 108|15 1 -1 -25 -52
3090 日電貿|電子零組|0 -3 8|100 100 3 2|0.9 11|7 6 -0 11 -5
3092 鴻碩|電子零組|-30 -39 -2|81 87 3 -5|0.2 25|1 -5 0 -18 12
3094 聯傑|半導體業|-41 -28 -21|98 98 8 17|4.6 37|4 2 0 32 -4
3105 穩懋|半導體業|2 -10 29|74 77 -13 -18|1.8 575|30 -8 -1 7 6
3128 昇銳|光電業|1 -3 -8|63 70 -11 -30|0.2 6|1 4 0 -18 8
3131 弘塑|半導體業|-6 -4 5|81 81 6 98|0.6 734|13 2 -5 na -7
3138 耀登|通信網路|12 -2 -20|84 85 -2 -16|1.2 26|2 3 0 -6 1
3141 晶宏|半導體業|-30 -36 -0|68 80 -6 -20|0.3 63|6 -1 0 -5 -4
3147 大綜|資訊服務|12 6 21|92 92 7 6|0.2 13|2 -14 0 17 -22
3152 璟德|通信網路|20 7 28|84 84 -3 -7|0.6 12|16 10 -6 -4 -22
3162 精確|電機機械|33 48 -77|78 78 -11 -11|0.4 37|45 5 0 6 -2
3163 波若威|通信網路|-16 -26 -23|95 95 62 81|0.8 2036|6 -1 0 -15 39
3169 亞信|半導體業|-40 -33 1|80 80 -9 -7|0.8 26|1 4 0 -11 -2
3178 公準|半導體業|1 11 -2|88 88 -7 30|0.6 16|1 1 0 6 -22
3189 景碩|半導體業|-49 -46 -24|82 89 -3 -3|0.5 208|11 -1 10 -4 3
3202 樺晟|電子零組|47 19 18|77 77 -18 7|0.3 10|3 7 0 -0 -1
3205 佰研|生技醫療|-29 -20 -5|59 80 -7 7|0.1 14|10 -1 0 -9 5
3206 志豐|電子零組|-6 -15 -3|95 95 27 53|0.7 77|5 2 0 71 -35
3207 耀勝|電子零組|-25 -8 -30|80 80 1 -2|0.1 115|1 -1 0 0 -1
3209 全科|電子通路|5 -17 -29|82 88 -10 -18|0.4 23|2 -18 0 9 39
3211 順達|電腦及週|-8 1 2|98 98 1 7|0.6 13|12 5 0 -18 1
3213 茂訊|電腦及週|23 13 -3|91 91 30 45|0.5 56|8 -2 0 47 162
3217 優群|電子零組|36 18 27|96 96 29 44|1.3 205|11 11 -4 19 -16
3218 大學光|生技醫療|15 25 -2|86 86 -7 14|1.1 106|31 -12 -4 22 -31
3221 台嘉碩|通信網路|-46 -59 -25|79 91 -2 -3|0.3 6|3 2 0 -3 13
3227 原相|半導體業|14 -3 22|97 97 18 19|2.0 122|16 3 1 -2 3
3228 金麗科|半導體業|-17 -32 -8|29 55 -31 -44|0.8 91|10 7 0 -14 -11
3231 緯創|電腦及週|-15 -17 -12|69 69 58 231|1.0 21075|33 -3 -0 -33 27
3234 光環|通信網路|-34 -40 1|74 74 21 14|0.9 20|1 -2 1 -25 -47
3257 虹冠電|半導體業|196 146 140|94 94 18 70|2.1 177|10 0 0 78 77
3260 威剛|半導體業|-15 -17 3|97 97 10 32|1.5 261|15 6 -2 19 7
3264 欣銓|半導體業|-11 -7 -16|98 98 13 12|0.7 252|26 -1 10 -10 12
3265 台星科|半導體業|-11 -17 -11|90 90 27 47|0.4 143|5 3 -0 -11 -10
3287 廣寰科|電腦及週|46 74 67|77 77 25 67|0.1 10|4 14 0 -16 7
3289 宜特|其他電子|-4 4 -7|82 82 17 19|0.4 196|12 -5 -0 5 41
3290 東浦|電子零組|-8 3 -10|85 85 -7 -2|0.4 16|2 -4 0 -4 40
3293 鈊象|文化創意|18 21 7|86 86 -5 7|0.4 266|36 -20 -1 0 29
3296 勝德|電子零組|-49 -55 -21|85 90 -3 -9|1.0 8|3 4 0 -1 1
3305 昇貿|其他電子|-22 -26 6|90 90 35 37|0.6 106|3 -1 -0 -8 -10
3306 鼎天|通信網路|-28 -6 -3|90 90 73 157|0.2 188|4 1 0 97 1
3308 聯德|電子零組|253 236 97|100 100 90 294|3.6 443|1 1 0 118 2
3311 閎暉|通信網路|7 -1 -2|100 100 25 22|6.5 12|1 0 0 46 202
3312 弘憶股|電子通路|-19 -18 0|86 86 -11 7|0.6 12|3 -18 0 6 0
3317 尼克森|半導體業|12 -8 11|88 94 5 -4|0.6 12|2 11 0 -5 -47
3322 建舜電|電子零組|-7 3 22|89 89 5 2|0.4 12|3 1 0 -9 -42
3323 加百裕|電腦及週|-44 -13 7|87 88 -10 -11|0.6 8|3 -3 0 -4 28
3324 雙鴻|其他電子|-9 -20 -4|85 85 5 76|0.4 1787|15 -0 3 -5 -16
3325 旭品|電腦及週|156 97 70|97 97 31 134|1.2 424|5 0 0 -44 23
3338 泰碩|電子零組|-24 -29 -5|76 76 21 57|0.4 192|10 -2 0 6 20
3346 麗清|汽車工業|48 97 51|87 87 5 14|0.3 44|10 -1 0 -0 -25
3356 奇偶|光電業|-8 -5 -9|75 75 11 -1|0.1 46|5 -9 0 -4 -2
3357 臺慶科|電子零組|-12 -19 2|89 89 11 3|0.8 11|12 2 0 -15 21
3362 先進光|光電業|30 10 17|98 98 50 39|0.1 931|3 -0 0 -8 46
3363 上詮|通信網路|-23 -25 9|65 65 4 104|0.4 385|12 -3 -0 2 79
3374 精材|半導體業|-16 -26 -10|79 79 10 11|0.1 113|8 11 -3 -14 -29
3376 新日興|電子零組|-23 -22 -2|97 98 -1 1|1.3 26|19 -0 0 24 27
3380 明泰|通信網路|-41 -22 -40|83 83 5 16|0.5 121|14 5 0 -0 -13
3402 漢科|其他電子|-21 -15 -22|98 98 3 11|0.3 7|5 12 0 -9 -29
3406 玉晶光|光電業|10 1 -2|88 93 2 -2|0.5 458|19 1 -1 0 15
3413 京鼎|半導體業|-30 -13 -22|91 96 3 -0|0.7 87|22 24 0 -13 -15
3416 融程電|電腦及週|6 5 -7|91 91 21 37|0.5 30|6 -12 -0 -13 78
3419 譁裕|通信網路|-44 -39 -51|87 87 -7 -2|0.7 10|2 12 0 -1 -21
3441 聯一光電|光電業|-37 -40 -6|79 79 -9 -11|0.2 6|2 4 0 -8 9
3443 創意|半導體業|14 23 -25|74 74 -3 28|0.9 6812|30 -2 -1 27 52
3444 利機|電子通路|16 7 25|91 91 7 33|1.0 59|11 -6 0 -4 68
3447 展達|通信網路|-71 -67 -91|na 64 -4 -6|0.2 8|0 -6 0 -1 200
3450 聯鈞|半導體業|-30 -31 -11|81 81 13 2|0.2 32|8 6 0 -9 -17
3454 晶睿|光電業|21 22 -49|58 61 -4 -38|0.2 86|3 4 -0 -12 17
3455 由田|光電業|-59 -57 -41|84 84 -7 -14|1.4 19|3 -3 0 -8 4
3479 安勤|電腦及週|23 5 -35|79 79 -16 16|0.4 62|9 -4 -3 4 5
3481 群創|光電業|17 7 33|84 84 5 -3|0.6 1006|28 -0 -4 -8 -61
3483 力致|電腦及週|26 9 17|81 81 74 113|0.5 2466|13 -0 -1 -24 16
3484 崧騰|電子零組|-49 -48 -9|76 88 -6 -8|1.2 5|3 10 0 -2 -18
3491 昇達科|通信網路|-21 -34 -26|85 85 -9 4|1.5 76|9 2 1 -3 15
3498 陽程|其他電子|44 158 61|76 76 5 1|0.2 6|4 -0 0 -1 12
3501 維熹|電子零組|-20 -20 -16|95 95 -4 5|0.3 6|6 5 0 -15 68
3504 揚明光|光電業|-54 -50 -25|56 71 -22 -29|0.6 24|2 14 0 -5 -9
3511 矽瑪|電子零組|-62 -57 -42|82 91 -2 -7|0.5 5|1 3 0 -1 12
3515 華擎|電腦及週|32 24 23|79 79 41 56|0.2 478|15 4 -2 -17 -2
3518 柏騰|其他電子|7 -0 38|79 79 8 51|0.3 22|6 -1 -2 0 3
3526 凡甲|電子零組|-3 3 13|90 90 19 26|0.4 82|10 11 1 18 -41
3528 安馳|電子通路|-10 -4 -12|82 82 -2 0|3.1 5|2 -3 0 94 38
3529 力旺|半導體業|-13 -2 -15|80 80 -1 -3|1.1 867|59 -3 1 12 -25
3532 台勝科|半導體業|-15 -10 -22|83 86 -8 -8|0.4 110|48 -14 -9 0 35
3533 嘉澤|電子零組|-8 -12 -17|93 93 4 10|1.3 1188|36 2 6 1 -12
3540 曜越|電腦及週|40 41 7|68 68 -23 17|0.2 28|9 -0 0 -13 26
3545 敦泰|半導體業|65 16 36|79 79 -12 -5|0.8 95|16 1 1 -6 -2
3546 宇峻|文化創意|-24 -28 -14|91 91 -8 15|0.2 7|10 1 0 -1 55
3548 兆利|電子零組|62 42 43|100 100 49 57|4.1 239|15 5 0 83 111
3551 世禾|綠能環保|-13 -7 -9|100 100 21 25|1.2 13|6 -2 0 40 27
3552 同致|其他電子|-2 5 -3|69 81 -12 -17|0.5 26|13 19 0 -9 -16
3557 嘉威|居家生活|-8 -11 4|80 80 -19 -10|0.2 6|20 2 0 26 -4
3558 神準|通信網路|-4 1 -64|77 77 8 -23|0.4 590|1 -0 -3 -5 -22
3563 牧德|光電業|2 6 20|81 81 -4 14|0.4 36|10 -1 1 -17 -27
3564 其陽|通信網路|-45 -36 -34|60 60 -6 12|0.2 15|2 -6 0 na na
3567 逸昌|半導體業|34 17 36|92 92 38 53|1.7 115|2 0 0 362 267
3576 聯合再生|光電業|-30 -38 -50|69 73 -19 -23|0.5 59|14 16 0 -13 -20
3580 友威科|其他電子|-39 -28 -44|74 87 1 -7|0.4 15|3 -0 2 0 -1
3581 博磊|半導體業|7 3 -3|85 85 31 30|0.4 48|9 0 0 -22 105
3583 辛耘|半導體業|13 16 -1|82 82 77 171|0.5 2126|6 -0 -0 -10 11
3587 閎康|其他電子|26 32 4|94 94 34 68|0.8 665|15 -1 6 -26 125
3588 通嘉|半導體業|-7 -30 18|100 100 29 8|3.3 20|3 6 0 25 6
3591 艾笛森|光電業|18 4 6|89 89 -3 3|0.2 24|8 -11 0 4 6
3592 瑞鼎|半導體業|21 -8 27|82 82 1 -11|0.6 105|14 3 9 -4 -11
3594 磐儀|電腦及週|0 2 -16|78 78 -18 3|0.3 19|2 -3 0 1 3
3596 智易|通信網路|7 3 -18|98 98 34 37|0.6 531|23 -1 7 -11 0
3607 谷崧|電子零組|-4 -6 9|89 89 7 29|0.3 5|6 -13 0 -9 30
3611 鼎翰|電腦及週|-1 6 -5|92 92 24 27|0.4 21|14 -0 -2 -14 0
3617 碩天|其他電子|8 9 -10|96 96 32 101|1.6 641|8 -5 2 33 19
3622 洋華|光電業|53 4 12|100 100 29 53|3.1 59|4 3 0 123 18
3624 光頡|電子零組|-10 -20 0|73 73 -21 -8|0.7 29|42 1 -2 -1 -2
3630 新鉅科|光電業|48 25 49|83 83 -10 4|0.2 8|36 8 0 -0 6
3645 達邁|電子零組|90 16 48|81 81 10 18|0.3 17|12 2 0 -9 -5
3652 精聯|電腦及週|-22 4 4|68 68 -4 -9|0.1 5|3 -6 0 -1 11
3653 健策|電子零組|17 4 -20|95 95 9 62|1.2 724|22 -6 13 -25 -4
3661 世芯-KY|半導體業|137 152 38|96 96 51 144|0.7 5727|61 5 -1 -8 -11
3663 鑫科|其他電子|1 -17 6|79 79 2 10|0.4 10|0 1 0 -27 -27
3665 貿聯-KY|其他電子|-10 -10 -42|78 81 -2 -6|1.1 339|48 13 -4 11 -19
3666 光耀|光電業|41 -9 37|82 82 2 15|0.4 6|1 3 0 -4 12
3669 圓展|通信網路|-29 -28 -9|81 86 -2 -14|0.9 5|1 1 -9 -0 35
3673 TPK-KY|光電業|-37 -33 -15|78 78 -19 -1|0.3 46|36 -20 0 -0 20
3675 德微|半導體業|-24 -25 -12|84 84 -8 -1|0.7 173|52 1 11 1 2
3679 新至陞|電子零組|-25 -20 -15|98 98 7 7|0.3 5|9 7 0 -67 3
3680 家登|半導體業|16 4 -20|79 79 -2 11|0.6 502|17 -2 -4 36 33
3687 歐買尬|數位雲端|3 -6 -5|72 72 -4 0|0.1 13|5 9 0 -9 -5
3689 湧德|電子零組|29 5 10|83 83 42 69|0.5 337|12 -1 0 -25 3
3691 碩禾|光電業|-57 -66 -19|52 69 -21 -25|0.6 10|5 7 0 -9 4
3693 營邦|電腦及週|92 57 -27|92 92 138 314|0.6 4237|2 -1 -0 10 -5
3694 海華|通信網路|-14 -0 5|86 86 16 62|0.4 46|7 1 1 -9 63
3701 大眾控|電腦及週|31 17 5|77 77 -18 22|0.3 50|4 -4 0 -1 75
3702 大聯大|電子通路|-2 -13 3|98 98 9 15|0.7 244|27 13 16 -8 -6
3703 欣陸|建材營造|5 -2 8|88 90 -6 -8|0.5 32|24 -7 4 -9 8
3704 合勤控|通信網路|-26 -11 -37|73 73 13 16|0.2 204|19 -5 -3 -4 -4
3705 永信|生技醫療|6 -6 7|92 97 -1 6|0.4 5|10 21 -0 1 -12
3706 神達|電腦及週|-21 -22 -29|76 76 24 43|0.4 1124|12 -1 0 -12 46
3707 漢磊|半導體業|-21 -16 -12|68 86 -7 -14|0.3 104|9 11 0 -6 -7
3708 上緯投控|綠能環保|-11 -27 -6|87 91 1 -8|0.8 42|8 19 -3 -8 -32
3711 日月光投控|半導體業|-17 -17 -14|99 99 5 17|1.1 1236|76 6 2 1 -21
3712 永崴投控|電腦及週|94 34 26|84 84 -9 -1|0.4 12|2 8 0 -3 2
3714 富采|光電業|-14 -16 18|84 84 -11 -9|0.5 64|14 -14 -0 -10 16
3715 定穎投控|電子零組|na na na|na 98 101 214|2.7 1376|26 0 2 -1 14
4102 永日|生技醫療|-13 -17 -39|81 97 5 19|1.3 15|4 5 0 -19 -8
4104 佳醫|生技醫療|10 18 2|95 95 6 22|0.3 20|6 2 -6 -32 -28
4105 東洋|生技醫療|10 15 1|94 97 2 1|0.5 23|20 -2 2 -9 -9
4106 雃博|生技醫療|-21 -5 -15|76 76 -6 -6|0.2 5|5 -14 0 -15 50
4107 邦特|生技醫療|-9 -7 -11|91 95 -0 -5|0.6 7|20 -19 0 -6 20
4113 聯上|建材營造|30410 18230 9955|96 96 46 57|1.7 22|2 2 0 38 112
4114 健喬|生技醫療|19 24 -8|77 83 -10 -15|0.3 43|5 -1 -1 -17 1
4116 明基醫|生技醫療|4 -5 -46|76 87 -3 -8|0.2 5|1 -8 0 -1 12
4119 旭富|生技醫療|31 35 -52|85 85 -3 -2|0.5 15|8 -21 0 -13 58
4121 優盛|生技醫療|-10 -19 -16|70 70 -11 4|0.1 9|2 6 0 -22 -11
4123 晟德|生技醫療|121 77 -30|79 79 -1 7|0.2 111|7 -2 0 -22 15
4126 太醫|生技醫療|2 18 -9|89 89 -6 7|0.4 21|19 -20 0 10 46
4128 中天|生技醫療|-2 -13 -4|70 82 -7 -15|0.8 54|5 5 0 -12 -3
4129 聯合|生技醫療|50 32 4|85 85 -4 39|0.3 58|19 -10 0 5 32
4130 健亞|生技醫療|15 26 9|71 88 -8 -5|0.9 8|2 -1 0 -7 1
4137 麗豐-KY|生技醫療|-13 8 -6|81 81 -11 -14|0.3 14|60 3 -1 -12 7
4138 曜亞|生技醫療|25 41 7|73 73 7 52|0.4 24|4 -4 -2 -8 16
4142 國光生|生技醫療|-60 -81 -221|74 74 -13 -19|1.0 23|7 -3 0 -3 11
4147 中裕|生技醫療|64 26 -96|89 89 1 50|1.6 337|8 1 1 14 -26
4155 訊映|生技醫療|10 -11 -2|75 75 -8 -0|0.3 19|2 2 0 -36 -13
4157 太景*-KY|生技醫療|274 3731 1906|79 85 3 -1|0.4 14|4 13 0 -4 -7
4160 訊聯基因|生技醫療|26 25 17|82 82 11 56|0.5 10|2 3 0 na na
4162 智擎|生技醫療|243 85 63|63 81 -3 -19|1.0 59|6 14 -0 -7 -17
4163 鐿鈦|生技醫療|-22 -7 -29|84 84 -14 -10|0.3 13|5 -5 0 -18 1
4164 承業醫|生技醫療|5 37 6|78 78 -10 -22|0.3 40|27 -1 -2 10 -19
4167 松瑞藥|生技醫療|-14 -25 -2|66 90 7 -12|1.1 30|12 12 0 -2 -2
4168 醣聯|生技醫療|-100 -44 na|65 86 -6 -13|0.3 8|5 8 0 -5 -8
4171 瑞基|農業科技|-54 -62 2|60 77 -10 -23|0.8 6|17 -4 0 1 8
4173 久裕|生技醫療|6 17 6|91 91 -4 17|0.3 8|3 -4 0 -13 21
4174 浩鼎|生技醫療|498 673 na|88 88 -5 3|0.7 28|12 9 0 -17 -16
4175 杏一|生技醫療|12 -0 -4|63 63 -11 21|0.2 13|1 1 -5 -18 -6
4190 佐登-KY|生技醫療|12 20 3|68 68 -16 -12|0.3 10|63 21 0 -22 -6
4207 環泰|食品工業|1 11 1|97 97 27 40|0.9 19|3 3 0 -5 5
4306 炎洲|塑膠工業|-23 -24 -1|95 95 1 9|0.7 10|5 3 0 26 7
4438 廣越|紡織纖維|-15 -6 -26|81 93 -1 -1|1.2 8|2 -14 0 -3 12
4439 冠星-KY|紡織纖維|-32 -30 2|75 75 13 23|0.4 13|65 2 0 -9 47
4503 金雨|電機機械|75 47 -5|67 67 -15 15|0.2 23|2 -0 0 -12 25
4506 崇友|電機機械|25 36 23|97 97 7 9|0.5 9|3 -1 -25 20 17
4510 高鋒|電機機械|10 17 20|75 75 17 45|0.2 10|4 2 0 -2 -11
4523 永彰|電機機械|22 16 19|67 67 -2 8|0.2 8|2 3 0 -48 2
4526 東台|電機機械|-21 -14 -10|76 76 6 3|0.2 10|8 -0 0 -9 10
4532 瑞智|電機機械|2 -8 16|78 78 14 18|0.2 64|14 17 0 -26 -46
4533 協易機|電機機械|-42 10 -20|66 66 74 112|0.1 117|2 -1 0 -5 179
4536 拓凱|運動休閒|-31 -16 -30|73 75 -7 -27|0.4 37|14 10 -0 -13 -10
4541 晟田|其他|-8 -6 -15|79 79 -14 13|1.3 22|2 2 -1 -15 -9
4542 科嶠|電子零組|78 27 -6|100 100 121 124|3.9 37|4 -0 0 102 61
4543 萬在|電機機械|-39 -17 -13|66 66 -10 72|0.4 68|8 -4 0 13 252
4551 智伸科|汽車工業|-27 -19 -10|79 87 5 -9|0.2 17|50 -9 -3 -4 18
4552 力達-KY|電機機械|2 2 4|98 98 1 18|2.1 11|47 13 0 70 1
4560 強信-KY|電機機械|-37 -36 -5|92 95 -4 -3|1.6 6|84 1 0 -24 7
4563 百德|電機機械|-29 -5 -4|92 92 53 40|0.6 31|3 5 0 39 19
4564 元翎|電機機械|-22 -12 18|80 80 -12 2|0.8 18|2 -0 0 -6 -19
4566 時碩工業|電機機械|-23 -12 -14|73 73 -4 -3|0.1 24|1 0 0 -5 -1
4572 駐龍|電機機械|10 21 -27|97 97 27 34|1.0 170|9 0 5 16 -31
4580 捷流閥業|電機機械|-6 1 2|95 95 1 12|0.5 9|2 -9 0 -44 61
4581 光隆精密-KY|汽車工業|23 12 -3|89 89 15 83|0.8 22|30 4 0 11 108
4583 台灣精銳|電機機械|-24 -20 -8|80 80 13 1|0.2 14|0 -0 0 -6 18
4707 磐亞|化學工業|150 33 32|100 100 5 10|2.0 8|1 9 0 3 -25
4721 美琪瑪|化學工業|-69 -62 -24|62 75 -15 -26|0.4 17|2 12 0 -18 -10
4726 永昕|生技醫療|61 53 34|76 80 -3 -2|0.2 20|21 -2 0 -16 2
4728 雙美|生技醫療|42 37 -37|70 70 -8 64|0.2 12|15 9 0 4 3
4736 泰博|生技醫療|-72 -67 -47|77 90 -5 -14|1.7 62|9 10 0 -16 -13
4739 康普|化學工業|-54 -53 -25|58 75 -15 -26|0.5 21|2 7 -3 -8 -8
4743 合一|生技醫療|23 -22 -7|74 79 -6 -17|1.1 347|6 7 0 -7 -13
4744 皇將|生技醫療|95 30 11|71 71 -22 -1|0.2 12|7 11 0 -19 3
4746 台耀|生技醫療|1 27 5|80 80 4 17|0.3 290|7 -7 -2 -6 -4
4747 強生製藥|生技醫療|6 30 1|82 82 36 82|0.2 37|2 -4 0 33 61
4755 三福化|化學工業|-10 -12 6|84 84 5 6|0.1 25|29 -8 -3 -14 6
4763 材料*-KY|化學工業|147 135 36|100 100 84 197|1.4 4236|62 -1 1 -1 40
4766 南寶|化學工業|-7 -6 -13|100 100 20 57|1.3 85|18 24 2 8 28
4768 晶呈科技|化學工業|-38 -23 -60|68 68 -2 -3|0.3 63|4 -14 -3 -9 53
4770 上品|化學工業|-28 -10 -37|76 88 -2 -12|0.3 56|7 -23 -1 -2 37
4904 遠傳|通信網路|6 5 1|90 90 -6 4|0.3 247|18 4 -1 -30 -28
4906 正文|通信網路|-8 -7 -41|99 99 22 36|2.1 557|18 2 0 23 0
4908 前鼎|通信網路|9 -6 5|95 95 45 79|0.9 71|3 -0 0 12 -11
4909 新復興|通信網路|97 37 22|100 100 25 38|5.3 41|3 -0 0 38 110
4912 聯德控股-KY|電子零組|-27 -43 -13|84 97 25 10|0.8 13|29 7 0 -1 7
4915 致伸|電子零組|-32 -25 -14|99 99 8 12|0.8 147|48 2 19 -7 4
4916 事欣科|電腦及週|52 45 -15|86 86 14 29|0.7 78|3 2 0 2 10
4919 新唐|半導體業|-12 -14 -2|81 81 2 -13|0.4 364|6 -1 3 -4 17
4927 泰鼎-KY|電子零組|37 -2 9|85 85 -8 -3|0.6 35|16 -12 0 5 1
4931 新盛力|電腦及週|-56 -37 -72|64 69 -31 -26|0.3 21|3 10 -0 -12 -9
4933 友輝|光電業|20 16 40|100 100 55 50|6.0 23|3 3 0 203 84
4934 太極|光電業|40 30 -51|94 94 18 32|0.7 114|3 3 0 na 174
4935 茂林-KY|光電業|-54 -26 -6|88 94 -2 -6|0.8 9|27 13 0 22 31
4938 和碩|電腦及週|-13 -15 -11|92 92 6 18|0.4 743|35 21 2 -6 -50
4942 嘉彰|光電業|-13 -19 8|100 100 13 18|1.3 12|13 9 0 104 -31
4944 兆遠|光電業|-87 -90 -22|73 96 65 31|4.2 6|0 -0 0 na na
4945 陞達科技|半導體業|2 -20 24|93 93 21 38|1.1 5|4 -1 0 29 5
4952 凌通|半導體業|-17 -30 12|91 93 -2 -5|0.4 5|6 20 0 -4 -10
4953 緯致|資訊服務|5 7 -9|68 68 -3 3|0.3 203|14 -10 -1 -28 8
4958 臻鼎-KY|電子零組|-22 -29 -21|80 87 -11 -12|0.8 203|63 -25 7 11 34
4960 誠美材|光電業|1 -3 24|92 92 7 -4|0.7 43|8 11 0 42 38
4961 天鈺|半導體業|-8 -12 16|82 82 -6 -15|1.0 216|18 5 5 -7 -100
4966 譜瑞-KY|半導體業|-39 -46 -4|73 73 -17 -6|1.3 605|54 -9 1 22 47
4967 十銓|半導體業|84 137 67|85 85 15 9|1.1 149|7 2 0 2 -2
4968 立積|半導體業|-10 -13 -1|81 81 -5 15|0.3 186|14 6 -0 -9 -10
4973 廣穎電通|半導體業|10 16 5|88 88 2 31|0.7 13|5 -10 0 8 28
4974 亞泰|電子零組|13 -2 -7|99 99 6 6|0.5 12|9 18 0 -4 -7
4976 佳凌|光電業|-35 -31 -13|80 80 -7 -18|0.4 15|1 7 0 -5 3
4977 眾達-KY|通信網路|-65 -50 -79|58 58 -32 -41|0.4 87|22 -5 -2 -7 45
4979 華星光|通信網路|174 138 14|80 80 145 213|0.6 447|7 -0 -1 -13 56
4989 榮科|電子零組|-12 -10 6|77 77 -3 -5|0.3 8|1 5 0 -16 -14
5009 榮剛|鋼鐵工業|1 10 -13|76 76 -19 -1|1.2 530|18 1 -10 1 -10
5011 久陽|鋼鐵工業|-36 -24 -23|78 78 -16 -14|0.6 5|2 20 0 -6 -10
5203 訊連|資訊服務|7 4 -6|84 84 0 5|0.3 31|11 -3 0 -13 -23
5209 新鼎|其他|59 98 7|80 80 -11 78|0.2 13|2 -12 0 na 12
5210 寶碩|資訊服務|-38 -20 -7|92 98 20 -0|1.0 5|1 1 0 na na
5215 科嘉-KY|電腦及週|-5 3 30|95 100 16 6|2.8 5|25 2 0 16 15
5222 全訊|半導體業|51 28 -3|91 91 -0 35|1.8 208|9 6 5 -17 -34
5225 東科-KY|其他電子|-40 -28 -27|98 98 16 33|5.3 29|61 8 0 1 -0
5227 立凱-KY|電子零組|86 127 -24|65 65 -27 -27|0.8 13|2 7 0 na na
5234 達興材料|光電業|57 32 42|75 75 17 37|0.3 87|12 10 -15 33 -33
5236 凌陽創新|半導體業|165 54 70|96 96 38 59|0.6 71|5 7 0 -5 14
5243 乙盛-KY|光電業|-33 -18 -26|75 75 -23 4|0.4 73|55 0 -4 -14 -41
5258 虹堡|電腦及週|7 16 -22|74 74 19 6|0.2 401|5 -9 -0 25 3
5263 智崴|文化創意|-1 -12 -19|79 84 -5 -17|0.5 13|14 1 -1 -6 11
5269 祥碩|半導體業|24 7 10|75 75 -14 5|1.3 443|16 -3 1 -3 16
5274 信驊|半導體業|-46 -51 -38|82 82 -9 1|1.2 1228|52 -3 6 -22 -27
5283 禾聯碩|電器電纜|-4 4 14|95 95 6 4|0.6 9|1 14 0 -11 -42
5284 jpp-KY|其他|37 41 -7|87 87 -9 39|1.4 305|55 -0 0 2 22
5285 界霖|半導體業|-18 -24 -8|94 96 19 -6|0.7 47|3 7 0 -17 -7
5287 數字|數位雲端|13 12 0|100 100 5 17|1.8 13|25 6 2 -6 -7
5289 宜鼎|電腦及週|-28 -30 -13|80 80 -13 29|1.3 280|28 -5 -5 12 -21
5299 杰力|半導體業|-32 -39 5|89 89 -5 -3|0.6 11|1 -0 0 -18 2
5306 桂盟|運動休閒|-37 -38 -11|91 91 -1 -3|0.3 13|19 -1 0 7 34
5309 系統電|電子零組|-19 -17 -29|74 74 -19 -19|0.4 27|2 4 -2 -18 -5
5312 寶島科|生技醫療|19 34 13|90 90 -4 33|0.3 9|10 2 0 -26 52
5321 美而快|數位雲端|-2 4 -11|81 81 -4 3|0.9 16|1 8 0 -18 -33
5328 華容|電子零組|-3 19 9|92 92 -8 32|1.0 8|1 -0 0 564 na
5340 建榮|電子零組|-10 -23 -8|97 97 39 49|1.6 265|50 -0 3 na 6
5347 世界|半導體業|-23 -36 -10|73 74 -21 -22|1.1 426|25 -19 -1 21 -3
5351 鈺創|半導體業|-39 -44 13|84 84 -6 -14|1.0 56|7 4 0 -4 -2
5353 台林|通信網路|-12 -3 -24|72 72 -19 11|0.4 16|1 -3 0 3 25
5371 中光電|光電業|-18 -26 -6|100 100 10 28|1.6 319|17 -4 7 3 1
5381 光譜|電機機械|342 537 338|100 100 63 240|5.5 28|1 2 0 na na
5386 青雲|電腦及週|-8 -17 20|77 77 10 53|0.4 24|1 -1 0 -23 14
5388 中磊|通信網路|-26 -9 -35|96 96 22 35|0.5 496|38 9 0 -9 -4
5392 能率|光電業|-4 -8 9|98 98 18 12|0.6 17|4 11 0 3 -68
5403 中菲|資訊服務|21 8 -7|95 95 3 39|0.4 23|12 3 0 21 17
5410 國眾|資訊服務|-25 6 -89|93 93 0 -7|0.5 9|3 3 0 17 10
5425 台半|半導體業|-13 -6 -9|76 76 -9 -20|0.4 256|13 11 -10 -2 -17
5426 振發|電腦及週|-33 -37 -34|77 77 12 -0|0.2 9|1 -1 0 -26 27
5432 新門|綠能環保|-1 23 -12|95 95 45 71|1.1 27|0 -0 0 -6 20
5434 崇越|電子通路|-11 -11 -15|91 91 -7 -5|0.7 88|28 -35 1 14 62
5439 高技|電子零組|53 58 33|78 78 11 40|0.3 294|15 6 -6 -38 -21
5443 均豪|半導體業|-27 -37 -27|91 91 11 12|0.6 32|2 -6 0 2 22
5452 佶優|其他電子|-5 -7 16|93 93 17 12|0.7 89|8 1 0 -12 15
5457 宣德|電子零組|-13 -8 5|88 91 8 1|1.2 38|37 3 -0 -1 12
5464 霖宏|電子零組|-48 -47 -28|84 88 -6 -12|0.5 7|0 5 0 -2 -30
5465 富驊|電腦及週|34 30 20|65 65 -7 74|0.2 43|2 1 0 -12 24
5469 瀚宇博|電子零組|-5 -10 6|99 99 32 61|0.7 306|16 6 7 20 6
5471 松翰|半導體業|-15 -26 19|80 86 -6 -13|0.9 9|12 -2 0 -9 11
5474 聰泰|電腦及週|12 -23 2|63 63 12 45|0.2 97|2 -7 0 0 43
5478 智冠|文化創意|8 9 -0|89 89 -11 26|0.4 25|31 -5 0 -25 -7
5483 中美晶|半導體業|-11 -5 -15|89 89 2 1|0.4 456|21 -19 5 -3 54
5488 松普|電子零組|-50 -26 -34|94 94 6 32|2.1 6|1 4 0 na na
5498 凱崴|電子零組|-38 -35 -12|88 88 -12 5|0.6 5|2 -3 0 -2 -22
5508 永信建|建材營造|620 493 363|95 95 14 31|0.3 8|2 -7 -6 9 6
5511 德昌|建材營造|8 18 -7|84 84 18 138|0.3 27|3 -8 -2 -10 35
5522 遠雄|建材營造|-12 -56 -15|91 91 -7 -1|0.4 13|6 -23 8 -1 13
5534 長虹|建材營造|-48 -46 -42|96 96 -3 2|2.0 54|10 -14 0 21 59
5536 聖暉*|其他電子|-32 -17 -33|77 97 7 24|1.8 47|22 7 -0 2 236
5607 遠雄港|航運業|-8 -12 -8|76 76 -4 -2|0.3 37|2 -7 0 -12 24
5608 四維航|航運業|-55 -54 -18|64 70 -11 -30|0.6 46|3 -2 0 -3 20
5609 中菲行|航運業|-52 -54 -10|98 98 6 14|0.4 12|17 15 0 -21 -10
5704 老爺知|觀光餐旅|-24 6 -15|65 65 -22 -29|0.2 11|1 5 0 -25 8
5706 鳳凰|觀光餐旅|2959 2705 1415|59 59 -39 7|0.2 131|7 2 0 -13 42
5864 致和證|金融業|-442 269 217|65 65 -15 47|0.4 27|2 2 0 -40 31
5871 中租-KY|其他|14 14 -3|78 79 -10 -19|0.8 713|71 -14 0 4 -4
5876 上海商銀|金融保險|-0 26 2|89 95 -3 -6|1.0 134|56 -4 4 -0 -42
5880 合庫金|金融保險|-8 12 -3|95 95 -0 6|0.9 245|18 -19 2 -38 -34
5904 寶雅|居家生活|11 19 5|84 84 -3 -15|0.4 59|30 -11 -11 0 -11
5905 南仁湖|觀光餐旅|2 54 29|81 81 -7 -10|0.2 7|2 3 0 -9 1
6005 群益證|金融保險|26 113 77|93 93 7 24|0.3 45|18 -24 0 -53 14
6015 宏遠證|金融業|225 158 80|84 84 -5 10|0.3 14|3 -4 0 -9 -10
6016 康和證|金融業|63 434 263|88 88 10 29|0.3 30|6 -18 0 1 63
6023 元大期貨|金融業|-0 -14 -11|100 100 9 15|0.9 6|1 6 0 9 -15
6024 群益期|金融保險|-25 -40 -34|99 99 4 17|0.6 8|2 17 -0 -7 -23
6026 福邦證|金融業|5436 1861 1407|91 91 -3 12|0.3 18|3 -11 0 12 -49
6101 寬魚國際|文化創意|950422 348877 257550|76 76 12 15|0.5 19|1 1 0 na na
6104 創惟|半導體業|-0 -15 24|87 89 -4 -8|1.8 171|8 3 0 -11 11
6108 競國|電子零組|-17 -26 -7|94 94 9 13|1.6 9|4 -0 0 63 25
6111 光聚晶電|文化創意|77 67 -103|71 71 -10 39|0.3 142|14 5 0 -20 -16
6112 邁達特|資訊服務|8 12 2|78 78 -11 49|0.2 86|2 -0 -2 -20 -11
6114 久威|電子零組|32 -8 20|88 88 15 21|0.3 18|2 -1 0 -8 60
6116 彩晶|光電業|-19 -25 7|87 87 -7 -11|0.3 124|8 -22 -0 2 14
6117 迎廣|電腦及週|-13 -11 0|97 97 138 143|0.5 73|5 1 0 93 10
6118 建達|電子通路|-21 -26 -13|55 66 -27 -33|0.2 8|2 14 0 -11 -6
6120 達運|光電業|21 43 63|78 78 38 44|0.2 63|11 11 0 -32 -6
6121 新普|電腦及週|-18 -17 -8|98 98 4 10|0.6 147|41 -31 39 -14 26
6122 擎邦|電機機械|125 156 71|100 100 45 172|1.4 156|14 10 0 -14 -61
6123 上奇|資訊服務|-9 -3 -18|91 91 -7 0|0.6 5|2 -1 0 7 7
6124 業強|電子零組|-13 -10 5|66 66 -1 31|0.2 7|49 -2 0 -4 53
6125 廣運|電機機械|17 22 -5|76 76 94 188|0.6 1384|3 -2 0 5 71
6126 信音|電子零組|-8 -8 2|97 97 27 50|1.8 42|8 1 0 -1 53
6127 九豪|電子零組|39 18 35|91 91 -3 28|1.5 9|2 8 0 -2 -6
6128 上福|電腦及週|-6 -11 -7|96 96 6 5|0.5 7|5 7 0 15 24
6129 普誠|半導體業|-19 -22 -25|72 79 -11 -15|0.4 18|1 1 0 -4 10
6133 金橋|電子零組|-31 -37 -34|53 62 -20 -35|0.4 6|2 8 0 -16 -13
6138 茂達|半導體業|-13 -27 10|84 84 -9 -0|0.6 131|9 3 -3 -6 -21
6139 亞翔|其他電子|30 30 -8|95 95 42 99|0.9 558|30 -1 -0 55 150
6142 友勁|通信網路|-53 -6 -73|75 75 -12 -16|0.2 8|3 -4 0 na na
6143 振曜|通信網路|34 32 -3|68 68 -23 -18|0.5 64|7 2 -2 -5 -11
6146 耕興|其他電子|-7 -9 -12|99 99 17 7|1.2 94|42 -3 5 44 11
6147 頎邦|半導體業|-5 -11 11|99 99 10 7|1.1 191|23 -9 17 23 47
6148 驊宏資|資訊服務|4 407 289|66 66 -4 118|0.1 21|3 5 0 -2 12
6150 撼訊|電腦及週|10 29 62|67 67 -7 -4|0.3 60|5 -16 0 1 49
6153 嘉聯益|電子零組|-34 -9 -8|77 86 -3 -6|0.5 28|9 -14 0 -5 20
6156 松上|電子零組|-15 -26 -4|99 99 15 14|2.2 20|10 3 0 -25 8
6158 禾昌|電子零組|1 -7 13|93 93 34 30|0.3 18|2 2 0 -26 56
6160 欣技|電腦及週|-23 -18 -28|67 67 -30 30|0.3 13|9 17 0 -14 46
6161 捷波|電腦及週|-23 -21 10|78 78 6 39|0.2 20|4 -6 0 -14 28
6163 華電網|資訊服務|-6 -23 -33|66 66 -22 16|0.4 11|3 2 0 -13 -13
6165 浪凡|數位雲端|-11 -9 -8|100 100 16 28|1.7 15|9 18 0 10 -9
6166 凌華|電腦及週|-10 1 -13|77 77 -1 1|0.1 27|13 -1 0 -27 -18
6167 久正|光電業|-22 -15 -3|94 94 4 45|1.7 38|6 3 0 4 -38
6168 宏齊|光電業|-6 -21 5|95 95 12 22|4.6 12|6 -2 0 37 -1
6170 統振|通信網路|27 -11 16|92 92 53 51|1.4 147|2 0 0 33 89
6173 信昌電|電子零組|6 -7 22|100 100 20 25|3.4 31|5 23 0 31 -36
6175 立敦|電子零組|3 2 18|95 95 0 -1|1.0 5|17 0 0 10 -17
6176 瑞儀|光電業|-35 -12 -9|99 99 8 20|0.5 291|40 13 15 -20 -24
6177 達麗|建材營造|4664 1504 1061|100 100 5 5|0.9 20|3 -1 0 -36 -11
6179 亞通|其他|-17 -11 -20|81 81 -9 4|0.2 21|3 -1 0 -3 46
6180 橘子|文化創意|-18 -19 -9|79 83 -14 -15|0.2 26|28 1 0 -11 14
6182 合晶|半導體業|-23 -22 -19|85 92 0 -1|0.4 104|9 -7 12 -5 18
6185 幃翔|電子零組|-30 -2 -22|67 67 -33 32|0.3 11|4 -9 0 3 67
6186 新潤|建材營造|na na na|100 100 20 34|1.0 14|2 0 0 -5 4
6187 萬潤|半導體業|-49 -58 -9|75 75 34 52|0.2 292|5 1 -3 -1 -13
6188 廣明|電腦及週|-16 -19 -16|78 78 33 77|0.4 1641|9 0 0 -24 7
6189 豐藝|電子通路|31 3 19|98 98 10 16|0.4 20|7 8 2 146 -15
6190 萬泰科|通信網路|-38 -38 -18|84 84 -4 10|0.2 33|1 -0 0 -4 9
6191 精成科|電子零組|2 -2 7|95 95 44 84|0.7 324|15 3 7 23 54
6192 巨路|其他電子|4 1 -1|100 100 15 20|1.0 19|20 20 0 292 -11
6194 育富|電子零組|83 36 31|91 91 12 44|1.0 37|4 2 0 -1 -3
6196 帆宣|其他電子|-13 5 -28|90 90 8 7|0.3 78|6 -8 -0 -3 -7
6197 佳必琪|電子零組|5 0 -10|81 81 8 42|0.4 80|12 -5 0 -15 39
6198 瑞築|建材營造|-91 na na|72 72 -12 68|0.4 6|1 0 0 na na
6202 盛群|半導體業|-56 -54 -3|88 88 -2 -12|0.7 48|12 -8 3 1 9
6203 海韻電|電子零組|161 82 71|88 88 15 83|0.5 275|4 -1 -2 -16 21
6204 艾華|電子零組|16 5 30|99 99 32 33|0.8 24|1 1 0 -65 -5
6205 詮欣|電子零組|-29 -32 -30|68 74 -4 -28|1.1 39|2 3 -13 11 -10
6206 飛捷|電腦及週|-44 -43 -4|87 100 4 -2|0.8 13|10 2 6 -9 3
6207 雷科|電子零組|13 -29 -2|88 88 14 13|0.2 9|3 7 0 -21 15
6208 日揚|半導體業|15 7 -9|84 84 -14 -11|0.7 9|2 8 0 -6 7
6209 今國光|光電業|-24 -24 -8|91 91 0 14|1.1 14|2 15 0 -2 -6
6213 聯茂|電子零組|-6 -22 0|98 98 43 31|4.6 401|12 4 2 -2 20
6214 精誠|資訊服務|3 4 -7|93 93 14 46|0.3 107|13 13 0 -14 -25
6216 居易|通信網路|20 -9 23|99 100 12 14|1.7 21|3 4 0 33 -37
6217 中探針|電子零組|-13 -26 -11|79 89 5 1|0.5 31|1 -2 0 -15 16
6218 豪勉|通信網路|10 25 -19|72 72 -8 46|0.1 23|2 -2 0 -26 -12
6219 富旺|建材營造|2898 1290 986|97 97 32 35|0.8 17|2 5 0 15 na
6220 岳豐|電子零組|-22 -16 5|85 100 8 7|0.5 16|4 19 0 -15 -26
6221 晉泰|資訊服務|21 6 -8|96 96 22 28|1.8 6|1 0 0 -6 -7
6223 旺矽|半導體業|11 8 1|90 90 19 60|0.6 571|13 -5 -0 2 66
6227 茂綸|電子通路|-11 -9 -10|88 88 5 -9|0.4 12|1 -6 0 -19 -19
6230 尼得科超眾|電腦及週|-4 -6 -15|83 83 -8 18|0.5 10|90 -4 0 4 -7
6231 系微|資訊服務|-5 -7 1|82 82 22 26|0.8 450|15 -1 0 -18 -2
6234 高僑|光電業|29 90 43|88 88 -2 33|2.2 36|12 3 0 11 -29
6235 華孚|電腦及週|23 38 -11|86 86 14 116|1.5 2379|12 1 0 14 59
6237 驊訊|半導體業|-25 -46 1|65 73 -15 -23|0.4 5|1 7 0 -6 -0
6239 力成|半導體業|-20 -25 -5|95 95 7 17|0.4 189|42 -6 19 -26 -1
6243 迅杰|半導體業|50 34 25|84 84 -9 34|0.3 11|7 3 0 -10 -7
6244 茂迪|光電業|-12 -24 -25|71 71 -16 0|0.6 56|10 1 0 -4 3
6245 立端|通信網路|-22 -22 -39|76 76 -21 -12|0.4 132|14 4 -0 -13 -24
6248 沛波|鋼鐵工業|12 37 -7|83 83 0 21|0.4 9|4 9 0 -2 -4
6257 矽格|半導體業|-16 -24 -10|99 99 10 10|1.2 104|23 19 2 -5 -21
6261 久元|半導體業|-25 -31 -2|91 91 -7 -6|1.2 21|3 -17 0 7 23
6263 普萊德|通信網路|-2 13 -4|90 90 11 39|0.3 8|3 -11 0 -2 46
6266 泰詠|電子零組|-10 14 -23|76 76 -10 12|0.3 24|3 4 0 -4 -2
6269 台郡|電子零組|-25 -10 -14|86 93 -3 -4|0.5 85|25 -23 2 -3 59
6271 同欣電|半導體業|-18 -21 -8|73 79 -2 -21|0.5 166|18 -9 0 -15 11
6274 台燿|電子零組|-16 -18 4|89 89 63 106|0.8 2115|29 -4 1 1 46
6275 元山|電子零組|2 -3 8|86 86 25 49|0.3 90|1 -4 0 8 23
6276 安鈦克|電腦及週|55 13 21|73 73 3 142|0.1 16|5 8 0 -10 8
6277 宏正|電腦及週|-1 -5 -11|95 95 0 1|0.4 7|9 -38 -0 -5 11
6278 台表科|光電業|-33 -26 -2|92 94 -2 6|0.4 60|23 7 3 -13 -6
6279 胡連|電子零組|8 10 -19|82 85 -0 -6|0.2 81|6 -10 -1 -4 13
6282 康舒|電子零組|30 -9 -3|83 83 0 16|0.3 1124|9 2 -0 -6 -11
6284 佳邦|電子零組|3 -4 1|96 96 1 -0|3.2 51|4 5 0 -2 -21
6285 啟碁|通信網路|14 22 -19|97 97 54 52|0.8 2280|18 0 3 -27 -34
6288 聯嘉|汽車工業|29 11 1|82 82 -7 6|0.2 37|5 6 0 2 1
6290 良維|電子零組|-2 -7 3|79 81 4 -17|0.2 49|3 -1 0 -0 13
6291 沛亨|半導體業|55 50 19|70 70 -13 109|3.1 15|1 3 0 -8 212
6409 旭隼|其他電子|-27 -22 -30|72 72 -28 -12|1.0 287|67 -3 -1 65 25
6411 晶焱|半導體業|23 -2 35|87 88 2 -11|0.8 88|9 4 -1 -1 -8
6412 群電|電子零組|-14 -11 0|93 93 33 44|0.4 165|14 -1 1 25 96
6414 樺漢|電腦及週|5 14 -15|87 87 1 13|0.4 373|24 -12 3 14 9
6415 矽力*-KY|半導體業|-45 -45 -13|47 52 -20 -47|1.7 1101|90 1 -0 9 3
6416 瑞祺電通|通信網路|-27 -21 -19|75 75 -13 -16|0.5 16|2 11 0 4 -24
6417 韋僑|通信網路|27 34 6|68 68 -15 -6|0.2 32|10 0 -7 15 38
6418 詠昇|電子零組|31 10 16|92 92 35 49|2.7 65|1 -0 0 459 42
6426 統新|通信網路|-29 -49 -18|78 89 15 -2|0.3 17|7 4 0 -5 6
6432 今展科|電子零組|36 14 31|98 98 2 5|1.7 9|2 2 0 -26 2
6438 迅得|其他電子|-22 -6 -23|86 86 -5 11|1.6 55|12 -13 0 10 80
6441 廣錠|電腦及週|14 60 36|80 80 -7 -8|0.3 9|2 11 0 -2 0
6442 光聖|通信網路|-38 -20 -11|78 78 20 19|0.3 25|31 -6 0 13 9
6443 元晶|光電業|-19 13 -11|74 79 -12 -19|1.4 107|16 -1 0 1 9
6446 藥華藥|生技醫療|28 44 -216|57 70 -2 -30|0.8 895|15 16 -1 42 -43
6449 鈺邦|電子零組|75 41 42|99 99 40 51|1.3 11|1 7 0 7 10
6451 訊芯-KY|半導體業|-9 -9 -49|74 74 10 8|0.2 31|65 -16 0 3 62
6456 GIS-KY|光電業|-47 -38 -17|69 78 -18 -22|0.7 52|48 4 0 -1 -12
6462 神盾|半導體業|12 47 37|71 71 -1 6|0.3 17|12 -4 0 -16 25
6469 大樹|生技醫療|13 6 -11|94 94 19 23|0.9 194|8 -6 -0 -16 8
6470 宇智|通信網路|-11 -15 -35|76 76 -3 13|0.1 54|6 1 -1 -7 1
6472 保瑞|生技醫療|144 148 -99|93 93 24 90|1.0 2108|14 -9 -0 25 117
6477 安集|光電業|-63 -8 -33|76 78 -13 -8|0.6 18|1 -0 0 -1 9
6485 點序|半導體業|-4 -5 16|82 82 -16 17|1.0 21|8 0 -0 -20 0
6486 互動|通信網路|-13 -5 -10|94 94 -3 7|0.3 6|2 -3 0 -28 37
6488 環球晶|半導體業|-4 -1 -12|87 88 -7 -8|0.8 517|23 -16 -3 1 3
6491 晶碩|生技醫療|8 16 7|85 91 6 -6|2.5 88|10 12 0 28 9
6505 台塑化|油電燃氣|-30 -34 -32|90 90 -9 -6|0.9 109|7 -3 3 22 -10
6509 聚和|化學工業|-22 -23 -18|82 82 -13 -16|0.4 11|2 1 0 -11 -1
6510 精測|半導體業|-20 -33 -17|84 84 5 -10|0.2 38|7 -1 4 -10 -4
6515 穎崴|半導體業|-38 -9 -54|65 65 -27 -1|0.3 409|13 2 -12 20 -6
6517 保勝光學|光電業|22 -6 -18|na 49 -38 9|1.3 35|1 -4 0 na 106
6523 達爾膚|生技醫療|3 36 31|87 87 0 20|0.2 13|6 3 0 -20 7
6525 捷敏-KY|半導體業|-27 -27 -15|88 88 -10 -7|0.5 7|12 1 -0 7 5
6527 明達醫|生技醫療|6 7 -11|77 77 19 35|0.3 17|0 -4 0 na na
6530 創威|通信網路|-5 -4 4|77 77 14 22|0.3 8|1 -1 0 -3 79
6531 愛普*|半導體業|9 -14 24|83 83 -3 16|0.6 1355|16 -6 -0 6 24
6532 瑞耘|半導體業|28 19 -7|85 85 10 6|0.2 15|2 -1 0 -4 6
6533 晶心科|半導體業|41 24 -19|71 75 -14 -26|1.1 513|24 6 -0 -8 12
6535 順藥|生技醫療|290 5795 3940|92 92 -5 42|0.2 21|1 3 0 na -35
6538 倉和|電子零組|53 42 20|98 98 73 118|0.8 405|10 2 1 7 17
6541 泰福-KY|生技醫療|645 516 na|40 56 -23 -43|1.2 17|26 -4 0 na na
6546 正基|通信網路|-38 -43 0|67 87 10 15|0.2 25|5 12 0 -21 9
6547 高端疫苗|生技醫療|-100 -100 -0|53 100 26 38|4.2 127|6 4 0 -9 -14
6548 長科*|半導體業|-25 -24 -10|39 75 -21 -12|0.5 54|5 3 6 -6 -4
6550 北極星藥業-KY|生技醫療|-100 -47 19|40 86 -4 -12|0.4 140|71 9 0 4 -4
6561 是方|通信網路|8 5 -3|96 96 13 14|0.5 44|13 -4 1 -40 15
6568 宏觀|半導體業|-2 -17 -41|67 70 -21 -23|0.7 15|5 4 0 -9 -9
6569 醫揚|生技醫療|-16 -2 -3|67 67 13 55|0.3 36|3 -2 0 15 60
6570 維田|電腦及週|-20 -5 -22|82 82 -13 5|0.3 11|4 -14 0 -8 48
6576 逸達|生技醫療|-100 528 -3736|64 64 1 -32|0.4 13|26 0 0 na na
6577 勁豐|電腦及週|59 92 67|68 68 18 48|0.2 15|4 -3 0 -14 51
6579 研揚|電腦及週|2 -2 -10|65 65 19 60|0.4 148|4 3 0 -25 86
6584 南俊國際|電子零組|-30 -42 na|na na -10 na|0.2 10|7 -2 0 na 15
6585 鼎基|其他|-18 -5 -2|100 100 63 50|0.8 46|13 2 0 74 38
6589 台康生技|生技醫療|-53 -54 -33|61 75 -13 -18|0.5 71|5 3 -1 -14 -8
6591 動力-KY|電腦及週|36 6 29|88 88 4 20|0.3 13|25 6 0 -2 14
6592 和潤企業|其他|22 25 -0|86 86 6 24|0.6 111|27 1 -1 -3 24
6593 台灣銘板|資訊服務|55 36 33|95 95 31 41|0.6 14|3 2 0 na 176
6596 寬宏藝術|文化創意|21 112 -538|74 74 -4 14|0.1 7|2 -2 0 -19 15
6603 富強鑫|電機機械|13 -15 -7|80 85 -7 -15|0.5 5|1 5 0 6 -9
6605 帝寶|汽車工業|-10 5 -4|93 93 29 41|1.1 109|19 5 -0 7 44
6612 奈米醫材|生技醫療|17 19 -5|71 71 -22 -6|0.3 11|28 6 0 -8 0
6613 朋億*|其他電子|-2 17 -6|79 95 23 24|0.9 47|5 3 0 26 -7
6625 必應|其他|512 379 160|77 77 -7 122|0.6 82|4 -1 0 36 10
6643 M31|半導體業|51 25 -8|90 90 18 67|1.0 1193|23 -6 2 67 70
6664 群翊|電子零組|9 1 -9|95 95 48 63|0.9 333|6 -0 1 30 53
6667 信紘科|其他電子|-3 -1 -14|92 92 -0 19|0.3 9|5 -2 0 -5 9
6669 緯穎|電腦及週|-19 -26 -58|71 71 31 67|0.9 6653|29 -6 1 7 9
6670 復盛應用|運動休閒|-39 -42 -52|88 93 2 -7|0.3 21|20 -2 2 -26 -7
6672 騰輝電子-KY|電子零組|7 -5 22|95 95 13 14|0.8 115|34 2 0 20 52
6679 鈺太|半導體業|-12 -23 17|95 95 19 35|0.8 162|12 10 -8 8 36
6683 雍智科技|半導體業|-12 -13 -10|81 82 -6 -3|0.2 28|9 -10 -2 na -26
6689 伊雲谷|數位雲端|12 10 6|na 75 -21 -17|0.3 47|13 -2 0 196 117
6690 安碁資訊|數位雲端|16 14 -29|77 77 -6 -0|0.2 15|1 -15 0 na 10
6691 洋基工程|其他電子|9 21 -13|86 86 16 20|0.5 88|3 -17 1 -4 28
6693 廣閎科|半導體業|-36 -35 -9|84 95 16 9|1.7 5|1 3 0 11 9
6703 軒郁|生技醫療|97 75 21|78 78 13 115|0.3 61|16 -10 0 na 19
6706 惠特|光電業|-68 -70 2|57 67 -16 -33|0.6 15|7 19 0 -19 -32
6712 長聖|生技醫療|7 4 -4|84 94 -0 6|0.7 100|5 4 -0 -22 -2
6715 嘉基|電子零組|-32 -39 -40|76 76 -8 -12|1.5 18|1 2 0 -2 -7
6719 力智|半導體業|-60 -60 -14|67 67 -13 -20|1.3 186|7 7 0 -5 -15
6728 上洋|居家生活|33 11 6|79 79 -5 -9|0.2 5|1 -10 0 na 72
6732 昇佳電子|半導體業|45 23 46|81 81 7 -5|1.5 96|8 5 4 10 -38
6733 博晟生醫|生技醫療|142 548 258|77 77 -12 42|0.3 11|2 -1 0 na na
6741 91APP*-KY|數位雲端|11 11 -2|67 67 -23 -15|0.3 71|61 6 -2 -9 11
6743 安普新|其他電子|-23 -34 -11|70 70 -9 11|0.3 13|4 -9 0 -10 12
6747 亨泰光|生技醫療|10 -7 -9|72 72 -15 -6|0.4 7|4 3 -7 na 16
6752 叡揚|資訊服務|11 7 -13|67 67 -28 -22|0.2 19|2 4 0 na 0
6753 龍德造船|航運業|-6 -8 -99|na na -10 na|0.4 93|1 -1 0 na 44
6756 威鋒電子|半導體業|-7 -19 23|87 92 3 7|1.0 49|4 -0 0 -11 -5
6763 綠界科技*|數位雲端|12 9 0|71 71 -16 -12|0.8 12|4 8 0 na 0
6770 力積電|半導體業|-49 -50 -17|80 81 -9 -19|0.6 278|13 -10 5 0 1
6776 展碁國際|電子通路|2 2 7|84 84 1 31|0.2 9|3 -14 0 -9 14
6781 AES-KY|電子零組|-48 -44 -32|59 78 -5 -21|0.5 158|74 5 -9 -6 3
6782 視陽|生技醫療|-5 -16 -17|na 54 -23 -48|0.9 35|4 -1 1 391 -8
6788 華景電|半導體業|0 -14 -23|78 78 2 2|0.2 33|2 -17 0 -6 -15
6789 采鈺|半導體業|-14 -24 0|68 79 -7 -10|0.3 127|10 -7 0 -4 -5
6790 永豐實|造紙工業|2 -1 -7|96 96 6 11|0.2 6|2 14 0 -42 -13
6792 詠業|通信網路|17 4 21|91 95 8 9|0.8 6|2 5 0 -15 19
6796 晉弘|生技醫療|2 20 13|84 84 23 8|0.5 38|23 -2 -0 -8 69
6799 來頡|半導體業|-11 -15 4|82 82 -0 -4|1.4 230|14 1 0 63 22
6803 崑鼎|綠能環保|14 15 -2|98 98 4 21|0.4 8|3 -8 0 -21 14
6806 森崴能源|綠能環保|620 228 147|78 78 -16 12|0.6 150|2 3 -1 -6 -19
6811 宏碁資訊|數位雲端|-6 -2 -10|74 74 16 45|0.8 125|2 -4 0 20 8
6829 千附精密|半導體業|-22 -23 1|100 100 19 91|4.3 202|4 3 5 22 27
6830 汎銓|其他電子|6 13 -1|na 92 5 33|0.7 102|8 2 -1 -6 -13
6841 長佳智能|生技醫療|223 77 -107|na 69 2 -10|0.2 94|2 -2 0 na 35
6859 伯特光|光電業|-27 -10 -21|na 84 1 -15|0.6 5|15 -3 0 -28 -14
6861 睿生光電|生技醫療|-5 -2 -4|na na -8 na|0.3 7|1 0 0 na na
6863 永道-KY|通信網路|-5 7 na|na na -19 na|0.4 27|76 -1 -0 na 148
6869 雲豹能源|綠能環保|-22 96 -338|na na -15 na|1.0 13|0 1 0 na na
6873 泓德能源|綠能環保|20 145 44|na 67 -20 -26|0.4 7|3 -13 0 na na
6874 倍力|資訊服務|54 14 -15|na 60 -28 -7|0.1 34|0 -3 0 na 0
7402 邑錡|光電業|6 -6 6|94 94 34 70|1.1 98|5 -1 0 na 9
8011 台通|通信網路|30 12 9|93 93 -6 24|0.9 14|7 14 0 -11 -6
8016 矽創|半導體業|3 4 28|100 100 19 17|1.0 333|29 2 15 -5 -8
8021 尖點|其他電子|-20 -25 -0|87 87 -5 -1|0.2 10|6 -13 0 -17 -28
8027 鈦昇|電機機械|-11 -47 -19|94 94 29 39|0.4 197|3 -3 0 -3 4
8028 昇陽半導體|半導體業|8 24 6|81 88 -5 -1|0.2 44|13 -3 -3 -6 9
8033 雷虎|其他|-27 -8 -7|82 82 -10 4|1.6 80|1 0 0 na na
8034 榮群|通信網路|187 480 305|84 84 23 42|0.4 16|6 4 0 -10 45
8038 長園科|電子零組|-69 316 -452|66 66 -27 -5|0.3 19|4 8 0 na na
8039 台虹|電子零組|14 4 17|100 100 9 6|1.2 15|14 28 0 19 -34
8040 九暘|半導體業|-51 -46 -31|70 81 -13 -18|0.6 5|1 12 0 -5 1
8044 網家|數位雲端|-9 -16 -4|63 66 -16 -35|0.6 25|11 -2 -0 3 5
8046 南電|電子零組|-40 -40 -35|83 84 -13 -2|0.6 837|9 -4 1 -9 -8
8048 德勝|通信網路|94 91 31|79 79 39 127|0.6 94|3 0 -1 3 -19
8049 晶采|光電業|-24 -11 -28|91 91 6 4|0.5 45|6 -14 0 -12 74
8050 廣積|電腦及週|5 3 -22|92 92 29 25|0.5 812|3 0 3 3 45
8054 安國|半導體業|-9 -0 -9|83 89 -7 -5|0.5 6|2 2 0 -6 14
8069 元太|光電業|-3 -5 -41|77 80 -14 -6|0.5 1409|37 1 -10 12 -16
8070 長華*|電子通路|-29 -30 -10|85 85 -11 -6|0.6 21|10 -17 0 -4 8
8076 伍豐|電腦及週|-2 -8 -1|82 82 -5 7|0.2 35|4 9 0 -8 -51
8081 致新|半導體業|14 2 23|99 99 30 41|0.6 130|26 7 11 3 53
8083 瑞穎|電機機械|-33 -40 6|90 100 6 1|1.0 7|1 8 0 -10 -4
8084 巨虹|電子通路|-53 -50 -68|59 66 -9 -22|0.3 13|0 -0 0 na -19
8085 福華|其他電子|-36 -25 -27|82 82 10 96|0.4 44|7 19 0 -1 63
8086 宏捷科|半導體業|13 5 44|97 97 11 27|1.2 170|10 5 1 10 -32
8087 麗升能源|綠能環保|323 237 6|73 73 52 73|0.3 8|3 -6 0 na na
8088 品安|半導體業|17 -2 2|100 100 11 39|2.5 27|15 8 0 21 -1
8091 翔名|半導體業|-12 1 -0|88 88 -1 6|0.4 14|6 22 0 -15 -12
8093 保銳|電子零組|-51 70 45|59 59 12 28|0.3 8|1 -3 0 na na
8097 常珵|通信網路|-99 -85 -245|72 91 -8 3|0.7 19|1 2 0 -2 4
8099 大世科|資訊服務|-11 -2 0|82 82 -14 38|0.3 6|2 9 0 1 5
8103 瀚荃|電子零組|-20 -25 3|100 100 10 11|0.8 10|9 0 0 10 -33
8105 凌巨|光電業|-19 -16 -9|86 86 -4 -13|0.3 17|61 -24 0 -1 -7
8109 博大|電子零組|15 16 -9|96 96 23 26|0.7 100|3 5 2 24 -27
8110 華東|半導體業|-36 -33 -19|94 94 3 1|0.6 9|3 -17 0 60 58
8112 至上|電子通路|-5 -11 19|96 96 14 33|0.8 238|26 12 8 4 11
8114 振樺電|電腦及週|-25 -16 -18|65 88 3 -11|0.2 19|6 12 -6 -19 -10
8131 福懋科|半導體業|-39 -32 -19|94 94 -4 -3|0.2 8|6 -22 -0 -5 26
8147 正淩|電子零組|-5 -18 -17|82 82 8 9|0.1 5|3 9 0 -2 -27
8150 南茂|半導體業|-6 -15 11|100 100 1 9|1.5 67|41 8 2 1 -1
8155 博智|電子零組|-17 -22 -9|77 77 -5 19|0.4 141|3 -6 -3 -19 5
8163 達方|電腦及週|-6 -8 -0|96 96 1 6|0.7 19|12 -23 7 -6 7
8171 天宇|綠能環保|-65 -45 -78|60 61 -26 -40|0.3 14|1 -1 0 -2 59
8183 精星|其他電子|-11 -7 -27|79 90 -1 -7|1.7 14|1 -1 0 -5 12
8201 無敵|其他電子|6 6 16|68 68 29 49|0.3 12|1 -5 0 -5 na
8210 勤誠|電腦及週|-30 -24 -18|87 87 98 143|0.7 2339|5 -1 -0 26 43
8213 志超|電子零組|23 5 32|99 99 14 17|0.5 31|24 5 2 16 20
8215 明基材|光電業|20 18 18|83 83 -3 -3|0.2 48|5 3 -0 -15 13
8222 寶一|電機機械|29 42 -1|83 83 -12 42|2.4 97|4 1 0 3 -4
8227 巨有科技|半導體業|59 46 -2|na 68 -19 -20|0.3 117|3 -1 0 16 116
8234 新漢|電腦及週|-35 -25 -18|74 74 6 20|0.2 61|6 -10 -0 -15 40
8240 華宏|光電業|-11 -11 15|100 100 14 23|1.6 6|8 8 0 52 0
8249 菱光|電子零組|-33 -18 -28|86 86 -0 9|0.3 5|3 -18 0 -20 11
8255 朋程|電機機械|47 41 15|89 89 -2 -1|0.4 137|6 -3 -1 -8 45
8261 富鼎|半導體業|-25 -36 -2|73 76 -21 -23|0.9 51|4 -3 0 -2 -32
8271 宇瞻|半導體業|-22 -19 -10|87 87 -6 16|0.6 20|9 -9 0 -12 6
8289 泰藝|電子零組|-56 -45 -23|67 68 -19 -31|0.7 7|1 -5 0 -7 -28
8299 群聯|半導體業|-36 -36 -3|99 99 4 16|2.0 515|39 3 5 24 18
8341 日友|綠能環保|-11 -12 -5|64 73 -21 -28|0.6 39|10 -0 -5 -3 -6
8349 恒耀國際|鋼鐵工業|6 13 2|79 91 -1 -7|0.5 9|2 3 -3 -2 8
8358 金居|電子零組|-22 -32 -6|95 95 17 8|1.5 706|10 2 1 48 2
8383 千附|半導體業|-50 -45 -33|87 87 -1 -7|1.2 7|6 6 0 -23 0
8390 金益鼎|綠能環保|25 0 -6|85 85 18 37|0.5 71|3 -1 0 -19 30
8403 盛弘|生技醫療|-9 -12 -4|79 79 -4 0|0.2 15|1 4 0 -27 -32
8410 森田|電腦及週|27 17 23|96 96 39 93|1.4 18|2 1 0 19 -27
8420 明揚|運動休閒|-16 5 -23|82 82 -11 -9|0.4 15|1 -16 0 -13 16
8422 可寧衛*|綠能環保|-60 -17 -47|88 88 -7 1|0.7 45|11 -14 4 -7 52
8426 紅木-KY|其他|67 105 32|70 70 -30 34|0.1 16|69 -3 0 3 22
8431 匯鑽科|其他電子|-25 -25 6|89 89 -5 10|0.9 7|1 3 0 -3 4
8433 弘帆|居家生活|-1 7 14|80 80 16 -4|0.3 29|1 -3 0 -25 41
8436 大江|生技醫療|10 7 3|73 74 -4 -18|0.7 62|24 5 -0 -7 -7
8442 威宏-KY|其他|-8 -10 -35|90 90 1 -7|0.8 7|62 -10 0 14 -7
8446 華研|文化創意|22 24 -4|67 67 -8 21|0.2 34|7 -10 0 -13 73
8454 富邦媒|數位雲端|7 5 -6|63 63 -18 -29|0.8 187|23 -24 0 1 21
8462 柏文|運動休閒|28 31 -3|87 87 -8 -3|0.9 10|1 6 -3 -6 -15
8464 億豐|居家生活|-11 -16 -3|89 89 -7 -5|0.8 105|43 -7 7 -20 -38
8476 台境*|綠能環保|-53 2 -138|89 89 -4 -4|0.6 9|3 -19 0 -17 72
8478 東哥遊艇|運動休閒|34 19 -1|63 63 -30 6|0.5 849|44 -5 -4 -10 -8
8916 光隆|其他|-20 -12 -22|92 99 11 3|1.1 14|4 4 2 -27 -3
8924 大田|運動休閒|-34 -46 -28|75 77 -3 -25|0.9 15|4 14 0 -21 -9
8926 台汽電|油電燃氣|93 113 79|81 81 -6 32|0.3 66|7 -0 0 -29 -3
8927 北基|油電燃氣|10 14 3|100 100 33 51|2.6 48|3 20 0 28 -39
8930 青鋼|鋼鐵工業|38 22 13|97 97 25 67|0.6 45|6 1 1 -3 57
8931 大汽電|油電燃氣|-22 4 -51|58 58 -30 -19|0.4 6|1 14 0 -5 -12
8932 智通*|數位雲端|5 10 24|100 100 17 79|1.1 76|32 2 0 -12 22
8936 國統|其他|38 16 27|78 78 9 -1|0.3 74|11 -3 0 -14 13
8938 明安|運動休閒|-50 -46 -48|71 73 -3 -27|0.7 26|8 -10 5 -10 13
8942 森鉅|其他|8 2 3|96 96 19 24|0.8 43|23 3 0 60 -4
8996 高力|電機機械|61 90 19|74 74 16 32|0.7 948|14 -6 -1 6 92
9802 鈺齊-KY|運動休閒|-18 -28 -47|66 93 -1 -2|0.7 61|38 -2 6 -5 8
9904 寶成|運動休閒|-17 -12 -20|89 92 -5 -10|1.0 96|47 -34 2 14 -31
9906 欣巴巴|建材營造|26 70 -30|92 92 14 16|1.5 8|1 5 0 -30 -48
9907 統一實|其他|-32 -23 -7|90 90 -4 -5|0.4 25|17 -11 0 1 33
9910 豐泰|運動休閒|-8 -13 -39|91 91 3 9|0.5 190|16 -19 3 -50 57
9911 櫻花|居家生活|1 0 1|99 99 1 4|1.0 9|17 1 0 3 2
9914 美利達|運動休閒|-16 -17 -35|90 90 3 10|0.9 131|39 3 -2 17 -29
9917 中保科|其他|15 14 3|92 92 -5 9|0.7 53|43 20 2 -8 -11
9919 康那香|其他|-24 -5 4|100 100 9 15|1.5 109|9 4 0 15 -10
9921 巨大|運動休閒|-29 -15 -17|79 82 -3 -2|1.0 222|45 -5 1 -17 -21
9925 新保|其他|1 6 4|99 99 1 4|0.6 7|18 -0 0 0 12
9927 泰銘|其他|-2 -4 5|91 91 28 43|0.7 97|13 3 -0 -29 55
9929 秋雨|其他|33 32 16|100 100 47 43|1.0 6|0 -1 0 na na
9933 中鼎|其他|5 12 -1|84 96 -1 -5|0.7 49|13 -10 0 0 -2
9934 成霖|居家生活|3 -6 -2|99 99 15 17|1.5 30|16 8 0 112 6
9938 百和|其他|-23 -33 -12|77 85 -6 -15|1.1 69|20 -1 0 21 18
9939 宏全|其他|5 6 -8|96 96 4 7|0.5 105|23 -20 -9 -11 77
9941 裕融|其他|16 17 -0|91 91 2 12|0.6 139|6 -9 -0 -13 107
9942 茂順|其他|18 22 -0|95 95 -4 23|0.5 65|9 10 -4 -17 0
9943 好樂迪|觀光餐旅|19 59 -706|89 89 -1 37|0.2 30|3 3 0 -18 4
9945 潤泰新|其他|-41 -6 -16|78 83 -1 -17|2.1 184|13 9 -0 -24 -47
9950 萬國通|塑膠工業|23 70 9|90 90 41 52|2.3 12|0 2 0 na na
9951 皇田|電機機械|14 18 -2|93 93 6 5|0.5 15|9 -1 1 -6 -59
9955 佳龍|綠能環保|6 25 38|76 76 -12 6|0.4 6|1 2 0 -15 5
9958 世紀鋼|鋼鐵工業|83 84 50|96 96 45 52|0.8 607|17 7 0 -3 -34
