# 2024-11-01 全池(1181 檔)。欄位:代碼 名稱|產業|最新月YoY 3月YoY均 加速度|距52週高% 距120日高% 60日漲% 120日漲%|量能比 日均值M|外持% 外20 投20 資20 券20(外資持股比;外資/投信20日淨買佔成交值%;融資/借券餘額20日變化%)
1101 台泥|水泥工業|53 51 33|92 92 -6 -3|0.7 306|18 -3 5 -4 -8
1102 亞泥|水泥工業|-3 0 9|97 97 12 9|0.6 272|19 12 6 -20 -19
1104 環泥|水泥工業|-3 0 -6|85 85 -5 -10|0.8 9|15 6 -1 -3 3
1210 大成|食品工業|-7 -8 0|89 92 -5 -7|0.7 38|10 -15 2 7 18
1215 卜蜂|食品工業|-7 -4 2|85 85 -3 -11|0.6 33|38 -4 -5 -0 23
1216 統一|食品工業|8 8 -7|99 99 12 19|0.8 621|39 -8 13 -25 -7
1217 愛之味|食品工業|0 4 3|90 90 -4 -2|0.6 9|10 -16 0 -15 7
1218 泰山|食品工業|-8 -9 -7|85 85 -4 -8|0.6 7|3 -11 -0 -1 -4
1225 福懋油|食品工業|-13 -13 -1|49 49 -34 34|0.7 14|1 3 3 -8 16
1227 佳格|食品工業|-7 -3 -3|89 89 -5 1|0.6 18|7 -20 0 -1 3
1229 聯華|食品工業|6 1 -14|86 86 -2 -8|1.1 44|11 -23 0 -5 27
1231 聯華食|食品工業|16 14 8|97 97 0 20|0.7 13|3 8 -0 105 8
1232 大統益|食品工業|-7 -6 3|98 98 7 11|0.4 16|3 27 3 67 39
1256 鮮活果汁-KY|食品工業|-3 -17 -19|53 64 -22 -35|0.6 9|4 -2 0 -6 13
1268 漢來美食|觀光餐旅|27 19 -3|93 93 -2 0|0.4 5|1 5 -5 -6 -9
1301 台塑|塑膠工業|0 -0 1|58 70 -18 -30|0.8 622|28 -9 -0 21 1
1303 南亞|塑膠工業|-3 -1 5|61 74 -14 -26|0.6 320|28 -6 1 -3 -3
1304 台聚|塑膠工業|-8 -3 2|71 84 -9 -6|0.5 22|32 -11 -0 -16 -8
1305 華夏|塑膠工業|-5 -20 -6|70 88 -10 -7|0.6 13|5 -6 0 -6 8
1307 三芳|塑膠工業|10 13 6|100 100 57 57|5.8 143|16 -1 2 720 332
1308 亞聚|塑膠工業|-33 -21 -5|70 85 -8 -8|0.5 13|6 -11 2 -10 1
1309 台達化|塑膠工業|13 32 11|86 86 5 25|0.4 38|3 -5 0 22 8
1310 台苯|塑膠工業|19 32 6|73 85 -12 -8|0.7 7|6 -16 0 -4 -8
1312 國喬|塑膠工業|-12 12 8|75 79 -14 -8|0.8 25|10 -17 0 -12 14
1313 聯成|塑膠工業|-28 -14 -24|70 83 -8 -16|0.8 13|10 -7 0 0 -13
1316 上曜|建材營造|99 101 39|58 67 -29 -25|0.4 50|6 11 0 -29 -10
1319 東陽|汽車工業|1 3 -10|85 89 17 -2|0.7 335|14 -7 0 -2 14
1321 大洋|塑膠工業|-4 -8 -5|78 78 -6 -15|0.4 12|8 -9 0 3 34
1326 台化|塑膠工業|-11 1 -7|59 67 -22 -32|0.7 285|33 -10 1 -8 7
1336 台翰|電子零組|-3 10 12|84 84 11 23|0.4 15|7 3 0 -17 70
1339 昭輝|汽車工業|-3 -12 -12|73 73 -4 -26|0.5 5|2 -3 0 -3 -2
1342 八貫|其他|-12 -10 -9|68 81 -0 -18|1.4 17|28 -2 0 -4 28
1402 遠東新|紡織纖維|-2 3 -2|95 95 6 14|0.9 273|18 -13 5 -4 112
1409 新纖|紡織纖維|-2 6 -7|88 88 -5 -5|0.4 25|13 -12 -0 -6 1
1414 東和|紡織纖維|-23 -15 -14|89 89 0 16|1.5 12|2 3 0 8 9
1416 廣豐|其他|13 19 -10|100 100 14 4|1.9 9|12 2 0 1 9
1432 大魯閣|運動休閒|-8 -12 -12|77 97 8 5|1.5 8|1 3 0 na na
1434 福懋|紡織纖維|-2 -1 4|79 85 -11 -12|0.7 16|7 -4 0 -2 -5
1436 華友聯|建材營造|2367 2254 1012|72 72 -17 -10|1.0 53|5 4 1 -0 -9
1438 三地開發|建材營造|na na na|66 66 -28 11|0.2 11|1 8 0 -17 -14
1440 南紡|紡織纖維|-10 2 15|77 83 -11 -15|0.5 13|7 -5 -0 -4 -1
1442 名軒|建材營造|413 815 -19465|86 86 6 14|0.4 57|13 -18 0 65 46
1446 宏和|紡織纖維|5138 5956 3129|75 75 -12 -5|0.6 29|6 -2 0 -2 41
1449 佳和|紡織纖維|-9 -17 -41|89 98 17 32|7.9 10|7 -0 0 32 25
1455 集盛|紡織纖維|4 25 -11|68 69 -19 -27|0.4 6|4 -33 0 0 -9
1464 得力|紡織纖維|21 32 20|100 100 25 19|2.4 31|3 7 0 155 13
1473 台南|紡織纖維|17 9 -5|68 68 2 7|0.7 21|6 -9 0 -10 -0
1476 儒鴻|紡織纖維|34 27 7|89 91 -1 5|0.5 210|38 6 -1 17 22
1477 聚陽|紡織纖維|18 13 3|69 69 -25 -18|1.0 460|29 -21 -1 7 27
1503 士電|電機機械|22 6 2|60 68 -10 -28|0.3 377|32 4 -7 -0 -32
1504 東元|電機機械|-18 -11 -5|85 88 4 -10|1.2 221|12 17 -11 3 6
1513 中興電|電機機械|23 16 -1|68 68 -10 -11|0.3 690|15 -12 -3 1 16
1514 亞力|電機機械|-10 -1 -12|63 72 -11 -14|0.3 293|14 -0 -3 3 20
1515 力山|電機機械|-51 -36 -164|58 67 -18 -31|0.5 9|7 -14 0 -6 20
1519 華城|電機機械|23 50 -46|55 55 -15 -31|0.5 2635|19 -2 -3 2 10
1522 堤維西|汽車工業|-7 -2 -6|83 83 -10 20|0.4 106|8 -16 -5 0 20
1524 耿鼎|汽車工業|3 6 -7|93 93 14 -4|1.2 73|3 1 2 -7 1
1527 鑽全|電機機械|1 21 12|90 90 4 7|0.3 19|12 -12 0 -26 65
1528 恩德|電機機械|18 2 5|97 97 52 77|4.1 418|3 -0 0 99 64
1529 樂事綠能|電機機械|-33 -25 -99|70 70 -12 -18|0.4 11|1 -4 0 -4 1
1530 亞崴|電機機械|-44 -10 15|90 90 7 6|0.5 7|2 6 0 -36 92
1532 勤美|電機機械|-11 -32 -72|72 76 -8 -26|0.7 46|17 -12 0 9 -2
1533 車王電|汽車工業|-32 -44 -21|76 91 2 -6|1.5 6|6 -1 0 0 -18
1536 和大|汽車工業|-11 -7 3|76 76 -17 7|0.8 144|6 -7 -0 4 17
1537 廣隆|電機機械|32 36 9|95 95 8 12|0.4 22|21 -5 3 -2 28
1539 巨庭|電機機械|-44 -9 -28|80 80 23 16|0.1 29|4 5 0 -9 22
1540 喬福|電機機械|9 -6 -57|82 82 10 106|0.2 280|3 0 0 -13 -6
1558 伸興|電機機械|-0 16 7|90 90 7 7|0.4 9|7 1 0 13 5
1560 中砂|電機機械|12 13 6|83 83 8 24|1.4 1207|22 3 1 4 10
1563 巧新|汽車工業|-16 -7 na|na na -17 na|0.8 19|2 -7 0 na na
1565 精華|生技醫療|21 16 14|98 98 25 19|0.6 89|14 14 1 -19 16
1568 倉佑|汽車工業|-21 -21 4|79 85 0 5|5.9 6|1 -2 0 24 3
1569 濱川|電腦及週|-10 -13 7|91 91 28 67|0.8 234|4 -2 0 10 65
1570 力肯|電機機械|173 208 125|65 77 -6 4|0.1 7|8 5 0 -14 2
1582 信錦|電子零組|-17 -1 -16|86 86 3 -4|0.3 106|17 -14 1 -6 39
1584 精剛|其他|-4 18 -4|78 78 -3 2|0.3 87|2 -8 -0 -8 34
1586 和勤|電機機械|3 14 -7|89 89 -5 -0|0.7 7|2 -6 0 -10 9
1587 吉茂|汽車工業|26 12 16|52 52 -19 -45|0.5 15|23 -1 0 1 -7
1589 永冠-KY|電機機械|-2 -5 15|62 83 -7 -15|1.1 15|5 7 0 -12 -7
1590 亞德客-KY|電機機械|-5 -2 -12|75 75 10 -17|0.8 744|73 1 2 -28 71
1591 駿吉-KY|電機機械|61 144 -102|57 57 -20 -39|0.8 8|4 9 0 -10 -4
1595 川寶|半導體業|-15 -25 12|89 89 90 101|1.3 614|4 1 0 77 376
1597 直得|電機機械|3 14 26|81 81 -2 46|0.3 241|7 2 -1 34 -16
1598 岱宇|運動休閒|-2 -5 -3|75 85 -7 -9|1.2 5|6 -11 0 -20 1
1603 華電|電器電纜|-50 15 1|68 73 -11 -19|1.0 20|2 -0 0 -5 9
1605 華新|電器電纜|-14 -5 1|77 80 -12 -15|1.1 321|17 -25 -6 2 6
1608 華榮|電器電纜|-0 20 2|67 69 -14 -19|0.4 38|4 -3 0 -8 -14
1609 大亞|電器電纜|11 18 4|73 80 -15 -15|0.4 203|11 -7 -5 -5 8
1611 中電|電器電纜|-19 -19 -10|77 77 -11 -5|0.4 13|12 8 -14 -2 -0
1612 宏泰|電器電纜|4 -3 -10|76 85 -3 -11|0.5 17|15 -1 1 -4 7
1615 大山|電器電纜|3 17 -9|79 79 -11 -9|0.4 7|2 -29 1 2 2
1616 億泰|電器電纜|58 23 4|78 80 -3 -22|2.4 18|2 3 0 -12 -43
1617 榮星|電器電纜|13 18 5|69 71 -17 -20|0.4 6|22 9 0 -11 -7
1618 合機|電器電纜|-42 26 -7|64 66 -13 -20|0.4 33|4 -7 0 -4 13
1702 南僑|食品工業|3 3 -2|87 87 -6 -5|0.4 48|15 2 -0 38 57
1707 葡萄王|生技醫療|61 17 9|98 98 7 0|0.9 46|14 17 0 21 15
1708 東鹼|化學工業|24 17 15|94 94 15 27|0.4 53|17 -1 0 -17 22
1709 和益|化學工業|-8 10 0|88 88 -2 20|0.3 18|3 -12 -0 -17 4
1710 東聯|化學工業|17 24 12|88 95 -1 3|0.3 13|9 0 0 -13 -1
1711 永光|化學工業|-8 -1 -5|85 85 18 22|0.2 227|7 -1 -0 7 15
1712 興農|化學工業|-17 -4 -2|90 90 -6 4|0.8 17|16 -22 3 0 27
1717 長興|化學工業|-8 1 -1|90 90 5 -1|0.4 98|17 -3 1 -37 12
1720 生達|生技醫療|16 6 -2|84 84 -10 4|0.5 15|6 -15 1 -12 54
1721 三晃|化學工業|12 26 18|81 81 41 48|0.6 209|6 -1 0 -7 -14
1722 台肥|化學工業|6 1 17|88 92 -5 -8|0.6 76|12 9 -3 -16 14
1723 中碳|化學工業|-3 13 21|79 85 -1 -12|0.6 23|9 -8 -0 -40 -1
1727 中華化|化學工業|33 36 26|86 86 18 25|0.4 178|7 -1 1 -22 4
1734 杏輝|生技醫療|-21 6 3|81 81 -16 -15|0.5 9|6 -35 0 -5 10
1735 日勝化|化學工業|4 10 -3|85 85 35 41|0.5 9|51 -3 0 6 229
1736 喬山|運動休閒|30 25 8|97 97 41 82|0.8 128|11 -0 5 -21 28
1737 臺鹽|食品工業|-14 -9 -1|94 94 2 2|0.3 6|9 -10 0 -4 4
1760 寶齡富錦|生技醫療|13 15 -0|72 84 -8 -9|0.6 11|12 10 0 -13 -24
1773 勝一|化學工業|10 14 5|91 94 9 2|0.5 68|7 5 -1 -20 -23
1776 展宇|化學工業|-8 3 -1|75 75 12 17|0.2 10|2 2 0 -21 82
1784 訊聯|生技醫療|3 5 -3|61 61 -11 49|0.3 28|3 -3 0 -6 19
1785 光洋科|其他電子|23 28 1|84 84 2 48|0.4 581|11 -0 -1 -9 11
1786 科妍|生技醫療|6 8 -25|74 74 -4 -3|0.4 68|6 -9 -3 -0 0
1789 神隆|生技醫療|-5 12 -5|82 82 -6 -14|1.2 8|5 -16 0 -10 4
1795 美時|生技醫療|8 13 8|76 82 -0 -9|0.4 256|56 11 -21 -1 -24
1799 易威|生技醫療|49 318 175|40 40 -48 22|0.5 41|15 -7 -9 na na
1802 台玻|玻璃陶瓷|-21 -18 -15|97 97 13 15|2.9 267|6 4 0 -10 10
1808 潤隆|建材營造|-93 -85 -2038|36 36 -60 -58|0.7 124|9 -19 0 -1 73
1809 中釉|玻璃陶瓷|-10 -10 -14|59 72 -10 -13|0.5 22|3 -6 0 2 19
1810 和成|玻璃陶瓷|-5 -3 -4|79 84 -3 -8|0.5 14|5 6 0 -8 -13
1815 富喬|電子零組|40 44 35|79 79 0 24|0.5 222|4 -1 0 18 12
1903 士紙|造紙工業|5 -7 -2|80 81 -6 -14|0.4 7|12 5 0 -2 -23
1904 正隆|造紙工業|47 21 13|80 82 -7 -17|0.6 33|9 10 -0 7 2
1905 華紙|造紙工業|-12 1 0|75 82 -6 -17|0.6 25|4 -10 0 -3 3
1907 永豐餘|造紙工業|3 9 3|90 94 5 2|0.7 32|13 -3 0 -2 -7
1909 榮成|造紙工業|-1 1 1|85 88 -2 -12|0.4 16|12 2 -0 -25 -1
2002 中鋼|鋼鐵工業|-9 -3 -1|85 91 -1 -7|0.6 436|15 9 1 -23 -14
2006 東和鋼鐵|鋼鐵工業|-15 -4 -10|94 94 2 5|0.8 75|16 -5 -3 -45 8
2007 燁興|鋼鐵工業|65 79 49|80 84 -2 -3|0.5 11|1 -2 0 13 1
2009 第一銅|鋼鐵工業|11 19 -3|70 70 -8 -11|0.3 51|3 -7 0 -2 19
2010 春源|鋼鐵工業|15 10 1|82 87 1 -14|0.8 13|8 7 0 -12 35
2014 中鴻|鋼鐵工業|-38 -29 -20|74 90 -0 -7|0.4 107|5 -2 2 -36 10
2015 豐興|鋼鐵工業|2 1 -1|98 98 7 20|0.8 22|12 3 17 -8 0
2017 官田鋼|鋼鐵工業|8 -1 -7|76 77 -15 -17|0.6 5|2 4 0 -10 2
2020 美亞|鋼鐵工業|-31 -32 -13|70 70 -5 -28|0.6 18|3 -3 0 14 21
2023 燁輝|鋼鐵工業|-14 -11 -16|84 94 1 1|0.7 34|6 4 -0 -19 -0
2025 千興|鋼鐵工業|-77 8116 na|81 81 -12 -8|0.7 7|2 -12 0 na na
2027 大成鋼|鋼鐵工業|-14 -10 2|85 85 -11 -9|0.8 138|16 -17 -4 0 24
2028 威致|鋼鐵工業|15 31 30|79 81 -7 -11|1.1 8|1 -0 0 5 5
2029 盛餘|鋼鐵工業|10 8 -13|85 92 3 -9|0.6 5|68 -4 0 -14 0
2030 彰源|鋼鐵工業|-11 -1 3|90 95 10 -2|0.6 14|3 -0 11 -22 15
2031 新光鋼|鋼鐵工業|-27 -24 -19|81 81 -6 -5|0.8 51|13 -6 0 -14 35
2033 佳大|鋼鐵工業|-5 3 8|93 93 61 52|0.4 20|1 1 3 25 -28
2034 允強|鋼鐵工業|-1 -6 1|83 88 -9 -9|1.0 17|8 -4 0 -16 17
2038 海光|鋼鐵工業|5 16 10|80 84 -2 -6|0.5 23|2 0 4 -9 37
2049 上銀|電機機械|0 -4 -2|83 94 16 -0|0.7 705|28 4 3 48 5
2059 川湖|電子零組|62 82 23|88 94 21 4|1.1 1189|16 -6 3 -10 -17
2062 橋椿|居家生活|-16 -10 -28|79 79 -2 18|0.2 96|15 -0 0 -8 24
2066 世德|電機機械|8 0 1|77 77 -11 -17|0.9 13|11 -6 0 7 10
2069 運錩|鋼鐵工業|-23 -12 -3|85 85 9 2|0.4 8|3 3 0 -7 88
2070 精湛|電機機械|16 43 13|72 72 22 140|0.2 301|2 -1 0 -13 80
2101 南港|橡膠工業|879 310 216|76 76 -3 -18|0.8 210|7 -1 0 -7 6
2102 泰豐|橡膠工業|120 67 100|90 90 -1 8|0.4 10|7 -8 0 12 6
2103 台橡|橡膠工業|32 29 15|97 97 9 1|1.4 46|27 3 -0 16 1
2104 國際中橡|橡膠工業|-17 8 9|77 85 -10 -14|0.9 14|11 -10 -0 -3 -6
2105 正新|橡膠工業|-2 1 -1|78 78 -4 -2|0.9 276|15 -22 1 -2 55
2106 建大|橡膠工業|-1 -1 -3|88 88 -6 -8|0.8 29|10 9 -0 -8 23
2108 南帝|橡膠工業|32 34 17|80 80 -8 9|0.6 15|7 -10 -0 -5 -19
2201 裕隆|汽車工業|-2 5 -5|73 78 1 -19|0.8 189|5 -9 11 -1 6
2204 中華|汽車工業|-20 -10 -33|48 52 -21 -52|1.2 161|24 -3 -1 -0 18
2206 三陽工業|汽車工業|-1 -3 -11|83 88 -8 -11|1.1 131|7 -15 -10 33 26
2207 和泰車|汽車工業|1 -4 -7|89 89 -2 7|0.8 172|24 -20 1 16 -4
2208 台船|航運業|-42 -36 -3|82 93 5 -2|0.4 28|5 7 0 -75 -9
2211 長榮鋼|鋼鐵工業|36 8 5|68 68 -11 -29|0.8 80|5 -3 4 -7 11
2228 劍麟|汽車工業|7 2 -8|89 89 17 -6|0.3 105|9 3 -1 -34 32
2230 泰茂|居家生活|189 142 13|90 95 4 1|1.8 143|4 -1 0 3 29
2231 為升|汽車工業|20 9 13|73 73 -14 -7|0.9 59|6 -8 -0 13 14
2233 宇隆|汽車工業|-1 8 -6|91 91 27 17|1.1 83|10 -3 -2 23 64
2236 百達-KY|汽車工業|-24 -12 -19|92 92 11 67|0.8 78|63 -1 0 5 48
2241 艾姆勒|汽車工業|-39 -31 -36|61 61 -1 -18|0.4 36|7 -3 0 -11 16
2243 宏旭-KY|汽車工業|-74 80 -31|65 65 -30 46|0.3 30|29 0 0 -30 24
2247 汎德永業|汽車工業|25 9 4|87 88 -3 -12|0.4 13|5 13 3 5 11
2250 IKKA-KY|汽車工業|-11 -4 -11|69 69 4 -7|0.2 10|7 -8 0 -1 32
2254 巨鎧精密-創|汽車工業|-72 73 18|na 79 -13 -19|0.8 14|25 -11 0 9 0
2258 鴻華先進-創|汽車工業|912 749 -295|na 84 -5 -4|0.5 19|0 -4 0 na na
2301 光寶科|電腦及週|-16 -8 4|85 85 -3 4|0.7 581|25 -3 4 -4 -7
2303 聯電|半導體業|-1 6 9|81 81 -12 -10|1.5 2478|29 -44 4 87 37
2305 全友|電腦及週|6 15 -20|62 72 -19 -16|0.7 8|1 2 0 9 -5
2308 台達電|電子零組|5 4 4|90 90 0 22|1.2 3572|66 8 -2 -19 8
2312 金寶|其他電子|22 16 19|90 90 7 65|1.0 694|13 2 -0 23 -6
2313 華通|電子零組|-9 4 -6|70 70 -14 -18|0.5 914|15 -10 -5 12 115
2314 台揚|通信網路|-36 -46 10|70 84 -3 -6|0.4 12|2 -2 0 na na
2316 楠梓電|電子零組|-19 -5 7|83 83 5 13|0.7 208|29 0 -1 -8 -8
2317 鴻海|其他電子|11 22 15|92 92 12 23|0.9 16659|40 8 2 -11 -10
2323 中環|光電業|-2 -3 -4|87 87 0 -3|0.4 43|10 1 0 -1 -23
2324 仁寶|電腦及週|-2 -3 0|90 90 14 1|0.9 481|43 21 3 -15 -34
2327 國巨*|電子零組|10 16 7|68 68 -27 -17|1.6 1355|54 -16 -4 22 21
2328 廣宇|電子零組|-17 -13 3|95 95 14 14|3.9 43|14 2 -0 25 -17
2329 華泰|半導體業|-18 -17 -28|48 64 -15 -35|1.6 114|8 -8 0 3 19
2330 台積電|半導體業|40 39 15|94 94 14 29|1.0 45015|74 6 0 -3 1
2331 精英|電腦及週|0 7 22|66 66 -14 -17|0.7 33|9 4 0 0 -7
2332 友訊|通信網路|-4 -4 8|99 99 9 14|1.2 54|11 13 0 -4 -40
2337 旺宏|半導體業|6 7 21|70 77 -19 -15|1.3 125|15 -20 -0 12 5
2338 光罩|半導體業|-15 -8 -12|70 70 -16 -22|0.9 56|6 -18 0 5 6
2340 台亞|半導體業|2 3 -8|72 81 -2 -6|0.5 46|11 0 0 -0 -11
2342 茂矽|半導體業|34 29 27|90 93 1 7|0.8 20|7 10 0 53 -7
2344 華邦電|半導體業|7 9 -1|63 72 -17 -23|1.0 379|15 -14 -3 4 20
2345 智邦|通信網路|34 26 15|93 93 11 26|1.5 2176|65 0 4 14 19
2347 聯強|電子通路|19 11 1|80 80 -1 -14|0.6 191|34 -6 -4 -27 -30
2348 海悅|其他|17 19 -103|42 42 -48 -22|0.3 121|8 13 -6 -12 -4
2349 錸德|光電業|-17 -9 -9|72 72 -16 94|0.3 111|11 2 0 na na
2351 順德|半導體業|-1 6 9|72 72 5 10|1.1 303|20 -11 -1 -1 64
2352 佳世達|電腦及週|-2 1 6|78 92 6 -7|0.5 150|10 8 1 -3 -12
2353 宏碁|電腦及週|-6 10 -1|71 71 -11 -12|0.7 468|25 -11 0 -2 -16
2354 鴻準|其他電子|-19 -10 28|100 100 27 32|6.8 505|19 7 1 208 -24
2355 敬鵬|電子零組|-10 -8 -6|71 78 -13 -5|0.6 52|17 -24 -0 -2 54
2356 英業達|電腦及週|18 21 10|75 77 -4 -13|0.8 767|14 -6 1 -2 8
2357 華碩|電腦及週|27 24 9|97 97 24 27|0.6 1592|52 3 -2 -10 -16
2359 所羅門|其他電子|-13 -3 12|80 80 -10 42|0.1 408|3 -1 0 -2 14
2360 致茂|其他電子|7 18 10|99 99 42 68|1.1 1601|62 -10 6 4 8
2362 藍天|電腦及週|-6 19 3|89 89 -1 40|0.4 288|10 -1 -0 -13 17
2363 矽統|半導體業|229 106 71|74 84 1 -14|0.6 1788|6 -2 -0 2 39
2364 倫飛|電腦及週|38 44 28|61 69 2 9|0.2 38|18 -3 0 10 5
2365 昆盈|電腦及週|-1 21 -10|68 68 -30 133|0.2 295|2 -0 0 -5 10
2367 燿華|電子零組|22 24 8|73 73 -12 13|0.3 213|9 -1 0 -13 -1
2368 金像電|電子零組|17 27 0|68 82 -9 -2|0.6 709|16 3 -9 4 -11
2369 菱生|半導體業|-11 -9 -12|68 79 -4 -10|1.8 22|13 -8 0 9 43
2371 大同|電機機械|5 6 2|65 67 -8 -30|0.4 273|9 -5 0 0 -8
2374 佳能|光電業|13 9 -13|78 78 -7 8|0.7 240|4 -1 -0 -3 3
2375 凱美|電子零組|10 10 3|83 87 -5 -1|0.9 14|8 5 0 -5 -18
2376 技嘉|電腦及週|64 97 -16|76 87 10 -7|1.1 1465|17 4 0 -7 0
2377 微星|電腦及週|9 7 -6|92 93 8 15|0.8 480|24 -8 5 -8 14
2379 瑞昱|半導體業|11 15 -2|83 86 0 -5|0.9 1258|53 -10 4 -9 7
2382 廣達|電腦及週|58 48 33|89 89 15 14|0.7 7014|28 13 2 -5 -33
2383 台光電|電子零組|37 48 -12|80 85 6 4|0.6 2359|25 -6 -5 16 16
2385 群光|電子零組|6 7 9|67 85 7 -17|0.6 306|31 -16 -4 -4 -21
2387 精元|電腦及週|8 12 8|85 88 -1 -11|0.5 24|18 -14 5 -6 11
2388 威盛|半導體業|167 68 26|67 84 5 -4|1.2 2244|9 -11 0 12 -32
2392 正崴|電子零組|-16 1 -8|70 70 -9 28|1.5 163|8 -9 0 8 24
2393 億光|光電業|16 22 7|100 100 19 29|1.4 212|31 20 3 -4 12
2395 研華|電腦及週|-3 -0 11|79 84 -10 -9|1.0 300|39 -17 -0 8 -29
2397 友通|電腦及週|-33 -36 9|94 94 24 33|2.3 27|24 2 0 124 2
2399 映泰|電腦及週|-10 -9 -7|79 79 49 59|0.9 2197|12 1 0 -38 -13
2401 凌陽|半導體業|14 16 -3|78 78 -8 4|0.6 50|17 -0 -0 3 -8
2402 毅嘉|電子零組|9 11 3|87 87 1 20|0.4 371|7 1 -0 -15 8
2404 漢唐|其他電子|-63 -24 -5|80 89 2 -11|0.6 226|25 17 3 -1 -25
2405 輔信|電腦及週|-17 -12 -14|77 77 -4 20|1.6 67|5 -5 0 10 30
2406 國碩|光電業|81 132 33|68 68 -16 -3|0.7 31|9 -10 0 -3 6
2408 南亞科|半導體業|-5 5 -21|52 56 -24 -38|0.5 385|10 -20 -2 4 -9
2409 友達|光電業|5 11 -5|87 87 -3 -4|0.6 301|25 11 0 -3 -42
2412 中華電|通信網路|5 4 1|95 95 -1 -3|0.8 999|16 -14 3 53 -9
2415 錩新|電子零組|-15 0 -16|78 78 11 -5|1.1 10|2 -3 0 -12 -6
2417 圓剛|電腦及週|-9 2 2|70 70 -9 7|0.2 33|2 -3 0 -5 9
2419 仲琦|通信網路|30 24 37|82 82 6 7|0.8 64|3 3 -0 6 -31
2420 新巨|電子零組|-7 10 10|91 91 17 28|0.5 106|8 3 2 -23 60
2421 建準|電子零組|20 22 16|71 82 1 -14|0.9 526|16 -4 -0 19 29
2423 固緯|其他電子|-16 -7 -4|96 98 8 -3|1.6 10|6 1 0 48 12
2424 隴華|通信網路|26 71 14|94 94 161 181|0.5 8|3 20 0 na na
2425 承啟|電腦及週|-44 -32 -26|85 87 37 15|0.8 186|5 0 0 -8 -1
2426 鼎元|光電業|11 12 0|85 85 21 29|0.5 158|10 0 0 17 67
2427 三商電|資訊服務|30 3 -24|80 80 -3 0|1.4 17|3 -1 -3 13 5
2428 興勤|電子零組|18 12 11|92 92 5 5|0.5 26|16 -5 0 3 -9
2429 銘旺科|光電業|9 -26 23|63 63 -20 48|1.1 16|1 1 0 na na
2431 聯昌|電子零組|-18 -32 -1|97 97 44 50|7.3 12|4 -1 0 102 89
2436 偉詮電|半導體業|2 4 -8|74 86 7 -5|0.3 102|6 -2 0 -20 35
2438 翔耀|光電業|187 166 36|50 50 -33 94|0.5 11|1 -1 0 na na
2439 美律|通信網路|1 45 20|76 76 -11 -13|1.5 378|24 -24 -7 22 167
2441 超豐|半導體業|9 10 -4|93 93 -3 -3|0.6 26|13 -7 6 4 41
2442 新美齊|建材營造|19 256 -1062|64 64 -35 -18|0.4 41|3 5 0 -15 -19
2449 京元電子|半導體業|12 13 6|94 94 23 46|0.6 2725|32 10 -2 3 -41
2451 創見|半導體業|-21 -7 -7|73 73 -2 -2|0.6 102|9 -19 26 0 24
2453 凌群|資訊服務|3 11 1|79 79 -2 -6|1.0 29|7 -3 0 3 23
2454 聯發科|半導體業|24 22 -8|86 86 18 23|1.0 7833|59 2 3 -11 -33
2455 全新|通信網路|-6 6 -62|73 73 2 -1|1.1 893|26 3 -2 3 -4
2457 飛宏|電子零組|-17 -14 3|60 74 -11 -25|1.0 40|9 -1 0 -1 -10
2458 義隆|半導體業|-8 -3 -25|88 88 11 -2|1.2 262|28 15 3 1 5
2461 光群雷|其他電子|1 -4 -3|88 88 -4 -10|0.6 7|6 -6 0 -10 10
2462 良得電|電子零組|-2 5 2|74 85 -7 -7|1.2 6|2 3 0 -5 -5
2464 盟立|其他電子|-9 -9 12|84 84 -2 61|0.2 526|3 1 -0 -9 -4
2465 麗臺|電腦及週|-26 10 -13|52 61 -15 -36|0.6 33|1 5 0 -12 -53
2467 志聖|電子零組|12 20 -7|85 85 17 69|0.4 601|10 -2 -1 10 12
2472 立隆電|電子零組|23 24 12|83 83 -8 -5|0.8 44|8 -3 1 15 35
2474 可成|其他電子|23 19 33|95 95 6 3|0.8 372|33 -0 -3 30 2
2476 鉅祥|電子零組|24 27 19|77 77 -5 23|0.3 104|11 -10 -4 3 14
2477 美隆電|其他電子|39 22 14|98 98 43 79|5.7 55|24 1 1 1 44
2478 大毅|電子零組|6 11 6|81 81 -5 -3|0.9 7|6 -13 0 -5 7
2480 敦陽科|資訊服務|10 4 2|98 98 10 6|0.9 17|6 35 1 18 -41
2481 強茂|半導體業|-0 2 1|80 85 3 2|0.9 104|11 -0 0 -3 -13
2482 連宇|其他電子|-40 -34 21|70 70 -10 7|0.9 15|2 -1 -2 7 10
2485 兆赫|通信網路|-82 -82 -36|73 81 -6 -10|0.5 10|6 4 0 -2 -9
2486 一詮|光電業|11 12 -3|90 90 22 61|1.3 3221|10 -1 0 56 52
2488 漢平|其他電子|-4 17 1|91 91 5 1|0.6 14|9 -3 0 -13 44
2489 瑞軒|光電業|35 52 11|80 80 -7 37|0.5 135|12 -7 0 15 1295
2492 華新科|電子零組|8 8 1|73 80 -10 -11|0.9 89|11 -4 0 3 1
2493 揚博|電子零組|16 16 8|100 100 45 24|2.6 282|7 -1 0 184 95
2495 普安|電腦及週|-46 -14 -6|93 93 21 75|4.2 203|18 0 1 14 12
2497 怡利電|汽車工業|24 23 6|83 83 28 35|0.3 248|11 5 -0 -19 -22
2498 宏達電|通信網路|-44 -23 1|79 83 0 3|0.7 401|11 -2 -0 -8 18
2501 國建|建材營造|44 19 -33|62 69 -16 -32|0.5 37|8 15 -0 -7 -1
2504 國產|建材營造|4 4 1|100 100 12 20|0.9 179|13 -5 24 -23 51
2511 太子|建材營造|3 0 4|79 81 -16 -16|0.6 11|6 -3 -0 -8 -2
2514 龍邦|其他|32 20 -123|81 81 -9 16|0.5 7|4 -5 0 6 -24
2515 中工|建材營造|32 27 8|62 68 -27 -30|0.5 88|12 13 -0 -2 -10
2520 冠德|建材營造|27 50 4|73 73 -16 -21|0.4 148|22 0 -7 -2 57
2524 京城|建材營造|20 193 35|61 61 -28 29|0.3 104|2 6 -0 5 9
2527 宏璟|建材營造|458 154 -59|54 65 -28 -30|0.3 12|42 0 -0 -13 37
2528 皇普|建材營造|109133 37521 28004|71 73 -22 -26|0.3 15|2 9 0 5 -16
2530 華建|建材營造|54985 92072 36774|69 69 -24 -18|0.4 29|5 -1 0 2 -14
2534 宏盛|建材營造|-61 -38 13|87 87 -9 -11|0.4 17|8 -1 -0 7 -3
2535 達欣工|建材營造|-19 -6 -11|80 84 -15 -11|0.7 13|7 -19 0 -2 28
2536 宏普|建材營造|-4 63 -2223|74 79 -16 -22|0.7 9|9 -6 -0 14 -1
2537 聯上發|建材營造|-99 4204 -15871|55 55 -36 -15|0.4 43|7 14 0 -12 -6
2538 基泰|建材營造|10 86 -193|75 75 -22 -3|0.3 8|14 -19 0 2 2
2539 櫻花建|建材營造|-100 na na|63 63 -33 -23|0.6 30|3 -14 0 -10 40
2540 愛山林|建材營造|96 39 -36|40 40 -55 -47|0.4 125|3 6 -5 18 7
2542 興富發|建材營造|-64 -50 -45|63 63 -31 -13|0.4 205|12 -5 -0 -16 44
2543 皇昌|建材營造|-8 -4 -30|96 96 57 120|1.3 1464|6 0 0 -6 -3
2545 皇翔|建材營造|359 537 109|87 87 -0 4|0.3 34|7 5 0 -11 -2
2546 根基|建材營造|35 14 20|59 65 -19 -35|0.5 6|3 -1 0 -6 -20
2548 華固|建材營造|-75 514 -528|71 71 -24 -14|1.0 183|14 -9 8 5 29
2597 潤弘|建材營造|13 19 8|57 57 -38 -22|0.5 34|3 -19 -1 -17 -31
2603 長榮|航運業|82 110 68|96 96 25 20|1.0 3251|25 3 2 13 -6
2605 新興|航運業|-9 6 -2|80 80 -1 2|0.6 114|37 -15 0 9 36
2606 裕民|航運業|52 21 -4|92 92 8 -2|0.9 176|13 10 3 -8 13
2607 榮運|航運業|21 51 16|88 92 2 -7|1.1 31|10 -11 0 -3 -0
2609 陽明|航運業|77 103 71|84 84 9 33|0.8 1886|21 4 -0 -10 1
2610 華航|航運業|7 9 -4|94 94 2 9|1.4 432|16 22 -1 -10 -4
2611 志信|航運業|4 6 -15|67 67 -13 -19|0.8 11|4 -8 0 -1 -3
2612 中航|航運業|11 16 6|72 85 -2 -7|0.3 7|3 7 0 -33 -18
2613 中櫃|航運業|-1 3 -4|71 71 -3 46|1.3 51|2 -1 1 7 48
2614 東森|其他|-3 -6 -5|79 86 -10 -2|2.9 10|3 -12 0 11 19
2615 萬海|航運業|82 117 81|88 88 18 89|0.9 2092|43 -5 0 15 -45
2617 台航|航運業|7 22 12|78 78 -7 -14|0.6 17|6 -15 1 -7 29
2618 長榮航|航運業|6 7 -12|96 96 11 2|0.8 1037|25 14 2 -11 -32
2630 亞航|航運業|11 19 5|71 73 -5 -22|0.3 13|1 -3 0 na 5
2633 台灣高鐵|航運業|14 9 -1|94 94 -3 -5|1.0 89|10 -18 -4 -4 7
2634 漢翔|航運業|-23 -13 -12|76 78 -11 -19|0.8 142|1 -17 -10 7 29
2636 台驊控股|航運業|85 100 41|76 76 -7 -10|0.6 29|17 -11 -1 2 22
2637 慧洋-KY|航運業|36 46 23|95 95 9 4|1.0 297|23 2 9 -16 8
2641 正德|航運業|14 22 -9|81 81 -2 -7|0.5 20|1 -3 0 -5 6
2645 長榮航太|航運業|4 2 -10|79 81 -7 -16|1.0 40|3 -3 0 -0 21
2707 晶華|觀光餐旅|-2 -11 -7|84 84 -3 -13|0.6 24|7 17 -20 -12 -14
2718 全心投控|建材營造|95 1150 440|68 71 -23 -30|1.1 6|0 2 0 507 960
2723 美食-KY|觀光餐旅|-8 -8 -1|89 95 10 2|1.0 53|45 10 -0 4 -24
2727 王品|觀光餐旅|2 -1 -4|92 100 15 -2|1.0 132|22 47 0 -3 -4
2731 雄獅|觀光餐旅|19 20 -98|86 86 -8 -3|0.6 66|9 10 -7 2 32
2739 寒舍|觀光餐旅|1 -2 -10|76 80 -14 -20|0.6 22|5 7 -4 2 -18
2743 山富|觀光餐旅|-7 13 -175|62 62 -19 -21|0.4 13|1 0 0 2 4
2745 五福|觀光餐旅|29 27 -328|76 76 -6 -13|1.3 26|2 1 0 22 19
2748 雲品|觀光餐旅|5 -3 -10|68 81 -1 -14|0.6 15|1 -4 0 5 14
2753 八方雲集|觀光餐旅|9 7 -2|89 89 -3 -10|0.7 18|7 -7 0 49 19
2762 世界健身-KY|運動休閒|3 1 na|na 94 28 12|5.8 15|84 11 0 116 43
2801 彰銀|金融保險|13 17 9|95 95 -3 -2|0.7 217|15 -31 1 -8 -0
2809 京城銀|金融保險|28 -11 -50|73 73 -16 -14|1.1 152|12 -17 8 -23 28
2812 台中銀|金融保險|10 10 -3|92 92 1 2|0.7 63|10 -25 2 2 41
2816 旺旺保|金融保險|7 1 -7|79 86 -9 -9|0.8 7|2 -8 0 -15 -5
2820 華票|金融保險|38 39 -43|95 95 -0 -3|1.0 10|7 -6 0 -19 20
2832 台產|金融保險|12 12 1|93 93 0 0|0.8 7|4 -19 -3 -4 -1
2834 臺企銀|金融保險|23 16 9|81 81 -16 -9|0.5 176|19 -6 1 1 35
2836 高雄銀|金融保險|18 20 11|91 91 -4 2|0.5 11|7 -11 -0 -3 21
2838 聯邦銀|金融保險|34 21 10|91 91 3 -1|0.6 14|3 -12 0 4 13
2845 遠東銀|金融保險|-11 -1 1|78 78 -11 -13|0.8 103|10 -30 -1 -18 40
2850 新產|金融保險|4 1 -3|95 95 10 9|0.8 27|10 11 9 -10 -15
2851 中再保|金融保險|7 -10 -17|96 98 3 -4|0.7 41|5 10 0 53 -0
2855 統一證|金融保險|99 34 -18|90 90 -4 -3|0.7 51|10 6 -13 18 -8
2880 華南金|金融保險|12 14 -1|93 93 -7 3|0.7 252|18 -9 5 0 -27
2881 富邦金|金融保險|31 11 -98|96 96 4 33|0.7 1346|21 5 2 -11 -5
2882 國泰金|金融保險|40 19 -57|98 98 12 35|0.8 1611|25 12 4 -8 32
2883 凱基金|金融保險|1236 398 156|94 94 5 21|0.7 750|26 3 2 -3 -3
2884 玉山金|金融保險|26 33 10|92 92 2 -1|1.1 542|31 -14 3 -23 7
2885 元大金|金融保險|33 13 -7|93 93 1 1|0.9 537|28 -3 5 -29 -34
2886 兆豐金|金融保險|24 16 -6|93 93 -6 -2|0.7 537|21 -22 8 8 5
2887 台新新光金|金融保險|108 53 34|85 85 -13 -7|0.8 812|22 -27 1 16 232
2888 新光金|金融保險|-97 -3935 -3023|84 84 3 26|0.2 976|27 19 -0 -21 -75
2889 國票金|金融保險|26 14 -11|87 87 -2 -4|0.6 100|11 -16 29 -6 36
2890 永豐金|金融保險|23 18 -5|86 86 -11 3|1.2 460|26 -20 -2 6 185
2891 中信金|金融保險|27 12 -119|91 91 2 4|0.5 1844|31 -7 8 -7 -32
2892 第一金|金融保險|19 17 12|94 94 -4 0|0.9 408|23 -18 4 -22 52
2903 遠百|貿易百貨|-4 -7 -2|76 76 -14 -21|0.9 51|10 -22 6 -2 5
2905 三商|貿易百貨|-44 -50 -212|83 83 -12 20|0.3 14|6 -5 0 -4 14
2906 高林|貿易百貨|-16 11 -2|79 79 -13 -15|0.8 5|4 -23 0 3 -7
2908 特力|貿易百貨|-5 -3 -6|96 96 -1 -1|1.2 11|2 -5 0 4 15
2912 統一超|貿易百貨|6 6 -1|91 91 1 4|1.0 306|28 -5 5 77 27
2913 農林|貿易百貨|21 15 10|91 91 -2 -2|0.7 33|8 0 0 -10 -10
2915 潤泰全|貿易百貨|-3 -0 4|96 96 0 28|0.8 182|8 -2 -5 -8 40
2929 淘帝-KY|貿易百貨|-9 -8 -2|87 87 32 28|1.2 24|17 -0 0 -5 13
3003 健和興|電子零組|14 19 16|78 78 -3 -1|0.4 72|10 -8 -0 -12 -4
3004 豐達科|鋼鐵工業|13 9 -10|71 72 -13 -21|1.9 5|3 -9 0 2 6
3005 神基|電腦及週|2 1 -3|76 90 8 9|0.8 214|16 0 -0 -10 -8
3006 晶豪科|半導體業|20 13 -6|64 65 -17 -26|0.7 97|13 -11 -0 1 16
3008 大立光|光電業|17 42 11|72 72 -16 2|0.8 2047|34 -12 -5 1 75
3010 華立|電子通路|3 13 -4|81 81 -12 -6|0.5 106|9 -14 -3 2 52
3011 今皓|電子零組|-3 14 13|72 86 0 -4|1.9 103|1 -2 0 253 204
3013 晟銘電|電腦及週|23 52 22|97 97 56 111|1.1 4803|14 -0 0 -2 39
3014 聯陽|半導體業|-2 4 -6|75 75 -6 -17|0.8 93|22 -20 4 -12 43
3015 全漢|電子零組|-11 -10 4|92 93 5 0|0.4 15|11 4 1 9 -9
3016 嘉晶|半導體業|9 2 10|81 81 -7 -4|0.7 18|3 -0 0 -2 1
3017 奇鋐|電腦及週|18 21 -0|79 79 9 -4|0.7 5170|42 0 3 -20 18
3019 亞光|光電業|37 45 23|80 80 19 68|0.4 648|16 2 0 -13 14
3021 鴻名|電子零組|19 30 18|89 89 36 46|2.8 25|7 2 2 23 25
3022 威強電|電腦及週|7 1 15|79 79 -5 2|0.5 36|18 2 1 -9 -8
3023 信邦|電子零組|2 2 7|80 80 -11 -3|1.4 219|55 -19 -2 43 -17
3024 憶聲|光電業|-20 10 2|75 75 -23 -8|0.3 14|2 1 0 -15 3
3025 星通|通信網路|43 146 51|90 90 28 19|0.5 520|5 0 0 3 1
3026 禾伸堂|電子零組|-8 -1 6|89 90 1 -8|0.5 9|13 29 0 -1 -14
3027 盛達|通信網路|8 18 -18|70 76 -8 -24|0.5 12|2 7 0 -15 -13
3028 增你強|電子通路|1 6 -5|93 94 -1 -5|0.4 9|6 -0 10 0 20
3029 零壹|資訊服務|36 31 9|87 87 3 34|2.8 237|5 -5 1 54 117
3030 德律|其他電子|60 66 15|71 71 -5 15|0.5 162|18 -5 -4 -2 12
3031 佰鴻|光電業|-6 13 7|83 83 9 11|0.8 32|3 -2 0 40 43
3032 偉訓|電子零組|-17 -23 -21|74 81 -3 -17|0.3 25|3 1 -1 -5 -3
3033 威健|電子通路|34 28 9|92 92 4 -1|0.5 106|10 5 1 4 3
3034 聯詠|半導體業|-7 -4 -5|78 80 -4 -22|0.8 1128|32 -4 7 10 -6
3035 智原|半導體業|-4 -3 9|51 64 -20 -18|1.8 1050|18 -11 -1 8 117
3036 文曄|電子通路|34 58 -5|65 84 13 -25|0.5 344|16 -10 -0 5 5
3037 欣興|電子零組|24 19 19|77 77 0 -9|1.4 3390|41 0 2 15 55
3038 全台|光電業|-17 -22 -2|70 78 -9 -19|0.7 7|5 -5 0 -9 -7
3040 遠見|其他|-10 -16 -7|86 86 27 37|1.2 22|17 4 0 2 3
3042 晶技|電子零組|17 19 4|100 100 14 13|1.2 282|17 14 4 22 -37
3044 健鼎|電子零組|5 9 -0|81 81 -2 -6|0.9 252|37 -12 -3 7 -21
3045 台灣大|通信網路|11 9 0|96 96 7 9|0.6 574|15 7 17 -31 -1
3046 建碁|電腦及週|3 36 -9|76 83 -4 -11|0.3 8|3 -15 0 3 5
3047 訊舟|通信網路|61 104 64|78 78 -10 147|0.4 183|6 4 0 -7 -12
3048 益登|電子通路|2 10 4|76 76 -13 68|0.3 85|4 -2 -1 10 10
3049 精金|光電業|78 54 70|86 86 24 35|0.5 161|6 -1 0 20 28
3050 鈺德|光電業|-13 5 0|72 72 -20 -11|0.5 15|9 8 0 -7 2
3051 力特|光電業|-1 -7 9|76 94 5 -7|1.3 18|2 3 -0 6 -9
3055 蔚華科|電子通路|-6 -25 4|72 72 3 -8|4.6 37|1 -2 0 10 11
3056 富華新|建材營造|59 -39 -32|82 82 -15 -5|0.5 35|5 -4 -0 9 2
3058 立德|電子零組|-18 -14 2|74 83 4 -12|0.9 12|4 1 0 21 3
3059 華晶科|光電業|-15 -18 6|78 78 -7 -12|0.4 23|13 3 0 -1 -4
3060 銘異|電腦及週|25 23 -13|76 76 -1 1|1.4 52|9 -7 0 20 27
3062 建漢|通信網路|-41 -14 3|94 94 26 61|0.7 521|16 0 0 8 11
3066 李洲|光電業|-1 15 13|87 87 32 40|0.3 34|1 1 0 -15 2
3071 協禧|電腦及週|2 8 12|75 75 -7 -8|0.9 11|1 -6 0 4 40
3073 天方能源|綠能環保|5 4 20|64 64 -19 108|0.2 22|0 -0 0 -11 5
3078 僑威|電子零組|-38 -30 -26|76 85 -3 -13|0.7 29|7 22 1 3 -11
3081 聯亞|通信網路|76 81 72|90 90 197 163|1.7 610|20 1 1 -5 -15
3083 網龍|文化創意|-32 31 -3|80 80 -2 -7|1.4 10|4 9 0 5 -6
3086 華義*|文化創意|12 21 -8|74 74 23 69|0.7 67|41 -8 0 17 52
3088 艾訊|電腦及週|35 17 20|89 89 14 21|2.0 52|8 21 -0 16 -42
3090 日電貿|電子零組|11 14 3|87 87 -5 -9|0.8 18|9 -18 4 -14 6
3092 鴻碩|電子零組|-16 -8 -2|95 100 13 4|4.0 7|2 -1 0 -0 13
3093 港建*|其他電子|364 95 102|92 92 6 6|1.0 9|68 1 0 8 7
3094 聯傑|半導體業|-3 -7 19|75 77 -2 1|0.3 11|2 6 0 -3 -5
3105 穩懋|半導體業|-11 4 -28|66 66 -8 -15|1.1 273|18 -17 -1 -3 32
3122 笙泉|半導體業|2 3 -8|58 58 -20 -13|0.4 7|4 -1 0 -3 4
3130 一零四|數位雲端|8 6 -2|91 91 -4 -8|1.6 6|29 -52 0 100 77
3131 弘塑|半導體業|15 21 9|80 80 19 62|0.7 1308|19 2 -4 na -1
3138 耀登|通信網路|15 2 1|67 81 -4 -14|0.6 12|2 2 0 -2 -19
3141 晶宏|半導體業|-11 -17 -2|86 86 6 -3|0.5 77|8 -2 0 7 19
3147 大綜|資訊服務|26 38 12|84 84 19 2|0.2 56|5 -9 0 9 59
3149 正達|光電業|44 32 22|85 85 57 73|0.7 837|3 1 0 -21 -3
3152 璟德|通信網路|5 8 -8|62 76 -3 -22|1.2 15|16 -19 0 -5 38
3162 精確|電機機械|96 63 40|77 91 19 6|0.9 55|45 -1 0 1 29
3163 波若威|通信網路|-33 -38 -20|81 81 -9 40|0.3 1061|5 0 -0 -7 2
3167 大量|電機機械|129 137 61|87 87 106 132|1.4 1255|8 -3 0 9 45
3169 亞信|半導體業|-22 -8 -4|69 76 -6 -14|0.6 11|2 1 -1 -3 -3
3188 鑫龍騰|建材營造|15 288 na|51 51 -43 -16|0.3 17|2 12 0 -1 4
3189 景碩|半導體業|34 36 28|82 82 3 14|0.9 877|11 -2 1 9 8
3202 樺晟|電子零組|8 17 -8|74 74 -6 16|0.8 6|5 10 0 -4 -5
3207 耀勝|電子零組|45 64 53|82 82 -11 -16|1.1 38|4 -14 0 0 14
3209 全科|電子通路|-10 -3 8|96 96 21 26|1.1 293|8 2 0 293 16
3211 順達|電腦及週|-9 -16 -2|95 95 1 13|1.2 62|18 16 -4 -8 -20
3213 茂訊|電腦及週|-30 -20 -25|84 84 0 2|0.3 32|5 -12 0 -14 42
3217 優群|電子零組|16 17 -2|87 95 14 8|3.7 117|4 -1 4 37 -5
3218 大學光|生技醫療|-4 2 -2|72 82 -5 -14|0.5 46|9 -12 -5 -12 25
3219 倚強科|其他電子|-15 -16 -9|79 79 30 56|3.8 15|1 -0 0 44 23
3221 台嘉碩|通信網路|-6 1 2|78 84 -5 -5|0.8 5|6 -15 0 -4 3
3227 原相|半導體業|32 42 -14|89 89 47 61|0.3 857|33 4 -0 -28 -45
3228 金麗科|半導體業|-8 20 -31|44 53 -1 -29|1.2 155|8 -5 0 -18 42
3230 錦明|光電業|-47 -45 -14|81 81 125 300|0.7 112|1 -1 0 21 210
3231 緯創|電腦及週|24 25 13|87 97 19 0|1.8 3163|26 16 2 0 -38
3234 光環|通信網路|-18 -19 -13|81 81 21 -6|1.4 119|5 4 0 -96 na
3257 虹冠電|半導體業|-32 -33 -85|90 95 34 12|2.1 116|2 -1 0 135 35
3260 威剛|半導體業|-3 11 -27|74 74 -6 -23|0.5 131|11 -2 -2 -6 -0
3264 欣銓|半導體業|-16 -10 -4|69 77 -14 -19|0.9 157|16 -22 0 7 35
3265 台星科|半導體業|6 9 -3|76 76 1 -18|0.6 95|2 -2 -0 -2 13
3284 太普高|其他|71 100 47|53 53 -31 13|0.3 17|3 -7 0 -6 14
3289 宜特|其他電子|33 20 12|98 98 47 47|0.5 389|23 7 2 -20 -21
3290 東浦|電子零組|4 11 7|87 87 20 38|1.4 136|7 -1 0 3 85
3293 鈊象|文化創意|31 31 4|93 93 46 115|0.8 2719|28 -1 1 17 29
3294 英濟|電子零組|-18 -7 -14|52 69 -4 -18|0.2 18|7 0 0 -3 2
3296 勝德|電子零組|-11 -7 -5|87 87 9 7|1.8 24|5 -1 0 3 37
3303 岱稜|其他電子|8 33 9|87 87 31 79|0.3 110|7 -1 0 -1 36
3305 昇貿|其他電子|40 42 26|82 82 -9 1|0.3 48|7 6 -5 -6 -2
3306 鼎天|通信網路|-33 -24 -23|83 83 1 5|0.4 22|2 1 0 5 -2
3312 弘憶股|電子通路|2 15 2|62 62 -14 38|0.3 167|1 -3 -1 -14 16
3317 尼克森|半導體業|-11 -5 -2|81 90 2 0|0.7 6|4 -4 0 -3 2
3322 建舜電|電子零組|-23 -21 -29|70 80 -3 -12|0.3 6|2 -9 0 -2 15
3324 雙鴻|其他電子|15 21 0|65 65 2 -25|0.9 2607|11 -3 0 -1 -3
3325 旭品|電腦及週|-14 -12 -15|60 72 -4 -23|5.2 5|1 -3 0 8 2
3338 泰碩|電子零組|-20 -10 -18|70 70 -20 -11|0.4 31|6 1 0 -2 18
3339 泰谷|光電業|31 31 8|79 79 5 4|0.2 39|2 0 0 -1 6
3346 麗清|汽車工業|-2 6 -12|72 88 3 -5|0.9 12|2 6 0 3 -11
3354 律勝|電子零組|28 10 -14|82 82 36 22|0.6 40|1 -1 0 1 27
3357 臺慶科|電子零組|42 39 26|85 85 -2 -6|0.4 24|14 -8 2 -15 -3
3360 尚立|電子通路|61 54 73|80 90 18 21|1.0 25|5 4 0 -16 -8
3362 先進光|光電業|10 11 -3|77 77 -1 12|0.5 227|4 -6 0 -3 32
3363 上詮|通信網路|25 17 8|83 83 34 60|0.8 1022|7 2 -0 5 -42
3372 典範|半導體業|-20 -4 -17|68 68 -9 -2|1.2 6|1 -8 0 5 14
3374 精材|半導體業|5 15 5|75 75 -7 83|0.3 1064|9 -4 -2 3 -22
3376 新日興|電子零組|29 29 -10|67 67 -10 6|0.3 490|21 -6 -7 1 5
3379 彬台|電機機械|278 180 102|70 70 -25 126|0.3 19|2 -1 0 -12 8
3380 明泰|通信網路|-19 -15 11|90 95 7 9|0.6 81|6 2 -0 3 16
3390 旭軟|電子零組|-14 10 -10|79 80 0 9|0.2 13|3 -6 0 -6 7
3402 漢科|其他電子|29 30 -2|84 84 7 4|2.7 41|4 -4 0 23 17
3406 玉晶光|光電業|-25 -13 -53|67 67 -11 0|0.6 521|28 -12 -7 9 66
3413 京鼎|半導體業|55 55 43|88 88 16 9|0.5 477|34 0 -5 -19 -6
3416 融程電|電腦及週|-5 16 9|87 87 6 -8|0.5 17|3 -7 -1 -6 13
3419 譁裕|通信網路|-25 1 10|84 84 -7 1|0.4 6|4 2 0 0 -1
3430 奇鈦科|化學工業|3 18 5|83 83 31 50|0.5 184|2 -2 0 31 39
3437 榮創|光電業|-29 -11 -21|65 81 3 -7|0.3 36|5 1 0 -1 0
3438 類比科|半導體業|12 17 3|83 90 -1 -1|1.5 17|3 1 0 -6 6
3441 聯一光電|光電業|29 39 30|93 93 8 6|0.4 7|5 5 0 -12 4
3443 創意|半導體業|-24 -2 6|63 70 11 -9|1.1 2135|23 -5 6 -12 72
3444 利機|電子通路|18 17 5|61 69 -21 -29|0.6 14|10 -0 0 0 1
3447 展達|通信網路|79 55 83|100 100 143 171|5.1 147|8 4 0 141 53
3450 聯鈞|半導體業|63 49 29|88 88 87 248|1.3 7478|18 -1 -0 12 -2
3454 晶睿|光電業|15 -12 19|72 80 4 -10|0.5 9|4 18 -0 -5 -19
3455 由田|光電業|16 12 17|98 98 25 62|0.9 158|13 -4 0 20 29
3466 德晉|通信網路|-56 -35 27|69 69 -12 16|1.1 84|9 -1 0 3 -1
3479 安勤|電腦及週|-13 -4 8|82 87 0 -9|0.4 14|5 6 -1 -11 -9
3481 群創|光電業|-4 -4 -10|88 93 -3 8|0.6 865|25 3 0 -3 -43
3483 力致|電腦及週|-2 3 -9|70 70 -0 1|0.5 228|5 -3 -1 -8 33
3484 崧騰|電子零組|21 32 23|82 82 9 6|0.5 17|13 -6 0 -16 4
3490 單井|光電業|-17 -23 3|81 81 1 23|2.4 9|5 -0 0 16 1
3491 昇達科|通信網路|77 71 34|87 87 3 51|0.4 334|18 -3 -7 21 20
3492 長盛|電子零組|-9 17 6|87 87 27 54|0.4 8|4 7 0 -5 -11
3498 陽程|其他電子|148 35 78|89 89 39 102|0.6 400|6 1 0 9 -25
3499 環天科|通信網路|26 48 2|80 80 1 7|0.4 9|1 0 0 -73 na
3501 維熹|電子零組|-0 17 10|82 82 -8 4|0.7 19|11 -24 -10 -20 18
3504 揚明光|光電業|-5 -6 11|76 88 3 1|0.6 8|3 10 0 -7 -23
3508 位速|其他電子|-22 -18 6|91 91 7 22|2.3 11|1 -0 0 na na
3511 矽瑪|電子零組|66 28 57|91 91 31 33|0.4 79|3 1 0 -12 44
3515 華擎|電腦及週|3 31 9|68 86 2 -2|0.7 57|8 0 1 -4 -6
3518 柏騰|其他電子|-4 6 6|78 78 -14 22|0.6 29|4 0 0 17 12
3520 華盈|電子零組|11 44 21|89 89 12 34|1.8 12|6 -0 0 14 31
3522 御嵿|觀光餐旅|96 28 7|76 76 -1 26|0.1 10|1 3 0 na na
3526 凡甲|電子零組|38 33 -1|96 96 25 27|1.0 139|23 6 3 15 5
3529 力旺|半導體業|7 12 -6|96 96 55 45|1.3 2429|60 6 2 26 -41
3530 晶相光|半導體業|25 37 26|72 87 11 4|0.9 25|41 0 -0 7 10
3532 台勝科|半導體業|-18 -16 -1|67 69 -18 -26|1.2 55|47 -10 -8 10 10
3533 嘉澤|電子零組|26 24 9|95 95 20 15|1.4 2170|44 1 -0 -8 78
3535 晶彩科|光電業|-94 -47 -188|71 71 -20 144|0.4 175|4 0 0 3 14
3537 堡達|電子零組|-6 -5 -7|82 82 -7 36|0.4 40|1 3 0 -1 -5
3540 曜越|電腦及週|-18 -25 -18|67 72 -6 -6|0.4 8|2 3 0 4 -5
3545 敦泰|半導體業|12 7 -1|64 92 3 -1|0.6 138|17 7 1 -5 -35
3546 宇峻|文化創意|15 8 5|94 94 0 9|2.0 6|12 -6 0 13 6
3548 兆利|電子零組|-24 -17 -48|53 70 -7 -28|0.3 131|4 -2 -1 -9 22
3550 聯穎|電子零組|-14 -11 -5|77 77 49 51|0.3 127|2 -0 0 -18 30
3551 世禾|綠能環保|15 17 9|94 94 60 38|4.0 680|8 -0 0 49 243
3552 同致|其他電子|-27 -22 -22|71 90 13 -4|8.2 12|12 -6 0 31 20
3557 嘉威|居家生活|-16 20 2|91 91 -6 -0|1.2 10|6 -25 0 8 7
3558 神準|通信網路|-21 -29 4|63 79 -1 -10|1.2 27|1 -1 -1 10 -7
3563 牧德|光電業|20 -13 27|79 85 18 -15|1.1 111|10 6 0 1 -4
3564 其陽|通信網路|30 53 44|67 67 -1 27|0.4 95|1 -2 0 12 10
3576 聯合再生|光電業|-49 -49 8|77 78 -6 3|0.7 45|11 3 0 -29 -11
3577 泓格|電腦及週|34 16 10|74 83 24 13|0.3 7|1 3 0 -14 29
3580 友威科|其他電子|-18 -19 -11|79 79 4 91|0.5 380|3 -1 0 -1 18
3581 博磊|半導體業|3 -6 1|99 99 85 154|2.1 231|10 0 0 12 8
3583 辛耘|半導體業|39 44 5|91 91 17 26|0.4 2113|17 0 0 1 -24
3587 閎康|其他電子|11 10 3|87 91 1 5|0.4 175|14 15 -10 2 -31
3588 通嘉|半導體業|19 29 -4|68 85 13 -7|0.4 134|4 -2 2 -14 11
3591 艾笛森|光電業|28 27 -0|81 81 0 6|0.8 117|3 -4 -0 -20 206
3592 瑞鼎|半導體業|25 24 -12|68 78 -8 -25|0.7 96|21 -4 4 -3 18
3594 磐儀|電腦及週|-8 -6 13|77 77 -4 -2|0.2 8|2 7 0 -7 -1
3596 智易|通信網路|-16 -12 -14|81 96 12 0|1.3 162|22 11 9 13 24
3597 映興|電子零組|61 38 45|96 96 40 49|3.0 15|5 3 0 17 27
3605 宏致|電子零組|28 22 14|90 90 17 42|0.4 243|24 7 0 -8 7
3607 谷崧|電子零組|23 25 11|89 89 9 28|0.9 18|11 8 0 10 1
3611 鼎翰|電腦及週|-1 6 6|96 99 11 3|0.4 7|12 25 18 -3 -18
3615 安可|光電業|-12 -12 -12|86 86 32 42|1.1 288|1 -0 0 18 38
3617 碩天|其他電子|5 6 2|92 92 25 19|0.5 180|12 -1 5 -5 57
3622 洋華|光電業|-28 -7 -30|79 79 10 15|0.3 59|5 -4 3 -8 12
3624 光頡|電子零組|12 9 10|82 85 -7 -5|0.3 12|43 -10 0 -9 -2
3645 達邁|電子零組|17 22 -13|76 76 4 3|0.2 40|14 -9 0 0 6
3652 精聯|電腦及週|1 15 11|79 79 -10 45|1.0 20|1 -2 0 -13 -6
3653 健策|電子零組|17 10 4|93 93 38 58|0.7 1299|25 8 -5 0 20
3661 世芯-KY|半導體業|83 96 6|46 70 -12 -26|1.3 4546|51 -3 -1 10 4
3663 鑫科|其他電子|100 115 55|83 83 14 107|0.9 368|0 -1 0 3 4
3665 貿聯-KY|其他電子|7 8 9|95 95 24 110|0.7 1328|37 1 2 -1 -8
3673 TPK-KY|光電業|1 3 4|78 78 -2 15|0.3 119|36 8 0 2 -17
3675 德微|半導體業|29 37 15|72 72 -7 -2|2.2 337|55 -8 -0 61 152
3679 新至陞|電子零組|21 20 2|89 89 -3 -3|0.6 6|10 -13 -2 15 28
3680 家登|半導體業|17 45 7|91 91 17 39|0.7 538|30 -2 -1 24 1
3686 達能|半導體業|3 56 -405|72 72 -20 29|1.8 9|1 1 0 na na
3687 歐買尬|數位雲端|6 8 3|91 91 26 20|7.8 41|6 0 0 28 26
3689 湧德|電子零組|-5 -18 -1|92 92 23 51|1.1 242|12 -6 0 10 83
3691 碩禾|光電業|179 190 25|53 53 -23 -42|0.6 19|5 -10 0 7 12
3693 營邦|電腦及週|-19 -7 -19|65 78 -9 8|0.3 65|3 -4 0 -6 12
3694 海華|通信網路|1 -4 -1|74 77 1 -3|0.4 20|4 3 0 -2 -13
3701 大眾控|電腦及週|-8 -9 -10|59 78 4 -19|1.6 8|4 -0 0 -3 -2
3702 大聯大|電子通路|49 37 12|78 78 -10 -15|0.7 359|29 -6 -4 7 -17
3703 欣陸|建材營造|-17 9 5|74 77 -16 -22|0.8 47|22 -8 -5 -15 73
3704 合勤控|通信網路|-6 -6 10|76 100 16 8|4.3 67|14 -2 0 127 33
3705 永信|生技醫療|13 22 7|92 92 10 16|0.4 23|13 -5 0 -24 6
3706 神達|電腦及週|33 58 38|82 94 8 8|0.6 174|12 4 0 1 -3
3707 漢磊|半導體業|-13 -17 3|72 82 -6 -16|0.7 62|8 -1 0 -8 0
3708 上緯投控|綠能環保|-4 10 7|69 71 -3 -28|0.5 94|7 -3 3 -5 46
3709 鑫聯大投控|電腦及週|51 46 28|90 90 41 49|6.5 35|3 1 0 43 73
3710 連展投控|電子零組|18 22 0|80 80 18 28|1.4 68|7 2 0 na na
3711 日月光投控|半導體業|4 4 4|80 80 7 2|0.9 2407|74 5 -0 9 43
3712 永崴投控|電腦及週|3 29 -30|75 75 -8 19|0.3 45|3 -3 -7 -3 17
3714 富采|光電業|-4 9 -2|97 97 15 8|0.7 129|18 10 -0 -10 -12
3715 定穎投控|電子零組|6 13 -1|62 87 19 6|0.8 896|7 -1 0 -13 0
4102 永日|生技醫療|-34 20 7|82 82 -9 0|1.7 5|5 -1 0 49 9
4104 佳醫|生技醫療|5 2 -3|93 94 -3 -6|0.8 8|4 -5 0 -9 -4
4105 東洋|生技醫療|3 7 -1|89 93 -1 -5|0.9 21|14 -16 -1 -3 0
4107 邦特|生技醫療|5 11 5|85 85 -4 4|0.4 8|11 -22 0 -18 17
4109 加捷生醫|生技醫療|18 14 -37|70 70 -15 6|0.6 14|1 -6 0 5 7
4113 聯上|建材營造|551 72779 -29668|47 47 -43 -39|0.9 25|5 15 0 -8 2
4114 健喬|生技醫療|14 16 9|96 96 -1 5|0.7 21|8 -19 0 -10 1
4119 旭富|生技醫療|41 68 35|90 96 -1 2|0.7 8|7 14 0 12 -17
4123 晟德|生技醫療|-9 16 -17|88 88 5 17|1.7 85|11 -2 1 0 8
4128 中天|生技醫療|4 6 1|72 88 3 -1|0.5 30|6 -4 0 -6 0
4129 聯合|生技醫療|25 21 0|91 91 7 3|0.9 16|14 -4 1 -7 6
4137 麗豐-KY|生技醫療|-30 -15 -21|75 87 3 -13|0.8 39|59 -2 1 -4 56
4142 國光生|生技醫療|44 66 63|68 84 -11 -13|1.0 12|8 -21 0 -4 16
4147 中裕|生技醫療|-29 -10 -43|73 90 1 -4|1.4 34|7 3 0 -8 9
4155 訊映|生技醫療|104 66 30|89 91 -5 -2|0.3 6|3 6 0 5 -5
4157 太景*-KY|生技醫療|43 4 -47|84 90 1 -5|0.7 9|5 -2 0 -2 -3
4160 訊聯基因|生技醫療|13 10 -7|62 62 -11 52|0.2 9|1 2 0 na -27
4161 聿新科|生技醫療|-21 -9 -25|91 92 8 2|0.5 6|1 0 0 -8 9
4162 智擎|生技醫療|26 -19 -37|91 100 16 15|4.5 27|6 -3 5 40 46
4164 承業醫|生技醫療|81 28 -0|65 76 -9 -20|1.2 18|22 -3 -0 4 12
4167 松瑞藥|生技醫療|16 16 -18|83 83 -2 2|1.8 23|12 -1 0 -2 8
4174 浩鼎|生技醫療|-13 127 na|74 74 12 10|0.3 69|9 -13 0 11 46
4190 佐登-KY|生技醫療|-29 -16 5|84 94 17 6|1.7 7|62 0 0 -7 25
4303 信立|塑膠工業|284 109 75|77 92 -2 -8|0.6 166|7 5 0 5 11
4306 炎洲|塑膠工業|20 37 2|81 81 -15 -6|0.4 26|8 -18 -0 1 64
4402 郡都開發|紡織纖維|-95 -78 -27|50 50 -36 -14|0.3 6|4 -8 0 na na
4420 光明|紡織纖維|19 46 31|93 93 7 41|0.2 5|2 -6 0 -3 78
4438 廣越|紡織纖維|-10 1 18|91 91 -3 -2|0.8 7|2 -17 3 8 -0
4510 高鋒|電機機械|-31 -23 -16|75 75 9 155|0.3 342|3 0 0 -4 1
4513 福裕|電機機械|-37 -32 -21|46 46 -42 6|0.2 108|3 7 0 2 -27
4523 永彰|電機機械|14 -5 -12|60 64 -17 -29|0.2 9|3 -0 0 -31 65
4526 東台|電機機械|-39 -31 -9|80 80 16 42|0.3 203|5 -2 0 -5 11
4527 方方土霖|電機機械|71 10 -9|92 92 34 37|3.2 79|2 -1 0 28 375
4532 瑞智|電機機械|31 23 -6|83 83 -11 -7|1.4 52|21 -0 1 -4 41
4533 協易機|電機機械|25 38 30|78 78 -14 10|0.4 63|3 -2 0 1 6
4534 慶騰|電機機械|12 27 8|70 70 -19 89|0.2 10|1 4 0 na na
4536 拓凱|運動休閒|34 32 41|99 99 20 25|1.2 69|22 12 1 -17 6
4540 全球傳動|電機機械|-2 -20 4|84 84 16 29|0.4 92|7 1 0 -12 1
4541 晟田|其他|41 26 17|88 89 12 -1|1.4 17|3 6 0 -3 -16
4542 科嶠|電子零組|-69 -63 -42|87 87 42 45|0.4 352|5 0 0 -4 -5
4543 萬在|電機機械|-3 4 5|68 68 -4 -8|0.4 11|7 -3 0 -3 4
4545 銘鈺|電子零組|52 40 32|81 81 14 88|3.6 112|35 0 -0 34 1
4549 桓達|電機機械|-38 -9 -6|83 83 31 77|0.2 76|2 1 -0 -42 -17
4551 智伸科|汽車工業|34 24 27|92 92 42 32|0.3 43|52 9 0 -32 14
4555 氣立|電機機械|29 26 21|61 63 -18 -36|0.2 23|3 1 0 -1 -6
4557 永新-KY|汽車工業|28 28 7|92 92 27 9|1.3 29|36 5 6 -15 42
4561 健椿|電機機械|-35 -22 -39|79 79 32 72|0.2 95|1 -0 0 -3 6
4562 穎漢|電機機械|4 8 11|80 80 -4 194|0.2 193|2 0 0 11 20
4563 百德|電機機械|-17 31 -2|79 79 55 112|0.2 302|4 -1 0 -30 14
4564 元翎|電機機械|-24 -13 13|82 82 -18 5|0.2 9|3 -9 0 -4 -6
4566 時碩工業|電機機械|15 23 17|77 77 -1 72|0.2 209|4 -2 -0 4 22
4569 六方科-KY|汽車工業|19 31 10|81 81 153 167|5.4 232|67 1 0 91 na
4571 鈞興-KY|電機機械|1 12 -12|87 87 31 76|0.3 132|67 1 2 -37 1
4572 駐龍|電機機械|-8 6 -5|86 91 -3 -2|0.5 11|2 -20 0 -7 12
4576 大銀微系統|電機機械|18 18 21|93 93 84 86|0.3 284|7 6 1 25 -41
4577 達航科技|其他電子|42 37 67|92 92 20 35|3.4 8|1 0 0 611 39
4583 台灣精銳|電機機械|11 17 12|91 91 121 186|0.8 1123|2 1 1 16 -14
4588 玖鼎電力|其他電子|22 8 -39|na 68 -12 -23|0.6 6|4 -0 0 43 119
4707 磐亞|化學工業|4 15 11|90 90 -2 10|0.3 7|1 -15 0 -15 31
4714 永捷|化學工業|125 78 49|68 79 -12 -13|0.2 27|2 2 0 -4 2
4716 大立|化學工業|3 9 -1|86 86 50 65|0.8 173|3 -1 0 12 5
4720 德淵|化學工業|11 10 3|81 81 -16 13|0.4 14|12 -0 -3 3 2
4721 美琪瑪|化學工業|-25 -12 10|78 83 1 -3|2.5 8|2 -6 0 10 21
4722 國精化|化學工業|8 18 -9|84 84 -2 13|0.3 6|4 -10 0 17 31
4726 永昕|生技醫療|36 139 105|81 81 -6 9|1.0 32|24 -1 0 -7 -9
4729 熒茂|光電業|-3 -6 13|85 85 49 79|0.5 132|1 -0 0 21 37
4736 泰博|生技醫療|21 23 33|89 98 4 7|0.5 17|11 10 0 -23 21
4739 康普|化學工業|-15 -13 12|71 82 -4 -4|2.8 8|2 -4 -0 9 -3
4743 合一|生技醫療|69 53 -2|59 73 -16 -13|1.6 175|11 49 0 -2 -14
4746 台耀|生技醫療|-5 -8 -17|80 82 -7 -4|0.6 39|6 -9 -0 -1 7
4755 三福化|化學工業|-16 2 1|80 85 4 -10|0.4 28|31 -4 -0 8 8
4760 勤凱科技|其他電子|69 34 2|79 79 5 8|0.4 60|4 -2 0 -27 -23
4763 材料*-KY|化學工業|23 35 -69|70 87 1 16|0.6 1446|52 1 1 -11 13
4766 南寶|化學工業|8 12 2|77 77 -10 -17|0.9 120|16 -22 -8 15 133
4768 晶呈科技|化學工業|61 56 45|79 86 9 -16|1.1 96|4 -1 -3 -0 17
4770 上品|化學工業|33 44 39|73 78 -12 -18|1.3 92|11 -1 -9 1 16
4771 望隼|生技醫療|-5 7 na|na 63 -17 -36|1.3 28|5 -16 0 50 182
4807 日成-KY|貿易百貨|56 79 42|100 100 75 79|1.5 16|76 3 0 70 85
4903 聯光通|通信網路|-5 18 -14|86 86 71 172|0.7 775|1 -0 0 18 36
4904 遠傳|通信網路|6 7 -5|95 95 2 7|0.6 404|18 -16 17 113 -14
4906 正文|通信網路|-19 0 9|78 78 -14 8|0.4 96|24 -10 0 4 24
4907 富宇|建材營造|83 61093 -498924|54 54 -41 -21|0.5 6|1 2 0 0 10
4908 前鼎|通信網路|-24 -25 -48|80 83 18 3|0.5 440|3 -1 0 17 12
4909 新復興|通信網路|367 420 136|66 66 14 46|0.4 1434|6 -2 0 -13 8
4912 聯德控股-KY|電子零組|-4 10 -13|77 77 3 -19|1.5 11|29 -12 0 3 1
4915 致伸|電子零組|-3 2 10|74 74 -10 -13|1.3 178|43 -16 14 4 33
4916 事欣科|電腦及週|-2 5 -2|79 79 -4 -8|1.8 15|1 -4 0 7 7
4919 新唐|半導體業|-13 -11 -3|70 80 2 -16|6.4 202|8 -3 1 83 48
4927 泰鼎-KY|電子零組|12 11 15|71 71 -18 0|1.3 99|15 0 0 19 31
4931 新盛力|電腦及週|43 100 95|93 93 25 14|1.2 18|8 3 0 -5 3
4933 友輝|光電業|-0 4 -22|87 87 -1 3|0.7 45|6 -11 0 19 38
4934 太極|光電業|-89 -89 -7|53 59 -27 -31|1.5 9|2 6 0 -12 -89
4935 茂林-KY|光電業|19 28 20|99 99 31 12|0.7 50|29 5 5 -2 39
4938 和碩|電腦及週|-18 -5 5|83 83 -3 0|0.9 467|33 1 4 8 -3
4945 陞達科技|半導體業|23 9 -35|60 72 -6 -13|1.6 9|6 4 0 5 -3
4952 凌通|半導體業|0 11 -4|74 74 -3 8|2.0 21|7 -6 0 3 38
4953 緯致|資訊服務|14 18 0|80 86 0 -13|0.9 20|6 -6 0 -5 -3
4956 光鋐|光電業|41 28 23|91 91 61 94|0.3 203|24 4 0 -6 -27
4958 臻鼎-KY|電子零組|8 23 5|71 71 -18 -5|0.7 719|63 -12 -4 8 -3
4960 誠美材|光電業|-16 -10 -14|73 73 -16 0|0.9 15|23 -22 0 3 1
4961 天鈺|半導體業|23 25 18|84 86 -5 -10|1.6 313|20 11 -3 12 -28
4966 譜瑞-KY|半導體業|0 21 -2|52 76 -7 -10|1.3 366|47 -13 -0 11 26
4967 十銓|半導體業|-20 90 -24|51 51 -22 -20|0.3 117|4 -1 -1 -3 23
4968 立積|半導體業|25 24 -3|67 67 -15 -13|0.7 301|20 -5 -2 7 56
4971 IET-KY|半導體業|-32 -29 -31|79 79 34 10|0.4 168|13 -1 0 -2 49
4974 亞泰|電子零組|78 64 52|80 80 31 38|0.6 101|11 2 0 -6 -3
4976 佳凌|光電業|37 47 31|67 67 -10 -5|0.5 14|4 -4 0 -4 2
4977 眾達-KY|通信網路|111 63 102|86 86 52 57|0.5 872|32 0 -0 -8 -37
4979 華星光|通信網路|8 8 -46|79 90 45 22|0.5 2618|13 0 0 -25 6
4991 環宇-KY|半導體業|21 30 -17|100 100 100 126|2.1 106|5 -1 0 818 123
5009 榮剛|鋼鐵工業|-17 -8 -5|87 89 -0 -8|1.1 92|9 -4 5 -10 3
5014 建錩|鋼鐵工業|6 9 5|92 92 17 40|0.6 43|4 1 0 42 44
5202 力新|資訊服務|5 -7 -22|92 92 31 61|5.3 102|4 0 0 50 -7
5203 訊連|資訊服務|11 9 -5|82 82 -9 2|1.0 12|15 -15 0 -1 14
5210 寶碩|資訊服務|-12 -21 -18|46 81 30 -4|0.7 13|2 5 0 na na
5213 亞昕|建材營造|-95 -91 -1067|62 62 -30 -34|0.5 29|2 9 0 -25 -6
5222 全訊|半導體業|-5 7 -7|75 80 -14 -18|0.6 26|4 -11 0 -5 7
5225 東科-KY|其他電子|-7 11 -6|77 77 0 3|0.5 133|45 -15 0 10 34
5230 雷笛克光學|光電業|18 25 -0|78 78 5 -4|0.3 94|1 -1 0 9 8
5234 達興材料|光電業|-7 -9 -6|88 88 68 55|0.9 525|8 -1 -1 1 -38
5236 凌陽創新|半導體業|16 15 0|84 84 8 19|0.6 162|5 1 0 -13 2
5243 乙盛-KY|光電業|19 25 27|92 92 9 16|2.2 94|49 2 1 -10 -4
5258 虹堡|電腦及週|2 0 2|74 80 -13 -10|1.1 70|3 -0 -0 -12 -1
5263 智崴|文化創意|93 80 43|88 88 -2 46|1.0 167|18 1 0 -2 70
5269 祥碩|半導體業|-16 24 -20|63 68 6 -12|0.7 1296|20 2 4 5 22
5272 笙科|半導體業|14 -6 -25|75 90 9 -0|0.9 14|3 10 0 -5 -34
5274 信驊|半導體業|120 153 83|81 81 15 32|1.2 1985|53 2 -4 19 11
5278 尚凡*|數位雲端|8 4 -5|97 97 65 62|1.3 9|1 -1 0 na na
5283 禾聯碩|電器電纜|34 22 19|93 94 2 -6|0.3 5|2 39 0 -16 5
5284 jpp-KY|其他|0 -3 1|69 95 37 10|3.0 135|57 2 2 73 -16
5285 界霖|半導體業|13 2 5|84 88 -0 -4|0.7 7|1 -7 0 -7 0
5287 數字|數位雲端|4 5 -1|98 98 3 0|0.5 6|19 2 0 -42 1
5288 豐祥-KY|電機機械|-28 -8 -2|87 87 1 9|1.1 37|60 -5 4 30 63
5289 宜鼎|電腦及週|2 17 11|80 80 -5 -7|0.6 51|27 -23 -0 -0 19
5292 華懋|綠能環保|27 32 18|na 90 1 15|0.6 32|4 7 0 -61 10
5299 杰力|半導體業|-9 -3 -8|73 83 -7 -1|1.3 8|1 -18 0 -7 5
5306 桂盟|運動休閒|25 18 21|83 83 -8 -7|0.6 26|18 -32 -0 18 -10
5309 系統電|電子零組|-21 -10 -8|77 77 -21 0|0.3 32|2 -4 -0 -6 6
5314 世紀*|其他|957 na na|60 98 42 -4|1.4 42|6 2 0 2 5
5315 光聯|光電業|30 13 33|93 93 13 15|1.4 11|7 1 0 60 16
5328 華容|電子零組|-6 -9 14|84 84 1 10|2.5 11|3 3 0 2 1
5340 建榮|電子零組|56 82 21|64 69 -5 -22|0.5 23|50 -6 0 1 15
5347 世界|半導體業|34 12 0|70 70 -18 9|1.0 718|13 -4 -3 13 6
5351 鈺創|半導體業|6 41 8|67 72 -4 -20|0.9 98|9 -14 0 6 53
5356 協益|電腦及週|57 56 24|93 93 -3 5|0.7 5|5 -10 0 3 18
5364 力麗店|觀光餐旅|11 -17 -19|81 81 47 124|0.2 5|1 -2 0 na na
5371 中光電|光電業|-3 3 5|57 57 -8 -26|0.7 79|14 3 -1 -8 -15
5381 光譜|電機機械|546 567 166|69 74 -11 -23|0.3 8|0 -1 0 na na
5386 青雲|電腦及週|407 293 195|90 90 59 42|2.7 244|2 -2 0 35 83
5388 中磊|通信網路|-26 -12 -3|76 89 -1 -8|0.7 151|17 -5 5 -7 -5
5392 能率|光電業|-8 -7 -9|70 70 -11 8|0.4 37|4 3 0 1 3
5425 台半|半導體業|0 2 9|70 82 2 -7|0.8 80|13 4 -2 3 3
5426 振發|電腦及週|-0 -1 13|73 74 1 -1|1.7 14|2 2 0 15 3
5432 新門|綠能環保|-64 -12 -9|74 74 -14 53|0.7 86|0 -3 0 -3 3
5434 崇越|電子通路|26 23 17|96 96 16 16|1.2 228|26 -3 7 29 23
5438 東友|電腦及週|30 25 27|94 94 123 117|2.9 172|1 0 0 -6 569
5439 高技|電子零組|2 -4 -5|61 89 6 -1|0.3 93|5 -5 0 2 10
5443 均豪|半導體業|6 56 26|79 79 25 123|0.1 807|6 -5 -1 -11 7
5452 佶優|其他電子|-1 3 -0|87 87 14 63|0.5 279|7 -0 0 32 3
5457 宣德|電子零組|44 43 24|71 79 -1 -19|0.6 16|38 3 0 -4 2
5460 同協|電子零組|-24 -26 -2|86 86 38 42|0.6 20|2 0 0 16 32
5469 瀚宇博|電子零組|-0 0 6|78 87 6 -5|0.6 103|12 -8 0 -17 129
5471 松翰|半導體業|-10 -1 -14|82 88 -1 -6|1.9 14|12 -17 6 19 13
5474 聰泰|電腦及週|16 -11 -20|78 78 -1 33|0.3 48|3 4 0 -19 -15
5478 智冠|文化創意|16 24 16|72 91 6 -8|4.0 11|22 -7 -0 30 -11
5481 新華|其他|1 0 -3|89 89 68 92|0.4 33|30 2 0 4 12
5483 中美晶|半導體業|-12 3 4|68 70 -17 -16|0.6 437|20 -44 4 15 -65
5484 慧友|光電業|-26 17 -5|47 47 -30 120|0.3 42|1 0 0 na na
5488 松普|電子零組|78 59 75|79 89 19 20|5.7 13|4 0 0 27 20
5493 三聯|其他電子|14 17 -2|87 91 13 1|0.6 20|2 -0 0 8 26
5498 凱崴|電子零組|-6 4 -3|79 79 -3 2|0.7 9|4 2 0 -4 5
5508 永信建|建材營造|35 47 -208|71 71 -25 7|0.4 205|8 12 9 -13 20
5511 德昌|建材營造|20 0 -3|86 93 -3 -7|1.7 9|2 20 0 5 -24
5512 力麒|建材營造|-35 -41 -22|73 73 -18 -17|0.4 13|6 11 0 -17 -7
5519 隆大|建材營造|-30 31 -233|60 60 -33 -22|0.3 26|6 11 -7 -15 -5
5521 工信|建材營造|58 38 1|77 85 -9 -18|1.3 33|4 -0 6 1 -6
5522 遠雄|建材營造|39 85 -176|73 73 -16 -17|0.7 62|7 -8 -7 7 -1
5530 龍巖|其他|-6 -5 -8|82 82 -7 9|0.7 8|56 -8 0 -1 -13
5534 長虹|建材營造|71 46 -423|65 65 -29 -26|1.1 126|15 14 -13 -7 43
5536 聖暉*|其他電子|18 18 12|98 98 49 77|1.5 257|22 -3 5 34 57
5603 陸海|航運業|-4 13 13|88 88 16 36|3.5 50|7 -1 0 111 30
5607 遠雄港|航運業|15 20 5|70 72 -15 -22|1.5 15|2 -11 0 -5 -1
5608 四維航|航運業|13 9 19|75 75 -4 -8|0.6 15|4 3 0 -9 2
5609 中菲行|航運業|45 47 33|89 89 -4 -6|0.5 14|17 -25 1 2 2
5706 鳳凰|觀光餐旅|14 11 -254|75 76 -5 -18|0.6 9|3 12 0 -2 -15
5864 致和證|金融業|64 111 74|86 86 -5 -12|1.1 11|1 -14 0 -0 -7
5871 中租-KY|其他|5 4 -3|79 90 -0 -8|0.8 1432|51 -6 3 -19 -12
5876 上海商銀|金融保險|-16 -4 -7|85 86 -2 -12|1.0 327|56 17 -1 51 -4
5880 合庫金|金融保險|15 19 9|95 95 -4 -3|0.9 263|17 -21 3 13 69
5903 全家|居家生活|6 4 -2|98 98 1 2|0.9 5|51 -2 1 194 -13
5904 寶雅|居家生活|6 4 -4|92 92 -1 4|1.4 91|23 -14 11 16 3
5905 南仁湖|觀光餐旅|18 3 5|65 65 -2 34|0.2 50|2 1 0 -2 9
5907 大洋-KY|貿易百貨|-18 -16 -7|84 84 30 24|2.0 24|51 -1 0 36 95
6005 群益證|金融保險|34 34 -14|82 84 -3 -14|0.8 72|17 -5 10 -9 22
6015 宏遠證|金融業|58 17 -72|86 86 -5 -13|0.6 7|2 -10 0 -7 -5
6016 康和證|金融業|92 59 287|84 88 -4 -7|0.4 9|4 5 0 -12 -1
6024 群益期|金融保險|35 21 2|95 95 3 0|0.6 9|3 8 1 -51 -21
6026 福邦證|金融業|95 69 -119|81 86 -6 -14|0.8 7|4 -10 0 -11 -4
6101 寬魚國際|文化創意|-98 -69 -18810|78 78 -17 -19|1.0 8|4 -1 0 -23 11
6104 創惟|半導體業|27 35 11|90 90 63 50|0.6 927|18 4 0 -31 -21
6108 競國|電子零組|-26 -18 -10|74 81 -3 -11|1.0 13|5 8 0 20 26
6109 亞元|通信網路|-28 -30 4|87 97 9 3|2.3 6|1 -3 0 22 -4
6111 光聚晶電|文化創意|123 121 14|78 85 2 -8|1.7 19|10 -0 0 -3 -6
6112 邁達特|資訊服務|-27 -21 -17|62 68 -14 -17|1.0 25|2 3 0 7 10
6114 久威|電子零組|-20 -35 -16|91 91 32 77|1.8 16|3 4 0 -13 6
6117 迎廣|電腦及週|27 5 -29|66 66 -6 21|0.5 191|1 -1 -0 -0 19
6118 建達|電子通路|10 9 5|78 86 -0 0|0.4 14|1 -0 0 -9 -16
6120 達運|光電業|5 16 -22|75 84 0 -11|0.6 16|6 4 0 -4 -11
6121 新普|電腦及週|-2 -0 4|63 80 -4 -19|0.7 159|33 -15 -0 -6 78
6122 擎邦|電機機械|-10 -22 -41|77 94 3 -7|0.5 15|2 7 0 -8 3
6124 業強|電子零組|46 25 32|83 83 17 -3|0.6 12|51 0 0 54 -27
6125 廣運|電機機械|-47 -55 -7|67 67 -10 3|0.3 240|5 -1 0 4 2
6126 信音|電子零組|5 4 2|85 85 -9 11|1.4 68|2 -1 0 6 120
6127 九豪|電子零組|44 37 15|79 79 -5 10|1.0 30|2 0 0 9 8
6129 普誠|半導體業|-17 -24 2|64 76 -10 -15|0.7 6|1 7 0 -5 -17
6133 金橋|電子零組|8 26 17|96 96 30 86|3.9 68|6 -0 0 63 181
6134 萬旭|電子零組|94 69 51|95 95 102 108|1.4 231|26 -0 0 55 -9
6136 富爾特|通信網路|-30 -8 -2|88 92 -2 -2|1.0 5|3 -0 0 4 -1
6138 茂達|半導體業|6 9 -18|80 86 10 -9|0.8 353|17 -2 5 -23 -4
6139 亞翔|其他電子|-13 17 -75|66 91 7 -2|0.7 571|20 5 2 -8 -3
6142 友勁|通信網路|8 -22 39|90 90 19 29|4.3 23|2 -0 0 na na
6143 振曜|通信網路|-13 0 6|76 76 3 -3|0.6 246|5 -10 -2 1 68
6144 得利影|文化創意|-2 -5 -6|45 45 -32 160|0.2 10|33 -0 0 na na
6146 耕興|其他電子|-6 -5 0|79 89 -3 -6|0.8 26|35 -1 2 -9 -6
6147 頎邦|半導體業|5 7 11|84 84 -2 -12|0.8 111|17 -14 -10 -1 14
6148 驊宏資|資訊服務|10 58 34|73 94 13 -4|0.6 8|1 -1 0 -4 32
6150 撼訊|電腦及週|-36 -29 -41|75 91 4 -5|4.1 18|2 -2 0 7 8
6151 晉倫|其他電子|3 2 -4|99 99 93 131|0.3 160|4 1 0 24 -28
6152 百一|通信網路|7 41 44|77 77 -4 52|0.3 28|5 -2 0 na na
6153 嘉聯益|電子零組|-28 -29 -2|77 77 -14 -1|0.7 18|11 -3 0 -0 3
6155 鈞寶|電子零組|62 32 35|86 86 2 5|0.8 7|8 -1 0 9 6
6156 松上|電子零組|27 33 19|80 80 29 47|2.8 224|6 -2 0 34 110
6160 欣技|電腦及週|-3 22 32|75 75 -0 27|0.4 6|5 14 0 9 -11
6161 捷波|電腦及週|-21 -17 -18|62 62 -23 -4|0.8 10|4 0 0 -31 19
6163 華電網|資訊服務|-8 -7 -12|82 82 0 19|0.3 33|8 -12 0 -24 56
6164 華興|光電業|31 18 4|78 83 -3 -3|3.1 9|9 -10 0 -11 -75
6165 浪凡|數位雲端|3 6 3|92 98 37 21|2.5 48|6 3 0 4 2
6166 凌華|電腦及週|-9 -9 7|83 83 0 15|1.1 15|12 17 0 -36 -21
6167 久正|光電業|-4 -33 7|88 96 13 9|0.9 10|5 4 0 -6 -10
6168 宏齊|光電業|4 6 4|81 92 6 -1|1.1 48|3 -2 0 15 24
6170 統振|通信網路|27 25 -4|86 86 -2 -6|1.2 16|3 -8 0 -1 42
6173 信昌電|電子零組|4 3 1|78 78 -9 -3|0.7 13|2 -0 0 15 1
6175 立敦|電子零組|17 25 11|80 80 -13 -7|0.4 5|19 -17 0 -1 -3
6176 瑞儀|光電業|22 24 19|95 95 16 1|0.8 325|33 20 8 -14 -27
6177 達麗|建材營造|69 -21 -1406|63 63 -30 -31|0.3 91|10 18 -19 1 -18
6179 亞通|其他|55 3 11|87 90 5 3|0.5 62|7 4 0 27 -4
6180 橘子|文化創意|5 21 10|96 96 7 6|1.7 47|37 -12 0 16 14
6182 合晶|半導體業|-10 -10 10|64 74 -16 -21|1.1 42|12 11 2 -2 -4
6186 新潤|建材營造|-40 148 -15004|59 59 -34 -21|0.4 42|4 0 0 2 11
6187 萬潤|半導體業|486 485 211|86 86 74 90|0.3 580|16 0 -8 31 -14
6188 廣明|電腦及週|-41 -37 -15|77 77 -2 4|0.3 199|4 -2 0 -21 8
6189 豐藝|電子通路|-3 8 -28|79 79 -5 -3|0.4 61|9 3 2 -0 5
6190 萬泰科|通信網路|31 34 20|85 85 3 2|0.7 23|9 -1 0 -5 -13
6191 精成科|電子零組|-4 -3 -0|77 77 -11 -21|1.6 116|12 -20 4 19 111
6192 巨路|其他電子|1 19 7|84 84 -4 -8|0.5 9|20 -27 0 26 7
6194 育富|電子零組|6 17 7|80 80 15 20|0.1 12|6 -2 0 4 30
6196 帆宣|其他電子|7 16 6|90 90 5 0|0.7 55|7 9 -1 -5 -19
6197 佳必琪|電子零組|21 43 -1|91 91 14 24|2.0 542|12 1 -0 56 14
6202 盛群|半導體業|19 9 32|79 85 7 -6|1.0 68|9 -2 1 21 10
6203 海韻電|電子零組|-49 -63 -33|71 79 -14 -16|0.7 6|1 -4 0 -10 2
6204 艾華|電子零組|17 8 -8|57 60 -34 -29|1.4 14|1 -1 0 0 3
6205 詮欣|電子零組|39 30 28|79 86 0 -5|0.6 10|5 -11 0 7 -10
6206 飛捷|電腦及週|37 37 9|89 89 2 5|0.6 18|17 1 0 -8 -13
6207 雷科|電子零組|3 -13 -38|80 80 7 -2|0.4 203|2 -0 0 5 7
6208 日揚|半導體業|-6 -13 -5|78 83 3 -16|0.4 16|2 -0 0 -8 3712
6209 今國光|光電業|-23 -25 -5|75 75 -4 4|0.4 7|4 6 0 -3 -2
6213 聯茂|電子零組|19 20 6|58 58 -9 -24|0.7 334|7 -5 -0 7 12
6214 精誠|資訊服務|19 11 -3|97 97 12 6|0.6 62|15 7 3 -10 32
6215 和椿|其他電子|102 109 74|89 89 -1 35|0.1 145|8 -1 0 -6 -0
6216 居易|通信網路|10 47 -9|97 97 15 45|4.2 51|7 -2 0 56 108
6217 中探針|電子零組|28 23 19|82 82 2 -2|0.5 25|5 11 0 3 -7
6218 豪勉|通信網路|5 8 6|87 87 22 23|0.7 79|1 -0 0 9 24
6219 富旺|建材營造|-34 -37 -2287|67 67 -30 -17|0.3 14|3 -2 0 -3 -3
6220 岳豐|電子零組|28 17 12|97 99 22 18|1.2 13|3 13 0 -15 -14
6223 旺矽|半導體業|35 27 8|92 92 47 94|0.8 2251|23 1 -0 -4 -6
6224 聚鼎|電子零組|31 14 14|85 85 27 27|0.6 68|13 -1 2 4 122
6227 茂綸|電子通路|-14 -8 8|81 81 1 21|1.6 8|3 6 0 -1 -4
6229 研通|半導體業|97 63 23|85 85 4 15|2.5 14|5 -6 0 9 35
6230 尼得科超眾|電腦及週|-16 -24 7|59 59 -11 -34|0.5 18|89 1 0 -4 -5
6231 系微|資訊服務|28 14 -3|88 88 35 164|0.6 988|24 3 0 -16 -27
6233 旺玖|半導體業|37 43 36|66 81 1 -12|0.5 10|5 3 0 5 -2
6234 高僑|光電業|-37 -34 -18|83 83 2 -0|1.5 6|11 -2 0 5 4
6235 華孚|電腦及週|-17 -5 -19|54 73 -5 -25|5.8 68|6 -6 0 17 8
6237 驊訊|半導體業|19 23 35|68 83 8 -2|0.7 36|3 -6 0 5 71
6239 力成|半導體業|-5 -1 -9|66 66 -11 -24|0.9 388|36 -8 -5 6 -2
6241 鑫永洋|通信網路|10 1 14|93 93 59 60|1.5 30|1 1 0 na na
6243 迅杰|半導體業|-12 -24 -13|60 77 -0 -9|0.4 14|2 0 6 -3 4
6244 茂迪|光電業|-18 -25 2|74 74 -9 -1|0.6 24|11 10 0 -7 -7
6245 立端|通信網路|26 14 31|77 92 0 -2|0.5 20|9 13 0 -5 -1
6246 臺龍|光電業|-11 6 11|84 84 70 74|3.0 28|1 1 0 -11 27
6248 沛波|鋼鐵工業|56 52 22|87 88 -4 -11|1.6 19|4 -8 0 -10 37
6257 矽格|半導體業|14 11 -0|88 88 -2 -6|1.2 286|25 -7 1 -11 22
6261 久元|半導體業|-4 18 -4|89 89 3 -0|1.2 26|8 2 0 54 10
6263 普萊德|通信網路|4 3 2|87 87 5 12|0.3 18|2 2 0 -12 -14
6266 泰詠|電子零組|5 -1 15|95 95 3 -1|0.9 6|2 16 0 -4 -22
6269 台郡|電子零組|-35 -18 -2|79 79 -13 -20|0.5 78|13 -19 4 -3 19
6270 倍微|電子通路|-16 -20 5|77 77 0 28|0.4 10|3 11 0 -6 -19
6271 同欣電|半導體業|22 15 10|76 79 -6 -14|1.5 74|18 -6 -0 -3 33
6274 台燿|電子零組|51 59 24|84 84 0 -13|0.9 984|31 -3 -6 -31 28
6277 宏正|電腦及週|13 4 10|97 97 1 2|1.4 5|7 3 1 81 -12
6278 台表科|光電業|-19 -13 -6|77 77 -12 -10|0.8 145|20 -2 6 -3 3
6279 胡連|電子零組|18 14 -4|89 89 13 17|0.5 161|14 -2 -3 3 17
6282 康舒|電子零組|-14 -13 -45|76 84 -5 -12|1.0 60|7 6 -0 -1 -4
6283 淳安|其他電子|7 3 -10|87 87 13 -10|6.9 6|19 -2 0 13 13
6284 佳邦|電子零組|15 10 -6|80 80 -3 -8|0.9 152|4 -6 0 5 58
6285 啟碁|通信網路|-10 -11 -13|71 71 -12 -21|2.3 218|10 -14 1 18 22
6288 聯嘉|汽車工業|22 26 -3|79 91 6 -9|6.4 40|2 -3 0 10 46
6290 良維|電子零組|14 7 -0|78 88 -2 3|0.7 157|4 -5 -1 0 34
6291 沛亨|半導體業|-45 -38 -42|43 68 -14 -29|0.9 7|1 2 0 11 -2
6292 迅德|電子零組|-33 -23 0|78 83 -4 -11|0.8 7|1 -2 0 8 -27
6405 悅城|光電業|-46 -36 -3|90 90 84 94|1.0 254|2 0 0 -6 -1
6409 旭隼|其他電子|34 50 36|88 88 17 43|1.3 398|69 1 1 46 -18
6411 晶焱|半導體業|25 18 2|76 91 8 -1|0.5 22|7 6 -0 -13 -8
6412 群電|電子零組|7 6 8|72 83 -4 -16|0.6 79|13 -29 -3 1 -8
6414 樺漢|電腦及週|19 26 9|83 89 0 -4|0.8 204|19 -1 -6 0 35
6415 矽力*-KY|半導體業|8 21 7|90 90 20 22|0.8 1655|88 6 2 -29 -20
6416 瑞祺電通|通信網路|17 22 23|86 86 10 27|1.0 96|9 -1 0 -0 10
6419 京晨科|光電業|28 109 -101|65 65 -20 42|0.4 11|11 -0 0 na na
6425 易發|電機機械|22 55 -50|93 96 47 2|1.3 718|3 0 0 15 -60
6426 統新|通信網路|-15 -25 -25|75 83 11 4|0.4 56|7 3 0 27 -12
6435 大中|半導體業|4 2 -14|91 93 10 12|1.5 11|3 5 0 8 -6
6438 迅得|其他電子|7 6 17|88 88 72 67|0.9 1375|21 2 3 22 46
6441 廣錠|電腦及週|72 37 49|78 93 11 11|0.3 6|2 13 0 -4 -12
6442 光聖|通信網路|179 148 76|91 91 2 186|1.3 3826|35 1 1 -2 6
6443 元晶|光電業|-34 -35 3|71 71 -15 -14|0.7 53|14 1 -0 -5 -2
6446 藥華藥|生技醫療|132 109 13|88 88 -0 104|0.4 708|22 1 -2 -4 -39
6449 鈺邦|電子零組|22 12 -9|79 79 1 32|0.7 256|2 2 -4 1 -3
6451 訊芯-KY|半導體業|20 2 13|78 78 0 18|0.8 1267|63 -1 0 3 28
6456 GIS-KY|光電業|8 6 19|80 80 -8 -5|1.5 38|50 -1 -1 0 5
6457 紘康|半導體業|17 24 -18|90 93 18 36|0.3 30|4 0 0 11 17
6462 神盾|半導體業|30 32 9|57 63 -18 -20|0.4 270|12 -3 -2 -6 19
6469 大樹|生技醫療|6 6 -1|62 76 -7 -22|0.6 37|6 -8 0 -3 -0
6472 保瑞|生技醫療|99 83 67|77 77 -11 -1|0.7 565|12 -10 -3 6 25
6477 安集|光電業|24 18 56|74 74 -5 -4|0.8 8|2 11 0 -5 -11
6486 互動|通信網路|133 58 14|90 90 1 -6|0.8 12|6 -6 0 14 1
6488 環球晶|半導體業|-20 -8 5|69 72 -17 -19|0.8 473|20 -25 -1 3 5
6491 晶碩|生技醫療|-2 -1 -9|74 77 -10 -21|1.5 131|10 -15 -6 4 20
6492 生華科|生技醫療|0 0 0|80 80 -6 21|3.0 20|5 -4 0 12 32
6505 台塑化|油電燃氣|-24 -8 -4|56 68 -26 -33|0.6 259|6 -15 5 4 54
6506 雙邦|紡織纖維|44 27 10|89 89 8 15|0.6 12|1 0 0 -38 26
6509 聚和|化學工業|10 4 5|100 100 11 22|3.4 57|9 12 -0 -13 12
6510 精測|半導體業|47 34 34|98 98 33 25|1.6 366|12 9 4 6 -5
6515 穎崴|半導體業|89 99 78|91 91 37 51|0.7 831|21 4 1 -16 14
6517 保勝光學|光電業|16 14 22|78 85 15 7|0.2 41|1 1 0 -7 7
6523 達爾膚|生技醫療|4 2 -15|79 79 -2 -17|0.8 5|7 -24 0 11 14
6525 捷敏-KY|半導體業|2 7 4|94 94 10 11|1.7 64|12 -1 0 156 38
6526 達發|半導體業|13 50 20|78 78 7 -6|0.8 299|8 -5 -1 -26 47
6530 創威|通信網路|13 11 3|88 88 72 56|0.8 1328|7 0 0 -34 -3
6531 愛普*|半導體業|3 4 -5|57 76 -1 -15|0.7 451|14 -0 -1 -4 8
6532 瑞耘|半導體業|-11 -6 -5|85 85 8 18|0.6 34|2 -1 0 11 20
6533 晶心科|半導體業|510 167 98|73 94 16 7|1.1 299|18 5 -0 -2 -15
6535 順藥|生技醫療|-9 -46 -583|93 93 60 92|1.3 198|6 -0 0 na na
6538 倉和|電子零組|-11 -7 -41|62 62 -16 -22|0.4 22|3 2 0 -8 -2
6541 泰福-KY|生技醫療|671 299 -18|83 83 15 39|0.7 7|21 -22 0 -4 0
6546 正基|通信網路|9 7 -4|52 52 -27 -7|0.7 572|7 3 -8 4 -5
6547 高端疫苗|生技醫療|5 na na|56 75 -7 -20|0.8 26|6 0 0 -0 6
6548 長科*|半導體業|20 10 12|87 87 -2 -4|0.7 57|6 -8 0 -16 8
6550 北極星藥業-KY|生技醫療|306 na na|64 68 -19 -28|0.6 26|68 3 0 -13 na
6552 易華電|半導體業|-18 -1 -22|71 71 -3 -10|0.4 7|1 -2 0 1 -9
6561 是方|通信網路|21 22 11|89 89 11 38|0.3 30|12 -5 -0 -1 1
6568 宏觀|半導體業|9 10 23|79 91 8 -2|0.7 12|3 -0 0 0 9
6569 醫揚|生技醫療|-41 -21 -5|70 70 -19 14|0.3 6|3 -3 0 -6 3
6570 維田|電腦及週|-3 -6 6|71 71 -7 -3|0.1 15|2 0 0 -13 0
6576 逸達|生技醫療|-58 na na|73 78 -2 -17|0.6 7|26 -4 0 na na
6577 勁豐|電腦及週|-29 -23 -19|75 75 -13 -2|0.5 6|2 -6 0 12 -25
6579 研揚|電腦及週|-21 -16 -6|70 70 -17 -15|2.6 15|3 8 -2 -10 -20
6581 鋼聯|綠能環保|112 29 12|96 96 7 17|1.2 18|1 4 1 289 -12
6582 申豐|橡膠工業|213 204 126|86 86 4 25|0.5 7|16 -1 0 -8 -12
6584 南俊國際|電子零組|24 41 3|76 76 -3 -3|0.5 29|8 4 0 -2 77
6585 鼎基|其他|-2 14 -13|63 63 -17 -34|0.5 39|12 5 -6 -6 7
6589 台康生技|生技醫療|-9 21 -7|86 95 7 16|2.4 33|6 4 0 13 3
6591 動力-KY|電腦及週|-4 -13 -9|74 78 2 -8|1.5 8|21 -1 0 -1 -16
6592 和潤企業|其他|-17 -4 -16|70 76 -9 -24|0.8 35|24 -17 -0 7 4
6593 台灣銘板|資訊服務|-21 -20 -36|44 69 2 -31|4.5 11|1 1 0 na 11
6596 寬宏藝術|文化創意|3 -24 -135|83 92 2 -17|0.9 6|5 -1 0 6 1
6603 富強鑫|電機機械|11 21 6|83 83 -5 10|0.3 21|6 -3 0 2 -25
6605 帝寶|汽車工業|8 10 1|87 87 -7 23|0.6 151|16 -11 -15 12 70
6606 建德工業|電機機械|-15 -21 -8|85 85 16 20|1.0 8|2 2 0 3 6
6609 瀧澤科|電機機械|106 48 57|89 89 116 203|0.8 825|55 0 0 -21 -3
6612 奈米醫材|生技醫療|53 61 38|81 81 -9 17|0.2 8|27 -14 0 -0 31
6613 朋億*|其他電子|42 15 -2|86 93 18 -7|1.4 35|5 1 3 42 24
6617 共信-KY|生技醫療|3 -4 na|na na -19 na|0.3 13|38 -2 0 na na
6625 必應|其他|61 11 -21|78 92 6 -7|0.5 14|2 10 0 -1 -27
6629 泰金-KY|居家生活|39 41 -1|89 89 12 47|1.2 11|77 9 0 na -54
6637 醫影|生技醫療|156 60 na|na na -0 na|0.6 9|1 3 0 na -68
6640 均華|半導體業|88 106 -7|63 63 -15 64|1.0 510|6 3 -4 na -48
6642 富致|電子零組|31 30 8|88 88 4 3|1.1 20|4 6 0 -38 15
6643 M31|半導體業|-8 -12 -19|45 51 -28 -21|1.3 782|14 -10 -1 36 100
6651 全宇昕|半導體業|22 25 27|80 80 22 30|0.3 29|10 10 0 -8 25
6658 聯策|其他電子|-17 -13 -15|na 96 55 160|1.6 537|6 1 0 26 17
6664 群翊|電子零組|-11 -0 -3|82 82 12 52|0.4 153|5 -11 1 -2 35
6667 信紘科|其他電子|131 80 46|94 94 29 43|0.6 202|14 5 0 11 3
6668 中揚光|光電業|12 26 23|61 62 -12 -38|0.6 25|14 -10 0 2 16
6669 緯穎|電腦及週|120 87 64|63 63 -6 -19|0.7 2959|35 -3 0 -5 4
6670 復盛應用|運動休閒|24 35 30|98 98 7 14|0.9 91|33 2 -1 -11 12
6672 騰輝電子-KY|電子零組|-12 -18 -7|73 83 1 -16|0.6 9|20 -6 13 1 -1
6679 鈺太|半導體業|-5 1 -32|72 77 10 -3|0.5 95|9 -1 -0 6 26
6683 雍智科技|半導體業|34 30 21|76 76 -4 11|0.4 81|13 -6 -0 na -1
6684 安格|半導體業|-14 -13 -88|50 66 -19 -23|0.5 10|2 1 0 -2 -12
6689 伊雲谷|數位雲端|25 35 7|70 75 -12 -9|0.8 20|7 -13 -8 13 -16
6690 安碁資訊|數位雲端|10 19 3|85 85 4 34|1.1 15|6 -4 0 na 34
6691 洋基工程|其他電子|12 -10 7|71 71 2 -17|0.6 100|6 0 2 8 29
6692 進能服|綠能環保|53 52 70|na 73 -17 46|0.3 7|0 -2 0 146 1220
6693 廣閎科|半導體業|18 15 14|94 94 17 26|1.1 21|11 5 0 -5 18
6695 芯鼎|半導體業|-15 -9 -6|61 72 -9 11|0.5 33|2 -1 0 5 12
6698 旭暉應材|其他電子|-21 -18 2|73 73 5 27|0.2 32|2 5 0 -20 -11
6703 軒郁|生技醫療|-8 1 -48|59 64 -27 -33|0.7 13|12 -1 0 na 5
6706 惠特|光電業|8 -18 22|94 94 51 229|0.5 570|10 3 -1 -4 -57
6712 長聖|生技醫療|3 10 -16|87 87 -3 2|0.6 22|5 -7 0 -6 11
6715 嘉基|電子零組|-7 -7 6|82 88 4 13|0.8 57|3 1 -1 5 27
6719 力智|半導體業|32 38 24|77 78 -2 -10|0.6 107|7 0 -5 -5 -7
6727 亞泰金屬|電子零組|-24 12 4|98 98 38 39|0.5 30|10 1 0 na -93
6732 昇佳電子|半導體業|-1 9 -24|52 71 -7 -24|1.5 40|4 -7 3 -3 20
6741 91APP*-KY|數位雲端|19 18 3|84 96 4 10|2.8 19|52 3 0 5 12
6742 澤米|光電業|33 58 44|na 85 21 -9|0.8 214|2 0 0 71 24
6743 安普新|其他電子|83 145 82|74 74 -17 -11|0.3 36|5 -13 0 -3 72
6753 龍德造船|航運業|-1 -18 -23|70 70 -8 0|0.2 69|4 -11 0 -1 23
6754 匯僑設計|居家生活|-6 4 -21|78 78 10 4|0.2 5|17 -5 0 -37 5
6756 威鋒電子|半導體業|-24 -20 -15|54 74 -12 -20|0.9 23|4 -2 -0 -2 -6
6757 台灣虎航|航運業|18 23 -131|87 87 13 58|0.6 65|4 -2 0 7 219
6761 穩得|電子零組|21 15 4|83 83 -5 3|0.4 13|7 -5 0 -2 -26
6763 綠界科技*|數位雲端|6 6 4|92 92 117 133|1.1 169|2 -3 0 na 119
6768 志強-KY|運動休閒|26 46 25|100 100 30 48|2.1 109|71 -0 5 53 136
6770 力積電|半導體業|11 12 15|60 66 -21 -26|1.8 253|8 -17 -0 0 10
6781 AES-KY|電子零組|7 5 18|68 77 1 -19|0.5 41|73 -9 5 2 4
6782 視陽|生技醫療|36 60 11|76 76 -8 -9|0.3 101|9 -3 -9 34 27
6785 昱展新藥|生技醫療|627 na na|na 58 -13 -35|1.1 30|10 -4 -0 28 9
6788 華景電|半導體業|64 58 19|87 87 32 102|0.5 349|15 -4 -0 26 44
6789 采鈺|半導體業|70 52 24|76 76 -6 6|0.6 211|9 0 -4 -1 -1
6799 來頡|半導體業|-23 -22 -16|50 67 -13 -27|0.5 24|10 4 0 0 -3
6803 崑鼎|綠能環保|13 10 5|94 94 -3 -5|1.3 15|3 5 0 2 15
6805 富世達|電子零組|36 27 -25|na 95 16 20|0.7 1148|17 9 0 -21 -20
6806 森崴能源|綠能環保|-9 28 -99|66 66 -20 -7|0.3 129|4 -1 -3 -7 12
6807 峰源-KY|居家生活|27 38 11|97 97 18 67|0.4 7|45 -1 0 6 1
6811 宏碁資訊|數位雲端|17 19 7|75 75 -3 -1|1.5 32|3 -4 -7 7 31
6821 聯寶|電子零組|50 22 26|89 89 45 38|6.5 39|2 1 0 1007 76
6829 千附精密|半導體業|13 -5 -9|81 81 10 8|0.4 94|2 -2 0 -19 18
6830 汎銓|其他電子|1 4 1|91 91 48 52|0.6 648|7 1 1 -3 23
6834 天二科技|電子零組|28 29 4|69 69 -14 20|0.3 8|11 -2 0 -10 22
6835 圓裕|電子零組|2 8 -1|89 89 8 -4|2.0 16|10 3 0 12 18
6841 長佳智能|生技醫療|371 379 38|68 68 -13 -6|0.5 20|1 -5 0 -8 6
6844 諾貝兒|生技醫療|0 -4 4|na 100 12 12|1.1 8|0 2 0 na na
6854 錼創科技-KY創|半導體業|180 67 -31|90 90 125 89|0.7 71|44 -1 0 145 33
6855 數泓科|其他電子|-2 14 -8|83 83 21 25|0.4 8|1 1 0 na 17
6859 伯特光|光電業|99 20 42|90 90 25 29|8.3 22|15 2 0 94 36
6863 永道-KY|通信網路|72 77 -1|88 88 18 80|0.4 239|76 -8 1 5 132
6869 雲豹能源|綠能環保|-39 -64 -39|64 64 -5 34|0.3 420|2 -1 0 -20 16
6873 泓德能源|綠能環保|32 660 489|78 78 3 23|0.6 289|6 -2 2 -18 93
6875 國邑*|生技醫療|na na na|na 74 2 -10|0.5 13|1 -8 0 na na
6877 鏵友益|其他電子|-36 -17 -51|73 73 1 99|0.1 30|4 4 0 -18 30
6890 來億-KY|運動休閒|40 39 na|na na 33 na|0.8 389|91 3 8 na 856
6895 宏碩系統|半導體業|-3 18 33|64 64 -17 84|0.4 37|2 1 0 -23 -2
6901 鑽石投資|其他|-100 49 223|68 82 -7 -6|1.1 18|1 -11 0 5 7
6903 巨漢|其他電子|-19 -14 na|na na -13 na|0.9 9|0 -7 0 na 18
6906 現觀科|數位雲端|7 -7 -40|na 87 27 24|1.0 102|12 -1 -1 13 46
6933 AMAX-KY|電腦及週|-41 -20 -11|na 71 5 -23|1.6 63|34 -4 0 78 55
6937 天虹|半導體業|-59 71 23|na 94 29 54|0.9 770|2 1 1 37 27
6951 青新-創|綠能環保|58 68 na|na na 34 na|1.9 6|0 3 0 na na
6953 家碩|半導體業|-43 -11 na|na na -0 na|0.3 8|0 -6 0 na 26
6957 裕慶-KY|其他|74 16 na|na na 2 na|0.4 32|8 -4 0 na na
7402 邑錡|光電業|-12 -19 -21|56 63 -15 -37|0.4 10|5 1 0 -5 -3
8011 台通|通信網路|-8 -10 -69|81 89 -5 26|0.9 84|3 1 0 0 1
8016 矽創|半導體業|11 11 -1|69 77 -9 -20|0.9 71|26 -6 4 -6 -5
8021 尖點|其他電子|19 31 8|98 98 17 33|1.9 98|14 1 0 -11 66
8027 鈦昇|電機機械|11 2 -8|74 74 7 10|0.5 238|3 -0 0 -21 14
8028 昇陽半導體|半導體業|23 20 24|93 93 18 152|0.4 1513|11 1 -0 -17 -0
8032 光菱|電子通路|38 24 31|98 98 176 169|3.2 409|2 0 0 -3 786
8033 雷虎|其他|12 23 8|67 69 -16 -25|0.3 43|1 -4 0 na 0
8034 榮群|通信網路|422 121 35|69 92 4 -3|1.4 11|2 -4 0 4 2200
8039 台虹|電子零組|2 15 -14|72 72 1 -0|0.2 159|15 -10 0 -9 -2
8040 九暘|半導體業|-4 -1 17|75 75 4 -0|0.5 30|3 -11 0 -9 156
8043 蜜望實|電子零組|1 1 12|83 83 53 72|1.0 69|2 -1 0 -11 23
8044 網家|數位雲端|-14 -13 -5|100 100 52 51|9.7 10|11 -1 0 51 -12
8046 南電|電子零組|-16 -10 20|52 64 -16 -29|0.8 243|5 -11 -0 4 6
8048 德勝|通信網路|-67 -64 -46|68 80 -4 -16|0.4 6|1 2 0 1 1
8050 廣積|電腦及週|-4 -6 16|89 89 -2 -3|0.9 23|5 6 5 -2 1
8054 安國|半導體業|-5 12 -18|67 72 -24 -10|0.2 215|5 -0 -2 0 2
8059 凱碩|通信網路|128 56 67|87 90 16 34|0.8 9|2 10 0 -7 na
8064 東捷|光電業|22 3 24|89 89 7 111|0.6 514|6 4 0 2 -43
8068 全達|電子通路|-19 -9 -29|67 78 -2 -10|1.0 9|7 -3 0 -2 3
8069 元太|光電業|25 36 39|92 92 9 37|0.8 1563|43 5 -2 -12 -15
8070 長華*|電子通路|21 13 13|82 82 27 27|0.5 332|8 -2 3 -10 34
8071 能率網通|電子零組|-8 -14 -6|75 75 -11 35|0.2 12|3 4 0 -16 -2
8074 鉅橡|電子零組|13 16 6|94 94 25 20|3.3 19|3 1 0 34 64
8076 伍豐|電腦及週|-47 -38 -27|86 86 -0 12|0.3 44|5 -7 0 0 32
8081 致新|半導體業|1 2 -2|71 71 -7 -24|0.5 77|28 -4 7 -11 25
8083 瑞穎|電機機械|-29 -6 -47|88 88 -7 -10|0.8 9|2 -18 0 23 25
8084 巨虹|電子通路|-27 -11 7|54 54 -23 -21|0.4 8|2 2 0 na 0
8085 福華|其他電子|-16 -1 21|36 36 -25 -48|0.9 48|3 -2 0 -8 20
8086 宏捷科|半導體業|11 43 -125|61 67 -9 -30|0.8 178|6 -13 0 -3 49
8089 康全電訊|通信網路|315 418 190|64 64 -16 14|0.5 152|3 2 0 -5 11
8091 翔名|半導體業|27 17 10|83 83 -3 17|0.5 60|10 -6 0 -18 24
8096 擎亞|電子通路|1 13 -39|69 69 -3 9|0.2 153|23 -3 -1 -16 12
8097 常珵|通信網路|956 1779 691|86 86 12 9|0.6 177|2 -0 0 -21 20
8099 大世科|資訊服務|33 -0 5|71 71 5 31|0.8 46|3 7 0 -1 -10
8103 瀚荃|電子零組|7 8 5|71 71 -16 26|0.3 47|26 -3 -2 -15 -5
8104 錸寶|光電業|-10 -11 -0|76 76 10 35|0.4 50|2 -2 0 10 11
8105 凌巨|光電業|16 14 23|72 72 -11 31|0.3 31|58 14 -4 -13 -12
8107 大億金茂|電機機械|58 51 33|100 100 54 111|6.3 19|2 -2 0 6 169
8110 華東|半導體業|12 14 8|72 72 -10 -10|0.7 25|7 -12 0 6 11
8111 立碁|光電業|15 14 12|88 88 90 88|0.6 734|3 0 0 4 -7
8112 至上|電子通路|72 50 -25|70 71 -14 -30|0.5 155|14 -13 3 0 27
8114 振樺電|電腦及週|34 42 31|94 94 13 72|0.8 93|21 -1 6 -38 20
8121 越峰|電子零組|29 37 17|66 66 -16 -8|0.7 17|3 3 0 na na
8131 福懋科|半導體業|7 28 18|88 88 -7 -6|0.6 7|4 -32 0 -28 17
8147 正淩|電子零組|20 20 2|69 69 -14 0|0.2 51|13 -4 -1 -20 2
8150 南茂|半導體業|-1 9 -5|71 79 -9 -21|0.5 65|37 -25 2 7 65
8155 博智|電子零組|43 36 16|89 95 8 0|1.0 92|8 5 0 35 16
8171 天宇|綠能環保|-12 57 35|82 88 -3 -10|1.6 6|2 1 0 -6 -7
8176 智捷|通信網路|13 0 -21|78 78 7 12|3.6 21|2 -0 0 na na
8183 精星|其他電子|15 8 9|71 85 4 -5|5.2 20|2 -3 0 33 24
8210 勤誠|電腦及週|62 83 12|84 84 4 1|0.4 401|13 10 -2 -9 -21
8213 志超|電子零組|-11 -10 -2|84 94 3 -5|0.5 12|17 -16 12 -5 4
8215 明基材|光電業|-0 -2 -6|91 97 6 3|1.1 15|2 15 7 0 2
8222 寶一|電機機械|19 24 -9|75 81 0 -17|0.5 7|3 -1 0 -6 -6
8227 巨有科技|半導體業|-33 -45 -51|42 67 -17 -22|0.5 34|2 -6 -0 1 8
8234 新漢|電腦及週|-12 9 30|75 75 -0 -13|0.2 18|5 10 0 -3 -16
8240 華宏|光電業|1 -4 -1|92 92 36 27|2.3 117|7 1 0 48 103
8249 菱光|電子零組|49 79 74|95 95 126 125|4.0 425|5 -1 0 -26 11700
8255 朋程|電機機械|20 23 -21|73 73 -7 -7|0.8 87|10 -18 -6 -10 55
8261 富鼎|半導體業|-5 2 4|78 93 4 -1|1.1 26|3 5 0 -4 -13
8271 宇瞻|半導體業|-17 1 -5|65 71 -8 -30|1.2 17|4 -5 0 -1 30
8277 商丞|半導體業|-12 6 2|77 77 10 9|0.5 7|2 10 0 na na
8299 群聯|半導體業|-11 16 -26|64 66 -4 -33|0.6 509|39 -6 -3 -7 29
8341 日友|綠能環保|43 26 20|81 93 -1 -4|0.6 18|9 10 -0 20 6
8349 恒耀國際|鋼鐵工業|6 6 -6|94 94 0 -1|1.5 8|2 -23 -0 3 17
8358 金居|電子零組|2 30 17|81 81 -6 -3|1.0 65|9 -5 -1 0 1
8374 羅昇|電機機械|25 27 30|83 83 6 320|0.1 382|3 0 -0 -8 -6
8383 千附|半導體業|22 19 29|91 91 6 14|0.5 21|14 -0 0 -4 21
8390 金益鼎|綠能環保|63 52 25|93 93 4 42|1.5 55|6 5 0 5 -30
8404 百和興業-KY|其他|26 27 -0|87 87 61 54|2.3 140|54 2 1 242 20
8410 森田|電腦及週|-8 1 -4|90 90 10 16|0.2 6|1 4 0 -7 3
8422 可寧衛*|綠能環保|9 82 63|94 95 2 -5|0.6 22|12 1 -0 -22 7
8429 金麗-KY|貿易百貨|-58 -58 -113|91 91 11 4|1.5 27|32 -0 0 18 15
8431 匯鑽科|其他電子|10 14 9|89 89 -5 11|1.9 18|4 1 0 -3 7
8432 東生華|生技醫療|39 48 9|93 93 3 7|0.5 6|3 1 0 -10 19
8436 大江|生技醫療|-10 -18 -10|74 87 -7 -4|0.5 18|15 12 2 -6 -12
8438 昶昕|綠能環保|20 22 14|71 71 -2 8|0.2 8|4 -2 0 -2 -15
8440 綠電|綠能環保|-5 4 -2|72 72 -15 19|0.1 9|2 11 0 -11 4
8442 威宏-KY|其他|2 7 5|89 91 1 -8|0.6 7|59 -15 0 -9 24
8446 華研|文化創意|13 37 1|97 97 3 13|0.6 17|9 7 0 -5 9
8454 富邦媒|數位雲端|3 2 -1|69 84 -8 -13|1.1 151|14 -21 1 5 5
8462 柏文|運動休閒|19 18 -2|81 81 1 -1|0.3 8|2 -19 0 -4 -18
8464 億豐|居家生活|10 14 5|91 91 19 36|0.7 342|42 5 3 -3 -31
8466 美吉吉-KY|其他|91 68 31|76 76 -16 -11|1.0 12|56 -1 0 -7 16
8467 波力-KY|運動休閒|14 3 -26|93 93 7 55|0.2 34|44 -9 8 9 7
8473 山林水|綠能環保|-44 -0 19|73 73 -10 -2|0.3 17|5 0 0 -19 5
8478 東哥遊艇|運動休閒|-38 -37 -42|68 70 -15 -22|0.4 44|41 -6 -4 0 6
8926 台汽電|油電燃氣|7 78 24|88 90 -4 -7|0.5 31|7 -1 0 -4 8
8927 北基|油電燃氣|10 40 -27|92 92 7 11|0.4 107|4 -4 0 -7 2
8932 智通*|數位雲端|77 49 -20|55 55 -39 -15|1.9 45|29 -3 0 -5 -41
8935 邦泰|其他|-19 -15 -0|99 99 16 65|1.6 5|1 7 0 na na
8936 國統|其他|31 9 -33|68 70 -13 -28|0.5 93|12 -6 -0 -4 4
8937 合騏*|其他|27 64 61|100 100 141 361|1.3 145|2 1 0 54 31
8938 明安|運動休閒|1 12 24|92 92 -3 3|0.9 8|9 -35 3 -14 -11
8942 森鉅|其他|-26 -40 -12|88 88 -12 -7|0.7 12|16 -0 0 8 5
8996 高力|電機機械|17 6 14|60 60 -7 -25|0.7 834|20 0 0 -10 -10
9802 鈺齊-KY|運動休閒|11 5 28|75 84 -6 -10|0.7 55|44 -2 -0 24 34
9904 寶成|運動休閒|12 15 11|97 97 3 5|1.1 304|50 10 5 -3 -2
9906 欣巴巴|建材營造|1073121 360842 270684|59 59 -37 41|0.3 120|5 9 0 -22 -26
9907 統一實|其他|54 47 32|100 100 12 13|0.6 38|17 5 0 6 -3
9910 豐泰|運動休閒|1 -1 -4|75 83 0 -14|0.6 137|12 -20 -1 4 -2
9911 櫻花|居家生活|14 16 -2|87 87 -10 -10|1.0 41|19 -17 0 -1 97
9914 美利達|運動休閒|32 31 38|71 71 -26 -20|1.7 405|39 -17 -7 95 46
9917 中保科|其他|7 4 -1|94 94 3 6|0.8 55|40 -18 1 10 23
9921 巨大|運動休閒|-5 5 17|74 74 -20 -14|0.8 331|38 -30 -3 62 160
9924 福興|居家生活|-50 -11 -13|89 89 -3 -7|0.7 15|15 6 2 -0 21
9927 泰銘|其他|-6 -6 -13|86 87 -7 -14|0.3 21|9 -21 1 -3 96
9930 中聯資源|綠能環保|16 13 7|93 93 -0 0|0.5 8|3 11 1 29 36
9933 中鼎|其他|-14 2 -18|81 81 -15 -8|0.7 58|17 -21 -9 -6 9
9934 成霖|居家生活|-5 -5 -0|81 81 -12 -11|0.5 15|23 -27 0 -16 13
9935 慶豐富|居家生活|36 19 0|98 98 24 35|0.7 65|8 -1 4 -17 102
9938 百和|其他|13 21 -1|98 98 22 24|0.7 378|30 6 4 -61 85
9939 宏全|其他|7 7 1|87 87 -6 -8|0.9 117|24 -20 -1 6 27
9940 信義|其他|-13 -1 -4|86 86 -11 -3|0.5 11|7 7 0 -4 35
9941 裕融|其他|-4 -2 -5|77 89 -4 -2|0.5 81|4 10 8 3 -6
9942 茂順|其他|-20 -21 -6|83 89 -8 -10|0.3 6|5 12 0 0 -1
9945 潤泰新|其他|63 60 39|89 89 -5 17|0.5 236|14 -1 -1 6 -20
9946 三發地產|建材營造|-77 20 -94|53 53 -37 -33|0.3 13|5 11 0 -8 29
9955 佳龍|綠能環保|-1 10 -1|88 88 -11 11|0.4 41|1 -9 0 -6 11
9958 世紀鋼|鋼鐵工業|-18 -21 -41|58 58 -1 1|0.5 1445|10 -5 -2 6 29
