# 2024-02-01 全池(1097 檔)。欄位:代碼 名稱|產業|最新月YoY 3月YoY均 加速度|距52週高% 距120日高% 60日漲% 120日漲%|量能比 日均值M|外持% 外20 投20 資20 券20(外資持股比;外資/投信20日淨買佔成交值%;融資/借券餘額20日變化%)
1101 台泥|水泥工業|-24 -17 -16|82 88 -1 -13|0.8 294|17 -20 0 -7 1
1102 亞泥|水泥工業|-24 -18 -9|94 95 -1 0|0.4 82|16 -34 -2 3 6
1104 環泥|水泥工業|2 10 -3|97 97 11 4|0.5 14|16 -8 1 1 -17
1210 大成|食品工業|-10 -9 -7|93 98 9 7|0.5 66|11 2 2 -27 14
1215 卜蜂|食品工業|-12 -6 -7|98 98 4 8|0.8 21|40 -15 12 -17 -3
1216 統一|食品工業|10 15 4|97 99 5 2|0.6 307|38 -8 4 1 -49
1217 愛之味|食品工業|-7 -1 -3|81 89 1 -11|0.5 9|8 2 0 -3 -18
1218 泰山|食品工業|-14 -1 -2|65 83 1 -20|0.4 8|2 -14 1 -0 8
1227 佳格|食品工業|-17 -9 -7|90 94 -1 -3|0.6 9|6 -22 0 4 1
1229 聯華|食品工業|57 38 26|96 96 5 5|1.0 45|12 -8 1 0 -2
1231 聯華食|食品工業|-9 -4 -6|95 97 -0 0|0.7 8|2 -16 0 -7 4
1268 漢來美食|觀光餐旅|14 15 -27|84 96 3 -2|0.4 14|1 -5 0 -4 30
1301 台塑|塑膠工業|-10 -7 12|82 88 -6 -12|1.0 446|31 -29 -1 16 27
1303 南亞|塑膠工業|-16 -17 9|80 90 -3 -10|0.7 211|29 -21 -2 35 -5
1304 台聚|塑膠工業|-19 -15 6|71 82 -4 -21|0.6 15|33 -15 -0 5 11
1305 華夏|塑膠工業|-26 -6 14|72 78 -8 -19|0.6 15|8 -29 -1 7 27
1307 三芳|塑膠工業|2 1 7|97 97 6 10|1.1 6|13 -24 1 26 1
1308 亞聚|塑膠工業|-24 -33 -3|77 87 -6 -12|0.6 11|7 -18 -0 2 7
1309 台達化|塑膠工業|1 6 20|73 91 -1 -13|2.5 8|2 -12 0 6 28
1310 台苯|塑膠工業|-13 8 29|83 87 -9 -9|0.4 7|7 0 0 5 -3
1312 國喬|塑膠工業|-3 -5 7|72 85 -7 -20|0.7 32|11 -9 0 -7 16
1313 聯成|塑膠工業|23 20 16|87 92 -1 -4|1.2 14|11 -19 0 9 5
1316 上曜|建材營造|-47 -38 8|96 96 32 26|3.0 24|8 8 0 3 1
1319 東陽|汽車工業|24 23 11|97 97 6 40|1.3 332|27 13 2 -50 -9
1325 恆大|塑膠工業|-2 -17 8|82 82 74 74|0.9 135|1 -3 0 -13 59
1326 台化|塑膠工業|-0 2 13|79 87 -8 -12|0.9 211|34 -28 -1 51 -5
1339 昭輝|汽車工業|-0 8 5|83 83 -2 39|0.2 13|3 3 -2 -6 -13
1342 八貫|其他|-4 -4 -3|71 96 2 9|0.3 25|44 -6 0 -27 9
1402 遠東新|紡織纖維|12 5 7|97 98 4 6|0.4 91|16 -6 1 -7 -25
1409 新纖|紡織纖維|11 7 19|86 96 -1 -6|0.6 18|12 -16 0 -7 -3
1432 大魯閣|運動休閒|5 6 -15|92 94 26 15|2.2 13|3 5 0 na na
1434 福懋|紡織纖維|-16 -17 1|90 94 -5 -7|0.7 18|7 -31 0 28 17
1438 三地開發|建材營造|-100 -63 na|100 100 48 52|2.2 20|1 7 0 64 24
1440 南紡|紡織纖維|-28 -19 -8|84 87 3 -2|0.4 9|7 -17 0 6 -2
1442 名軒|建材營造|-9 76251 56942|92 92 -4 7|0.2 8|5 -23 0 -5 -0
1444 力麗|紡織纖維|-20 -31 2|93 93 -2 -0|0.7 10|6 -15 0 1 1
1449 佳和|紡織纖維|21 32 20|73 73 -7 6|0.2 20|5 -4 0 -22 1
1455 集盛|紡織纖維|44 29 41|86 86 -4 3|0.5 5|3 -9 0 -11 8
1471 首利|電子零組|-2 7 -7|66 66 -17 21|0.5 17|1 -1 0 -4 na
1476 儒鴻|紡織纖維|2 12 32|93 93 -5 8|0.7 210|41 -2 -4 -18 -2
1477 聚陽|紡織纖維|31 10 8|91 91 -7 18|0.5 586|36 -11 -6 -29 61
1503 士電|電機機械|3 -6 -11|80 99 33 4|0.9 519|29 -1 2 7 16
1504 東元|電機機械|-2 -4 -6|79 90 0 -6|0.5 275|12 -12 1 -14 -20
1513 中興電|電機機械|28 22 2|89 97 25 10|0.6 971|11 3 0 1 -1
1514 亞力|電機機械|42 37 15|97 97 61 62|0.5 1171|17 2 1 -20 6
1515 力山|電機機械|141 219 148|73 73 2 13|0.1 58|12 -0 -4 -18 -3
1519 華城|電機機械|104 115 36|100 100 102 131|1.1 5511|21 3 0 -53 -12
1522 堤維西|汽車工業|-8 -2 -3|89 89 3 27|0.3 52|10 7 -1 -11 -3
1524 耿鼎|汽車工業|15 19 5|81 81 5 48|0.2 73|3 0 -1 -3 -11
1528 恩德|電機機械|14 -0 -4|83 96 32 16|1.5 96|2 -1 0 28 10
1529 樂事綠能|電機機械|196 199 -22|71 91 12 -10|0.4 50|1 1 0 -11 2
1532 勤美|電機機械|112 32 8|93 93 8 5|0.4 48|14 -5 -6 -0 -14
1535 中宇|電機機械|28 23 12|98 98 13 6|2.6 7|1 -0 0 252 -17
1536 和大|汽車工業|-22 -15 -6|71 78 -17 -17|0.8 47|11 -1 -1 3 7
1537 廣隆|電機機械|4 12 23|97 97 -2 -2|0.8 8|17 -32 0 -44 4
1558 伸興|電機機械|9 0 -11|84 88 -6 -4|0.7 6|7 -7 0 4 4
1560 中砂|電機機械|-1 0 8|99 99 28 73|1.9 753|19 0 1 13 17
1565 精華|生技醫療|5 -1 10|75 96 4 -6|0.7 20|11 -4 2 -3 4
1568 倉佑|汽車工業|-48 -27 -4|75 75 -5 22|0.1 13|2 3 -1 -14 -6
1569 濱川|電腦及週|-34 -20 5|97 97 6 9|0.9 7|2 3 0 7 -13
1580 新麥|電機機械|24 16 1|94 94 2 14|0.4 8|8 -6 0 -2 -7
1582 信錦|電子零組|33 27 33|81 81 5 29|0.4 89|17 -8 0 -8 47
1584 精剛|其他|-7 43 -23|80 86 -1 4|0.2 38|1 -5 0 -13 5
1589 永冠-KY|電機機械|-21 -21 -18|60 90 -2 -8|0.5 20|4 -25 0 2 35
1590 亞德客-KY|電機機械|17 18 3|82 90 -9 8|2.0 408|74 -13 2 0 25
1591 駿吉-KY|電機機械|58 -39 38|85 85 28 23|0.2 21|16 -6 0 -8 -16
1603 華電|電器電纜|2 3 -25|84 84 -1 2|0.3 40|4 -13 0 -19 10
1604 聲寶|電器電纜|-5 1 1|87 96 1 6|0.6 7|10 -28 0 13 6
1605 華新|電器電纜|-6 1 -5|63 89 -0 -7|0.3 252|17 -14 -2 -2 9
1608 華榮|電器電纜|-11 5 14|85 90 7 0|0.3 20|2 -6 1 -4 9
1609 大亞|電器電纜|25 10 11|89 92 9 2|0.4 189|10 6 0 2 -17
1611 中電|電器電纜|-2 -3 10|80 95 5 -2|0.6 8|11 11 0 -4 -12
1612 宏泰|電器電纜|14 -4 -2|90 90 11 11|0.2 35|16 2 1 -34 -9
1615 大山|電器電纜|9 8 -6|99 99 29 34|1.5 11|1 9 0 -27 7
1616 億泰|電器電纜|11 27 14|87 87 35 35|0.4 10|2 2 0 na na
1618 合機|電器電纜|100 67 -8|86 86 17 25|0.3 53|6 -4 -1 1 26
1701 中化|生技醫療|-20 -4 -6|86 90 1 -2|0.2 8|9 -1 0 -8 -2
1702 南僑|食品工業|8 7 -5|100 100 7 10|1.2 16|13 3 0 -19 -12
1707 葡萄王|生技醫療|8 2 -1|83 95 2 -7|0.8 32|14 -20 -0 7 -3
1708 東鹼|化學工業|14 -19 6|77 93 6 -3|0.8 14|7 17 0 -4 -22
1710 東聯|化學工業|13 -0 2|80 90 0 -13|0.5 13|9 -10 0 -2 -4
1711 永光|化學工業|6 1 12|85 90 -4 -3|0.5 10|8 -1 0 -10 -2
1712 興農|化學工業|1 -8 8|97 99 5 9|1.0 14|14 -6 1 -2 -12
1713 國化|化學工業|42 28 40|100 100 20 50|2.1 13|5 11 0 8 18
1717 長興|化學工業|1 -8 4|83 96 0 -4|0.7 21|14 -26 0 -15 5
1720 生達|生技醫療|-4 1 -8|86 92 6 -2|0.3 20|4 -4 -0 -20 -4
1721 三晃|化學工業|-37 -16 9|77 77 -19 6|0.2 11|2 -2 0 -6 -3
1722 台肥|化學工業|-40 -23 -24|98 98 11 13|1.2 85|12 -3 7 1 -5
1723 中碳|化學工業|-8 -13 6|94 94 -3 3|0.6 22|9 -22 8 -2 13
1727 中華化|化學工業|-30 -25 0|64 86 -7 -10|0.3 7|2 -3 0 -8 6
1732 毛寶|化學工業|-5 -1 4|88 88 37 24|0.7 35|1 -3 0 11 55
1733 五鼎|生技醫療|-31 -20 5|79 79 25 28|0.5 43|7 -2 0 31 8
1734 杏輝|生技醫療|-1 -2 -6|87 95 -1 -3|0.4 8|5 -12 0 -6 -4
1736 喬山|運動休閒|21 9 -5|81 82 -7 -16|0.5 21|7 -14 0 -5 -7
1752 南光|生技醫療|-29 -14 -30|62 80 -7 -14|0.1 10|1 -0 0 -8 -0
1760 寶齡富錦|生技醫療|5 14 31|55 84 -7 -0|0.3 43|11 8 0 -4 -10
1762 中化生|生技醫療|-21 -16 -23|51 78 -7 -24|0.3 16|2 -9 -6 -2 10
1773 勝一|化學工業|8 1 13|96 97 5 3|0.6 13|5 -12 0 26 17
1783 和康生|生技醫療|-23 -9 -14|68 79 -6 -18|0.5 6|7 -4 0 5 -2
1784 訊聯|生技醫療|10 9 -6|79 85 -2 -14|0.5 9|4 4 0 1 -17
1785 光洋科|其他電子|7 19 27|95 96 0 8|1.2 40|10 2 -0 9 -0
1786 科妍|生技醫療|26 28 -6|81 84 -2 -6|0.6 9|2 -7 0 2 -22
1789 神隆|生技醫療|19 9 10|75 90 -3 -12|0.6 12|4 -16 0 -11 12
1795 美時|生技醫療|8 8 -25|83 93 17 5|0.7 1751|66 4 -1 2 -19
1802 台玻|玻璃陶瓷|0 6 2|77 84 -4 -14|0.4 35|6 -21 0 -4 7
1806 冠軍|玻璃陶瓷|28 22 15|95 95 24 16|0.7 10|9 6 2 -1 -15
1808 潤隆|建材營造|-30 5698 -4624|91 91 4 22|0.5 64|6 -2 5 17 4
1809 中釉|玻璃陶瓷|8 4 10|99 99 18 21|1.4 28|7 9 0 55 -11
1810 和成|玻璃陶瓷|2 2 4|61 79 -8 -14|0.6 9|3 -5 0 -0 1
1815 富喬|電子零組|-34 -30 -0|72 72 -22 12|0.2 54|2 11 0 -40 -20
1903 士紙|造紙工業|11 6 1|71 87 -1 -9|0.5 8|12 -6 0 -2 -6
1904 正隆|造紙工業|6 7 11|83 96 0 -4|0.6 13|9 -17 0 -5 -4
1905 華紙|造紙工業|2 -4 6|71 90 8 -10|0.2 36|3 3 0 -6 -5
1907 永豐餘|造紙工業|1 0 8|78 87 4 -6|0.2 26|15 -24 0 -2 -2
1909 榮成|造紙工業|-4 -9 2|75 92 -2 -9|0.6 10|11 -27 0 -12 11
2002 中鋼|鋼鐵工業|-5 -7 10|81 93 3 -9|0.5 353|17 -26 -2 -5 11
2006 東和鋼鐵|鋼鐵工業|7 17 14|100 100 8 22|0.7 86|17 6 1 -1 -28
2007 燁興|鋼鐵工業|-8 -6 18|78 78 4 8|0.6 16|1 3 0 30 -12
2009 第一銅|鋼鐵工業|22 17 23|81 91 6 -0|0.3 20|1 0 0 -11 -3
2010 春源|鋼鐵工業|13 -2 10|93 93 9 2|0.4 7|7 -9 7 -22 3
2014 中鴻|鋼鐵工業|28 12 20|81 85 13 -3|0.2 89|6 -1 -9 -1 -3
2015 豐興|鋼鐵工業|-5 3 11|95 98 7 0|0.7 8|11 -31 14 -6 14
2017 官田鋼|鋼鐵工業|45 8 19|85 96 16 -1|0.9 10|2 3 0 5 -11
2020 美亞|鋼鐵工業|6 -13 -21|98 98 14 23|0.6 17|7 5 -4 -18 8
2022 聚亨|鋼鐵工業|-8 -12 -1|71 80 -5 -11|0.3 6|3 -7 0 4 18
2023 燁輝|鋼鐵工業|9 9 20|83 83 1 3|0.2 22|6 -1 0 -19 -7
2027 大成鋼|鋼鐵工業|-15 -10 1|91 93 -1 -6|0.3 95|16 -14 -1 -7 -5
2029 盛餘|鋼鐵工業|53 47 41|91 91 14 16|0.3 7|69 -10 0 11 17
2031 新光鋼|鋼鐵工業|11 0 5|91 91 19 13|0.4 68|16 -4 1 -20 -21
2034 允強|鋼鐵工業|1 3 10|88 93 -2 -4|0.7 8|8 -0 -0 -21 -7
2038 海光|鋼鐵工業|7 1 15|86 86 16 10|0.2 12|2 1 0 -5 -7
2049 上銀|電機機械|10 4 18|86 93 8 13|0.6 208|29 -32 1 8 15
2059 川湖|電子零組|4 -6 20|98 98 21 33|0.9 1405|15 7 1 -3 -11
2066 世德|電機機械|-1 -6 -4|85 91 10 7|0.3 7|11 -12 0 9 11
2101 南港|橡膠工業|14 30 21|92 92 12 10|0.5 119|8 -4 0 -2 10
2102 泰豐|橡膠工業|-74 -85 -18|84 91 5 8|0.4 5|6 -3 0 1 61
2103 台橡|橡膠工業|6 5 12|78 90 -4 -7|1.2 15|25 -16 -0 -5 -1
2104 國際中橡|橡膠工業|-21 -20 2|82 91 -4 -7|1.2 22|11 -22 0 1 18
2105 正新|橡膠工業|-3 -0 1|94 94 -0 17|0.4 138|16 10 1 -30 -29
2106 建大|橡膠工業|6 3 13|94 94 2 1|0.5 14|7 -0 -1 4 -8
2108 南帝|橡膠工業|3 -6 14|83 94 5 2|0.3 6|8 -16 1 -8 -3
2201 裕隆|汽車工業|14 10 2|80 82 -10 -8|0.6 254|6 3 -0 -1 -7
2204 中華|汽車工業|27 41 9|92 92 17 27|0.6 222|25 -9 -4 -12 6
2206 三陽工業|汽車工業|13 19 -10|75 92 -1 -7|0.5 132|8 -6 0 -1 2
2207 和泰車|汽車工業|4 6 -9|76 90 -0 -11|0.7 132|25 -26 -1 16 59
2208 台船|航運業|-27 -34 -45|68 77 -8 -13|0.7 90|5 -5 0 -5 -27
2211 長榮鋼|鋼鐵工業|26 -13 -13|96 96 57 71|0.8 114|6 0 10 20 -13
2228 劍麟|汽車工業|21 19 6|85 85 -1 -1|0.4 7|8 -8 0 1 2
2230 泰茂|居家生活|63 66 37|91 91 25 83|0.6 159|6 -3 0 -15 12
2231 為升|汽車工業|0 -9 -23|72 89 -4 -7|1.0 21|6 -12 0 0 11
2233 宇隆|汽車工業|18 17 16|84 84 -9 26|0.4 25|15 3 -7 -5 -5
2236 百達-KY|汽車工業|-12 34 5|79 79 -5 7|0.9 16|64 -2 -1 5 44
2241 艾姆勒|汽車工業|27 65 35|77 77 -5 -14|2.2 10|18 -3 0 18 20
2243 宏旭-KY|汽車工業|98 83 -405|80 94 18 37|0.7 11|27 2 0 -3 2
2247 汎德永業|汽車工業|-1 -2 -22|85 92 -5 -6|0.4 10|5 -21 0 -21 0
2250 IKKA-KY|汽車工業|13 13 12|98 98 23 37|0.9 8|9 2 0 -32 35
2254 巨鎧精密-創|汽車工業|-65 -5 na|na na -21 na|0.8 8|25 -1 0 na na
2301 光寶科|電腦及週|-8 -14 0|69 72 -4 -19|0.8 1413|36 -13 -1 -9 -1
2302 麗正|半導體業|-15 -34 -19|80 95 -2 3|0.5 6|1 -2 0 40 -12
2303 聯電|半導體業|-19 -19 1|92 92 1 8|1.2 3030|32 -8 3 0 16
2305 全友|電腦及週|64 15 5|81 84 -10 3|0.3 9|1 2 -1 12 1
2308 台達電|電子零組|-8 -5 -11|77 80 -5 -20|1.2 2454|63 -26 -2 43 62
2312 金寶|其他電子|-28 -16 -5|87 91 7 -3|0.3 64|11 -4 0 -7 6
2313 華通|電子零組|-2 -3 9|94 94 28 57|0.3 1141|28 4 -1 5 -15
2314 台揚|通信網路|-73 -64 -45|65 79 -8 -19|0.8 29|1 -4 0 -33 na
2316 楠梓電|電子零組|-7 -21 8|73 87 -2 1|0.6 39|24 -2 -0 48 14
2317 鴻海|其他電子|-27 -4 1|92 94 6 -5|0.7 2304|38 -18 0 -3 -8
2323 中環|光電業|11 3 6|72 81 -6 -15|0.4 52|8 -6 -0 2 0
2324 仁寶|電腦及週|-4 -3 6|91 91 22 18|0.6 1208|45 -6 1 -24 -22
2327 國巨*|電子零組|-1 -5 6|87 87 1 17|0.6 908|52 -8 -4 21 15
2328 廣宇|電子零組|-6 -14 -13|76 87 -4 -12|0.5 21|12 -11 0 -6 10
2329 華泰|半導體業|28 31 23|99 99 31 41|0.7 1918|18 -1 0 15 19
2330 台積電|半導體業|-8 -0 4|97 97 14 16|1.3 20422|74 24 -0 -14 -9
2331 精英|電腦及週|-10 -22 14|77 77 16 12|0.2 191|15 6 -0 -18 -4
2332 友訊|通信網路|-15 -16 -10|76 76 5 1|0.6 31|9 -2 0 -2 -1
2337 旺宏|半導體業|-29 -35 1|82 83 4 -5|1.5 193|14 -19 5 7 20
2338 光罩|半導體業|8 -4 3|72 87 -6 -3|0.2 44|7 2 -10 -3 -0
2340 台亞|半導體業|31 18 26|77 84 -8 -11|0.5 39|12 4 0 -10 -11
2342 茂矽|半導體業|-40 -37 -6|67 83 -10 -11|1.0 10|0 -16 0 -3 15
2344 華邦電|半導體業|0 -0 19|89 89 8 7|0.5 747|22 -20 -4 -5 61
2345 智邦|通信網路|-10 -0 -12|96 96 -2 41|0.7 1148|66 9 -3 -40 7
2347 聯強|電子通路|4 1 7|100 100 6 24|0.7 199|29 8 20 1 -26
2348 海悅|其他|337 123 88|98 98 11 45|0.6 21|2 7 0 13 24
2351 順德|半導體業|-10 -9 -1|77 84 -5 4|0.3 40|16 -6 -9 -4 -19
2352 佳世達|電腦及週|-7 -9 6|82 98 3 7|0.7 314|13 -4 5 -12 -2
2353 宏碁|電腦及週|4 6 17|86 86 33 28|0.6 2787|40 -8 1 -2 72
2354 鴻準|其他電子|-72 -58 -48|84 84 -3 -9|0.7 69|17 -18 -0 -7 10
2355 敬鵬|電子零組|0 -5 -1|82 82 23 30|0.4 163|27 -8 -0 1 3
2356 英業達|電腦及週|8 -4 0|77 93 28 -4|0.8 2516|20 0 0 -7 -15
2357 華碩|電腦及週|-12 -4 5|91 91 25 21|0.7 1751|58 -8 -2 -0 -5
2359 所羅門|其他電子|37 -7 10|90 93 9 5|0.4 89|4 3 0 -4 -32
2360 致茂|其他電子|19 -12 -0|67 67 -10 -25|1.1 438|66 -11 -4 -7 38
2362 藍天|電腦及週|12 29 3|88 88 29 30|0.3 311|5 -1 0 3 67
2363 矽統|半導體業|-49 -14 -42|73 73 -13 78|0.2 412|6 5 0 -15 -5
2364 倫飛|電腦及週|-6 8 -10|66 66 -19 56|0.5 68|17 2 0 -7 -15
2365 昆盈|電腦及週|4 23 36|100 100 42 49|2.6 105|3 -3 0 32 55
2367 燿華|電子零組|3 -6 6|83 83 2 19|0.2 48|7 4 0 -5 -14
2368 金像電|電子零組|-1 1 9|97 97 11 30|1.2 1309|21 3 -1 -7 12
2369 菱生|半導體業|6 19 22|97 97 17 37|2.2 74|17 -2 0 13 44
2371 大同|電機機械|48 15 -38|80 86 23 -13|0.7 681|14 -1 -0 -14 9
2374 佳能|光電業|10 4 10|91 91 5 26|0.4 44|10 -16 0 -9 46
2375 凱美|電子零組|-11 -8 9|81 82 -3 9|0.2 16|6 -19 0 7 46
2376 技嘉|電腦及週|46 66 34|89 89 40 4|1.1 4406|22 4 5 -24 -24
2377 微星|電腦及週|-3 20 16|90 90 6 7|0.5 864|33 -19 -3 13 -42
2379 瑞昱|半導體業|8 4 18|94 94 12 24|0.9 1076|46 3 9 18 -32
2382 廣達|電腦及週|-13 -12 1|89 89 13 9|0.9 8005|26 4 2 -6 -36
2383 台光電|電子零組|59 45 37|96 96 11 13|1.4 1882|29 -0 6 -32 -15
2385 群光|電子零組|-7 -11 3|88 88 17 63|0.6 574|36 5 10 6 -5
2387 精元|電腦及週|-13 -15 -6|89 89 11 27|0.2 57|16 -1 -0 -15 67
2388 威盛|半導體業|119 95 53|78 78 6 25|0.3 1325|9 -2 -0 -7 42
2390 云辰|其他電子|-2 1 -10|83 83 -6 20|1.3 12|3 -11 0 4 12
2392 正崴|電子零組|6 7 10|85 85 11 13|0.3 58|18 3 -3 10 -9
2393 億光|光電業|3 -1 8|94 97 7 0|0.7 54|29 -19 3 -11 -4
2395 研華|電腦及週|-15 -12 -7|86 94 2 1|0.9 262|41 -21 -3 45 -11
2399 映泰|電腦及週|-7 10 4|82 87 -5 2|0.2 26|2 -8 0 -9 8
2401 凌陽|半導體業|19 19 30|88 88 0 7|0.3 115|17 -6 0 7 -8
2402 毅嘉|電子零組|12 3 -9|71 71 3 -6|0.2 73|7 7 0 -8 -7
2404 漢唐|其他電子|-16 3 -68|97 97 13 23|0.6 245|28 -14 25 -22 5
2405 輔信|電腦及週|17 9 8|89 89 7 18|0.3 82|8 -6 -1 -0 -2
2406 國碩|光電業|65 -6 32|81 94 5 6|0.8 19|6 6 0 6 -26
2408 南亞科|半導體業|32 10 47|87 87 6 2|0.4 693|17 -16 -2 7 222
2409 友達|光電業|22 20 14|87 93 12 -4|1.1 885|23 1 0 6 -28
2412 中華電|通信網路|6 4 1|98 98 1 2|0.9 613|16 -15 -1 83 4
2413 環科|電子零組|-40 -27 -30|70 92 10 2|0.3 6|1 9 0 0 -4
2417 圓剛|電腦及週|-15 -12 6|83 83 -0 64|0.4 34|3 1 0 -3 -9
2419 仲琦|通信網路|-22 -41 -23|66 83 11 -8|0.3 34|1 4 0 -3 -5
2420 新巨|電子零組|-19 -14 5|96 96 1 2|0.7 6|5 -25 -0 -2 21
2421 建準|電子零組|-12 -14 -8|81 81 24 -6|2.7 1354|21 1 -1 -3 18
2423 固緯|其他電子|25 13 8|91 91 17 25|0.8 26|6 1 0 110 -9
2425 承啟|電腦及週|1 20 11|74 80 -2 -18|0.2 46|7 -1 0 -4 7
2426 鼎元|光電業|33 20 24|86 97 2 3|0.8 9|10 4 0 4 4
2427 三商電|資訊服務|35 11 3|74 79 -19 -2|0.3 24|2 -1 -1 5 17
2428 興勤|電子零組|-4 -5 -0|93 96 12 -2|0.5 43|14 -5 4 -4 1
2436 偉詮電|半導體業|5 18 13|82 82 -2 14|0.2 111|8 -11 0 -12 5
2439 美律|通信網路|4 14 8|87 87 2 25|0.3 90|23 -5 -1 -7 3
2441 超豐|半導體業|20 16 27|94 94 2 4|0.5 21|14 -27 4 25 -1
2442 新美齊|建材營造|11829 3964 2907|100 100 38 50|1.1 42|6 10 0 3 26
2449 京元電子|半導體業|-5 -4 6|88 88 -1 33|0.5 819|39 -8 3 -22 31
2450 神腦|通信網路|-16 -2 -2|94 94 3 5|0.9 5|3 -4 -0 20 -2
2451 創見|半導體業|13 4 16|94 94 -0 11|0.5 26|13 -29 6 -24 -21
2453 凌群|資訊服務|19 8 1|76 97 0 7|0.9 60|6 3 0 -0 -3
2454 聯發科|半導體業|13 20 38|92 92 4 41|1.4 6609|59 -2 -3 44 61
2455 全新|通信網路|61 87 71|76 76 -14 2|1.1 386|33 3 -7 8 -19
2457 飛宏|電子零組|-21 -24 -14|69 81 6 -7|0.5 214|8 1 0 -0 -3
2458 義隆|半導體業|61 58 54|91 91 4 26|0.7 300|32 6 -7 -37 -13
2460 建通|電子零組|26 15 20|89 89 14 21|0.7 54|3 4 0 89 -23
2461 光群雷|其他電子|3 -4 7|89 94 2 1|1.5 24|8 -9 0 -2 41
2462 良得電|電子零組|-24 -8 8|80 80 -15 -2|0.2 21|1 4 0 -12 -2
2464 盟立|其他電子|-21 -24 -6|84 86 -3 -7|0.6 7|3 5 0 0 -5
2465 麗臺|電腦及週|19 67 74|100 100 51 116|1.7 130|8 8 0 -23 na
2467 志聖|電子零組|-20 -19 13|99 99 80 83|3.0 181|6 -4 0 69 155
2468 華經|資訊服務|-43 -4 -10|64 77 -6 2|0.3 9|1 1 0 -11 -5
2471 資通|資訊服務|34 14 10|89 99 9 16|0.7 21|8 13 0 -12 -3
2472 立隆電|電子零組|7 -1 11|92 92 18 25|0.3 45|4 -2 -0 -2 7
2474 可成|其他電子|-37 -48 -22|98 98 11 17|0.4 292|35 -13 12 -5 -5
2476 鉅祥|電子零組|-14 -15 -1|91 91 26 49|0.5 145|7 -3 -0 4 -17
2480 敦陽科|資訊服務|2 7 -2|93 95 1 4|0.8 16|7 -20 1 3 -11
2481 強茂|半導體業|11 6 9|80 87 -0 -5|0.3 68|10 -9 1 -8 3
2482 連宇|其他電子|-58 -47 -124|46 65 -14 -32|0.3 15|1 -1 0 -4 2
2484 希華|電子零組|-11 -15 12|90 98 0 6|1.4 12|6 -2 0 -6 -5
2485 兆赫|通信網路|-35 -35 -28|72 72 -6 8|0.4 25|6 -3 0 1 -1
2486 一詮|光電業|28 25 26|88 88 1 11|0.8 1007|2 -3 -0 -8 10
2488 漢平|其他電子|-1 -8 14|92 92 2 19|0.3 9|6 15 0 -13 -11
2489 瑞軒|光電業|27 24 19|86 96 14 -5|0.6 40|12 2 0 -8 -12
2492 華新科|電子零組|6 7 13|77 77 -13 18|0.3 211|13 -10 -6 14 33
2493 揚博|電子零組|-0 1 3|100 100 19 38|1.5 14|9 6 -0 -7 2
2495 普安|電腦及週|-9 -22 -25|76 94 1 3|0.5 10|19 9 0 -4 -11
2497 怡利電|汽車工業|10 -1 -9|71 82 -10 -14|0.7 18|1 -4 0 -4 7
2498 宏達電|通信網路|22 -6 -5|74 93 7 1|0.5 312|10 1 -0 -5 2
2501 國建|建材營造|80 -20 -65|100 100 26 25|1.0 38|8 -2 2 20 30
2504 國產|建材營造|3 -1 -3|100 100 18 11|1.6 77|14 26 3 -32 -22
2505 國揚|建材營造|84 0 63|92 92 21 15|0.3 10|6 -7 0 -1 -12
2506 太設|建材營造|493 277 197|97 97 12 12|0.7 10|4 9 0 14 24
2511 太子|建材營造|-1 -6 18|89 93 -2 -7|1.3 11|8 -53 0 2 43
2515 中工|建材營造|10 15 -15|87 87 6 23|0.2 136|15 -3 0 -3 -13
2516 新建|建材營造|17 21 -7|79 79 28 72|0.2 21|2 1 0 na na
2520 冠德|建材營造|-15 -17 -15|96 96 12 20|0.7 75|17 -9 7 5 8
2527 宏璟|建材營造|312 104 -34|99 99 26 29|1.0 7|42 8 0 14 24
2528 皇普|建材營造|-100 -64 -32142|100 100 34 39|0.8 16|1 11 0 -8 -3
2530 華建|建材營造|193622 64498 48402|98 98 33 46|0.8 45|2 4 0 -7 -5
2534 宏盛|建材營造|-83 -87 -41|89 96 5 2|0.6 7|6 -3 1 1 -9
2535 達欣工|建材營造|-3 -7 8|100 100 21 28|1.4 13|9 12 0 -20 5
2536 宏普|建材營造|18867 8229 6158|96 96 4 17|0.5 6|10 -17 0 -11 1
2538 基泰|建材營造|72 11 -9|92 92 2 18|0.3 7|12 -1 0 -3 -2
2539 櫻花建|建材營造|na na na|97 97 7 19|0.4 11|2 10 0 -4 -8
2540 愛山林|建材營造|30 121 40|96 96 10 34|1.0 61|1 2 -2 -2 6
2542 興富發|建材營造|-86 -24 -532|94 94 -2 2|0.5 66|9 -30 -0 -1 14
2543 皇昌|建材營造|51 47 11|74 74 33 170|0.7 112|2 -1 0 17 14
2545 皇翔|建材營造|90 127 143|97 97 11 8|1.0 7|4 8 0 -46 -11
2546 根基|建材營造|-22 -23 -34|98 98 6 12|0.9 6|3 -3 -1 -7 -13
2548 華固|建材營造|1281 1979 1427|98 98 2 5|0.7 27|18 -20 -2 -7 22
2596 綠意|建材營造|63 432 -13407|100 100 36 45|1.0 6|1 3 0 21 5
2597 潤弘|建材營造|-11 -11 -3|96 96 13 14|0.7 9|1 4 0 -10 -20
2603 長榮|航運業|-19 -35 19|97 97 46 45|0.6 4827|32 2 1 -38 -44
2605 新興|航運業|-9 -10 -17|80 80 10 22|0.2 109|32 -0 -1 -14 12
2606 裕民|航運業|25 27 24|84 85 3 10|0.2 216|9 -11 -4 -3 -11
2607 榮運|航運業|20 24 30|94 94 9 20|0.3 85|16 -4 8 -8 -7
2609 陽明|航運業|-35 -44 16|85 85 17 8|0.3 2714|15 -5 -1 -20 -26
2610 華航|航運業|14 22 -1|75 83 -3 -19|0.6 464|10 -26 -1 3 13
2611 志信|航運業|72 38 47|89 89 31 26|0.2 26|2 -3 0 -15 -27
2612 中航|航運業|5 1 9|75 75 13 12|0.1 33|3 -5 -1 -24 -1
2614 東森|其他|-5 -2 -0|53 77 -7 -22|0.4 9|3 -8 0 -1 17
2615 萬海|航運業|-28 -36 22|67 83 8 -2|0.2 451|41 -8 -0 -13 15
2617 台航|航運業|5 -0 -4|90 90 13 20|0.2 36|5 3 0 -21 -9
2618 長榮航|航運業|28 38 -8|79 94 10 -10|0.8 1603|26 -7 -2 0 48
2630 亞航|航運業|68 26 2|56 80 6 4|0.2 45|0 -1 0 na 10
2633 台灣高鐵|航運業|7 13 -28|91 97 -2 -0|0.7 52|10 -30 -1 1 4
2634 漢翔|航運業|6 8 -26|77 78 -1 -14|0.5 335|2 -7 -0 -2 23
2636 台驊控股|航運業|9 -4 36|95 95 23 26|0.3 150|22 5 1 -38 -3
2637 慧洋-KY|航運業|18 -4 26|84 97 22 19|0.3 201|10 12 1 -29 -17
2641 正德|航運業|33 30 36|85 85 22 24|0.2 62|3 3 0 -18 -5
2643 捷迅|航運業|44 25 49|97 97 12 12|0.5 7|3 7 0 -8 6
2645 長榮航太|航運業|10 26 1|na 76 2 -9|0.6 58|5 -1 0 -6 -5
2704 國賓|觀光餐旅|-34 -23 -14|78 78 -7 -17|0.4 6|12 -10 0 11 6
2705 六福|觀光餐旅|19 17 -42|66 90 2 -5|0.4 9|3 3 0 1 -34
2707 晶華|觀光餐旅|7 8 -16|68 88 -1 -12|0.3 63|12 -12 -2 -3 5
2722 夏都|觀光餐旅|-25 -24 -21|53 80 1 -7|0.4 16|0 -0 0 -2 0
2723 美食-KY|觀光餐旅|-6 -2 -8|58 82 -4 -19|0.5 57|49 -35 0 33 23
2727 王品|觀光餐旅|15 9 -15|74 91 -5 -8|1.0 249|23 -17 -0 16 85
2729 瓦城|觀光餐旅|11 12 -18|81 81 -2 -17|1.0 28|4 -25 -3 130 4
2731 雄獅|觀光餐旅|152 333 -390|67 83 -5 -10|0.4 124|10 3 -15 4 -6
2732 六角|觀光餐旅|1 -1 1|67 94 13 -4|1.2 50|5 -3 0 17 9
2734 易飛網|觀光餐旅|139 407 -105|52 76 -6 -18|0.2 6|7 -0 0 na na
2736 富野|觀光餐旅|-41 -36 -42|57 85 5 -14|0.7 23|1 -1 0 -6 18
2739 寒舍|觀光餐旅|11 17 -37|73 93 26 27|0.8 92|4 2 0 -6 17
2743 山富|觀光餐旅|177 529 -603|69 84 -13 -0|0.3 52|0 -1 0 4 6
2745 五福|觀光餐旅|235 1154 -1783|76 90 12 4|0.5 25|2 2 0 na 0
2748 雲品|觀光餐旅|5 5 -13|70 92 10 1|0.9 141|2 2 -7 10 7
2753 八方雲集|觀光餐旅|10 8 0|67 92 -5 -5|0.7 23|9 -15 0 -10 8
2754 亞洲藏壽司|觀光餐旅|26 21 -12|54 76 -8 -26|0.8 8|74 -21 0 2 29
2801 彰銀|金融保險|-14 3 -12|98 98 1 0|0.6 106|14 -38 -1 3 -7
2809 京城銀|金融保險|20 8 -165|99 99 5 12|0.4 50|16 11 1 -37 -7
2812 台中銀|金融保險|26 17 -0|93 93 3 3|3.6 45|10 -7 -0 21 12
2816 旺旺保|金融保險|8 8 -13|83 83 -11 62|0.3 33|2 -1 -1 -21 -9
2832 台產|金融保險|6 14 2|98 98 5 14|0.7 8|4 -4 0 -26 9
2834 臺企銀|金融保險|-3 1 -12|93 97 2 -3|0.7 90|17 -22 -0 3 32
2836 高雄銀|金融保險|-4 -3 -2|99 99 5 0|4.0 9|7 -14 0 4 39
2838 聯邦銀|金融保險|2 1 -15|89 96 6 -6|1.0 13|3 -27 0 -7 -2
2845 遠東銀|金融保險|-21 -12 -24|95 95 4 4|0.6 25|10 -11 0 35 8
2850 新產|金融保險|6 2 -3|96 96 -2 25|0.8 22|11 8 -0 -11 15
2851 中再保|金融保險|-2 12 7|92 94 0 -8|0.7 11|3 -20 0 -23 1
2855 統一證|金融保險|74 19 -255|92 96 6 -5|0.6 11|9 -14 1 -18 8
2880 華南金|金融保險|15 22 9|96 98 5 1|0.7 130|18 -19 -1 23 -18
2881 富邦金|金融保險|184 196 177|99 99 5 4|0.9 721|19 -9 -2 -24 4
2882 國泰金|金融保險|61 204 165|94 95 -1 -4|0.8 562|21 -21 -2 9 16
2883 凱基金|金融保險|1361 483 409|92 96 7 -1|0.5 248|22 -17 -1 -2 -12
2884 玉山金|金融保險|15 26 2|96 96 1 -3|0.8 363|31 -12 -3 -5 -1
2885 元大金|金融保險|11 29 19|97 97 8 9|0.8 328|27 -16 -1 2 15
2886 兆豐金|金融保險|29 45 1|96 96 -1 1|0.9 465|21 -16 -2 -8 -5
2887 台新新光金|金融保險|8 -9 -17|94 94 -3 -6|0.9 203|24 -39 -1 0 69
2889 國票金|金融保險|77 52 23|87 97 3 0|0.5 26|10 -10 0 8 -2
2890 永豐金|金融保險|22 26 11|96 96 5 7|0.7 248|27 -6 0 20 5
2891 中信金|金融保險|500 394 307|100 100 14 15|0.8 1015|40 12 2 -26 -15
2892 第一金|金融保險|0 -0 -1|97 97 0 -1|0.9 251|24 -37 -0 -7 55
2903 遠百|貿易百貨|-11 -5 -8|97 97 1 12|1.0 41|11 -6 0 27 -1
2905 三商|貿易百貨|-44 -4 -14|75 89 -4 -12|0.7 8|5 -10 0 -26 4
2906 高林|貿易百貨|22 12 19|96 96 16 7|3.9 17|5 7 0 10 -2
2912 統一超|貿易百貨|6 8 -2|96 99 1 -0|1.2 157|26 -20 6 -3 -7
2913 農林|貿易百貨|-10 -2 -5|67 83 -2 -17|0.4 32|6 -11 0 -6 3
2915 潤泰全|貿易百貨|-16 -13 -9|92 94 4 -1|0.5 95|7 -27 0 -1 11
3002 歐格|電腦及週|-44 -26 -7|92 92 6 9|1.3 8|2 5 0 -24 18
3003 健和興|電子零組|6 -8 6|78 92 -1 -5|0.6 11|3 8 0 -9 -8
3004 豐達科|鋼鐵工業|21 27 -17|75 85 1 -13|0.2 11|2 -5 0 -10 -7
3005 神基|電腦及週|7 7 -5|92 92 28 57|0.7 379|26 -11 1 -3 -4
3006 晶豪科|半導體業|19 19 39|87 87 1 26|0.3 446|11 -2 -1 -3 33
3008 大立光|光電業|19 24 24|85 85 14 17|0.7 2176|37 -8 -2 -1 -39
3010 華立|電子通路|6 4 12|96 96 0 11|0.4 22|13 3 1 5 18
3011 今皓|電子零組|-1 -2 19|78 78 -3 5|0.6 11|2 -2 0 na na
3013 晟銘電|電腦及週|-40 -19 -26|73 81 -13 3|0.1 96|1 -1 -0 -13 3
3014 聯陽|半導體業|23 27 2|85 85 -8 11|0.4 147|31 2 7 -18 -17
3015 全漢|電子零組|-5 -9 -4|98 98 2 6|0.8 10|14 -11 1 -3 -2
3016 嘉晶|半導體業|-28 -24 4|72 85 -8 -10|0.6 16|1 -8 0 -7 3
3017 奇鋐|電腦及週|23 14 8|100 100 46 44|1.6 5615|45 12 -0 -42 -22
3019 亞光|光電業|8 5 11|91 91 5 2|0.2 44|13 6 1 -4 -1
3021 鴻名|電子零組|5 -12 10|78 78 -4 -9|0.8 6|3 -5 0 4 -3
3022 威強電|電腦及週|-29 -24 -27|79 89 -0 -3|0.3 25|17 -28 -2 -1 40
3023 信邦|電子零組|-17 -10 -18|71 79 -10 -17|1.1 203|53 -42 -5 23 -32
3024 憶聲|光電業|61 30 20|92 92 7 6|0.9 24|7 1 0 0 -2
3025 星通|通信網路|696 240 158|84 84 5 5|0.5 630|7 1 0 -5 -6
3026 禾伸堂|電子零組|-11 -11 0|94 94 -3 -2|0.5 9|11 -14 0 -7 7
3027 盛達|通信網路|-17 35 -33|69 84 3 -12|0.3 19|1 -6 0 3 12
3028 增你強|電子通路|-8 -5 11|95 95 3 9|0.5 8|8 -12 1 -13 0
3029 零壹|資訊服務|0 10 -0|98 98 7 10|0.6 69|9 3 0 28 -2
3030 德律|其他電子|105 6 35|100 100 17 20|1.7 61|17 17 -0 20 -40
3031 佰鴻|光電業|-17 -17 5|88 95 14 12|0.6 7|2 3 0 13 -3
3032 偉訓|電子零組|35 23 -6|97 97 12 23|0.9 583|7 2 -0 50 -10
3033 威健|電子通路|22 3 2|93 100 13 7|2.8 134|8 -3 0 69 35
3034 聯詠|半導體業|12 22 13|96 96 8 30|0.9 1805|50 -4 4 -5 -4
3035 智原|半導體業|-11 -13 -5|92 92 23 40|0.6 7524|32 1 1 -7 -31
3036 文曄|電子通路|4 23 19|100 100 18 157|1.8 3287|19 2 5 146 217
3037 欣興|電子零組|-23 -30 -4|87 93 15 2|1.0 2056|48 11 -2 -7 34
3038 全台|光電業|-14 -22 -16|78 91 6 -8|3.2 20|9 -7 0 37 21
3041 揚智|半導體業|-45 -27 17|82 82 3 55|0.5 116|9 4 0 3 5
3042 晶技|電子零組|-6 1 18|92 92 -2 5|0.4 80|20 -4 1 -13 -19
3044 健鼎|電子零組|-2 2 12|92 92 7 10|0.7 612|39 -11 7 -19 1
3045 台灣大|通信網路|10 6 -1|98 98 0 5|0.6 204|14 8 4 -53 -19
3046 建碁|電腦及週|124 67 -18|66 82 4 -5|0.3 45|2 -1 0 -10 17
3047 訊舟|通信網路|-43 -30 -3|100 100 23 18|1.0 34|4 3 0 7 -7
3050 鈺德|光電業|-10 -9 -11|100 100 21 25|1.6 35|8 0 0 18 9
3051 力特|光電業|-35 -24 7|81 81 11 37|0.5 72|3 -5 -0 -7 13
3052 夆典|建材營造|118 16 -9|96 99 9 8|1.8 9|2 12 0 22 -15
3055 蔚華科|電子通路|34 -14 9|100 100 57 58|3.9 301|6 2 0 25 -20
3056 富華新|建材營造|-89 -94 -330|77 85 8 -16|0.5 16|3 2 -0 -9 -11
3058 立德|電子零組|-21 -14 1|65 92 3 2|1.3 10|2 9 0 na na
3059 華晶科|光電業|-16 -28 4|89 89 8 13|0.5 71|13 -7 -0 -1 72
3060 銘異|電腦及週|34 29 40|88 88 0 8|0.3 8|10 -6 0 -16 -1
3062 建漢|通信網路|-42 -47 -24|83 88 -9 4|0.4 12|12 -1 0 5 -0
3066 李洲|光電業|20 -8 14|95 95 68 56|4.2 49|0 -0 0 217 143
3071 協禧|電腦及週|-16 -18 -5|66 77 -5 -11|0.8 7|1 -1 0 -2 9
3078 僑威|電子零組|12 43 -32|90 90 -7 -1|0.2 126|6 3 0 -14 -3
3081 聯亞|通信網路|-45 -55 -2|87 94 17 20|2.4 69|16 17 0 5 -8
3083 網龍|文化創意|-0 4 6|82 83 -12 2|0.4 9|1 -7 0 -5 37
3086 華義*|文化創意|83 48 48|70 70 64 108|0.6 45|40 0 0 -6 33
3088 艾訊|電腦及週|-24 -9 -13|82 82 -1 -2|0.3 24|8 4 0 -16 -24
3090 日電貿|電子零組|12 11 10|93 93 -2 8|0.5 12|10 -30 -0 -3 -0
3092 鴻碩|電子零組|1 -5 27|82 88 -4 -15|0.4 6|1 -4 0 -4 -8
3094 聯傑|半導體業|-12 -14 5|87 87 -3 27|0.1 28|2 -17 0 -7 -1
3105 穩懋|半導體業|52 38 46|80 89 0 6|0.6 309|24 -3 -1 12 -12
3122 笙泉|半導體業|8 15 35|83 83 -12 79|0.3 20|3 6 0 -3 -9
3131 弘塑|半導體業|-3 3 8|96 98 34 27|1.3 452|11 3 7 na 11
3138 耀登|通信網路|3 3 -1|82 85 -3 3|1.1 56|2 -3 0 -5 14
3141 晶宏|半導體業|-33 5 26|78 87 -4 4|0.7 37|7 -16 0 -0 25
3147 大綜|資訊服務|33 40 24|83 83 24 33|0.1 26|4 -8 0 6 20
3149 正達|光電業|8 -16 5|89 89 67 31|1.0 44|2 0 0 na na
3152 璟德|通信網路|19 16 13|76 76 -4 11|0.2 16|17 -0 -12 13 9
3162 精確|電機機械|38 20 -57|70 83 -3 -8|0.6 28|44 -9 0 -1 23
3163 波若威|通信網路|9 4 16|85 85 1 4|0.7 106|7 10 0 -13 -27
3167 大量|電機機械|17 16 53|98 98 13 51|1.5 19|2 8 0 7 -4
3169 亞信|半導體業|0 -19 14|85 85 1 17|0.3 35|2 7 0 -1 -8
3176 基亞|生技醫療|34 82 36|69 69 -26 30|0.4 11|5 -1 0 na na
3178 公準|半導體業|-15 4 -7|93 93 25 23|0.9 36|4 4 0 -9 -8
3188 鑫龍騰|建材營造|133 476 na|100 100 18 31|1.4 7|1 10 0 3 8
3189 景碩|半導體業|-13 -20 16|83 89 5 -5|1.8 229|13 6 6 -8 -1
3205 佰研|生技醫療|-9 -15 2|80 86 -1 -5|0.2 6|11 1 0 -2 -3
3207 耀勝|電子零組|-50 -43 -38|88 98 26 13|0.6 63|3 3 0 -5 -4
3209 全科|電子通路|-46 -14 -6|84 94 2 2|0.4 9|3 1 0 -21 -8
3211 順達|電腦及週|-23 -20 -12|84 84 6 4|0.6 55|16 -2 -4 -10 32
3213 茂訊|電腦及週|0 8 -2|83 83 19 21|0.2 23|10 -1 0 -15 20
3217 優群|電子零組|24 29 12|94 94 13 38|0.3 434|8 -0 3 -21 -2
3218 大學光|生技醫療|1 4 -14|67 77 -10 -22|1.6 102|20 -32 -1 45 67
3221 台嘉碩|通信網路|-23 -14 15|87 88 -11 -4|0.5 5|4 -11 0 -15 -5
3227 原相|半導體業|79 73 56|93 93 15 43|0.4 235|25 4 -0 21 2
3228 金麗科|半導體業|9 9 16|96 96 215 311|0.7 584|6 3 0 -27 -69
3231 緯創|電腦及週|-23 -12 -1|73 89 18 0|0.9 9017|29 2 3 -13 -14
3232 昱捷|電子通路|41 20 9|86 100 17 13|2.6 15|7 -0 0 -19 -24
3234 光環|通信網路|-2 -9 24|83 83 1 12|0.6 11|2 4 0 -4 na
3257 虹冠電|半導體業|162 237 96|79 79 0 -8|0.2 18|6 11 0 -7 -17
3260 威剛|半導體業|34 43 45|91 91 -7 30|0.3 405|12 -8 -2 -10 42
3264 欣銓|半導體業|-14 -8 -5|89 89 8 24|0.5 417|24 -16 10 -12 105
3265 台星科|半導體業|34 8 13|100 100 47 50|1.8 487|10 9 0 -21 -42
3276 宇環|電子零組|81 134 96|80 80 -7 63|0.4 13|1 0 0 -11 -13
3284 太普高|其他|27 12 10|97 100 24 25|2.1 8|2 10 0 -6 0
3287 廣寰科|電腦及週|75 90 47|97 97 85 81|0.8 370|3 -1 0 45 7
3289 宜特|其他電子|-3 -6 -8|95 100 33 17|4.6 93|6 3 1 27 -22
3290 東浦|電子零組|5 -6 -16|83 83 -11 -1|0.5 11|2 -3 0 -4 2
3293 鈊象|文化創意|20 20 1|100 100 28 45|0.6 653|33 1 5 -14 -42
3296 勝德|電子零組|-34 -33 5|96 96 46 42|1.5 25|4 -1 0 24 36
3305 昇貿|其他電子|-12 -11 15|88 88 9 7|0.3 44|4 -3 0 3 -28
3306 鼎天|通信網路|47 45 35|78 78 10 11|0.4 47|1 -1 0 25 22
3308 聯德|電子零組|-63 -75 -179|61 61 -1 2|2.1 9|1 2 0 9 19
3311 閎暉|通信網路|12 14 11|90 90 8 17|0.7 10|2 4 0 -2 -17
3312 弘憶股|電子通路|-12 -10 10|100 100 33 30|4.7 51|6 3 0 6 42
3317 尼克森|半導體業|3 4 6|84 84 -4 20|0.3 19|5 -3 0 -7 16
3321 同泰|電子零組|7 38 36|71 86 -6 -5|0.7 6|1 2 0 na na
3322 建舜電|電子零組|2 9 10|86 86 -10 11|0.4 11|4 -0 0 14 -15
3324 雙鴻|其他電子|-12 -2 5|98 98 17 39|2.1 1481|27 4 0 21 11
3325 旭品|電腦及週|45 39 -24|84 84 11 10|0.2 72|2 1 0 -6 6
3338 泰碩|電子零組|12 18 31|85 96 8 12|1.1 71|10 8 -1 -10 -23
3339 泰谷|光電業|6 6 18|95 95 26 44|2.1 53|3 -1 0 34 66
3346 麗清|汽車工業|27 16 -23|88 88 -1 2|0.2 60|8 -13 0 -10 65
3354 律勝|電子零組|35 18 37|94 94 82 75|4.8 63|0 -0 0 69 24
3356 奇偶|光電業|-11 -6 -3|74 92 3 -5|2.4 11|2 -4 0 -3 0
3357 臺慶科|電子零組|-11 -11 4|91 94 4 10|0.7 14|12 -8 1 7 20
3360 尚立|電子通路|-54 -45 -21|95 95 76 70|10.6 10|2 1 0 156 119
3362 先進光|光電業|36 24 13|100 100 48 44|1.4 443|7 6 -0 4 -2
3363 上詮|通信網路|14 6 25|99 99 12 48|1.6 331|8 4 0 19 -31
3372 典範|半導體業|8 10 33|89 89 1 11|0.3 7|2 2 0 -6 -10
3373 熱映|其他電子|-16 -20 -53|83 83 28 39|0.4 12|1 -1 0 20 51
3374 精材|半導體業|9 -0 16|87 90 -2 11|0.7 143|8 0 -2 -7 2
3376 新日興|電子零組|31 22 34|100 100 53 95|2.7 380|24 -5 5 98 31
3380 明泰|通信網路|-12 -28 -15|82 95 13 4|1.1 143|9 -6 0 -1 14
3390 旭軟|電子零組|-15 34 45|81 81 42 53|0.2 54|2 1 0 -39 10
3402 漢科|其他電子|24 18 24|98 98 56 63|1.6 58|9 0 0 2 14
3406 玉晶光|光電業|25 20 12|92 92 3 3|0.4 553|21 -4 -1 -3 -10
3413 京鼎|半導體業|-10 -19 -9|98 98 14 18|1.1 136|27 6 3 -8 35
3416 融程電|電腦及週|-9 -13 -14|97 97 20 9|2.9 35|5 6 0 0 19
3437 榮創|光電業|23 23 29|91 91 62 75|0.9 142|6 1 0 10 53
3438 類比科|半導體業|28 24 31|93 93 10 24|1.2 62|3 -3 0 1 4
3443 創意|半導體業|-29 -21 -36|81 82 -5 22|1.1 5900|27 -4 -3 25 27
3444 利機|電子通路|6 4 10|78 78 -16 35|0.3 39|12 -1 0 -9 -1
3450 聯鈞|半導體業|5 -5 15|94 94 5 49|0.6 186|11 4 -0 11 3
3454 晶睿|光電業|-38 -45 -45|53 87 2 -13|0.5 27|2 0 -0 -4 -3
3455 由田|光電業|6 -19 15|88 98 7 6|0.9 11|4 6 0 -3 -21
3479 安勤|電腦及週|-8 -18 -27|93 97 20 16|0.5 111|10 6 5 -5 -15
3481 群創|光電業|16 12 13|94 96 31 -6|1.5 2412|29 7 5 -5 15
3483 力致|電腦及週|28 23 10|93 93 9 12|0.9 478|10 2 1 -3 -39
3484 崧騰|電子零組|-15 -25 16|87 87 -2 13|0.6 5|5 -5 0 2 2
3489 森寶|建材營造|36 0 19|100 100 57 81|0.6 9|2 2 0 -15 24
3490 單井|光電業|-50 -32 0|95 95 23 17|2.4 35|1 -0 0 84 100
3491 昇達科|通信網路|5 0 9|87 90 -8 13|0.4 54|5 3 -2 -7 -15
3499 環天科|通信網路|76 66 52|95 95 36 22|0.9 23|1 1 0 -56 -100
3504 揚明光|光電業|-10 -19 12|75 96 17 5|0.9 56|1 -0 0 1 4
3515 華擎|電腦及週|12 14 -1|80 89 22 2|0.5 254|13 5 -5 9 -28
3518 柏騰|其他電子|-5 9 15|78 84 0 -11|0.3 8|6 -8 0 -1 -2
3520 華盈|電子零組|-43 -13 0|87 99 25 23|3.2 43|1 0 0 48 -1
3521 台鋼建設|建材營造|-59 -69 -77|81 89 59 1|0.9 11|1 2 0 na na
3522 御嵿|觀光餐旅|-16 4 -21|84 84 10 18|0.3 13|0 -3 0 na na
3526 凡甲|電子零組|33 32 25|95 95 2 13|0.6 51|14 4 0 -13 10
3527 聚積|半導體業|18 -9 13|83 86 -2 11|0.2 9|8 9 -6 -5 -2
3529 力旺|半導體業|7 2 -1|100 100 27 44|1.1 1294|59 6 2 -21 -19
3530 晶相光|半導體業|-13 8 16|100 100 31 73|1.6 174|40 1 0 57 13
3532 台勝科|半導體業|1 -12 -3|85 85 3 13|0.2 142|48 -11 2 2 24
3533 嘉澤|電子零組|-3 -7 1|89 89 13 36|1.1 1088|45 2 -5 11 -26
3540 曜越|電腦及週|-8 10 -32|72 90 6 -2|0.4 13|4 -6 0 -4 12
3543 州巧|光電業|26 19 11|100 100 44 36|3.0 17|1 3 0 -1 44
3545 敦泰|半導體業|9 8 -2|73 73 13 41|0.5 304|29 -16 0 25 7
3546 宇峻|文化創意|9 3 16|91 94 -1 2|0.5 7|9 -10 0 -5 -1
3548 兆利|電子零組|20 39 14|93 93 30 195|1.3 1797|10 -1 1 8 15
3551 世禾|綠能環保|-1 -4 -0|100 100 26 32|0.9 30|7 1 0 -3 19
3552 同致|其他電子|30 19 13|80 85 -8 3|0.3 18|15 -8 0 -4 -6
3558 神準|通信網路|-45 -29 -41|67 79 -1 -18|1.8 53|1 -1 0 -3 3
3563 牧德|光電業|-62 -52 -35|98 98 46 38|3.3 99|10 -1 0 120 71
3567 逸昌|半導體業|22 33 20|85 85 3 11|0.3 6|7 -1 0 -3 -27
3570 大塚|資訊服務|-11 -1 -13|89 89 8 20|0.6 10|44 6 0 na na
3576 聯合再生|光電業|-66 -61 -30|59 80 -12 -21|0.6 46|13 -22 0 -10 2
3580 友威科|其他電子|-54 -47 -27|91 97 12 4|3.2 18|2 -1 0 13 -17
3581 博磊|半導體業|6 -13 -11|89 90 19 -9|5.0 14|8 -1 0 3 -13
3583 辛耘|半導體業|33 23 1|85 88 14 0|0.6 528|8 3 -0 3 -9
3587 閎康|其他電子|14 8 -14|81 81 17 -9|0.8 380|9 -1 -1 30 27
3588 通嘉|半導體業|16 15 36|93 93 28 56|0.3 377|5 -1 0 14 60
3591 艾笛森|光電業|24 20 11|90 98 5 4|1.1 12|5 2 0 -8 -38
3592 瑞鼎|半導體業|17 17 26|93 93 -1 17|0.5 108|19 6 2 -5 -48
3594 磐儀|電腦及週|-33 -21 -18|71 82 -15 -10|0.6 9|1 -11 0 1 4
3596 智易|通信網路|10 7 -2|92 92 4 30|0.4 167|32 -9 8 -10 -6
3605 宏致|電子零組|-3 -3 14|100 100 31 37|5.8 6|11 0 0 49 40
3607 谷崧|電子零組|-13 -2 4|97 97 20 14|0.7 12|7 12 1 -1 21
3611 鼎翰|電腦及週|-7 -2 -7|86 90 -7 -6|0.6 11|13 -11 0 -15 21
3615 安可|光電業|3 5 8|99 99 37 59|3.0 227|1 -1 0 40 55
3617 碩天|其他電子|2 0 -5|66 66 -13 -15|0.4 59|5 3 -5 -7 -5
3622 洋華|光電業|209 64 43|100 100 56 86|2.0 334|8 3 0 54 34
3623 富晶通|光電業|17 8 1|78 78 48 154|3.1 243|1 -0 0 -26 32
3624 光頡|電子零組|-7 -11 8|71 85 1 5|0.2 22|41 -2 -7 -3 10
3630 新鉅科|光電業|30 41 30|84 85 -4 -0|0.4 15|36 -10 0 -1 -6
3645 達邁|電子零組|83 19 18|82 92 -2 -11|0.5 34|11 -0 0 -6 12
3653 健策|電子零組|-5 -9 -11|97 97 27 30|1.0 733|20 0 -3 23 -9
3661 世芯-KY|半導體業|115 103 -23|100 100 30 119|0.9 6320|63 4 -1 -26 -40
3664 安瑞-KY|通信網路|88 13 -10|62 82 -6 10|2.6 10|42 0 0 na na
3665 貿聯-KY|其他電子|-13 -11 -6|74 84 -12 -14|1.9 198|45 4 -6 4 -8
3669 圓展|通信網路|-15 -10 6|87 87 -1 21|0.3 6|3 -6 0 -2 -11
3673 TPK-KY|光電業|-3 -16 11|79 93 6 1|1.4 69|35 -9 0 7 30
3675 德微|半導體業|-12 -16 3|84 88 17 8|0.3 142|53 2 -14 -2 -36
3680 家登|半導體業|-20 17 -1|96 100 12 33|1.0 504|14 6 6 -16 -7
3687 歐買尬|數位雲端|2 1 4|85 92 18 17|2.0 37|4 0 0 -0 1
3689 湧德|電子零組|-18 -8 -7|79 79 5 -6|0.2 18|10 8 0 -6 -7
3691 碩禾|光電業|271 62 90|81 97 18 19|1.1 36|4 -3 0 -13 -10
3693 營邦|電腦及週|19 34 -33|69 69 -10 -7|0.5 431|2 -1 0 1 -18
3694 海華|通信網路|6 -3 1|99 99 72 83|2.8 602|7 0 0 34 19
3701 大眾控|電腦及週|-30 -11 -18|72 72 -19 -3|0.2 29|3 -8 0 0 7
3702 大聯大|電子通路|0 4 16|99 99 19 72|0.6 504|35 17 10 9 -14
3703 欣陸|建材營造|5 8 8|92 96 -2 2|0.7 15|24 -22 -2 -17 -10
3704 合勤控|通信網路|-11 -14 -19|74 84 -9 -3|0.4 71|15 -15 0 -9 14
3705 永信|生技醫療|32 11 14|97 97 3 6|0.4 10|11 10 1 -6 -7
3706 神達|電腦及週|-46 -38 -17|86 96 14 4|0.6 693|10 2 1 -6 -6
3707 漢磊|半導體業|-19 -23 -3|63 78 -12 -17|0.6 67|9 -5 -1 -8 3
3708 上緯投控|綠能環保|-12 -16 9|93 97 5 8|0.6 45|9 -1 -2 -6 16
3710 連展投控|電子零組|19 11 15|80 95 9 3|1.1 6|2 14 0 na na
3711 日月光投控|半導體業|-6 -9 4|97 97 13 20|0.7 1184|78 13 4 -8 -7
3712 永崴投控|電腦及週|93 83 41|100 100 30 33|1.2 169|5 4 0 9 15
3714 富采|光電業|19 -2 17|76 91 -3 -9|0.7 70|14 -9 0 -1 18
3715 定穎投控|電子零組|10 10 na|78 78 -1 162|0.9 646|14 -1 -2 1 -6
4102 永日|生技醫療|-17 -18 -22|88 88 9 22|0.3 15|3 -10 0 -4 0
4104 佳醫|生技醫療|8 11 -4|93 97 -0 1|0.5 10|5 -21 0 -21 25
4105 東洋|生技醫療|12 8 -2|91 91 -9 4|0.5 28|19 -23 -4 -7 -22
4107 邦特|生技醫療|-0 -3 0|97 98 8 3|0.5 8|13 -20 0 -10 -15
4109 加捷生醫|生技醫療|-24 4 -5|92 92 46 44|1.5 37|1 -1 0 44 135
4113 聯上|建材營造|219609 73153 43287|100 100 21 68|1.3 20|3 8 0 10 -8
4114 健喬|生技醫療|-6 6 -12|86 90 -0 -3|0.2 34|5 6 0 -11 -6
4116 明基醫|生技醫療|5 3 1|92 94 0 3|0.3 8|3 1 0 -17 -6
4119 旭富|生技醫療|0 34 -25|80 92 2 -10|0.9 16|7 -5 0 4 3
4123 晟德|生技醫療|106 72 -24|79 95 0 -10|1.0 61|7 5 0 9 -4
4126 太醫|生技醫療|-18 -16 -24|93 98 3 5|1.1 8|15 -16 1 -5 7
4128 中天|生技醫療|-3 -4 3|74 81 -19 -9|0.4 51|4 7 0 -8 -10
4129 聯合|生技醫療|21 23 -3|92 92 32 40|0.7 110|22 5 4 0 -51
4133 亞諾法|生技醫療|3 -11 -5|85 88 2 4|0.3 9|12 -1 0 -17 -9
4137 麗豐-KY|生技醫療|56 23 -8|82 94 -4 1|0.5 8|60 -14 0 1 -9
4138 曜亞|生技醫療|0 5 -20|73 86 -1 0|0.4 8|2 -3 0 -21 5
4142 國光生|生技醫療|-31 33 -133|68 84 -7 -10|0.7 18|6 -9 0 -3 2
4147 中裕|生技醫療|-39 -51 -75|69 77 7 -5|1.1 87|7 4 -0 7 -15
4155 訊映|生技醫療|47 1 16|66 84 2 -11|0.6 5|2 20 0 -22 -19
4157 太景*-KY|生技醫療|116 85 -891|83 89 -3 0|0.4 11|4 8 0 2 -0
4162 智擎|生技醫療|26 6 -22|89 91 -5 31|1.8 159|6 4 -0 -3 -19
4163 鐿鈦|生技醫療|-25 -11 -16|87 96 4 6|0.7 7|4 -16 1 -4 19
4164 承業醫|生技醫療|-4 84 48|80 89 -10 5|0.4 26|23 -6 0 -2 3
4167 松瑞藥|生技醫療|30 40 49|81 81 2 14|0.2 37|11 7 0 -14 -9
4171 瑞基|農業科技|-24 -33 23|77 84 14 1|0.3 8|14 9 0 -1 -8
4174 浩鼎|生技醫療|1301 na na|72 81 -15 -19|1.2 23|10 -8 0 7 16
4188 安克|生技醫療|102 72 61|91 91 18 68|0.7 31|2 3 0 na na
4303 信立|塑膠工業|-42 -48 2|100 100 44 50|4.8 5|1 -1 0 55 38
4306 炎洲|塑膠工業|26 29 36|92 92 4 17|0.4 15|8 -10 0 -5 -0
4402 郡都開發|紡織纖維|-69 -50 4|88 88 66 74|0.9 14|0 -0 0 na na
4420 光明|紡織纖維|10 -10 15|93 93 56 65|0.6 10|1 -1 0 73 517
4503 金雨|電機機械|82 70 13|64 78 -2 -18|0.3 8|2 -4 0 0 7
4526 東台|電機機械|-13 -10 -4|80 95 5 2|1.1 6|7 -7 0 -2 9
4529 淳紳|其他|178 68 -20|97 97 94 106|3.3 19|17 -0 0 -86 na
4532 瑞智|電機機械|20 26 30|84 100 13 2|1.5 21|14 7 0 -4 -6
4533 協易機|電機機械|-37 2 -19|61 77 -1 -13|0.1 19|1 1 0 -4 4
4536 拓凱|運動休閒|-14 -31 -20|78 95 8 7|0.6 24|15 11 -4 -1 -11
4541 晟田|其他|-5 -7 2|62 78 -5 -15|0.3 6|2 -8 0 -2 -1
4542 科嶠|電子零組|-26 -28 -51|76 76 -8 103|1.6 10|4 0 0 4 2
4543 萬在|電機機械|9 2 13|69 91 21 13|1.6 17|6 -1 0 5 14
4550 長佳|電機機械|81 41 -7|100 100 16 34|0.8 8|4 2 0 -16 13
4551 智伸科|汽車工業|-36 -28 -5|69 74 -19 -20|1.3 22|50 2 -14 -7 -6
4552 力達-KY|電機機械|2 4 3|85 85 -11 5|0.3 6|45 -4 0 -20 3
4561 健椿|電機機械|-1 29 17|76 76 13 20|0.1 5|3 -3 0 12 28
4563 百德|電機機械|6 40 31|72 76 5 -7|0.6 13|1 -4 0 1 18
4564 元翎|電機機械|-38 -29 0|71 83 -5 -5|0.5 8|2 -7 0 -6 4
4566 時碩工業|電機機械|-3 -17 -2|71 90 1 -4|0.5 6|1 5 0 -1 -18
4571 鈞興-KY|電機機械|18 3 4|99 99 19 16|1.8 7|67 0 0 19 83
4572 駐龍|電機機械|28 21 -12|76 76 -4 -13|0.5 37|4 4 -18 1 -13
4583 台灣精銳|電機機械|-43 -17 4|74 90 -8 -10|0.4 5|1 -4 0 9 -8
4714 永捷|化學工業|-34 -29 11|96 96 3 9|0.9 12|3 2 0 24 1
4720 德淵|化學工業|-10 -4 4|91 91 6 10|0.5 6|6 4 0 -15 5
4721 美琪瑪|化學工業|-44 -51 4|73 87 -1 -1|0.4 10|2 13 0 -10 -14
4726 永昕|生技醫療|-26 5 -5|79 97 7 -5|1.0 14|21 8 0 1 -26
4729 熒茂|光電業|-26 -25 -5|95 95 29 25|6.8 13|0 -0 0 659 136
4735 豪展|生技醫療|-44 -46 -20|96 96 15 8|0.6 7|1 0 0 -36 3
4736 泰博|生技醫療|-31 -34 8|79 85 -4 -10|0.4 22|11 4 3 -8 -13
4737 華廣|生技醫療|-3 -18 -3|88 88 -9 -0|1.3 6|22 1 0 4 5
4739 康普|化學工業|-22 -33 8|69 82 -10 -7|0.4 17|2 -4 -0 -6 6
4743 合一|生技醫療|32 81 58|68 75 -24 -6|0.3 267|6 -0 0 -0 -2
4744 皇將|生技醫療|39 29 -7|63 78 -12 -11|0.3 8|3 2 0 -11 5
4746 台耀|生技醫療|32 13 -4|95 95 29 25|0.9 519|10 5 1 -9 -45
4747 強生製藥|生技醫療|-4 10 -13|75 86 -6 -14|0.6 21|1 -2 0 4 14
4755 三福化|化學工業|25 10 19|81 93 1 -6|1.7 22|30 -0 -2 -3 1
4763 材料*-KY|化學工業|236 212 60|68 68 -20 24|0.6 2485|55 -2 -0 0 9
4766 南寶|化學工業|4 -1 5|97 97 31 62|0.7 130|19 -2 11 -15 -15
4768 晶呈科技|化學工業|-35 -37 -21|74 89 -1 7|0.5 54|4 4 -20 3 6
4770 上品|化學工業|-30 -20 -17|88 88 5 12|0.3 67|9 -1 -0 -3 10
4904 遠傳|通信網路|7 9 4|97 97 3 12|0.6 233|19 14 7 33 -58
4906 正文|通信網路|-15 -30 -31|95 95 9 11|0.9 145|20 5 -0 -6 -6
4907 富宇|建材營造|-4 1442848 970829|100 100 40 39|1.0 5|0 0 0 11 0
4908 前鼎|通信網路|86 65 55|98 98 17 127|3.1 229|15 7 0 24 -8
4909 新復興|通信網路|143 48 7|95 95 98 115|1.1 548|2 -0 0 -12 20
4915 致伸|電子零組|-31 -25 -2|91 91 3 6|0.4 131|36 -20 21 -9 -6
4916 事欣科|電腦及週|-27 -4 -35|71 81 -5 -16|0.5 12|2 -3 0 -5 -4
4919 新唐|半導體業|-7 -11 4|85 86 -2 4|0.3 192|6 -13 5 -4 4
4927 泰鼎-KY|電子零組|6 -12 1|70 79 -2 -22|0.6 8|16 -14 0 -3 -0
4930 燦星網|電器電纜|41 23 26|94 94 18 27|0.6 6|5 5 0 -2 5
4931 新盛力|電腦及週|-60 -62 -28|61 85 0 -14|0.4 6|2 4 -0 -3 -1
4933 友輝|光電業|38 44 26|94 94 15 53|0.9 28|6 19 -4 -18 7
4934 太極|光電業|-89 -78 -92|64 66 -11 -27|0.8 16|1 -6 0 3 24
4938 和碩|電腦及週|-26 -5 -2|94 94 8 10|0.8 497|36 -4 4 12 -1
4939 亞電|電子零組|38 14 19|95 95 31 32|1.2 19|4 5 0 -2 4
4942 嘉彰|光電業|2 -7 14|96 96 0 4|0.4 5|11 -25 0 -17 4
4945 陞達科技|半導體業|93 123 113|84 84 20 36|0.2 30|5 3 0 -17 21
4951 精拓科|半導體業|6 2 21|87 93 9 11|0.8 6|3 2 0 -7 35
4952 凌通|半導體業|9 2 28|89 89 3 5|0.2 6|7 3 0 -12 -8
4953 緯致|資訊服務|19 17 5|80 94 10 6|0.7 154|6 -0 -0 2 -8
4956 光鋐|光電業|-16 -11 -6|84 84 45 42|0.5 340|7 -0 0 77 141
4958 臻鼎-KY|電子零組|-11 4 16|91 92 -2 5|0.8 308|64 -20 11 11 84
4960 誠美材|光電業|1 23 18|91 91 6 13|1.3 89|15 -4 0 10 75
4961 天鈺|半導體業|-15 -9 6|80 80 -9 8|0.2 171|19 -14 -0 12 9
4966 譜瑞-KY|半導體業|51 22 45|91 91 4 38|0.6 995|57 3 -2 11 21
4967 十銓|半導體業|201 224 72|83 83 -15 28|0.2 167|6 -1 0 -13 -4
4968 立積|半導體業|30 11 23|92 92 30 16|1.9 421|16 -5 -0 23 36
4973 廣穎電通|半導體業|2 -4 -9|89 89 6 19|0.3 18|6 -0 0 -20 1
4976 佳凌|光電業|-3 -9 6|78 90 5 -3|0.8 9|1 -1 0 -5 1
4977 眾達-KY|通信網路|-80 -78 -47|60 84 -4 0|0.6 25|20 8 -2 -3 -4
4979 華星光|通信網路|47 121 -11|74 80 -20 5|0.4 838|7 -1 2 -13 48
5009 榮剛|鋼鐵工業|-7 -1 -12|78 91 3 -1|0.5 144|12 -1 -5 0 6
5011 久陽|鋼鐵工業|27 35 44|90 90 22 10|0.2 6|2 4 0 -4 -2
5202 力新|資訊服務|-52 -1 15|96 96 25 16|2.3 5|1 2 0 87 98
5203 訊連|資訊服務|16 15 5|82 92 -4 -6|1.3 15|10 -15 0 -3 28
5209 新鼎|其他|138 71 -9|86 95 9 4|0.2 8|1 -5 0 na 2
5210 寶碩|資訊服務|17 5 18|82 82 115 258|1.2 75|1 -5 0 na na
5211 蒙恬|資訊服務|19 23 10|77 94 10 15|3.1 12|9 -0 0 30 -1
5213 亞昕|建材營造|516 2718 1869|95 95 23 39|0.4 15|2 -9 0 -9 17
5215 科嘉-KY|電腦及週|37 46 38|81 81 -10 27|1.3 7|26 4 -3 14 -3
5222 全訊|半導體業|9 17 -7|80 88 -3 5|0.3 97|4 -10 -4 -12 20
5223 安力-KY|電腦及週|-8 3 20|95 95 18 12|2.6 16|42 -0 0 9 83
5225 東科-KY|其他電子|-1 -7 10|98 98 19 65|0.4 64|61 9 0 13 -44
5234 達興材料|光電業|-3 9 -6|73 96 19 -5|2.0 63|7 -11 1 16 94
5236 凌陽創新|半導體業|0 28 -4|72 72 18 30|0.6 70|9 -3 0 -12 3
5243 乙盛-KY|光電業|-33 -30 -16|63 81 -4 -15|1.1 22|51 -17 -0 -0 1
5244 弘凱|光電業|12 14 15|88 88 59 66|1.2 52|3 1 0 199 66
5258 虹堡|電腦及週|2 -5 -17|84 84 -13 19|0.4 283|3 -2 -1 4 11
5263 智崴|文化創意|5 12 3|76 86 -6 -2|1.0 8|14 -10 0 6 -2
5269 祥碩|半導體業|78 69 42|99 99 42 129|1.0 2550|25 11 1 32 1
5272 笙科|半導體業|21 44 60|94 94 11 50|1.3 35|3 -2 0 3 2
5274 信驊|半導體業|-18 -25 15|93 93 6 40|1.9 801|51 -0 -2 43 33
5284 jpp-KY|其他|-20 -6 -35|76 83 -4 -7|3.1 59|56 3 0 2 -2
5285 界霖|半導體業|-10 -8 9|76 78 -8 -16|0.5 7|2 -5 0 -9 -3
5287 數字|數位雲端|8 7 -3|99 99 5 10|0.5 6|22 9 0 -67 -13
5288 豐祥-KY|電機機械|-12 -21 -13|90 94 -3 -0|0.5 5|61 -30 -1 -4 -10
5289 宜鼎|電腦及週|11 -5 13|90 93 -5 24|0.5 105|31 13 -3 -11 -17
5299 杰力|半導體業|16 16 34|92 92 4 12|0.7 8|3 -16 0 -9 17
5306 桂盟|運動休閒|-16 -25 7|82 88 1 -10|0.5 14|15 -8 0 11 13
5309 系統電|電子零組|3 -3 -1|73 92 2 -1|0.4 33|1 -2 1 1 9
5312 寶島科|生技醫療|6 9 -9|98 99 2 10|1.2 6|10 2 0 18 0
5314 世紀*|其他|334 3500 1171|100 100 403 570|1.3 19|2 3 0 25 1200
5321 美而快|數位雲端|-24 -16 -20|69 69 -8 29|0.7 13|1 4 0 4 7
5328 華容|電子零組|-33 -23 -21|80 80 8 10|0.2 16|1 -2 0 11 27
5340 建榮|電子零組|11 16 22|76 76 -13 2|1.0 20|51 -2 0 na -11
5347 世界|半導體業|25 2 25|76 85 4 -0|0.4 417|16 -16 1 -4 -1
5351 鈺創|半導體業|15 3 38|89 89 18 28|0.2 309|6 2 0 2 -10
5355 佳總|電子零組|-11 11 9|89 89 26 46|0.6 9|1 1 0 na na
5371 中光電|光電業|-3 -11 8|86 86 0 -4|0.4 51|16 -23 24 -18 4
5381 光譜|電機機械|251 250 -17|94 94 16 48|0.5 29|1 10 0 na na
5383 金利|其他電子|-37 -35 -17|88 96 15 5|2.4 6|9 -0 0 na na
5386 青雲|電腦及週|14 16 42|72 77 -5 -10|0.2 10|0 -1 0 8 12
5388 中磊|通信網路|-23 -14 -14|90 90 6 14|0.7 246|37 -5 -1 19 -6
5392 能率|光電業|0 0 10|90 90 -1 0|0.9 6|4 -16 0 20 23
5398 慕康生醫|其他|-54 -53 -33|94 94 67 41|2.4 10|3 -1 0 70 147
5403 中菲|資訊服務|21 12 -3|99 99 30 24|2.0 18|9 -6 0 33 -13
5410 國眾|資訊服務|-18 -43 -32|93 96 0 4|1.4 8|2 -2 0 -1 -2
5425 台半|半導體業|-21 -13 -6|73 85 1 1|0.3 247|14 -13 -11 -2 33
5426 振發|電腦及週|-17 -37 -8|92 92 156 188|1.6 1280|2 0 0 6 -14
5432 新門|綠能環保|81 35 7|94 94 101 177|1.5 152|2 1 0 41 26
5434 崇越|電子通路|-10 -9 -2|100 100 6 9|1.2 61|25 -14 2 3 16
5439 高技|電子零組|-6 27 -9|73 73 -12 11|0.6 289|5 -7 -1 22 7
5443 均豪|半導體業|51 -15 18|97 97 20 8|1.4 120|4 3 0 12 -20
5450 南良|其他|12 -7 14|86 95 17 19|0.6 6|0 -0 0 -14 -12
5452 佶優|其他電子|-5 -1 11|86 86 -0 -4|0.2 15|5 -18 0 -6 -14
5457 宣德|電子零組|10 -5 5|95 96 11 12|1.2 58|39 6 -0 34 -8
5465 富驊|電腦及週|11 18 -3|70 82 -4 -3|0.1 16|0 2 0 -7 -12
5469 瀚宇博|電子零組|-4 -9 1|90 90 5 13|1.7 115|14 -10 8 4 31
5471 松翰|半導體業|28 28 43|90 90 6 19|0.2 15|15 4 0 -15 0
5474 聰泰|電腦及週|27 9 17|69 93 15 8|1.4 37|1 -1 0 25 7
5478 智冠|文化創意|6 -5 -9|69 69 41 44|0.9 130|28 -4 0 44 32
5483 中美晶|半導體業|23 0 -0|94 94 13 24|0.5 993|19 0 10 -0 1
5484 慧友|光電業|-15 -14 -35|86 98 41 27|2.6 6|1 3 0 na na
5488 松普|電子零組|-52 -58 -39|83 83 4 2|1.4 23|0 -1 0 30 52
5498 凱崴|電子零組|-7 -12 13|90 100 9 7|2.0 7|2 11 0 1 -13
5508 永信建|建材營造|315 296 94|98 98 8 30|0.7 22|3 9 0 17 2
5511 德昌|建材營造|5 29 4|82 91 1 -8|0.6 15|3 -6 0 -4 5
5515 建國|建材營造|-11 -8 8|91 91 24 21|0.2 14|5 19 1 -35 -54
5519 隆大|建材營造|657 389 297|100 100 16 40|0.7 22|6 17 0 -31 -2
5521 工信|建材營造|31 38 17|81 81 33 75|0.3 112|7 3 0 -35 54
5522 遠雄|建材營造|177 35 55|94 94 -2 2|0.5 22|6 -18 -2 -17 -20
5530 龍巖|其他|24 19 13|96 96 6 7|0.7 7|56 5 0 2 11
5531 鄉林|建材營造|29 61 -147|77 91 -2 3|0.5 6|4 -5 0 13 8
5533 皇鼎|建材營造|175 129 -240|89 89 16 25|0.1 8|6 -3 0 -40 37
5534 長虹|建材營造|-40 1477 1112|96 96 3 2|0.5 20|11 1 0 -5 -7
5536 聖暉*|其他電子|-15 -17 -9|96 96 2 21|1.5 37|21 2 5 -5 -11
5607 遠雄港|航運業|3 -0 9|78 95 16 0|0.2 37|2 -0 0 -9 -2
5608 四維航|航運業|-28 -35 12|69 81 10 8|0.1 29|3 -3 0 -4 -6
5609 中菲行|航運業|-16 -24 21|99 99 10 17|0.8 34|18 15 0 -37 -9
5706 鳳凰|觀光餐旅|46 887 -835|56 83 0 -13|0.3 34|1 -3 0 -16 2
5864 致和證|金融業|179 82 -28|57 77 8 -23|0.4 9|2 2 0 -1 -10
5871 中租-KY|其他|9 8 -5|77 90 -2 -6|1.3 679|68 -35 0 21 23
5876 上海商銀|金融保險|-3 0 -12|96 96 0 3|0.6 122|56 -21 3 -2 -13
5880 合庫金|金融保險|2 11 -7|93 95 0 -6|1.0 172|18 -28 -1 17 -7
5903 全家|居家生活|9 8 -2|86 90 3 -9|0.3 8|51 -32 0 -8 41
5904 寶雅|居家生活|2 10 -4|88 92 1 1|0.3 112|29 -6 2 18 9
6005 群益證|金融保險|69 56 -23|99 99 9 7|0.6 39|17 -19 0 12 -6
6016 康和證|金融業|109 -1207 -1083|81 92 -2 -9|0.5 9|3 -15 0 -6 19
6024 群益期|金融保險|-23 -22 -2|97 97 6 14|0.5 9|3 3 0 -45 -20
6026 福邦證|金融業|645 253 -450|95 99 12 -4|0.5 16|4 3 0 1 -5
6101 寬魚國際|文化創意|5704 74324 -41649|81 92 5 1|0.5 7|1 -16 0 na na
6104 創惟|半導體業|10 23 34|80 80 0 12|0.3 161|10 -5 0 -6 5
6108 競國|電子零組|-6 -3 8|97 97 23 34|1.0 27|6 -3 0 -3 15
6111 光聚晶電|文化創意|52 72 17|80 91 4 23|0.5 140|11 -1 0 -4 6
6112 邁達特|資訊服務|3 11 -5|90 91 4 10|0.6 103|3 8 0 -13 -21
6113 亞矽|電子通路|-51 -11 25|100 100 163 207|3.8 154|1 -1 0 45 -39
6116 彩晶|光電業|-18 -21 5|81 93 2 -10|1.1 149|8 -3 0 12 12
6117 迎廣|電腦及週|35 34 34|89 89 38 206|0.2 446|4 -0 0 -4 31
6120 達運|光電業|92 63 24|81 88 10 0|0.9 256|6 -2 0 51 74
6121 新普|電腦及週|-11 -5 7|92 92 17 33|0.7 237|41 -7 13 4 47
6122 擎邦|電機機械|45 104 -24|80 80 25 38|0.2 89|3 -1 0 -7 20
6124 業強|電子零組|-15 -5 6|75 95 27 17|2.8 20|49 -0 0 20 -25
6125 廣運|電機機械|-34 -28 -32|59 73 15 -12|0.6 206|2 -1 -0 -2 7
6126 信音|電子零組|-1 -7 3|95 97 9 7|0.5 30|8 14 0 4 0
6127 九豪|電子零組|24 17 7|87 87 15 27|0.2 25|2 2 0 -3 9
6129 普誠|半導體業|-16 -22 -8|77 90 -3 -3|0.3 22|1 -10 0 -2 17
6138 茂達|半導體業|69 50 55|93 93 28 61|0.4 405|12 -2 1 -17 19
6139 亞翔|其他電子|105 120 66|97 97 29 122|0.9 1108|27 1 -0 4 8
6140 訊達電腦|資訊服務|-7 -25 -12|87 87 130 133|1.2 633|3 0 0 -16 73
6143 振曜|通信網路|-46 -28 -42|86 86 1 18|0.9 81|5 0 -4 -2 -1
6146 耕興|其他電子|1 -2 1|87 87 0 -4|0.8 43|38 -16 -11 -13 -3
6147 頎邦|半導體業|-13 -11 5|91 91 2 5|0.6 207|19 -13 21 11 13
6148 驊宏資|資訊服務|-39 71 -84|64 80 -2 -4|0.2 9|1 -0 0 -4 2
6150 撼訊|電腦及週|-3 69 26|77 86 -4 19|0.3 47|6 6 0 -14 7
6152 百一|通信網路|-57 -51 -14|84 92 10 5|1.3 10|3 10 0 na na
6153 嘉聯益|電子零組|-13 -35 -8|80 88 -1 -4|0.5 16|10 -5 0 -2 0
6155 鈞寶|電子零組|-31 -27 1|90 90 -4 11|0.8 13|7 -2 -0 14 7
6156 松上|電子零組|-11 -12 8|88 88 -10 21|0.2 18|10 -1 0 -7 17
6161 捷波|電腦及週|-6 -8 15|84 94 13 8|0.3 15|5 1 0 -16 -17
6163 華電網|資訊服務|-21 -34 -27|69 88 9 8|0.4 26|3 -0 0 -19 -1
6164 華興|光電業|-26 -3 13|92 92 32 30|0.6 34|4 3 0 -28 20
6165 浪凡|數位雲端|-29 -10 -1|97 97 26 25|7.7 12|4 -1 0 1 11
6166 凌華|電腦及週|10 -12 -11|76 95 6 -2|0.5 17|11 -4 0 16 21
6167 久正|光電業|-34 -32 -11|82 87 1 2|1.6 5|5 -2 0 27 -15
6168 宏齊|光電業|11 8 23|88 88 -1 19|0.2 33|6 -2 0 -0 -14
6170 統振|通信網路|27 27 26|84 84 -3 11|0.4 22|1 -3 -5 -4 10
6173 信昌電|電子零組|-5 4 13|83 83 -6 10|0.2 20|2 -11 0 -4 41
6176 瑞儀|光電業|-5 -21 -2|98 98 7 15|0.4 186|34 -10 22 -25 -26
6177 達麗|建材營造|7137 4069 2575|96 96 5 16|0.6 22|5 -7 0 8 -14
6179 亞通|其他|34 -4 -34|96 100 15 19|2.5 59|3 1 0 14 40
6180 橘子|文化創意|-8 -9 4|91 100 10 17|2.5 49|29 0 0 52 31
6182 合晶|半導體業|-30 -32 -11|85 85 -5 3|0.5 89|9 -23 11 -7 15
6185 幃翔|電子零組|-5 -12 -14|66 97 6 5|0.5 8|2 -1 0 12 -4
6186 新潤|建材營造|-37 2507 na|98 98 15 25|0.6 18|3 -5 0 -0 -9
6187 萬潤|半導體業|113 40 72|100 100 53 74|0.4 643|10 5 1 60 -17
6188 廣明|電腦及週|-14 -20 -7|65 72 3 -20|0.8 120|8 2 -0 -4 -19
6189 豐藝|電子通路|25 27 17|95 95 5 40|0.7 32|9 13 -1 -7 -8
6190 萬泰科|通信網路|-3 -7 18|78 88 0 -11|0.5 10|1 1 0 -4 -6
6191 精成科|電子零組|-0 -4 1|88 88 4 25|0.4 158|16 -5 9 -16 -10
6192 巨路|其他電子|11 8 4|97 97 8 10|0.4 11|20 -3 0 -5 14
6194 育富|電子零組|11 6 -7|85 85 10 8|0.2 8|3 -0 0 -7 7
6196 帆宣|其他電子|14 4 -12|96 99 8 3|1.4 244|6 4 0 2 -1
6197 佳必琪|電子零組|32 30 15|84 84 -12 15|0.2 39|9 -1 -3 -4 -17
6201 亞弘電|其他電子|51 21 5|100 100 25 39|1.6 8|1 8 0 35 2
6202 盛群|半導體業|-55 -55 1|84 88 -6 -3|0.7 35|9 -23 -1 -0 12
6203 海韻電|電子零組|12 2 -36|83 83 -3 -12|0.3 15|4 -1 0 -21 1
6204 艾華|電子零組|7 24 22|89 89 57 151|0.4 75|1 0 0 6 23
6205 詮欣|電子零組|-13 -33 -8|89 98 22 42|1.3 128|3 4 -1 4 -5
6206 飛捷|電腦及週|20 9 41|94 94 7 4|0.4 9|11 -16 -1 -18 -13
6207 雷科|電子零組|7 16 28|96 98 14 8|0.7 19|3 3 0 32 -21
6209 今國光|光電業|-40 -31 -7|80 84 0 -5|0.2 7|2 -3 0 -3 4
6213 聯茂|電子零組|-8 -1 11|84 84 -0 13|0.4 157|17 -1 0 -4 -12
6214 精誠|資訊服務|14 13 6|98 98 12 5|0.9 71|15 8 2 -25 -2
6217 中探針|電子零組|-10 -6 9|79 88 -0 -9|2.4 15|1 -3 0 -4 -1
6218 豪勉|通信網路|-73 -33 -53|66 83 4 -7|2.2 14|1 -3 0 19 8
6219 富旺|建材營造|971 315 -272|95 95 67 51|1.0 141|7 1 0 47 51
6220 岳豐|電子零組|-9 5 18|82 82 -7 -4|0.8 8|3 -6 0 -10 -6
6223 旺矽|半導體業|21 15 6|100 100 30 42|0.8 987|24 -2 4 -25 28
6229 研通|半導體業|30 -14 15|100 100 57 63|9.7 6|1 -0 0 44 53
6230 尼得科超眾|電腦及週|-37 -36 -30|73 86 6 -12|0.8 10|89 -6 -1 -9 31
6231 系微|資訊服務|12 6 11|83 83 52 90|0.5 311|14 -6 -0 6 0
6233 旺玖|半導體業|-15 -19 -1|91 91 45 68|0.5 223|2 -0 0 1 4
6234 高僑|光電業|-24 -5 -45|66 76 -11 -13|0.4 5|12 11 0 -4 -20
6235 華孚|電腦及週|20 28 -12|59 66 -14 -15|0.8 254|5 -1 -0 -8 -1
6237 驊訊|半導體業|-35 -39 -2|95 95 43 88|1.4 362|2 -1 0 9 5
6239 力成|半導體業|12 4 19|95 95 35 52|1.3 1054|46 -2 8 22 7
6243 迅杰|半導體業|7 16 -12|95 95 53 89|1.0 770|2 -0 0 4 19
6244 茂迪|光電業|-43 -46 -28|64 87 -9 -8|0.4 29|13 -16 0 -1 4
6245 立端|通信網路|-21 -32 -23|91 95 23 21|0.5 225|13 3 3 5 -5
6248 沛波|鋼鐵工業|22 25 4|85 99 10 6|0.6 6|2 6 0 -1 -7
6257 矽格|半導體業|1 -3 14|93 93 8 30|0.6 130|27 8 3 -6 -12
6261 久元|半導體業|58 26 42|98 98 12 10|0.5 11|3 -1 0 -1 5
6263 普萊德|通信網路|-20 -8 -17|93 93 14 18|1.5 46|2 -7 0 -3 82
6265 方土昶|電子通路|-25 -7 33|100 100 60 56|6.7 8|3 0 0 97 5
6266 泰詠|電子零組|-7 -21 -38|75 93 0 -3|0.6 6|2 10 0 -3 -5
6269 台郡|電子零組|-25 -24 -10|87 92 1 -3|0.4 52|19 -12 2 -4 -6
6270 倍微|電子通路|-40 -36 -9|96 96 28 26|7.2 16|1 -0 0 163 21
6271 同欣電|半導體業|1 -3 14|81 86 -3 16|0.5 205|15 -16 -3 2 71
6274 台燿|電子零組|7 7 19|94 94 20 17|1.3 864|28 4 -2 31 -1
6275 元山|電子零組|-16 6 4|83 87 4 -0|0.4 19|2 -9 0 -8 22
6276 安鈦克|電腦及週|-37 -22 -22|67 67 20 37|0.7 127|1 -1 0 -5 450
6277 宏正|電腦及週|-11 -12 -9|95 99 2 -0|1.3 6|7 -42 1 -19 5
6278 台表科|光電業|-24 -31 1|95 95 2 3|0.5 72|20 -11 8 1 -13
6279 胡連|電子零組|16 13 -1|89 93 -4 6|0.4 48|10 1 -3 2 -7
6282 康舒|電子零組|78 43 32|75 81 6 -17|1.2 185|5 3 -1 6 -2
6284 佳邦|電子零組|19 17 12|84 84 -2 60|0.2 100|6 3 -0 18 -16
6285 啟碁|通信網路|3 2 -18|86 86 4 23|0.3 498|15 -11 -5 4 -15
6288 聯嘉|汽車工業|58 23 7|83 91 2 -0|0.5 29|3 -0 0 -9 -3
6290 良維|電子零組|7 7 12|88 96 -2 15|0.5 82|6 4 -1 11 -16
6291 沛亨|半導體業|32 79 26|70 80 -10 16|0.4 13|1 -1 0 -5 4
6292 迅德|電子零組|-14 -26 -12|92 92 4 38|0.5 16|2 1 0 -20 11
6409 旭隼|其他電子|-16 -19 -5|69 81 -2 -11|1.1 213|67 -9 -0 311 -32
6411 晶焱|半導體業|43 58 50|85 85 -7 2|0.3 31|7 -10 0 -12 11
6412 群電|電子零組|-6 -5 6|93 93 9 33|0.5 66|16 -11 5 4 4
6414 樺漢|電腦及週|3 3 -12|89 96 7 5|0.8 260|20 -1 0 -2 -13
6415 矽力*-KY|半導體業|-0 -6 25|61 79 23 30|0.8 1277|88 -8 -2 50 52
6416 瑞祺電通|通信網路|-19 -14 3|97 97 32 36|0.5 120|5 7 0 -10 -36
6417 韋僑|通信網路|11 -14 -26|57 82 1 -12|0.3 6|9 2 0 -4 -0
6425 易發|電機機械|46 -6 27|98 98 117 108|4.4 38|0 -0 0 448 -12
6426 統新|通信網路|-14 -1 37|77 77 -13 9|0.2 12|7 -5 0 -11 21
6435 大中|半導體業|73 48 48|95 95 16 28|0.8 17|1 -0 0 24 12
6438 迅得|其他電子|-8 -6 -9|88 97 3 10|0.3 31|11 4 0 -7 -8
6442 光聖|通信網路|19 7 15|100 100 28 55|4.8 83|37 10 -0 -29 -9
6443 元晶|光電業|-46 -32 -28|72 90 -0 -5|0.4 73|14 -5 1 -2 6
6446 藥華藥|生技醫療|169 101 -23|61 84 -16 -0|0.6 254|16 -10 -0 -12 17
6449 鈺邦|電子零組|19 30 6|90 90 10 7|0.7 7|1 -5 -5 24 -12
6451 訊芯-KY|半導體業|-1 -17 -23|93 93 52 88|1.3 819|68 3 0 2 -34
6456 GIS-KY|光電業|-48 -43 -2|75 92 5 -7|0.4 37|47 7 -0 -2 -16
6457 紘康|半導體業|39 41 43|84 84 17 32|0.2 8|4 3 0 -7 -7
6462 神盾|半導體業|64 33 10|99 99 212 199|2.7 3467|10 -0 -0 178 13
6469 大樹|生技醫療|7 11 -1|89 89 -5 -9|1.3 59|8 14 -0 -26 -18
6470 宇智|通信網路|-24 -23 -21|68 84 -6 -11|0.3 6|5 -4 0 -7 -7
6472 保瑞|生技醫療|-43 -40 -166|84 90 1 -9|0.6 1069|11 4 3 -11 -14
6477 安集|光電業|-43 -65 -21|67 85 -2 -12|0.6 11|1 -1 0 -4 2
6482 弘煜科|文化創意|42 47 33|78 78 2 67|0.5 12|6 2 0 na na
6485 點序|半導體業|-38 -8 4|77 77 -5 11|0.2 87|7 -9 2 -4 5
6486 互動|通信網路|-18 51 34|98 98 8 9|0.4 7|2 -3 0 -11 -0
6488 環球晶|半導體業|6 -9 -10|93 93 14 24|0.4 639|24 0 -1 20 -5
6491 晶碩|生技醫療|10 15 7|84 92 -7 11|0.8 156|8 4 -4 -4 -4
6492 生華科|生技醫療|0 0 -0|77 78 -14 12|0.2 5|4 7 0 -11 -13
6494 九齊|半導體業|10 -1 19|88 88 21 40|0.9 22|7 -2 0 0 12
6504 南六|其他|7 1 -4|85 85 2 -3|0.3 7|4 0 0 -15 7
6505 台塑化|油電燃氣|-11 -10 5|86 89 -6 -7|1.0 138|7 -24 -2 47 7
6509 聚和|化學工業|-10 -15 1|82 95 2 3|0.6 19|2 -3 -0 1 17
6510 精測|半導體業|-18 -32 0|86 89 1 9|0.2 57|7 17 -19 -5 -20
6515 穎崴|半導體業|-64 -61 -44|86 91 16 28|1.1 536|11 2 -6 -2 -9
6517 保勝光學|光電業|14 -16 -16|46 81 16 -1|0.1 16|1 3 0 -0 23
6523 達爾膚|生技醫療|36 21 -6|95 95 8 18|0.3 9|8 -18 0 -10 -3
6526 達發|半導體業|1 3 na|na na 24 na|0.9 298|7 3 -2 na 149
6530 創威|通信網路|-21 -7 1|91 91 -4 87|2.2 94|4 1 0 18 38
6531 愛普*|半導體業|69 41 49|95 95 26 59|0.8 2832|24 2 1 4 -12
6532 瑞耘|半導體業|-22 -14 -21|87 87 -2 -0|0.7 5|4 -13 0 -2 2
6533 晶心科|半導體業|154 47 18|82 96 19 19|0.7 736|22 3 -0 -4 -5
6535 順藥|生技醫療|-1 2260 -47|100 100 142 133|1.3 155|2 5 0 na -93
6538 倉和|電子零組|57 69 24|70 70 -9 -12|0.4 86|14 -13 3 9 34
6541 泰福-KY|生技醫療|-59 22 -305|45 86 -7 -7|0.4 15|26 -2 0 10 30
6546 正基|通信網路|-10 11 42|100 100 67 55|2.0 310|6 -1 -1 41 -6
6547 高端疫苗|生技醫療|306 585 -2365|77 77 -18 -4|0.6 92|6 1 0 -16 -0
6548 長科*|半導體業|-11 -12 7|73 95 1 -3|0.7 14|5 -15 0 -2 -5
6550 北極星藥業-KY|生技醫療|na na na|67 82 -3 -9|0.5 88|68 -11 0 15 17
6561 是方|通信網路|3 3 -2|85 85 -1 -12|0.5 18|10 -40 -7 -4 -10
6568 宏觀|半導體業|-60 -56 -41|82 88 -7 17|0.7 7|5 1 0 -23 -13
6569 醫揚|生技醫療|-2 -8 -4|65 79 -20 -7|0.1 5|3 6 0 -9 10
6576 逸達|生技醫療|208 6363 3829|74 96 11 21|0.4 18|26 2 0 na na
6578 達邦蛋白|農業科技|-5 -12 -5|95 95 21 27|0.2 5|3 10 0 -2 22
6579 研揚|電腦及週|5 -10 -8|69 90 16 -3|0.7 84|3 -1 0 -6 9
6584 南俊國際|電子零組|21 1 na|na 100 67 85|3.9 38|8 -0 0 204 39
6585 鼎基|其他|56 31 22|100 100 28 100|1.7 82|17 19 -0 -18 1
6589 台康生技|生技醫療|-20 5 33|71 88 -11 -2|1.7 47|5 -7 0 -3 -8
6590 普鴻|資訊服務|41 27 -3|97 100 19 15|2.0 5|0 2 0 na na
6592 和潤企業|其他|21 23 -3|82 90 -4 -8|1.0 66|27 -7 0 -6 -20
6593 台灣銘板|資訊服務|47 58 25|88 88 32 127|0.8 234|3 1 0 na 26
6605 帝寶|汽車工業|13 9 0|94 94 11 28|0.5 50|19 -6 -2 -0 -19
6612 奈米醫材|生技醫療|-31 3 -17|65 82 -11 -9|0.7 6|26 1 0 -7 -3
6613 朋億*|其他電子|14 10 -1|100 100 12 18|0.8 27|5 -6 1 -14 -2
6625 必應|其他|-43 24 -179|67 79 -2 -1|0.2 63|1 0 0 -24 1
6640 均華|半導體業|173 46 61|96 96 50 49|3.0 13|1 5 0 na 0
6643 M31|半導體業|26 5 -16|98 98 74 105|1.6 2542|20 3 1 -37 -15
6657 華安|生技醫療|-39 9 na|na 85 -14 -10|1.1 7|7 -0 0 335 122
6664 群翊|電子零組|-1 3 -2|85 85 -10 14|0.3 24|6 -1 0 -12 2
6667 信紘科|其他電子|31 5 5|100 100 68 69|1.7 266|5 -3 0 29 59
6668 中揚光|光電業|9 1 20|93 93 32 37|0.5 107|18 0 0 -3 14
6669 緯穎|電腦及週|-34 -32 -22|97 97 20 38|1.0 5626|30 6 -1 12 -33
6670 復盛應用|運動休閒|-17 -25 2|99 99 9 18|1.0 56|25 33 -1 -8 7
6672 騰輝電子-KY|電子零組|-8 -9 4|90 90 4 -8|0.8 29|32 11 1 -13 -21
6679 鈺太|半導體業|67 58 60|98 98 18 37|1.4 306|13 -7 5 -30 41
6683 雍智科技|半導體業|-5 -8 -0|89 89 23 53|0.7 84|11 -2 -3 na 30
6684 安格|半導體業|191 153 127|100 100 93 144|1.6 714|4 1 0 27 156
6689 伊雲谷|數位雲端|11 23 9|77 91 9 0|0.4 30|13 -7 1 -12 3
6690 安碁資訊|數位雲端|14 16 1|85 92 11 13|0.4 14|3 -4 0 na -3
6691 洋基工程|其他電子|-19 -17 -30|93 93 18 20|0.3 88|3 1 8 -26 7
6693 廣閎科|半導體業|-13 -13 13|85 85 9 12|0.7 7|1 7 0 1 11
6695 芯鼎|半導體業|35 29 25|100 100 92 135|1.8 1864|3 0 0 -6 57
6698 旭暉應材|其他電子|18 -10 -3|84 93 21 4|1.1 34|1 -2 0 72 59
6703 軒郁|生技醫療|61 79 6|87 87 1 12|0.3 31|14 1 -1 na -16
6706 惠特|光電業|-33 -32 30|63 92 9 2|0.5 16|6 -1 0 4 -3
6712 長聖|生技醫療|34 43 23|92 93 -3 13|0.7 61|5 4 0 -4 -21
6715 嘉基|電子零組|-9 -31 -8|94 94 11 41|0.6 55|3 3 -1 -15 -26
6716 應廣|半導體業|164 141 111|82 82 44 48|3.2 16|1 -0 0 na 600
6719 力智|半導體業|-18 -18 28|73 81 1 16|0.8 360|5 -7 -6 -3 38
6732 昇佳電子|半導體業|70 69 45|84 84 -13 44|1.1 216|9 0 -2 6 -38
6733 博晟生醫|生技醫療|205 294 19|82 95 15 8|0.6 11|1 16 0 na na
6735 美達科技|其他電子|186 105 126|91 91 37 41|1.2 9|0 -0 0 na na
6741 91APP*-KY|數位雲端|2 7 -3|62 85 -5 -9|0.5 29|62 4 -7 4 -7
6743 安普新|其他電子|31 3 21|64 91 -2 -1|0.6 10|4 -1 0 4 -5
6752 叡揚|資訊服務|3 8 -5|75 90 -10 1|0.3 13|4 -1 0 -14 4
6753 龍德造船|航運業|38 21 -36|na 77 -0 -18|0.5 21|1 -1 0 13 15
6756 威鋒電子|半導體業|11 9 32|87 87 16 24|0.3 218|5 -1 0 -5 27
6757 台灣虎航|航運業|129 493 na|na na 13 na|0.3 9|1 0 0 na na
6763 綠界科技*|數位雲端|-2 -1 -5|75 90 1 -3|5.3 7|5 -1 0 na -75
6770 力積電|半導體業|-16 -21 19|77 88 -4 -5|0.8 477|14 -4 -0 0 19
6776 展碁國際|電子通路|-6 4 5|90 98 6 4|0.6 6|3 1 0 -20 -28
6781 AES-KY|電子零組|-20 -27 6|76 84 1 3|0.8 241|73 -12 -9 -12 -11
6782 視陽|生技醫療|20 0 13|63 94 21 40|0.4 126|4 -3 6 25 8
6788 華景電|半導體業|-34 -18 -16|82 92 -3 5|1.0 17|3 4 0 -4 -9
6789 采鈺|半導體業|20 -1 18|91 91 38 43|1.0 622|10 -10 0 35 147
6792 詠業|通信網路|-29 -12 -6|79 79 -10 -0|0.6 6|2 -3 0 9 5
6796 晉弘|生技醫療|-6 -1 -10|72 85 -5 -9|0.7 6|22 -8 0 -8 7
6799 來頡|半導體業|5 4 15|94 94 45 29|0.5 345|12 -3 0 -2 10
6803 崑鼎|綠能環保|-22 -3 -12|92 92 -5 -5|0.7 10|2 -1 0 -4 46
6806 森崴能源|綠能環保|146 281 67|88 98 1 17|0.6 195|3 6 -1 10 -4
6811 宏碁資訊|數位雲端|3 3 -1|71 87 6 -8|0.7 83|2 3 -3 -2 26
6829 千附精密|半導體業|-19 -8 15|66 66 -0 -7|0.4 14|0 -1 -5 3 -2
6830 汎銓|其他電子|-8 -0 -10|75 77 4 -18|0.9 57|6 -5 0 32 25
6835 圓裕|電子零組|1 -4 13|96 97 17 19|2.3 25|7 7 0 -39 51
6841 長佳智能|生技醫療|47 160 57|na 86 -12 -20|0.7 19|2 -1 0 na -17
6863 永道-KY|通信網路|90 75 46|na 97 2 15|0.8 40|77 13 2 15 -20
6869 雲豹能源|綠能環保|-56 -34 -100|na 93 37 24|1.4 40|1 8 0 na na
6873 泓德能源|綠能環保|51 -15 -76|na 97 40 34|3.2 53|4 14 0 na na
6874 倍力|資訊服務|173 54 14|62 85 4 1|0.3 7|1 4 0 na 0
6895 宏碩系統|半導體業|2 -24 na|na na -7 na|0.5 6|0 -0 0 na 20
6901 鑽石投資|其他|65 32 na|na na -19 na|0.3 41|1 -7 0 na 739
6933 AMAX-KY|電腦及週|2 -5 na|na na -1 na|0.6 58|38 -6 0 na na
7402 邑錡|光電業|-13 -10 8|91 91 15 2|1.8 61|8 5 0 21 55
8011 台通|通信網路|47 64 43|92 92 31 41|0.9 103|5 -0 0 -8 -13
8016 矽創|半導體業|27 18 22|90 90 -6 15|0.5 159|31 -25 21 -2 -8
8021 尖點|其他電子|-2 -5 16|86 95 5 4|0.5 9|5 -5 0 34 4
8027 鈦昇|電機機械|-5 -23 22|99 99 38 29|2.0 396|4 1 0 33 -26
8028 昇陽半導體|半導體業|-9 -12 -20|80 91 1 -8|0.5 27|13 33 0 -3 0
8033 雷虎|其他|-13 -17 -9|66 76 -8 -8|0.6 44|1 -0 0 na na
8034 榮群|通信網路|-36 98 -63|80 80 11 47|0.4 396|10 1 0 16 29
8039 台虹|電子零組|33 20 25|94 94 14 12|0.5 52|16 -4 1 8 59
8040 九暘|半導體業|-27 -44 -2|97 97 18 33|3.2 49|3 3 0 32 -13
8044 網家|數位雲端|-11 -7 3|63 92 -8 2|1.2 30|12 8 -0 36 2
8046 南電|電子零組|-53 -47 -14|78 83 -2 -5|0.5 493|9 -19 -4 5 24
8048 德勝|通信網路|17 29 -41|67 73 -19 -10|0.4 17|2 7 0 -3 -11
8049 晶采|光電業|-55 -37 -29|93 96 1 -0|0.5 9|5 -21 0 -16 18
8050 廣積|電腦及週|-22 -32 -27|80 80 6 -12|1.1 211|3 -5 3 6 10
8054 安國|半導體業|179 77 51|100 100 213 489|1.4 370|9 -2 -0 5 -37
8059 凱碩|通信網路|-64 -47 0|94 94 108 112|3.4 101|2 0 0 -15 12
8064 東捷|光電業|-46 -49 -33|97 97 21 20|6.9 12|6 -1 0 25 -9
8068 全達|電子通路|-33 -6 14|81 81 10 38|0.3 41|7 1 0 -29 10
8069 元太|光電業|-29 -32 -27|90 98 25 4|2.7 1073|39 13 2 -37 40
8070 長華*|電子通路|-13 -14 10|100 100 12 21|1.6 17|10 1 0 88 7
8076 伍豐|電腦及週|-31 -16 -12|78 87 -10 -4|0.4 14|4 -2 0 -1 1
8081 致新|半導體業|-3 6 8|86 86 -7 3|0.9 107|29 -13 8 -6 4
8083 瑞穎|電機機械|16 9 37|97 98 2 1|1.7 7|2 7 0 -19 -4
8084 巨虹|電子通路|-69 -14 4|89 99 15 18|2.2 14|1 -4 -6 na na
8085 福華|其他電子|-24 -34 -18|100 100 67 45|2.0 343|10 4 0 12 1
8086 宏捷科|半導體業|207 186 144|88 88 1 36|0.6 387|16 7 -7 10 21
8088 品安|半導體業|-21 -17 -6|90 90 10 34|0.2 45|8 -4 0 -10 -6
8089 康全電訊|通信網路|-79 -64 -12|100 100 242 250|1.3 128|3 1 0 -5 6
8091 翔名|半導體業|-16 -9 -1|92 99 8 10|1.2 11|7 0 0 -5 -1
8096 擎亞|電子通路|139 62 52|94 94 122 126|1.5 956|22 -0 0 16 17
8097 常珵|通信網路|-99 -98 -34|99 99 40 24|0.5 24|3 6 0 12 -3
8103 瀚荃|電子零組|-7 -5 14|94 94 15 17|0.5 16|13 8 1 -23 27
8105 凌巨|光電業|-16 -18 -5|83 94 9 -2|1.2 25|59 -6 0 3 -10
8109 博大|電子零組|-10 -12 -23|83 83 -2 -8|0.6 7|2 1 -0 6 -20
8110 華東|半導體業|4 -8 14|92 92 2 15|1.9 33|6 18 0 -26 -7
8111 立碁|光電業|-1 -1 5|95 100 21 31|2.5 53|1 -1 0 103 39
8112 至上|電子通路|42 42 47|85 85 11 23|0.3 264|29 -5 2 -15 -11
8114 振樺電|電腦及週|-16 -16 1|94 94 10 15|0.3 12|7 -7 0 9 -2
8131 福懋科|半導體業|-21 -22 5|91 95 -3 -4|1.0 6|5 -43 -1 1 7
8147 正淩|電子零組|-11 -4 4|95 95 12 19|5.2 6|4 -1 0 9 -14
8150 南茂|半導體業|21 22 28|96 96 13 14|0.4 89|42 1 4 -8 0
8155 博智|電子零組|14 4 19|83 89 11 6|0.5 121|3 1 -10 1 -11
8163 達方|電腦及週|-19 -10 2|90 90 2 22|0.3 45|17 -8 0 -33 19
8171 天宇|綠能環保|-59 -47 -16|60 89 -8 -3|0.5 6|1 -13 0 -2 6
8183 精星|其他電子|-11 -2 -0|84 84 -8 -0|0.2 10|1 -6 0 -10 -5
8201 無敵|其他電子|18 -12 0|75 90 25 -3|0.7 10|1 -1 0 0 na
8210 勤誠|電腦及週|66 80 69|89 89 23 44|1.0 2635|12 -1 -1 17 66
8213 志超|電子零組|-15 -8 1|89 89 -4 -5|0.4 12|23 -28 1 -15 16
8215 明基材|光電業|1 6 -5|81 96 0 -5|1.7 31|3 2 -0 11 33
8222 寶一|電機機械|129 68 13|72 84 7 6|0.6 81|2 0 0 -12 6
8227 巨有科技|半導體業|341 112 59|98 98 102 163|2.0 290|5 1 0 -10 -9
8234 新漢|電腦及週|-29 -41 -17|72 93 14 -5|0.7 12|5 7 0 1 -9
8255 朋程|電機機械|46 42 8|87 90 -1 -3|0.4 61|9 -21 -1 -4 51
8261 富鼎|半導體業|0 -3 21|80 84 1 0|0.3 53|2 6 -4 -2 -7
8271 宇瞻|半導體業|-9 0 13|93 93 -3 14|0.4 24|13 -19 0 -14 19
8299 群聯|半導體業|29 28 45|100 100 15 50|0.8 731|47 8 0 9 12
8341 日友|綠能環保|-1 -14 1|67 90 0 -17|0.7 10|9 -14 0 -12 -6
8349 恒耀國際|鋼鐵工業|28 15 8|96 96 3 13|1.0 8|2 3 -0 -4 -6
8358 金居|電子零組|-17 -10 6|84 84 -3 3|0.3 59|7 4 -1 -2 -2
8390 金益鼎|綠能環保|41 6 3|86 94 2 6|0.4 12|3 7 0 -18 -33
8403 盛弘|生技醫療|23 16 22|76 95 -2 -2|0.6 5|2 10 0 -4 -17
8404 百和興業-KY|其他|-3 -5 23|69 84 -12 -8|1.6 6|53 -7 0 63 25
8410 森田|電腦及週|26 27 10|86 86 33 33|0.4 30|2 2 0 29 13
8415 大國鋼|鋼鐵工業|-19 -11 -5|92 95 1 2|1.6 6|10 -26 0 -5 -2
8422 可寧衛*|綠能環保|-27 -27 -11|87 98 1 -2|0.5 18|10 -27 0 -18 2
8426 紅木-KY|其他|41 63 -13|75 75 18 23|0.5 29|68 -2 0 -5 13
8431 匯鑽科|其他電子|2 6 22|89 95 10 2|2.2 15|2 2 0 8 4
8433 弘帆|居家生活|16 41 30|92 95 0 1|0.2 9|3 -5 0 -17 -26
8436 大江|生技醫療|8 6 -3|76 91 -4 3|0.3 67|24 1 11 2 7
8442 威宏-KY|其他|-3 -10 -4|90 90 15 33|0.7 14|61 -5 0 -9 21
8446 華研|文化創意|124 63 25|71 95 6 0|0.3 19|6 4 0 -17 -3
8454 富邦媒|數位雲端|2 3 -3|54 82 -16 -20|1.2 348|20 -30 -0 23 17
8462 柏文|運動休閒|19 21 2|71 78 -5 -24|1.2 6|1 -16 0 7 11
8464 億豐|居家生活|-1 7 13|94 94 15 12|0.8 168|42 8 -5 -4 4
8467 波力-KY|運動休閒|8 27 15|92 92 95 161|0.8 85|45 -0 2 -10 -5
8478 東哥遊艇|運動休閒|10 17 2|52 73 -12 -25|0.2 75|42 2 -1 -14 3
8489 三貝德|其他|6 9 2|97 97 29 37|5.8 8|3 1 0 139 9
8916 光隆|其他|-20 -36 -12|98 98 12 11|0.7 14|4 -1 2 2 0
8924 大田|運動休閒|-35 -48 -17|72 93 1 4|0.6 7|5 25 0 -13 -9
8926 台汽電|油電燃氣|-44 -25 -67|75 90 -4 -10|0.5 23|6 -21 0 -8 15
8927 北基|油電燃氣|15 17 2|82 82 -9 16|0.6 10|1 -13 0 3 -4
8930 青鋼|鋼鐵工業|21 19 1|95 95 27 35|2.1 34|8 -4 0 2 50
8932 智通*|數位雲端|117 126 83|79 79 19 43|0.6 99|29 -2 0 -8 9
8936 國統|其他|56 43 33|99 99 30 76|2.4 437|14 1 0 -5 -2
8938 明安|運動休閒|-40 -39 -9|66 91 1 -2|0.6 10|8 18 -9 -4 -17
8940 新天地|觀光餐旅|21 39 -54|85 95 18 23|0.7 10|10 10 0 na na
8942 森鉅|其他|-10 -11 -11|95 98 -1 -2|0.5 11|21 -13 0 -10 4
8996 高力|電機機械|-12 0 -59|57 73 8 -18|0.9 300|9 2 1 4 -1
9802 鈺齊-KY|運動休閒|-49 -41 -16|83 83 -10 6|0.4 61|41 2 -29 -6 -1
9904 寶成|運動休閒|5 -3 5|95 99 7 2|0.7 129|45 -13 13 33 53
9906 欣巴巴|建材營造|-82 -47 -127|100 100 23 19|2.8 22|2 8 0 78 -25
9907 統一實|其他|-12 -12 6|81 90 -2 -8|1.1 20|16 -30 -0 -2 10
9910 豐泰|運動休閒|-2 -1 9|81 81 -13 -9|0.7 217|15 -25 0 -47 3
9911 櫻花|居家生活|2 7 6|98 98 10 11|0.4 13|18 -8 1 -8 4
9914 美利達|運動休閒|-56 -56 -32|80 80 2 -17|0.6 100|36 -20 -5 38 2
9917 中保科|其他|8 11 -1|94 94 0 9|0.3 40|41 -2 0 -23 -14
9919 康那香|其他|-11 -16 -6|79 79 44 29|0.5 87|4 -3 0 -0 19
9921 巨大|運動休閒|-26 -29 -14|78 88 6 -13|0.4 160|36 -13 -4 7 24
9924 福興|居家生活|28 19 22|99 99 2 15|0.7 19|15 8 -0 58 13
9925 新保|其他|-2 -2 -3|98 98 -0 -0|0.9 9|17 -19 0 200 9
9927 泰銘|其他|9 33 29|89 89 14 31|0.3 26|17 0 -4 -24 -14
9928 中視|其他|50 25 13|56 56 -27 9|0.7 8|0 0 0 na na
9933 中鼎|其他|6 17 8|95 95 -1 6|0.6 34|18 -19 1 -5 3
9934 成霖|居家生活|-24 -13 -4|92 92 7 7|0.3 17|17 6 1 -18 18
9935 慶豐富|居家生活|-17 7 19|87 87 21 13|0.4 7|6 1 0 35 10
9938 百和|其他|21 7 27|84 84 -10 7|0.4 36|19 -13 -4 -6 17
9939 宏全|其他|7 8 0|99 99 34 36|1.1 124|26 -8 2 9 -20
9941 裕融|其他|4 8 -6|89 92 -5 -4|0.7 116|5 -26 -1 -5 70
9942 茂順|其他|-8 -4 -21|83 87 -2 -8|0.5 16|6 -23 -10 -1 -10
9943 好樂迪|觀光餐旅|-6 -7 -30|89 96 -1 -1|0.5 11|2 -12 -0 -56 -1
9945 潤泰新|其他|-44 -6 -0|74 91 5 -6|0.5 133|12 -21 -0 12 8
9946 三發地產|建材營造|440 146 117|100 100 15 62|1.1 8|3 4 0 7 16
9950 萬國通|塑膠工業|-22 22 -14|71 71 -25 11|0.1 9|0 5 0 na na
9951 皇田|電機機械|-10 2 -7|87 87 -6 -4|0.5 11|6 -27 -9 -19 74
9958 世紀鋼|鋼鐵工業|97 68 8|96 96 48 52|0.7 1291|22 11 1 -31 -32
