# 2025-06-02 全池(1074 檔)。欄位:代碼 名稱|產業|最新月YoY 3月YoY均 加速度|距52週高% 距120日高% 60日漲% 120日漲%|量能比 日均值M|外持% 外20 投20 資20 券20(外資持股比;外資/投信20日淨買佔成交值%;融資/借券餘額20日變化%)
1101 台泥|水泥工業|9 33 -22|79 79 -20 -17|2.7 621|18 19 -25 -14 6
1102 亞泥|水泥工業|10 10 7|87 88 -5 -2|0.9 340|20 -34 26 -14 46
1104 環泥|水泥工業|2 3 1|81 97 -1 3|1.9 10|15 10 0 11 -2
1210 大成|食品工業|2 5 9|97 97 15 20|1.5 228|13 15 8 -18 -8
1215 卜蜂|食品工業|9 2 4|100 100 12 16|2.8 155|42 18 8 194 -18
1216 統一|食品工業|7 5 -4|88 91 -3 -9|1.5 1123|38 -3 10 54 169
1217 愛之味|食品工業|7 4 -2|85 92 -7 -5|0.7 7|8 -11 0 -4 34
1218 泰山|食品工業|-10 -5 4|90 93 5 0|0.8 26|4 3 0 6 -4
1219 福壽|食品工業|-1 6 13|79 90 2 -10|0.6 9|5 -0 0 -9 2
1220 台榮|食品工業|5 14 10|70 70 -20 -20|0.4 5|8 -6 0 -1 12
1227 佳格|食品工業|-3 5 4|79 88 -6 -11|1.1 28|7 -8 0 16 9
1229 聯華|食品工業|-2 -13 -2|63 76 -14 -24|1.0 49|10 -14 -1 -20 1
1231 聯華食|食品工業|16 7 -7|76 76 2 12|0.4 32|4 -8 0 -5 -4
1232 大統益|食品工業|2 2 6|99 99 7 12|1.1 23|3 15 0 -56 -1
1234 黑松|食品工業|20 -1 5|91 97 -0 -2|0.8 7|5 1 0 -35 13
1268 漢來美食|觀光餐旅|6 -7 -21|93 98 -1 2|0.9 6|1 -3 0 -41 -9
1301 台塑|塑膠工業|-3 6 4|49 78 -11 -23|0.8 399|27 7 -1 -1 -5
1303 南亞|塑膠工業|6 15 9|49 69 -14 -30|1.3 272|26 -12 -2 35 7
1305 華夏|塑膠工業|-9 -8 7|56 74 -21 -28|0.6 6|5 -4 0 -5 -6
1307 三芳|塑膠工業|1 17 8|70 70 -26 -6|0.5 54|17 -24 6 6 12
1308 亞聚|塑膠工業|-16 2 13|58 70 -20 -30|0.7 8|5 15 -25 6 -24
1312 國喬|塑膠工業|56 103 68|68 83 0 -9|0.4 29|7 -12 0 2 1
1316 上曜|建材營造|167 251 52|63 75 -6 0|0.2 114|3 -2 0 -23 9
1319 東陽|汽車工業|11 26 17|94 94 10 15|0.5 425|19 9 -10 -50 6
1321 大洋|塑膠工業|-18 -6 -5|83 95 2 10|0.7 6|7 13 0 6 -1
1325 恆大|塑膠工業|17 9 27|100 100 33 50|9.3 56|2 -0 0 78 7
1326 台化|塑膠工業|-22 -8 -8|40 66 -18 -34|0.8 208|32 -7 -2 16 -6
1342 八貫|其他|35 24 14|80 84 -13 -4|0.6 16|29 26 0 -37 -30
1402 遠東新|紡織纖維|-9 -4 -6|83 91 0 -8|2.7 664|21 23 -42 52 61
1409 新纖|紡織纖維|-13 -5 -13|71 79 -17 -21|2.7 20|13 -13 0 21 21
1414 東和|紡織纖維|-7 -2 9|74 74 -15 -17|0.8 6|1 -8 0 -7 4
1419 新紡|紡織纖維|-4 13 -16|84 84 61 50|3.3 65|1 0 0 166 46
1434 福懋|紡織纖維|4 10 6|67 78 -16 -22|1.2 16|7 -6 -0 8 3
1436 華友聯|建材營造|-82 1316 -1037|60 78 -18 -5|0.5 32|5 -9 -7 -5 7
1440 南紡|紡織纖維|-11 -1 4|71 86 -11 -12|1.8 37|7 -2 -0 14 15
1442 名軒|建材營造|-78 -10 -304|83 83 -14 -11|0.5 44|11 8 -16 14 3
1446 宏和|紡織纖維|68 -20 -2255|44 45 -41 -52|0.3 8|4 -8 0 4 -1
1463 強盛新|紡織纖維|-24 196 -99|68 68 -28 -15|0.3 8|11 -6 0 31 24
1464 得力|紡織纖維|7 41 9|69 69 -30 -14|0.4 11|6 -16 0 -16 9
1466 聚隆|紡織纖維|10 20 -0|91 91 30 24|0.8 22|2 -0 0 39 42
1472 三洋實業|建材營造|109 73 44|91 91 30 49|0.6 11|3 15 0 1 26
1473 台南|紡織纖維|14 12 2|54 78 -22 -18|0.5 6|6 6 0 -22 2
1476 儒鴻|紡織纖維|18 20 -2|71 73 -21 -23|1.0 448|36 -11 -4 29 1
1477 聚陽|紡織纖維|6 8 -2|60 71 -28 -14|0.9 458|21 -6 3 108 -25
1503 士電|電機機械|-13 -4 -11|57 84 -5 -13|1.4 1103|30 -2 0 29 48
1504 東元|電機機械|4 6 10|93 95 -3 -1|0.6 171|9 21 -10 -13 -22
1513 中興電|電機機械|14 10 -4|64 93 2 -6|0.6 904|12 3 1 -8 -25
1514 亞力|電機機械|2 4 9|66 89 -3 -7|0.5 506|11 -2 0 8 1
1515 力山|電機機械|-17 -40 -7|62 81 -18 -4|1.6 7|7 -8 0 -2 -0
1516 川飛|其他|-100 -92 na|79 100 28 25|2.0 6|1 0 0 -42 -25
1519 華城|電機機械|44 39 -9|44 67 -27 -20|0.8 1944|17 -4 -1 9 9
1522 堤維西|汽車工業|-17 -6 -5|63 68 -29 -28|0.3 41|5 -4 6 -4 2
1524 耿鼎|汽車工業|2 11 4|73 73 -12 -15|0.2 63|4 -4 -0 2 24
1527 鑽全|電機機械|5 6 -8|78 85 -15 -12|0.6 6|10 6 0 -9 3
1528 恩德|電機機械|-32 -23 -13|60 74 -24 -24|0.3 17|5 3 0 6 9
1529 樂事綠能|電機機械|78 163 105|75 99 18 15|1.0 57|2 0 0 -7 5
1532 勤美|電機機械|-53 -47 -31|51 76 -20 -23|0.5 21|9 -21 11 -7 21
1536 和大|汽車工業|-10 -11 0|67 67 -26 -6|0.5 322|8 -2 0 0 3
1537 廣隆|電機機械|-7 -3 -20|88 89 -8 -11|0.4 10|18 -15 0 -13 15
1540 喬福|電機機械|12 13 -4|60 74 -24 -24|0.3 15|3 6 0 -9 4
1560 中砂|電機機械|29 20 5|72 88 3 -8|0.7 704|22 4 4 0 15
1563 巧新|汽車工業|-9 -0 7|68 81 -16 -6|0.3 17|2 7 0 2 0
1565 精華|生技醫療|10 13 6|69 71 -13 -26|0.8 24|15 -30 -1 -4 10
1569 濱川|電腦及週|8 34 30|57 57 -43 -22|0.2 163|1 -2 0 5 27
1580 新麥|電機機械|15 26 15|92 92 -4 -2|0.5 7|6 -9 0 -43 10
1582 信錦|電子零組|-7 5 1|66 73 -25 -14|0.6 43|15 -12 -6 1 4
1584 精剛|其他|-15 6 -1|64 85 -0 -14|0.2 47|1 -4 -1 -0 -1
1590 亞德客-KY|電機機械|11 33 26|77 94 -0 16|0.9 768|77 12 -1 -7 -20
1591 駿吉-KY|電機機械|-66 -56 -226|58 73 -17 -9|0.5 5|3 -2 0 5 3
1597 直得|電機機械|21 12 4|69 69 -16 -4|0.9 332|3 -2 0 21 41
1598 岱宇|運動休閒|10 5 3|67 67 -26 -22|0.4 6|4 -3 0 -4 -34
1603 華電|電器電纜|70 79 47|75 94 -1 -3|0.8 14|3 9 0 -13 -9
1604 聲寶|電器電纜|0 -1 -6|94 97 -2 -1|0.6 8|8 10 0 -27 18
1605 華新|電器電纜|16 16 11|55 70 -24 -24|0.6 311|15 1 0 -6 -10
1608 華榮|電器電纜|-7 8 -8|54 79 -16 -19|0.3 24|2 6 0 -6 -12
1609 大亞|電器電纜|9 12 -1|63 80 -14 -20|0.5 118|13 6 -0 -1 -18
1612 宏泰|電器電纜|-2 16 7|82 91 -4 -4|0.5 13|14 17 0 -5 -6
1616 億泰|電器電纜|1 14 2|99 99 34 20|0.6 69|6 7 -0 19 -24
1618 合機|電器電纜|225 113 69|76 91 -2 4|0.8 232|3 1 0 -5 -1
1702 南僑|食品工業|1 4 -1|73 87 -8 -13|2.0 27|12 -26 -2 8 23
1707 葡萄王|生技醫療|-7 -2 -4|86 86 -10 -12|0.7 14|16 -20 -4 -2 4
1708 東鹼|化學工業|-6 7 -4|80 82 -16 -16|1.1 49|13 -8 0 -14 47
1709 和益|化學工業|-32 -12 -19|69 82 -17 -18|0.9 6|3 -0 0 -0 3
1710 東聯|化學工業|3 29 9|68 74 -23 -21|0.5 12|6 -15 0 -1 -4
1711 永光|化學工業|4 9 5|60 73 -20 -25|6.2 13|6 -14 0 28 9
1712 興農|化學工業|7 3 3|94 94 -6 -1|0.3 15|16 20 -13 -10 -16
1713 國化|化學工業|-33 -9 -14|87 90 -4 12|1.1 13|2 5 -0 -5 6
1717 長興|化學工業|-5 6 3|76 89 -7 -11|3.7 29|14 -18 0 11 26
1720 生達|生技醫療|9 13 6|76 89 -7 -10|0.5 6|4 5 0 -4 -2
1721 三晃|化學工業|-31 -9 -13|45 63 -26 -36|2.9 8|4 -15 0 15 3
1722 台肥|化學工業|8 9 14|83 89 -2 -8|0.9 115|11 -7 -1 -31 27
1723 中碳|化學工業|-31 -17 -16|80 92 -6 -5|0.8 15|8 2 4 -1 0
1727 中華化|化學工業|13 9 -13|54 66 -25 -34|3.1 6|2 -13 0 19 -5
1732 毛寶|化學工業|5 9 3|96 96 15 17|8.7 19|1 -1 0 154 19
1734 杏輝|生技醫療|12 13 4|87 98 5 6|0.7 7|5 25 0 3 -10
1736 喬山|運動休閒|22 27 -2|65 65 -31 -6|0.6 122|8 -23 1 11 22
1760 寶齡富錦|生技醫療|9 7 3|81 92 -0 -8|6.4 12|11 -6 0 11 1
1773 勝一|化學工業|3 11 1|83 90 -4 -8|1.5 25|6 2 -3 25 2
1784 訊聯|生技醫療|2 4 0|46 69 -17 -25|0.4 7|4 0 0 -4 -9
1785 光洋科|其他電子|47 55 21|76 82 -11 -6|0.3 213|14 12 -0 -9 -31
1786 科妍|生技醫療|2 5 -7|72 77 -21 7|0.7 34|4 -14 0 12 12
1789 神隆|生技醫療|0 -17 -12|59 73 -23 -25|3.8 9|4 -22 0 -0 9
1795 美時|生技醫療|24 18 -1|75 80 -13 -17|1.3 276|56 2 -2 2 -2
1799 易威|生技醫療|6 87 -98|25 70 -18 -15|0.2 9|14 -6 0 na na
1802 台玻|玻璃陶瓷|0 9 14|70 72 -9 -26|2.9 66|5 -6 -0 31 2
1806 冠軍|玻璃陶瓷|7 18 14|81 97 18 11|1.0 15|8 -1 0 -3 2
1808 潤隆|建材營造|-98 -98 -20|23 73 -18 -25|0.7 34|7 -17 -0 2 -7
1809 中釉|玻璃陶瓷|43 21 16|57 77 -14 -24|3.8 6|3 -7 0 4 -10
1810 和成|玻璃陶瓷|-4 4 6|79 83 -5 -7|0.3 22|3 -4 -0 2 20
1815 富喬|電子零組|50 72 8|99 99 4 28|3.2 1393|10 2 -0 10 -11
1903 士紙|造紙工業|-11 -5 2|85 85 23 15|4.5 203|11 -0 0 74 43
1904 正隆|造紙工業|-2 7 0|59 79 -14 -21|0.9 12|9 -12 0 -13 -1
1905 華紙|造紙工業|-7 -3 -0|54 68 -26 -31|0.8 14|4 -2 0 -5 4
1907 永豐餘|造紙工業|-3 7 1|80 87 -10 -13|1.2 27|13 -15 -0 1 11
2002 中鋼|鋼鐵工業|-8 -7 -2|77 78 -19 -12|1.2 523|15 -10 -2 20 2
2006 東和鋼鐵|鋼鐵工業|7 10 13|84 86 -10 -5|0.6 53|17 -8 -10 -4 7
2009 第一銅|鋼鐵工業|-2 9 -6|54 68 -21 -19|0.2 32|1 2 0 -3 -12
2010 春源|鋼鐵工業|5 15 3|97 97 13 15|0.5 23|9 26 -0 41 14
2014 中鴻|鋼鐵工業|-18 -27 -0|59 59 -37 -26|0.7 94|5 -5 -10 4 -9
2015 豐興|鋼鐵工業|-8 3 6|78 88 -7 -11|0.7 15|13 -6 0 606 5
2020 美亞|鋼鐵工業|-5 -2 21|72 89 -8 -4|0.8 12|3 1 0 -3 -3
2023 燁輝|鋼鐵工業|-5 -3 1|87 87 -11 -2|0.9 21|6 -19 0 11 3
2027 大成鋼|鋼鐵工業|7 13 14|71 71 -21 7|0.9 657|26 -1 -19 92 5
2029 盛餘|鋼鐵工業|18 22 10|83 85 -11 -6|0.5 5|67 -21 0 9 4
2031 新光鋼|鋼鐵工業|49 71 61|59 76 -21 -17|0.5 18|11 -4 -1 3 -9
2032 新鋼|鋼鐵工業|13 26 15|70 70 -25 2|0.4 5|3 -3 0 2 10
2034 允強|鋼鐵工業|10 18 9|80 80 -17 8|0.7 31|7 -0 0 -5 -3
2038 海光|鋼鐵工業|6 19 9|69 76 -22 -10|0.6 7|2 -5 0 23 2
2049 上銀|電機機械|1 5 3|60 60 -28 -5|0.5 999|30 -1 -0 12 38
2059 川湖|電子零組|82 108 21|95 95 1 43|0.5 1772|23 4 2 -24 3
2062 橋椿|居家生活|-25 -13 2|59 67 -23 -25|0.8 12|8 2 0 0 -19
2066 世德|電機機械|-9 -6 -3|55 67 -26 -28|0.2 5|12 9 0 0 -9
2070 精湛|電機機械|-20 -2 -16|38 50 -33 -53|0.6 7|5 6 0 6 -11
2101 南港|橡膠工業|9 10 -73|60 77 -19 -18|0.6 90|7 -4 0 -0 3
2102 泰豐|橡膠工業|19 59 11|82 91 9 -9|1.0 15|5 -5 0 11 -1
2103 台橡|橡膠工業|14 22 -0|71 79 -15 -22|0.9 10|25 -20 0 -15 5
2104 國際中橡|橡膠工業|9 0 -1|60 71 -14 -30|0.8 10|9 -4 0 8 4
2105 正新|橡膠工業|-3 3 3|80 91 -6 -6|2.2 275|13 17 -29 -4 9
2106 建大|橡膠工業|2 6 5|68 81 -16 -18|1.2 10|9 -21 0 -10 3
2107 厚生|橡膠工業|-10 46 19|92 98 -1 2|0.8 7|7 -3 0 -37 33
2108 南帝|橡膠工業|1 4 -25|56 74 -23 -24|3.9 9|6 -28 0 5 7
2109 華豐|橡膠工業|-11 7 1|92 94 -2 1|0.7 6|16 3 0 63 19
2201 裕隆|汽車工業|-27 -15 -11|51 61 -27 -36|0.8 90|7 -12 -0 1 -5
2204 中華|汽車工業|-26 -28 -8|49 77 -17 -22|0.9 104|21 -2 3 -2 -13
2206 三陽工業|汽車工業|3 1 4|88 97 2 -1|0.8 59|10 -1 9 -3 1
2207 和泰車|汽車工業|3 8 6|86 94 1 -2|1.9 184|23 11 -0 -35 -5
2208 台船|航運業|-38 -0 23|85 90 -6 -4|0.5 22|6 11 -1 na -12
2211 長榮鋼|鋼鐵工業|57 44 4|57 75 -7 -11|1.1 83|7 -18 4 11 25
2228 劍麟|汽車工業|-1 2 3|76 90 -4 -8|0.5 20|7 10 1 -13 -2
2230 泰茂|居家生活|-15 10 -132|65 73 0 -22|0.9 29|3 -1 0 9 14
2231 為升|汽車工業|-20 -18 -25|59 72 -13 -26|0.4 19|4 -14 0 -3 5
2233 宇隆|汽車工業|-11 8 2|55 55 -30 -13|0.4 120|4 -5 -0 10 8
2236 百達-KY|汽車工業|605 573 427|66 66 -26 -22|0.4 12|61 -3 0 6 15
2247 汎德永業|汽車工業|36 29 10|89 89 -6 1|0.4 25|6 5 -19 -10 3
2250 IKKA-KY|汽車工業|1 6 7|61 61 -33 3|0.2 29|7 2 0 0 18
2258 鴻華先進-創|汽車工業|-63 126 -602|83 83 -10 4|1.8 22|0 8 0 na na
2301 光寶科|電腦及週|27 28 22|87 92 -5 -1|1.4 720|28 16 -15 8 9
2302 麗正|半導體業|-2 15 -4|68 68 -25 -12|0.3 7|3 -18 0 -11 -14
2303 聯電|半導體業|4 6 0|81 95 8 6|2.1 1873|22 -11 22 -19 3
2308 台達電|電子零組|22 33 19|84 84 -3 -5|0.8 2392|65 6 1 -6 66
2312 金寶|其他電子|-7 13 0|61 68 -21 -39|1.1 207|12 -15 1 26 6
2313 華通|電子零組|11 15 8|67 85 -8 -1|0.8 505|16 -7 1 -8 -20
2316 楠梓電|電子零組|17 19 18|70 81 -9 -18|0.5 10|27 -0 0 -1 -21
2317 鴻海|其他電子|26 35 13|67 76 -11 -22|0.7 6373|33 0 0 6 -3
2324 仁寶|電腦及週|-19 -1 3|70 71 -24 -25|2.4 1110|43 -1 -17 117 92
2327 國巨*|電子零組|7 11 -1|60 80 -13 -8|0.8 1054|48 -4 0 3 23
2328 廣宇|電子零組|21 30 30|68 68 -22 0|0.5 370|16 -2 -0 -5 -21
2329 華泰|半導體業|23 10 17|59 94 3 5|2.2 152|8 -2 1 14 -7
2330 台積電|半導體業|48 46 6|84 84 -5 -5|0.9 28723|73 10 0 4 58
2331 精英|電腦及週|22 5 5|48 74 -18 -25|0.5 48|7 -10 0 24 10
2332 友訊|通信網路|-17 -9 -2|61 61 -18 -28|2.2 47|13 -10 0 13 14
2337 旺宏|半導體業|10 9 4|73 93 2 1|1.0 207|14 10 0 9 -7
2338 光罩|半導體業|-18 -10 -6|34 51 -39 -50|0.9 25|6 -1 0 6 -4
2340 台亞|半導體業|6 7 2|44 60 -28 -37|0.6 14|9 2 0 -3 -7
2344 華邦電|半導體業|-2 0 -3|63 80 -9 2|0.5 787|10 -1 0 3 12
2345 智邦|通信網路|153 141 66|93 93 6 10|0.8 3277|59 9 3 -46 13
2347 聯強|電子通路|3 1 -1|80 94 4 -6|1.2 360|30 3 -17 -2 14
2348 海悅|其他|55 17 -23|34 50 -35 -28|0.7 63|2 -5 0 -8 0
2351 順德|半導體業|3 11 7|41 68 -25 -33|0.8 62|10 -15 2 9 -12
2352 佳世達|電腦及週|7 8 5|66 68 -29 -30|0.5 70|11 5 -5 -0 -14
2353 宏碁|電腦及週|4 6 -2|61 84 -10 -9|0.8 313|20 -1 -2 -8 -2
2354 鴻準|其他電子|290 298 163|60 67 -22 -28|0.9 451|18 -15 -0 6 14
2355 敬鵬|電子零組|4 3 8|64 82 -14 -16|0.6 36|13 4 13 -10 -3
2356 英業達|電腦及週|22 27 -0|68 77 -15 -17|1.7 599|14 16 -21 5 -8
2357 華碩|電腦及週|35 31 7|88 88 -7 5|1.0 1893|48 11 -7 2 -9
2359 所羅門|其他電子|10 37 29|78 78 -11 3|0.6 748|4 -0 0 -4 4
2360 致茂|其他電子|32 48 17|72 74 2 -18|0.7 600|66 -2 5 1 5
2362 藍天|電腦及週|-29 -23 -24|72 85 -2 -14|0.9 51|10 -5 3 -1 1
2363 矽統|半導體業|1017 1259 537|50 62 -27 -33|0.5 100|9 8 0 -4 -23
2364 倫飛|電腦及週|13 36 4|61 84 -14 -7|0.4 6|19 -6 0 -4 7
2365 昆盈|電腦及週|-15 7 -13|55 72 -23 -16|0.7 239|1 -1 0 13 23
2367 燿華|電子零組|-14 1 -15|58 75 -16 -22|1.2 121|10 3 0 1 -6
2368 金像電|電子零組|56 51 20|98 98 15 37|2.0 2741|20 11 3 51 -23
2369 菱生|半導體業|-5 -6 4|56 74 -22 -24|0.4 7|14 -1 0 2 -6
2371 大同|電機機械|10 -1 2|69 86 -0 -14|0.7 658|9 10 3 -4 -76
2374 佳能|光電業|58 40 12|70 70 -20 5|0.5 234|4 -4 0 13 24
2375 凱美|電子零組|9 14 4|70 70 -9 -6|0.4 18|7 10 0 -13 -9
2376 技嘉|電腦及週|6 19 -46|82 93 3 -2|2.2 883|17 21 -13 8 -27
2377 微星|電腦及週|28 21 12|66 66 -28 -21|2.3 957|27 4 -21 93 149
2379 瑞昱|半導體業|14 30 9|92 92 -4 10|1.5 1241|51 7 -17 13 5
2382 廣達|電腦及週|58 75 21|79 91 5 -5|0.7 4775|21 13 2 -2 -18
2383 台光電|電子零組|42 65 10|100 100 25 62|1.1 3830|38 6 5 -14 3
2385 群光|電子零組|3 4 0|86 95 4 8|1.1 538|23 -16 7 -8 59
2387 精元|電腦及週|-27 -8 -9|70 70 -30 -18|0.5 38|19 -18 -0 19 26
2388 威盛|半導體業|-50 -20 -37|45 57 -30 -38|0.6 123|14 1 -2 8 -19
2392 正崴|電子零組|-6 8 -3|58 65 -23 -36|0.8 82|10 0 0 3 -9
2393 億光|光電業|-7 -0 -12|89 89 -4 3|0.9 109|21 -25 24 -23 11
2395 研華|電腦及週|29 31 22|81 81 -14 -2|1.0 461|38 -4 -2 26 -12
2397 友通|電腦及週|46 41 34|68 76 -23 -16|0.7 12|17 -13 0 -2 8
2399 映泰|電腦及週|-1 -7 5|44 58 -24 -35|1.2 24|6 -12 0 22 6
2401 凌陽|半導體業|0 20 4|51 63 -31 -31|2.3 32|15 -8 -0 5 2
2402 毅嘉|電子零組|24 24 8|85 93 -6 -6|1.2 44|8 12 1 4 -28
2404 漢唐|其他電子|7 4 23|99 99 21 35|0.7 878|25 13 -3 16 29
2405 輔信|電腦及週|-3 5 9|59 72 -26 -20|0.4 23|6 12 0 -5 -15
2406 國碩|光電業|-48 -41 -100|42 69 -21 -32|0.6 14|6 -5 0 9 8
2408 南亞科|半導體業|-3 -16 -11|61 99 20 31|1.2 3443|10 3 1 13 -16
2409 友達|光電業|-3 14 2|66 78 -15 -20|1.0 297|21 6 -2 3 10
2412 中華電|通信網路|6 3 0|99 99 4 6|1.3 1413|17 13 -6 -48 17
2414 精技|電子通路|42 36 20|97 97 9 9|0.6 7|5 5 0 240 4
2417 圓剛|電腦及週|-9 -3 -1|65 68 -22 -9|0.4 16|2 -4 0 5 5
2419 仲琦|通信網路|-35 -23 -32|51 54 -31 -45|1.4 7|2 -0 0 3 1
2420 新巨|電子零組|10 9 2|68 79 -18 -20|0.5 9|7 -5 2 -4 -9
2421 建準|電子零組|33 51 25|85 93 9 3|0.5 227|23 17 2 -12 -37
2423 固緯|其他電子|16 12 14|90 90 -4 -2|0.9 6|5 2 0 2 -2
2424 隴華|通信網路|-0 246 143|83 83 47 9|0.8 10|3 -2 0 na na
2425 承啟|電腦及週|104 88 74|74 95 1 -2|1.1 92|7 -2 0 16 3
2426 鼎元|光電業|14 20 12|62 64 -23 -33|0.5 7|8 -2 0 14 -28
2427 三商電|資訊服務|19 6 1|71 84 -10 -4|0.3 18|4 12 0 -2 -14
2428 興勤|電子零組|11 20 6|74 78 -18 -14|0.8 44|17 0 3 -3 -2
2429 銘旺科|光電業|28 70 30|90 90 56 112|0.4 178|5 -3 0 17 63
2436 偉詮電|半導體業|26 32 21|68 73 -16 -14|1.1 21|7 5 1 -8 -8
2438 翔耀|光電業|70 81 -149|36 73 -12 -27|0.3 8|1 4 0 na na
2439 美律|通信網路|-6 13 -5|88 98 2 19|1.0 239|23 2 23 -28 19
2441 超豐|半導體業|8 13 2|83 83 -14 -4|0.9 29|12 1 -3 -2 -5
2442 新美齊|建材營造|352 170 76|65 88 -7 -3|0.4 13|3 15 0 -11 -9
2449 京元電子|半導體業|34 26 9|66 73 -11 -25|1.0 1039|23 -3 -0 27 5
2451 創見|半導體業|26 25 26|78 98 18 12|0.9 129|8 -1 0 323 8
2453 凌群|資訊服務|13 8 0|79 79 -6 14|0.2 70|8 -3 -0 -3 9
2454 聯發科|半導體業|16 16 -1|81 81 -16 3|1.5 8644|58 -7 -6 12 155
2455 全新|通信網路|-19 -9 -8|50 56 -32 -40|0.3 300|29 4 -2 -18 -16
2457 飛宏|電子零組|-7 -2 6|43 51 -34 -47|2.4 38|9 -15 0 3 7
2458 義隆|半導體業|1 -0 -0|81 84 -12 -7|1.0 257|27 -1 10 -4 70
2464 盟立|其他電子|2 21 17|62 65 -23 -22|1.2 167|2 -6 0 12 20
2465 麗臺|電腦及週|27 3 4|43 73 -16 -14|1.0 31|1 -5 0 -8 na
2466 冠西電|光電業|65 95 50|79 79 16 154|0.5 137|11 -5 -0 6 155
2467 志聖|電子零組|12 19 -13|59 69 -15 -28|1.8 84|10 -4 -0 14 5
2468 華經|資訊服務|0 40 20|78 78 68 191|0.3 978|1 -2 0 16 205
2471 資通|資訊服務|47 34 12|84 84 2 23|0.2 87|7 -2 -0 -29 -5
2472 立隆電|電子零組|16 31 10|73 73 -15 -2|0.5 100|13 0 -0 13 -17
2474 可成|其他電子|2 19 4|90 95 2 12|3.3 919|36 -14 18 26 82
2476 鉅祥|電子零組|25 27 7|64 76 -22 -15|0.4 78|8 1 0 -9 -3
2478 大毅|電子零組|16 37 20|76 90 0 -6|0.5 6|6 -1 0 -3 -4
2480 敦陽科|資訊服務|17 16 7|95 95 1 31|0.5 77|13 34 2 -35 1
2481 強茂|半導體業|8 7 5|74 83 -11 -6|0.9 98|12 1 3 8 -6
2484 希華|電子零組|43 29 23|71 79 -16 -16|0.8 5|5 -3 0 -10 2
2486 一詮|光電業|31 30 16|54 63 -24 -32|0.9 379|7 -1 0 -1 -13
2488 漢平|其他電子|18 36 4|76 76 -17 -21|0.6 8|10 -15 0 17 -6
2489 瑞軒|光電業|14 24 -11|52 68 -29 -32|0.7 35|10 -11 0 5 1
2492 華新科|電子零組|6 11 4|61 77 -18 -17|0.7 63|11 4 -0 -1 -3
2493 揚博|電子零組|10 10 -1|80 93 5 -8|0.9 13|4 17 -0 -3 -10
2495 普安|電腦及週|-3 -16 -8|59 63 -22 -39|0.7 19|10 -14 1 6 5
2497 怡利電|汽車工業|14 22 -3|49 68 -25 -32|0.6 10|8 -14 0 1 -8
2498 宏達電|通信網路|-9 26 36|63 63 -16 -19|0.8 192|12 -3 0 0 -1
2501 國建|建材營造|-42 -48 -59|51 75 -23 -24|0.9 23|7 -13 2 8 4
2504 國產|建材營造|11 13 8|73 75 -7 -22|1.0 197|11 12 -26 28 -2
2515 中工|建材營造|-14 -2 -21|67 91 -5 -0|1.0 58|12 -3 -0 1 1
2516 新建|建材營造|31 30 12|71 71 -27 33|0.4 13|4 -10 0 na na
2520 冠德|建材營造|12 -11 -62|86 89 -3 -3|1.2 147|21 -5 9 7 25
2524 京城|建材營造|266 849 495|36 63 -23 -35|0.7 25|1 -11 2 4 -6
2528 皇普|建材營造|4039242 2973548 -38094|70 75 -22 -7|0.6 18|3 -2 0 -29 -5
2530 華建|建材營造|-76 -87 -37440|56 76 -21 -23|0.9 19|4 -18 0 -0 10
2534 宏盛|建材營造|987 691 462|83 90 -1 -7|1.0 18|8 -1 0 3 1
2535 達欣工|建材營造|109 83 64|96 96 10 30|1.1 29|8 26 2 -15 -30
2536 宏普|建材營造|9378 3934 2901|81 91 -4 -3|0.9 7|10 8 0 -5 -0
2537 聯上發|建材營造|-100 4012 -19154|44 81 -9 -13|3.6 29|1 -9 0 28 29
2539 櫻花建|建材營造|54 360 na|73 88 12 11|0.6 40|3 -1 -0 0 5
2540 愛山林|建材營造|-29 -11 -34|34 75 -19 -14|0.7 66|2 -3 0 2 6
2542 興富發|建材營造|-93 -84 -68|61 82 -10 -13|0.9 115|11 -18 -0 4 16
2543 皇昌|建材營造|-9 1 -7|78 78 -15 19|1.0 1013|2 -4 -0 9 53
2545 皇翔|建材營造|-57 192 -62|65 67 -31 -33|1.0 27|6 -23 0 -12 46
2546 根基|建材營造|43 40 25|83 94 -3 8|0.4 5|3 13 0 -1 -10
2547 日勝生|建材營造|-22 -4 3|92 92 22 24|0.4 50|19 7 -0 -4 -22
2548 華固|建材營造|-2 53 -518|65 88 -4 -7|1.3 170|16 -4 -16 58 -5
2597 潤弘|建材營造|17 28 10|75 94 2 27|0.9 55|2 -8 -2 7 11
2603 長榮|航運業|-6 6 -54|95 95 13 15|0.7 4919|22 11 2 4 3
2605 新興|航運業|13 -2 -3|70 83 -16 -12|0.5 53|35 -7 -0 6 1
2606 裕民|航運業|3 -5 -10|74 74 -25 -6|0.5 478|6 -10 -1 46 17
2607 榮運|航運業|-13 -7 -28|100 100 14 12|1.3 96|11 18 0 -26 -1
2609 陽明|航運業|-16 -9 -60|91 91 9 10|1.4 5111|20 -2 10 40 39
2610 華航|航運業|8 4 -5|83 83 -5 -10|0.6 686|20 5 -5 -8 13
2611 志信|航運業|7 5 -0|58 85 -14 -10|0.5 6|2 -1 0 -4 -7
2612 中航|航運業|10 15 -3|95 95 1 11|0.8 39|3 2 -0 16 22
2613 中櫃|航運業|6 5 2|64 85 -10 -8|0.8 75|1 -1 0 60 19
2614 東森|其他|1 -7 -3|79 93 3 -5|0.8 6|3 12 0 0 -26
2615 萬海|航運業|13 19 -48|87 87 30 30|2.8 8640|42 -3 10 35 31
2617 台航|航運業|-1 -1 -9|73 88 -12 -8|0.5 17|6 10 0 -4 -6
2618 長榮航|航運業|3 2 -4|86 86 -7 -1|0.7 1236|21 -11 6 2 59
2630 亞航|航運業|-13 -12 -16|82 82 1 20|0.4 237|1 -1 -0 na -3
2633 台灣高鐵|航運業|2 -2 -6|89 96 -1 -5|0.9 83|10 16 -3 -16 -1
2634 漢翔|航運業|-6 -16 -9|78 82 4 2|0.4 357|2 -4 -2 9 12
2636 台驊控股|航運業|-13 4 -58|72 93 -2 -1|0.6 34|10 1 0 10 -5
2637 慧洋-KY|航運業|-25 -26 -31|75 75 -25 -14|0.6 578|6 -9 -3 13 21
2641 正德|航運業|43 37 14|83 83 -17 5|0.4 94|3 -5 0 12 10
2645 長榮航太|航運業|18 21 9|99 100 9 21|1.0 180|9 12 6 72 -14
2646 星宇航空|航運業|35 29 na|na 88 -9 -8|0.6 92|2 10 0 na 17
2704 國賓|觀光餐旅|4 -0 -7|60 77 -19 -22|1.7 10|12 -23 0 -2 19
2707 晶華|觀光餐旅|12 3 6|86 96 4 8|0.3 32|7 7 7 -12 4
2719 燦星旅|觀光餐旅|6 -1 -50|62 80 -4 3|0.9 20|0 -1 0 428 37
2723 美食-KY|觀光餐旅|5 4 6|86 86 -14 -6|0.7 12|50 12 1 -4 -15
2727 王品|觀光餐旅|4 0 -2|100 100 6 10|2.7 107|29 32 6 -39 -48
2729 瓦城|觀光餐旅|-3 -10 -17|95 99 1 4|1.0 5|2 6 0 -61 -7
2731 雄獅|觀光餐旅|5 9 -10|98 98 23 37|1.6 535|17 13 1 17 -34
2734 易飛網|觀光餐旅|-31 -39 -1|56 71 -11 -27|1.0 38|3 -1 0 888 11867
2739 寒舍|觀光餐旅|2 -3 -5|59 77 -20 -16|0.4 5|4 11 0 -2 -30
2743 山富|觀光餐旅|-7 -15 -22|73 92 26 38|1.9 369|2 -0 0 11 1
2745 五福|觀光餐旅|14 14 -14|93 93 14 31|1.1 313|7 2 0 66 44
2753 八方雲集|觀光餐旅|16 17 6|96 96 18 33|0.5 127|10 9 -0 5 7
2801 彰銀|金融保險|16 15 6|98 98 1 3|0.8 387|15 26 -1 14 -11
2809 京城銀|金融保險|-13 -24 -10|75 97 0 5|0.8 92|16 5 1 -22 3
2812 台中銀|金融保險|-9 1 -6|95 95 1 9|0.7 107|11 4 0 3 18
2820 華票|金融保險|173 70 34|97 98 0 1|0.9 12|8 33 0 -20 2
2832 台產|金融保險|-1 1 -4|94 94 13 21|0.5 23|4 -5 0 -27 13
2834 臺企銀|金融保險|13 9 3|78 94 -5 -2|0.8 275|17 27 -9 -19 -35
2836 高雄銀|金融保險|21 21 1|90 98 -1 -0|0.8 10|7 15 0 -0 -1
2838 聯邦銀|金融保險|4 -4 -8|97 97 4 8|0.8 33|4 6 -0 -17 6
2845 遠東銀|金融保險|-12 -7 -4|76 91 -9 -6|0.9 63|9 -14 -1 -5 19
2850 新產|金融保險|1 1 -1|90 90 2 3|1.0 31|10 -14 -5 -6 16
2851 中再保|金融保險|-39 -23 -16|85 85 -10 -5|1.1 39|3 -15 0 1 13
2852 第一保|金融保險|-21 -8 -7|88 88 -1 11|0.3 15|6 -24 -0 -42 36
2855 統一證|金融保險|-50 -59 -109|77 79 -19 -15|0.6 30|10 -27 -5 21 10
2880 華南金|金融保險|-5 1 -7|92 92 -5 -0|1.4 300|17 6 -4 20 26
2881 富邦金|金融保險|-145 -24 -102|87 87 -10 -8|1.4 2604|19 -9 3 23 65
2882 國泰金|金融保險|-70 -34 -38|86 86 -11 -9|3.2 4380|23 -12 22 -11 418
2883 凱基金|金融保險|-80 120 -70|91 91 -6 -1|1.2 1017|28 23 -0 12 32
2884 玉山金|金融保險|19 33 13|100 100 4 11|1.5 811|33 29 -3 5 20
2885 元大金|金融保險|-9 -1 -19|85 85 -13 -5|1.5 1146|26 2 -5 33 43
2886 兆豐金|金融保險|-11 -14 -13|94 95 -2 -2|1.6 973|20 16 4 -45 2
2887 台新新光金|金融保險|10 19 -8|83 93 -5 -5|1.5 770|19 11 1 14 7
2888 新光金|金融保險|-256 -145 859|87 93 -5 0|1.3 560|35 17 -0 7 26
2889 國票金|金融保險|-93 -38 -40|74 82 -9 -12|0.8 29|9 10 -2 5 1
2890 永豐金|金融保險|3 9 -5|86 93 -1 -2|3.2 1099|26 22 -36 4 8
2891 中信金|金融保險|-23 17 -9|97 97 2 11|2.4 3464|33 8 16 -34 146
2892 第一金|金融保險|2 2 -4|93 95 -4 -3|3.2 728|24 31 -26 -35 5
2903 遠百|貿易百貨|-3 -9 -5|67 88 -7 -10|0.7 50|11 -21 -1 -2 -4
2905 三商|貿易百貨|-13 -12 -55|61 77 -19 -22|0.8 8|5 -12 0 -3 9
2908 特力|貿易百貨|-3 -5 -5|97 98 -1 1|1.0 11|2 10 0 2 6
2912 統一超|貿易百貨|6 3 -3|84 93 -3 -7|0.9 299|22 -16 5 34 7
2913 農林|貿易百貨|48 41 11|68 73 -18 -24|2.8 36|7 -16 0 -1 18
2915 潤泰全|貿易百貨|2 -9 -20|61 64 -27 -35|0.9 147|9 3 -18 23 -13
3003 健和興|電子零組|4 4 -5|56 66 -21 -28|0.4 22|3 5 0 -2 -6
3004 豐達科|鋼鐵工業|18 18 6|94 94 53 70|5.6 408|9 3 0 362 56
3005 神基|電腦及週|7 14 11|95 95 -3 15|0.8 265|13 -14 25 -7 31
3006 晶豪科|半導體業|-12 -11 -13|48 73 -23 -19|0.5 44|12 8 -2 -1 -1
3008 大立光|光電業|27 36 8|73 82 -14 -5|0.9 1195|34 -2 -3 4 119
3010 華立|電子通路|9 10 -6|71 82 -7 -12|3.0 49|9 -9 -2 33 20
3013 晟銘電|電腦及週|14 68 4|57 60 -30 -32|1.0 803|6 -3 -0 3 38
3014 聯陽|半導體業|29 23 13|72 82 -15 -5|0.9 104|23 -16 -3 9 76
3015 全漢|電子零組|25 22 22|83 83 -15 -6|2.8 109|9 -2 -2 23 -17
3016 嘉晶|半導體業|-6 -9 -4|42 58 -29 -42|1.2 13|1 -14 0 12 24
3017 奇鋐|電腦及週|76 73 40|78 88 18 -0|0.7 3671|42 15 3 -16 -46
3019 亞光|光電業|29 29 -4|63 63 -32 25|0.5 1471|14 -5 0 11 38
3022 威強電|電腦及週|21 22 21|70 70 -30 3|0.3 141|20 7 0 -3 -17
3023 信邦|電子零組|-9 -1 -4|65 68 -27 -16|1.1 284|49 -11 -3 37 6
3024 憶聲|光電業|57 79 -26|60 67 -20 -26|0.5 11|4 15 0 4 -7
3025 星通|通信網路|6 -11 -47|57 57 -27 -32|0.3 8|6 10 0 -4 -16
3026 禾伸堂|電子零組|7 24 17|85 90 -5 -6|0.5 16|12 -10 0 -20 4
3027 盛達|通信網路|170 84 61|88 94 25 3|0.6 51|4 4 -0 15 -26
3028 增你強|電子通路|-2 7 0|98 98 3 9|0.4 9|8 19 0 9 -29
3029 零壹|資訊服務|87 80 22|69 69 -20 5|0.2 233|8 6 -0 -21 -7
3030 德律|其他電子|2 19 -24|61 85 -11 -15|0.8 127|14 0 -0 -19 -3
3032 偉訓|電子零組|36 27 31|65 65 -30 -18|0.4 142|9 -6 -0 -9 10
3033 威健|電子通路|46 53 18|86 89 -7 -5|0.6 42|9 -1 3 -32 3
3034 聯詠|半導體業|9 16 18|78 88 -9 2|2.2 1196|30 17 -29 14 5
3035 智原|半導體業|98 218 163|46 64 -33 -25|0.6 800|15 2 -1 -6 -7
3036 文曄|電子通路|35 41 -11|100 100 16 12|0.6 448|14 20 9 -9 -27
3037 欣興|電子零組|17 19 4|47 66 -11 -33|2.1 1609|25 -6 1 12 7
3040 遠見|其他|-2 3 11|80 80 -15 -8|0.4 8|16 -10 0 -17 -0
3041 揚智|半導體業|-22 -15 -27|62 62 -25 -12|0.6 17|7 -4 0 7 12
3042 晶技|電子零組|28 20 3|79 90 -6 -9|1.2 84|9 -5 6 -3 1
3044 健鼎|電子零組|17 22 8|90 95 -3 9|1.3 287|36 6 2 1 -19
3045 台灣大|通信網路|2 2 -4|95 95 -1 -1|1.7 987|15 -20 -4 9 210
3047 訊舟|通信網路|-39 17 -48|43 60 -30 -39|0.9 44|5 -9 0 17 38
3048 益登|電子通路|27 29 18|50 78 -13 -21|0.6 11|5 9 0 3 -13
3050 鈺德|光電業|2 -1 -8|49 69 -24 -30|0.7 8|9 -3 0 -7 2
3051 力特|光電業|20 30 20|81 81 -5 -12|0.5 11|3 7 -0 -11 -3
3052 夆典|建材營造|24 26 37|94 98 8 7|0.6 6|3 10 0 -10 -5
3055 蔚華科|電子通路|60 -16 23|49 62 -33 -22|0.7 13|2 6 0 -4 -16
3056 富華新|建材營造|332 12782 -1555|85 85 -5 1|0.7 115|8 -11 -0 4 80
3057 喬鼎|電腦及週|-18 -8 -4|64 88 -5 -5|1.8 9|2 0 0 na na
3059 華晶科|光電業|30 33 37|80 80 -17 22|0.8 192|12 0 -0 7 -6
3060 銘異|電腦及週|10 25 -2|61 76 -6 -5|0.2 19|10 5 -0 -12 7
3062 建漢|通信網路|33 23 4|58 68 -27 -30|0.5 49|11 -12 0 7 4
3073 天方能源|綠能環保|73 44 1|39 65 -14 -29|2.1 23|0 -3 0 21 51
3078 僑威|電子零組|53 59 57|85 85 -6 28|0.4 375|20 -1 0 -6 -2
3081 聯亞|通信網路|79 65 26|53 53 -19 -16|0.1 201|24 -4 1 14 -19
3083 網龍|文化創意|-49 -53 -67|62 79 -13 -18|0.5 6|1 -4 0 6 16
3086 華義*|文化創意|-15 -9 -9|56 79 -9 -3|0.3 14|41 6 0 1 -17
3088 艾訊|電腦及週|1 20 9|59 59 -35 -15|0.5 50|15 -7 -1 3 -4
3090 日電貿|電子零組|52 49 26|98 98 8 9|1.1 125|12 11 2 46 -0
3093 港建*|其他電子|216 428 306|92 98 16 12|3.3 8|68 5 0 13 11
3105 穩懋|半導體業|-29 -21 -12|46 69 -23 -28|0.6 255|16 2 -0 -9 -4
3128 昇銳|光電業|15 30 8|84 84 1 8|3.8 53|2 -1 0 46 96
3130 一零四|數位雲端|5 10 3|94 95 1 4|0.6 7|24 -17 0 75 -1
3131 弘塑|半導體業|65 55 27|55 63 -3 -29|1.6 1151|19 -2 1 na -23
3138 耀登|通信網路|-0 -8 -3|67 75 -20 -9|0.6 7|2 -14 0 -5 -9
3141 晶宏|半導體業|-5 -4 3|54 67 -29 -32|0.5 9|8 -13 1 2 -9
3147 大綜|資訊服務|105 281 191|68 68 -5 48|0.7 366|7 -3 -0 40 -47
3149 正達|光電業|29 21 0|69 79 -12 0|0.7 216|6 3 0 15 -42
3152 璟德|通信網路|-7 -2 -7|50 59 -33 -35|0.9 11|14 -4 -4 4 -3
3162 精確|電機機械|147 210 113|77 77 1 13|0.2 311|54 -1 0 -19 -21
3163 波若威|通信網路|13 16 39|76 76 -4 36|0.3 2012|4 -1 -1 11 -5
3167 大量|電機機械|164 147 26|51 72 -9 -27|2.3 245|2 -4 0 41 4
3169 亞信|半導體業|-5 33 30|65 75 -20 -11|0.3 7|3 10 1 -9 -34
3188 鑫龍騰|建材營造|-35 -59 na|56 95 0 11|1.1 6|1 13 0 -12 -0
3189 景碩|半導體業|35 31 9|58 71 -21 -17|2.2 152|12 -1 -0 -1 -13
3205 佰研|生技醫療|-8 -6 -7|86 93 35 24|2.1 8|11 0 0 -27 -1
3207 耀勝|電子零組|26 26 -32|39 50 -45 -39|1.1 39|4 10 0 -34 11
3209 全科|電子通路|-20 42 37|87 93 0 3|0.3 36|7 5 -0 -1 -12
3211 順達|電腦及週|-24 -24 2|89 89 16 15|0.5 1172|17 5 5 -16 -12
3213 茂訊|電腦及週|15 3 7|75 75 -25 28|0.5 191|7 1 0 -12 -2
3217 優群|電子零組|40 44 21|89 93 -5 2|0.5 61|10 7 1 -3 0
3218 大學光|生技醫療|-1 -1 -4|79 88 -9 0|0.5 19|10 2 0 -2 2
3219 倚強科|其他電子|68 119 80|71 92 23 7|5.4 77|1 1 0 -6 107
3227 原相|半導體業|28 34 -5|75 75 -19 5|0.5 446|30 8 -4 5 -1
3228 金麗科|半導體業|5 -16 -40|37 77 -15 -17|0.9 75|8 0 -0 na -7
3230 錦明|光電業|-8 24 47|52 52 -33 -38|0.4 21|2 6 0 -8 1
3231 緯創|電腦及週|84 60 26|92 97 6 2|1.4 3207|24 7 4 -15 10
3234 光環|通信網路|6 36 35|56 56 -29 -36|0.5 19|3 -5 0 na na
3257 虹冠電|半導體業|30 9 31|89 93 14 3|1.5 146|2 -0 0 28 26
3260 威剛|半導體業|2 -1 -4|81 93 6 5|0.4 338|15 11 0 -8 -26
3264 欣銓|半導體業|7 1 7|92 92 1 38|0.6 554|23 14 -11 9 -63
3265 台星科|半導體業|3 8 -3|67 79 -14 -9|0.4 15|2 9 8 -1 -25
3287 廣寰科|電腦及週|57 20 5|71 80 18 10|0.2 43|0 -1 0 -4 29
3289 宜特|其他電子|13 10 -3|54 69 -21 -26|0.5 24|12 -7 -0 -0 -11
3290 東浦|電子零組|11 32 18|69 80 -18 -20|0.5 8|3 7 0 3 -9
3293 鈊象|文化創意|28 27 -5|74 80 -10 -13|0.5 1390|27 5 -0 17 -14
3294 英濟|電子零組|-25 -19 -10|83 87 -5 26|7.8 62|6 -0 0 26 27
3297 杭特|光電業|30 25 17|88 88 77 67|3.3 118|3 0 0 1 9
3303 岱稜|其他電子|-1 15 -3|69 85 -13 -12|0.4 10|5 10 0 -7 -7
3305 昇貿|其他電子|44 55 7|77 90 -8 -1|0.6 35|5 12 0 -1 10
3312 弘憶股|電子通路|28 51 29|46 77 -7 -17|0.4 104|1 -2 0 -7 15
3317 尼克森|半導體業|19 31 19|77 77 -10 -14|1.0 6|5 9 0 7 -8
3323 加百裕|電腦及週|-2 -2 14|71 71 -6 -20|0.7 200|5 1 -0 -1 2
3324 雙鴻|其他電子|66 65 24|60 78 -15 -15|0.4 1325|11 -0 -0 -7 -23
3325 旭品|電腦及週|-10 -18 3|49 77 -23 -24|1.0 6|2 6 0 0 -11
3338 泰碩|電子零組|4 23 22|58 71 -9 -26|0.5 12|4 17 0 -7 -24
3339 泰谷|光電業|11 1 -15|78 95 13 -2|2.3 41|4 0 0 -2 19
3346 麗清|汽車工業|-0 15 6|60 67 -24 -32|0.7 6|3 -3 0 0 -1
3356 奇偶|光電業|-11 -14 -1|65 74 -16 -15|0.4 80|4 -4 0 -1 139
3357 臺慶科|電子零組|36 46 11|71 82 -18 -11|0.6 13|13 10 -17 -0 -8
3362 先進光|光電業|8 15 7|42 54 -40 -39|0.4 46|5 1 0 -2 -13
3363 上詮|通信網路|81 55 28|68 68 -22 16|1.6 448|11 0 -0 2 70
3373 熱映|其他電子|-21 -1 -8|78 78 4 10|6.5 11|2 -3 0 5 11
3374 精材|半導體業|44 30 16|47 57 -26 -30|0.9 273|7 -1 -0 -9 -6
3376 新日興|電子零組|-13 -7 -22|59 59 -37 -7|0.5 1002|26 -1 -3 3 -13
3379 彬台|電機機械|72 175 22|91 91 -6 124|1.5 584|2 -0 0 6 -28
3380 明泰|通信網路|-13 -11 4|70 70 -20 -29|3.8 13|9 -9 0 26 4
3402 漢科|其他電子|-9 -3 -14|73 78 -11 -12|0.5 11|3 6 0 1 -25
3406 玉晶光|光電業|-1 0 -4|58 74 -20 -13|0.6 211|25 10 -4 -2 -14
3413 京鼎|半導體業|47 47 5|75 91 -4 -5|0.6 214|25 -2 7 -8 -5
3416 融程電|電腦及週|-10 3 -15|74 74 -19 -8|1.0 15|4 -6 -0 -2 4
3430 奇鈦科|化學工業|5 4 -9|54 75 -21 -19|1.2 6|4 -6 0 11 -3
3434 哲固|光電業|46 32 13|75 75 85 98|1.1 437|2 0 0 -1 -6
3443 創意|半導體業|-1 17 11|65 74 -15 -7|0.6 1317|22 -7 0 3 4
3444 利機|電子通路|24 27 4|48 64 -22 -35|0.4 9|12 -4 0 21 -6
3447 展達|通信網路|105 97 34|47 62 -32 -34|0.2 39|3 2 0 -4 -32
3450 聯鈞|半導體業|3 85 21|54 54 -31 -25|0.5 2539|15 -2 -0 9 22
3454 晶睿|光電業|27 27 23|69 69 -21 -19|0.2 25|4 3 0 -17 -2
3455 由田|光電業|6 25 22|59 67 -22 -30|0.7 14|7 2 -10 2 -29
3466 德晉|通信網路|-47 -48 11|43 61 -27 -30|0.8 55|9 1 0 26 17
3479 安勤|電腦及週|20 26 18|81 81 -13 -4|0.4 22|8 -5 2 -5 -5
3481 群創|光電業|-1 8 6|75 77 -13 -16|1.0 914|22 -25 1 2 67
3483 力致|電腦及週|2 5 1|47 63 -28 -30|0.5 50|8 3 5 0 -15
3484 崧騰|電子零組|28 26 -8|71 71 -24 -8|0.3 17|10 -10 0 -1 -4
3491 昇達科|通信網路|-15 40 -17|65 65 -29 4|0.6 608|19 -3 -2 14 28
3492 長盛|電子零組|20 25 7|74 85 -9 -7|2.1 6|2 -2 0 0 3
3498 陽程|其他電子|106 94 -37|52 62 -26 -26|0.4 18|5 -4 0 28 14
3501 維熹|電子零組|-3 13 2|74 87 -9 -11|0.4 8|6 -3 0 -8 -11
3504 揚明光|光電業|23 38 35|61 61 -30 -22|0.6 15|4 -0 0 5 -8
3511 矽瑪|電子零組|41 49 22|45 49 -31 -48|0.3 5|6 -5 0 -3 -1
3515 華擎|電腦及週|207 131 58|80 80 -14 -10|1.2 106|11 3 0 26 -27
3526 凡甲|電子零組|30 68 27|82 82 -16 -12|0.6 44|19 -20 -3 3 6
3528 安馳|電子通路|47 56 40|86 86 48 61|0.4 733|4 0 0 23 -5
3529 力旺|半導體業|11 7 -6|63 64 -20 -22|1.2 1614|62 -3 -5 59 5
3530 晶相光|半導體業|24 26 10|53 64 -27 -34|0.5 11|41 4 -1 3 -11
3532 台勝科|半導體業|-1 2 13|38 59 -26 -40|2.3 25|48 14 -3 14 -9
3533 嘉澤|電子零組|16 31 5|62 62 -27 -25|1.0 1914|37 -7 -6 55 6
3535 晶彩科|光電業|-34 -28 -355|40 58 -30 -36|0.4 16|6 1 0 -0 12
3537 堡達|電子零組|47 18 15|66 77 -8 -13|0.4 11|2 3 0 19 -23
3540 曜越|電腦及週|36 24 24|62 79 -15 -12|1.5 16|3 0 0 -14 -13
3545 敦泰|半導體業|4 -5 -7|64 65 -23 -30|0.7 39|22 13 -9 -6 4
3546 宇峻|文化創意|1 -9 -11|76 76 24 27|0.6 773|11 -1 -0 28 185
3548 兆利|電子零組|21 23 17|54 54 -34 -37|0.5 70|4 -4 0 3 -14
3551 世禾|綠能環保|16 13 -1|82 85 -4 -2|0.5 111|6 0 0 39 -8
3557 嘉威|居家生活|-31 1 -9|63 63 -26 -30|0.4 8|2 -12 0 5 9
3558 神準|通信網路|60 65 62|68 68 -31 -15|0.4 192|8 -8 0 35 18
3563 牧德|光電業|219 214 117|94 94 14 48|1.1 1064|14 2 1 5 7
3564 其陽|通信網路|51 23 -9|55 85 -11 -8|8.0 18|1 -5 0 31 38
3570 大塚|資訊服務|8 63 26|77 77 20 27|0.5 86|47 -1 0 na -32
3580 友威科|其他電子|-61 -14 -5|54 67 -21 -30|0.3 61|3 -2 0 1 20
3583 辛耘|半導體業|18 24 -11|54 61 -18 -34|0.9 252|11 -8 -0 21 21
3587 閎康|其他電子|7 6 0|49 54 -35 -44|1.2 46|11 -11 -0 7 9
3591 艾笛森|光電業|9 9 -15|61 72 -20 -19|0.3 12|5 10 0 1 -1
3592 瑞鼎|半導體業|-6 -4 -17|79 84 -12 -5|0.8 67|13 -1 -2 16 -10
3594 磐儀|電腦及週|24 46 28|64 64 -27 -8|0.4 12|6 -15 0 14 -7
3596 智易|通信網路|10 9 15|86 86 2 25|1.1 278|36 2 -5 1 30
3605 宏致|電子零組|16 30 7|74 74 -16 -2|0.4 144|20 2 0 -11 7
3617 碩天|其他電子|-8 8 -1|64 64 -19 -30|0.9 108|15 -5 -0 -2 28
3622 洋華|光電業|1 -11 -15|65 71 -16 -27|0.4 8|3 -1 0 3 -2
3630 新鉅科|光電業|52 27 9|69 76 -9 -12|1.4 16|39 0 0 5 7
3645 達邁|電子零組|10 14 -18|68 68 -21 35|1.9 513|9 -5 0 43 132
3653 健策|電子零組|66 73 35|84 84 4 -1|1.1 1591|22 -6 7 -7 34
3661 世芯-KY|半導體業|-22 -6 -52|74 74 -10 26|0.8 6720|57 -1 1 11 20
3663 鑫科|其他電子|122 138 20|47 66 -24 -34|0.9 88|0 -2 0 8 34
3665 貿聯-KY|其他電子|38 34 16|88 88 9 3|1.0 2157|43 -1 4 26 12
3673 TPK-KY|光電業|14 -1 -1|56 73 -21 -25|1.6 45|36 0 0 -5 5
3675 德微|半導體業|-13 -7 -27|37 55 -27 -43|2.1 42|54 -8 -7 1 10
3679 新至陞|電子零組|8 44 20|84 84 -11 7|0.6 7|11 -9 0 -27 4
3680 家登|半導體業|9 30 -6|59 68 -26 -30|1.2 284|24 -6 -4 8 0
3687 歐買尬|數位雲端|5 11 6|61 76 -16 -20|0.3 8|7 -1 0 -2 1
3689 湧德|電子零組|30 39 34|82 82 -17 9|0.4 149|15 -3 0 -5 -9
3691 碩禾|光電業|-52 -45 -131|43 76 -16 -22|0.5 14|1 3 0 -5 -13
3693 營邦|電腦及週|5 51 37|76 80 -16 -16|1.1 144|3 -2 -1 8 10
3694 海華|通信網路|33 29 23|74 74 -20 16|2.1 68|7 -7 -0 30 2
3701 大眾控|電腦及週|-23 -6 3|56 72 -17 -19|0.4 10|3 -1 0 -13 -11
3702 大聯大|電子通路|34 48 15|67 89 -2 -7|3.1 500|27 13 -26 31 14
3703 欣陸|建材營造|-14 13 7|62 73 -26 -22|0.6 20|22 -5 -15 15 10
3704 合勤控|通信網路|-5 3 -2|64 64 -31 -30|1.1 49|11 -15 0 19 10
3705 永信|生技醫療|4 25 8|91 91 15 11|0.3 91|11 -2 -2 -31 11
3706 神達|電腦及週|97 122 5|67 67 -13 -29|2.2 1371|10 -7 0 78 51
3707 漢磊|半導體業|-11 -8 7|48 62 -34 -37|2.2 42|8 -8 0 14 1
3708 上緯投控|綠能環保|5 13 3|58 90 5 -7|2.3 36|7 -8 1 41 15
3709 鑫聯大投控|電腦及週|117 100 45|82 82 37 39|1.8 227|2 -3 0 47 139
3711 日月光投控|半導體業|14 15 9|70 73 -18 -11|1.1 1292|72 -2 -5 14 -10
3712 永崴投控|電腦及週|-3 60 -6|67 72 -23 -30|0.6 108|3 -13 3 -25 18
3714 富采|光電業|-10 3 -0|66 66 -22 -25|0.9 72|15 -15 0 5 0
3715 定穎投控|電子零組|9 6 -5|54 64 -29 -32|1.2 79|8 2 -1 -6 -12
3716 中化控股|生技醫療|na na na|na 97 -0 2|1.5 7|9 4 0 -9 5
4104 佳醫|生技醫療|-1 10 5|96 96 2 3|0.5 10|4 -2 0 -34 4
4105 東洋|生技醫療|-4 29 21|98 98 -1 8|0.4 28|19 10 -0 -6 9
4107 邦特|生技醫療|7 11 5|83 91 -9 -5|0.4 5|9 -3 0 -2 7
4111 濟生|生技醫療|29 28 12|94 94 2 9|0.4 8|6 0 0 -13 3
4113 聯上|建材營造|-93 -17 -377025|34 66 -28 -34|0.5 6|1 -17 0 -5 1
4114 健喬|生技醫療|7 28 15|90 98 5 0|0.5 17|6 12 0 7 -3
4119 旭富|生技醫療|2 12 -26|68 68 -23 -30|0.9 8|6 -8 0 -2 2
4123 晟德|生技醫療|-2 17 3|70 78 -3 -22|1.6 39|10 -14 0 -2 4
4128 中天|生技醫療|9 8 -2|52 56 -27 -42|0.6 18|8 4 0 -6 0
4129 聯合|生技醫療|27 30 9|96 100 11 6|1.9 38|13 15 0 3 -20
4137 麗豐-KY|生技醫療|-2 1 13|75 92 -1 -1|0.6 12|57 11 0 -0 -10
4142 國光生|生技醫療|-41 -45 -224|62 72 -20 -14|2.2 26|5 -11 0 25 12
4147 中裕|生技醫療|-32 -16 -16|76 76 -21 -10|0.4 30|8 -1 -1 3 -0
4162 智擎|生技醫療|16 12 -104|74 74 -22 -6|0.4 42|8 -0 4 -10 -10
4164 承業醫|生技醫療|14 65 44|75 75 -23 6|0.5 35|25 -6 0 -6 -8
4167 松瑞藥|生技醫療|2 12 -1|84 100 10 8|1.1 22|12 9 0 2 -20
4173 久裕|生技醫療|15 42 22|94 94 18 24|0.5 8|4 7 0 13 74
4174 浩鼎|生技醫療|20 52 -0|38 54 -42 -45|1.9 42|8 -10 0 12 -1
4303 信立|塑膠工業|304 507 201|85 85 31 65|0.5 1546|4 -1 0 -10 1
4306 炎洲|塑膠工業|-12 2 -18|70 87 -11 -11|0.5 9|6 -6 0 -3 9
4417 金洲|紡織纖維|61 44 17|97 97 1 17|0.5 5|5 3 0 53 4
4420 光明|紡織纖維|68 63 24|89 89 5 16|0.3 8|1 10 0 -51 -14
4438 廣越|紡織纖維|12 15 3|73 75 -24 -17|0.7 7|2 -4 0 8 17
4503 金雨|電機機械|151 153 103|81 81 -12 9|0.2 18|4 22 0 -3 -37
4506 崇友|電機機械|12 22 11|95 100 5 12|1.0 11|2 13 0 43 6
4510 高鋒|電機機械|-21 -16 3|77 77 -18 -9|0.7 537|3 -0 0 9 5
4526 東台|電機機械|16 29 40|64 73 -26 -25|0.5 54|6 -2 0 -7 20
4532 瑞智|電機機械|9 28 0|92 92 3 16|0.4 90|25 12 4 33 11
4533 協易機|電機機械|-18 38 10|50 62 -38 -31|0.3 15|6 2 0 0 -9
4534 慶騰|電機機械|-12 12 -6|58 58 -39 -11|0.3 8|1 -0 0 na na
4536 拓凱|運動休閒|29 41 16|86 90 -8 2|0.9 54|20 7 -0 32 -12
4540 全球傳動|電機機械|11 -5 -1|63 63 -29 -2|0.7 84|5 -1 0 -3 47
4541 晟田|其他|19 43 16|87 87 35 43|0.4 896|3 -0 0 3 33
4542 科嶠|電子零組|-13 17 52|51 60 -37 -37|0.3 6|7 -5 0 4 -18
4545 銘鈺|電子零組|-8 6 -20|49 67 -23 -32|0.7 12|32 -9 0 7 39
4549 桓達|電機機械|4 9 12|50 50 -29 -17|0.6 14|3 4 -5 -5 -16
4551 智伸科|汽車工業|8 24 6|63 76 -18 -22|0.3 16|53 1 -4 8 -2
4554 橙的|其他電子|40 27 16|77 77 32 29|1.5 10|24 -0 0 na na
4555 氣立|電機機械|14 23 7|59 80 -11 4|0.5 7|3 12 0 7 -16
4557 永新-KY|汽車工業|35 41 11|73 77 -15 -23|0.4 8|33 -2 0 -7 -8
4560 強信-KY|電機機械|18 32 2|100 100 14 17|1.7 13|84 1 0 87 0
4561 健椿|電機機械|-25 -16 -2|57 57 -33 -28|0.4 26|0 -1 0 5 37
4562 穎漢|電機機械|4 15 2|68 76 -12 -21|2.1 235|1 -1 0 -0 29
4563 百德|電機機械|-6 24 7|50 59 -31 -28|0.4 10|4 3 0 -5 -6
4564 元翎|電機機械|-3 39 21|58 68 -25 -27|0.3 8|3 -4 0 -2 -14
4566 時碩工業|電機機械|14 25 3|52 71 -19 -24|0.2 32|2 8 0 -1 1
4569 六方科-KY|汽車工業|31 36 11|47 65 -20 -33|0.4 10|67 0 0 -15 -13
4571 鈞興-KY|電機機械|-26 -4 -25|54 54 -27 -12|1.0 177|63 -11 -0 46 19
4572 駐龍|電機機械|-8 -21 -16|89 89 7 10|0.2 92|6 1 0 -11 -1
4576 大銀微系統|電機機械|24 34 15|73 73 -15 9|0.5 366|3 0 0 -6 26
4583 台灣精銳|電機機械|2 10 0|81 81 3 15|0.7 709|3 -1 0 41 14
4588 玖鼎電力|其他電子|203 63 29|60 87 -12 -2|0.5 9|4 -4 0 -8 19
4714 永捷|化學工業|87 136 29|71 88 -1 -8|0.4 22|3 2 0 2 -0
4716 大立|化學工業|4 22 13|46 68 -22 -31|1.2 5|4 1 0 0 -9
4721 美琪瑪|化學工業|91 15 14|71 77 -11 -15|0.7 19|2 0 -3 60 -5
4722 國精化|化學工業|-2 7 -2|85 85 -7 40|1.4 106|3 -7 -0 56 23
4726 永昕|生技醫療|-50 -7 -72|60 75 -17 -15|1.3 8|21 -12 0 -5 -31
4728 雙美|生技醫療|-1 5 -10|80 80 32 43|0.4 17|18 6 0 5 8
4736 泰博|生技醫療|0 -4 -8|90 96 4 -2|3.5 21|8 -13 1 99 17
4737 華廣|生技醫療|12 5 -3|99 99 18 10|2.9 7|22 19 0 -4 -1
4739 康普|化學工業|40 3 11|64 74 -19 -21|0.3 7|2 -3 6 -6 -9
4743 合一|生技醫療|-9 10 -16|32 53 -22 -46|0.6 99|8 -4 0 0 -7
4746 台耀|生技醫療|38 14 5|63 91 -9 -7|0.5 21|11 15 0 -7 -4
4749 新應材|半導體業|37 46 na|na na -5 na|2.4 640|5 3 9 na 310
4755 三福化|化學工業|8 11 1|71 75 -10 -18|4.1 6|30 -2 -0 14 -7
4760 勤凱科技|其他電子|32 54 1|66 83 -12 -9|0.5 9|3 -5 0 13 -11
4763 材料*-KY|化學工業|32 31 6|75 75 -9 2|0.6 1355|50 -5 0 7 37
4766 南寶|化學工業|8 18 6|93 95 7 9|0.7 127|18 -10 19 -32 38
4768 晶呈科技|化學工業|-14 -24 -41|41 52 -37 -47|1.1 23|5 -11 3 13 -2
4770 上品|化學工業|-22 -21 -33|57 65 -31 -22|0.7 110|11 2 -3 -3 -9
4771 望隼|生技醫療|14 21 13|64 94 6 9|0.5 20|5 21 0 4 -24
4772 台特化|化學工業|48 29 na|na 79 -17 33|1.9 374|5 -2 3 111 44
4903 聯光通|通信網路|120 112 61|47 61 -26 -31|0.2 11|1 -0 0 -9 -22
4904 遠傳|通信網路|6 4 -3|92 92 -5 -6|1.8 549|17 -5 -20 45 80
4906 正文|通信網路|-37 -21 -20|56 69 -23 -29|0.6 28|21 -15 -5 0 -3
4908 前鼎|通信網路|-31 14 23|62 62 -21 -18|0.3 12|4 10 0 -2 -29
4909 新復興|通信網路|-94 -85 -317|33 50 -40 -42|0.3 117|1 -7 0 1 17
4912 聯德控股-KY|電子零組|-19 12 -10|48 48 -40 -25|0.5 16|32 -10 0 4 0
4915 致伸|電子零組|-4 21 20|69 84 -12 -5|1.3 109|43 -11 8 -3 35
4916 事欣科|電腦及週|-18 -15 -10|85 85 -14 36|0.6 531|4 -0 0 14 26
4919 新唐|半導體業|-4 0 9|54 67 -24 -22|0.8 54|10 9 -1 1 -18
4927 泰鼎-KY|電子零組|-7 5 -0|36 48 -44 -48|0.3 29|13 -4 0 -2 -1
4931 新盛力|電腦及週|-22 36 -15|85 85 14 45|0.6 2211|3 -0 -0 -9 6
4933 友輝|光電業|8 30 15|96 96 6 30|0.4 51|14 17 -1 -13 0
4934 太極|光電業|-88 -80 1|43 79 -17 -20|1.7 6|1 -8 0 -12 0
4938 和碩|電腦及週|15 17 16|69 84 -13 -13|1.1 482|30 -30 1 -14 -1
4946 辣椒|文化創意|870 1053 617|76 76 166 395|0.7 51|16 2 0 na na
4949 有成精密|光電業|-14 -10 16|90 90 96 138|2.3 573|8 1 0 75 37
4953 緯致|資訊服務|9 12 -1|69 69 -12 -13|0.3 13|6 17 0 -5 -30
4956 光鋐|光電業|3 23 1|58 69 -16 -30|1.4 42|10 -12 0 11 70
4958 臻鼎-KY|電子零組|23 31 12|67 82 -10 -11|0.8 441|60 -15 -1 -5 -13
4960 誠美材|光電業|-10 9 11|73 91 -5 -1|0.5 10|17 7 0 -2 -5
4961 天鈺|半導體業|14 29 1|73 86 -9 -11|0.7 100|19 -11 1 -2 -27
4966 譜瑞-KY|半導體業|14 14 -1|63 70 -15 -19|0.6 212|43 -12 1 0 -18
4967 十銓|半導體業|-45 36 -8|40 75 -20 -21|0.5 73|2 -0 0 5 -7
4968 立積|半導體業|3 7 -7|49 53 -43 -37|0.7 230|12 -5 -3 4 -20
4971 IET-KY|半導體業|30 39 26|53 53 -44 -2|0.4 179|13 -3 0 4 16
4973 廣穎電通|半導體業|1 9 12|52 73 -23 -24|0.5 7|3 -1 0 -2 45
4974 亞泰|電子零組|2 21 -14|64 64 -22 2|0.3 27|8 -0 0 -4 -15
4976 佳凌|光電業|-5 -1 -22|44 65 -29 -29|0.5 8|1 6 0 -5 -6
4977 眾達-KY|通信網路|87 114 51|51 51 -30 -32|0.3 132|28 -5 -1 9 16
4979 華星光|通信網路|42 63 37|64 64 -14 -5|0.4 2244|10 -1 -0 5 51
4991 環宇-KY|半導體業|-14 29 2|52 52 -37 -26|0.4 557|6 -1 -1 8 25
5009 榮剛|鋼鐵工業|-11 -8 0|79 84 -14 -12|0.6 112|7 -18 5 -6 1
5201 凱衛|資訊服務|43 24 18|68 68 28 59|0.5 202|6 -1 0 -7 205
5202 力新|資訊服務|18 8 -18|70 72 -14 -3|0.1 54|2 -1 0 -12 15
5203 訊連|資訊服務|22 14 2|80 80 -12 34|0.6 35|19 1 0 -1 -7
5210 寶碩|資訊服務|38 7 12|68 89 9 -7|0.6 6|2 9 0 na na
5213 亞昕|建材營造|1037 848 480|65 89 -9 4|0.5 19|1 3 0 -9 -13
5222 全訊|半導體業|-42 -19 -14|64 78 -13 -19|0.4 26|5 5 -0 2 -6
5225 東科-KY|其他電子|-11 -2 -10|62 69 -30 -25|1.6 67|41 -4 -0 17 9
5234 達興材料|光電業|11 20 18|83 95 -1 -5|2.0 208|5 -3 8 -2 -10
5236 凌陽創新|半導體業|4 47 28|62 77 -22 -17|0.7 20|4 -0 1 -8 -4
5243 乙盛-KY|光電業|1 5 -15|64 67 -18 -31|0.5 19|53 1 0 -1 -15
5244 弘凱|光電業|0 5 7|79 79 1 1|0.8 102|3 -0 0 20 30
5251 天鉞電|光電業|-34 32 -16|88 88 103 67|1.2 450|23 -0 0 7 17
5258 虹堡|電腦及週|2 -6 -2|44 62 -35 -31|0.6 21|5 10 0 -6 -26
5263 智崴|文化創意|23 20 -37|51 63 -13 -37|1.1 18|16 -34 0 3 1
5269 祥碩|半導體業|62 45 15|81 85 -5 18|0.7 1186|21 -0 1 -11 -35
5274 信驊|半導體業|69 96 -20|74 93 9 0|0.9 1586|48 -1 7 -19 2
5284 jpp-KY|其他|54 43 21|85 85 -1 -0|0.3 104|58 6 -0 -15 -11
5288 豐祥-KY|電機機械|-13 8 6|61 69 -24 -26|0.5 19|60 2 -0 -6 9
5289 宜鼎|電腦及週|28 30 15|70 81 -17 0|0.5 84|23 19 -26 11 -47
5306 桂盟|運動休閒|4 26 10|62 76 -22 -22|1.8 18|14 -15 0 42 45
5309 系統電|電子零組|10 5 9|68 72 -21 -26|0.4 53|2 2 -0 -2 -31
5312 寶島科|生技醫療|2 -2 -3|93 93 12 48|1.1 27|10 13 0 1 -11
5314 世紀*|其他|368 243 na|68 68 24 246|0.9 461|7 -2 0 38 221
5315 光聯|光電業|36 65 27|94 94 6 5|0.7 22|17 13 0 -0 -0
5324 士開|建材營造|124 47 -254|75 84 2 -5|2.3 10|5 -3 0 na na
5340 建榮|電子零組|38 28 -23|68 91 8 -6|5.3 27|49 -4 0 50 -6
5347 世界|半導體業|8 21 3|60 79 -17 -10|2.5 842|12 1 -28 44 31
5351 鈺創|半導體業|-16 -20 -29|47 66 -28 -27|0.8 30|5 -6 -0 0 29
5371 中光電|光電業|-16 -9 -7|47 61 -31 -21|0.5 99|10 -2 -6 11 -19
5381 光譜|電機機械|17 -10 -170|57 80 -10 -19|0.8 11|0 -4 0 na na
5386 青雲|電腦及週|278 146 -17|63 76 -9 -18|0.9 18|1 -4 0 10 6
5388 中磊|通信網路|-16 -26 -9|70 70 -28 -12|0.5 201|21 4 -12 -3 -11
5392 能率|光電業|-6 1 5|69 74 -18 6|0.2 33|4 5 0 -8 -2
5403 中菲|資訊服務|27 28 10|93 93 -5 17|2.4 8|6 -15 0 -4 -19
5410 國眾|資訊服務|7 135 84|75 79 -6 -8|0.2 6|7 -2 0 -3 2
5425 台半|半導體業|32 45 27|58 74 -14 -25|0.4 27|11 -2 0 -3 1
5426 振發|電腦及週|43 61 29|53 67 -28 -33|0.7 10|4 2 0 -0 -23
5432 新門|綠能環保|-7 14 32|40 72 -17 -27|0.6 19|0 -3 0 4 12
5434 崇越|電子通路|24 28 2|81 84 -10 -13|0.8 102|24 2 -15 0 -8
5438 東友|電腦及週|73 50 22|47 61 -19 -39|0.4 6|2 -4 0 1 9
5439 高技|電子零組|126 92 69|87 87 21 78|0.9 2116|16 2 -0 4 2
5443 均豪|半導體業|-0 2 -37|47 58 -22 -40|2.2 128|4 -5 0 21 19
5452 佶優|其他電子|-1 4 2|65 77 -12 -21|0.6 38|8 2 0 -12 -4
5457 宣德|電子零組|21 31 -6|68 68 -15 -20|0.3 7|34 -13 0 4 -5
5465 富驊|電腦及週|34 39 47|91 91 -0 -4|1.3 17|2 3 0 13 -18
5469 瀚宇博|電子零組|51 32 24|91 91 8 16|4.6 167|16 14 1 10 -6
5474 聰泰|電腦及週|-9 -6 -2|63 63 -28 -5|0.5 55|2 -6 0 14 6
5478 智冠|文化創意|-8 -12 -18|72 80 -18 -15|0.7 25|20 -8 3 21 37
5483 中美晶|半導體業|6 1 2|46 67 -18 -34|1.1 371|21 17 -19 6 6
5484 慧友|光電業|-7 23 -5|34 58 -26 -24|2.0 14|1 -2 0 na na
5489 彩富|其他電子|6 4 -15|77 77 19 19|0.6 65|1 -1 0 14 223
5490 同亨|電腦及週|37 40 -27|79 90 12 10|4.4 113|3 -1 0 41 115
5493 三聯|其他電子|38 30 9|67 77 -20 -12|0.9 8|2 -1 0 -4 8
5508 永信建|建材營造|-84 -69 -45|41 76 -17 -24|0.5 44|5 -5 -0 -15 5
5515 建國|建材營造|45 32 -20|86 86 1 3|0.3 14|11 -7 -0 -22 12
5519 隆大|建材營造|-21 -37 -34|59 92 4 0|0.4 10|4 2 -0 3 -5
5521 工信|建材營造|81 70 29|96 96 9 14|0.4 23|6 7 -0 -2 -8
5522 遠雄|建材營造|-99 -92 -281|67 75 -22 2|0.8 84|3 -4 -8 33 -2
5530 龍巖|其他|-2 19 15|70 70 -3 22|0.2 40|57 -18 0 -3 22
5534 長虹|建材營造|-68 91 -24|61 79 -9 -0|0.7 113|17 7 -1 17 1
5536 聖暉*|其他電子|45 66 28|83 83 -9 22|0.7 207|34 -10 -5 50 21
5607 遠雄港|航運業|19 16 -1|63 81 -12 -14|2.4 18|2 -4 0 -0 4
5608 四維航|航運業|2 -4 -8|70 76 -23 -6|0.3 30|4 -3 0 4 6
5609 中菲行|航運業|31 32 -6|87 100 1 1|1.8 15|16 -8 0 -2 8
5706 鳳凰|觀光餐旅|6 5 -36|74 88 -11 -3|0.5 37|3 -1 0 -9 19
5871 中租-KY|其他|-3 -2 -4|73 93 -6 -2|3.1 901|43 -18 24 -5 4
5876 上海商銀|金融保險|13 10 2|96 96 7 19|2.5 313|53 35 -26 1 -17
5880 合庫金|金融保險|14 17 8|90 94 -2 -5|1.7 204|16 12 -0 7 -16
5903 全家|居家生活|3 1 -3|97 97 7 8|0.4 20|51 -5 -5 5 9
5904 寶雅|居家生活|7 2 -5|96 98 -2 8|0.6 131|23 1 11 12 4
6005 群益證|金融保險|-10 -4 -25|85 85 -9 12|0.7 61|12 -3 10 0 1
6015 宏遠證|金融業|-112 -95 -305|83 93 -1 -5|0.4 6|2 9 0 -7 1
6016 康和證|金融業|-216 -191 -173|74 76 -24 -16|0.5 7|3 -2 0 -7 0
6023 元大期貨|金融業|-3 9 0|89 93 -6 -6|1.0 14|1 -2 -1 5 28
6024 群益期|金融保險|40 38 11|83 83 -10 -13|0.3 13|3 18 -19 -25 -35
6101 寬魚國際|文化創意|6 -13 -45|81 98 11 6|0.6 5|0 2 0 1 15
6104 創惟|半導體業|66 77 33|90 90 -2 27|0.8 797|33 11 -1 -27 -2
6111 光聚晶電|文化創意|18 1 -39|69 82 -16 -11|0.3 35|9 -0 0 9 -0
6112 邁達特|資訊服務|16 8 13|64 64 -19 -2|0.3 78|2 2 0 -7 -1
6113 亞矽|電子通路|28 14 39|78 84 23 13|0.4 72|2 1 0 -5 33
6114 久威|電子零組|6 17 37|85 85 8 33|2.3 80|1 -0 0 51 14
6117 迎廣|電腦及週|0 1 -5|59 78 -1 -12|1.9 309|2 -0 0 38 33
6120 達運|光電業|5 2 -3|66 78 -21 -18|0.7 9|7 6 0 0 -26
6121 新普|電腦及週|9 13 13|90 92 -2 2|0.7 233|34 -17 -2 -21 36
6122 擎邦|電機機械|-12 -1 19|92 95 -2 4|0.5 9|3 8 0 -11 -32
6125 廣運|電機機械|-25 -8 25|51 69 -23 -20|1.5 115|6 -6 0 3 5
6136 富爾特|通信網路|4 11 9|88 88 0 7|0.4 5|5 15 0 -5 3
6138 茂達|半導體業|28 22 11|75 85 -8 -2|0.5 55|15 4 0 -4 -13
6139 亞翔|其他電子|-26 -29 -23|90 90 -8 12|1.0 558|23 -2 4 0 -26
6140 訊達電腦|資訊服務|29 92 69|82 82 21 83|0.3 397|0 -1 0 7 6
6141 柏承|電子零組|-23 -26 2|63 65 -28 -8|1.4 7|3 8 0 22 -27
6143 振曜|通信網路|11 30 4|80 87 -9 4|1.2 178|4 -1 1 9 13
6146 耕興|其他電子|-2 -1 1|74 85 -13 -10|2.0 41|31 -23 -0 28 13
6147 頎邦|半導體業|9 18 9|81 92 -6 -4|1.2 240|19 -29 27 -7 85
6148 驊宏資|資訊服務|306 274 200|86 86 67 151|0.3 946|2 -0 0 2 32
6150 撼訊|電腦及週|146 70 63|83 88 -9 -5|0.5 14|4 6 0 2 -19
6151 晉倫|其他電子|-8 20 9|46 61 -22 -39|1.3 9|5 -14 0 3 -17
6153 嘉聯益|電子零組|-14 -9 15|45 65 -24 -35|0.6 10|8 7 0 4 -7
6156 松上|電子零組|36 81 30|69 89 -7 -8|0.8 25|7 0 0 -0 1
6160 欣技|電腦及週|7 -10 -25|70 90 -8 -2|1.1 12|4 -2 0 7 11
6163 華電網|資訊服務|-23 -5 -31|70 81 -10 -15|0.5 13|4 -4 0 6 14
6165 浪凡|數位雲端|8 10 4|96 96 35 27|0.8 164|12 7 -0 -9 5
6166 凌華|電腦及週|12 29 24|71 71 -22 -11|0.5 47|16 -4 -0 1 10
6169 昱泉|文化創意|63 104 64|82 82 14 7|1.3 12|0 0 0 na na
6170 統振|通信網路|15 16 -8|79 79 -19 -5|0.6 12|4 -11 0 -8 -7
6173 信昌電|電子零組|9 14 8|63 73 -15 -14|0.4 6|2 15 0 6 -11
6175 立敦|電子零組|6 15 -0|73 73 -21 -21|0.4 17|19 3 0 1 -4
6176 瑞儀|光電業|0 12 -5|66 72 -27 -24|1.0 312|25 -31 1 -13 37
6177 達麗|建材營造|17 77 -250|69 94 9 13|0.7 130|6 -5 6 4 21
6179 亞通|其他|110 78 14|73 87 -6 -13|0.8 6|5 7 0 2 -4
6180 橘子|文化創意|-13 -16 -22|83 83 -10 -11|0.4 43|27 -6 3 4 10
6182 合晶|半導體業|14 16 15|50 68 -21 -32|0.9 38|10 7 -4 -8 1
6185 幃翔|電子零組|52 31 40|92 92 -1 13|0.9 10|3 2 0 -6 3
6186 新潤|建材營造|14 164 -3|59 85 -7 -4|1.6 63|1 -7 0 50 55
6187 萬潤|半導體業|46 52 -241|56 66 -10 -31|1.3 850|11 -4 0 13 46
6188 廣明|電腦及週|14 16 29|66 74 -19 -11|0.4 92|8 2 -0 -1 -7
6189 豐藝|電子通路|-23 -24 -24|67 84 -9 -16|0.8 34|9 2 -2 -2 5
6190 萬泰科|通信網路|6 28 -4|92 94 3 16|1.0 85|7 1 0 8 23
6191 精成科|電子零組|66 28 26|84 84 13 42|4.2 874|19 7 0 -8 -51
6192 巨路|其他電子|30 25 7|82 93 -2 -1|0.3 12|19 9 -0 -39 8
6196 帆宣|其他電子|-3 2 -3|96 96 1 14|0.7 227|8 -1 23 14 20
6197 佳必琪|電子零組|43 31 -2|72 87 -2 -6|0.7 156|6 1 1 4 1
6199 天品|其他|1 12 14|76 76 2 23|1.6 14|5 -2 0 na 0
6202 盛群|半導體業|45 79 42|68 80 -15 -16|0.7 20|9 15 -1 -13 -1
6203 海韻電|電子零組|4 49 67|88 88 -7 22|0.5 21|5 16 8 -20 -19
6204 艾華|電子零組|13 41 33|41 83 -7 -14|0.5 12|2 -0 0 4 7
6205 詮欣|電子零組|-0 11 -10|63 63 -28 -31|0.4 8|5 10 0 -9 -2
6206 飛捷|電腦及週|-1 25 -3|65 65 -25 36|0.4 268|19 -8 1 20 23
6207 雷科|電子零組|-4 16 7|45 64 -30 -33|0.4 8|4 17 0 1 -19
6209 今國光|光電業|5 30 26|74 77 -19 3|0.6 15|5 10 0 -3 -7
6213 聯茂|電子零組|35 38 11|64 97 21 12|5.4 473|15 14 1 19 -57
6214 精誠|資訊服務|27 12 3|70 70 -16 -11|0.3 69|12 8 -4 -4 -25
6215 和椿|其他電子|92 85 -8|71 71 -13 69|0.8 1102|8 -0 0 3 40
6216 居易|通信網路|-24 -17 -35|61 75 -13 -22|0.5 5|4 -4 0 -8 -16
6217 中探針|電子零組|26 32 3|53 70 -19 -29|1.2 9|3 -7 0 3 -0
6219 富旺|建材營造|-100 -99 -492|49 60 -40 -34|0.5 6|2 -9 0 4 7
6221 晉泰|資訊服務|52 25 9|66 66 -27 -15|0.9 15|1 7 0 2 30
6223 旺矽|半導體業|31 37 5|77 77 5 0|1.6 1766|17 -3 2 8 19
6227 茂綸|電子通路|125 88 67|69 69 7 32|0.6 353|2 -1 0 -1 32
6228 全譜|電腦及週|-77 104 41|60 81 74 43|0.8 46|0 -1 0 -6 111
6230 尼得科超眾|電腦及週|11 19 25|33 57 -34 -42|0.6 8|89 -11 0 6 1
6231 系微|資訊服務|-7 8 -5|35 45 -41 -55|0.7 141|14 -5 -0 6 -13
6234 高僑|光電業|-18 -44 -6|68 74 -16 -20|0.9 5|11 2 0 -2 -3
6235 華孚|電腦及週|1 2 8|57 75 -14 -24|0.9 29|5 12 0 -7 -16
6237 驊訊|半導體業|10 5 -13|62 63 -29 -23|5.6 15|1 -7 0 16 26
6239 力成|半導體業|-12 -14 -8|59 83 -10 -8|0.7 543|29 -15 -1 7 31
6243 迅杰|半導體業|4 3 16|57 72 -14 -20|0.6 9|2 2 0 -1 -52
6244 茂迪|光電業|-6 2 13|55 76 -14 -22|0.8 40|10 -4 0 -3 8
6245 立端|通信網路|12 8 6|66 66 -32 -14|0.6 83|11 4 -12 5 -20
6257 矽格|半導體業|4 9 -7|93 93 -7 11|0.8 141|23 21 6 -5 11
6261 久元|半導體業|-22 -5 -8|76 92 -3 -4|0.3 5|4 10 -1 -0 -3
6263 普萊德|通信網路|0 15 11|82 93 -2 -2|0.5 8|1 -3 -1 1 1
6266 泰詠|電子零組|12 11 7|98 98 -0 3|1.0 6|3 -1 0 -6 5
6269 台郡|電子零組|-32 -25 -1|55 73 -23 -22|0.9 57|13 5 -6 33 -2
6271 同欣電|半導體業|2 3 -1|66 76 -13 -17|0.5 62|19 17 -0 -3 -26
6274 台燿|電子零組|29 45 -3|99 99 11 11|1.9 993|32 5 1 1 -18
6275 元山|電子零組|30 29 18|60 79 -13 -15|0.2 7|2 1 0 -7 -2
6276 安鈦克|電腦及週|48 58 27|71 92 15 42|5.5 10|1 -0 0 56 na
6278 台表科|光電業|9 16 17|78 90 -2 7|0.9 134|19 -13 19 -7 17
6279 胡連|電子零組|22 29 7|74 74 -22 -16|0.9 92|17 11 -21 3 -6
6282 康舒|電子零組|-5 5 -2|65 76 -18 -24|0.6 41|8 10 0 -3 -21
6284 佳邦|電子零組|12 13 4|70 79 -15 -11|0.6 63|5 14 -0 -9 -32
6285 啟碁|通信網路|-1 8 8|69 76 -20 1|0.5 277|21 3 -9 2 21
6288 聯嘉|汽車工業|5 6 -14|61 68 -23 -33|0.6 8|2 21 0 -3 -16
6290 良維|電子零組|37 44 26|96 96 14 36|1.7 628|15 9 1 3 -18
6405 悅城|光電業|-99 -99 -42|50 63 -14 -39|0.4 5|5 -6 0 -8 -3
6409 旭隼|其他電子|-4 9 -13|57 67 -23 -30|1.3 287|69 -1 -1 127 27
6411 晶焱|半導體業|-13 -1 -7|68 73 -14 -24|0.7 9|7 1 0 -8 6
6412 群電|電子零組|15 11 5|83 95 -0 0|1.7 173|10 1 9 2 7
6414 樺漢|電腦及週|5 10 -7|87 90 -7 -3|0.6 144|22 16 1 -13 20
6415 矽力*-KY|半導體業|5 16 -1|62 73 -21 -19|0.8 709|85 -8 -2 36 31
6416 瑞祺電通|通信網路|13 27 7|58 68 -32 -23|0.3 19|5 1 0 19 -16
6425 易發|電機機械|-59 -42 -58|49 50 -36 -45|0.4 9|2 1 0 -10 -6
6426 統新|通信網路|92 74 65|68 68 -7 2|1.4 26|11 0 0 -23 -15
6435 大中|半導體業|36 31 20|83 83 -12 7|0.5 18|8 9 0 -15 3
6438 迅得|其他電子|11 20 17|74 74 -11 -17|0.8 691|10 -4 2 6 56
6441 廣錠|電腦及週|-41 -19 -2|70 83 -7 -18|4.8 6|1 -1 0 28 10
6442 光聖|通信網路|195 126 -62|64 64 -13 -16|0.4 631|37 -1 1 0 4
6443 元晶|光電業|-78 -46 -2|47 71 -23 -22|0.7 74|8 -6 0 8 18
6446 藥華藥|生技醫療|84 90 -5|66 66 -20 -10|1.3 1075|21 -3 -1 -3 -5
6449 鈺邦|電子零組|37 39 16|52 63 -25 -31|0.5 18|3 4 0 -14 -1
6451 訊芯-KY|半導體業|53 124 83|44 44 -33 -43|0.4 111|66 -5 0 3 1
6456 GIS-KY|光電業|6 6 3|62 78 -16 -9|1.0 26|50 -6 0 -8 4
6462 神盾|半導體業|18 16 -8|31 48 -30 -46|0.7 144|11 -7 -0 22 -18
6469 大樹|生技醫療|9 10 2|64 79 -19 -12|0.7 33|8 -2 -1 16 -12
6470 宇智|通信網路|30 51 36|84 84 -6 1|0.6 7|7 1 0 27 1
6472 保瑞|生技醫療|23 71 1|84 87 -12 -1|1.1 703|10 3 1 14 -1
6477 安集|光電業|-10 -6 9|62 72 -19 -3|0.3 18|2 1 0 -14 -3
6482 弘煜科|文化創意|8 9 -21|71 71 25 32|0.7 34|5 1 0 na na
6485 點序|半導體業|30 49 45|66 68 -27 -2|0.4 12|10 10 0 -19 -7
6488 環球晶|半導體業|10 4 7|51 70 -21 -30|0.9 576|17 17 -24 7 -8
6491 晶碩|生技醫療|9 -1 3|66 84 -12 -11|0.6 44|7 16 -9 -5 -11
6499 益安|生技醫療|73 111 31|89 89 149 156|1.6 198|14 2 0 301 10
6505 台塑化|油電燃氣|-9 -4 1|51 86 -5 -14|0.8 270|5 9 1 -22 -14
6509 聚和|化學工業|27 22 12|79 87 -7 -15|0.5 8|5 -5 1 -9 -6
6510 精測|半導體業|82 79 29|92 92 15 20|2.0 466|19 1 2 -8 19
6515 穎崴|半導體業|40 105 14|73 73 -27 -9|1.7 1687|19 0 0 -8 51
6516 勤崴國際|資訊服務|28 40 26|89 89 8 27|1.1 18|2 9 0 22 15
6517 保勝光學|光電業|41 30 20|79 79 24 14|3.6 60|2 -1 0 79 71
6525 捷敏-KY|半導體業|19 19 8|91 96 -1 2|1.6 13|12 -4 0 -12 -36
6526 達發|半導體業|14 23 -21|61 67 -24 -18|0.7 134|8 3 -11 3 4
6530 創威|通信網路|25 25 10|57 58 -21 -34|0.3 16|6 2 0 1 -6
6531 愛普*|半導體業|37 26 16|68 80 -9 -9|2.3 260|14 2 0 24 -14
6533 晶心科|半導體業|-36 11 -47|56 56 -35 -29|0.7 106|21 -6 -1 5 -7
6535 順藥|生技醫療|-88 721 568|41 43 -32 -57|1.4 29|6 -4 0 na na
6538 倉和|電子零組|-36 -23 -11|52 86 -6 -8|0.7 9|4 15 0 -7 -21
6541 泰福-KY|生技醫療|404 2491 1787|65 65 -31 -21|0.9 16|14 -5 0 53 1000
6546 正基|通信網路|9 16 7|37 56 -38 -36|0.3 37|9 -7 -5 2 -5
6547 高端疫苗|生技醫療|3 72 na|89 89 2 28|1.8 161|6 -9 0 22 41
6548 長科*|半導體業|15 22 11|80 92 1 2|1.0 38|4 -17 2 -6 43
6550 北極星藥業-KY|生技醫療|-81 -57 na|52 76 -15 -25|0.6 34|66 -0 0 -3 na
6558 興能高|其他電子|7 3 2|75 75 -21 31|0.7 398|1 -0 0 -17 4
6560 欣普羅|光電業|606 545 397|85 87 44 54|4.7 6|5 1 0 na na
6561 是方|通信網路|28 16 -4|77 79 -8 -19|0.4 13|10 -30 3 1 14
6568 宏觀|半導體業|-11 0 -16|61 61 -32 -17|0.8 6|3 3 0 -12 -31
6569 醫揚|生技醫療|-7 7 15|51 64 -30 -23|0.7 5|3 -6 0 12 -4
6576 逸達|生技醫療|18 44 na|64 73 -25 -19|0.8 7|23 2 0 na na
6577 勁豐|電腦及週|-11 -4 5|69 69 -23 -3|0.3 5|2 1 0 9 -10
6579 研揚|電腦及週|6 21 27|65 81 -16 0|0.6 10|3 8 -0 -11 3
6584 南俊國際|電子零組|20 39 1|54 66 -14 -32|1.3 41|8 -7 0 -1 43
6585 鼎基|其他|-17 -5 -13|54 64 -32 -7|0.7 25|15 -8 0 15 -7
6589 台康生技|生技醫療|50 31 16|63 65 -21 -32|0.8 16|7 8 0 -2 -12
6591 動力-KY|電腦及週|45 70 61|96 96 38 49|1.4 146|32 5 1 79 -7
6592 和潤企業|其他|-22 -21 -10|58 82 -15 -18|0.6 16|26 16 -0 -7 -7
6593 台灣銘板|資訊服務|-48 -26 -11|62 86 21 -7|8.5 6|3 1 0 na -11
6596 寬宏藝術|文化創意|-74 -60 -135|92 92 48 82|1.0 63|12 4 0 48 19
6605 帝寶|汽車工業|5 3 -4|65 73 -18 -26|0.5 58|17 6 1 -10 -14
6609 瀧澤科|電機機械|-16 29 5|38 51 -43 -46|0.6 13|55 -1 0 2 -26
6613 朋億*|其他電子|-43 -18 -18|64 64 -26 -11|0.4 33|6 -21 8 -2 -0
6617 共信-KY|生技醫療|42 43 -76|na 93 7 -5|0.8 14|38 6 0 na na
6625 必應|其他|94 107 64|88 94 15 3|2.3 42|3 3 0 32 -9
6640 均華|半導體業|-14 -11 -102|41 53 -15 -45|3.4 45|3 -6 0 na 4
6643 M31|半導體業|-9 25 26|34 61 -30 -26|0.5 277|16 -5 0 4 -3
6651 全宇昕|半導體業|38 54 30|81 81 -13 -4|0.3 13|8 -1 0 -13 4
6654 天正國際|其他電子|25 105 97|99 99 53 81|0.8 8|2 12 0 48 27
6657 華安|生技醫療|-17 -10 -30|85 85 -5 22|0.5 38|8 1 0 51 na
6658 聯策|其他電子|77 92 35|75 90 12 0|2.0 174|4 1 0 47 -35
6664 群翊|電子零組|-3 -3 -3|56 72 -18 -26|0.5 35|4 -12 0 4 -5
6667 信紘科|其他電子|87 132 51|84 91 -2 9|0.6 183|3 -3 -0 -17 69
6668 中揚光|光電業|33 27 20|65 82 -10 -8|0.9 34|12 1 0 -1 6
6669 緯穎|電腦及週|190 169 65|81 87 25 26|1.2 5422|34 8 2 -13 -4
6670 復盛應用|運動休閒|4 20 -7|92 92 1 10|1.4 290|36 -6 7 273 14
6672 騰輝電子-KY|電子零組|3 2 10|80 80 -12 3|1.4 28|21 -2 -4 2 -10
6679 鈺太|半導體業|-16 -3 -7|45 60 -32 -35|1.2 46|10 -3 -1 -2 -22
6683 雍智科技|半導體業|36 25 -5|61 61 -24 -3|1.5 134|9 -16 2 na 27
6684 安格|半導體業|-3 -5 6|55 68 -13 -12|0.6 25|1 -4 0 5 7
6689 伊雲谷|數位雲端|21 19 -9|65 65 -21 -10|0.9 16|8 1 -1 1 -18
6690 安碁資訊|數位雲端|19 17 -0|70 80 -12 -11|0.3 8|4 3 2 3 -13
6691 洋基工程|其他電子|79 63 36|88 88 -2 43|0.6 171|7 4 -4 21 4
6692 進能服|綠能環保|-29 150 38|71 84 -4 2|0.3 13|1 1 0 -10 53
6693 廣閎科|半導體業|49 38 12|64 67 -22 -28|1.8 18|10 -2 0 6 6
6695 芯鼎|半導體業|40 33 27|51 58 -31 -25|0.6 19|2 -4 0 17 -11
6706 惠特|光電業|50 118 83|35 39 -33 -59|0.5 55|14 -0 0 1 -17
6712 長聖|生技醫療|21 14 -4|85 96 -2 3|1.1 27|4 18 0 -6 -28
6715 嘉基|電子零組|9 -4 0|61 63 -18 -28|0.3 6|2 1 0 -1 -10
6716 應廣|半導體業|2 -1 -0|45 64 -31 -35|1.1 5|1 -3 0 -3 -28
6719 力智|半導體業|59 36 9|60 79 -12 -15|0.5 39|8 15 -0 19 -23
6720 久昌|半導體業|-9 12 na|na na -11 na|0.5 9|1 6 0 na -9
6728 上洋|居家生活|53 59 18|97 97 17 35|1.9 20|2 5 0 -21 26
6732 昇佳電子|半導體業|4 5 6|49 58 -18 -33|0.5 16|4 20 -13 -13 -22
6739 竹陞科技|其他電子|61 84 na|na 78 -15 43|0.6 174|1 -1 0 na 40
6741 91APP*-KY|數位雲端|9 11 -4|76 76 -18 -6|0.4 14|52 -15 -6 11 -1
6742 澤米|光電業|1 0 -28|61 62 -28 -14|0.8 32|2 -1 0 1 4
6752 叡揚|資訊服務|28 27 11|80 80 20 39|0.2 145|8 -2 0 -26 7
6753 龍德造船|航運業|-27 -12 -24|60 79 -14 -4|0.2 82|2 -0 0 -3 14
6756 威鋒電子|半導體業|-4 11 24|50 76 -17 -23|1.2 10|3 -5 7 1 7
6757 台灣虎航|航運業|-2 -1 -18|88 88 16 20|0.8 1126|6 -4 2 23 23
6761 穩得|電子零組|4 20 6|84 87 -5 6|0.3 25|5 6 0 -1 14
6763 綠界科技*|數位雲端|10 15 10|57 69 -24 -23|0.4 18|2 4 -0 289 -24
6768 志強-KY|運動休閒|17 46 6|65 65 -28 -24|1.2 131|61 -7 0 11 14
6770 力積電|半導體業|4 3 -2|53 71 -18 -14|0.9 197|7 8 -0 1 -5
6781 AES-KY|電子零組|75 65 39|82 82 4 27|1.1 1872|78 -1 3 -30 -3
6782 視陽|生技醫療|50 32 -13|63 91 5 -8|0.4 43|7 14 -2 -4 -35
6785 昱展新藥|生技醫療|na na na|50 90 -2 -3|0.6 10|8 -0 0 8 -5
6788 華景電|半導體業|68 78 4|74 88 1 -5|1.4 197|7 -7 0 31 20
6789 采鈺|半導體業|12 6 -26|54 60 -27 -24|0.6 191|6 -11 0 10 -6
6790 永豐實|造紙工業|3 12 5|75 92 -2 -8|0.6 8|2 14 -38 -5 -6
6799 來頡|半導體業|5 12 19|64 79 -12 7|0.5 156|12 4 2 -22 0
6803 崑鼎|綠能環保|14 14 0|96 96 -3 6|0.5 15|3 11 -1 -17 3
6805 富世達|電子零組|40 43 8|53 53 -21 -34|0.9 1437|15 -5 4 -7 49
6806 森崴能源|綠能環保|8 83 -11|48 68 -14 -30|0.7 107|4 -2 0 4 9
6811 宏碁資訊|數位雲端|-2 25 6|69 73 -15 -4|0.5 86|4 8 2 23 -9
6821 聯寶|電子零組|94 58 34|70 80 -2 -14|0.7 19|1 -0 0 108 -19
6829 千附精密|半導體業|-8 26 6|73 73 -4 4|0.2 222|2 -2 1 -4 4
6830 汎銓|其他電子|15 11 4|53 66 -16 -28|0.3 21|3 11 0 -6 -12
6834 天二科技|電子零組|28 41 3|67 87 10 6|0.8 46|10 0 0 5 24
6835 圓裕|電子零組|8 1 -6|76 79 -21 -5|0.6 13|9 -1 0 -10 6
6838 台新藥|生技醫療|na na na|na 62 -23 -31|2.1 10|1 -3 0 60 16
6841 長佳智能|生技醫療|13 20 -206|57 73 -22 -10|0.3 18|2 4 0 -8 -18
6854 錼創科技-KY創|半導體業|-33 18 -62|52 52 -35 -3|0.5 63|37 -11 0 -8 88
6859 伯特光|光電業|25 114 69|69 69 -19 -22|0.4 37|16 -4 1 17 25
6862 三集瑞-KY|電子零組|55 50 na|na 68 -16 -17|0.5 13|65 2 0 537 na
6863 永道-KY|通信網路|-8 12 -45|55 57 -35 -26|0.5 32|70 -1 1 -8 -9
6869 雲豹能源|綠能環保|555 183 153|49 83 -2 -7|0.9 381|2 -3 0 -0 77
6870 騰雲|數位雲端|20 22 -6|60 60 -20 -30|1.3 7|1 -5 0 na 1
6873 泓德能源|綠能環保|345 146 -102|80 95 8 16|1.0 281|13 2 0 -2 -18
6877 鏵友益|其他電子|-56 17 -112|70 70 -11 2|0.2 43|5 -1 0 -9 5
6890 來億-KY|運動休閒|55 36 2|na 58 -32 -21|1.3 577|89 -3 -5 104 63
6895 宏碩系統|半導體業|81 75 43|43 57 -24 -28|0.3 6|3 -4 0 -2 -6
6901 鑽石投資|其他|59 42 32|46 52 -33 -45|2.2 17|1 -6 0 24 -5
6902 GOGOLOOK|數位雲端|41 30 12|52 61 -33 -37|4.6 9|2 1 0 na na
6906 現觀科|數位雲端|5 3 -3|72 79 -6 -19|0.7 18|12 -3 -1 -11 29
6913 鴻呈|電子零組|43 58 na|na 58 -33 -20|0.7 13|0 -1 0 161 17
6916 華凌|光電業|-5 11 5|66 66 -26 -17|0.3 10|1 2 0 25 40
6919 康霈*|生技醫療|na na na|na 91 -9 51|0.7 974|7 2 0 na na
6922 宸曜|電腦及週|39 40 -1|74 74 -12 32|0.4 27|2 0 0 na -10
6933 AMAX-KY|電腦及週|-30 27 23|36 54 -35 -45|0.4 12|75 -6 0 10 9
6937 天虹|半導體業|3 -1 -59|44 44 -37 -43|0.8 44|3 -5 0 -1 -2
6949 沛爾生醫-創|生技醫療|-34 -28 -83|82 85 -14 50|0.7 7|1 6 0 na na
6957 裕慶-KY|其他|-17 -31 na|na 74 -18 -14|0.6 20|6 -10 0 -2 70
6962 奕力-KY|半導體業|-23 -12 na|na 83 -5 -3|1.2 464|49 -3 0 na 107
6994 富威電力|綠能環保|17 32 na|na na -23 na|0.7 44|1 -7 0 na na
6996 力領科技|半導體業|-7 -4 na|na na -23 na|0.8 7|1 -3 1 na 175
7402 邑錡|光電業|-8 -5 2|69 73 -15 4|0.1 42|4 -3 0 4 17
7556 意德士科技|半導體業|33 39 7|82 82 1 33|0.4 17|3 -2 0 na 35
7714 創泓科技|數位雲端|53 99 na|na na 21 na|0.5 32|1 1 0 na na
7722 LINEPAY|數位雲端|33 28 na|na na -30 na|0.8 71|61 1 2 na 75
7734 印能科技|半導體業|68 58 na|na na -25 na|0.7 80|1 -4 0 na 575
8011 台通|通信網路|-30 -32 -38|72 81 -5 -18|0.7 15|4 0 0 -1 -11
8016 矽創|半導體業|7 13 7|74 94 -2 2|0.7 135|30 -7 24 -32 -22
8021 尖點|其他電子|15 19 -8|70 80 -12 -14|1.3 7|9 -5 0 20 -22
8027 鈦昇|電機機械|-5 22 6|55 82 -12 -15|0.6 42|2 1 0 -3 -9
8028 昇陽半導體|半導體業|35 43 15|78 78 -10 2|0.6 1302|17 -0 0 -9 39
8032 光菱|電子通路|40 45 19|48 59 -23 -43|0.3 11|1 -6 0 17 35
8033 雷虎|其他|-26 26 5|73 82 -7 4|0.4 188|1 -2 0 na 58
8038 長園科|電子零組|1198 725 386|88 94 14 -12|1.6 9|1 -0 0 na na
8039 台虹|電子零組|11 15 -0|63 92 -5 -4|0.6 44|13 6 5 6 -4
8040 九暘|半導體業|20 28 21|59 73 -17 -16|0.7 9|2 7 2 2 -14
8044 網家|數位雲端|-1 -1 8|62 68 -18 -31|0.3 13|8 4 0 1 -5
8045 達運光電|通信網路|26 2 na|na na -44 na|0.6 27|1 3 -5 na 23
8046 南電|電子零組|19 28 30|47 68 -27 -19|2.6 217|4 0 -1 5 -16
8048 德勝|通信網路|14 -9 34|60 79 -17 -19|0.5 5|2 10 0 -3 -10
8050 廣積|電腦及週|43 64 46|72 78 -15 -14|0.4 13|6 -0 -0 -1 -22
8054 安國|半導體業|8 3 -9|40 51 -34 -36|0.4 124|3 -7 0 20 38
8059 凱碩|通信網路|1035 439 240|76 76 -6 7|1.9 23|2 -1 0 -21 na
8064 東捷|光電業|-13 -9 -5|49 60 -31 -37|0.6 60|2 -3 0 3 7
8069 元太|光電業|50 71 26|64 66 -28 -28|1.1 1547|43 -4 -3 94 12
8070 長華*|電子通路|13 18 8|68 91 13 -5|1.5 143|12 7 10 -19 85
8072 陞泰|電子通路|78 58 57|88 88 82 73|1.1 417|4 0 0 1 76
8076 伍豐|電腦及週|31 -7 6|68 72 -22 -21|0.4 10|5 -6 0 0 -0
8081 致新|半導體業|11 13 6|69 88 -9 -1|0.4 58|24 -14 -0 -0 1
8085 福華|其他電子|18 28 24|21 53 -33 -46|0.3 6|5 -3 0 -1 -9
8086 宏捷科|半導體業|-33 -35 -44|53 65 -24 -25|0.5 53|7 14 -1 -3 -26
8088 品安|半導體業|22 16 31|79 92 42 66|0.9 236|4 -0 0 -0 47
8089 康全電訊|通信網路|-84 10 -277|33 47 -32 -49|0.4 32|0 -5 0 6 11
8091 翔名|半導體業|26 10 1|66 83 -14 -11|0.4 16|8 -6 0 -7 9
8093 保銳|電子零組|59 -7 8|62 84 -12 -9|3.2 5|0 1 0 na na
8096 擎亞|電子通路|30 75 40|56 56 -36 10|0.3 425|23 -0 0 -6 -1
8097 常珵|通信網路|172 526837 393834|75 75 -12 -13|0.2 8|3 -20 0 1 -4
8103 瀚荃|電子零組|11 28 15|62 90 -4 -5|2.2 27|15 -11 0 -5 18
8104 錸寶|光電業|57 61 57|58 58 -15 -39|0.5 31|4 -1 0 10 13
8105 凌巨|光電業|25 15 8|53 74 -15 -26|0.5 6|41 -4 0 1 -1
8110 華東|半導體業|-15 -13 -15|55 79 -13 -20|0.5 10|3 -6 0 4 1
8111 立碁|光電業|8 14 6|70 70 2 24|0.5 453|3 1 0 12 33
8112 至上|電子通路|5 -13 -40|59 75 -21 -20|1.2 80|9 -5 -7 2 2
8114 振樺電|電腦及週|193 193 94|82 82 2 0|1.1 225|28 1 3 15 -2
8147 正淩|電子零組|45 48 25|64 75 -25 1|0.2 14|13 10 0 -4 -17
8150 南茂|半導體業|-0 1 -2|60 81 -11 -14|0.8 45|41 7 -12 -18 -1
8155 博智|電子零組|41 65 23|75 75 6 9|0.6 174|1 -8 -0 -14 2
8163 達方|電腦及週|35 18 23|50 72 -21 -29|0.6 13|13 -6 -10 -2 -21
8171 天宇|綠能環保|-85 -85 -79|76 80 -10 -24|0.3 10|2 -11 0 5 9
8183 精星|其他電子|30 37 15|59 64 -33 -31|0.8 6|2 -6 0 -16 9
8210 勤誠|電腦及週|91 91 43|95 100 10 13|2.1 557|15 7 2 -11 -25
8213 志超|電子零組|3 13 15|77 82 -10 -18|0.9 6|18 19 0 13 -2
8215 明基材|光電業|9 7 -1|69 70 -17 -28|0.6 9|3 24 -23 -7 -24
8222 寶一|電機機械|55 37 7|85 85 44 47|0.3 780|5 -0 -0 7 5
8227 巨有科技|半導體業|31 53 70|50 66 -28 -15|0.5 22|2 -4 0 -5 -38
8234 新漢|電腦及週|51 47 25|73 73 -19 53|0.5 341|4 -2 0 3 35
8249 菱光|電子零組|-14 41 -30|65 71 -19 -10|0.7 85|1 -4 0 5 47
8255 朋程|電機機械|30 25 -1|54 73 -22 -26|1.9 38|9 -9 -0 7 5
8261 富鼎|半導體業|21 30 17|80 81 -12 -15|0.4 29|9 12 0 -8 -27
8271 宇瞻|半導體業|27 18 12|73 95 -2 6|0.4 7|5 27 -2 2 -20
8299 群聯|半導體業|16 -1 -7|82 82 -9 12|0.8 1022|37 15 -10 3 -31
8341 日友|綠能環保|6 22 -0|75 85 -11 -15|0.6 5|6 -0 0 -1 -8
8349 恒耀國際|鋼鐵工業|-9 -9 -8|75 82 -13 -18|0.2 6|1 -9 -14 -21 2
8358 金居|電子零組|20 17 -6|71 86 -5 -10|1.6 87|7 3 -0 5 3
8374 羅昇|電機機械|68 70 22|61 63 -19 -27|1.0 211|2 -2 0 13 45
8383 千附|半導體業|8 38 6|73 73 -2 7|0.2 43|8 -8 0 -10 54
8390 金益鼎|綠能環保|23 28 -12|74 83 -4 -12|0.2 30|1 -5 0 -6 16
8404 百和興業-KY|其他|15 49 16|60 67 -27 -28|0.5 15|54 1 0 8 -8
8410 森田|電腦及週|6 18 16|52 57 -39 -41|1.6 8|1 5 0 -28 19
8415 大國鋼|鋼鐵工業|6 5 8|88 88 -9 0|0.7 7|10 -11 3 -7 -6
8422 可寧衛*|綠能環保|-18 6 -24|98 98 2 6|0.9 87|12 7 -0 64 -5
8431 匯鑽科|其他電子|14 55 25|63 63 -31 -29|0.5 8|4 -2 0 -13 -5
8433 弘帆|居家生活|-31 -3 -3|66 71 -24 -24|0.6 5|1 -7 0 -21 54
8436 大江|生技醫療|-20 2 8|79 79 -12 2|0.3 75|12 -21 -5 -2 7
8440 綠電|綠能環保|1 19 10|59 83 -8 -11|0.8 5|2 5 0 18 -36
8442 威宏-KY|其他|-11 9 4|69 73 -25 -20|0.5 8|58 -4 0 -7 5
8446 華研|文化創意|-25 -16 -29|82 86 -12 -12|0.5 18|6 7 0 33 10
8454 富邦媒|數位雲端|1 0 -0|66 75 -24 -21|1.1 92|14 -36 -0 3 16
8462 柏文|運動休閒|17 21 2|93 96 14 17|0.5 10|2 -3 0 -7 3
8464 億豐|居家生活|12 17 4|87 96 -1 10|1.1 441|42 10 2 31 6
8467 波力-KY|運動休閒|-13 12 -6|49 49 -36 -39|0.4 24|44 -19 -0 -5 4
8473 山林水|綠能環保|16 66 49|59 84 -12 -7|0.5 11|3 4 0 9 -2
8478 東哥遊艇|運動休閒|45 -3 23|37 61 -21 -37|0.3 17|40 10 0 -1 -27
8489 三貝德|其他|-7 -6 -4|100 100 36 50|3.7 18|8 4 0 18 74
8499 鼎炫-KY|其他電子|5 17 2|87 87 -12 27|0.2 5|72 -4 0 -10 6
8926 台汽電|油電燃氣|-4 0 -44|92 97 7 4|0.8 57|8 14 0 -9 -19
8927 北基|油電燃氣|-46 7 -42|72 82 -10 -3|0.3 9|1 0 0 -1 -3
8931 大汽電|油電燃氣|2 17 13|97 97 10 9|1.3 6|0 -4 0 19 -7
8932 智通*|數位雲端|47 57 -9|59 96 3 21|1.4 86|28 6 0 -2 -20
8936 國統|其他|39 27 2|65 88 -2 7|0.4 101|9 7 0 1 -8
8937 合騏*|其他|-67 -39 -42|71 71 -21 -3|0.7 67|0 -6 0 -6 66
8938 明安|運動休閒|9 30 13|79 84 -14 -8|0.6 19|8 8 -0 16 1
8942 森鉅|其他|18 22 27|75 79 -19 -10|0.7 9|14 -3 0 -10 -17
8996 高力|電機機械|60 55 42|47 68 -20 -28|1.1 334|19 -4 1 13 -14
9802 鈺齊-KY|運動休閒|39 53 33|65 65 -33 -11|1.0 141|51 0 -10 41 2
9902 台火|其他|297 67 -178|83 90 26 18|7.6 24|1 -1 0 154 4
9904 寶成|運動休閒|2 1 -8|70 70 -21 -26|1.3 332|50 -12 4 63 17
9906 欣巴巴|建材營造|-100 108051 -9469|37 61 -27 -34|0.5 8|2 -23 -2 4 3
9907 統一實|其他|21 25 -8|95 95 23 29|1.0 129|21 12 0 -1 2
9910 豐泰|運動休閒|3 4 3|69 80 -16 -14|1.1 113|12 -13 -0 -6 -4
9911 櫻花|居家生活|4 15 3|92 95 2 6|0.6 32|20 4 1 -24 5
9914 美利達|運動休閒|-14 10 -16|47 62 -35 -27|0.8 169|32 -12 0 26 -31
9917 中保科|其他|8 10 4|79 85 -7 -12|1.0 54|41 -12 -2 14 18
9919 康那香|其他|-7 4 3|89 96 11 18|7.1 32|5 -1 0 -7 10
9921 巨大|運動休閒|-17 3 4|49 71 -27 -22|0.4 93|28 -8 -0 10 -11
9924 福興|居家生活|-3 -2 9|81 91 -6 -7|0.8 10|14 14 -29 -2 -16
9925 新保|其他|3 3 1|97 98 -1 -0|1.0 7|18 18 0 -17 13
9927 泰銘|其他|-10 8 14|88 88 -2 5|0.5 11|9 -9 0 16 1
9930 中聯資源|綠能環保|21 23 8|96 96 9 17|1.1 18|3 9 0 182 6
9933 中鼎|其他|-16 -18 -16|48 61 -37 -36|0.5 169|12 -14 -1 19 16
9934 成霖|居家生活|-8 1 1|52 72 -27 -26|0.5 7|17 -15 0 9 -2
9935 慶豐富|居家生活|-2 4 -11|68 69 -29 -23|0.7 13|8 -12 0 -17 -2
9938 百和|其他|13 29 6|66 66 -21 -28|0.7 63|26 4 -7 -4 -12
9939 宏全|其他|5 15 6|85 87 -11 -2|0.7 103|19 -7 -10 11 15
9940 信義|其他|-46 -31 -16|77 91 -8 -7|1.6 6|6 -21 -1 34 7
9941 裕融|其他|0 -3 1|69 88 -11 -10|0.9 44|6 15 -1 -9 -8
9945 潤泰新|其他|-8 12 -4|55 63 -31 -35|1.4 212|13 -15 -0 -7 25
9946 三發地產|建材營造|-99 -53 -110|43 79 -17 -16|1.0 6|3 6 0 -23 5
9955 佳龍|綠能環保|-23 13 10|73 82 -7 -7|0.1 28|1 -5 0 13 21
9958 世紀鋼|鋼鐵工業|31 37 41|50 92 -2 0|1.8 626|12 3 -3 1 -9
