# 2025-04-01 全池(1165 檔)。欄位:代碼 名稱|產業|最新月YoY 3月YoY均 加速度|距52週高% 距120日高% 60日漲% 120日漲%|量能比 日均值M|外持% 外20 投20 資20 券20(外資持股比;外資/投信20日淨買佔成交值%;融資/借券餘額20日變化%)
1101 台泥|水泥工業|90 78 20|92 92 0 -1|1.0 498|18 1 4 -19 5
1102 亞泥|水泥工業|16 6 9|98 98 15 2|2.0 335|22 38 -9 13 73
1103 嘉泥|水泥工業|8 6 3|86 87 -7 -11|0.7 6|5 -14 0 -2 9
1104 環泥|水泥工業|13 5 3|80 94 6 -3|0.8 10|15 1 0 -6 -6
1110 東泥|水泥工業|31 28 -3|76 83 -10 -13|1.4 6|7 -3 0 5 4
1210 大成|食品工業|12 1 6|100 100 11 14|1.1 68|10 30 17 -47 -28
1215 卜蜂|食品工業|-0 -2 2|88 96 10 1|0.8 33|40 25 9 -26 -21
1216 統一|食品工業|-1 5 -5|91 91 -2 -8|1.0 625|38 -13 15 84 80
1217 愛之味|食品工業|-3 2 -2|89 94 0 -5|1.1 7|9 -6 0 -5 -1
1218 泰山|食品工業|-0 -8 -1|87 95 3 1|0.9 18|4 18 0 -4 -0
1220 台榮|食品工業|43 7 3|75 75 -18 -10|0.8 8|9 -16 0 -19 22
1225 福懋油|食品工業|18 1 10|17 21 -33 -79|0.4 40|5 10 0 -9 2
1227 佳格|食品工業|22 10 8|82 88 -6 -10|0.9 14|7 1 0 -17 -7
1229 聯華|食品工業|0 -18 -14|72 82 -4 -17|1.0 55|10 -7 0 -3 -11
1231 聯華食|食品工業|-6 10 -1|72 72 -2 19|0.5 75|4 -15 0 -29 64
1232 大統益|食品工業|2 -5 1|96 96 3 1|0.9 9|2 0 0 117 -9
1301 台塑|塑膠工業|25 5 3|53 71 1 -24|0.6 817|27 -3 1 2 11
1303 南亞|塑膠工業|32 16 11|54 67 1 -28|1.0 481|27 -19 4 6 69
1304 台聚|塑膠工業|17 -1 -0|64 67 -2 -29|0.5 30|29 -7 0 8 -2
1305 華夏|塑膠工業|-1 -18 -2|65 69 -2 -24|0.6 12|5 -5 0 -12 10
1307 三芳|塑膠工業|42 15 4|81 81 15 16|0.4 95|20 -0 -5 3 12
1308 亞聚|塑膠工業|7 -10 2|68 68 -3 -25|0.8 11|4 -6 -3 -11 5
1309 台達化|塑膠工業|33 14 -10|61 61 -9 -33|0.7 15|2 -8 0 -1 1
1312 國喬|塑膠工業|65 27 14|69 78 -0 -18|0.6 36|7 -7 0 9 -7
1316 上曜|建材營造|351 267 95|78 92 27 6|4.2 577|2 -1 0 67 46
1319 東陽|汽車工業|56 20 10|93 93 14 20|1.2 594|18 16 0 -56 6
1321 大洋|塑膠工業|19 2 1|84 96 12 -1|0.6 7|7 7 0 -11 -16
1325 恆大|塑膠工業|-13 -30 -5|68 68 7 -0|0.1 10|1 8 0 -16 0
1326 台化|塑膠工業|6 -5 -10|48 61 -6 -35|0.7 478|32 1 -13 19 33
1336 台翰|電子零組|30 16 1|86 86 -3 -13|1.9 17|7 -4 0 10 7
1342 八貫|其他|14 26 23|70 88 -4 3|1.0 25|29 -8 0 -14 24
1402 遠東新|紡織纖維|1 2 -2|88 88 9 -11|0.7 228|19 -5 14 -40 31
1409 新纖|紡織纖維|7 13 -1|78 84 -8 -13|1.5 25|13 -17 0 -11 44
1414 東和|紡織纖維|5 -8 -0|81 81 -14 -5|0.8 11|1 -4 0 -3 -25
1432 大魯閣|運動休閒|-11 4 7|77 77 -16 -6|0.9 9|1 -7 0 na na
1434 福懋|紡織纖維|19 8 5|77 86 -6 -10|1.2 23|7 2 0 3 -1
1436 華友聯|建材營造|400 4010 1832|65 85 0 -6|1.1 94|3 -9 2 -20 57
1438 三地開發|建材營造|na na na|47 65 -16 -29|0.7 6|1 -18 0 -12 -1
1440 南紡|紡織纖維|13 -1 6|68 83 -6 -14|1.4 9|7 -10 0 -4 1
1442 名軒|建材營造|80 -23 -631|95 95 18 20|0.9 50|11 3 3 -2 17
1446 宏和|紡織纖維|-98 14 -2480|53 54 -23 -29|1.1 26|3 -4 0 -21 13
1449 佳和|紡織纖維|21 -4 -2|57 57 -27 -11|0.5 13|8 16 0 -28 3
1451 年興|紡織纖維|-16 -17 -15|95 95 7 7|2.1 17|7 12 0 645 -3
1457 宜進|紡織纖維|4 8 2|78 95 3 -2|1.6 5|2 -7 0 18 -12
1459 聯發|紡織纖維|56 4 -8|100 100 44 35|1.6 7|2 1 0 na na
1463 強盛新|紡織纖維|630 1244 945|87 87 8 17|1.6 58|10 4 0 12 30
1464 得力|紡織纖維|94 44 12|92 92 9 28|0.9 35|7 6 0 -10 7
1466 聚隆|紡織纖維|52 27 5|91 91 44 36|1.1 37|2 2 0 202 4
1472 三洋實業|建材營造|59 45 22|100 100 65 74|1.6 17|2 6 0 40 16
1473 台南|紡織纖維|11 13 1|66 92 4 -2|1.1 8|6 -3 0 9 -13
1476 儒鴻|紡織纖維|21 25 4|79 79 -9 -19|1.7 335|37 -30 -2 13 136
1477 聚陽|紡織纖維|9 15 4|71 84 4 -7|1.2 528|20 -6 -5 -3 29
1503 士電|電機機械|2 11 3|44 66 -23 -34|1.2 225|31 -16 0 -3 70
1504 東元|電機機械|6 -3 4|84 89 -7 0|1.0 214|9 -8 -11 -20 24
1513 中興電|電機機械|16 11 -7|56 75 -13 -24|1.4 600|9 -11 -0 -18 24
1514 亞力|電機機械|20 -1 3|55 78 -3 -21|1.3 424|11 -4 0 -8 10
1515 力山|電機機械|-59 -62 -61|61 83 1 -14|0.9 8|7 -0 0 -2 -1
1519 華城|電機機械|46 57 8|43 64 -21 -37|1.1 2250|17 -8 -1 7 38
1522 堤維西|汽車工業|-8 -1 -2|75 81 -13 -16|0.6 79|6 -14 -0 -6 29
1524 耿鼎|汽車工業|20 15 8|95 95 10 17|1.0 340|17 16 0 -32 -64
1527 鑽全|電機機械|8 4 -9|84 84 -5 -13|1.3 11|10 -6 0 -30 -13
1528 恩德|電機機械|-5 -24 -19|69 69 -4 7|0.5 78|4 5 0 -20 -26
1529 樂事綠能|電機機械|391 122 59|62 81 1 -18|2.9 20|1 -1 0 -2 14
1532 勤美|電機機械|-38 -39 -52|55 75 -7 -24|0.8 34|11 -18 -0 -12 9
1536 和大|汽車工業|-7 -21 -8|72 72 -8 11|0.5 765|8 -5 -0 -7 36
1537 廣隆|電機機械|-3 6 -16|93 93 -2 -0|1.3 24|20 -17 0 -39 9
1540 喬福|電機機械|17 -21 -37|65 70 -17 -31|0.3 37|1 -0 0 -13 -11
1558 伸興|電機機械|36 17 5|90 91 -2 -8|1.1 10|7 1 0 -16 6
1560 中砂|電機機械|21 16 5|59 59 -23 -31|1.0 260|21 4 -0 -17 -34
1563 巧新|汽車工業|4 -9 -3|na 93 20 5|0.8 52|2 6 0 -36 -16
1565 精華|生技醫療|28 6 2|82 82 -0 10|1.1 25|18 5 0 4 6
1569 濱川|電腦及週|65 37 38|84 84 32 111|0.9 1291|2 -1 0 -17 -2
1580 新麥|電機機械|35 16 9|94 94 1 0|0.9 8|6 -6 0 -51 7
1582 信錦|電子零組|32 19 11|81 90 5 -11|0.9 48|18 -4 -4 -10 -5
1584 精剛|其他|10 3 -4|72 80 11 -18|2.8 95|2 -1 0 21 17
1587 吉茂|汽車工業|12 16 11|39 64 -11 -34|1.3 7|23 7 0 -27 -1
1589 永冠-KY|電機機械|95 27 31|66 78 -4 -20|0.9 9|7 14 0 -5 -20
1590 亞德客-KY|電機機械|68 20 15|71 84 2 -0|0.7 689|77 9 2 10 -1
1591 駿吉-KY|電機機械|-14 153 -136|57 76 -17 -4|0.3 7|3 -10 0 0 -6
1595 川寶|半導體業|44 8 30|52 52 -28 -1|0.6 10|1 1 0 -11 -11
1597 直得|電機機械|34 6 0|67 67 -27 -13|0.2 74|5 2 -1 -14 -2
1598 岱宇|運動休閒|-4 9 11|81 81 3 -4|1.0 22|6 -14 0 13 -2
1603 華電|電器電纜|68 28 10|67 89 -4 -9|3.1 11|3 4 0 0 -6
1604 聲寶|電器電纜|-1 12 5|94 98 0 -1|1.8 6|8 -14 0 26 16
1605 華新|電器電纜|31 11 10|62 68 -2 -28|0.7 571|16 -7 -3 -10 -17
1608 華榮|電器電纜|3 9 -8|58 76 -2 -20|2.8 47|2 -4 0 -2 21
1609 大亞|電器電纜|24 3 -10|62 76 -10 -22|3.3 150|11 -5 0 -1 15
1611 中電|電器電纜|15 -9 5|71 85 -4 -12|1.9 12|10 -8 0 -12 -11
1612 宏泰|電器電纜|46 10 -6|74 92 -3 -2|2.3 23|14 -6 0 -8 11
1615 大山|電器電纜|35 11 -7|78 91 3 -10|1.6 6|1 -1 0 -5 -21
1616 億泰|電器電纜|15 9 -2|85 98 25 18|4.4 49|3 -1 0 38 56
1618 合機|電器電纜|115 69 44|66 80 -5 -11|1.4 86|0 -2 0 -10 2
1702 南僑|食品工業|4 6 2|75 78 -4 -11|1.2 21|14 -11 0 11 28
1707 葡萄王|生技醫療|6 -2 -7|92 92 -4 0|1.3 17|16 -20 -0 -3 -8
1708 東鹼|化學工業|31 8 -5|84 84 -3 -8|0.6 105|15 -4 0 -10 7
1709 和益|化學工業|-3 2 -7|75 77 -6 -20|1.4 8|3 -13 0 -19 -3
1710 東聯|化學工業|35 14 -1|79 79 2 -18|0.5 42|6 -8 0 -3 3
1711 永光|化學工業|32 12 5|68 73 -11 -26|1.3 19|8 1 0 -8 -14
1712 興農|化學工業|4 -2 -2|93 93 3 4|1.3 50|16 -6 -2 -21 -3
1713 國化|化學工業|-14 -6 -16|86 90 13 -3|1.8 21|5 2 0 2 -0
1717 長興|化學工業|25 7 3|81 81 0 -14|1.0 42|15 1 0 3 0
1720 生達|生技醫療|25 5 -2|80 91 -2 -6|1.1 8|4 -1 0 4 8
1721 三晃|化學工業|5 -5 -12|51 51 -19 -45|1.0 13|7 -5 0 -18 -1
1722 台肥|化學工業|7 -1 9|79 86 -1 -12|1.0 49|11 -6 -0 -10 3
1723 中碳|化學工業|-2 1 2|77 93 3 -5|0.9 19|8 1 0 12 -3
1727 中華化|化學工業|39 13 -13|62 62 -12 -32|1.2 16|4 -14 0 -5 16
1733 五鼎|生技醫療|57 34 19|94 100 14 17|1.4 13|8 21 0 2 9
1736 喬山|運動休閒|41 41 12|100 100 11 47|2.8 171|10 2 -2 -17 1
1760 寶齡富錦|生技醫療|7 -2 -5|67 79 -8 -16|1.2 6|12 8 0 -8 -12
1773 勝一|化學工業|25 6 -5|71 75 -15 -23|1.8 60|6 -23 -13 -32 148
1777 生泰|生技醫療|34 19 -1|95 95 10 4|0.8 17|2 6 0 2 -15
1783 和康生|生技醫療|6 29 15|81 81 -7 2|0.4 6|9 -8 0 -25 -6
1784 訊聯|生技醫療|7 5 1|57 84 6 -13|2.1 22|4 19 0 -2 -26
1785 光洋科|其他電子|77 37 5|85 92 1 -7|1.0 484|13 -1 0 0 16
1786 科妍|生技醫療|9 8 -7|84 87 21 -9|0.9 102|7 4 0 13 -25
1789 神隆|生技醫療|-45 -19 -19|72 82 -5 -16|1.1 7|4 -9 0 -5 -0
1795 美時|生技醫療|-8 2 -10|70 80 -11 -13|1.0 353|56 -11 5 -1 63
1799 易威|生技醫療|199 135 -69|29 54 -9 -49|0.6 34|14 -7 0 na na
1802 台玻|玻璃陶瓷|28 3 10|78 78 -4 2|0.6 249|5 3 -0 34 -5
1808 潤隆|建材營造|-97 -88 -592|27 65 -8 -35|2.5 67|7 -15 0 11 48
1809 中釉|玻璃陶瓷|14 3 3|59 71 -14 -23|1.3 7|2 8 0 -11 -2
1810 和成|玻璃陶瓷|13 1 2|88 98 18 2|4.6 39|3 -2 -0 7 64
1815 富喬|電子零組|90 100 44|86 86 10 45|0.9 1263|3 1 0 -5 -40
1817 凱撒衛|玻璃陶瓷|46 15 5|97 97 18 15|0.7 7|4 -5 0 -38 -7
1903 士紙|造紙工業|11 -1 7|72 86 -6 -12|0.9 8|11 -10 0 -4 -16
1904 正隆|造紙工業|19 8 1|65 76 -2 -22|1.4 18|9 -13 0 12 13
1905 華紙|造紙工業|10 -3 -2|62 68 -10 -28|1.3 17|4 -8 0 3 6
1907 永豐餘|造紙工業|22 6 0|86 86 -4 -10|1.4 15|13 -21 -2 -0 10
1909 榮成|造紙工業|18 -3 -4|64 69 -14 -25|1.3 10|11 -20 0 0 15
2002 中鋼|鋼鐵工業|-3 -7 -4|89 93 15 6|0.6 865|16 22 -0 -21 -30
2006 東和鋼鐵|鋼鐵工業|26 0 4|97 97 15 4|1.7 219|17 26 -4 113 -0
2009 第一銅|鋼鐵工業|18 -3 -18|70 85 11 -8|5.2 225|0 -1 0 3 -5
2010 春源|鋼鐵工業|41 15 1|93 100 17 19|1.6 34|8 20 0 33 -10
2014 中鴻|鋼鐵工業|-39 -39 -12|83 83 15 7|0.4 346|7 7 0 -24 -22
2015 豐興|鋼鐵工業|26 -1 2|83 83 2 -13|1.4 92|13 23 -38 -74 -17
2017 官田鋼|鋼鐵工業|-4 -4 -14|70 82 -4 -12|0.5 6|2 7 0 -33 -27
2020 美亞|鋼鐵工業|8 -26 -2|70 88 -0 -4|0.5 21|3 -4 0 -32 11
2023 燁輝|鋼鐵工業|-10 -6 -2|89 89 5 2|0.5 40|6 2 7 -12 -5
2027 大成鋼|鋼鐵工業|12 7 13|94 94 66 49|0.7 2035|26 13 1 -35 -33
2029 盛餘|鋼鐵工業|30 14 5|86 95 11 5|0.6 15|67 5 0 39 -30
2030 彰源|鋼鐵工業|22 1 4|91 91 5 3|0.6 8|3 7 0 -6 -14
2031 新光鋼|鋼鐵工業|114 43 43|68 77 4 -19|0.6 44|12 4 -1 -10 -5
2032 新鋼|鋼鐵工業|50 14 5|86 86 38 22|0.7 27|2 5 0 -15 -18
2034 允強|鋼鐵工業|48 30 25|89 89 23 4|0.4 126|7 9 0 -52 -23
2038 海光|鋼鐵工業|55 26 18|84 92 21 7|1.5 17|2 3 0 -1 -16
2049 上銀|電機機械|13 10 9|66 66 -25 14|0.5 1854|30 5 -5 -16 -8
2059 川湖|電子零組|165 109 23|81 81 15 42|1.0 1805|24 10 -4 -5 0
2061 風青|電器電纜|128 60 17|71 81 11 -17|0.8 12|2 -1 0 28 2
2062 橋椿|居家生活|-5 -20 -11|70 71 -17 -28|0.6 28|11 8 0 -13 3
2065 世豐|鋼鐵工業|30 5 -1|78 84 -7 -16|1.1 8|2 -14 0 10 17
2066 世德|電機機械|-4 -8 -7|59 72 -7 -20|1.1 52|12 1 -2 -7 -8
2069 運錩|鋼鐵工業|24 11 15|88 88 9 -6|0.5 6|3 11 0 34 -21
2070 精湛|電機機械|4 -21 -37|48 48 -31 -46|0.5 11|4 17 0 -16 -28
2101 南港|橡膠工業|17 6 -80|62 78 -15 -18|1.2 100|6 -10 0 4 24
2102 泰豐|橡膠工業|121 34 3|72 76 -7 -20|1.2 5|5 -36 0 -3 6
2103 台橡|橡膠工業|23 19 -0|78 78 -4 -14|1.0 21|25 -29 0 12 9
2104 國際中橡|橡膠工業|8 -1 -3|65 71 -11 -25|0.8 20|9 -20 0 73 -31
2105 正新|橡膠工業|15 2 2|87 96 2 5|2.1 306|13 -10 2 -9 13
2106 建大|橡膠工業|13 7 6|76 84 -2 -12|1.3 8|9 -14 0 -0 -19
2107 厚生|橡膠工業|130 49 25|93 99 2 2|1.6 6|8 -5 0 10 -20
2108 南帝|橡膠工業|16 17 -13|67 81 -9 -18|1.5 9|7 -12 0 5 -4
2109 華豐|橡膠工業|30 13 7|96 98 5 -1|1.2 7|16 6 0 -59 -8
2201 裕隆|汽車工業|-8 -11 -13|58 71 -17 -26|1.1 112|7 -4 0 -8 8
2204 中華|汽車工業|-29 -33 -25|50 81 -4 5|1.0 109|20 9 -2 -13 -7
2206 三陽工業|汽車工業|1 -6 -3|85 97 2 -4|1.5 66|10 28 5 2 -19
2207 和泰車|汽車工業|24 6 5|86 86 0 -13|1.0 144|23 -4 6 -15 -1
2208 台船|航運業|-25 -23 7|91 97 14 2|2.8 31|5 11 -0 na -32
2211 長榮鋼|鋼鐵工業|77 53 21|59 77 -16 -23|0.3 74|8 -16 8 3 -3
2227 裕日車|汽車工業|-39 -42 -22|49 56 -11 -41|1.1 5|41 -26 -1 na na
2228 劍麟|汽車工業|-1 -2 -4|72 72 -12 -24|1.2 18|7 -8 0 -7 0
2230 泰茂|居家生活|62 168 -5|60 62 -4 -32|0.7 48|2 -1 0 4 -16
2231 為升|汽車工業|-32 -14 -19|59 71 -27 -18|0.7 34|5 -4 0 -5 -16
2233 宇隆|汽車工業|40 9 -1|64 64 -32 6|0.2 151|7 7 -2 -27 -36
2236 百達-KY|汽車工業|569 398 305|73 73 -19 -9|0.5 27|63 -9 0 10 -4
2241 艾姆勒|汽車工業|-12 -8 13|52 76 2 -8|1.1 15|9 -1 0 5 -10
2247 汎德永業|汽車工業|64 24 8|92 93 3 5|0.9 36|6 16 19 -31 4
2250 IKKA-KY|汽車工業|17 0 1|70 70 -22 4|0.5 99|7 0 0 -12 -28
2258 鴻華先進-創|汽車工業|473 1007 -38|84 84 3 -5|0.6 32|0 -3 0 na na
2301 光寶科|電腦及週|35 22 22|81 86 -4 -3|1.3 799|27 -15 8 -5 23
2302 麗正|半導體業|27 41 23|84 84 7 13|1.5 27|6 0 0 -15 13
2303 聯電|半導體業|4 7 2|80 84 4 -16|1.3 1932|23 -13 18 -4 6
2308 台達電|電子零組|40 26 16|85 85 -12 -6|0.9 3546|65 -4 3 -30 -43
2312 金寶|其他電子|31 28 17|65 65 -19 3|0.6 174|14 -0 0 -13 -6
2313 華通|電子零組|21 7 -1|66 83 -16 -16|1.0 365|16 10 -8 -11 -12
2314 台揚|通信網路|-49 -23 15|30 30 -67 -59|1.9 32|1 -1 0 na na
2316 楠梓電|電子零組|22 4 8|67 73 -15 -12|1.0 18|28 -8 0 -17 -5
2317 鴻海|其他電子|56 34 13|67 69 -18 -20|1.5 7019|33 -18 0 -7 7
2324 仁寶|電腦及週|17 -1 1|85 87 -10 3|1.8 806|42 -18 1 -4 89
2327 國巨*|電子零組|15 8 -5|61 77 -8 -25|0.8 1024|49 -16 -1 0 16
2328 廣宇|電子零組|60 21 25|83 83 5 30|0.7 2235|20 1 0 14 -9
2329 華泰|半導體業|1 -7 -0|46 72 -9 -18|0.6 69|7 6 0 -7 -14
2330 台積電|半導體業|43 46 6|84 84 -13 -6|1.0 41212|72 -14 1 -4 14
2331 精英|電腦及週|-7 6 11|47 70 -20 -29|1.3 28|8 -6 0 -21 -13
2332 友訊|通信網路|0 -2 5|68 68 -32 -3|0.4 97|16 -3 0 -4 21
2337 旺宏|半導體業|9 4 6|73 80 5 -19|3.5 335|12 -6 0 49 52
2338 光罩|半導體業|2 -6 -7|48 65 -22 -32|1.1 41|6 4 0 -6 -15
2340 台亞|半導體業|3 2 -4|53 61 -23 -37|0.9 37|9 -14 0 -8 -5
2342 茂矽|半導體業|82 76 32|77 77 -15 -17|1.7 9|7 -10 0 -3 6
2344 華邦電|半導體業|2 -2 -8|65 84 16 -13|0.7 1970|11 1 0 -9 -21
2345 智邦|通信網路|142 117 64|76 76 -22 11|0.7 2985|58 -8 1 10 -42
2347 聯強|電子通路|4 -9 -12|81 94 0 1|1.4 294|31 16 -5 -29 4
2348 海悅|其他|-68 -68 -108|42 61 -36 -14|0.3 92|1 -2 3 -13 5
2349 錸德|光電業|-18 -19 -11|57 68 -19 -30|1.0 27|12 8 0 na na
2351 順德|半導體業|16 5 4|50 56 -13 -46|4.6 71|11 -10 2 5 6
2352 佳世達|電腦及週|11 9 8|67 75 -16 -22|1.2 134|11 -14 1 -10 16
2353 宏碁|電腦及週|6 3 -7|65 87 -5 -12|1.0 352|21 3 -11 -9 -6
2354 鴻準|其他電子|323 284 205|66 66 -18 -4|0.6 513|20 -7 -1 -16 19
2355 敬鵬|電子零組|3 -9 -4|66 79 -15 -21|1.0 53|13 -18 0 -13 4
2356 英業達|電腦及週|41 37 9|71 80 -14 -1|1.0 581|12 -11 6 -6 7
2357 華碩|電腦及週|29 23 1|86 86 0 7|1.2 2843|47 -21 6 45 124
2359 所羅門|其他電子|43 21 23|79 80 -20 -7|0.4 559|4 -2 0 -13 -8
2360 致茂|其他電子|64 51 24|64 64 -28 -21|0.9 597|66 -8 4 6 -0
2362 藍天|電腦及週|-18 -14 -20|73 73 -9 -16|0.7 62|11 11 0 -18 -6
2363 矽統|半導體業|1337 1085 564|52 65 -24 -23|1.5 164|7 9 0 -20 -2
2364 倫飛|電腦及週|42 48 22|63 81 4 -18|0.7 15|19 7 0 -9 -9
2365 昆盈|電腦及週|21 12 -12|56 69 -27 -32|0.3 113|1 0 0 -20 -6
2367 燿華|電子零組|20 20 -2|63 77 -17 -23|0.9 122|9 6 0 -11 -5
2368 金像電|電子零組|47 30 4|79 81 -15 -2|0.7 1326|16 1 3 -1 59
2369 菱生|半導體業|-8 -14 -5|59 69 -16 -21|2.0 12|13 0 0 -9 7
2371 大同|電機機械|-20 -15 -10|59 78 -11 -18|0.8 800|8 8 0 -19 -11
2374 佳能|光電業|69 40 11|73 73 -27 9|0.2 352|6 1 0 -39 -10
2375 凱美|電子零組|21 11 1|70 70 -16 -14|0.5 25|6 -4 0 -8 15
2376 技嘉|電腦及週|60 40 -61|74 81 -13 -6|0.9 824|14 -6 9 -9 7
2377 微星|電腦及週|12 6 -1|83 83 -9 -3|0.5 686|25 -3 -4 -35 -19
2379 瑞昱|半導體業|45 35 15|92 92 -2 7|0.9 1044|51 -2 9 -4 -8
2382 廣達|電腦及週|79 74 29|69 71 -20 -15|1.0 4249|19 -22 4 -8 31
2383 台光電|電子零組|87 64 6|86 86 -8 17|0.7 2288|35 -6 0 2 4
2385 群光|電子零組|10 4 1|69 97 16 2|1.3 834|25 -8 3 -13 13
2387 精元|電腦及週|25 8 2|85 85 2 10|0.9 69|22 -3 -0 -41 -18
2388 威盛|半導體業|7 6 -19|57 59 -21 -42|0.8 276|9 5 -0 -17 -10
2392 正崴|電子零組|31 19 5|63 65 -23 -12|0.9 106|9 4 0 -25 -7
2393 億光|光電業|6 5 -11|95 95 4 9|0.5 138|23 2 -0 -33 -3
2395 研華|電腦及週|37 21 20|92 92 9 13|0.5 615|39 2 5 -24 -52
2397 友通|電腦及週|43 43 51|78 83 -9 -8|0.7 11|26 -12 0 -8 1
2399 映泰|電腦及週|-14 -15 1|49 49 -20 -30|0.6 26|9 13 0 -17 -15
2401 凌陽|半導體業|55 24 5|66 79 -18 -20|0.7 35|14 -1 1 -8 -7
2402 毅嘉|電子零組|18 16 4|80 80 -5 -13|0.8 74|7 -0 3 -11 -10
2404 漢唐|其他電子|21 -2 21|89 89 1 39|1.0 909|24 -2 -0 -55 -31
2405 輔信|電腦及週|15 -7 -4|69 84 -10 -5|0.5 62|5 7 0 -13 -16
2406 國碩|光電業|-38 -43 -126|46 62 -15 -35|0.9 15|6 -14 0 -1 40
2408 南亞科|半導體業|-26 -28 -34|51 80 23 -19|0.8 2587|8 -3 3 11 88
2409 友達|光電業|24 18 4|74 79 -9 -19|1.2 515|21 -18 1 11 18
2412 中華電|通信網路|-2 4 2|100 100 5 2|1.2 840|16 21 5 236 -9
2413 環科|電子零組|43 5 28|77 77 -13 9|1.1 6|3 14 0 -3 -18
2414 精技|電子通路|56 28 18|96 97 3 8|1.3 5|5 2 0 -13 -2
2417 圓剛|電腦及週|-4 1 2|71 75 -18 -9|0.2 61|1 0 0 -17 -7
2419 仲琦|通信網路|-6 5 -8|64 67 -20 -20|0.9 14|2 -6 0 -6 6
2420 新巨|電子零組|24 10 3|75 75 -8 -20|1.8 17|7 -12 -1 -9 -6
2421 建準|電子零組|78 41 21|67 82 -9 -6|1.3 410|20 8 1 -16 -30
2423 固緯|其他電子|22 1 5|98 98 13 18|1.0 6|6 9 0 -53 -14
2425 承啟|電腦及週|71 38 41|68 68 -0 -21|0.6 28|8 1 0 -9 -6
2426 鼎元|光電業|28 3 -3|67 67 -23 -22|0.5 15|9 6 0 -24 -4
2427 三商電|資訊服務|46 25 -9|78 91 -1 4|1.4 29|3 1 0 1 -25
2428 興勤|電子零組|23 22 11|82 83 -4 -17|0.7 20|15 -10 0 -1 27
2429 銘旺科|光電業|190 196 165|85 85 72 97|1.3 683|10 1 0 30 -31
2431 聯昌|電子零組|32 -15 11|73 73 3 10|4.2 14|6 -4 0 -14 4
2436 偉詮電|半導體業|49 23 15|75 75 -8 -25|0.9 33|6 10 0 -5 -23
2438 翔耀|光電業|106 283 39|36 62 -9 -38|2.8 5|1 -3 0 na na
2439 美律|通信網路|32 13 -8|89 95 16 -5|0.9 412|21 10 5 -24 38
2441 超豐|半導體業|16 12 1|89 89 -2 1|0.6 32|12 -7 0 -11 -9
2442 新美齊|建材營造|-78 -46 -137|65 88 -4 -9|1.2 17|2 -9 0 16 -2
2444 兆勁|通信網路|0 -6 14|72 72 -16 -4|0.4 11|3 -6 0 na na
2449 京元電子|半導體業|21 20 6|65 65 -22 -19|1.0 1199|24 -7 -6 -22 -15
2451 創見|半導體業|15 -1 5|78 99 19 3|0.9 184|8 3 -1 6 3
2453 凌群|資訊服務|7 7 -1|92 92 15 28|1.9 341|11 2 0 10 -37
2454 聯發科|半導體業|20 10 -9|94 94 6 17|0.8 9898|59 -7 4 -8 -23
2455 全新|通信網路|1 -7 -20|61 68 -31 -30|0.7 534|24 -3 -10 24 28
2457 飛宏|電子零組|-3 6 17|49 62 -28 -34|1.3 36|10 5 0 -8 16
2458 義隆|半導體業|6 4 0|84 88 -6 -1|1.3 215|24 -6 0 -7 9
2461 光群雷|其他電子|-6 -7 -2|74 79 -7 -17|1.1 8|5 -5 0 -15 1
2464 盟立|其他電子|41 15 18|69 73 -27 -22|0.5 184|3 -3 0 -14 1
2465 麗臺|電腦及週|-6 11 14|40 59 -20 -37|0.9 16|1 4 0 -28 na
2466 冠西電|光電業|75 34 14|91 91 27 137|0.4 50|11 1 0 32 2
2467 志聖|電子零組|31 27 -16|59 59 -31 -34|0.9 61|11 21 -0 -26 -9
2468 華經|資訊服務|40 65 53|85 85 95 131|2.9 887|13 1 0 -37 -77
2471 資通|資訊服務|26 13 1|94 94 7 19|1.2 86|8 3 0 -9 -4
2472 立隆電|電子零組|57 25 4|81 81 1 10|0.3 156|12 -2 0 13 -6
2474 可成|其他電子|38 42 30|91 91 12 -7|1.0 464|36 17 -9 -11 30
2476 鉅祥|電子零組|41 20 2|71 85 -6 -12|0.9 110|8 -8 0 -6 7
2477 美隆電|其他電子|104 47 24|65 65 -14 -16|0.7 9|24 3 0 -14 -28
2478 大毅|電子零組|72 30 15|80 88 -0 -12|1.3 7|6 8 0 1 3
2480 敦陽科|資訊服務|15 21 14|86 86 3 13|0.5 42|9 -12 0 -60 15
2481 強茂|半導體業|16 8 8|81 88 3 -11|2.2 56|12 -1 6 8 7
2484 希華|電子零組|27 8 10|69 78 -9 -21|1.3 6|5 0 0 -2 1
2485 兆赫|通信網路|-40 -56 2|60 72 -17 -25|1.6 17|4 -10 0 -13 -29
2486 一詮|光電業|35 9 -1|63 68 -14 -10|0.8 760|5 -1 0 -9 -1
2488 漢平|其他電子|41 45 10|84 84 -11 5|0.6 13|11 -21 0 -4 26
2489 瑞軒|光電業|29 24 -16|60 67 -18 -24|1.1 38|11 -8 0 -8 6
2492 華新科|電子零組|18 7 1|69 81 -5 -19|0.9 69|10 11 0 -4 -11
2493 揚博|電子零組|19 9 -2|75 75 -6 4|1.0 17|4 6 0 -3 -14
2495 普安|電腦及週|-13 -1 3|70 70 -16 -22|0.6 28|12 -1 0 -12 4
2497 怡利電|汽車工業|12 21 -2|58 58 -14 -39|0.8 17|8 -7 0 -3 -7
2498 宏達電|通信網路|20 -15 8|69 69 -9 -8|0.3 220|11 3 0 -15 -9
2501 國建|建材營造|-37 24 -31|53 82 -9 -13|0.9 23|7 -18 0 4 18
2504 國產|建材營造|15 4 2|74 74 -12 -20|0.8 141|10 -20 -6 10 34
2506 太設|建材營造|17 -41 -50|80 88 -2 -2|0.9 5|6 -4 0 -18 -4
2511 太子|建材營造|18 11 2|75 92 -3 -5|1.3 10|5 -5 0 -9 -20
2514 龍邦|其他|-5 -19 -53|72 85 -3 -4|0.9 5|3 -11 0 -2 4
2515 中工|建材營造|29 37 11|60 87 -1 -11|0.8 84|12 -7 0 3 7
2516 新建|建材營造|53 38 23|81 81 63 74|0.7 55|5 -4 0 na na
2520 冠德|建材營造|-11 15 -44|83 86 5 12|1.0 177|22 -4 2 -22 26
2524 京城|建材營造|266 849 495|45 63 -12 -37|0.9 32|1 0 0 -2 -20
2527 宏璟|建材營造|-84 -68 -1564|55 82 -12 -0|1.1 10|43 -3 0 -13 -1
2528 皇普|建材營造|1269290 9457897 7083846|77 86 3 6|0.8 40|3 7 0 -8 29
2530 華建|建材營造|-87 291 -41303|68 92 1 -1|1.0 21|4 -15 0 2 15
2534 宏盛|建材營造|666 521 415|87 94 1 3|0.9 14|8 13 0 2 -15
2535 達欣工|建材營造|9 -10 -10|94 94 9 16|3.2 32|7 -1 0 138 29
2536 宏普|建材營造|471 144 60|82 100 8 7|1.7 6|9 12 0 -18 -22
2537 聯上發|建材營造|12235 36889 13627|47 76 4 -23|1.5 19|4 -10 0 9 35
2539 櫻花建|建材營造|191 31 na|77 93 22 25|1.9 101|3 18 0 -9 -41
2540 愛山林|建材營造|44 20 -15|38 76 -9 -22|2.0 72|2 -1 1 38 10
2542 興富發|建材營造|-72 -3 -25|66 88 1 -6|2.0 192|11 -13 4 12 27
2543 皇昌|建材營造|8 -3 -13|72 72 12 -0|0.6 905|4 -7 0 -13 39
2545 皇翔|建材營造|704 211 -257|82 82 1 13|0.7 47|7 -21 0 57 -10
2546 根基|建材營造|46 29 21|65 93 12 6|0.8 9|2 -1 0 -7 -7
2547 日勝生|建材營造|32 -8 -7|94 94 23 34|1.8 130|20 22 0 14 -39
2548 華固|建材營造|164 29 -526|65 82 -9 -17|1.1 116|17 -22 -1 1 31
2597 潤弘|建材營造|49 16 -1|75 95 18 27|0.8 63|3 -6 13 11 47
2603 長榮|航運業|13 41 -26|95 95 -2 10|0.8 3542|21 -9 9 2 4
2605 新興|航運業|-28 -22 -23|75 83 -1 -9|0.5 129|35 7 0 -12 -27
2606 裕民|航運業|-9 -14 -21|86 86 14 21|0.4 991|9 -0 2 -45 3
2607 榮運|航運業|1 14 -12|96 100 4 6|1.7 50|10 16 -0 -1 -5
2609 陽明|航運業|3 30 -28|92 93 -1 9|0.7 1846|21 17 3 -14 -2
2610 華航|航運業|-1 11 2|85 85 -13 6|0.8 385|22 10 2 -3 3
2611 志信|航運業|10 5 -1|62 86 -1 -11|0.8 10|2 -6 0 -0 19
2612 中航|航運業|19 21 3|91 94 13 5|0.5 32|3 14 0 -37 -19
2613 中櫃|航運業|9 3 -0|66 80 -9 -20|0.5 10|3 3 0 -3 -4
2614 東森|其他|-11 -5 -2|80 92 7 -7|0.8 8|3 2 0 5 -16
2615 萬海|航運業|20 50 -17|76 76 -1 -20|0.6 877|42 2 9 -11 12
2617 台航|航運業|-3 -1 -10|77 93 4 -4|0.6 24|5 5 0 -18 -3
2618 長榮航|航運業|1 7 -1|87 87 -9 12|0.9 1667|25 -25 24 -11 155
2630 亞航|航運業|-18 -2 -10|89 98 23 13|1.9 239|1 0 0 na -2
2633 台灣高鐵|航運業|-8 2 -3|88 91 -3 -9|0.9 75|10 -15 2 -4 5
2634 漢翔|航運業|-8 -7 -3|92 99 23 10|3.6 1294|3 2 1 32 -9
2636 台驊控股|航運業|22 36 -36|69 87 -4 -12|0.9 29|11 -10 0 -3 -12
2637 慧洋-KY|航運業|-27 -23 -35|81 81 5 -1|0.6 1272|10 -7 3 -9 41
2640 大車隊|數位雲端|2 3 -1|94 94 2 14|1.0 7|7 -0 0 44 5
2641 正德|航運業|27 18 -2|88 88 18 11|0.6 166|5 6 0 -14 -39
2645 長榮航太|航運業|21 24 15|84 94 6 4|1.0 98|6 7 -3 16 3
2646 星宇航空|航運業|19 46 na|na na -7 na|1.0 150|2 -9 -0 na na
2707 晶華|觀光餐旅|-6 4 10|88 98 12 5|1.1 63|7 10 0 5 -22
2718 全心投控|建材營造|-100 -99 -329|49 68 -21 -31|0.8 9|1 -1 0 -27 1
2723 美食-KY|觀光餐旅|1 3 7|90 90 -4 11|0.6 25|49 0 1 -3 11
2727 王品|觀光餐旅|-7 4 2|92 92 -4 2|0.7 61|25 6 -0 -10 -24
2731 雄獅|觀光餐旅|8 26 -2|79 90 5 -2|0.5 58|5 0 8 -14 -32
2739 寒舍|觀光餐旅|-9 4 1|58 75 -12 -21|0.7 9|3 3 0 -10 -22
2743 山富|觀光餐旅|-22 -3 -33|52 82 -8 -14|0.6 13|1 -6 0 -0 -2
2745 五福|觀光餐旅|11 30 -17|69 81 -8 6|0.6 20|1 -8 0 -2 -9
2748 雲品|觀光餐旅|-22 -2 -4|75 87 -8 -8|0.7 10|1 10 0 -11 -25
2753 八方雲集|觀光餐旅|19 13 4|100 100 22 22|1.7 62|6 17 0 46 -19
2755 揚秦|觀光餐旅|22 20 3|91 91 22 29|0.5 7|1 9 0 -31 67
2801 彰銀|金融保險|22 12 4|97 99 1 0|0.8 371|14 0 2 37 -24
2809 京城銀|金融保險|-26 -17 -47|73 87 -1 -13|0.7 103|15 3 -3 -4 44
2812 台中銀|金融保險|9 6 -4|96 96 11 13|1.6 141|11 10 0 -2 10
2816 旺旺保|金融保險|-11 1 -3|83 90 -1 -5|1.1 7|2 3 0 -50 -2
2820 華票|金融保險|-3 6 -6|95 97 0 0|2.3 10|7 -1 0 -17 -10
2832 台產|金融保險|5 1 -5|100 100 21 24|2.0 29|4 16 0 125 27
2834 臺企銀|金融保險|12 1 -5|78 92 -1 -8|1.2 221|16 -24 1 -5 44
2836 高雄銀|金融保險|15 20 4|90 97 0 -3|1.0 10|6 -1 0 -7 -5
2838 聯邦銀|金融保險|22 8 -3|100 100 14 14|1.7 41|4 22 0 -30 -30
2845 遠東銀|金融保險|-4 -3 -1|80 96 3 -3|1.1 63|9 -15 2 -8 24
2850 新產|金融保險|2 -0 -3|98 98 8 19|0.8 28|10 11 1 112 -13
2851 中再保|金融保險|-14 -3 -4|95 95 7 6|1.2 44|4 18 0 -53 -31
2852 第一保|金融保險|3 -2 -6|98 98 23 34|1.8 40|7 12 0 21 -0
2855 統一證|金融保險|-51 -28 -100|84 86 -5 -8|1.2 91|11 -29 -1 -12 50
2880 華南金|金融保險|12 10 -1|98 98 7 7|1.1 325|17 -9 18 -32 10
2881 富邦金|金融保險|49 122 13|93 93 -4 -6|1.1 1382|21 -31 6 2 149
2882 國泰金|金融保險|-1 4 -17|88 88 -10 -10|1.2 998|25 -29 7 8 81
2883 凱基金|金融保險|28 183 6|94 94 -1 5|1.2 813|27 -0 7 1 78
2884 玉山金|金融保險|56 23 6|97 97 5 1|1.2 722|32 6 10 -30 -4
2885 元大金|金融保險|19 17 -7|92 92 -1 8|1.4 751|27 -27 14 45 70
2886 兆豐金|金融保險|-2 -8 -12|95 99 2 -1|1.3 511|19 -13 12 -4 21
2887 台新新光金|金融保險|27 19 -8|87 94 -2 -6|1.2 428|18 -15 4 7 7
2888 新光金|金融保險|-66 43 958|93 99 6 5|1.5 458|33 17 0 3 10
2889 國票金|金融保險|1 -3 -16|75 82 -15 -15|1.3 54|9 -31 -2 41 21
2890 永豐金|金融保險|33 20 1|84 91 -5 -8|1.2 629|23 -33 4 13 153
2891 中信金|金融保險|38 37 4|97 97 2 14|1.3 2078|32 -8 14 47 951
2892 第一金|金融保險|14 8 -0|95 97 0 -2|1.2 421|23 -28 8 -7 205
2903 遠百|貿易百貨|-22 -5 -0|73 89 5 -10|0.7 74|12 5 -0 -14 12
2905 三商|貿易百貨|-25 37 -32|65 73 -12 -27|1.0 9|5 -22 0 6 7
2908 特力|貿易百貨|-7 -1 -2|95 97 -0 -2|1.1 12|2 -0 0 -18 5
2912 統一超|貿易百貨|-1 5 -1|83 85 -6 -16|1.0 419|23 -36 4 27 98
2913 農林|貿易百貨|36 42 19|76 78 -11 -18|1.3 11|8 7 0 -5 -8
2915 潤泰全|貿易百貨|-32 32 25|74 74 -17 -22|0.8 142|8 -14 -1 -20 37
2929 淘帝-KY|貿易百貨|4 -2 7|75 75 -23 31|0.9 14|21 5 0 -20 -5
3003 健和興|電子零組|12 6 -4|63 69 -21 -31|1.1 39|3 10 0 -18 -6
3004 豐達科|鋼鐵工業|22 11 -2|85 96 11 11|1.8 14|3 -1 0 12 3
3005 神基|電腦及週|7 4 3|77 91 6 3|0.9 275|15 -7 -4 -14 24
3006 晶豪科|半導體業|1 -3 -13|55 78 -10 -23|1.0 149|12 -5 1 -2 11
3008 大立光|光電業|40 23 -2|79 89 -2 -3|0.7 1584|33 4 -7 -13 -23
3010 華立|電子通路|12 12 -6|67 77 -21 -22|1.8 57|9 -13 -5 -16 21
3011 今皓|電子零組|13 -4 -2|46 46 -35 -46|1.2 11|5 8 0 -19 3
3013 晟銘電|電腦及週|148 103 37|65 65 -17 -22|0.5 625|6 4 0 -23 -16
3014 聯陽|半導體業|34 14 8|77 89 -3 -0|0.9 86|26 -30 -3 -12 -27
3015 全漢|電子零組|21 12 20|81 81 -4 -2|0.2 37|10 -7 -1 -12 0
3016 嘉晶|半導體業|-15 -14 -9|52 61 -28 -38|1.0 15|2 -13 0 -3 -15
3017 奇鋐|電腦及週|76 38 15|57 64 -28 -26|0.9 4531|35 -8 2 -0 10
3019 亞光|光電業|38 32 1|70 70 -21 24|0.8 2616|20 -5 -3 11 61
3021 鴻名|電子零組|30 2 -17|53 53 -25 -33|1.2 5|6 14 0 -34 -28
3022 威強電|電腦及週|19 3 10|76 76 11 15|0.4 731|17 -2 -0 -31 9
3023 信邦|電子零組|10 11 7|76 80 -3 -16|0.8 434|50 -2 3 -40 -5
3024 憶聲|光電業|103 244 149|68 76 -17 -12|0.6 18|2 3 0 -2 -12
3025 星通|通信網路|15 -16 -54|68 68 -21 -7|0.2 22|5 2 0 -15 -8
3026 禾伸堂|電子零組|39 18 15|89 95 3 -3|0.7 48|13 17 0 -4 -45
3027 盛達|通信網路|31 18 10|61 75 0 -16|1.3 19|2 1 0 1 4
3028 增你強|電子通路|21 8 -2|96 98 12 6|1.1 17|7 18 0 11 -36
3029 零壹|資訊服務|126 88 38|75 75 -8 42|0.3 727|8 -0 -0 -27 14
3030 德律|其他電子|47 20 -34|59 75 -12 -25|1.4 128|13 -7 -2 -15 33
3031 佰鴻|光電業|27 6 -1|78 78 -5 -4|0.3 8|3 -10 0 -5 1
3032 偉訓|電子零組|8 2 13|70 70 -22 2|0.7 405|11 -1 0 -17 -24
3033 威健|電子通路|64 40 9|89 93 -0 -3|1.2 96|9 -5 1 56 11
3034 聯詠|半導體業|30 8 14|86 98 11 6|1.3 1198|30 -2 14 -9 5
3035 智原|半導體業|245 94 75|61 80 -7 -17|1.0 1417|13 -4 5 -10 15
3036 文曄|電子通路|56 42 -21|62 86 -10 -2|1.1 405|12 -2 -9 -13 19
3037 欣興|電子零組|21 12 -1|44 54 -34 -35|1.1 1488|28 -5 -1 -24 -9
3038 全台|光電業|-12 -14 4|78 90 0 -0|1.1 9|5 -6 -0 24 -22
3040 遠見|其他|7 -2 7|90 90 -5 11|0.8 14|17 -4 0 1 -19
3041 揚智|半導體業|-4 -18 -32|58 70 -21 -12|0.2 28|10 -1 0 -7 12
3042 晶技|電子零組|18 15 -2|77 77 -10 -15|0.8 114|10 -25 -5 -7 24
3044 健鼎|電子零組|33 16 3|85 95 4 0|1.0 377|35 3 7 -10 -0
3045 台灣大|通信網路|2 -0 -7|98 98 0 -1|0.8 515|16 9 5 54 44
3046 建碁|電腦及週|18 1 -17|73 80 -2 -20|1.4 7|3 -2 0 -5 -4
3047 訊舟|通信網路|21 30 -36|49 60 -28 -41|1.0 38|8 12 0 -27 -14
3048 益登|電子通路|44 20 11|53 64 -17 -29|1.3 16|5 10 0 -15 -22
3050 鈺德|光電業|-8 1 -8|54 72 -18 -25|1.2 11|9 4 0 -12 -2
3051 力特|光電業|54 41 38|79 87 -12 2|0.8 16|2 16 0 -8 -7
3052 夆典|建材營造|72 5 18|89 97 7 0|1.4 6|2 -0 0 -5 1
3055 蔚華科|電子通路|-36 -62 -15|65 80 7 1|0.3 11|1 3 0 0 -12
3056 富華新|建材營造|37071 21697 7458|93 93 15 17|2.4 307|9 5 0 -44 24
3058 立德|電子零組|19 -3 11|51 64 -26 -32|2.2 5|4 7 0 -16 -7
3059 華晶科|光電業|26 1 17|78 78 -10 9|0.3 359|12 0 0 -26 -4
3060 銘異|電腦及週|47 40 5|75 91 6 2|2.3 69|10 5 0 59 -23
3062 建漢|通信網路|14 42 32|62 62 -26 -25|0.8 92|13 0 0 -21 -2
3078 僑威|電子零組|80 44 54|87 87 16 24|1.8 635|20 8 -0 -23 -35
3081 聯亞|通信網路|51 13 -13|54 54 -22 5|1.4 628|22 3 2 -33 -18
3086 華義*|文化創意|-7 -1 -3|59 60 0 -40|0.5 36|40 -1 0 -5 4
3088 艾訊|電腦及週|32 15 8|77 77 1 31|0.3 134|15 -1 -1 -6 -23
3090 日電貿|電子零組|70 36 17|88 88 -2 10|0.6 97|10 15 -2 -18 -17
3105 穩懋|半導體業|-11 -20 -23|55 73 -13 -27|1.3 279|17 -8 4 9 40
3128 昇銳|光電業|39 33 15|65 65 -15 -20|3.9 26|1 -0 0 3 63
3130 一零四|數位雲端|17 10 2|92 98 3 -1|1.4 10|25 -40 0 -48 45
3131 弘塑|半導體業|38 48 28|46 51 -33 -48|1.0 688|22 8 -9 na 0
3138 耀登|通信網路|-10 -13 -11|67 75 -17 -25|0.9 21|2 -5 0 -10 25
3141 晶宏|半導體業|1 4 11|63 66 -14 -34|1.3 15|8 2 0 -5 -34
3147 大綜|資訊服務|408 161 108|81 81 -5 2|0.5 490|2 -3 -0 -54 -3
3149 正達|光電業|13 9 -7|67 67 -8 -14|0.4 176|1 3 0 6 -23
3152 璟德|通信網路|9 1 -8|59 75 -23 -22|1.2 14|13 -13 -1 -12 22
3162 精確|電機機械|354 176 101|87 87 43 55|1.4 489|57 6 0 11 -44
3163 波若威|通信網路|6 -22 10|79 79 29 3|1.3 4041|18 2 -1 -16 -33
3167 大量|電機機械|174 127 12|47 47 -30 -38|0.4 78|4 8 0 -33 -22
3169 亞信|半導體業|74 19 17|74 85 -8 -13|0.9 31|2 3 0 -2 -10
3188 鑫龍騰|建材營造|-76 -82 na|54 84 6 -16|1.3 9|1 -7 0 -1 -18
3189 景碩|半導體業|30 20 3|63 72 -22 -23|0.7 341|10 -13 -0 -11 9
3207 耀勝|電子零組|28 60 7|61 68 8 -31|0.8 29|1 -7 0 2 23
3209 全科|電子通路|11 -7 5|90 90 11 3|1.3 92|6 4 -0 -10 2
3211 順達|電腦及週|-15 -28 -6|76 76 -16 67|0.5 1959|10 -0 2 -36 -5
3213 茂訊|電腦及週|40 24 18|82 82 37 6|0.7 440|7 0 0 -18 -25
3217 優群|電子零組|57 31 11|82 92 -3 1|1.0 78|10 6 -1 8 2
3218 大學光|生技醫療|0 7 3|78 81 4 -16|0.9 27|10 11 0 3 -26
3227 原相|半導體業|41 34 -5|80 80 -3 -16|0.9 739|28 -8 0 7 -18
3228 金麗科|半導體業|-15 -14 -46|28 59 -21 -31|1.2 53|8 2 0 na -3
3230 錦明|光電業|79 16 47|80 80 -17 -4|1.3 65|2 1 0 -8 -24
3231 緯創|電腦及週|27 34 12|77 82 -6 -2|0.9 1464|23 -26 6 -9 20
3234 光環|通信網路|73 28 30|67 67 -15 0|0.6 33|3 -10 0 na na
3257 虹冠電|半導體業|-7 -22 5|71 71 -1 -11|1.0 14|2 2 0 -6 -10
3260 威剛|半導體業|0 -10 -25|77 91 13 -1|0.8 653|11 5 4 -5 -43
3264 欣銓|半導體業|-3 -2 5|90 94 35 22|0.6 496|18 -0 6 -21 3
3265 台星科|半導體業|9 4 -8|69 79 -17 -16|0.5 31|1 -1 0 -5 1
3289 宜特|其他電子|17 11 -5|59 59 -18 -33|1.2 36|12 -17 0 -9 21
3290 東浦|電子零組|53 25 16|79 79 3 -5|1.0 16|3 -2 0 -3 -10
3293 鈊象|文化創意|25 29 -2|72 72 -17 -18|1.2 1904|25 -4 -1 -24 29
3294 英濟|電子零組|5 -10 -11|61 74 2 -3|0.1 43|7 8 0 -11 -35
3303 岱稜|其他電子|32 19 -3|70 70 -5 -19|0.5 18|5 -2 0 -10 -11
3305 昇貿|其他電子|67 58 17|76 84 -3 -16|1.7 29|4 -3 0 -7 2
3312 弘憶股|電子通路|72 31 11|45 64 -18 -33|0.6 216|2 -2 0 2 -13
3323 加百裕|電腦及週|9 -7 11|74 74 -7 40|0.7 420|5 1 0 33 -35
3324 雙鴻|其他電子|78 40 7|57 71 -20 -24|1.1 1647|11 -1 0 10 5
3338 泰碩|電子零組|70 18 12|58 72 -16 -25|1.7 29|2 5 0 -14 -19
3339 泰谷|光電業|6 0 -21|65 75 -14 -15|0.5 7|2 -6 0 1 -6
3346 麗清|汽車工業|8 3 -6|64 75 -14 -21|1.4 7|3 -5 0 -3 -12
3356 奇偶|光電業|-26 -16 -5|71 78 -6 -13|1.2 20|6 -5 0 -1 -8
3357 臺慶科|電子零組|65 41 9|77 85 -7 -13|0.7 18|13 -17 -3 -2 -5
3360 尚立|電子通路|52 22 9|68 69 -12 -30|0.7 6|2 -5 0 8 -12
3362 先進光|光電業|26 12 6|54 64 -29 -34|1.6 69|4 9 0 -20 -7
3363 上詮|通信網路|40 35 13|63 63 -6 15|0.7 375|12 1 -2 -27 1
3373 熱映|其他電子|1 13 4|69 69 4 -10|0.2 5|5 18 0 -7 18
3374 精材|半導體業|6 -4 -11|53 64 -27 -30|0.5 268|6 12 -2 -17 0
3376 新日興|電子零組|9 7 -21|82 82 17 17|0.7 1519|26 -4 -2 -6 -6
3379 彬台|電機機械|270 243 94|73 73 36 60|0.2 511|5 0 0 -11 -54
3380 明泰|通信網路|4 -10 7|78 78 -16 -11|0.7 22|9 -8 -1 -5 -4
3390 旭軟|電子零組|79 26 11|67 79 -12 -23|1.7 9|2 1 0 1 -11
3402 漢科|其他電子|1 -6 -24|76 81 -7 -12|0.6 17|3 -17 0 -18 11
3406 玉晶光|光電業|5 -4 -27|62 78 -14 -18|0.4 461|24 -8 -7 6 0
3413 京鼎|半導體業|51 44 8|70 75 -11 -26|1.4 192|26 -30 -2 -2 47
3416 融程電|電腦及週|1 13 -5|78 78 -6 -1|0.5 42|4 -24 0 1 30
3430 奇鈦科|化學工業|27 31 9|61 61 -7 -24|1.0 9|4 2 0 -7 -11
3434 哲固|光電業|23 13 2|99 99 54 55|8.8 59|1 -0 0 51 239
3437 榮創|光電業|2 -1 1|58 64 -27 -32|1.4 5|5 11 0 -13 -16
3441 聯一光電|光電業|154 61 33|87 87 -4 -6|0.4 6|5 0 0 -10 -1
3443 創意|半導體業|19 20 18|65 73 -18 -4|0.8 1319|22 -3 -6 -7 -7
3444 利機|電子通路|45 36 14|48 69 -20 -33|1.3 16|11 3 0 -19 2
3447 展達|通信網路|81 62 26|57 57 -13 42|0.3 145|3 1 0 -38 -46
3450 聯鈞|半導體業|149 108 49|69 69 -19 17|0.5 4584|17 1 0 -19 -11
3454 晶睿|光電業|39 26 29|86 86 11 5|0.5 80|4 4 0 11 -3
3455 由田|光電業|-20 -31 -24|70 70 -18 -25|1.0 29|6 -13 -0 3 19
3466 德晉|通信網路|-95 -74 -4|52 61 -10 -10|1.1 29|5 -3 0 2 65
3479 安勤|電腦及週|28 16 16|95 97 28 2|1.1 91|9 15 1 -27 -22
3481 群創|光電業|33 14 9|92 94 5 -1|1.2 995|27 17 1 -9 -47
3483 力致|電腦及週|21 0 -5|57 71 -16 -30|0.7 78|6 -1 0 -11 5
3484 崧騰|電子零組|31 35 2|80 80 -4 -9|0.7 78|12 -4 0 -9 -2
3491 昇達科|通信網路|103 59 -1|83 83 22 18|0.7 1233|21 1 2 -6 16
3498 陽程|其他電子|56 204 97|57 57 -32 -23|0.6 16|7 5 0 -22 -11
3501 維熹|電子零組|44 13 0|81 87 0 -13|1.5 18|7 4 0 -62 -16
3504 揚明光|光電業|82 21 26|72 72 -10 1|0.3 33|4 5 0 -16 3
3511 矽瑪|電子零組|85 51 37|58 58 -24 -10|0.9 8|6 15 0 -14 -15
3515 華擎|電腦及週|86 98 48|72 72 -20 -9|0.6 112|11 -27 -1 -0 17
3518 柏騰|其他電子|38 -4 -4|49 61 -23 -38|1.1 7|6 -0 0 -10 -30
3526 凡甲|電子零組|123 68 26|91 91 2 6|1.3 65|24 -28 2 -12 -23
3528 安馳|電子通路|77 50 49|82 82 40 35|0.6 139|5 2 0 814 78
3529 力旺|半導體業|4 10 -9|67 67 -30 -11|1.2 1375|62 8 -7 -6 -13
3530 晶相光|半導體業|43 -3 -13|61 67 -23 -29|1.0 7|40 -8 0 -4 4
3532 台勝科|半導體業|8 -9 5|46 60 -20 -39|0.8 30|48 -13 0 0 -0
3533 嘉澤|電子零組|56 29 3|71 71 -26 -6|0.7 1263|41 -1 -5 -4 -63
3535 晶彩科|光電業|-67 -73 -405|45 56 -32 -43|0.9 31|6 20 0 -29 -28
3537 堡達|電子零組|12 -2 0|65 71 -19 -26|1.2 6|2 10 0 -24 -23
3540 曜越|電腦及週|8 14 21|64 81 -7 -9|1.6 7|3 -3 0 6 -2
3545 敦泰|半導體業|-10 -12 -12|73 76 -23 -14|0.8 42|21 -4 -1 -8 9
3546 宇峻|文化創意|-35 -10 -9|94 98 8 3|1.4 10|10 7 0 -10 -19
3548 兆利|電子零組|19 22 13|52 69 -18 -20|0.7 106|3 9 -0 -21 -21
3550 聯穎|電子零組|106 35 32|50 54 -25 -48|1.0 6|6 -11 0 -1 12
3551 世禾|綠能環保|8 12 -1|70 70 -21 5|0.2 47|5 -1 0 -15 1
3552 同致|其他電子|-13 -10 7|69 70 -20 -12|1.6 12|12 7 0 -7 -10
3557 嘉威|居家生活|37 1 -17|76 76 -18 -17|0.9 9|2 -27 0 1 31
3558 神準|通信網路|64 30 46|78 78 -4 16|0.4 302|10 4 -1 -29 -28
3563 牧德|光電業|196 188 136|80 80 22 31|1.0 959|16 6 0 -6 -45
3564 其陽|通信網路|-9 29 4|47 60 -20 -39|0.9 11|3 3 0 -14 -15
3570 大塚|資訊服務|93 45 13|88 88 -1 22|0.5 13|46 3 0 na 16
3577 泓格|電腦及週|65 37 20|74 74 -7 -11|0.4 9|1 3 0 -29 -3
3580 友威科|其他電子|37 -3 2|56 63 -24 -36|0.6 29|4 4 0 -19 -6
3583 辛耘|半導體業|25 19 -19|55 55 -30 -37|0.9 223|13 7 -0 -23 -17
3587 閎康|其他電子|9 3 -3|56 59 -32 -37|2.0 89|13 3 -13 -6 2
3588 通嘉|半導體業|28 11 -14|48 60 -21 -38|1.4 9|3 -3 0 -14 -20
3591 艾笛森|光電業|12 15 -11|70 78 -12 -7|5.1 17|2 -3 0 3 9
3592 瑞鼎|半導體業|2 4 -20|70 86 -10 3|0.6 109|14 -4 -1 -15 -4
3594 磐儀|電腦及週|50 42 37|74 74 -8 12|0.2 66|6 -7 0 11 -2
3596 智易|通信網路|7 -6 0|97 97 29 54|1.5 454|35 18 1 5 54
3597 映興|電子零組|67 60 22|63 63 -20 -0|0.3 6|3 4 0 -9 1
3605 宏致|電子零組|38 31 10|78 78 7 -7|0.7 319|24 1 1 -19 -24
3607 谷崧|電子零組|43 27 3|70 73 -14 -20|1.0 5|6 3 0 -5 4
3609 三一東林|電子零組|44 56 64|82 82 14 24|0.5 31|4 5 0 -1 na
3611 鼎翰|電腦及週|63 47 34|83 84 -5 -15|1.9 14|12 -6 0 10 23
3615 安可|光電業|8 -14 -5|57 57 -21 -27|0.8 6|3 14 0 -13 -7
3617 碩天|其他電子|6 7 1|73 73 -22 -14|0.9 117|15 -0 0 -7 -8
3622 洋華|光電業|-33 4 1|66 73 -13 -28|1.0 16|3 -19 0 -7 -10
3625 西勝|電腦及週|-44 -63 0|73 73 -10 28|0.4 11|6 -5 0 na na
3630 新鉅科|光電業|-3 3 -12|69 75 -17 -18|1.7 12|39 -15 0 4 -6
3645 達邁|電子零組|28 34 -5|68 68 36 22|0.1 284|14 3 0 -16 -24
3653 健策|電子零組|88 63 33|65 65 -31 -23|1.1 1326|23 5 -5 7 -5
3661 世芯-KY|半導體業|11 12 -46|73 73 -17 33|1.0 7356|55 -5 1 9 -16
3663 鑫科|其他電子|114 94 -1|50 57 -25 -42|0.7 29|2 14 0 -22 -16
3665 貿聯-KY|其他電子|30 31 20|72 72 -11 13|0.6 1915|37 -9 3 10 -5
3673 TPK-KY|光電業|-10 -14 -13|66 80 -9 -19|1.2 41|35 -17 0 -1 16
3675 德微|半導體業|7 1 -27|42 50 -30 -42|1.2 34|56 14 -13 -14 -22
3679 新至陞|電子零組|101 48 24|87 87 10 8|1.0 19|11 10 0 -39 12
3680 家登|半導體業|5 -1 -34|69 69 -17 -28|1.9 373|26 -13 -2 16 25
3687 歐買尬|數位雲端|13 2 -2|66 66 -10 -15|0.5 5|6 -6 0 2 -2
3689 湧德|電子零組|48 29 35|82 82 -12 -5|0.5 202|18 -11 0 20 9
3691 碩禾|光電業|-43 -45 -171|39 62 -15 -35|1.2 29|2 -18 0 17 4
3693 營邦|電腦及週|82 42 33|76 80 -6 -11|0.7 192|2 -5 0 -17 -2
3694 海華|通信網路|24 8 10|73 73 -12 15|0.3 131|9 -0 0 -27 -21
3701 大眾控|電腦及週|6 -11 -6|57 69 -12 -13|2.5 9|3 0 0 -13 -5
3702 大聯大|電子通路|52 33 2|65 81 -10 -17|1.1 338|26 -10 -16 -5 50
3703 欣陸|建材營造|43 15 8|69 85 -10 -11|1.1 26|22 -36 -1 -7 35
3704 合勤控|通信網路|6 38 37|69 81 -14 -8|0.9 62|13 -16 0 -3 84
3705 永信|生技醫療|18 11 -3|93 93 8 -5|2.0 31|10 15 0 14 -29
3706 神達|電腦及週|124 182 83|64 64 -21 25|0.4 809|13 -1 -1 -18 -29
3707 漢磊|半導體業|-6 -16 1|58 74 -17 -24|0.8 35|9 1 0 -6 -2
3708 上緯投控|綠能環保|25 9 -1|47 60 -18 -35|1.4 23|8 -13 0 -10 -1
3709 鑫聯大投控|電腦及週|80 63 24|91 91 17 35|1.7 31|5 5 0 298 -9
3710 連展投控|電子零組|17 15 -2|63 63 -9 -19|0.6 7|4 -11 0 na na
3711 日月光投控|半導體業|13 8 4|77 81 -10 -8|1.0 1919|73 -20 3 -6 8
3712 永崴投控|電腦及週|157 104 31|70 70 -18 -3|0.6 97|6 -18 0 -12 65
3714 富采|光電業|19 4 -2|78 78 -5 -11|0.5 101|16 -10 0 -3 16
3715 定穎投控|電子零組|6 12 0|56 60 -25 -39|1.3 91|8 1 -3 -14 6
4104 佳醫|生技醫療|25 7 3|94 97 2 0|1.4 12|4 3 0 60 -25
4105 東洋|生技醫療|49 17 9|97 97 7 7|1.6 76|18 24 -0 1 9
4107 邦特|生技醫療|25 1 -5|86 94 1 -4|1.3 8|10 -10 3 -16 18
4109 加捷生醫|生技醫療|-46 25 -14|55 70 -8 -29|0.6 8|1 -7 0 -15 11
4111 濟生|生技醫療|23 21 9|96 97 10 14|1.1 10|5 15 0 -20 -9
4113 聯上|建材營造|125 41 -377173|41 70 -13 -30|1.2 10|1 -14 0 -4 6
4114 健喬|生技醫療|62 23 12|89 91 1 -9|0.8 33|6 8 0 -10 -37
4119 旭富|生技醫療|14 6 -33|80 80 -13 -13|1.3 8|7 -19 0 -9 18
4123 晟德|生技醫療|71 11 -9|67 74 -11 -16|1.5 29|10 -12 0 -10 4
4127 天良|生技醫療|4 -19 1|86 91 -8 11|1.1 7|3 -2 0 -33 11
4128 中天|生技醫療|6 12 3|61 64 -19 -33|1.3 21|7 1 0 -8 7
4129 聯合|生技醫療|40 22 3|83 90 -3 -4|1.4 15|12 -24 0 -5 13
4137 麗豐-KY|生技醫療|17 -15 -2|62 77 8 -14|0.9 27|57 0 0 -11 -3
4142 國光生|生技醫療|-3 705 527|69 75 3 -24|0.2 30|4 15 0 -19 -11
4147 中裕|生技醫療|-19 -9 -34|90 90 7 12|0.5 144|8 -7 4 -9 44
4157 太景*-KY|生技醫療|34 12 -10|65 71 -2 -26|0.7 7|3 9 0 -7 -14
4162 智擎|生技醫療|-3 378 264|81 81 7 12|0.6 83|9 3 2 -18 21
4164 承業醫|生技醫療|31 17 13|80 83 18 14|0.7 99|28 5 -0 -18 -27
4167 松瑞藥|生技醫療|33 -9 -28|75 86 -2 -8|0.9 10|11 13 0 -6 -11
4173 久裕|生技醫療|103 39 20|100 100 25 27|2.2 28|2 3 0 133 -12
4174 浩鼎|生技醫療|145 31 -347|67 75 5 -18|0.7 34|9 19 0 -3 -11
4303 信立|塑膠工業|946 466 203|90 90 72 81|2.0 2257|9 1 0 3 -1
4306 炎洲|塑膠工業|26 -0 -23|77 90 2 -8|1.2 20|6 -4 0 -18 8
4417 金洲|紡織纖維|20 37 23|97 97 8 11|1.1 7|4 10 0 111 18
4420 光明|紡織纖維|59 34 5|83 83 3 8|3.0 35|1 -3 0 38 -32
4438 廣越|紡織纖維|13 24 18|94 96 6 -2|1.2 22|2 6 0 67 1
4503 金雨|電機機械|154 64 38|76 78 -3 1|0.5 63|3 2 0 -3 8
4510 高鋒|電機機械|-3 -17 -0|75 75 -9 -2|0.4 500|3 -3 0 -18 -1
4513 福裕|電機機械|-7 1 10|33 52 -17 -49|0.7 11|4 8 0 -7 -8
4523 永彰|電機機械|70 41 29|53 75 -9 -21|0.5 8|5 8 0 -17 1
4526 東台|電機機械|50 11 26|67 75 -20 -23|0.3 51|6 2 0 -13 -14
4527 方方土霖|電機機械|-1 -5 -13|74 74 5 -14|0.6 6|3 6 0 -18 -4
4532 瑞智|電機機械|51 33 1|98 99 24 24|1.7 57|23 27 0 5 -1
4533 協易機|電機機械|180 103 64|68 79 -13 -15|0.5 47|6 6 0 -13 -41
4534 慶騰|電機機械|39 20 0|73 73 -16 -9|0.6 43|1 -3 0 na na
4536 拓凱|運動休閒|49 21 5|87 87 -0 -8|1.0 53|21 10 0 -24 -6
4540 全球傳動|電機機械|-20 5 14|72 72 -25 6|0.2 124|5 2 0 -21 -17
4541 晟田|其他|130 54 24|100 100 51 89|7.0 521|10 -0 0 327 -29
4542 科嶠|電子零組|32 -26 1|69 69 -17 -13|1.2 9|7 3 0 -7 -45
4545 銘鈺|電子零組|12 19 -5|52 52 -20 -35|1.2 5|35 -10 0 -8 18
4549 桓達|電機機械|38 5 7|60 60 -36 -18|0.5 26|2 11 -5 -15 -15
4551 智伸科|汽車工業|43 31 16|71 71 -6 -22|0.8 34|54 -5 6 -8 0
4555 氣立|電機機械|16 8 -1|60 82 -17 -6|0.4 14|2 6 0 -3 -33
4557 永新-KY|汽車工業|65 44 17|78 78 -7 -9|0.9 16|36 -10 0 -11 29
4560 強信-KY|電機機械|34 28 1|92 92 -2 9|1.2 14|84 6 0 -33 5
4561 健椿|電機機械|-19 -29 -22|65 66 -34 -27|0.3 23|1 5 0 -18 -27
4562 穎漢|電機機械|44 19 5|59 64 -33 -31|0.5 35|3 2 0 -24 -3
4563 百德|電機機械|53 9 -15|59 59 -27 -30|0.4 25|3 -2 0 -19 -2
4564 元翎|電機機械|62 66 56|83 95 6 -5|3.2 59|4 3 0 59 29
4566 時碩工業|電機機械|40 19 -0|61 71 -12 -27|0.4 109|1 -1 0 -3 -2
4569 六方科-KY|汽車工業|35 27 6|53 53 -23 -34|1.0 31|66 -11 0 13 81
4571 鈞興-KY|電機機械|-2 10 -17|60 60 -39 -3|0.4 152|68 1 -0 -17 -38
4572 駐龍|電機機械|-33 -24 -21|89 89 12 6|7.3 21|3 1 0 214 19
4576 大銀微系統|電機機械|65 49 33|72 72 -24 21|0.2 289|3 1 -0 -8 -11
4580 捷流閥業|電機機械|-4 11 15|86 92 -2 -8|2.2 8|3 -7 0 -4 47
4583 台灣精銳|電機機械|18 14 3|76 76 -22 1|1.2 683|3 4 -1 8 19
4707 磐亞|化學工業|110 22 -5|70 72 -17 -27|1.1 8|1 -2 0 -6 2
4714 永捷|化學工業|253 144 44|74 87 3 -12|1.5 50|2 -1 0 16 4
4716 大立|化學工業|73 26 11|58 58 -11 -34|0.7 13|3 2 0 5 -8
4720 德淵|化學工業|31 21 9|80 91 3 -7|1.5 15|9 -2 0 -5 -18
4721 美琪瑪|化學工業|-10 -4 1|70 76 -16 -17|0.7 10|1 -2 -0 -9 4
4722 國精化|化學工業|16 5 -7|83 83 33 29|1.0 168|7 2 0 -14 55
4726 永昕|生技醫療|-0 54 -9|60 72 -13 -21|1.1 8|22 -6 0 -14 -25
4728 雙美|生技醫療|18 48 31|96 96 38 46|2.4 20|17 3 0 7 -2
4729 熒茂|光電業|26 26 26|63 63 -14 -26|0.5 5|2 14 0 -5 -36
4736 泰博|生技醫療|9 3 -3|90 90 1 -6|0.8 19|10 11 0 -27 -24
4739 康普|化學工業|-32 -9 7|72 83 -7 -11|0.9 9|2 -8 -0 -11 1
4743 合一|生技醫療|79 33 -5|39 48 -22 -51|1.2 139|8 -0 0 -8 -6
4746 台耀|生技醫療|19 14 3|58 66 -6 -33|1.1 23|8 2 -0 -5 -8
4747 強生製藥|生技醫療|1 -8 -4|80 80 -2 3|0.6 15|1 4 0 -0 -8
4755 三福化|化學工業|12 -8 -15|68 77 -18 -20|1.4 16|30 -25 7 -22 36
4760 勤凱科技|其他電子|89 62 10|67 67 -4 -22|1.1 9|3 -2 0 -23 -5
4763 材料*-KY|化學工業|54 21 -14|76 76 -2 1|0.9 2213|52 5 -1 -10 -24
4766 南寶|化學工業|39 16 3|98 99 20 23|1.3 174|20 13 16 -14 -15
4768 晶呈科技|化學工業|-49 -15 -36|48 55 -27 -43|1.0 31|5 3 0 -24 -7
4770 上品|化學工業|-12 -15 -30|62 75 -6 -19|0.7 300|10 -0 4 -31 59
4771 望隼|生技醫療|18 -4 -15|55 87 27 -5|1.7 32|6 8 0 6 -1
4772 台特化|化學工業|15 4 na|na 77 22 9|0.7 496|5 1 1 na 107
4903 聯光通|通信網路|74 45 14|53 53 -15 -22|0.2 30|1 2 0 -24 -15
4904 遠傳|通信網路|1 4 -5|99 99 1 1|1.0 374|17 -6 10 -60 137
4906 正文|通信網路|0 -1 -3|66 76 -12 -25|1.6 44|21 -11 -0 -7 -2
4907 富宇|建材營造|-30 568 -185827|48 75 -18 -12|1.2 5|0 -12 0 -6 26
4908 前鼎|通信網路|41 -2 5|70 70 -22 -14|0.4 49|3 6 0 -16 -9
4909 新復興|通信網路|-72 -41 -346|47 47 -21 -50|0.5 219|4 0 0 -15 6
4912 聯德控股-KY|電子零組|45 48 18|63 63 -28 6|0.3 38|33 -11 -3 -10 -16
4915 致伸|電子零組|59 12 12|76 85 8 -6|0.8 135|44 -2 3 -38 18
4916 事欣科|電腦及週|-16 -6 -7|78 78 36 47|0.6 494|8 1 0 -13 -14
4919 新唐|半導體業|8 -2 6|63 78 -11 -1|0.7 92|10 1 -0 -12 -8
4927 泰鼎-KY|電子零組|13 7 3|54 55 -6 -42|0.9 106|12 1 -1 6 -9
4931 新盛力|電腦及週|96 51 5|86 86 21 130|0.8 4139|5 0 0 -4 -29
4933 友輝|光電業|54 26 11|93 93 20 14|1.0 75|10 2 0 -3 2
4938 和碩|電腦及週|24 15 19|73 82 -6 -15|1.0 428|32 -26 -0 9 -2
4945 陞達科技|半導體業|59 38 27|60 81 2 -16|1.1 8|6 12 0 -21 2
4946 辣椒|文化創意|817 818 574|76 76 115 73|1.1 10|13 2 0 na na
4949 有成精密|光電業|-3 3 34|na 98 76 70|4.1 38|3 1 0 101 -28
4951 精拓科|半導體業|7 14 -11|74 85 2 -9|1.2 7|3 -5 0 -0 11
4952 凌通|半導體業|10 -8 -16|63 79 -20 -20|1.1 7|6 -17 1 -6 6
4953 緯致|資訊服務|16 8 -6|67 71 -17 -14|0.5 30|5 -4 0 -4 -3
4956 光鋐|光電業|40 19 0|56 56 -31 -8|0.7 20|13 10 0 -17 -10
4958 臻鼎-KY|電子零組|41 18 -4|70 87 -13 -5|1.7 524|62 -8 -8 -2 0
4960 誠美材|光電業|28 12 13|72 90 -2 -5|1.6 18|17 -8 0 0 -1
4961 天鈺|半導體業|56 38 12|74 75 -12 -21|1.7 71|18 -12 -5 -7 41
4966 譜瑞-KY|半導體業|25 8 -10|61 77 -22 -21|1.2 316|41 -6 -2 -10 19
4967 十銓|半導體業|71 37 -11|46 74 -2 -28|0.6 170|2 1 0 -7 -6
4968 立積|半導體業|12 -3 -21|65 71 -22 -20|0.8 367|14 -8 -3 -15 -7
4971 IET-KY|半導體業|18 51 35|64 64 29 81|0.9 347|24 1 0 -2 20
4973 廣穎電通|半導體業|8 -1 4|57 80 -11 -16|0.8 14|3 -4 0 11 -6
4974 亞泰|電子零組|32 24 -8|69 69 -15 -6|0.2 69|7 -5 0 -21 2
4976 佳凌|光電業|1 11 -13|53 73 -21 -27|0.5 10|1 -5 0 -9 1
4977 眾達-KY|通信網路|153 88 54|65 65 -30 -3|0.4 537|27 -1 -0 -9 10
4979 華星光|通信網路|106 59 25|66 66 -9 10|0.7 3787|15 2 -1 -9 -27
4987 科誠|電腦及週|63 32 13|86 86 0 9|0.4 8|5 3 0 -25 10
4991 環宇-KY|半導體業|43 28 -10|76 76 -9 164|1.0 2259|4 -0 -0 12 -22
5007 三星|鋼鐵工業|15 -1 -1|94 97 2 -3|0.9 8|3 -2 0 117 -8
5009 榮剛|鋼鐵工業|1 -5 1|86 95 6 0|1.3 154|9 -0 -1 -14 1
5014 建錩|鋼鐵工業|32 -0 -5|74 74 4 -8|0.4 8|3 7 0 -27 -18
5201 凱衛|資訊服務|-71 -2 2|100 100 49 47|2.1 11|8 3 0 33 -62
5202 力新|資訊服務|13 99 75|83 83 12 13|6.1 47|3 1 0 -3 9
5203 訊連|資訊服務|11 14 2|78 78 19 16|0.5 88|18 7 0 -24 -14
5213 亞昕|建材營造|267 784 496|71 97 12 5|0.8 22|1 9 0 12 -17
5222 全訊|半導體業|-2 -0 -4|69 87 1 -13|2.1 93|4 1 0 12 -18
5225 東科-KY|其他電子|5 6 -6|73 81 -8 -16|1.5 128|40 -8 0 -16 25
5234 達興材料|光電業|33 20 20|66 66 -13 -28|0.8 214|6 -3 -1 -16 15
5236 凌陽創新|半導體業|109 53 34|71 71 -6 -24|0.9 16|4 -3 0 -21 -18
5243 乙盛-KY|光電業|9 29 9|68 68 -27 -19|0.7 42|52 -8 0 -12 -1
5244 弘凱|光電業|11 -8 -7|85 85 -12 8|4.7 15|4 1 0 27 33
5251 天鉞電|光電業|79 88 9|64 95 16 -1|7.5 6|23 -3 0 -13 5
5258 虹堡|電腦及週|-6 -3 -1|54 62 -5 -37|1.0 25|4 -1 0 -6 -8
5263 智崴|文化創意|32 50 -10|53 56 -26 -42|1.5 15|19 5 0 -11 -5
5269 祥碩|半導體業|57 26 -2|73 82 -9 9|0.8 974|21 -2 6 -17 -31
5274 信驊|半導體業|109 111 -2|58 66 -17 -33|0.7 1201|48 -7 -2 -3 -43
5278 尚凡*|數位雲端|10 6 2|69 69 -14 23|0.5 10|1 -1 0 na na
5283 禾聯碩|電器電纜|25 9 1|88 92 -4 -3|1.9 11|1 -11 0 7 17
5284 jpp-KY|其他|26 41 29|66 81 -6 17|0.5 162|54 -5 -0 -1 -2
5285 界霖|半導體業|37 12 9|70 73 1 -28|3.9 14|1 -1 0 5 -2
5287 數字|數位雲端|5 4 -1|96 96 -1 -2|2.8 5|18 -6 0 -32 -14
5288 豐祥-KY|電機機械|24 10 8|75 75 -10 -9|2.4 29|59 16 -1 6 11
5289 宜鼎|電腦及週|33 12 1|79 91 17 -12|0.7 205|21 2 8 -10 -28
5292 華懋|綠能環保|42 19 2|81 81 -5 -13|1.1 8|3 -11 0 -10 12
5306 桂盟|運動休閒|50 24 11|72 75 -7 -24|1.3 14|14 -17 0 -16 -3
5309 系統電|電子零組|1 -9 -3|78 78 -10 7|0.5 311|3 -1 0 7 11
5312 寶島科|生技醫療|-2 2 -0|91 91 23 32|1.3 11|10 -17 0 25 38
5314 世紀*|其他|149 162 na|100 100 213 645|2.2 301|12 10 0 1077 265
5315 光聯|光電業|109 79 52|100 100 17 28|1.9 27|14 7 0 14 -1
5328 華容|電子零組|47 23 27|77 77 -22 -6|0.5 10|2 -2 0 -17 -3
5340 建榮|電子零組|36 25 -40|57 71 -12 -27|0.8 10|50 -4 0 -3 1
5347 世界|半導體業|28 22 4|73 94 -3 -5|0.9 615|12 -9 7 -5 14
5351 鈺創|半導體業|-14 -18 -37|54 71 -21 -25|1.1 38|6 0 0 -15 -27
5371 中光電|光電業|-6 -2 -1|63 81 -18 -3|0.5 312|10 -4 1 -1 6
5381 光譜|電機機械|-32 -2 -167|51 71 -14 -28|0.8 5|1 6 0 na na
5386 青雲|電腦及週|-29 112 -17|62 64 -15 -20|0.6 9|1 5 0 -13 -17
5388 中磊|通信網路|-30 -18 -4|83 87 -4 2|1.0 450|19 -0 1 -29 22
5392 能率|光電業|13 -2 -0|76 83 -16 0|0.4 181|2 -1 0 -24 2
5403 中菲|資訊服務|37 37 22|94 94 8 8|0.6 10|7 2 0 -42 -14
5410 國眾|資訊服務|399 131 75|85 89 4 0|5.5 17|4 -1 0 59 8
5425 台半|半導體業|52 40 30|61 71 -12 -25|1.5 57|11 -15 1 15 -5
5426 振發|電腦及週|79 66 43|61 68 -20 -10|0.7 12|4 10 0 -21 -30
5432 新門|綠能環保|80 -7 14|45 48 -13 -50|0.6 27|1 -1 0 -9 7
5434 崇越|電子通路|29 35 13|84 84 -9 -7|1.3 112|24 -21 4 -5 1
5438 東友|電腦及週|43 17 -2|51 51 -27 -15|1.9 6|2 2 0 0 -17
5439 高技|電子零組|67 33 28|91 91 49 81|1.6 2566|10 1 0 1 4
5443 均豪|半導體業|34 -4 -51|50 50 -36 -46|1.3 87|6 8 0 -28 1
5452 佶優|其他電子|8 0 -2|64 65 -15 -22|1.6 24|7 3 0 -12 -13
5457 宣德|電子零組|48 42 6|71 71 -24 -10|0.8 22|39 -16 0 -13 21
5465 富驊|電腦及週|41 20 36|74 81 -5 1|0.6 17|1 7 0 -18 -9
5469 瀚宇博|電子零組|27 13 13|74 91 5 -6|1.1 74|12 1 0 -1 80
5471 松翰|半導體業|31 6 2|73 82 -3 -16|1.4 5|12 2 -2 1 -13
5474 聰泰|電腦及週|14 -10 -13|71 71 -23 -4|0.3 100|3 -4 0 -13 8
5478 智冠|文化創意|-14 -1 -12|72 81 -10 -13|1.2 17|20 -30 -0 9 43
5481 新華|其他|6 1 1|81 81 -12 -1|0.7 16|29 -6 0 9 -19
5483 中美晶|半導體業|3 -6 -5|50 67 -14 -32|0.7 381|18 -9 -4 -1 44
5484 慧友|光電業|49 -18 -47|37 63 -37 -37|0.6 13|2 11 0 na na
5493 三聯|其他電子|29 19 -0|74 81 -1 -15|0.9 24|1 -3 0 -1 18
5508 永信建|建材營造|-74 -81 -87|46 63 -2 -34|0.6 101|5 -11 -1 -23 33
5511 德昌|建材營造|-25 -15 0|84 92 -3 7|0.9 7|2 -17 0 3 4
5515 建國|建材營造|42 57 4|98 100 22 22|1.4 28|12 11 0 32 2
5519 隆大|建材營造|-91 -32 -30|60 93 4 -6|1.3 26|4 -2 0 -10 18
5521 工信|建材營造|86 56 21|83 94 16 2|2.0 29|6 14 0 -15 -17
5522 遠雄|建材營造|-94 -59 -315|72 81 -17 -1|0.6 101|4 -22 20 7 28
5530 龍巖|其他|18 -3 -2|86 86 39 60|1.2 169|58 5 0 3 9
5531 鄉林|建材營造|9 821 637|78 95 6 9|2.9 8|5 9 0 -1 3
5534 長虹|建材營造|231 190 57|70 90 14 -1|1.7 107|16 11 6 11 -0
5536 聖暉*|其他電子|101 62 32|79 79 -1 12|0.4 179|33 -9 1 -3 -15
5607 遠雄港|航運業|22 15 -4|64 82 -8 -17|1.2 10|2 -11 0 2 7
5608 四維航|航運業|-9 7 4|76 83 8 2|0.3 78|4 1 0 -19 -7
5609 中菲行|航運業|34 33 -2|84 91 -1 -8|1.3 8|16 -15 -0 -17 9
5706 鳳凰|觀光餐旅|-36 70 21|71 84 -10 -2|0.6 22|3 -25 0 -12 23
5864 致和證|金融業|-129 -16 -38|72 76 -3 -20|1.1 8|1 -5 0 -2 3
5871 中租-KY|其他|-3 -1 -4|69 72 7 -22|0.8 727|45 -8 1 3 13
5876 上海商銀|金融保險|5 20 13|98 100 11 15|1.3 280|52 -7 19 -12 9
5880 合庫金|金融保險|16 4 -2|91 93 -2 -7|1.1 216|16 -20 3 -4 10
5903 全家|居家生活|-4 2 -3|94 94 3 3|0.8 14|51 5 -1 19 -10
5904 寶雅|居家生活|-5 10 3|88 89 -4 -10|1.0 135|23 8 -0 -7 69
5905 南仁湖|觀光餐旅|-23 6 5|53 68 -9 -30|1.1 9|3 3 0 -3 3
6005 群益證|金融保險|19 8 -25|90 90 3 20|0.4 121|12 -17 24 22 12
6016 康和證|金融業|-100 -20 -98|82 88 -0 -5|1.1 12|3 -23 0 7 31
6023 元大期貨|金融業|34 8 -10|85 88 -7 -6|1.0 15|1 -8 -0 10 4
6024 群益期|金融保險|34 18 -10|82 82 -13 -12|1.2 24|3 -22 -1 -45 39
6026 福邦證|金融業|-72 164 120|83 96 8 1|1.4 12|3 5 0 -1 6
6101 寬魚國際|文化創意|-55 -68 -261|81 97 2 3|0.4 7|1 -9 0 11 10
6104 創惟|半導體業|86 53 21|82 82 -12 2|0.7 578|19 7 -2 -25 -41
6111 光聚晶電|文化創意|-19 2 -41|71 83 -5 -16|0.4 19|8 -11 0 -7 13
6112 邁達特|資訊服務|-5 5 15|65 65 -7 2|0.7 106|2 -2 0 -13 1
6113 亞矽|電子通路|25 -18 17|73 85 24 -11|0.2 7|1 -0 0 -9 19
6115 鎰勝|電子零組|53 21 4|89 97 2 -1|1.1 5|5 0 0 -58 3
6117 迎廣|電腦及週|-32 -6 -18|53 70 -11 -19|1.4 617|3 1 0 8 -24
6120 達運|光電業|2 -6 -16|65 81 -7 -19|1.0 14|6 2 0 -1 -1
6121 新普|電腦及週|19 -1 3|81 93 -1 7|0.8 231|35 -4 0 -21 5
6122 擎邦|電機機械|-19 -19 5|73 86 -10 -9|1.2 13|2 -9 0 -16 -4
6125 廣運|電機機械|23 5 41|51 69 -25 -28|0.8 116|5 1 0 -24 -3
6126 信音|電子零組|13 9 4|64 74 -14 -14|1.6 6|2 3 0 -11 -32
6127 九豪|電子零組|39 16 -7|59 65 -28 -19|1.5 9|4 14 0 -27 -7
6128 上福|電腦及週|-7 -1 -4|90 98 8 3|1.4 6|6 -1 0 -8 -32
6130 上亞科技|生技醫療|324 85 70|93 93 50 18|3.3 6|0 -1 0 na na
6133 金橋|電子零組|55 37 7|62 62 -17 -25|1.0 6|4 6 0 -10 -9
6134 萬旭|電子零組|45 46 -4|53 53 -23 -20|1.2 10|23 -6 0 -6 9
6136 富爾特|通信網路|17 13 15|88 88 5 6|0.6 9|4 5 0 -14 13
6138 茂達|半導體業|21 14 5|81 81 0 -19|1.2 88|16 -9 10 -8 13
6139 亞翔|其他電子|-42 -49 -68|68 86 16 10|0.6 775|20 1 -1 1 18
6140 訊達電腦|資訊服務|169 74 58|77 77 41 36|2.2 201|5 1 0 -20 -63
6141 柏承|電子零組|-13 -30 -9|64 72 -12 -11|0.3 6|3 -1 0 -14 2
6142 友勁|通信網路|106 64 66|74 74 -22 -11|0.8 6|3 -1 0 na na
6143 振曜|通信網路|25 52 33|86 93 15 -6|0.6 199|3 -1 2 -11 -11
6146 耕興|其他電子|-1 -2 2|71 87 -7 -14|1.5 19|33 -21 -1 -14 1
6147 頎邦|半導體業|27 19 14|88 99 4 1|1.2 139|21 24 -1 -21 -13
6148 驊宏資|資訊服務|555 202 152|93 93 100 77|3.4 623|1 -0 0 12 -61
6150 撼訊|電腦及週|19 17 24|74 81 -3 -0|0.7 18|3 2 0 -9 -12
6151 晉倫|其他電子|44 12 -0|50 50 -24 -22|0.7 8|7 8 0 -18 3
6153 嘉聯益|電子零組|1 -21 6|52 63 -18 -36|0.7 22|8 -7 0 -4 -0
6156 松上|電子零組|131 84 39|70 70 5 -8|1.0 47|7 6 0 -1 -30
6163 華電網|資訊服務|-8 28 -8|74 78 -6 -20|1.2 16|4 -6 0 6 5
6165 浪凡|數位雲端|12 10 4|97 97 12 28|1.3 41|6 8 0 12 4
6166 凌華|電腦及週|35 17 19|90 90 4 20|1.5 131|17 7 0 1 11
6168 宏齊|光電業|9 -7 -5|74 75 -10 -17|0.2 8|4 -7 0 -12 -2
6170 統振|通信網路|22 22 -6|93 93 13 19|1.1 28|4 11 0 -12 -42
6173 信昌電|電子零組|25 12 8|69 80 -8 -18|0.7 8|2 5 0 -6 -11
6175 立敦|電子零組|40 18 1|83 83 -5 3|0.4 37|20 6 0 -19 -24
6176 瑞儀|光電業|24 23 6|84 86 -6 -4|1.2 297|30 -27 0 -26 24
6177 達麗|建材營造|28 -34 -342|66 90 4 -3|1.6 93|8 1 10 -3 -9
6179 亞通|其他|-1 113 76|70 72 -10 -15|1.6 9|5 -1 0 -6 -3
6180 橘子|文化創意|-28 -10 -19|83 83 -6 -6|0.5 50|27 -21 -0 -23 56
6182 合晶|半導體業|16 8 13|53 67 -25 -32|0.9 41|9 -10 -1 3 -22
6185 幃翔|電子零組|34 8 28|100 100 23 11|4.4 9|2 6 0 -1 2
6186 新潤|建材營造|-89 -90 -14422|64 93 6 -4|2.2 39|2 -5 0 -18 8
6187 萬潤|半導體業|65 170 -163|51 51 -31 -42|0.7 613|15 1 -2 -26 -29
6188 廣明|電腦及週|15 6 23|70 78 -22 -16|0.4 163|7 -9 -0 -16 8
6189 豐藝|電子通路|-6 -8 -27|65 78 -15 -15|1.1 45|9 -11 -3 -14 8
6190 萬泰科|通信網路|40 32 3|86 88 2 2|1.3 105|7 -2 0 33 4
6191 精成科|電子零組|9 -4 2|84 84 21 5|1.1 358|10 -8 -1 2 46
6192 巨路|其他電子|48 3 -14|82 90 -2 -9|1.2 36|19 13 0 9 -22
6196 帆宣|其他電子|9 -7 -13|97 98 10 9|0.9 175|8 7 3 5 -32
6197 佳必琪|電子零組|36 17 -18|68 71 -11 -24|1.9 53|5 -9 0 -7 -3
6199 天品|其他|10 -8 4|95 95 11 144|4.5 21|6 1 0 na 0
6202 盛群|半導體業|148 82 56|71 76 -8 -15|0.5 24|9 -3 0 -6 -1
6203 海韻電|電子零組|123 30 54|95 96 13 10|2.2 23|3 16 0 -6 -20
6204 艾華|電子零組|94 19 14|38 58 -5 -42|0.6 5|2 1 0 -10 3
6205 詮欣|電子零組|14 -0 -20|77 79 -20 -11|0.6 14|3 -24 0 -4 17
6206 飛捷|電腦及週|57 53 15|71 71 38 44|0.3 790|24 0 -0 -35 13
6207 雷科|電子零組|-9 3 -9|55 60 -17 -36|0.8 12|4 20 0 -20 -15
6209 今國光|光電業|79 45 42|88 92 1 17|0.7 52|5 4 0 -10 -10
6213 聯茂|電子零組|39 16 -5|49 82 -15 -10|0.8 101|8 2 0 -12 -5
6214 精誠|資訊服務|19 -4 -15|76 76 -13 -2|0.4 179|12 7 -4 -4 -22
6215 和椿|其他電子|76 94 14|60 60 -12 22|0.2 446|14 1 0 -17 -21
6216 居易|通信網路|-4 -23 -59|69 69 -12 -24|0.9 11|5 -14 0 -6 1
6217 中探針|電子零組|21 31 8|55 64 -24 -34|0.8 18|4 -3 0 -2 16
6219 富旺|建材營造|-97 244 -1228|64 79 -15 -9|0.9 16|2 -12 0 -0 11
6221 晉泰|資訊服務|16 46 35|75 75 -0 -1|2.9 11|1 2 0 -20 182
6223 旺矽|半導體業|46 35 6|69 69 -23 -10|1.1 1653|20 -6 -1 -6 41
6224 聚鼎|電子零組|23 19 12|61 61 -15 -31|1.7 6|12 -12 0 -36 -41
6227 茂綸|電子通路|102 30 25|80 80 21 54|0.3 164|12 3 0 37 -13
6230 尼得科超眾|電腦及週|28 14 27|42 66 -21 -34|1.0 9|89 -2 0 -6 6
6231 系微|資訊服務|13 9 -8|49 49 -27 -43|0.6 217|15 15 -11 -23 -30
6233 旺玖|半導體業|23 20 1|51 67 -21 -35|2.0 5|3 -8 0 -4 -0
6234 高僑|光電業|-70 -43 -4|81 87 -9 -1|1.3 9|11 -2 0 -4 -6
6235 華孚|電腦及週|-1 -18 -14|45 66 -25 -31|1.1 41|4 -4 0 -10 -7
6237 驊訊|半導體業|11 17 2|70 72 -15 -16|0.2 20|2 9 0 -14 -10
6239 力成|半導體業|-15 -15 -15|65 89 -0 -10|1.1 550|31 -17 3 6 109
6244 茂迪|光電業|22 -11 3|59 77 -3 -20|0.9 19|12 4 0 -8 -8
6245 立端|通信網路|10 -0 4|82 82 5 7|0.4 167|10 2 1 -11 -13
6248 沛波|鋼鐵工業|33 6 -16|84 85 -0 -14|0.8 6|2 -3 0 -2 7
6257 矽格|半導體業|13 16 -2|94 94 13 0|0.7 226|23 3 4 -26 -27
6261 久元|半導體業|1 -9 -20|79 85 -2 -12|1.2 16|5 -19 -1 -12 25
6263 普萊德|通信網路|33 14 10|81 83 1 -16|1.3 7|1 -4 0 -2 -11
6266 泰詠|電子零組|7 -1 3|97 97 4 7|1.2 11|3 7 0 -34 -1
6269 台郡|電子零組|-17 -22 -4|63 76 -7 -23|0.6 67|13 -11 -5 -11 -6
6271 同欣電|半導體業|4 -7 -11|72 80 -17 -19|1.3 113|17 -19 -0 -1 32
6274 台燿|電子零組|82 52 1|83 85 -10 -12|1.0 677|29 2 1 0 -34
6275 元山|電子零組|39 21 14|64 83 -5 -10|0.9 17|2 -4 0 -2 16
6278 台表科|光電業|33 13 15|79 92 2 0|1.3 197|20 8 3 14 43
6279 胡連|電子零組|38 24 5|85 85 -10 -11|1.0 135|22 16 -9 -4 -56
6281 全國電|電子通路|-14 -1 1|94 95 -2 -4|0.7 7|2 -8 0 67 81
6282 康舒|電子零組|29 7 -12|74 85 -4 -10|1.1 57|8 10 0 -7 -20
6283 淳安|其他電子|216 112 67|79 89 1 1|1.3 17|20 17 0 -13 -4
6284 佳邦|電子零組|14 4 -4|77 83 -4 -11|0.8 39|3 2 0 -5 -10
6285 啟碁|通信網路|17 8 6|82 90 2 18|0.9 603|19 17 1 29 -9
6288 聯嘉|汽車工業|18 14 -12|61 68 -18 -21|2.0 13|2 10 0 -12 -11
6290 良維|電子零組|73 39 23|82 93 13 1|1.2 196|5 7 -2 -15 -28
6291 沛亨|半導體業|10 -7 15|59 85 8 -14|1.1 9|0 0 0 -26 -60
6405 悅城|光電業|-99 -99 -52|53 53 -23 -36|0.7 7|5 6 0 -5 1
6409 旭隼|其他電子|29 13 -10|64 68 -20 -31|1.6 356|68 -3 -0 41 27
6411 晶焱|半導體業|4 2 -4|74 77 -12 -24|1.4 8|4 -10 0 -5 -14
6412 群電|電子零組|8 7 4|64 83 -6 -19|1.2 98|10 -33 1 124 76
6414 樺漢|電腦及週|23 10 -11|79 87 -4 -2|0.8 215|21 -11 2 -16 -11
6415 矽力*-KY|半導體業|40 22 2|72 72 -4 -12|0.4 735|86 -5 2 -15 7
6416 瑞祺電通|通信網路|57 44 27|62 62 -9 -37|0.8 126|5 1 0 -42 14
6419 京晨科|光電業|-6 37 -80|54 78 -12 -15|0.7 6|10 -4 0 na na
6425 易發|電機機械|-41 -23 -107|61 64 -27 -12|1.0 19|2 -2 0 -10 32
6426 統新|通信網路|99 33 32|63 63 -16 3|0.4 21|11 -0 0 -7 -29
6435 大中|半導體業|35 29 24|90 90 16 6|0.7 29|7 17 0 -7 -15
6438 迅得|其他電子|26 10 13|75 75 -13 26|1.4 265|10 4 -6 4 -28
6442 光聖|通信網路|104 297 122|62 62 -36 7|0.9 1027|35 -1 1 -13 -4
6443 元晶|光電業|-6 -38 5|54 71 -5 -26|0.8 61|11 -7 0 -4 6
6446 藥華藥|生技醫療|74 85 -7|69 69 -13 -17|0.5 746|22 -5 -2 -9 24
6449 鈺邦|電子零組|43 25 7|62 68 -20 -30|0.6 36|2 -1 6 -19 -5
6451 訊芯-KY|半導體業|164 85 63|60 60 -31 -25|0.5 378|66 2 -0 -17 -12
6456 GIS-KY|光電業|29 29 25|67 83 -2 -16|0.4 20|50 2 0 -4 -12
6462 神盾|半導體業|17 7 -15|38 51 -39 -46|1.1 115|13 16 0 -21 -28
6469 大樹|生技醫療|8 11 4|65 84 14 -10|0.8 79|8 12 0 -5 -10
6470 宇智|通信網路|83 55 51|86 86 -3 1|0.9 10|7 9 0 -15 -0
6472 保瑞|生技醫療|96 79 16|74 77 -6 -7|1.1 780|11 -16 -9 15 64
6477 安集|光電業|-26 -27 0|70 81 16 -6|0.9 30|1 -3 0 9 17
6485 點序|半導體業|83 57 63|70 79 34 -5|0.6 46|10 3 0 -6 -6
6486 互動|通信網路|86 20 -8|89 96 2 3|1.0 10|5 -4 0 -4 -9
6488 環球晶|半導體業|6 0 6|56 73 -13 -28|1.0 842|15 -2 -1 5 8
6491 晶碩|生技醫療|-7 -3 -0|69 80 -1 -14|1.2 72|7 3 -1 -6 -3
6492 生華科|生技醫療|0 0 0|62 71 -9 -25|1.5 5|5 1 0 -5 -12
6499 益安|生技醫療|154 85 19|82 89 10 -1|1.5 7|13 1 0 47 4
6505 台塑化|油電燃氣|-4 -1 3|51 68 7 -26|0.5 270|5 -11 7 -3 11
6509 聚和|化學工業|31 8 2|75 75 -13 -13|0.8 14|5 -18 0 -11 42
6510 精測|半導體業|102 75 36|75 75 -23 27|0.8 143|23 1 2 -22 9
6515 穎崴|半導體業|191 146 53|66 66 -20 -22|0.9 1750|21 -0 -2 21 31
6517 保勝光學|光電業|42 6 4|100 100 50 24|7.8 346|8 1 0 269 -37
6523 達爾膚|生技醫療|-16 -12 -17|81 94 -3 -1|1.7 7|5 -20 0 -9 -4
6525 捷敏-KY|半導體業|25 16 7|88 88 5 6|0.8 13|12 10 0 -28 2
6526 達發|半導體業|42 56 9|71 78 -20 -10|1.0 150|8 -3 -7 -12 16
6530 創威|通信網路|34 18 7|62 62 -27 -13|0.3 16|8 16 0 -14 -2
6531 愛普*|半導體業|15 22 17|64 76 -21 -14|0.8 179|14 -3 0 -7 9
6532 瑞耘|半導體業|38 25 19|80 84 -3 -6|1.0 8|4 12 0 3 -11
6533 晶心科|半導體業|58 22 -50|71 71 -20 -7|0.5 183|20 -9 0 -8 55
6535 順藥|生技醫療|0 -2 22|45 45 -12 -38|0.8 54|6 8 -1 na na
6538 倉和|電子零組|-13 -24 -24|53 79 2 -21|1.5 18|3 1 0 -8 -9
6541 泰福-KY|生技醫療|985 327 177|78 78 4 -7|1.0 21|15 3 0 -24 0
6546 正基|通信網路|34 20 10|46 50 -29 -53|0.9 100|6 10 -3 -22 -35
6547 高端疫苗|生技醫療|141 99 na|88 88 37 10|0.5 98|7 10 0 18 -30
6548 長科*|半導體業|29 14 7|85 92 9 -8|2.0 31|5 -5 0 -5 17
6550 北極星藥業-KY|生技醫療|-71 -44 na|49 67 -17 -32|1.5 19|66 -4 0 -18 na
6558 興能高|其他電子|12 17 13|77 77 31 108|0.3 808|2 -0 0 -15 4
6561 是方|通信網路|8 12 -6|81 81 -8 -9|0.9 27|11 5 0 -4 5
6568 宏觀|半導體業|23 41 23|69 69 -4 -9|0.3 20|3 0 0 -44 -1
6569 醫揚|生技醫療|11 10 20|61 77 -11 -21|0.8 7|3 3 0 5 -22
6570 維田|電腦及週|12 9 10|67 75 -7 -15|0.4 6|2 -8 0 -20 -1
6576 逸達|生技醫療|148 12 na|79 92 4 -3|0.7 15|23 -3 0 na na
6577 勁豐|電腦及週|-1 6 15|75 75 6 -1|0.4 15|2 -2 0 -27 14
6579 研揚|電腦及週|29 -3 5|74 89 3 -11|0.8 22|3 5 0 -9 -11
6581 鋼聯|綠能環保|-5 -12 -39|95 95 2 9|0.9 6|1 -6 0 20 10
6584 南俊國際|電子零組|72 27 -18|64 75 -13 -21|1.3 38|8 6 0 -9 -19
6585 鼎基|其他|-2 9 -8|64 77 2 -12|0.4 40|16 9 0 -40 -11
6589 台康生技|生技醫療|-10 -12 -25|74 76 1 -16|0.6 17|6 18 0 -2 -6
6591 動力-KY|電腦及週|102 26 26|76 83 -4 2|0.8 16|23 -1 0 -10 -5
6592 和潤企業|其他|-21 -21 -15|60 75 -2 -24|1.1 30|24 -11 1 -7 1
6596 寬宏藝術|文化創意|-64 117 1|98 98 13 37|1.1 46|11 -3 0 5 11
6603 富強鑫|電機機械|103 39 9|72 83 -3 -15|1.0 6|5 0 0 -9 -1
6605 帝寶|汽車工業|-5 6 -3|75 78 -7 -22|1.3 95|16 -1 6 -11 8
6606 建德工業|電機機械|30 38 34|81 94 6 -4|3.0 16|1 -2 0 8 -53
6609 瀧澤科|電機機械|100 38 13|53 53 -29 -29|0.5 23|54 8 0 -12 -17
6613 朋億*|其他電子|16 17 5|74 74 8 18|0.4 59|8 -7 -3 -7 26
6617 共信-KY|生技醫療|70 26 na|na 84 -10 -14|1.3 10|38 -8 0 na na
6625 必應|其他|257 89 47|70 77 -17 -17|1.6 16|2 1 0 4 42
6640 均華|半導體業|42 -12 -122|40 44 -38 -54|0.7 45|4 5 0 na 11
6643 M31|半導體業|29 -5 -1|41 68 -23 -23|0.7 383|13 -1 -1 -3 -13
6649 台生材|生技醫療|534 255 -31|93 93 20 20|1.4 18|3 1 0 108 34
6651 全宇昕|半導體業|101 39 23|87 87 11 -11|1.8 40|7 3 0 -33 -30
6657 華安|生技醫療|22 8 -14|83 83 34 29|0.5 77|8 3 0 -4 na
6658 聯策|其他電子|207 116 57|62 62 -19 -6|0.7 91|2 -0 0 17 48
6664 群翊|電子零組|0 -2 -3|57 60 -22 -39|1.0 36|4 -7 -0 -15 8
6667 信紘科|其他電子|214 104 34|83 83 6 -9|1.3 221|4 -1 0 21 -16
6668 中揚光|光電業|73 17 9|69 97 -3 9|1.8 16|14 12 0 15 -20
6669 緯穎|電腦及週|91 101 31|58 62 -33 -5|0.9 3373|32 -2 -4 -12 24
6670 復盛應用|運動休閒|16 26 1|98 98 15 22|1.6 255|37 26 4 -37 60
6672 騰輝電子-KY|電子零組|1 -6 5|81 84 20 7|0.4 67|22 5 0 -16 -25
6679 鈺太|半導體業|16 7 -5|55 70 -21 -25|1.3 39|8 5 -9 -2 -12
6683 雍智科技|半導體業|24 34 8|68 68 -12 -3|0.4 134|13 3 -3 na -17
6684 安格|半導體業|-12 -23 -23|49 63 -32 -29|1.1 6|2 19 0 -19 -11
6689 伊雲谷|數位雲端|20 24 -4|73 73 -20 -8|0.3 41|7 11 -1 -21 -10
6690 安碁資訊|數位雲端|21 16 -1|71 80 -12 -19|0.8 19|4 -17 0 69 47
6691 洋基工程|其他電子|72 53 41|82 82 -1 29|0.7 208|8 -1 -5 -14 83
6692 進能服|綠能環保|321 245 149|77 91 11 3|6.5 10|1 2 0 88 4
6693 廣閎科|半導體業|52 45 25|75 75 -19 -21|2.0 11|10 -0 0 -12 0
6695 芯鼎|半導體業|32 19 24|62 71 -26 -15|0.6 21|2 11 0 -20 -16
6703 軒郁|生技醫療|-13 -15 -28|53 76 -3 -23|0.8 6|12 2 0 na -29
6706 惠特|光電業|201 124 110|44 44 -37 -49|0.7 126|11 4 0 -7 4
6712 長聖|生技醫療|10 24 6|81 92 -1 -6|1.0 26|2 -18 0 -5 -1
6715 嘉基|電子零組|-23 -30 -20|62 65 -25 -30|0.9 9|2 -7 0 7 11
6719 力智|半導體業|5 4 -17|60 71 -16 -26|0.9 49|7 -6 -2 -10 3
6720 久昌|半導體業|28 12 na|na na 11 na|1.0 10|1 -2 0 na 12
6728 上洋|居家生活|71 52 15|94 94 17 21|1.4 8|1 16 0 20 15
6732 昇佳電子|半導體業|-10 -15 -12|50 65 -18 -31|1.2 17|3 2 -2 -11 -28
6739 竹陞科技|其他電子|122 119 na|na 67 8 16|0.6 45|3 -11 0 na -7
6741 91APP*-KY|數位雲端|16 16 -0|77 77 -3 -5|0.7 34|54 1 0 -25 35
6742 澤米|光電業|-14 9 -25|63 68 1 -6|0.2 61|2 2 0 -41 -6
6743 安普新|其他電子|22 36 -47|53 56 -11 -44|1.5 6|4 -9 0 -6 -7
6752 叡揚|資訊服務|20 13 1|85 85 6 17|0.7 30|3 1 0 5 -30
6753 龍德造船|航運業|-6 35 23|69 88 9 -11|6.9 111|2 -2 0 41 18
6756 威鋒電子|半導體業|44 6 20|49 58 -18 -42|0.7 9|3 -0 0 -10 -18
6757 台灣虎航|航運業|-3 14 -11|90 90 11 45|0.7 423|8 1 12 -57 -5
6761 穩得|電子零組|50 17 0|86 89 7 -2|0.8 65|4 -1 0 10 3
6763 綠界科技*|數位雲端|15 3 1|65 65 -3 35|0.3 59|1 5 0 na -13
6768 志強-KY|運動休閒|81 46 7|75 75 1 16|0.5 197|71 -11 -2 17 21
6770 力積電|半導體業|6 3 -0|56 71 -5 -26|0.5 269|7 -4 0 -4 5
6781 AES-KY|電子零組|62 44 32|71 71 -19 76|0.8 2203|78 3 0 -27 -25
6782 視陽|生技醫療|4 2 -44|58 66 -7 -27|0.9 48|5 -3 -1 -11 -0
6785 昱展新藥|生技醫療|na na na|37 70 -9 -29|0.8 13|9 -3 0 3 12
6788 華景電|半導體業|126 77 1|64 68 -18 -25|0.9 59|10 -8 0 -5 31
6789 采鈺|半導體業|-6 11 -21|61 67 -22 -21|0.5 240|7 -7 -2 -33 22
6791 虎門科技|資訊服務|15 11 -2|70 70 -8 36|1.0 7|12 -3 0 na na
6799 來頡|半導體業|9 -2 8|66 91 20 -4|5.2 72|7 1 0 19 -2
6803 崑鼎|綠能環保|16 20 7|95 95 2 1|1.0 13|3 -8 -0 -2 23
6805 富世達|電子零組|53 35 1|54 54 -28 -27|0.7 1824|17 -6 3 19 3
6806 森崴能源|綠能環保|185 146 43|47 62 -26 -37|1.2 138|4 9 0 -22 -6
6811 宏碁資訊|數位雲端|60 23 4|71 75 -20 -4|0.4 32|2 -2 -13 -14 -16
6829 千附精密|半導體業|29 50 32|91 91 26 18|4.5 630|8 1 -0 44 -30
6830 汎銓|其他電子|-2 3 -0|60 60 -19 -29|0.5 41|2 3 0 -7 -16
6835 圓裕|電子零組|-2 10 -2|84 90 20 -5|1.1 36|9 7 0 -23 2
6838 台新藥|生技醫療|na na na|na 60 -22 -31|1.3 11|1 -6 0 109 1093
6841 長佳智能|生技醫療|23 65 -227|65 84 10 -8|1.9 64|1 -1 0 5 24
6846 綠茵|食品工業|67 14 6|92 92 8 14|1.3 7|0 1 0 na na
6854 錼創科技-KY創|半導體業|96 94 -3|54 54 -18 58|1.8 154|38 -7 0 2 -30
6859 伯特光|光電業|164 92 67|82 82 -13 30|0.3 32|15 1 0 -15 -33
6862 三集瑞-KY|電子零組|82 27 na|na na -8 na|0.6 8|64 -8 0 na na
6863 永道-KY|通信網路|20 43 -27|64 64 -20 -33|0.6 80|71 -10 -6 -10 23
6869 雲豹能源|綠能環保|18 16 29|48 65 -12 -34|0.8 225|2 8 0 -5 -67
6870 騰雲|數位雲端|20 20 -6|72 72 -14 -4|0.8 13|1 3 0 na -38
6873 泓德能源|綠能環保|55 79 -148|69 74 -1 -26|0.7 188|12 1 -2 -11 10
6877 鏵友益|其他電子|45 375 195|76 76 -8 19|0.6 392|7 0 0 34 -3
6885 全福生技|生技醫療|na na na|na na -20 na|1.4 6|3 -5 0 na na
6890 來億-KY|運動休閒|7 24 na|na 73 -4 -3|0.8 448|91 -11 4 99 169
6895 宏碩系統|半導體業|28 24 13|46 61 -29 -32|0.7 6|2 -9 -0 -17 -13
6901 鑽石投資|其他|353 181 145|59 66 -17 -31|1.6 13|1 5 0 -17 0
6903 巨漢|其他電子|-46 -35 na|na 78 1 -22|0.6 7|0 -3 0 64 12
6906 現觀科|數位雲端|15 12 -3|64 64 -14 -26|0.4 13|12 -3 0 -13 16
6913 鴻呈|電子零組|104 55 na|na na 2 na|0.2 26|1 0 0 na 67
6914 阜爾運通|其他|21 19 7|na 92 14 -5|0.7 13|2 -2 0 26 61
6916 華凌|光電業|35 13 10|70 70 -9 -14|0.5 16|1 1 0 35 0
6919 康霈*|生技醫療|-100 na na|na na 19 na|0.6 606|6 1 -1 na na
6922 宸曜|電腦及週|68 53 12|69 69 -22 17|0.3 53|3 -1 0 na 8
6928 攸泰科技|電腦及週|59 8 41|na 74 -7 -3|0.6 8|0 -3 0 -6 6
6933 AMAX-KY|電腦及週|49 42 34|41 56 -28 -33|1.5 11|34 0 0 -10 1
6937 天虹|半導體業|21 121 46|54 54 -41 -24|0.6 104|4 8 -2 -20 -48
6949 沛爾生醫-創|生技醫療|-26 173 107|80 89 74 74|0.8 15|1 0 0 na na
6957 裕慶-KY|其他|-30 61 na|na 77 -11 -16|0.5 48|6 0 0 -16 16
6962 奕力-KY|半導體業|-7 -10 na|na na -3 na|0.7 349|51 -10 0 na na
6968 萬達寵物|居家生活|2 12 na|na 83 11 -14|0.8 7|2 -1 0 823 49
6982 大井泵浦|電機機械|36 20 na|na na -31 na|0.2 7|1 -2 0 na 39
6996 力領科技|半導體業|1 1 na|na na -17 na|0.8 12|0 -9 0 na na
7402 邑錡|光電業|-18 1 9|80 96 43 25|3.8 235|6 0 0 2 -19
7556 意德士科技|半導體業|59 40 11|83 83 18 12|0.4 8|3 -8 0 na 119
7703 銳澤|其他電子|87 54 na|na na 1 na|0.5 6|0 -0 0 na 29
7722 LINEPAY|數位雲端|24 29 na|na na 40 na|0.4 90|61 -3 -4 na na
8011 台通|通信網路|-27 -18 -40|74 76 -9 -13|2.3 22|4 1 0 -6 -14
8016 矽創|半導體業|-1 -3 -4|61 81 -11 -16|1.2 134|27 -30 -2 1 29
8021 尖點|其他電子|27 24 -7|71 72 -15 -21|1.1 12|10 -14 0 -29 -9
8027 鈦昇|電機機械|13 -13 -29|51 63 -19 -35|0.9 40|3 3 0 -10 -6
8028 昇陽半導體|半導體業|46 46 28|70 70 -11 -5|0.6 1119|22 -7 -0 -5 -1
8032 光菱|電子通路|50 38 20|54 54 -33 15|1.7 13|1 1 0 -8 -12
8033 雷虎|其他|49 24 -2|81 92 10 12|0.4 201|2 0 0 na -85
8039 台虹|電子零組|27 16 -5|60 71 -6 -27|0.4 69|10 -5 0 -18 4
8040 九暘|半導體業|45 10 9|64 76 -13 -23|1.3 11|1 -15 0 -15 32
8042 金山電|電子零組|24 9 3|64 64 -16 4|0.6 27|5 -0 0 8 20
8043 蜜望實|電子零組|32 12 12|54 60 -20 -34|0.6 6|2 8 0 -11 -6
8044 網家|數位雲端|-2 -9 1|67 67 -14 33|0.5 39|9 -12 0 -5 27
8045 達運光電|通信網路|-30 -57 na|na na 67 na|0.3 47|1 1 2 na na
8046 南電|電子零組|50 17 27|49 72 -15 -25|1.0 240|4 -2 -2 -7 1
8050 廣積|電腦及週|82 35 31|80 87 -8 -10|0.6 33|5 -15 -0 -21 -17
8054 安國|半導體業|-10 -18 -28|45 57 -43 -41|1.1 152|5 6 0 -19 -5
8059 凱碩|通信網路|185 268 176|60 60 -40 -19|0.7 14|2 -3 0 -4 na
8064 東捷|光電業|-1 -12 -6|56 56 -32 -33|0.6 47|3 2 0 -24 -6
8068 全達|電子通路|31 11 10|64 78 -9 -15|2.7 8|7 0 0 -4 -14
8069 元太|光電業|77 40 9|84 84 -2 -12|0.5 933|43 9 2 -37 110
8070 長華*|電子通路|25 11 4|62 67 -8 -33|0.9 137|12 1 -0 6 16
8071 能率網通|電子零組|19 9 11|74 80 -18 -10|0.4 29|3 0 0 -8 12
8072 陞泰|電子通路|82 19 30|88 96 17 8|4.5 17|1 -0 0 52 22
8076 伍豐|電腦及週|-33 -11 3|77 80 -7 -21|0.7 18|5 -9 0 -8 5
8081 致新|半導體業|24 16 11|73 92 -4 2|1.0 99|27 9 1 -19 -15
8083 瑞穎|電機機械|-17 -15 -37|88 93 -2 0|0.5 7|2 -23 0 6 15
8084 巨虹|電子通路|-2 25 31|42 66 -27 -25|1.0 5|1 -13 0 na 8
8085 福華|其他電子|41 9 18|26 57 -26 -42|1.5 7|4 5 0 -6 -9
8086 宏捷科|半導體業|-39 -40 -101|55 75 -22 -19|0.5 51|6 -11 -0 -3 3
8088 品安|半導體業|3 -0 24|62 82 43 5|0.2 81|7 0 0 182 -14
8089 康全電訊|通信網路|-25 144 -183|37 48 -32 -50|0.8 34|3 1 0 -10 11
8091 翔名|半導體業|14 5 -5|73 80 -2 -20|1.7 24|9 -9 1 -7 -26
8096 擎亞|電子通路|98 75 45|80 80 62 31|1.0 1718|24 -1 0 -32 -26
8097 常珵|通信網路|1577300 527622 394196|73 73 -22 9|0.6 25|4 -1 0 65 -15
8099 大世科|資訊服務|-4 3 5|58 76 -15 -10|1.0 6|3 5 0 -6 -12
8103 瀚荃|電子零組|66 28 16|61 75 -5 -25|1.2 23|21 -5 0 -3 5
8104 錸寶|光電業|20 -4 5|62 62 -23 -12|0.6 24|4 2 0 -10 -21
8105 凌巨|光電業|10 5 5|57 77 -14 -21|0.5 10|41 1 0 -1 -10
8109 博大|電子零組|11 -8 11|91 94 2 -2|1.6 7|2 -13 -2 5 -10
8110 華東|半導體業|-7 -8 -14|60 78 -4 -23|0.6 25|3 -5 0 12 21
8111 立碁|光電業|29 7 1|73 73 -8 50|0.2 370|15 3 0 -13 -57
8112 至上|電子通路|-16 4 -44|57 79 -11 -17|1.0 88|10 -18 -5 -3 8
8114 振樺電|電腦及週|183 142 77|72 72 -25 30|0.6 174|27 3 0 -9 -4
8121 越峰|電子零組|15 -2 -22|45 61 -22 -38|1.4 11|1 -13 0 na na
8131 福懋科|半導體業|-3 1 -15|74 78 0 -21|0.6 9|3 -11 -0 -9 -36
8147 正淩|電子零組|40 15 -3|63 73 -1 -23|0.5 39|13 -1 0 -41 -13
8150 南茂|半導體業|-1 -1 -4|57 77 -8 -21|1.3 53|31 -32 -1 -4 32
8155 博智|電子零組|83 47 12|79 79 10 2|1.7 394|5 2 3 52 85
8163 達方|電腦及週|4 5 18|57 78 -8 -18|1.0 33|13 -37 -1 1 -15
8171 天宇|綠能環保|-77 -64 -70|87 87 9 19|4.5 32|3 1 0 4 16
8176 智捷|通信網路|149 96 35|70 70 -5 -6|1.3 6|2 -1 0 na na
8210 勤誠|電腦及週|119 36 -6|75 81 -5 -8|0.6 236|11 -3 5 -9 -8
8213 志超|電子零組|29 4 8|73 83 -6 -17|2.1 8|17 -9 0 2 -15
8215 明基材|光電業|10 10 3|75 75 -16 -15|1.2 6|2 6 -5 -10 -8
8222 寶一|電機機械|12 13 -10|100 100 39 39|8.3 140|4 0 0 146 6
8227 巨有科技|半導體業|35 -22 8|49 71 -26 -28|1.2 44|1 1 0 -10 -5
8234 新漢|電腦及週|41 31 22|74 74 30 52|0.4 626|9 -3 0 -16 -12
8240 華宏|光電業|24 14 13|72 72 -15 5|0.4 10|8 -3 0 -6 -1
8249 菱光|電子零組|104 75 7|69 69 -22 -15|0.7 143|2 -1 0 -11 -8
8255 朋程|電機機械|37 22 -12|62 79 -8 -22|1.3 26|9 -16 -0 -8 11
8261 富鼎|半導體業|39 17 11|84 84 -12 2|1.2 30|9 -3 -0 6 12
8271 宇瞻|半導體業|11 6 3|64 89 5 -10|0.7 12|4 2 -0 -7 -1
8299 群聯|半導體業|-3 -15 -32|73 88 11 6|0.6 1347|35 13 4 -6 -31
8341 日友|綠能環保|29 20 -0|79 81 -6 -9|1.6 8|6 -16 0 -29 -3
8349 恒耀國際|鋼鐵工業|-9 -6 -8|81 81 -5 -18|3.3 14|1 -5 -0 4 34
8358 金居|電子零組|12 10 -10|70 85 -9 -15|3.1 70|6 -5 -0 -1 -10
8374 羅昇|電機機械|94 73 37|61 63 -36 -33|0.7 57|4 10 0 -24 -1
8383 千附|半導體業|50 38 14|84 84 15 12|4.2 93|12 -1 0 533 96
8390 金益鼎|綠能環保|47 19 -19|83 83 12 -10|2.1 41|2 2 0 10 -2
8401 白紗科|其他|38 4 1|91 91 2 12|1.0 8|2 -2 0 -20 -32
8404 百和興業-KY|其他|107 44 5|76 76 2 34|0.6 34|54 -3 0 6 9
8415 大國鋼|鋼鐵工業|-2 0 6|91 91 6 5|0.5 51|10 2 2 -9 8
8422 可寧衛*|綠能環保|46 34 -6|99 99 7 4|2.0 46|13 22 -0 547 3
8431 匯鑽科|其他電子|101 64 40|90 90 5 6|1.6 44|6 -0 0 10 -24
8436 大江|生技醫療|14 1 7|94 94 20 14|0.8 230|16 11 6 -35 -42
8438 昶昕|綠能環保|40 23 5|60 75 2 -23|1.6 12|1 -1 0 -13 12
8440 綠電|綠能環保|39 15 6|62 80 2 -20|0.8 7|2 6 0 -7 2
8442 威宏-KY|其他|23 3 -2|78 83 -7 -15|1.2 18|59 -4 0 11 1
8446 華研|文化創意|-11 -19 -35|87 87 -3 -8|1.5 13|8 -27 0 -35 2
8454 富邦媒|數位雲端|1 -1 -3|80 89 0 -11|0.9 116|15 2 1 -27 -26
8462 柏文|運動休閒|28 19 1|90 96 13 0|1.0 14|2 5 0 26 -7
8464 億豐|居家生活|24 16 4|79 79 6 -20|0.5 201|41 -13 -0 -1 -24
8466 美吉吉-KY|其他|42 41 -4|55 59 -12 -39|2.5 5|50 -6 0 -0 -6
8467 波力-KY|運動休閒|39 40 11|56 56 -35 -30|1.6 47|45 5 -10 -20 -11
8473 山林水|綠能環保|65 29 27|56 68 -15 -32|1.2 19|3 -21 0 22 -34
8476 台境*|綠能環保|7 -32 -42|37 41 -4 -56|1.5 7|3 -19 0 -1 152
8478 東哥遊艇|運動休閒|15 -42 -20|42 58 -18 -42|1.0 27|40 -4 0 -5 -11
8482 商億-KY|居家生活|24 12 5|70 70 -1 41|0.4 20|93 -1 0 -6 6
8499 鼎炫-KY|其他電子|19 26 12|95 95 40 41|0.9 26|71 8 0 8 37
8926 台汽電|油電燃氣|4 22 -46|84 89 -0 -8|1.4 23|7 1 0 -5 -4
8927 北基|油電燃氣|9 10 -54|76 77 1 -22|0.4 16|1 11 0 -8 -11
8930 青鋼|鋼鐵工業|38 -2 0|93 93 15 10|1.5 29|3 2 0 -9 -68
8932 智通*|數位雲端|43 97 32|57 93 7 17|0.5 33|27 -9 0 12 8
8936 國統|其他|21 19 -5|60 83 7 -16|1.0 158|7 -6 0 -3 19
8937 合騏*|其他|-31 -22 -24|89 89 35 135|1.2 72|0 5 0 -3 -9
8938 明安|運動休閒|50 24 14|92 98 9 -1|2.3 40|8 5 -0 -9 13
8942 森鉅|其他|41 30 42|89 94 10 -2|0.7 10|14 -3 0 -2 -18
8996 高力|電機機械|47 21 21|45 55 -29 -47|1.0 323|19 -3 -1 -16 -21
9802 鈺齊-KY|運動休閒|45 39 36|83 83 6 3|0.5 195|50 7 2 -42 2
9904 寶成|運動休閒|-3 8 -1|80 80 -9 -1|1.1 360|49 -9 -0 8 36
9906 欣巴巴|建材營造|324354 108654 -8866|47 67 -14 -32|1.3 32|3 -8 0 -8 22
9907 統一實|其他|27 28 -3|97 97 17 10|1.3 69|19 33 0 -25 -12
9910 豐泰|運動休閒|11 -1 -3|73 77 -11 -21|0.8 101|12 -8 -3 -7 2
9911 櫻花|居家生活|27 11 -4|95 100 11 6|1.4 42|20 17 2 11 3
9914 美利達|運動休閒|38 38 11|62 66 0 -35|1.2 388|33 -10 1 -3 21
9917 中保科|其他|10 10 5|83 87 -4 -10|0.6 48|42 -32 13 -19 -14
9919 康那香|其他|19 9 8|74 80 2 -9|0.1 9|4 14 0 -0 -8
9921 巨大|運動休閒|31 9 10|61 64 -1 -35|1.3 348|28 -8 2 -3 39
9924 福興|居家生活|2 -11 -1|87 87 3 -7|1.1 11|13 7 -3 -1 -17
9927 泰銘|其他|37 3 11|96 97 17 5|1.6 28|9 16 0 -16 -49
9930 中聯資源|綠能環保|27 18 8|97 99 6 8|1.6 9|3 13 0 -39 -8
9933 中鼎|其他|-15 -7 -16|74 85 2 -15|0.6 43|14 -18 -0 -10 0
9934 成霖|居家生活|-2 2 3|61 70 -10 -29|1.1 14|18 -20 0 -6 60
9935 慶豐富|居家生活|20 19 -2|84 84 1 -12|0.6 16|9 -11 0 -14 2
9938 百和|其他|57 26 -0|77 77 -5 -10|0.6 85|26 -14 -7 -23 2
9939 宏全|其他|28 15 6|87 91 3 -9|0.9 160|20 -15 21 -30 61
9940 信義|其他|-20 -27 -22|81 91 0 -6|0.8 6|6 -11 0 3 -19
9941 裕融|其他|-5 -5 -3|69 72 8 -25|0.7 86|5 -10 -3 -2 -0
9942 茂順|其他|29 -0 15|86 96 3 0|1.0 9|5 1 0 18 -13
9945 潤泰新|其他|50 19 -3|68 73 -17 -25|1.3 242|13 -9 1 28 40
9946 三發地產|建材營造|31 96 -20|47 79 -4 -20|0.8 9|4 -8 0 -19 -19
9955 佳龍|綠能環保|-10 -12 -15|78 82 5 -20|2.3 16|1 1 0 -5 6
9958 世紀鋼|鋼鐵工業|61 10 17|47 73 -2 -28|0.8 493|11 0 1 -4 -9
