# 2025-05-02 全池(1104 檔)。欄位:代碼 名稱|產業|最新月YoY 3月YoY均 加速度|距52週高% 距120日高% 60日漲% 120日漲%|量能比 日均值M|外持% 外20 投20 資20 券20(外資持股比;外資/投信20日淨買佔成交值%;融資/借券餘額20日變化%)
1101 台泥|水泥工業|-0 53 -3|85 85 -6 -7|0.5 437|17 -9 2 -1 1
1102 亞泥|水泥工業|2 3 3|94 94 10 -4|0.9 312|22 10 -6 -28 13
1104 環泥|水泥工業|-6 2 1|77 91 -1 -6|0.7 9|15 -6 -1 -11 -6
1110 東泥|水泥工業|24 29 -5|78 88 -2 -11|1.1 7|7 -4 0 -39 15
1210 大成|食品工業|2 2 6|99 99 13 17|1.7 134|11 18 9 -3 -14
1215 卜蜂|食品工業|-2 -3 1|89 97 8 5|0.6 29|39 8 1 -29 -4
1216 統一|食品工業|7 6 -4|87 87 -1 -12|0.9 1196|38 4 3 -14 31
1217 愛之味|食品工業|8 2 -3|88 94 -2 -2|0.8 11|8 -8 0 -39 8
1218 泰山|食品工業|-5 -8 -1|88 96 7 4|0.7 15|3 -7 0 -26 9
1227 佳格|食品工業|-3 5 3|83 92 1 -7|1.0 16|7 8 0 -2 5
1229 聯華|食品工業|-36 -18 -11|63 73 -13 -26|0.9 50|10 -2 0 12 -9
1231 聯華食|食品工業|10 7 -6|76 76 -10 21|0.3 39|4 1 2 -27 1
1232 大統益|食品工業|1 -3 1|97 99 5 0|1.2 15|2 0 -2 -8 4
1301 台塑|塑膠工業|-3 0 -2|51 71 1 -27|0.5 381|27 0 -5 -8 0
1303 南亞|塑膠工業|7 13 7|54 71 -1 -26|0.4 245|26 -6 1 -28 4
1304 台聚|塑膠工業|5 2 1|60 71 -8 -27|0.4 13|29 6 0 -28 0
1305 華夏|塑膠工業|-15 -14 2|60 69 -9 -31|0.4 7|5 7 0 -32 -3
1307 三芳|塑膠工業|9 16 5|75 75 5 -2|0.7 59|19 -8 -2 -50 -12
1308 亞聚|塑膠工業|16 -0 9|64 64 -11 -23|0.8 7|5 18 -6 -25 -3
1309 台達化|塑膠工業|11 13 -12|56 63 -8 -33|0.3 6|2 13 -5 -32 -3
1312 國喬|塑膠工業|189 85 52|76 95 5 -4|0.7 63|8 9 0 -7 -4
1316 上曜|建材營造|233 252 65|70 83 16 10|0.5 206|4 1 0 -33 16
1319 東陽|汽車工業|12 22 11|94 94 22 25|0.9 798|18 -2 5 20 32
1321 大洋|塑膠工業|-17 -6 -7|81 93 -0 4|0.4 6|7 1 0 -14 3
1325 恆大|塑膠工業|22 -9 12|71 71 -23 -0|0.9 6|2 8 0 -25 -1
1326 台化|塑膠工業|-8 -6 -10|44 64 -10 -36|0.4 177|32 0 0 -15 -2
1336 台翰|電子零組|16 15 -1|75 75 -6 -12|0.7 9|7 0 0 -11 -4
1342 八貫|其他|24 26 20|78 87 -9 0|0.8 26|29 6 0 -21 1
1402 遠東新|紡織纖維|-3 -2 -6|86 88 9 -12|0.6 181|19 -12 9 -14 25
1409 新纖|紡織纖維|-7 -3 -14|73 80 -14 -17|0.6 13|13 9 0 -27 1
1414 東和|紡織纖維|-3 -4 3|77 77 -20 -11|0.7 7|1 3 0 -18 -6
1434 福懋|紡織纖維|7 8 3|71 81 -10 -15|0.6 15|7 12 0 -22 -3
1436 華友聯|建材營造|3631 3283 795|63 83 1 -2|0.4 32|3 -1 -1 -42 7
1440 南紡|紡織纖維|-3 -0 5|66 85 -3 -13|1.4 9|7 11 0 -3 -3
1442 名軒|建材營造|-30 -4 -596|85 85 -12 15|0.7 60|11 2 1 -58 4
1446 宏和|紡織纖維|-31 25 -2386|45 46 -33 -36|0.3 9|4 13 0 -33 -5
1449 佳和|紡織纖維|-20 -17 -14|48 48 -28 -39|0.7 7|9 11 0 -14 -12
1463 強盛新|紡織纖維|-19 789 491|77 77 -2 1|0.5 12|11 4 0 -44 25
1464 得力|紡織纖維|21 43 10|75 75 -15 -12|0.4 13|6 -8 0 -7 5
1466 聚隆|紡織纖維|-1 19 -2|76 76 25 14|0.5 9|2 -1 0 -32 15
1472 三洋實業|建材營造|50 59 41|92 92 40 69|1.4 30|4 7 0 26 76
1473 台南|紡織纖維|12 8 -0|56 80 -11 -17|0.7 7|6 5 0 -17 -6
1476 儒鴻|紡織纖維|21 23 2|70 70 -25 -24|1.1 378|37 1 -2 -39 -23
1477 聚陽|紡織纖維|10 15 5|64 75 -18 -15|0.7 531|23 16 -5 -29 -16
1503 士電|電機機械|-0 3 -5|46 73 -12 -23|0.6 155|31 9 0 -34 -19
1504 東元|電機機械|7 0 5|86 92 -7 5|0.7 164|9 -5 2 -10 1
1513 中興電|電機機械|1 5 -11|58 79 -11 -13|1.1 505|10 7 0 -29 -21
1514 亞力|電機機械|-10 -0 6|56 85 5 -9|0.5 247|12 4 0 -33 -7
1515 力山|電機機械|-44 -54 -28|62 86 1 -8|0.5 16|7 7 0 -31 7
1519 華城|電機機械|26 54 6|45 68 -16 -17|0.9 1716|18 1 -0 -31 3
1522 堤維西|汽車工業|6 -3 -5|67 73 -25 -19|0.9 72|6 1 1 -32 -6
1524 耿鼎|汽車工業|11 5 -2|83 83 0 7|1.2 197|5 -15 1 16 68
1527 鑽全|電機機械|3 2 -12|78 85 -10 -14|0.3 6|10 -9 0 -41 8
1528 恩德|電機機械|-31 -24 -17|61 62 -4 -37|0.6 22|4 1 0 -26 7
1529 樂事綠能|電機機械|20 145 81|63 86 12 -9|1.0 13|1 0 0 -13 4
1532 勤美|電機機械|-50 -36 -37|51 71 -10 -26|0.6 24|10 -6 3 -23 -7
1536 和大|汽車工業|-17 -17 -4|76 76 13 19|1.1 422|9 1 -0 -17 15
1537 廣隆|電機機械|1 0 -22|88 88 -4 -3|0.6 18|18 -24 0 -57 15
1540 喬福|電機機械|11 6 -8|67 79 7 -22|0.8 28|2 2 0 -33 -5
1558 伸興|電機機械|-1 16 4|85 88 -5 -7|0.5 7|7 -1 0 -25 6
1560 中砂|電機機械|10 11 -1|68 79 -7 -22|3.1 316|20 -4 5 -21 -11
1563 巧新|汽車工業|5 -1 4|na 87 3 8|0.6 33|2 4 0 -47 4
1565 精華|生技醫療|-0 3 -2|72 72 -8 -18|0.6 25|17 -5 -3 -10 3
1569 濱川|電腦及週|29 36 33|58 58 -12 23|0.6 303|2 0 0 -23 11
1580 新麥|電機機械|29 20 10|94 94 -4 3|0.7 8|6 0 0 -33 4
1582 信錦|電子零組|-11 8 1|67 75 -17 -20|0.9 76|16 -11 0 -20 18
1583 程泰|電機機械|-28 -6 7|86 89 -0 -2|1.3 6|0 -3 0 -44 12
1584 精剛|其他|25 14 4|70 90 11 -9|0.6 156|1 -1 0 -30 12
1587 吉茂|汽車工業|22 13 5|39 64 -12 -26|0.6 5|23 12 0 -27 -21
1589 永冠-KY|電機機械|23 32 31|60 73 -18 -24|0.6 6|7 9 0 -25 -2
1590 亞德客-KY|電機機械|20 22 15|75 92 5 0|1.2 878|77 -3 1 -22 3
1591 駿吉-KY|電機機械|-89 -53 -323|47 63 -33 -10|0.4 6|3 3 0 -21 -5
1595 川寶|半導體業|25 9 26|46 46 -18 -49|0.4 5|3 20 0 -27 -12
1597 直得|電機機械|-18 4 -1|70 70 -7 -10|3.0 56|4 -2 -1 -23 14
1598 岱宇|運動休閒|8 6 6|69 69 -26 -16|0.3 10|5 -2 0 -28 -3
1603 華電|電器電纜|98 50 24|66 89 -1 0|0.5 7|3 6 0 -26 -6
1604 聲寶|電器電纜|-1 -1 -7|90 94 -4 -5|0.5 8|8 -9 0 34 -31
1605 華新|電器電纜|1 12 9|54 69 -10 -29|0.5 299|15 -8 -3 -24 9
1608 華榮|電器電纜|27 8 -11|57 84 2 -14|0.3 31|2 11 0 -30 -7
1609 大亞|電器電纜|5 7 -7|59 80 -7 -18|0.7 140|12 9 -0 -33 -4
1611 中電|電器電纜|16 3 13|68 81 -2 -12|0.7 6|11 5 0 -22 3
1612 宏泰|電器電纜|5 26 12|72 89 4 -4|0.6 17|13 -8 0 -17 6
1615 大山|電器電纜|13 14 -6|71 87 -9 -10|1.8 6|1 -5 -2 -17 6
1616 億泰|電器電纜|27 19 5|87 99 38 4|1.1 53|4 6 2 -5 -4
1617 榮星|電器電纜|5 19 -6|59 85 9 -13|0.3 6|20 -2 7 -20 30
1618 合機|電器電纜|0 22 -2|64 79 -6 1|0.6 45|2 4 0 -30 2
1702 南僑|食品工業|5 5 0|75 85 -6 -14|0.8 20|13 -2 2 -36 3
1707 葡萄王|生技醫療|-4 -3 -8|89 89 -7 -7|0.6 22|16 0 -0 -11 2
1708 東鹼|化學工業|-5 7 -6|77 77 -9 -14|0.4 29|14 -12 -0 -36 7
1709 和益|化學工業|-2 3 -7|68 76 -13 -22|0.6 6|3 -7 0 -32 7
1710 東聯|化學工業|48 23 3|73 77 -5 -23|0.3 13|7 11 0 -29 7
1711 永光|化學工業|-7 5 -1|60 69 -19 -31|0.5 15|9 14 0 -49 -20
1712 興農|化學工業|-3 -2 -1|90 90 -4 4|0.6 24|15 -4 -8 -3 3
1713 國化|化學工業|19 -6 -18|89 92 9 9|1.2 14|5 -1 1 -18 10
1717 長興|化學工業|-1 3 -1|78 86 -4 -13|0.7 31|14 -7 0 -13 1
1720 生達|生技醫療|5 4 -4|78 91 -4 -7|0.5 11|4 -9 0 -47 6
1721 三晃|化學工業|-0 -6 -14|46 56 -19 -44|0.5 7|7 5 0 -37 -11
1722 台肥|化學工業|12 2 10|88 97 9 -1|1.4 55|11 11 -0 148 -10
1723 中碳|化學工業|-19 -2 -1|79 91 -0 -5|0.6 20|8 -0 0 -17 -2
1733 五鼎|生技醫療|44 30 10|86 90 -1 6|0.3 9|8 -2 0 -32 -4
1734 杏輝|生技醫療|13 5 -3|84 99 3 3|0.8 6|4 2 0 -13 5
1736 喬山|運動休閒|17 34 6|81 81 -4 14|0.6 226|9 -11 3 -53 43
1760 寶齡富錦|生技醫療|5 -5 -8|68 75 -19 -18|0.7 7|12 13 0 -30 -15
1773 勝一|化學工業|6 5 -6|73 75 -12 -22|0.5 22|6 -6 -2 -38 2
1777 生泰|生技醫療|-3 16 -4|87 87 2 1|0.4 7|2 0 0 -42 7
1784 訊聯|生技醫療|4 -2 -6|50 74 -12 -19|1.0 15|4 2 0 -30 -8
1785 光洋科|其他電子|41 39 5|74 80 -6 -12|0.8 528|12 1 0 -30 5
1786 科妍|生技醫療|5 5 -9|74 79 -18 -2|0.4 50|6 -0 0 -16 -28
1789 神隆|生技醫療|-6 -23 -19|64 78 -15 -21|0.6 9|4 4 0 -24 2
1795 美時|生技醫療|38 13 -4|69 78 -12 -10|0.6 223|57 6 1 -34 -17
1799 易威|生技醫療|58 154 -33|27 66 0 -36|0.6 11|14 -0 0 na na
1802 台玻|玻璃陶瓷|-1 2 8|68 68 -15 -28|0.3 65|5 8 0 -54 -7
1806 冠軍|玻璃陶瓷|-2 8 2|81 100 22 14|0.8 41|8 -1 0 64 0
1808 潤隆|建材營造|-100 -90 -589|25 68 -10 -32|0.4 39|7 4 0 -24 -9
1809 中釉|玻璃陶瓷|7 -0 0|57 71 -15 -22|0.4 6|3 19 0 -28 -18
1810 和成|玻璃陶瓷|3 0 1|84 94 13 4|0.9 62|3 -2 -0 -6 19
1815 富喬|電子零組|76 82 19|85 85 1 37|0.5 587|5 -1 0 -16 81
1903 士紙|造紙工業|-15 -3 5|73 91 0 -8|1.0 11|11 -5 0 -21 6
1904 正隆|造紙工業|5 3 -5|60 74 -7 -26|0.6 12|9 6 0 -20 -3
1905 華紙|造紙工業|-11 -7 -5|55 71 -18 -29|0.7 10|4 15 0 -33 -7
1907 永豐餘|造紙工業|2 3 -3|81 86 -9 -12|2.1 29|13 -1 -0 -5 -0
2002 中鋼|鋼鐵工業|-11 -11 -7|83 84 3 -8|0.4 315|15 -7 -1 -3 2
2006 東和鋼鐵|鋼鐵工業|-4 1 4|85 88 0 -7|0.5 78|17 -6 -1 -5 7
2009 第一銅|鋼鐵工業|10 -2 -19|59 76 -3 -12|0.3 70|1 4 0 -35 4
2010 春源|鋼鐵工業|-0 10 -4|86 92 9 7|0.6 34|8 -12 7 -42 -37
2014 中鴻|鋼鐵工業|-23 -37 -9|65 65 -15 -20|0.3 92|6 -3 -7 -46 -15
2015 豐興|鋼鐵工業|-10 -7 -4|74 75 -5 -23|0.5 16|13 -11 0 -4 4
2020 美亞|鋼鐵工業|-8 -17 6|72 90 2 4|0.5 13|3 8 0 -33 2
2023 燁輝|鋼鐵工業|7 -5 -2|91 91 -1 5|0.4 24|7 8 -7 -49 -2
2027 大成鋼|鋼鐵工業|20 13 14|81 81 16 32|0.3 683|26 2 -0 -15 181
2031 新光鋼|鋼鐵工業|51 53 47|63 78 -7 -21|0.3 18|12 5 -2 -24 -1
2032 新鋼|鋼鐵工業|15 18 7|73 73 14 2|0.1 6|3 10 0 -13 1
2034 允強|鋼鐵工業|-3 19 13|81 81 10 3|0.3 31|7 -1 -2 -22 6
2038 海光|鋼鐵工業|-5 16 7|70 77 -6 -15|0.2 8|2 5 0 -18 -1
2049 上銀|電機機械|0 6 4|62 62 -22 -4|1.4 1249|30 0 -4 -14 4
2059 川湖|電子零組|78 110 23|90 90 34 50|0.8 1983|22 -10 6 -18 -2
2062 橋椿|居家生活|-9 -20 -10|65 73 -15 -22|0.7 17|9 11 -2 -41 -8
2066 世德|電機機械|-6 -4 -3|58 70 -9 -25|0.3 18|11 -3 -1 -17 23
2070 精湛|電機機械|9 -1 -19|45 57 -15 -39|1.4 9|5 5 0 -6 -6
2101 南港|橡膠工業|4 5 -79|65 82 -8 -14|1.2 66|7 9 0 -14 2
2103 台橡|橡膠工業|28 19 -2|75 76 -6 -22|0.4 9|25 -8 0 -8 11
2104 國際中橡|橡膠工業|-17 -4 -5|59 69 -12 -29|0.3 10|9 -3 0 37 -1
2105 正新|橡膠工業|-3 -1 -1|83 92 -2 8|0.4 307|12 -21 20 -10 4
2106 建大|橡膠工業|2 7 6|69 78 -10 -20|0.6 11|9 -6 0 -29 4
2107 厚生|橡膠工業|18 48 20|92 97 0 2|1.1 6|7 -9 0 32 14
2108 南帝|橡膠工業|-5 5 -25|61 76 -14 -19|0.7 7|7 -4 0 -15 -2
2109 華豐|橡膠工業|2 9 1|92 94 0 -1|0.6 5|15 -16 0 7 5
2201 裕隆|汽車工業|-11 -13 -13|54 69 -19 -31|0.6 109|8 20 0 -36 -8
2204 中華|汽車工業|-29 -34 -21|48 79 -14 2|0.9 105|22 26 -2 -36 -19
2206 三陽工業|汽車工業|1 -9 -6|83 96 -2 1|0.6 83|10 -1 3 8 -5
2207 和泰車|汽車工業|-2 5 4|87 95 1 -4|0.8 191|23 3 2 -42 -3
2208 台船|航運業|62 7 29|89 95 14 -2|0.5 37|6 11 -0 na -54
2211 長榮鋼|鋼鐵工業|-1 41 8|54 71 -7 -19|0.6 51|8 -6 0 -60 8
2228 劍麟|汽車工業|8 3 1|78 88 4 -12|1.6 37|6 -6 0 -21 8
2230 泰茂|居家生活|-17 58 -103|59 61 -9 -37|0.4 23|3 0 0 -6 6
2231 為升|汽車工業|-2 -17 -24|66 79 -11 -8|0.6 63|5 -2 -3 -22 12
2233 宇隆|汽車工業|-5 6 -3|62 62 -19 5|1.3 143|6 -5 -1 -18 5
2236 百達-KY|汽車工業|569 398 305|68 68 -14 -21|0.4 25|62 0 0 -28 -32
2241 艾姆勒|汽車工業|5 -5 16|47 78 -13 -21|0.6 8|10 14 0 -20 -2
2243 宏旭-KY|汽車工業|13 10 -71|43 62 -20 -35|1.9 5|28 -8 0 -35 13
2247 汎德永業|汽車工業|-14 11 -4|86 88 -3 -1|0.8 26|5 -8 -4 -18 18
2250 IKKA-KY|汽車工業|0 3 4|68 68 -17 13|0.9 56|6 -2 -1 -14 3
2258 鴻華先進-創|汽車工業|-30 968 56|78 78 -17 -6|0.3 17|0 3 0 na na
2301 光寶科|電腦及週|24 27 24|87 92 -4 -0|0.8 640|27 1 -3 -31 9
2302 麗正|半導體業|21 33 13|74 74 -1 -5|0.4 10|4 -12 4 -17 17
2303 聯電|半導體業|9 6 0|79 95 13 -6|0.8 1474|23 3 6 -19 -4
2308 台達電|電子零組|38 31 18|81 81 -11 -13|1.0 2401|65 2 -1 -22 35
2312 金寶|其他電子|16 28 14|60 60 -18 -20|0.7 113|15 5 0 -14 1
2313 華通|電子零組|14 9 0|63 80 -14 -10|1.1 478|18 10 -2 -22 -5
2314 台揚|通信網路|-46 -42 -5|28 28 -69 -61|0.5 14|1 -1 0 na na
2316 楠梓電|電子零組|19 10 12|65 72 -20 -25|0.8 21|28 -4 0 -26 -1
2317 鴻海|其他電子|23 28 6|65 67 -11 -30|0.7 7357|33 1 1 -35 -31
2324 仁寶|電腦及週|-2 1 3|72 73 -22 -19|0.7 385|43 7 -0 -2 -41
2327 國巨*|電子零組|11 9 -4|58 78 -11 -21|0.6 985|48 -2 2 -23 -4
2328 廣宇|電子零組|10 27 30|68 68 -5 6|0.8 615|17 -5 0 -43 8
2329 華泰|半導體業|7 -2 5|46 80 -2 -21|0.7 89|8 10 -2 -17 -5
2330 台積電|半導體業|46 42 1|84 84 -11 -8|0.8 31595|72 0 1 -14 17
2331 精英|電腦及週|-1 3 6|42 63 -28 -35|0.6 20|8 12 0 -31 -13
2332 友訊|通信網路|-11 -6 1|61 61 -28 -14|1.5 67|15 -4 0 -16 10
2337 旺宏|半導體業|7 7 6|67 83 6 -22|0.9 270|13 5 -1 -30 3
2338 光罩|半導體業|-15 -11 -10|38 53 -35 -44|0.8 27|6 14 0 -24 -22
2340 台亞|半導體業|11 1 -5|49 61 -18 -38|0.3 18|10 10 0 -26 -9
2342 茂矽|半導體業|45 58 11|68 68 -18 -26|0.7 6|7 -2 0 -15 2
2344 華邦電|半導體業|1 -1 -6|59 76 12 -17|0.4 801|11 0 -0 -41 -8
2345 智邦|通信網路|127 127 64|80 80 -13 12|1.1 2452|57 -4 2 -27 35
2347 聯強|電子通路|-4 -10 -12|81 94 0 0|1.1 347|30 -6 14 -30 2
2348 海悅|其他|66 -18 -57|34 49 -29 -15|0.9 64|2 13 -1 -49 -3
2349 錸德|光電業|4 -12 -2|55 65 -16 -25|1.7 26|12 -0 0 na na
2351 順德|半導體業|14 7 3|44 60 -19 -41|0.4 74|11 4 -3 -36 10
2352 佳世達|電腦及週|6 6 4|66 70 -22 -26|0.6 66|11 7 -0 -33 -5
2353 宏碁|電腦及週|7 4 -5|60 81 -12 -16|0.9 440|21 -6 8 -34 -5
2354 鴻準|其他電子|281 250 142|62 62 -20 -17|0.9 438|20 5 0 -35 -6
2355 敬鵬|電子零組|4 -5 -1|64 81 -11 -17|0.6 34|13 -0 2 -32 -3
2356 英業達|電腦及週|20 22 -8|71 77 -9 -9|0.6 466|13 2 1 -35 0
2357 華碩|電腦及週|29 21 -4|83 83 -9 1|0.8 2151|45 -11 0 -28 9
2359 所羅門|其他電子|58 54 49|75 76 -1 -3|2.2 402|4 -0 0 -13 0
2360 致茂|其他電子|47 57 26|70 70 -6 -20|0.8 561|66 -1 3 -39 25
2362 藍天|電腦及週|-21 -24 -29|74 82 -7 -13|1.1 85|10 -5 0 -27 -2
2363 矽統|半導體業|1424 1280 639|47 63 -21 -34|0.8 193|9 13 0 -28 -36
2364 倫飛|電腦及週|51 50 19|60 82 -2 -15|0.3 9|19 4 0 -37 4
2365 昆盈|電腦及週|14 6 -18|60 77 -12 -13|2.1 64|1 -2 -1 -14 -4
2367 燿華|電子零組|-4 5 -15|58 74 -21 -19|0.9 89|10 7 0 -22 -9
2368 金像電|電子零組|51 34 6|86 86 -2 8|1.2 1152|15 -6 3 -41 10
2369 菱生|半導體業|-4 -11 -2|57 69 -18 -28|0.7 9|14 15 0 -28 -5
2371 大同|電機機械|7 -2 2|61 80 -2 -5|0.8 614|9 5 4 -20 -0
2374 佳能|光電業|-7 26 0|67 67 -17 -1|0.5 195|6 0 0 -24 -7
2375 凱美|電子零組|13 12 1|68 68 -14 -14|1.1 24|6 -1 0 -25 -1
2376 技嘉|電腦及週|-8 25 -63|73 77 0 -10|0.8 630|15 11 1 -37 -1
2377 微星|電腦及週|23 12 3|72 72 -26 -20|0.5 485|26 8 -7 -0 -62
2379 瑞昱|半導體業|31 37 16|89 89 -5 4|0.9 1045|50 -5 -0 4 9
2382 廣達|電腦及週|89 88 36|74 77 3 -17|1.0 4412|20 6 3 -39 -7
2383 台光電|電子零組|65 69 12|97 97 10 45|1.1 2496|36 3 -2 -31 -8
2385 群光|電子零組|-0 2 -1|80 91 3 -1|1.0 561|24 -7 5 -16 41
2387 精元|電腦及週|-20 -3 -7|72 72 -12 -5|0.6 48|20 -12 -0 -19 22
2388 威盛|半導體業|-17 -4 -27|52 62 -19 -38|0.6 160|9 15 -0 -27 -18
2390 云辰|其他電子|-0 27 12|75 78 -13 -21|2.1 5|2 3 0 -33 -5
2392 正崴|電子零組|1 14 1|57 58 -25 -17|1.1 95|10 9 0 -33 -1
2393 億光|光電業|1 2 -14|87 87 -7 -9|0.9 128|23 -4 1 8 1
2395 研華|電腦及週|26 26 21|81 81 -9 7|0.8 483|39 -2 2 -31 41
2397 友通|電腦及週|33 37 38|67 72 -10 -20|0.7 10|26 2 0 -13 4
2399 映泰|電腦及週|-8 -19 -4|44 53 -24 -46|0.5 18|10 15 0 -33 -19
2401 凌陽|半導體業|5 19 1|56 69 -25 -28|0.7 34|15 12 -7 -22 -2
2402 毅嘉|電子零組|31 22 6|82 88 4 -8|0.7 55|8 8 -0 -31 -9
2404 漢唐|其他電子|-16 -3 19|85 85 -11 27|0.8 1154|22 -9 9 -42 136
2405 輔信|電腦及週|4 -2 2|61 74 -12 -16|0.4 33|6 11 0 -24 -9
2406 國碩|光電業|-37 -38 -114|45 66 -7 -32|1.0 14|6 -1 0 -20 2
2408 南亞科|半導體業|-19 -25 -24|48 77 28 -16|0.8 2231|8 0 -2 5 5
2409 友達|光電業|22 21 6|70 78 -4 -22|0.7 304|21 -5 -1 -30 9
2412 中華電|通信網路|5 2 -1|99 99 2 5|1.0 1623|16 12 2 8 16
2417 圓剛|電腦及週|4 0 1|67 71 -19 -2|0.3 24|3 12 -3 -31 -5
2419 仲琦|通信網路|-28 -8 -18|55 58 -24 -33|0.7 10|2 15 0 -24 -8
2420 新巨|電子零組|-8 1 -5|69 74 -10 -26|0.6 10|7 -4 -1 -58 4
2421 建準|電子零組|41 42 18|75 82 -2 -9|0.9 169|20 -4 4 -29 -8
2423 固緯|其他電子|-3 -0 5|90 90 -3 -1|0.6 9|5 -17 0 -28 4
2424 隴華|通信網路|768 242 137|100 100 49 8|3.5 6|4 -4 0 na na
2425 承啟|電腦及週|91 55 50|72 82 12 -14|0.9 44|9 5 0 -28 -4
2426 鼎元|光電業|17 11 4|62 64 -24 -28|0.6 9|9 12 0 -26 -6
2427 三商電|資訊服務|-47 -1 -7|72 85 -2 -7|1.1 42|3 -1 0 -20 22
2428 興勤|電子零組|27 22 8|71 75 -20 -21|1.6 61|17 23 0 -5 -30
2429 銘旺科|光電業|-9 201 168|82 82 84 94|0.9 168|7 -4 0 -10 100
2431 聯昌|電子零組|77 21 36|59 59 -16 -32|0.7 13|7 4 0 -22 4
2436 偉詮電|半導體業|21 23 13|67 72 -17 -25|1.0 28|6 11 -7 -31 -22
2439 美律|通信網路|14 10 -11|81 90 8 4|0.7 248|21 3 3 -19 13
2440 太空梭|電子零組|11 39 -0|74 93 20 5|1.3 9|0 -0 0 na na
2441 超豐|半導體業|16 12 1|84 84 -11 -5|0.4 21|12 1 -0 -29 -7
2442 新美齊|建材營造|236 53 -6|65 88 -1 8|0.6 14|3 13 0 -4 -2
2449 京元電子|半導體業|24 22 7|63 63 -15 -30|0.9 723|23 -7 -1 -23 2
2451 創見|半導體業|34 11 12|76 97 17 7|0.8 151|8 -9 16 -26 -1
2453 凌群|資訊服務|4 5 -2|84 84 5 13|1.1 291|9 -3 0 -17 28
2454 聯發科|半導體業|11 15 -4|83 83 -13 2|1.1 8284|58 -8 -0 18 53
2455 全新|通信網路|-10 -5 -12|51 57 -35 -27|1.1 517|28 7 -6 19 -25
2457 飛宏|電子零組|5 -4 4|48 59 -25 -30|0.7 30|10 6 0 -13 -2
2458 義隆|半導體業|-9 1 1|79 83 -10 -10|1.1 295|27 12 -6 -11 11
2459 敦吉|其他電子|9 -11 17|77 84 -10 -15|1.3 6|17 10 0 20 5
2460 建通|電子零組|28 24 -4|51 67 -15 -31|1.7 5|1 -1 0 -17 2
2462 良得電|電子零組|20 23 10|62 72 -14 -27|1.2 6|3 15 0 -29 -5
2464 盟立|其他電子|20 22 21|66 70 -14 -20|1.5 100|3 3 -2 -27 -8
2465 麗臺|電腦及週|-11 -12 -8|35 56 -25 -43|0.7 10|2 10 0 -25 na
2466 冠西電|光電業|145 66 30|82 82 1 158|1.3 227|11 0 2 144 -15
2467 志聖|電子零組|14 23 -19|57 61 -25 -31|1.4 112|10 8 1 -45 -12
2468 華經|資訊服務|79 57 37|95 95 195 223|1.3 1356|10 -0 0 24 2
2471 資通|資訊服務|30 23 7|94 94 24 33|3.2 270|9 0 0 54 24
2472 立隆電|電子零組|21 27 5|72 72 -20 -1|0.5 128|13 4 0 -8 4
2474 可成|其他電子|18 20 8|94 97 12 -3|0.8 649|37 9 -7 8 10
2476 鉅祥|電子零組|16 20 0|65 77 -12 -16|1.2 126|8 -1 0 -25 6
2477 美隆電|其他電子|10 42 19|64 65 -3 -36|0.8 10|24 3 0 -38 -0
2478 大毅|電子零組|22 27 10|81 96 7 -1|1.2 8|6 4 0 -54 3
2480 敦陽科|資訊服務|16 18 10|92 92 3 15|2.7 76|9 -1 -4 27 4
2481 強茂|半導體業|-4 6 6|69 77 -3 -22|0.6 61|12 -1 -1 -29 6
2485 兆赫|通信網路|-59 -55 6|53 64 -21 -34|0.7 8|5 9 0 -26 -15
2486 一詮|光電業|23 17 5|55 60 -28 -38|0.8 459|8 6 -0 -39 -10
2488 漢平|其他電子|48 35 3|78 78 -18 -1|0.4 11|11 -5 0 -12 -5
2489 瑞軒|光電業|28 23 -16|54 65 -20 -33|1.0 44|11 7 0 -29 -13
2492 華新科|電子零組|8 8 1|62 77 -12 -23|0.6 65|11 6 0 -25 -3
2493 揚博|電子零組|-0 8 -2|73 73 -7 -19|0.7 19|4 -6 0 -35 4
2495 普安|電腦及週|-32 -22 -15|63 64 -19 -34|2.1 24|11 -3 0 -29 -13
2497 怡利電|汽車工業|40 28 2|55 64 -14 -32|0.8 19|9 6 0 -29 6
2498 宏達電|通信網路|68 20 33|66 66 -27 -12|0.5 143|13 7 -0 -17 -1
2501 國建|建材營造|-64 -19 -47|49 77 -14 -16|1.1 18|7 1 0 -20 -5
2504 國產|建材營造|11 6 2|72 72 -7 -24|0.8 87|10 -6 3 -17 -1
2506 太設|建材營造|-62 -34 -35|77 85 -6 2|0.4 5|5 -9 0 -18 13
2515 中工|建材營造|-23 8 -13|62 91 4 2|1.2 56|12 -2 0 -27 7
2516 新建|建材營造|5 16 -1|77 77 5 61|0.7 24|5 -1 0 na na
2520 冠德|建材營造|-33 7 -44|80 83 2 15|0.7 96|21 -4 -1 -13 15
2524 京城|建材營造|266 849 495|38 63 -13 -33|0.4 24|2 7 1 -57 -11
2527 宏璟|建材營造|-13 -55 -1526|49 73 -16 -7|0.9 7|43 15 1 -57 -17
2528 皇普|建材營造|3612112 2239734 -435314|71 79 -4 0|0.6 25|4 4 0 -17 6
2530 華建|建材營造|-97 271 -37967|61 82 -13 -9|0.9 19|4 -2 0 -12 4
2534 宏盛|建材營造|420 439 295|82 89 3 -5|1.5 14|8 2 0 -19 4
2535 達欣工|建材營造|132 39 29|100 100 12 25|0.8 26|7 13 0 8 -37
2536 宏普|建材營造|1952 802 556|76 92 -4 6|0.8 5|9 -1 0 -21 -6
2537 聯上發|建材營造|-100 4132 -19077|42 77 -6 -19|0.5 13|4 3 0 -12 -2
2539 櫻花建|建材營造|835 328 na|76 91 17 25|0.7 76|3 -3 11 -11 -13
2540 愛山林|建材營造|-49 -2 -33|38 85 -7 -4|0.5 89|2 4 -1 -14 2
2542 興富發|建材營造|-86 -70 -88|65 87 -4 3|0.8 128|11 -0 -6 -27 4
2543 皇昌|建材營造|4 3 -7|69 69 -8 -15|0.4 530|4 -2 -0 -39 31
2545 皇翔|建材營造|-71 198 -113|67 67 -18 -8|0.7 33|7 -16 -1 -55 8
2546 根基|建材營造|29 32 21|65 94 14 10|0.4 7|3 5 0 -22 6
2547 日勝生|建材營造|-22 -4 1|91 91 23 37|0.6 55|19 -8 5 8 1
2548 華固|建材營造|-1 62 -501|63 85 -2 -9|0.6 78|16 -7 -15 -11 7
2597 潤弘|建材營造|18 20 1|72 91 10 31|0.5 43|2 -11 13 -6 2
2603 長榮|航運業|11 25 -40|88 88 4 3|0.5 2764|20 -6 3 -29 17
2605 新興|航運業|7 -16 -17|74 85 2 -6|0.4 60|35 4 0 -25 5
2606 裕民|航運業|-7 -12 -17|76 76 2 5|0.4 365|9 -0 -4 -29 -9
2607 榮運|航運業|-10 3 -20|89 93 2 -0|0.8 39|9 -18 0 -6 9
2609 陽明|航運業|-15 5 -51|85 85 7 7|0.8 2027|21 -2 -1 -23 15
2610 華航|航運業|5 8 -1|79 79 -16 -6|0.8 648|19 -18 7 -7 3
2612 中航|航運業|17 21 2|85 88 11 2|0.3 11|3 2 1 -30 7
2613 中櫃|航運業|1 1 -2|64 83 0 0|1.1 35|2 -4 0 -30 21
2615 萬海|航運業|24 34 -34|77 87 14 -3|0.6 1269|43 4 1 -26 13
2617 台航|航運業|1 -0 -9|71 86 -1 -9|0.5 13|5 -1 -0 -46 -6
2618 長榮航|航運業|3 6 -2|82 82 -16 4|0.6 897|23 -14 3 -16 19
2630 亞航|航運業|-4 2 -4|87 96 5 21|0.7 137|3 3 1 na -2
2633 台灣高鐵|航運業|0 0 -4|88 93 -1 -7|0.9 138|10 15 0 -7 -0
2634 漢翔|航運業|-32 -27 -19|81 87 5 7|0.5 515|2 -3 0 -23 32
2636 台驊控股|航運業|4 20 -50|65 85 -5 -13|0.5 19|10 -3 0 -29 -0
2637 慧洋-KY|航運業|-26 -25 -33|75 75 3 -11|0.5 447|8 -6 -4 -33 1
2641 正德|航運業|40 30 9|87 87 19 14|0.5 83|5 -3 0 -19 27
2645 長榮航太|航運業|24 14 2|91 98 1 13|0.9 75|7 10 1 -32 -7
2646 星宇航空|航運業|34 41 na|na 85 -10 -14|0.4 78|2 1 0 na 20
2707 晶華|觀光餐旅|3 6 12|88 98 10 7|0.6 60|7 -1 2 17 -5
2718 全心投控|建材營造|-79 -93 -323|35 48 -34 -47|0.5 7|1 8 0 -27 8
2723 美食-KY|觀光餐旅|7 4 7|88 88 -12 4|0.4 15|50 19 -1 -8 -9
2727 王品|觀光餐旅|3 6 5|91 91 -0 -6|0.7 43|24 -4 5 -31 6
2729 瓦城|觀光餐旅|-1 8 1|89 93 -1 -3|0.9 7|2 4 0 6 6
2731 雄獅|觀光餐旅|13 22 -0|87 98 10 3|1.6 57|7 11 10 -17 -2
2743 山富|觀光餐旅|-15 -5 -19|53 84 -9 -16|1.4 15|2 11 0 -28 -2
2745 五福|觀光餐旅|16 23 -10|75 88 -8 3|1.7 13|3 13 0 -34 4
2748 雲品|觀光餐旅|-3 -2 -1|68 79 -18 -15|0.6 6|2 18 -6 -26 -6
2753 八方雲集|觀光餐旅|16 13 3|99 99 24 25|1.0 175|9 7 2 22 4
2762 世界健身-KY|運動休閒|10 10 5|77 77 -9 -22|0.9 5|84 -5 0 -4 -5
2801 彰銀|金融保險|7 6 -3|99 100 1 3|1.1 341|14 3 0 -10 19
2809 京城銀|金融保險|-33 -27 -13|71 92 -4 -2|0.8 117|16 23 -25 -16 4
2812 台中銀|金融保險|2 8 -2|93 93 7 13|0.7 137|11 -13 0 28 16
2820 華票|金融保險|40 -4 -22|95 97 0 1|0.6 9|7 -5 0 -19 -1
2832 台產|金融保險|-2 0 -5|100 100 27 30|1.8 39|5 7 0 46 15
2834 臺企銀|金融保險|1 1 -4|74 90 -6 -9|0.8 202|16 -0 -8 -24 4
2836 高雄銀|金融保險|25 19 1|91 99 2 0|1.2 15|6 10 0 -7 -4
2838 聯邦銀|金融保險|-37 -6 -11|95 95 8 10|0.6 35|4 -10 0 -36 13
2845 遠東銀|金融保險|-5 -4 -2|76 91 -4 -2|0.9 72|9 -8 1 -28 5
2850 新產|金融保險|-0 -1 -3|93 93 5 10|0.8 31|10 -3 1 -46 4
2851 中再保|金融保險|-15 -9 -7|92 92 3 -1|0.6 29|4 -16 0 25 13
2852 第一保|金融保險|-6 -3 -5|97 97 20 32|0.9 29|7 -8 7 21 47
2855 統一證|金融保險|-75 -55 -114|81 83 -10 -9|0.5 43|10 -11 -1 -17 10
2880 華南金|金融保險|-4 3 -7|95 95 -4 6|0.6 315|17 -4 1 -1 20
2881 富邦金|金融保險|25 26 -69|90 90 -7 -7|1.4 1269|20 -16 2 49 29
2882 國泰金|金融保險|-31 -9 -22|84 84 -11 -14|1.7 1415|25 -9 3 35 30
2883 凱基金|金融保險|410 150 -65|88 88 -3 -1|1.2 765|27 -8 -2 -13 35
2884 玉山金|金融保險|23 26 7|93 93 0 3|0.8 524|32 -7 4 -2 27
2885 元大金|金融保險|-13 2 -17|84 84 -10 -4|1.2 742|26 -22 2 208 26
2886 兆豐金|金融保險|-30 -15 -15|90 93 -4 -4|0.9 599|19 -3 3 50 1
2887 台新新光金|金融保險|20 17 -12|82 91 -5 -4|1.2 664|19 -4 2 82 3
2888 新光金|金融保險|-113 -52 928|87 93 -4 4|0.9 547|34 12 0 -8 12
2889 國票金|金融保險|-22 -14 -25|71 78 -16 -18|0.6 34|8 -11 -2 -24 2
2890 永豐金|金融保險|-8 13 -2|82 88 -5 -6|0.8 467|23 4 2 -10 3
2891 中信金|金融保險|37 29 -1|98 98 3 12|1.5 2130|32 4 0 -34 -18
2892 第一金|金融保險|-11 -2 -8|88 90 -10 -7|1.1 612|23 -11 1 38 2
2903 遠百|貿易百貨|-3 -4 0|70 90 7 -8|0.4 34|12 2 -0 -9 2
2905 三商|貿易百貨|1 -21 -88|65 79 -14 -19|0.6 14|5 -13 0 -1 3
2908 特力|貿易百貨|-6 -8 -8|98 100 4 3|1.4 11|2 -7 0 -23 14
2912 統一超|貿易百貨|4 4 -2|86 88 1 -12|0.5 425|23 9 4 -27 7
2913 農林|貿易百貨|39 41 15|76 83 -7 -16|1.7 18|8 4 0 -12 2
2915 潤泰全|貿易百貨|4 -7 -17|67 67 -19 -29|0.8 102|9 12 -6 -27 -13
3003 健和興|電子零組|-3 -2 -11|59 70 -18 -22|0.8 26|3 12 0 -26 -12
3004 豐達科|鋼鐵工業|15 13 -0|85 95 3 14|0.5 16|3 1 0 -29 13
3005 神基|電腦及週|29 10 7|86 86 -9 -1|0.5 262|15 -0 4 -31 4
3006 晶豪科|半導體業|-22 -12 -17|49 72 -12 -24|0.4 89|12 2 -1 -16 7
3008 大立光|光電業|42 31 3|71 80 -20 -2|0.9 1358|34 5 -1 -24 -7
3010 華立|電子通路|8 8 -9|64 74 -17 -22|0.9 38|9 5 -1 -33 -5
3011 今皓|電子零組|-13 -9 -8|42 48 -23 -54|0.5 6|6 17 0 -22 -20
3013 晟銘電|電腦及週|42 78 8|54 54 -29 -40|1.0 448|8 2 -4 -17 15
3014 聯陽|半導體業|5 16 9|71 82 -6 -4|0.7 75|24 -11 -6 -19 21
3015 全漢|電子零組|21 13 16|74 74 -19 -9|0.8 26|10 6 -4 -42 -6
3016 嘉晶|半導體業|-6 -13 -8|48 59 -17 -40|0.6 11|2 11 0 -31 -11
3017 奇鋐|電腦及週|68 55 27|63 71 -3 -19|1.1 3355|37 6 1 -23 -4
3019 亞光|光電業|21 27 -5|64 64 -15 31|0.7 1637|19 -1 -1 -6 -3
3022 威強電|電腦及週|27 7 9|72 72 9 9|0.3 173|19 7 0 -43 14
3023 信邦|電子零組|-4 3 -1|67 70 -13 -15|0.8 412|50 2 -2 -39 33
3024 憶聲|光電業|77 78 -26|64 71 -11 -12|0.7 14|4 18 0 -9 -15
3025 星通|通信網路|-53 -12 -50|60 60 -23 -27|0.6 17|6 13 0 -31 -3
3026 禾伸堂|電子零組|24 19 13|84 90 -3 -6|0.3 22|13 -15 0 -42 3
3027 盛達|通信網路|51 26 17|68 83 13 -1|0.8 13|3 15 6 -11 -4
3028 增你強|電子通路|3 7 -3|93 95 8 1|0.5 7|7 -5 0 -10 3
3029 零壹|資訊服務|27 71 21|76 76 1 27|1.3 762|7 -2 0 2 17
3030 德律|其他電子|9 32 -23|60 76 -7 -16|1.0 150|14 5 -0 -51 -10
3031 佰鴻|光電業|-8 -1 -10|72 75 -18 -15|0.6 5|3 -1 0 -31 4
3032 偉訓|電子零組|36 16 23|65 65 -18 2|0.5 106|12 2 0 -19 9
3033 威健|電子通路|49 42 8|87 91 -3 -5|0.5 36|9 6 -5 -33 -1
3034 聯詠|半導體業|9 12 16|80 92 -4 2|0.8 1013|29 -12 3 -18 -0
3035 智原|半導體業|312 193 147|50 71 -17 -25|1.1 1918|14 2 -4 -9 -4
3036 文曄|電子通路|32 31 -28|73 99 6 6|1.6 486|13 9 -0 -41 16
3037 欣興|電子零組|19 14 -0|44 54 -25 -42|1.3 1611|27 -4 0 -21 -26
3038 全台|光電業|-20 -17 0|76 86 -5 -2|1.0 9|5 -2 -0 -30 5
3040 遠見|其他|3 1 10|83 83 -7 9|1.3 14|17 1 0 -10 10
3041 揚智|半導體業|-20 -17 -30|67 67 -16 -22|1.8 17|9 -2 0 0 -11
3042 晶技|電子零組|13 15 -1|75 75 -7 -25|0.6 55|10 12 -11 -37 1
3044 健鼎|電子零組|15 15 1|79 89 -5 -2|0.7 264|36 1 0 -17 17
3045 台灣大|通信網路|1 -0 -6|95 95 2 -2|0.7 1125|16 11 1 -27 11
3047 訊舟|通信網路|68 32 -41|48 60 -21 -35|4.1 22|6 -8 0 -20 0
3048 益登|電子通路|17 20 9|49 64 -12 -35|0.8 9|5 16 0 -25 4
3050 鈺德|光電業|3 -1 -9|51 69 -15 -26|1.0 8|9 5 0 -17 -5
3051 力特|光電業|14 23 16|86 94 4 -0|1.2 20|2 -1 6 -15 5
3055 蔚華科|電子通路|-72 -61 -9|49 63 -28 -35|0.6 13|2 11 0 -26 -23
3056 富華新|建材營造|943 12878 -1429|93 93 14 22|0.8 175|10 4 2 -10 16
3059 華晶科|光電業|43 19 28|74 74 -1 9|0.5 96|12 1 -2 -24 -19
3060 銘異|電腦及週|18 30 0|71 88 11 -7|1.5 30|9 -5 2 -15 30
3062 建漢|通信網路|21 34 20|56 56 -30 -34|0.6 34|14 7 0 -24 -12
3078 僑威|電子零組|44 47 52|77 77 -7 20|0.4 331|20 1 -2 -36 -3
3081 聯亞|通信網路|64 41 8|53 53 -42 -16|0.2 407|27 6 -1 -39 7
3086 華義*|文化創意|-6 -1 -2|59 78 -5 -19|1.0 15|40 7 0 -26 -14
3088 艾訊|電腦及週|27 16 5|69 69 -16 5|0.4 81|16 7 -0 -15 5
3090 日電貿|電子零組|25 37 17|85 85 0 8|0.4 51|9 -9 1 -36 9
3093 港建*|其他電子|391 342 241|81 87 2 -15|1.7 6|68 1 0 -5 5
3105 穩懋|半導體業|-24 -19 -16|49 73 -12 -29|2.3 390|16 -2 -1 -6 -0
3128 昇銳|光電業|35 26 4|73 73 -9 -4|0.5 17|2 1 0 -21 1
3130 一零四|數位雲端|9 10 1|94 100 4 3|0.6 9|24 -17 1 -20 6
3131 弘塑|半導體業|62 39 13|44 51 -31 -40|1.6 372|21 -4 0 na 9
3138 耀登|通信網路|-12 -12 -9|62 71 -15 -23|0.6 9|2 6 0 -23 1
3141 晶宏|半導體業|-8 -0 5|57 63 -13 -35|0.6 11|8 12 0 -17 -15
3147 大綜|資訊服務|329 248 168|100 100 85 112|1.3 574|12 4 -0 -8 1
3149 正達|光電業|21 14 -4|68 78 1 -21|0.4 68|1 -0 0 -12 12
3152 璟德|通信網路|-9 -3 -10|55 65 -22 -24|0.8 14|14 15 -3 -23 -14
3162 精確|電機機械|129 198 113|82 82 25 39|0.9 163|55 -3 0 10 34
3163 波若威|通信網路|28 0 27|73 73 3 9|1.1 2930|7 -3 0 -7 54
3167 大量|電機機械|103 120 5|43 47 -23 -52|0.6 64|6 4 0 -27 13
3169 亞信|半導體業|30 34 28|69 79 -8 -8|0.4 7|3 7 0 -19 4
3188 鑫龍騰|建材營造|-67 -73 na|54 92 12 10|0.9 6|1 1 0 -39 7
3189 景碩|半導體業|29 23 3|58 69 -21 -28|0.9 283|12 11 -5 -29 -4
3207 耀勝|電子零組|24 23 -33|49 60 -10 -38|0.8 24|1 2 0 -11 -8
3209 全科|電子通路|134 47 43|89 92 16 -3|0.9 45|7 7 -0 -44 -10
3211 順達|電腦及週|-32 -30 -7|81 81 -1 71|0.8 821|14 4 2 -33 -3
3213 茂訊|電腦及週|-47 10 14|70 70 23 8|0.5 113|6 -4 0 -23 20
3217 優群|電子零組|34 37 16|84 88 1 -10|0.9 72|9 -6 -0 -26 4
3218 大學光|生技醫療|-2 5 1|70 78 -8 -13|0.5 19|10 13 -1 -26 -20
3219 倚強科|其他電子|97 114 81|52 64 -7 -28|5.3 7|0 -2 0 -12 13
3227 原相|半導體業|33 34 -4|75 75 -11 -6|1.1 576|28 0 -1 -27 43
3228 金麗科|半導體業|-37 -29 -55|33 58 -20 -29|1.1 59|8 5 0 na -23
3230 錦明|光電業|1 23 51|61 61 -25 -12|0.3 40|1 -4 0 -4 13
3231 緯創|電腦及週|70 44 15|85 85 6 -6|0.9 3723|24 1 3 -20 5
3234 光環|通信網路|30 42 42|57 57 -25 -24|0.5 19|3 2 0 na na
3257 虹冠電|半導體業|3 -7 19|66 69 -14 -27|0.4 9|2 -0 0 -23 10
3260 威剛|半導體業|-6 -9 -19|75 88 16 3|0.6 304|13 4 1 -23 28
3264 欣銓|半導體業|-1 -2 5|95 95 11 36|0.6 483|19 2 -1 -46 3
3265 台星科|半導體業|13 8 -4|65 76 -15 -17|0.5 22|2 15 0 -15 -14
3287 廣寰科|電腦及週|7 -2 -15|83 98 50 22|4.4 106|1 0 0 15 51
3289 宜特|其他電子|1 7 -7|54 54 -19 -44|0.5 30|12 4 0 -41 -24
3290 東浦|電子零組|33 32 19|71 77 -11 -18|0.5 16|3 -2 0 -3 4
3293 鈊象|文化創意|27 28 -3|76 80 -7 -20|0.6 1499|26 11 -1 -19 -7
3294 英濟|電子零組|-38 -25 -21|67 70 -21 -4|0.6 24|7 -2 0 -4 7
3297 杭特|光電業|24 17 12|91 97 70 47|2.7 56|1 0 0 148 8
3303 岱稜|其他電子|15 17 -6|69 69 4 -14|0.4 20|4 -3 0 -36 2
3305 昇貿|其他電子|53 56 10|72 84 -8 -14|0.9 52|4 -6 0 -43 26
3306 鼎天|通信網路|31 3 21|65 72 -6 -21|1.1 6|3 4 0 -36 0
3311 閎暉|通信網路|24 15 -1|96 99 17 0|1.4 6|1 7 0 18 6
3312 弘憶股|電子通路|55 45 22|51 77 6 -19|2.4 69|1 -2 0 -4 8
3317 尼克森|半導體業|18 26 15|76 76 -8 -9|0.9 5|4 9 0 -23 -5
3323 加百裕|電腦及週|-12 -6 10|70 70 -9 22|1.3 117|3 -2 0 -21 54
3324 雙鴻|其他電子|53 46 7|54 71 -10 -21|1.4 2328|14 5 0 -29 -17
3325 旭品|電腦及週|10 -13 9|49 69 -4 -30|1.1 7|2 4 0 -42 -3
3338 泰碩|電子零組|-4 18 14|55 67 -12 -23|0.8 14|3 14 0 -32 -5
3339 泰谷|光電業|-13 -6 -26|73 88 10 -8|2.9 19|3 11 0 -22 -49
3346 麗清|汽車工業|38 18 6|67 73 -10 -25|1.1 11|3 2 0 -26 3
3356 奇偶|光電業|-6 -19 -7|79 87 9 -9|7.1 64|5 -2 0 20 45
3357 臺慶科|電子零組|37 37 2|70 80 -9 -18|0.8 13|13 5 -5 -22 1
3362 先進光|光電業|11 10 3|46 58 -32 -41|0.7 88|5 7 0 -30 -16
3363 上詮|通信網路|46 53 26|53 53 -41 -8|2.0 126|8 -7 -1 4 9
3374 精材|半導體業|41 9 -1|49 58 -28 -35|0.4 239|7 8 -0 -25 -16
3376 新日興|電子零組|-19 -1 -23|65 65 -11 10|1.0 2263|26 0 -1 -25 33
3379 彬台|電機機械|182 261 97|89 89 24 101|0.5 109|4 -1 0 -3 116
3380 明泰|通信網路|-24 -10 6|71 71 -22 -22|0.8 19|9 12 0 -22 -1
3390 旭軟|電子零組|-6 17 1|65 80 -7 -19|0.5 5|2 -1 0 0 -7
3402 漢科|其他電子|-3 -5 -20|70 75 -15 -17|0.4 10|3 9 0 -34 -11
3406 玉晶光|光電業|-3 2 -14|57 72 -17 -15|0.4 284|24 8 -2 -28 -3
3413 京鼎|半導體業|43 47 7|70 78 -10 -20|1.4 174|26 2 1 -30 8
3416 融程電|電腦及週|19 14 -6|75 75 -13 1|0.4 24|4 0 0 -32 -8
3430 奇鈦科|化學工業|-20 14 -3|53 65 -15 -33|0.5 5|5 4 0 -50 3
3434 哲固|光電業|26 11 -2|100 100 165 164|0.7 164|1 -0 0 70 4
3438 類比科|半導體業|13 17 5|60 66 -12 -36|1.7 6|2 -2 0 -31 -7
3443 創意|半導體業|32 23 19|65 73 -15 -12|1.1 1704|24 10 -3 -23 -36
3444 利機|電子通路|11 28 6|45 69 -23 -27|1.2 14|13 10 0 -41 -4
3447 展達|通信網路|103 82 33|51 51 -3 -36|0.6 41|3 -3 0 -18 23
3450 聯鈞|半導體業|105 116 49|62 62 -31 -5|1.0 3567|19 1 -1 -35 -8
3454 晶睿|光電業|15 26 27|77 77 -11 -1|1.9 60|3 -3 1 -1 6
3455 由田|光電業|89 9 7|65 65 -12 -29|0.5 19|7 13 -0 -41 -11
3466 德晉|通信網路|-2 -64 -2|44 57 -23 -43|1.3 37|7 2 0 -30 15
3479 安勤|電腦及週|30 24 19|85 85 9 -3|0.5 55|9 -1 -2 -38 -9
3481 群創|光電業|-7 13 10|83 85 3 -13|0.7 797|26 -10 3 -4 40
3483 力致|電腦及週|-8 -3 -8|51 68 -16 -27|0.9 67|7 10 0 -23 -23
3484 崧騰|電子零組|20 29 -4|71 71 -3 -6|0.3 20|11 -6 0 -26 1
3491 昇達科|通信網路|31 50 -12|78 78 -13 25|0.7 984|20 -1 0 -21 34
3498 陽程|其他電子|121 110 -14|52 56 -22 -40|1.7 15|6 -2 0 -19 -0
3501 維熹|電子零組|-1 11 -1|76 88 -2 -7|0.7 10|6 -20 0 -22 14
3504 揚明光|光電業|7 26 28|61 61 -21 -19|0.2 15|5 7 0 -34 -1
3511 矽瑪|電子零組|21 38 18|49 49 -25 -29|1.7 5|7 5 0 -37 2
3515 華擎|電腦及週|98 108 50|68 68 -19 -13|0.5 58|11 2 -2 -39 1
3526 凡甲|電子零組|51 67 25|90 90 1 -4|0.9 72|22 -13 10 -25 3
3528 安馳|電子通路|43 45 36|98 98 73 73|4.9 357|3 -1 0 -32 155
3529 力旺|半導體業|7 10 -5|73 73 -18 -18|1.1 1452|62 1 4 -57 59
3530 晶相光|半導體業|12 9 -4|52 57 -27 -41|0.4 7|40 6 0 -16 2
3532 台勝科|半導體業|-1 -1 10|44 64 -6 -33|0.5 20|48 4 -0 -18 -6
3533 嘉澤|電子零組|22 27 0|66 66 -22 -21|1.2 1591|39 -6 2 -23 37
3535 晶彩科|光電業|16 -45 -383|42 58 -30 -41|1.7 32|5 -1 0 -19 0
3545 敦泰|半導體業|-9 -15 -16|68 69 -14 -26|0.7 42|22 9 -2 -19 -11
3546 宇峻|文化創意|6 -7 -7|100 100 37 27|2.9 128|13 5 1 71 30
3548 兆利|電子零組|29 12 4|51 59 -24 -17|0.5 98|5 9 0 -33 -18
3551 世禾|綠能環保|16 12 -2|69 72 -17 -30|0.7 34|6 7 0 -42 -6
3552 同致|其他電子|10 -2 12|63 63 -19 -34|0.8 9|12 15 0 -28 -13
3557 嘉威|居家生活|-4 3 -9|62 62 -29 -29|0.9 9|3 6 0 -23 3
3558 神準|通信網路|70 45 51|70 70 -2 21|0.4 123|11 4 -8 -6 -1
3563 牧德|光電業|226 197 122|73 73 17 23|1.8 758|13 -6 1 -21 21
3564 其陽|通信網路|26 18 -9|41 61 -23 -39|0.5 6|4 9 0 -13 -17
3570 大塚|資訊服務|88 64 23|100 100 44 67|3.6 20|47 8 0 na -6
3580 友威科|其他電子|-17 -3 -1|59 67 -5 -24|3.2 46|3 -1 0 -12 14
3581 博磊|半導體業|-0 9 8|51 51 -18 -49|2.3 7|11 -2 0 -17 5
3583 辛耘|半導體業|30 25 -12|54 59 -21 -38|1.3 189|13 0 0 -25 1
3587 閎康|其他電子|3 3 -3|52 59 -32 -42|0.6 46|12 -7 -0 -10 -9
3588 通嘉|半導體業|3 12 -9|53 62 -17 -38|0.7 8|4 13 0 -43 -19
3591 艾笛森|光電業|5 6 -19|62 72 -17 -24|0.5 16|4 4 0 -8 3
3592 瑞鼎|半導體業|-7 -3 -21|73 82 -14 -2|0.8 69|14 11 -2 -26 -6
3594 磐儀|電腦及週|63 48 35|71 71 -3 15|0.2 22|7 6 0 -28 -13
3596 智易|通信網路|10 2 8|93 93 23 44|1.1 442|36 4 0 15 19
3605 宏致|電子零組|36 33 9|72 72 -12 -11|0.3 181|20 -8 -1 -9 -11
3607 谷崧|電子零組|2 15 -11|64 70 -13 -30|0.9 5|6 2 0 -16 -6
3609 三一東林|電子零組|-48 58 66|72 72 -4 9|0.1 5|3 -8 0 -25 na
3615 安可|光電業|-3 -11 -1|60 66 -6 -30|0.6 9|4 5 0 -26 -4
3617 碩天|其他電子|25 12 3|73 73 -12 -6|0.9 106|16 9 -2 -12 11
3622 洋華|光電業|-2 23 19|64 71 -6 -19|0.4 9|3 13 -1 -34 -12
3624 光頡|電子零組|2 8 2|55 63 -15 -36|0.8 6|42 6 -14 -31 -19
3630 新鉅科|光電業|31 10 -6|62 67 -18 -24|1.1 13|39 -3 0 -28 3
3645 達邁|電子零組|5 20 -15|66 66 -16 24|0.2 129|16 4 -1 -27 26
3653 健策|電子零組|66 67 33|64 64 -20 -31|0.9 986|23 -3 6 -33 -16
3661 世芯-KY|半導體業|-7 0 -52|63 63 -22 21|0.9 5717|57 2 -1 -26 33
3663 鑫科|其他電子|178 115 5|50 59 -10 -42|2.3 46|1 -3 0 -19 4
3665 貿聯-KY|其他電子|34 32 17|81 81 1 31|0.9 1732|35 -6 7 -29 19
3673 TPK-KY|光電業|-8 -11 -10|58 72 -16 -27|0.6 45|36 10 0 -29 9
3675 德微|半導體業|-13 -9 -34|42 57 -20 -44|1.8 46|55 -0 -8 -8 7
3679 新至陞|電子零組|24 43 19|84 84 -4 4|0.7 12|11 -5 1 -28 20
3680 家登|半導體業|77 20 -22|62 68 -16 -30|0.6 243|26 2 -3 -29 -2
3687 歐買尬|數位雲端|16 4 -2|63 69 -14 -37|0.9 8|7 13 0 -26 -2
3689 湧德|電子零組|38 38 37|79 79 -0 -5|0.5 122|17 0 0 -28 8
3691 碩禾|光電業|-39 -41 -154|37 69 -7 -30|0.7 18|2 -2 0 -19 0
3693 營邦|電腦及週|65 66 50|76 80 -5 -0|0.7 88|3 5 1 -30 1
3694 海華|通信網路|31 17 15|67 67 -15 13|0.4 48|9 1 -1 -29 -19
3701 大眾控|電腦及週|-1 -7 -3|54 62 -15 -16|0.9 10|4 10 0 -29 1
3702 大聯大|電子通路|57 37 4|70 89 -3 -10|1.2 317|26 0 -7 -61 6
3703 欣陸|建材營造|11 22 14|62 77 -17 -12|0.8 19|22 4 -5 -42 10
3704 合勤控|通信網路|7 32 27|69 70 -22 -28|1.2 62|13 -0 -0 -48 14
3705 永信|生技醫療|52 24 5|98 98 21 16|1.4 219|11 3 1 66 46
3706 神達|電腦及週|146 146 34|61 61 -25 17|0.4 524|14 5 -1 -33 -19
3707 漢磊|半導體業|-8 -12 4|49 65 -15 -36|0.8 32|9 10 0 -22 -5
3708 上緯投控|綠能環保|9 14 3|49 70 -6 -26|0.8 31|8 -2 0 -17 -2
3709 鑫聯大投控|電腦及週|102 60 13|97 97 64 25|3.3 123|5 0 0 100 49
3711 日月光投控|半導體業|18 12 7|72 76 -14 -12|0.7 1452|73 -2 -1 -3 -2
3712 永崴投控|電腦及週|24 97 27|66 66 -19 -1|0.7 43|6 1 1 -20 -3
3714 富采|光電業|0 3 -3|73 73 -15 -19|0.5 57|16 4 0 -27 -0
3715 定穎投控|電子零組|3 9 -3|55 62 -23 -36|1.8 76|8 1 -3 -24 -4
4104 佳醫|生技醫療|5 7 2|98 100 6 4|1.0 18|4 6 -1 45 -14
4105 東洋|生技醫療|43 24 12|100 100 6 11|0.7 59|19 15 0 16 -3
4107 邦特|生技醫療|2 6 -1|88 96 5 3|1.0 13|9 -5 1 -17 4
4111 濟生|生技醫療|32 20 6|99 99 7 18|1.2 11|6 7 0 -21 9
4113 聯上|建材營造|-84 -7 -377185|38 73 -9 -15|0.7 11|2 4 0 -40 -5
4114 健喬|生技醫療|15 21 8|86 89 -3 -10|0.4 18|5 -6 0 -24 3
4119 旭富|生技醫療|18 16 -24|74 74 -14 -18|0.5 9|7 10 0 -29 -2
4123 晟德|生技醫療|-19 11 -7|64 71 -11 -27|0.5 23|10 14 0 -17 -14
4126 太醫|生技醫療|12 8 2|94 94 -2 3|0.4 6|12 0 -0 -2 1
4128 中天|生技醫療|8 11 1|53 58 -26 -39|0.8 26|8 10 0 -22 -16
4129 聯合|生技醫療|22 23 2|82 88 -6 -10|0.3 15|12 -7 1 -34 -6
4137 麗豐-KY|生技醫療|-13 -16 -2|64 81 7 -18|0.5 11|57 6 0 -15 -1
4142 國光生|生技醫療|-91 626 451|66 77 -20 -19|0.7 26|6 17 0 -28 -24
4147 中裕|生技醫療|4 -1 -6|82 82 -5 1|0.3 55|8 -3 2 -17 4
4162 智擎|生技醫療|23 2 -113|74 74 -10 -11|0.4 71|9 -8 1 -15 14
4164 承業醫|生技醫療|151 57 37|72 72 -3 2|0.3 44|29 4 0 -38 -8
4167 松瑞藥|生技醫療|2 7 -12|76 90 -3 -11|0.8 13|11 5 0 -24 2
4173 久裕|生技醫療|7 35 16|87 87 11 15|0.3 18|3 3 0 -48 16
4174 浩鼎|生技醫療|-9 25 -345|44 60 -33 -39|4.0 47|9 2 0 -12 2
4303 信立|塑膠工業|271 461 179|89 89 67 78|0.9 1063|7 -1 0 -13 16
4306 炎洲|塑膠工業|-10 -0 -22|72 86 -7 -11|0.6 16|6 -2 0 -18 9
4417 金洲|紡織纖維|52 42 23|97 97 5 14|0.4 9|5 9 0 -19 18
4420 光明|紡織纖維|63 48 13|86 86 10 14|0.4 7|1 -5 0 -30 28
4438 廣越|紡織纖維|20 16 7|75 77 -14 -17|0.6 10|2 -10 0 -46 25
4503 金雨|電機機械|152 93 56|81 81 -3 8|0.3 24|3 -0 0 -45 12
4506 崇友|電機機械|40 29 18|90 99 6 7|1.1 7|2 4 0 67 7
4510 高鋒|電機機械|-23 -16 2|84 84 30 23|1.5 271|3 0 0 -2 49
4513 福裕|電機機械|-44 -19 -4|28 61 -17 -36|0.6 7|4 7 0 -33 -4
4526 東台|電機機械|21 21 33|63 71 -11 -22|1.3 43|6 -1 0 -25 -5
4532 瑞智|電機機械|22 36 5|99 100 16 13|1.5 106|24 -1 4 8 5
4533 協易機|電機機械|-47 73 42|56 69 -11 -28|0.7 21|6 -1 0 -17 -6
4534 慶騰|電機機械|11 11 -11|68 68 -1 -3|0.6 10|1 -4 0 na na
4536 拓凱|運動休閒|45 31 9|79 79 -5 -20|0.5 32|20 -13 5 -29 8
4540 全球傳動|電機機械|-5 -20 -13|66 66 -14 -8|0.9 64|4 -2 0 -9 -1
4541 晟田|其他|-18 36 9|92 92 43 66|1.1 1389|3 -1 0 1 26
4542 科嶠|電子零組|30 7 30|57 60 -19 -36|2.2 11|7 6 0 -23 -11
4545 銘鈺|電子零組|13 11 -16|49 60 -15 -44|1.3 5|33 4 0 -11 15
4549 桓達|電機機械|-15 -0 3|54 54 -27 -23|1.1 17|3 8 -1 -37 -10
4551 智伸科|汽車工業|22 25 7|65 68 -8 -29|0.4 16|53 -10 6 -15 7
4555 氣立|電機機械|39 18 3|56 77 -4 -12|0.4 9|3 8 0 -28 15
4557 永新-KY|汽車工業|24 40 12|74 74 -12 -18|0.5 12|37 7 0 -36 -2
4560 強信-KY|電機機械|45 29 -0|87 87 -4 0|0.5 6|84 8 0 -16 7
4561 健椿|電機機械|-4 -23 -15|65 65 -14 -21|1.9 11|0 -4 0 -14 -10
4562 穎漢|電機機械|-1 13 1|68 74 -3 -16|1.6 21|3 -1 0 -23 21
4563 百德|電機機械|26 21 -3|58 68 -7 -28|0.6 16|4 8 0 -35 3
4564 元翎|電機機械|59 70 51|67 78 -16 -17|0.4 24|3 -6 0 -8 25
4566 時碩工業|電機機械|21 21 -1|57 73 -9 -26|1.1 45|1 -0 0 -20 -6
4569 六方科-KY|汽車工業|42 34 9|48 54 -10 -51|0.5 26|68 13 0 -56 -13
4571 鈞興-KY|電機機械|15 10 -17|56 56 -21 -9|0.8 78|68 2 0 -24 11
4572 駐龍|電機機械|-24 -26 -20|91 91 14 18|1.1 302|6 1 -0 -29 19
4576 大銀微系統|電機機械|13 32 14|70 70 -16 -18|1.2 213|3 -1 -0 -16 -9
4580 捷流閥業|電機機械|-11 -4 -1|82 88 -7 -10|0.6 6|3 9 0 -27 -34
4583 台灣精銳|電機機械|10 13 2|73 73 -11 -10|1.5 584|3 3 0 -40 -15
4714 永捷|化學工業|69 130 26|69 81 5 -13|0.6 13|3 5 0 -33 -3
4716 大立|化學工業|-10 12 1|48 56 -17 -44|0.6 5|4 11 0 -33 -4
4720 德淵|化學工業|-4 10 -1|68 80 -11 -15|0.5 7|7 -6 0 -45 -7
4721 美琪瑪|化學工業|-38 -14 -7|63 68 -13 -26|0.4 7|2 18 0 -33 -12
4722 國精化|化學工業|8 2 -10|77 77 12 26|0.3 46|6 -3 3 -51 29
4726 永昕|生技醫療|28 75 9|55 67 -14 -32|0.7 6|22 13 0 -33 -33
4728 雙美|生技醫療|-1 41 24|100 100 82 83|1.8 34|18 28 0 4 10
4736 泰博|生技醫療|-20 -8 -14|83 84 -6 -15|0.5 16|9 -12 0 -16 0
4739 康普|化學工業|-0 -4 11|62 71 -15 -25|0.4 6|2 11 0 -26 -6
4741 泓瀚|化學工業|-22 -25 -13|44 60 -22 -38|0.9 6|1 1 0 7 -10
4743 合一|生技醫療|-39 8 -28|35 47 -21 -53|0.9 110|9 6 0 -19 -7
4746 台耀|生技醫療|-14 6 -0|55 66 -17 -33|0.5 20|10 18 -8 -35 -2
4749 新應材|半導體業|41 40 na|na na -33 na|0.7 267|3 3 0 na 538
4755 三福化|化學工業|15 4 -7|67 72 -15 -19|0.4 7|30 12 2 -42 -1
4760 勤凱科技|其他電子|43 57 5|67 82 -6 -17|0.6 9|4 4 0 -37 -2
4763 材料*-KY|化學工業|8 19 -8|74 74 0 3|0.7 1455|51 -3 -1 -28 10
4766 南寶|化學工業|8 14 2|92 94 8 23|0.9 149|19 -9 19 -70 47
4768 晶呈科技|化學工業|-10 -28 -49|43 55 -32 -45|0.5 19|7 16 0 -28 -3
4770 上品|化學工業|-30 -32 -44|57 68 -8 -23|0.5 146|10 -1 1 -42 -5
4771 望隼|生技醫療|30 9 -2|64 95 21 8|1.1 35|7 11 0 -2 -5
4772 台特化|化學工業|25 5 na|na 67 -27 7|0.4 164|5 5 -1 90 -7
4903 聯光通|通信網路|141 59 12|54 56 -17 -33|0.9 18|1 2 0 -36 -14
4904 遠傳|通信網路|6 1 -7|92 92 -4 -3|0.9 531|18 4 3 329 12
4906 正文|通信網路|-25 -8 -10|62 75 -14 -21|1.2 47|21 7 -0 -21 -13
4908 前鼎|通信網路|33 8 11|64 64 -19 -20|0.5 23|4 16 0 -24 0
4909 新復興|通信網路|-91 -76 -350|38 55 -26 -42|0.8 240|3 -1 0 -20 -4
4912 聯德控股-KY|電子零組|8 32 2|54 54 -29 -11|0.5 22|33 -1 -3 -19 14
4915 致伸|電子零組|8 15 13|69 85 -6 -12|0.8 104|44 6 -2 -27 11
4916 事欣科|電腦及週|-11 -12 -10|84 84 34 46|1.2 376|4 -2 0 -9 47
4919 新唐|半導體業|-3 -1 8|53 66 -24 -33|0.7 94|10 3 -1 -28 -13
4927 泰鼎-KY|電子零組|8 11 6|39 53 -30 -47|0.3 51|13 -1 0 -42 14
4931 新盛力|電腦及週|34 38 -14|94 94 36 157|1.4 1121|4 -0 0 -7 49
4933 友輝|光電業|28 26 9|93 93 8 20|1.4 46|10 1 0 -14 14
4934 太極|光電業|-75 -77 3|39 66 -16 -33|1.0 6|2 -1 0 -74 0
4938 和碩|電腦及週|13 11 12|69 82 -15 -18|0.7 444|31 -20 8 -31 9
4946 辣椒|文化創意|1471 1262 895|100 100 391 405|2.1 49|14 2 0 na na
4949 有成精密|光電業|-12 -4 25|na 97 181 153|4.6 272|3 -0 0 59 238
4950 金耘國際|鋼鐵工業|1219086 621485 466156|67 67 -2 4|1.7 9|0 -0 0 na na
4952 凌通|半導體業|4 -4 -11|57 72 -18 -24|0.8 8|6 15 -6 -31 -3
4953 緯致|資訊服務|12 9 -5|72 72 -6 -15|0.7 26|6 13 0 -26 -2
4956 光鋐|光電業|24 18 -4|55 61 -18 -36|0.9 16|14 8 0 -21 -9
4958 臻鼎-KY|電子零組|30 26 3|65 80 -13 -11|0.9 575|61 -1 2 -41 -8
4960 誠美材|光電業|10 12 12|73 90 -9 1|0.4 10|16 -8 0 -27 11
4961 天鈺|半導體業|16 28 2|77 88 -2 -12|1.4 138|20 19 -9 -26 -10
4966 譜瑞-KY|半導體業|3 10 -5|62 69 -21 -24|1.1 319|44 12 -3 -17 -6
4967 十銓|半導體業|81 78 33|42 77 -0 -18|0.3 80|2 3 0 -27 5
4968 立積|半導體業|6 -1 -17|57 62 -29 -17|1.0 355|14 2 -3 -15 -0
4971 IET-KY|半導體業|69 45 26|53 53 10 29|0.5 159|20 -3 -0 -0 -14
4973 廣穎電通|半導體業|17 2 5|53 74 -16 -15|0.5 9|2 -1 0 -19 -8
4974 亞泰|電子零組|30 29 -6|68 68 -7 1|0.3 54|9 9 1 -22 2
4976 佳凌|光電業|0 1 -22|48 70 -14 -28|2.2 11|1 -1 0 -22 -2
4977 眾達-KY|通信網路|102 98 49|61 61 -33 -11|0.6 220|31 9 -2 -27 -20
4979 華星光|通信網路|43 67 35|61 61 -34 9|0.9 2629|11 -2 1 -16 31
4991 環宇-KY|半導體業|59 31 -12|65 65 -24 51|0.7 1070|6 0 0 -32 72
5009 榮剛|鋼鐵工業|-15 -10 -2|81 89 -9 -5|0.8 122|9 11 -0 -31 7
5201 凱衛|資訊服務|100 20 15|90 90 91 102|5.7 222|8 -0 0 27 144
5202 力新|資訊服務|-7 -12 -37|81 83 10 -16|2.1 85|2 -1 0 -21 12
5203 訊連|資訊服務|10 16 4|74 74 5 13|0.4 47|19 10 -2 -16 -5
5210 寶碩|資訊服務|7 -7 3|67 83 6 -14|2.3 12|1 -1 0 na na
5213 亞昕|建材營造|1240 926 630|71 97 12 22|0.7 13|2 15 0 -5 -8
5222 全訊|半導體業|-12 -4 -3|64 79 -9 -18|0.4 23|4 0 -0 -22 12
5225 東科-KY|其他電子|-2 -2 -12|71 79 -14 -8|2.0 81|42 -0 0 -50 6
5234 達興材料|光電業|17 18 15|66 68 -21 -25|0.4 92|6 3 1 -33 1
5236 凌陽創新|半導體業|29 49 29|64 75 -9 -24|0.9 21|4 9 0 -52 -9
5243 乙盛-KY|光電業|5 19 -1|61 61 -19 -26|0.5 22|53 7 0 -32 -1
5244 弘凱|光電業|5 -1 -1|79 79 0 6|2.3 77|3 -2 1 -18 35
5251 天鉞電|光電業|52 79 17|92 92 115 78|4.8 384|24 0 0 65 -8
5258 虹堡|電腦及週|-13 -7 -3|51 64 -14 -38|0.9 39|5 14 0 -34 -36
5263 智崴|文化創意|6 17 -40|50 57 -28 -44|0.5 16|19 -3 0 -28 -1
5269 祥碩|半導體業|16 32 5|76 80 -11 12|1.0 1376|21 -2 1 -24 8
5274 信驊|半導體業|110 104 -13|59 72 -1 -22|0.9 1364|48 1 6 -45 38
5278 尚凡*|數位雲端|76 25 13|64 64 -15 -3|0.6 6|1 15 0 na na
5283 禾聯碩|電器電纜|9 14 4|76 81 -17 -18|0.7 10|1 -0 0 27 14
5284 jpp-KY|其他|49 36 19|81 81 -9 -10|0.8 96|55 3 -0 -17 12
5285 界霖|半導體業|7 15 11|65 74 -6 -27|0.2 6|1 -1 0 -37 10
5288 豐祥-KY|電機機械|12 9 5|66 74 -23 -28|0.5 19|60 10 -5 -21 3
5289 宜鼎|電腦及週|28 21 7|73 85 24 -7|0.4 82|22 12 -3 -41 -3
5292 華懋|綠能環保|74 37 13|80 84 -7 -10|0.5 5|2 -8 0 -12 -1
5306 桂盟|運動休閒|24 23 6|61 72 -21 -28|0.6 14|15 6 0 -23 8
5309 系統電|電子零組|2 -2 4|75 75 -4 9|0.6 110|3 -2 0 -26 4
5312 寶島科|生技醫療|-5 -2 -3|95 95 21 37|1.0 17|9 -8 0 1 14
5314 世紀*|其他|213 182 na|81 81 44 431|0.5 144|8 -8 0 -23 318
5315 光聯|光電業|49 71 37|90 90 12 11|0.6 14|14 -0 0 -34 0
5328 華容|電子零組|23 22 22|73 73 -11 -13|0.5 7|3 9 0 -30 -1
5340 建榮|電子零組|10 20 -35|55 72 -8 -21|0.3 5|50 22 0 -42 -5
5347 世界|半導體業|27 24 7|67 88 2 -8|0.6 409|12 -14 11 -23 10
5351 鈺創|半導體業|-30 -25 -38|54 73 -11 -25|2.8 21|6 -1 0 -19 -28
5371 中光電|光電業|-5 -7 -7|52 67 -21 -15|0.5 159|11 10 -4 -32 -7
5386 青雲|電腦及週|189 103 -39|61 65 -9 -33|1.1 11|3 11 0 -22 3
5388 中磊|通信網路|-33 -30 -13|75 75 -17 -8|0.8 332|20 5 -3 -20 -3
5392 能率|光電業|-3 -4 -2|74 80 -1 5|0.8 61|3 1 0 -17 5
5403 中菲|資訊服務|21 21 5|93 93 2 11|0.8 10|7 2 0 -10 6
5410 國眾|資訊服務|-2 137 85|79 83 4 -6|2.4 22|7 -1 0 -12 21
5425 台半|半導體業|51 43 27|59 71 -9 -27|0.7 37|11 4 0 2 2
5426 振發|電腦及週|62 66 36|57 63 -16 -10|1.0 11|4 10 0 -25 -33
5432 新門|綠能環保|-31 -5 17|45 61 13 -41|0.9 33|1 -0 0 -17 6
5434 崇越|電子通路|30 32 7|78 78 -12 -20|0.8 92|24 -2 -7 -33 0
5439 高技|電子零組|83 54 42|79 79 48 73|1.1 1528|11 1 -0 -16 -15
5443 均豪|半導體業|-28 -10 -55|45 53 -27 -41|1.5 157|6 -2 -0 -15 -8
5452 佶優|其他電子|6 1 -2|73 84 13 -17|1.5 31|8 4 0 -5 1
5457 宣德|電子零組|24 31 -6|66 66 -17 -17|0.4 10|39 11 0 -28 -9
5465 富驊|電腦及週|41 25 36|77 77 -8 -5|0.4 5|2 9 0 -26 -6
5469 瀚宇博|電子零組|19 15 12|73 84 -8 -15|0.7 57|12 2 -0 -24 8
5474 聰泰|電腦及週|-22 -6 -5|64 64 -24 -8|0.6 49|4 2 0 -28 6
5478 智冠|文化創意|-16 -5 -12|74 80 -5 -18|1.0 11|21 2 -4 -13 12
5481 新華|其他|-0 1 0|87 87 -10 18|0.9 17|28 -4 0 -4 13
5483 中美晶|半導體業|-5 -2 -0|50 69 -2 -29|0.8 351|19 9 -4 -20 -1
5484 慧友|光電業|27 13 -20|34 60 -25 -28|1.6 13|1 -6 0 na na
5489 彩富|其他電子|-7 0 -19|96 96 50 42|4.9 95|1 0 0 252 153
5493 三聯|其他電子|24 20 -0|64 70 -8 -27|0.8 7|1 8 0 -20 -0
5508 永信建|建材營造|-48 -70 -64|41 58 2 -40|0.6 47|5 -6 -1 -33 3
5515 建國|建材營造|9 26 -24|88 89 4 13|0.6 20|12 -7 6 -3 26
5519 隆大|建材營造|1 -27 -24|59 93 12 3|0.6 18|4 -7 7 -46 0
5521 工信|建材營造|43 47 12|84 95 22 6|0.6 24|6 2 4 -22 -10
5522 遠雄|建材營造|-85 -58 -302|66 74 -19 -7|1.1 69|4 5 -9 -9 0
5530 龍巖|其他|40 14 9|82 82 38 58|0.2 107|57 -2 0 -20 71
5531 鄉林|建材營造|-40 -23 -211|76 92 0 3|1.8 28|5 -8 8 -0 41
5534 長虹|建材營造|110 135 -12|66 84 11 7|0.7 123|16 2 -4 -38 14
5536 聖暉*|其他電子|52 61 26|89 89 -11 15|1.0 263|35 11 3 -11 12
5607 遠雄港|航運業|8 12 -6|58 75 -16 -19|0.6 11|2 1 0 -14 -7
5608 四維航|航運業|-5 -0 -4|70 77 7 -3|0.4 30|4 -1 0 -22 7
5609 中菲行|航運業|31 29 -8|78 86 -7 -12|0.8 8|16 2 -6 -16 -1
5706 鳳凰|觀光餐旅|45 53 4|73 86 -11 -2|0.6 8|3 6 0 -19 -9
5864 致和證|金融業|-260 -71 -62|64 75 -9 -22|0.5 5|2 5 0 -49 3
5871 中租-KY|其他|-1 -1 -4|70 77 -3 -23|0.7 656|46 6 -4 -21 -3
5876 上海商銀|金融保險|12 12 5|98 98 6 17|0.6 311|40 11 9 3 -7
5880 合庫金|金融保險|21 11 3|92 96 -0 -3|0.7 202|16 11 2 -21 -16
5903 全家|居家生活|2 2 -3|100 100 11 12|0.9 38|51 16 9 50 7
5904 寶雅|居家生活|3 7 1|88 91 0 -4|1.0 111|23 -5 -4 18 9
5905 南仁湖|觀光餐旅|-8 4 5|48 73 -15 -25|0.5 6|4 13 0 -41 -1
6005 群益證|金融保險|-21 1 -26|90 90 -0 18|0.6 112|12 -13 31 -58 2
6015 宏遠證|金融業|-109 -62 -284|80 88 -0 -6|0.7 9|2 1 0 -56 17
6016 康和證|金融業|-255 -119 -176|76 78 -17 -13|0.5 11|3 -4 0 -58 -8
6023 元大期貨|金融業|-3 5 -11|90 93 1 -3|1.0 17|1 1 -0 -32 12
6024 群益期|金融保險|38 25 -7|81 81 -17 -14|0.8 21|3 -1 -5 -15 6
6026 福邦證|金融業|-193 118 99|82 90 1 -3|0.5 7|3 -4 0 -29 9
6104 創惟|半導體業|78 68 29|79 79 -12 3|2.0 596|18 -0 -2 -11 45
6111 光聚晶電|文化創意|5 -4 -45|70 82 -5 -16|0.5 12|9 9 0 -23 0
6112 邁達特|資訊服務|14 0 7|67 67 -19 3|1.6 113|2 -1 -0 -11 18
6113 亞矽|電子通路|-11 -8 24|89 98 85 18|4.4 42|0 -1 0 43 122
6117 迎廣|電腦及週|35 -1 -14|53 70 2 -16|0.5 101|2 -4 1 -34 8
6120 達運|光電業|-3 -5 -11|66 82 -5 -18|1.1 10|7 8 0 -15 -9
6121 新普|電腦及週|9 6 8|86 88 -2 7|1.3 188|36 4 -6 -8 -10
6122 擎邦|電機機械|26 -6 14|86 92 -4 -5|0.9 8|3 10 0 -42 -4
6125 廣運|電機機械|-21 5 40|48 65 -22 -28|0.6 97|6 14 -0 -24 -31
6127 九豪|電子零組|4 15 -7|50 54 -30 -38|0.6 6|5 10 0 -32 -5
6128 上福|電腦及週|2 -1 -5|85 92 3 -3|0.6 7|5 -9 0 4 -16
6134 萬旭|電子零組|20 30 -21|49 51 -24 -42|1.2 6|24 2 0 -46 15
6136 富爾特|通信網路|12 8 8|89 89 5 7|0.6 14|4 4 0 -27 -2
6138 茂達|半導體業|18 17 8|72 81 -10 -25|0.8 79|15 -1 -6 -29 -24
6139 亞翔|其他電子|-19 -37 -42|74 88 -2 6|0.6 728|24 13 -2 -45 -8
6140 訊達電腦|資訊服務|77 76 50|95 95 71 85|2.7 681|7 0 0 14 21
6143 振曜|通信網路|53 22 -3|77 83 -5 1|0.5 136|4 3 -1 -13 4
6146 耕興|其他電子|-1 -2 1|71 80 -12 -18|1.1 22|33 3 -3 -37 -18
6147 頎邦|半導體業|20 20 12|84 95 0 0|1.6 143|22 13 -2 -20 -2
6148 驊宏資|資訊服務|-40 155 112|96 96 162 147|2.0 2497|4 0 0 -5 28
6150 撼訊|電腦及週|46 26 30|73 73 -12 -18|0.5 9|3 10 0 -24 -2
6151 晉倫|其他電子|23 20 5|51 51 -12 -47|2.7 11|7 0 0 -46 -14
6153 嘉聯益|電子零組|-13 -16 9|46 60 -19 -42|0.3 13|8 6 0 -21 -5
6156 松上|電子零組|76 90 39|66 82 4 -26|0.5 17|8 3 0 -12 6
6160 欣技|電腦及週|-21 -2 -13|62 80 -8 -18|3.7 15|4 -2 0 -1 10
6163 華電網|資訊服務|17 37 -1|75 83 6 -8|2.1 9|4 1 0 -37 -2
6165 浪凡|數位雲端|11 11 5|97 97 20 10|2.2 126|5 -0 1 2 3
6166 凌華|電腦及週|39 30 26|80 80 -2 8|0.6 77|16 -2 3 -6 3
6168 宏齊|光電業|14 3 3|68 70 -19 -26|0.9 5|4 8 0 -31 -12
6170 統振|通信網路|10 17 -9|86 86 7 5|0.4 17|5 10 0 -28 -6
6173 信昌電|電子零組|7 9 5|62 72 -12 -23|0.6 9|2 7 0 -22 -5
6175 立敦|電子零組|0 17 1|75 75 -13 -0|0.2 14|19 -4 0 -23 7
6176 瑞儀|光電業|11 13 -4|67 70 -25 -31|2.3 421|28 -10 -7 42 -1
6177 達麗|建材營造|186 59 -270|68 93 13 15|0.6 96|7 -4 1 -35 12
6179 亞通|其他|123 54 1|69 77 -12 -23|0.7 8|6 19 0 -30 -17
6180 橘子|文化創意|-9 -10 -18|84 84 -0 -7|0.6 39|27 1 2 -28 4
6182 合晶|半導體業|17 17 18|50 63 -14 -32|0.6 29|10 11 -3 -28 -26
6185 幃翔|電子零組|6 12 30|95 95 16 6|0.5 7|3 6 0 -10 5
6186 新潤|建材營造|567 128 -14243|62 90 9 10|0.7 19|2 -2 0 -27 1
6187 萬潤|半導體業|44 81 -233|50 56 -30 -40|1.4 475|13 -5 1 -1 8
6188 廣明|電腦及週|17 11 26|65 73 -15 -13|0.7 95|8 7 0 -23 -14
6189 豐藝|電子通路|-44 -27 -35|67 80 -9 -15|0.6 39|9 1 -2 -21 -2
6190 萬泰科|通信網路|36 33 1|86 88 11 5|0.8 94|6 -4 0 -42 72
6191 精成科|電子零組|9 2 6|80 80 -3 4|0.5 269|11 7 -2 -18 -6
6192 巨路|其他電子|-2 7 -8|79 89 -3 -7|0.7 27|19 -5 1 -13 -10
6196 帆宣|其他電子|-1 -6 -11|95 96 12 5|0.6 172|8 4 4 -41 20
6197 佳必琪|電子零組|14 17 -17|65 71 -2 -26|1.3 97|5 1 0 -25 4
6199 天品|其他|25 12 17|80 80 -17 80|0.4 29|5 -3 0 na 12
6202 盛群|半導體業|43 82 50|65 74 -8 -27|0.9 16|9 4 0 -36 -1
6203 海韻電|電子零組|21 47 66|77 77 -7 -2|0.4 15|3 -0 0 -52 0
6204 艾華|電子零組|17 31 22|39 65 10 -36|1.0 7|2 -1 0 -25 7
6205 詮欣|電子零組|19 12 -11|64 64 -26 -24|0.6 20|4 12 0 -59 9
6206 飛捷|電腦及週|19 36 1|66 66 22 33|0.4 262|22 -4 1 -40 16
6207 雷科|電子零組|61 3 -14|51 63 -19 -36|1.2 15|4 8 0 -32 -18
6209 今國光|光電業|4 37 33|75 77 -5 1|0.3 26|5 -1 0 -19 -3
6213 聯茂|電子零組|39 25 0|48 80 -8 -16|0.5 94|9 19 0 -33 -22
6214 精誠|資訊服務|-10 -1 -7|74 74 -9 -9|0.5 206|13 10 -2 -52 -15
6215 和椿|其他電子|86 68 -18|69 69 -14 55|2.1 435|8 -2 0 5 85
6216 居易|通信網路|-22 -27 -53|64 64 -8 -30|0.8 7|5 4 0 -45 -5
6217 中探針|電子零組|49 33 5|53 63 -23 -37|0.4 8|4 6 0 -21 -11
6219 富旺|建材營造|-101 107 -1321|52 64 -30 -19|0.5 9|2 6 0 -13 -19
6221 晉泰|資訊服務|8 33 20|75 75 -10 -5|3.1 24|1 1 0 30 95
6223 旺矽|半導體業|35 39 8|68 68 -15 -15|1.0 1422|18 -5 3 -24 18
6224 聚鼎|電子零組|24 16 6|56 63 -18 -41|0.5 5|11 -2 0 -38 -38
6227 茂綸|電子通路|36 44 35|72 72 39 43|2.8 265|3 -6 0 39 32
6228 全譜|電腦及週|120 144 58|71 97 133 31|0.8 21|1 -0 0 0 -57
6230 尼得科超眾|電腦及週|20 17 26|37 62 -23 -38|0.6 6|89 8 0 -34 2
6231 系微|資訊服務|19 9 -7|44 48 -30 -51|1.2 205|16 3 -5 -10 -11
6234 高僑|光電業|-44 -49 -7|70 76 -9 -16|1.3 8|11 -3 0 -4 6
6235 華孚|電腦及週|6 -7 -2|54 69 -15 -30|0.5 23|5 14 0 -30 -18
6237 驊訊|半導體業|-7 7 -8|61 61 -29 -27|0.4 14|3 8 0 -37 -3
6239 力成|半導體業|-14 -15 -12|57 80 -1 -13|1.2 712|31 0 -11 -13 12
6244 茂迪|光電業|-8 -6 5|55 75 -5 -22|1.5 35|11 -6 0 -0 -4
6245 立端|通信網路|3 3 5|74 74 -10 -4|0.3 68|10 6 1 -52 -10
6257 矽格|半導體業|9 13 -5|88 88 5 -7|0.4 154|23 -2 1 -24 16
6261 久元|半導體業|7 4 -5|78 87 2 -13|0.4 10|4 -18 -0 -7 11
6263 普萊德|通信網路|13 9 4|82 90 3 -6|0.9 8|2 3 0 -29 -3
6266 泰詠|電子零組|12 3 3|93 93 6 2|0.7 6|3 -11 0 -14 2
6269 台郡|電子零組|-26 -23 -3|53 66 -22 -32|0.4 39|13 12 -6 -17 -5
6271 同欣電|半導體業|2 -2 -6|67 77 -15 -20|0.7 110|19 20 -4 -29 -20
6274 台燿|電子零組|25 47 -3|80 81 -2 -7|1.4 722|29 -1 2 4 27
6275 元山|電子零組|17 13 4|63 81 -7 -19|0.5 9|2 5 0 -27 9
6278 台表科|光電業|8 15 17|74 86 -2 -6|1.1 106|20 5 -4 -22 9
6279 胡連|電子零組|27 25 3|81 81 -17 -9|1.4 221|18 -11 8 -8 -8
6282 康舒|電子零組|-9 3 -10|66 75 -12 -19|0.7 50|9 9 0 -12 -10
6283 淳安|其他電子|-17 86 52|66 75 -11 -22|0.6 8|20 -9 0 -29 2
6284 佳邦|電子零組|12 8 -1|69 79 -12 -20|1.3 74|4 12 -2 -22 -11
6285 啟碁|通信網路|8 11 9|75 82 -11 1|0.6 413|20 10 -9 -21 8
6288 聯嘉|汽車工業|-6 7 -16|61 63 -18 -30|0.6 13|2 2 0 -27 -4
6290 良維|電子零組|22 39 22|88 89 1 1|0.7 128|6 -0 0 -34 14
6409 旭隼|其他電子|3 12 -13|66 71 -9 -29|0.9 304|69 6 0 -42 57
6411 晶焱|半導體業|5 2 -4|71 76 -7 -24|1.0 10|7 8 0 -26 -1
6412 群電|電子零組|10 5 1|63 83 -10 -14|0.6 47|10 10 -1 -61 1
6414 樺漢|電腦及週|2 7 -12|81 83 -3 -7|0.5 115|22 8 -2 -45 5
6415 矽力*-KY|半導體業|4 10 -10|74 82 10 -19|1.2 1510|86 1 -1 1 15
6416 瑞祺電通|通信網路|12 37 18|56 64 -18 -37|0.3 30|5 5 -0 -25 -12
6425 易發|電機機械|-27 -25 -99|55 57 -17 -39|0.7 21|2 2 0 -26 1
6426 統新|通信網路|30 36 34|63 63 -9 -2|0.5 21|11 2 0 -15 -1
6435 大中|半導體業|22 31 24|77 77 -5 -7|0.4 12|7 5 0 -17 2
6438 迅得|其他電子|22 22 23|67 67 -22 -20|1.1 459|13 4 -1 -50 -16
6442 光聖|通信網路|79 162 -17|57 57 -34 -22|1.1 861|37 3 -3 -20 16
6443 元晶|光電業|-54 -35 7|49 70 -5 -28|1.5 67|9 -9 0 -9 0
6446 藥華藥|生技醫療|112 98 2|70 70 -20 -16|0.5 605|21 -0 2 -19 -19
6449 鈺邦|電子零組|38 28 7|52 64 -18 -29|0.5 23|2 7 -1 -28 -16
6451 訊芯-KY|半導體業|153 121 84|53 53 -37 -32|0.5 166|67 2 -0 -12 -27
6456 GIS-KY|光電業|-17 6 6|64 80 -10 -18|1.0 32|50 -1 0 -19 -5
6462 神盾|半導體業|13 7 -17|33 51 -31 -48|0.6 76|14 8 0 -22 -11
6469 大樹|生技醫療|12 11 4|67 85 7 -7|0.5 47|8 17 -2 -4 -12
6470 宇智|通信網路|41 63 53|76 76 -2 -6|0.6 5|7 -4 0 -8 8
6472 保瑞|生技醫療|95 75 -0|76 79 -13 -2|0.5 499|10 -2 1 -9 -1
6477 安集|光電業|19 -19 1|64 75 -20 -9|0.6 26|1 0 0 -31 6
6482 弘煜科|文化創意|17 14 -21|96 96 39 43|2.8 12|5 1 0 na na
6485 點序|半導體業|34 56 57|67 70 1 -5|0.7 16|9 -3 0 -8 5
6486 互動|通信網路|-25 8 -17|83 90 -4 -7|0.5 6|5 -6 0 -26 13
6488 環球晶|半導體業|-4 4 9|55 72 -4 -24|0.8 616|15 2 -8 -14 -4
6491 晶碩|生技醫療|-4 -8 -3|67 89 -7 -7|1.2 54|8 12 -4 -29 -4
6499 益安|生技醫療|107 117 42|95 99 33 7|2.1 7|13 0 0 16 8
6505 台塑化|油電燃氣|2 1 5|49 74 4 -25|0.3 132|5 4 0 -30 -1
6509 聚和|化學工業|9 12 4|72 72 -13 -28|0.3 9|5 2 0 -22 -1
6510 精測|半導體業|54 73 30|84 84 2 40|2.1 243|18 -15 10 -21 -20
6515 穎崴|半導體業|84 119 23|60 60 -21 -32|1.2 1129|18 -4 1 -24 35
6516 勤崴國際|資訊服務|8 47 35|98 98 12 14|1.2 5|1 -0 0 7 5
6517 保勝光學|光電業|7 8 3|65 65 4 -11|0.5 76|5 -1 0 -55 -6
6523 達爾膚|生技醫療|5 -2 -6|77 88 -8 -3|0.9 11|4 -16 0 -8 16
6525 捷敏-KY|半導體業|12 15 5|83 86 -5 -11|0.7 8|12 -6 -0 -17 2
6526 達發|半導體業|12 40 -6|63 69 -23 -17|0.6 138|8 10 -18 -0 -17
6530 創威|通信網路|16 21 9|61 63 -16 -31|3.0 22|6 -4 0 -22 1
6531 愛普*|半導體業|27 32 25|60 71 -19 -20|0.7 168|15 13 0 -21 -17
6532 瑞耘|半導體業|17 17 8|75 86 -5 -13|0.6 6|4 4 0 -20 -7
6533 晶心科|半導體業|12 31 -38|64 64 -23 -27|0.5 124|22 5 -1 -20 2
6535 順藥|生技醫療|2251 717 554|43 43 -23 -57|0.8 39|6 8 -0 na na
6538 倉和|電子零組|-20 -20 -15|50 80 6 -19|0.5 12|4 6 0 -35 4
6541 泰福-KY|生技醫療|6085 2377 1714|74 74 -11 -3|0.4 11|15 -11 0 -28 0
6546 正基|通信網路|5 17 7|41 61 -27 -20|0.4 73|10 11 -8 -25 -36
6547 高端疫苗|生技醫療|73 104 na|96 97 4 29|1.6 85|7 3 0 -1 14
6548 長科*|半導體業|22 17 9|83 95 4 -3|1.3 53|5 -5 -0 -27 21
6550 北極星藥業-KY|生技醫療|-19 -59 na|49 67 -20 -26|0.8 28|66 -11 0 -45 na
6558 興能高|其他電子|-11 6 4|86 86 -7 147|1.6 390|2 -0 0 -19 108
6560 欣普羅|光電業|662 354 261|68 97 21 18|3.0 6|5 -0 0 na na
6561 是方|通信網路|11 11 -7|79 79 -0 -9|0.9 30|11 5 2 -23 3
6568 宏觀|半導體業|-11 13 -6|60 60 -33 -24|0.2 9|4 6 0 -39 -2
6576 逸達|生技醫療|-33 16 na|68 79 -12 -13|0.3 7|23 4 0 na na
6577 勁豐|電腦及週|1 3 12|72 72 3 6|0.1 5|2 2 0 -46 24
6579 研揚|電腦及週|28 12 18|70 87 12 0|0.4 13|3 5 0 -16 -17
6584 南俊國際|電子零組|23 28 -16|56 66 -5 -28|0.7 27|8 9 0 -19 21
6585 鼎基|其他|3 8 -7|56 68 -19 -7|0.6 29|16 1 -1 -29 2
6589 台康生技|生技醫療|53 -4 -23|65 67 -22 -31|0.8 19|7 21 0 -27 -6
6591 動力-KY|電腦及週|63 55 49|73 79 -5 -6|0.4 7|23 -1 2 -11 5
6592 和潤企業|其他|-22 -22 -14|57 76 -12 -24|0.5 17|24 25 -0 -30 -10
6596 寬宏藝術|文化創意|-43 116 31|97 97 9 32|0.4 22|10 -7 0 -6 26
6603 富強鑫|電機機械|-17 34 11|73 87 4 -14|0.7 7|4 -13 0 -41 5
6605 帝寶|汽車工業|8 3 -6|67 75 -16 -24|0.7 96|17 15 -5 -16 -10
6609 瀧澤科|電機機械|2 43 18|45 48 -25 -50|0.5 16|55 15 0 -30 -0
6613 朋億*|其他電子|-26 -1 -7|69 69 -27 -6|0.5 28|7 2 2 -59 3
6617 共信-KY|生技醫療|19 43 na|na 82 -12 -5|1.4 17|38 1 0 na na
6625 必應|其他|-30 75 42|71 79 -7 -20|1.1 14|3 14 0 -34 -9
6629 泰金-KY|居家生活|7 -5 -22|72 78 -9 -20|0.5 8|77 1 0 260 3
6640 均華|半導體業|-62 -25 -122|37 48 -22 -42|1.0 51|4 3 0 na 5
6643 M31|半導體業|54 28 26|37 65 -14 -31|0.9 373|17 11 -3 -27 -14
6651 全宇昕|半導體業|23 39 19|80 80 -1 -2|0.6 13|8 1 0 -32 26
6657 華安|生技醫療|-35 -3 -23|74 74 12 19|0.2 17|8 -1 0 -21 na
6658 聯策|其他電子|-8 102 44|58 59 -3 -37|0.7 33|3 2 0 -33 10
6664 群翊|電子零組|-7 -3 -5|53 61 -18 -36|0.8 48|5 11 -2 -21 -11
6667 信紘科|其他電子|96 122 45|85 89 22 -13|1.3 151|4 -1 -0 -28 17
6668 中揚光|光電業|-25 13 8|46 64 -28 -26|0.5 14|14 1 0 -39 -5
6669 緯穎|電腦及週|227 139 49|70 75 2 8|0.8 3905|32 -1 5 -16 14
6670 復盛應用|運動休閒|42 31 3|94 94 6 19|1.5 286|37 0 16 -9 -3
6672 騰輝電子-KY|電子零組|0 -5 5|78 78 -7 -2|0.2 19|22 3 0 -25 4
6679 鈺太|半導體業|-8 5 -3|48 61 -23 -33|0.7 70|10 13 -3 -19 -26
6683 雍智科技|半導體業|15 19 -8|58 58 -33 -10|0.6 90|15 5 -3 na 0
6689 伊雲谷|數位雲端|16 18 -10|71 71 -22 -3|0.4 33|8 7 -0 -44 -19
6690 安碁資訊|數位雲端|11 15 -2|73 84 -4 -10|2.1 20|4 4 0 -13 2
6691 洋基工程|其他電子|39 46 27|82 82 -14 32|0.5 188|7 -11 13 -2 13
6692 進能服|綠能環保|157 195 82|75 89 7 3|1.0 7|1 1 0 -16 80
6693 廣閎科|半導體業|14 29 8|67 70 -28 -31|1.8 19|10 4 0 0 4
6695 芯鼎|半導體業|26 15 15|56 65 -24 -24|0.5 14|3 15 0 -28 -13
6706 惠特|光電業|105 140 113|38 38 -25 -55|0.8 98|14 9 -1 -28 -21
6712 長聖|生技醫療|11 9 -8|79 90 -6 -8|1.2 48|3 13 0 -18 -17
6715 嘉基|電子零組|1 -20 -12|62 63 -19 -31|0.7 10|2 10 0 -5 -8
6719 力智|半導體業|43 16 -6|58 74 -14 -25|0.5 47|8 11 0 -17 -11
6720 久昌|半導體業|17 16 na|na na 1 na|2.2 5|1 -0 0 na 9
6728 上洋|居家生活|54 55 14|100 100 23 29|1.9 15|2 7 0 32 15
6732 昇佳電子|半導體業|22 -5 -4|51 60 -15 -31|0.9 19|4 18 -4 -34 -22
6739 竹陞科技|其他電子|68 109 na|na 80 30 50|3.3 31|1 -5 0 na 91
6741 91APP*-KY|數位雲端|6 11 -5|79 79 -7 -10|0.4 21|53 -8 0 -28 -5
6742 澤米|光電業|13 6 -28|65 66 -20 -26|0.6 30|2 -1 0 -26 2
6743 安普新|其他電子|-28 13 -61|46 63 -20 -35|0.8 6|4 -1 0 -39 -5
6752 叡揚|資訊服務|34 21 8|100 100 45 58|4.0 59|9 9 0 17 21
6753 龍德造船|航運業|-4 10 -5|62 81 -6 -10|0.3 103|2 -0 1 -53 9
6756 威鋒電子|半導體業|-8 6 20|46 62 -16 -41|0.6 7|3 4 0 -22 -30
6757 台灣虎航|航運業|1 10 -11|87 87 -2 42|0.8 333|9 3 -4 -1 9
6761 穩得|電子零組|7 14 -3|85 88 10 5|0.4 23|4 0 0 -34 36
6763 綠界科技*|數位雲端|20 6 1|62 68 -9 -32|0.3 39|2 9 0 na -19
6768 志強-KY|運動休閒|40 53 13|67 67 -16 -2|0.9 150|70 -9 -0 -6 5
6770 力積電|半導體業|0 3 -1|51 69 -31 -23|0.4 148|7 9 -0 -19 -4
6781 AES-KY|電子零組|56 50 31|72 72 -18 75|1.0 1065|79 3 -0 -16 30
6782 視陽|生技醫療|43 18 -29|57 75 -2 -24|0.5 33|6 9 -7 -39 -11
6785 昱展新藥|生技醫療|na na na|42 76 2 -24|0.3 11|8 -6 0 -15 2
6788 華景電|半導體業|39 64 -14|63 67 -11 -27|0.7 49|10 3 0 -25 -9
6789 采鈺|半導體業|11 3 -28|55 61 -33 -27|0.4 156|8 12 -3 -41 -17
6791 虎門科技|資訊服務|36 23 8|69 69 -18 -17|0.9 6|12 5 0 na na
6799 來頡|半導體業|21 11 19|64 78 -4 -6|0.9 214|7 -2 0 -23 47
6803 崑鼎|綠能環保|13 13 -1|93 93 -1 2|0.5 19|3 -4 -0 -57 0
6805 富世達|電子零組|36 33 -1|44 44 -26 -41|1.4 1198|20 4 -6 34 10
6806 森崴能源|綠能環保|55 144 46|49 68 -23 -25|1.1 83|4 2 0 -17 -20
6811 宏碁資訊|數位雲端|17 26 6|73 78 -13 -0|1.7 22|2 -1 1 -38 11
6829 千附精密|半導體業|56 38 13|81 81 5 19|1.1 334|4 -3 0 -54 34
6830 汎銓|其他電子|19 6 2|57 61 -21 -40|0.9 30|2 9 0 -44 -12
6834 天二科技|電子零組|30 39 -2|69 96 14 -1|6.4 9|10 -2 0 14 11
6835 圓裕|電子零組|-3 4 -6|74 80 6 -18|0.3 13|9 0 0 -4 4
6838 台新藥|生技醫療|-100 na na|na 55 -24 -40|1.8 9|2 6 0 3 15
6841 長佳智能|生技醫療|24 43 -217|60 78 -12 -11|0.4 21|2 9 0 -49 -0
6854 錼創科技-KY創|半導體業|-10 55 -33|55 55 -30 -5|0.6 71|38 -3 0 -5 -0
6859 伯特光|光電業|153 127 86|68 68 -24 -11|0.6 28|16 7 0 -53 -16
6862 三集瑞-KY|電子零組|13 26 na|na 58 -14 -43|1.4 12|64 6 0 na na
6863 永道-KY|通信網路|23 27 -40|61 63 -35 -29|0.8 47|70 -0 2 -30 5
6865 偉康科技|數位雲端|7 -8 -7|92 92 25 37|1.5 6|0 0 0 na na
6869 雲豹能源|綠能環保|-25 8 27|50 78 -1 -19|1.6 86|3 3 0 -21 18
6870 騰雲|數位雲端|24 20 -5|68 68 -22 -18|0.3 7|1 -2 0 na 1
6873 泓德能源|綠能環保|38 88 -126|72 90 10 -3|0.6 84|13 1 1 -22 17
6877 鏵友益|其他電子|61 61 -124|73 73 10 28|0.5 103|4 -3 0 -15 36
6890 來億-KY|運動休閒|47 25 na|na 65 -28 -19|1.6 478|90 -9 6 -32 30
6895 宏碩系統|半導體業|115 50 27|42 55 -30 -36|1.4 13|3 3 -5 -35 -32
6901 鑽石投資|其他|-286 41 31|50 57 -30 -38|0.7 11|1 16 0 -33 -14
6903 巨漢|其他電子|-50 -48 na|na 76 -17 -23|0.7 6|0 1 0 -55 3
6906 現觀科|數位雲端|-11 5 -8|74 80 11 -15|0.5 36|12 -2 0 -23 16
6913 鴻呈|電子零組|26 48 na|na 66 1 -8|0.3 16|0 -6 0 na 61
6914 阜爾運通|其他|15 18 6|na 90 7 2|0.5 7|2 -3 0 -10 17
6916 華凌|光電業|1 13 7|82 82 14 -1|0.4 8|0 -2 0 -32 9
6919 康霈*|生技醫療|na na na|na 72 3 46|1.0 952|7 2 -0 na na
6922 宸曜|電腦及週|14 29 -12|70 70 -10 25|0.4 24|3 1 0 na 9
6923 中台|綠能環保|-56 -23 na|na 80 -1 -19|0.7 5|0 1 0 488 na
6928 攸泰科技|電腦及週|8 24 51|na 61 -23 -18|0.4 5|0 9 0 -46 15
6933 AMAX-KY|電腦及週|62 53 43|44 58 -17 -33|1.1 29|34 4 0 7 -1
6937 天虹|半導體業|-27 3 -51|49 49 -33 -42|0.7 94|4 -1 -1 -15 17
6949 沛爾生醫-創|生技醫療|-22 149 84|75 83 59 40|0.5 8|1 7 0 na na
6957 裕慶-KY|其他|-45 -12 na|na 75 -8 -20|0.4 18|6 -2 -4 -49 26
6962 奕力-KY|半導體業|-4 -9 na|na na -7 na|0.5 151|50 -5 0 na 3338
6994 富威電力|綠能環保|33 40 na|na na 14 na|0.5 24|2 3 0 na na
6996 力領科技|半導體業|-6 -8 na|na na -18 na|0.8 14|1 4 0 na na
7402 邑錡|光電業|10 -2 6|70 81 13 22|0.3 131|6 0 0 -21 -22
7556 意德士科技|半導體業|26 40 9|82 82 2 10|0.6 6|3 1 0 na 11
7712 博盛半導體|半導體業|3 -4 na|na na -40 na|3.3 8|0 -6 0 na na
7714 創泓科技|數位雲端|160 92 na|na na 77 na|4.4 20|1 0 0 na na
7722 LINEPAY|數位雲端|25 24 na|na na -23 na|0.6 93|61 -2 1 na na
8011 台通|通信網路|-40 -35 -43|69 71 -6 -19|0.8 17|5 6 0 -20 2
8016 矽創|半導體業|34 6 1|75 95 3 -5|2.5 157|31 25 -6 -12 -19
8021 尖點|其他電子|16 21 -9|67 68 -15 -30|0.6 8|10 -6 0 -46 5
8027 鈦昇|電機機械|59 12 -14|54 69 -5 -26|0.7 66|3 1 0 -18 -5
8028 昇陽半導體|半導體業|49 47 23|76 76 9 9|0.9 848|17 -4 3 -12 44
8032 光菱|電子通路|44 32 9|53 53 -8 -36|1.0 11|2 3 0 -27 47
8033 雷虎|其他|56 26 -5|78 87 -7 14|1.0 121|2 -1 0 na 22967
8039 台虹|電子零組|6 14 -3|60 83 -3 -19|0.6 66|9 -4 2 -49 3
8040 九暘|半導體業|19 20 15|56 70 -20 -26|1.1 10|2 7 0 -44 1
8042 金山電|電子零組|28 16 7|60 60 -5 -2|0.3 9|5 0 0 -42 -5
8044 網家|數位雲端|-1 -7 2|64 64 -13 -18|0.4 19|9 4 0 -30 -0
8045 達運光電|通信網路|9 -32 na|na na -17 na|0.5 32|1 1 0 na na
8046 南電|電子零組|16 22 27|48 69 -22 -24|1.1 263|5 9 -6 -19 -16
8050 廣積|電腦及週|67 59 46|73 80 -5 -17|0.3 24|6 4 -0 -23 -11
8054 安國|半導體業|12 -4 -16|40 51 -30 -43|0.5 55|6 8 0 -20 -10
8064 東捷|光電業|-14 -10 -4|53 57 -18 -42|1.8 57|2 -2 0 -24 -1
8069 元太|光電業|86 52 12|73 75 -19 -23|1.1 1107|44 6 -2 -27 13
8070 長華*|電子通路|15 13 4|64 77 4 -21|2.4 138|11 -1 -0 -14 41
8071 能率網通|電子零組|14 9 8|72 77 -3 -4|0.5 16|4 5 0 -36 14
8072 陞泰|電子通路|14 26 34|92 92 100 72|5.2 460|1 -0 0 100 117
8076 伍豐|電腦及週|-20 -29 -11|70 74 -14 -18|0.4 11|4 15 0 -21 -11
8081 致新|半導體業|3 12 6|70 88 -1 -1|0.5 63|25 -13 1 -21 6
8083 瑞穎|電機機械|-40 -32 -44|83 88 -6 -5|1.0 5|2 0 0 -3 4
8085 福華|其他電子|23 18 21|23 57 -20 -36|1.4 14|5 10 0 -30 -23
8086 宏捷科|半導體業|-34 -40 -75|53 66 -16 -19|1.8 85|7 8 -0 -11 -3
8088 品安|半導體業|22 7 27|69 87 53 17|1.4 87|8 -0 0 -8 36
8089 康全電訊|通信網路|139 23 -311|42 53 -13 -28|3.0 67|2 -1 0 -5 8
8091 翔名|半導體業|-11 -1 -9|68 80 -1 -19|0.8 22|8 -13 0 -51 -7
8096 擎亞|電子通路|96 98 64|71 71 35 44|1.3 1207|22 -1 0 -24 22
8097 常珵|通信網路|3040 527971 394302|77 77 -12 -3|0.4 19|4 1 0 1 -7
8099 大世科|資訊服務|-7 -2 0|61 81 -10 -16|0.2 10|3 2 0 -5 -1
8103 瀚荃|電子零組|6 20 7|62 85 -3 -13|1.1 20|17 -9 0 -42 1
8104 錸寶|光電業|107 41 40|63 63 -8 -18|0.9 11|4 3 0 -32 1
8105 凌巨|光電業|9 3 1|57 78 -3 -21|0.8 12|41 -2 0 -36 -2
8110 華東|半導體業|-15 -9 -13|55 75 -5 -25|0.4 15|3 0 0 -13 2
8111 立碁|光電業|4 8 1|65 65 -4 12|0.9 294|2 -9 0 -5 109
8112 至上|電子通路|-28 -14 -46|53 76 -15 -23|0.8 67|10 7 -1 -32 -3
8114 振樺電|電腦及週|203 164 80|71 71 -13 23|0.7 129|28 5 -2 -45 2
8131 福懋科|半導體業|-6 -5 -20|69 78 -5 -22|0.4 6|3 -5 -0 17 -2
8147 正淩|電子零組|60 29 6|61 71 -9 -14|0.3 12|14 8 0 -40 -16
8150 南茂|半導體業|5 2 -1|56 74 -14 -25|0.8 51|31 5 -2 -33 3
8155 博智|電子零組|70 62 22|72 72 19 -16|0.9 245|6 1 -4 -33 -20
8163 達方|電腦及週|14 7 17|54 74 -10 -23|0.6 19|13 0 -0 -35 -0
8171 天宇|綠能環保|-93 -72 -72|82 82 7 10|0.8 27|3 0 0 -9 -5
8183 精星|其他電子|45 29 10|67 73 -20 -29|1.0 7|2 8 0 -7 -0
8210 勤誠|電腦及週|63 61 18|76 82 9 -8|0.9 230|13 10 2 -15 -11
8213 志超|電子零組|7 10 12|70 79 -10 -20|0.6 9|17 10 0 -12 -0
8215 明基材|光電業|3 0 -7|69 69 -20 -27|0.9 6|3 19 -7 -33 -8
8222 寶一|電機機械|44 34 8|100 100 66 64|1.8 1747|7 0 0 26 0
8227 巨有科技|半導體業|95 31 51|56 74 -6 -15|0.9 38|3 17 0 -23 -31
8234 新漢|電腦及週|48 42 27|75 75 48 61|1.2 191|6 -6 0 20 25
8249 菱光|電子零組|33 63 -10|63 65 -1 -33|0.6 60|2 0 -0 -33 -3
8255 朋程|電機機械|8 21 -8|58 77 -15 -20|0.6 38|9 8 -0 -22 -2
8261 富鼎|半導體業|29 24 13|75 75 -8 -4|0.6 41|9 3 -0 -23 -13
8271 宇瞻|半導體業|15 6 0|66 88 5 -6|0.6 10|4 4 -0 -25 3
8299 群聯|半導體業|-16 -16 -26|63 75 -2 -0|0.7 872|35 -2 -9 -1 -4
8341 日友|綠能環保|32 26 3|77 80 -5 -17|0.8 9|6 1 0 2 -0
8349 恒耀國際|鋼鐵工業|-10 -12 -12|77 82 -10 -19|0.6 10|1 -4 0 -28 7
8358 金居|電子零組|20 15 -8|65 80 -8 -18|0.6 49|7 13 -0 -22 -10
8374 羅昇|電機機械|47 62 21|61 63 -16 -25|3.5 39|3 -4 -1 7 7
8383 千附|半導體業|57 38 6|80 80 11 12|1.2 86|10 -4 0 -55 52
8390 金益鼎|綠能環保|13 20 -19|77 77 1 -17|0.9 94|2 -1 0 -12 19
8404 百和興業-KY|其他|25 42 4|61 68 -19 -34|0.5 23|54 -1 -1 -21 -6
8415 大國鋼|鋼鐵工業|12 3 6|86 86 -4 1|0.1 17|10 -4 2 -12 10
8422 可寧衛*|綠能環保|-9 18 -17|94 94 3 0|0.7 41|12 -11 0 -54 5
8431 匯鑽科|其他電子|50 54 24|79 79 -8 -11|0.2 14|4 -14 0 -29 17
8433 弘帆|居家生活|-9 10 6|79 87 -4 -10|2.6 19|1 -4 0 56 -5
8436 大江|生技醫療|13 6 9|92 92 29 10|0.7 173|15 -8 -0 4 -37
8442 威宏-KY|其他|17 11 5|70 75 -15 -22|1.0 10|59 7 0 -38 -4
8446 華研|文化創意|-13 -12 -27|80 80 -9 -11|0.9 20|6 -17 0 -22 -6
8454 富邦媒|數位雲端|-1 -2 -3|74 84 -8 -13|0.5 81|15 16 -11 -38 -24
8462 柏文|運動休閒|18 19 -0|97 100 25 21|1.1 15|2 14 0 6 13
8464 億豐|居家生活|14 16 3|79 83 -5 -15|1.6 358|41 1 10 -52 -29
8467 波力-KY|運動休閒|8 18 -10|48 48 -30 -36|0.6 48|46 8 -17 -13 -6
8473 山林水|綠能環保|118 61 46|54 75 -16 -25|0.5 9|3 5 0 -22 -11
8478 東哥遊艇|運動休閒|-67 -33 -5|36 51 -23 -47|0.7 31|41 13 0 -27 -20
8482 商億-KY|居家生活|26 14 3|55 55 -33 6|0.1 8|93 16 -5 -79 -7
8499 鼎炫-KY|其他電子|28 26 10|86 86 20 28|0.2 10|72 11 0 -28 6
8924 大田|運動休閒|-10 -10 -24|72 80 -5 -20|2.5 9|4 2 0 -18 -2
8926 台汽電|油電燃氣|1 -3 -64|86 97 2 -1|1.2 29|7 2 0 -31 1
8927 北基|油電燃氣|57 27 -41|68 74 -22 -27|0.5 13|1 -4 -0 -28 2
8932 智通*|數位雲端|81 71 -0|58 94 4 10|2.1 36|28 7 0 -4 -1
8936 國統|其他|22 19 -5|62 90 7 -6|0.6 120|9 6 0 -15 7
8937 合騏*|其他|-18 -16 -21|74 74 -19 66|0.7 38|1 -1 0 -25 6
8938 明安|運動休閒|32 27 11|85 90 -1 -8|0.7 14|8 -2 -0 -23 -2
8942 森鉅|其他|8 21 30|78 82 -10 -11|0.5 9|14 11 0 -40 -18
8996 高力|電機機械|57 31 24|43 62 -19 -30|0.8 273|22 15 -0 -36 -11
9802 鈺齊-KY|運動休閒|76 45 31|66 66 -31 -7|0.7 138|51 3 -12 6 -7
9904 寶成|運動休閒|4 5 -4|74 74 -10 -14|0.8 235|51 19 1 -44 -10
9906 欣巴巴|建材營造|-100 108071 -9449|42 69 -16 -25|0.4 10|3 -4 -0 -45 5
9907 統一實|其他|29 23 -10|99 99 21 10|1.0 58|19 8 1 -9 6
9908 大台北|油電燃氣|-1 2 5|97 97 2 2|0.5 6|1 -9 0 -32 8
9910 豐泰|運動休閒|-2 1 0|67 78 -13 -20|1.0 111|12 17 -2 -43 -6
9911 櫻花|居家生活|13 15 1|95 100 11 11|0.8 50|19 -13 3 -43 -9
9914 美利達|運動休閒|7 34 5|54 73 -14 -27|0.4 121|34 8 -2 -44 -5
9917 中保科|其他|11 8 3|78 82 -5 -14|0.7 48|41 -18 -4 -53 3
9919 康那香|其他|-1 -0 -2|71 76 -18 -13|2.0 7|5 8 0 -3 -2
9921 巨大|運動休閒|-5 8 8|53 70 -11 -30|0.5 136|28 3 -1 -45 4
9924 福興|居家生活|-6 -6 6|78 81 -8 -11|1.1 12|13 4 -5 -11 -5
9925 新保|其他|3 2 0|96 98 0 -1|0.6 7|18 -5 0 na 9
9927 泰銘|其他|-2 4 10|92 93 9 8|0.6 15|9 -5 0 -9 14
9930 中聯資源|綠能環保|21 18 6|100 100 9 8|1.2 11|3 8 -2 157 11
9933 中鼎|其他|-24 -24 -27|52 64 -29 -36|2.0 185|15 1 0 7 0
9934 成霖|居家生活|14 2 1|54 66 -20 -32|0.4 8|18 9 0 -10 2
9935 慶豐富|居家生活|-5 7 -9|70 71 -22 -26|0.4 9|9 2 0 -24 -1
9938 百和|其他|17 24 -2|69 69 -13 -29|0.6 71|26 -0 -4 -12 8
9939 宏全|其他|13 14 4|89 93 -1 2|0.8 186|19 -5 7 -34 14
9941 裕融|其他|-3 -6 -3|70 78 -6 -22|0.4 58|5 27 -9 -25 -13
9942 茂順|其他|3 3 17|89 95 2 0|0.5 7|4 -7 0 -26 4
9943 好樂迪|觀光餐旅|15 3 6|84 94 -0 -6|0.9 5|1 6 0 -23 -1
9945 潤泰新|其他|-6 7 -12|62 68 -22 -30|0.6 107|13 17 0 -13 -15
9946 三發地產|建材營造|-92 -11 -96|42 79 -3 -17|0.8 10|4 3 0 -45 6
9955 佳龍|綠能環保|72 9 -2|81 89 6 -5|1.8 97|2 1 0 -16 -6
9958 世紀鋼|鋼鐵工業|19 29 33|49 83 8 -15|0.7 653|11 0 2 -16 2
