# 2026-02-02 全池(1231 檔)。欄位:代碼 名稱|產業|最新月YoY 3月YoY均 加速度|距52週高% 距120日高% 60日漲% 120日漲%|量能比 日均值M|外持% 外20 投20 資20 券20(外資持股比;外資/投信20日淨買佔成交值%;融資/借券餘額20日變化%)
1101 台泥|水泥工業|-14 -16 -22|76 98 20 6|1.2 1099|18 -2 -0 6 20
1102 亞泥|水泥工業|-13 -14 -8|77 86 -4 -14|1.0 333|17 -18 -14 25 87
1103 嘉泥|水泥工業|-3 0 -1|84 98 7 1|1.3 5|5 14 0 -1 3
1104 環泥|水泥工業|3 3 3|90 90 -5 10|1.1 16|16 4 0 -14 6
1110 東泥|水泥工業|-9 -11 -14|77 87 -3 -13|0.8 5|6 -0 0 -1 2
1210 大成|食品工業|5 0 1|80 89 -6 -13|1.5 63|10 1 -8 -14 -12
1215 卜蜂|食品工業|13 3 2|95 95 5 24|0.4 141|42 13 8 -40 -5
1216 統一|食品工業|2 -0 -2|85 89 -8 -9|0.8 739|33 -12 -17 37 18
1217 愛之味|食品工業|-5 -5 -4|87 94 1 -3|1.4 6|8 9 0 13 -2
1218 泰山|食品工業|14 -0 4|85 93 -1 -5|1.3 10|3 11 0 -13 -9
1227 佳格|食品工業|-17 -6 -4|79 85 -9 -9|1.7 25|6 -24 0 -33 27
1229 聯華|食品工業|11 16 12|88 90 -9 -1|1.3 77|10 -6 0 17 27
1231 聯華食|食品工業|-7 -2 -8|53 62 -15 -39|0.9 32|3 -4 0 -5 5
1232 大統益|食品工業|2 -0 2|92 97 0 -3|1.1 8|2 10 0 125 -16
1256 鮮活果汁-KY|食品工業|75 37 31|86 86 7 28|1.1 12|4 4 0 9 -11
1268 漢來美食|觀光餐旅|-3 8 2|96 96 -4 9|0.9 5|2 -1 0 0 0
1295 生合|食品工業|8 17 8|na 51 -26 -30|0.9 7|2 7 0 137 -8
1301 台塑|塑膠工業|-13 -18 -6|86 86 19 16|2.6 2038|29 14 0 -12 -20
1303 南亞|塑膠工業|-6 -5 -6|86 86 70 90|0.7 10152|31 9 0 -14 -87
1304 台聚|塑膠工業|-18 -21 -8|88 88 6 7|1.7 69|29 5 0 -3 -10
1305 華夏|塑膠工業|-12 -27 -11|84 91 4 5|2.4 51|5 6 0 13 -1
1307 三芳|塑膠工業|-1 -0 -2|62 90 -4 -8|0.8 26|7 13 -1 -22 -3
1308 亞聚|塑膠工業|-11 -9 -6|88 90 5 10|1.4 31|6 8 0 -21 18
1309 台達化|塑膠工業|-33 -36 -16|76 90 10 3|1.7 18|2 3 0 9 -1
1312 國喬|塑膠工業|65 80 33|92 92 21 32|1.2 135|7 3 0 22 -4
1313 聯成|塑膠工業|-21 -19 -4|90 90 -3 5|1.8 47|8 6 0 -9 -13
1316 上曜|建材營造|208 209 -1|70 83 -11 -1|0.8 41|4 -6 -2 -1 0
1319 東陽|汽車工業|-7 -6 -5|81 94 9 4|1.5 397|13 -1 1 -5 -9
1325 恆大|塑膠工業|-14 -13 -7|75 86 2 5|4.8 17|1 -4 0 12 6
1326 台化|塑膠工業|-20 -20 -3|88 88 37 45|2.9 877|35 12 3 -23 -35
1342 八貫|其他|28 13 -1|87 97 11 10|1.1 21|28 21 0 -2 -40
1402 遠東新|紡織纖維|-5 -4 3|83 96 3 -4|1.3 220|19 22 -14 -21 -14
1409 新纖|紡織纖維|-34 -21 -7|86 86 7 20|0.7 64|12 8 1 -3 -12
1414 東和|紡織纖維|-1 -8 3|74 97 6 4|1.3 6|1 -7 -5 29 na
1419 新紡|紡織纖維|3 13 -1|84 84 12 28|0.7 27|1 10 0 -16 -13
1434 福懋|紡織纖維|-6 -11 -7|89 95 12 5|1.8 68|7 15 -3 12 -32
1436 華友聯|建材營造|13 -55 -840|44 73 -8 -22|1.3 13|4 10 1 1 -17
1440 南紡|紡織纖維|-5 -17 -2|91 91 2 2|1.0 19|8 12 0 -11 -6
1442 名軒|建材營造|50 -22 22|37 46 -14 -54|0.4 21|12 -4 -1 -8 -5
1449 佳和|紡織纖維|141 45 45|56 87 5 -13|0.8 11|6 -1 0 -17 -2
1464 得力|紡織纖維|-3 -7 -16|60 91 1 -9|1.0 5|2 3 0 5 -16
1471 首利|電子零組|-55 -55 -26|81 81 32 12|6.3 11|1 1 0 na na
1476 儒鴻|紡織纖維|-4 -3 -8|73 88 -3 4|0.5 335|33 19 -1 -37 -3
1477 聚陽|紡織纖維|-9 -9 -7|84 91 11 17|0.6 420|18 -11 -6 -40 30
1503 士電|電機機械|18 8 2|88 88 16 16|2.4 1674|33 8 -0 -15 -48
1504 東元|電機機械|16 11 5|66 66 -30 41|0.7 2030|12 -8 -1 28 57
1513 中興電|電機機械|9 2 -5|88 88 8 -0|1.6 2452|19 6 -1 42 -31
1514 亞力|電機機械|11 22 1|85 85 10 14|1.6 1602|19 5 -0 7 -38
1515 力山|電機機械|98 84 81|73 80 -6 -15|1.5 11|5 -5 0 -2 2
1519 華城|電機機械|11 14 -13|87 87 23 41|0.7 5676|22 5 1 -34 -41
1522 堤維西|汽車工業|71 65 42|77 91 -1 13|1.0 85|6 6 -1 -14 -17
1524 耿鼎|汽車工業|-23 -23 -11|79 93 6 15|2.4 130|2 1 0 -5 -3
1526 日馳|電機機械|15 -5 -15|75 83 12 1|1.6 6|2 -2 0 0 82
1527 鑽全|電機機械|-7 -18 -11|82 92 4 -5|0.9 12|10 1 0 41 8
1528 恩德|電機機械|-26 -29 -6|81 81 82 51|0.3 93|4 0 0 -22 -20
1529 樂事綠能|電機機械|145 37 -34|79 85 14 -6|1.3 66|2 -1 0 -7 25
1532 勤美|電機機械|-7 7 9|77 85 -8 -5|1.0 18|8 -19 -4 -6 -10
1536 和大|汽車工業|8 2 17|68 81 1 -3|1.6 221|8 2 0 -3 -6
1537 廣隆|電機機械|-17 -22 -5|84 91 0 -9|1.2 7|15 15 -0 -8 -12
1540 喬福|電機機械|55 30 20|62 86 7 -14|0.7 15|1 -7 0 6 77
1560 中砂|電機機械|17 18 2|96 96 34 36|0.8 1208|29 4 -0 -33 37
1563 巧新|汽車工業|-15 -15 -8|68 90 2 -8|1.0 27|2 -4 0 -22 29
1565 精華|生技醫療|-23 -23 -15|59 74 -15 -24|1.4 20|10 7 0 -4 -16
1568 倉佑|汽車工業|37 8 6|85 87 5 0|0.8 6|1 -2 0 -5 27
1569 濱川|電腦及週|-19 -12 -20|62 75 -23 -14|0.7 58|3 -1 0 -3 -3
1580 新麥|電機機械|-20 -10 -14|87 90 -5 -9|2.4 7|5 -7 -4 -4 -39
1582 信錦|電子零組|-21 -5 1|67 91 -4 -5|2.9 69|5 -18 -0 15 153
1584 精剛|其他|-5 -0 6|83 91 6 7|3.2 27|7 13 0 6 -20
1586 和勤|電機機械|-10 -3 8|76 81 -6 -17|0.6 19|1 -1 0 -11 -2
1587 吉茂|汽車工業|26 32 9|78 78 10 34|0.5 68|20 -3 0 25 22
1589 永冠-KY|電機機械|-13 -5 -20|41 70 -10 -25|1.3 26|3 -2 0 8 23
1590 亞德客-KY|電機機械|19 18 4|100 100 19 49|2.0 655|79 15 1 5 -37
1591 駿吉-KY|電機機械|-26 -9 28|83 87 -2 -1|1.2 8|4 2 0 -5 3
1595 川寶|半導體業|-12 -10 2|81 88 18 8|0.7 6|3 4 0 1 -35
1597 直得|電機機械|47 33 21|68 84 2 -10|1.6 53|4 6 0 -3 -9
1598 岱宇|運動休閒|-21 -29 -15|62 83 -10 -6|1.1 6|2 -8 0 -2 6
1603 華電|電器電纜|52 20 -9|95 95 5 6|1.3 36|6 18 -2 9 0
1604 聲寶|電器電纜|-19 -9 -4|87 96 -2 -4|0.9 5|8 -8 0 -2 23
1605 華新|電器電纜|14 -8 -7|88 88 29 80|1.9 7469|13 1 1 19 -22
1608 華榮|電器電纜|-2 1 1|86 86 -10 28|1.7 423|5 4 -0 -21 -28
1609 大亞|電器電纜|0 4 -0|84 84 -6 -7|1.2 431|13 4 -0 -2 -34
1611 中電|電器電纜|-16 -16 -9|81 91 4 -3|0.6 14|11 17 0 -11 -11
1612 宏泰|電器電纜|16 -4 -21|87 87 -10 -6|1.1 47|18 1 0 14 -20
1615 大山|電器電纜|-16 13 12|81 91 3 -7|1.1 7|1 8 -1 -10 -20
1616 億泰|電器電纜|-11 -8 -23|67 69 -21 -28|1.2 45|4 -5 0 -2 7
1617 榮星|電器電纜|20 4 2|81 91 5 0|1.4 8|19 1 0 -30 -7
1618 合機|電器電纜|-60 -5 -30|87 88 1 -12|1.4 101|2 0 0 -12 10
1702 南僑|食品工業|-12 -6 -4|76 92 -6 -8|0.8 13|8 -5 -2 -16 -1
1707 葡萄王|生技醫療|-30 -2 4|84 94 -1 -4|0.9 13|14 -13 -0 8 2
1708 東鹼|化學工業|-4 -3 -1|82 97 11 5|1.3 37|11 14 0 3 -11
1709 和益|化學工業|-8 -7 4|80 94 -1 -2|1.1 6|3 11 0 -19 -29
1710 東聯|化學工業|-23 -10 -6|73 91 5 4|3.7 29|5 -2 0 7 1
1711 永光|化學工業|-9 -10 -3|84 84 9 20|0.8 222|6 4 0 -9 -4
1712 興農|化學工業|4 1 2|97 97 5 9|1.3 26|15 6 -1 -19 3
1713 國化|化學工業|-5 -11 -0|90 90 6 2|0.8 42|1 -6 0 -12 159
1717 長興|化學工業|-6 -10 -3|81 81 42 104|1.5 4168|13 -0 0 44 32
1720 生達|生技醫療|5 7 3|94 94 6 10|0.6 13|5 9 -0 -51 -4
1721 三晃|化學工業|15 -19 3|77 77 45 38|0.5 45|1 -1 0 -40 -69
1722 台肥|化學工業|-8 1 -1|81 88 -5 -11|1.1 107|9 -14 -0 -0 32
1723 中碳|化學工業|-17 -25 -4|76 81 -10 -15|0.8 30|6 13 0 -21 0
1727 中華化|化學工業|25 1 2|80 80 14 26|0.4 270|4 -1 0 -32 10
1732 毛寶|化學工業|-3 16 1|84 84 -1 -0|8.1 6|2 -5 0 15 26
1733 五鼎|生技醫療|-16 -2 -9|77 77 -10 -3|1.1 5|5 -5 -7 -4 -14
1734 杏輝|生技醫療|11 3 -6|95 95 -3 -3|1.4 6|5 6 0 -22 4
1736 喬山|運動休閒|16 11 -5|69 80 -8 -9|1.3 111|4 2 0 -15 -14
1760 寶齡富錦|生技醫療|15 5 4|73 87 -1 -11|2.2 11|12 11 0 1 -12
1773 勝一|化學工業|1 3 -2|82 82 -3 4|0.8 275|6 -2 0 -7 43
1783 和康生|生技醫療|33 9 -12|87 96 9 6|1.3 7|7 4 0 5 8
1784 訊聯|生技醫療|14 3 2|82 82 -4 27|0.7 46|4 2 0 -6 -5
1785 光洋科|其他電子|44 39 3|87 87 7 18|1.3 774|19 3 -0 -14 7
1786 科妍|生技醫療|1 -2 -2|62 69 -10 -18|1.1 20|2 -2 0 4 -3
1789 神隆|生技醫療|-18 5 9|84 84 36 38|2.2 78|2 -2 0 70 24
1795 美時|生技醫療|67 38 28|98 98 24 65|1.9 1954|64 12 2 -14 -74
1802 台玻|玻璃陶瓷|-6 -5 -5|83 83 49 93|0.2 1776|8 6 -0 -10 -63
1808 潤隆|建材營造|5984 8791 6665|75 75 -17 3|0.6 60|5 -11 -12 24 19
1809 中釉|玻璃陶瓷|-5 -0 -6|85 85 32 49|2.2 107|2 -2 0 36 5
1810 和成|玻璃陶瓷|-11 -13 -8|76 76 3 0|0.8 63|4 1 0 1 3
1815 富喬|電子零組|6 28 -17|80 80 10 58|0.5 4943|15 -0 0 -16 24
1903 士紙|造紙工業|-2 -2 -1|74 87 -2 2|1.8 19|11 12 0 -1 -20
1904 正隆|造紙工業|-14 -4 -0|86 92 1 -6|0.9 18|9 2 -1 -0 17
1905 華紙|造紙工業|-10 -7 2|70 91 0 -2|1.2 27|3 14 0 2 1
1907 永豐餘|造紙工業|-9 -9 -3|84 89 -5 -2|0.8 23|12 -15 -1 3 36
2002 中鋼|鋼鐵工業|-14 -13 -1|87 100 16 10|3.4 1056|14 8 0 29 6
2006 東和鋼鐵|鋼鐵工業|-9 -7 -5|93 94 12 7|0.6 138|14 -4 -8 -19 40
2009 第一銅|鋼鐵工業|2 -10 -4|82 82 12 39|2.1 603|2 2 0 -12 -17
2010 春源|鋼鐵工業|-10 -6 -8|99 99 12 8|2.2 35|9 12 -1 -6 -4
2013 中鋼構|鋼鐵工業|-7 -3 -11|81 97 3 -2|2.4 9|7 -28 0 1 -17
2014 中鴻|鋼鐵工業|-41 -41 -4|79 100 35 33|5.3 146|4 -2 0 -41 18
2015 豐興|鋼鐵工業|-25 -24 -10|89 95 1 -4|1.0 17|12 6 -9 -7 12
2020 美亞|鋼鐵工業|3 -13 -8|82 93 0 3|3.1 9|2 5 0 -3 -31
2023 燁輝|鋼鐵工業|-17 -16 -8|87 93 2 1|2.6 27|5 -7 0 26 22
2025 千興|鋼鐵工業|-25 -35 -28|65 89 24 3|1.0 8|0 -1 0 na na
2027 大成鋼|鋼鐵工業|23 15 2|75 91 5 -2|2.5 731|17 2 -0 16 10
2030 彰源|鋼鐵工業|-8 -18 -1|96 99 24 20|4.4 26|2 -5 0 42 125
2031 新光鋼|鋼鐵工業|-29 -17 -36|76 87 0 -6|2.1 35|8 -9 1 17 7
2032 新鋼|鋼鐵工業|-1 -15 -20|82 96 24 21|4.6 14|1 -3 0 22 54
2034 允強|鋼鐵工業|-26 -36 -25|84 97 16 3|2.6 47|4 -2 0 28 24
2038 海光|鋼鐵工業|-19 -21 -15|82 100 17 7|7.0 11|1 -3 0 21 66
2049 上銀|電機機械|8 2 2|64 89 6 9|3.4 1652|27 6 0 16 -13
2059 川湖|電子零組|53 60 -17|71 71 -29 6|1.0 3165|26 8 -11 -16 -49
2062 橋椿|居家生活|-12 -4 11|70 91 5 -7|0.9 8|7 -9 -0 12 -10
2069 運錩|鋼鐵工業|-10 -13 -8|98 98 34 35|3.0 11|1 4 0 -30 27
2070 精湛|電機機械|78 25 25|60 87 5 -6|0.8 8|3 2 0 -0 4
2101 南港|橡膠工業|4 -16 -4|67 78 -4 -16|1.1 55|5 -0 0 -1 7
2102 泰豐|橡膠工業|19 -11 -18|91 95 1 -6|1.1 11|4 11 0 -8 -2
2103 台橡|橡膠工業|-12 -13 -11|69 83 -2 -18|1.5 37|22 16 -0 9 -3
2104 國際中橡|橡膠工業|-17 -16 -3|83 87 5 -5|1.3 51|7 6 0 15 21
2105 正新|橡膠工業|-7 -9 -3|61 76 -6 -25|1.0 301|12 4 -10 23 17
2106 建大|橡膠工業|-1 0 1|71 88 -6 -13|1.2 16|8 4 0 7 14
2107 厚生|橡膠工業|-21 27 20|98 98 5 1|1.0 5|6 2 0 -26 -9
2108 南帝|橡膠工業|-17 -23 -9|72 93 8 -1|2.8 22|4 0 0 -1 20
2201 裕隆|汽車工業|-17 -8 7|62 71 -7 -6|0.6 128|5 -8 -0 3 8
2204 中華|汽車工業|22 16 28|72 86 -5 -3|0.7 61|20 -19 -9 -3 41
2206 三陽工業|汽車工業|-3 1 4|86 89 -4 -6|1.3 51|7 -12 -13 -2 13
2207 和泰車|汽車工業|-7 -1 -2|84 85 -8 -5|1.0 183|22 -15 -3 18 29
2208 台船|航運業|72 25 -29|75 75 9 26|1.6 127|8 11 -0 na na
2211 長榮鋼|鋼鐵工業|-4 11 -10|83 83 -11 20|0.5 108|5 -3 -2 -9 -32
2228 劍麟|汽車工業|1 -4 -2|76 76 0 -1|0.4 60|3 -1 -1 -10 4
2230 泰茂|居家生活|-9 -28 -47|83 83 -7 -15|1.3 21|4 1 0 -18 -2
2231 為升|汽車工業|-1 -27 -7|62 62 -14 24|0.5 50|5 2 0 -3 -4
2233 宇隆|汽車工業|-8 -14 -5|100 100 40 44|4.4 469|3 -2 0 27 0
2236 百達-KY|汽車工業|203 355 -63|82 94 28 10|0.7 38|52 -4 0 6 -2
2241 艾姆勒|汽車工業|68 62 48|75 75 -13 21|0.6 16|11 -2 0 -49 2
2247 汎德永業|汽車工業|-10 -11 -6|82 88 -6 -10|0.6 39|4 -11 -4 5 14
2250 IKKA-KY|汽車工業|-3 -14 -7|48 68 -14 -24|1.1 9|7 6 0 3 -7
2258 鴻華先進-創|汽車工業|-39 -57 -250|74 87 -3 -7|0.5 25|0 -15 0 na na
2301 光寶科|電腦及週|11 16 -6|82 82 -5 18|1.1 2885|33 0 -4 2 56
2302 麗正|半導體業|15 3 -10|82 88 0 19|1.9 26|3 6 -1 3 -7
2303 聯電|半導體業|2 2 -0|80 80 33 50|2.9 17613|33 7 -2 304 -25
2305 全友|電腦及週|18 22 16|82 82 26 17|0.7 34|3 1 0 0 25
2308 台達電|電子零組|39 41 10|92 92 20 89|1.0 14573|65 5 1 -27 6
2312 金寶|其他電子|3 -6 -6|72 72 11 39|0.6 1139|9 3 -0 -14 -43
2313 華通|電子零組|13 6 1|97 97 106 168|1.8 13497|32 -1 1 -2 -27
2316 楠梓電|電子零組|24 24 10|77 77 -3 25|0.7 292|28 -4 -1 2 37
2317 鴻海|其他電子|32 23 4|82 82 -14 10|1.1 12487|38 -11 -2 6 91
2323 中環|光電業|-1 0 4|90 90 9 29|0.7 93|11 0 0 3 41
2324 仁寶|電腦及週|3 -15 0|85 89 -1 8|1.3 1301|36 2 -5 4 17
2327 國巨*|電子零組|30 20 11|87 87 7 88|0.9 13673|47 3 3 -13 -67
2328 廣宇|電子零組|-15 -13 -16|80 80 -7 15|1.2 413|9 3 -0 0 -3
2329 華泰|半導體業|23 25 4|78 78 13 43|0.9 1440|13 2 0 -1 -6
2330 台積電|半導體業|20 21 -12|97 97 21 51|1.0 58544|72 -17 1 -8 -26
2331 精英|電腦及週|9 31 16|88 88 29 48|1.5 357|6 -5 0 37 156
2332 友訊|通信網路|4 0 7|64 86 -2 -10|0.8 53|12 -1 0 -1 14
2337 旺宏|半導體業|45 31 19|91 91 146 363|1.9 10891|25 2 1 20 -56
2338 光罩|半導體業|-27 -29 -9|76 86 2 15|1.8 118|4 4 0 2 -7
2340 台亞|半導體業|-12 -4 -5|76 77 2 19|0.9 108|7 -3 0 -9 6
2342 茂矽|半導體業|-21 -17 -30|82 82 -4 49|0.8 202|3 1 0 -2 10
2344 華邦電|半導體業|53 42 32|89 89 97 603|1.1 6789|20 -3 1 -12 -24
2345 智邦|通信網路|68 87 -43|90 90 8 17|0.7 4995|58 2 -3 -17 -9
2347 聯強|電子通路|14 11 14|91 97 16 -2|0.4 423|30 16 -12 -33 -27
2348 海悅|其他|81 3 17|43 72 -8 -14|1.0 30|1 -7 0 -15 9
2349 錸德|光電業|-6 3 -1|80 80 34 17|0.6 218|12 0 0 na na
2351 順德|半導體業|-6 -6 -2|90 91 -2 15|2.7 135|11 18 0 -21 -25
2352 佳世達|電腦及週|1 -3 -7|61 65 -18 -18|1.0 152|9 -11 -0 -4 50
2353 宏碁|電腦及週|16 12 9|71 81 -12 -14|1.9 832|10 -13 -3 40 43
2354 鴻準|其他電子|-9 46 -111|73 74 -19 -18|1.0 360|12 -10 -2 -5 17
2355 敬鵬|電子零組|8 -1 2|91 91 14 10|2.0 271|12 2 -0 21 -10
2356 英業達|電腦及週|-11 -14 -23|86 86 2 -1|1.1 893|12 -2 -1 34 9
2357 華碩|電腦及週|44 32 6|70 70 -27 -27|0.8 2475|37 -23 -8 54 34
2359 所羅門|其他電子|18 11 -15|75 75 -2 -12|1.8 225|3 1 0 -3 -7
2360 致茂|其他電子|59 41 8|94 94 29 96|0.6 2790|62 11 -3 -43 -5
2362 藍天|電腦及週|-23 -29 -7|71 82 -6 -18|1.0 21|10 -3 -0 4 13
2363 矽統|半導體業|160 103 -773|75 80 -6 -9|4.1 542|5 1 0 4 1
2364 倫飛|電腦及週|-18 6 -17|52 52 -10 -46|0.6 11|15 -16 0 -5 30
2365 昆盈|電腦及週|20 6 8|72 72 -2 -13|2.4 171|1 -1 0 0 1
2367 燿華|電子零組|-15 -17 -6|95 95 91 83|3.2 6550|10 1 0 1 -2
2368 金像電|電子零組|46 67 13|98 98 48 90|0.9 5885|28 9 -6 -20 -19
2369 菱生|半導體業|37 21 17|79 79 18 77|1.0 778|15 0 0 34 -1
2371 大同|電機機械|12 12 6|88 88 8 0|0.8 1459|10 -1 -0 -7 65
2374 佳能|光電業|108 100 40|75 75 -2 19|2.7 1206|7 3 -0 19 -21
2375 凱美|電子零組|9 6 -0|79 79 -4 48|0.4 434|13 3 -0 0 -43
2376 技嘉|電腦及週|72 40 9|73 73 -18 -20|1.0 1149|13 -19 -3 24 46
2377 微星|電腦及週|34 15 -3|47 63 -15 -37|1.1 887|15 -12 0 19 125
2379 瑞昱|半導體業|-4 -0 -10|82 82 -6 -7|1.5 1577|46 -2 -4 51 15
2382 廣達|電腦及週|95 53 -2|88 88 -7 -6|0.8 5128|23 14 -1 -18 -17
2383 台光電|電子零組|36 34 -14|94 94 23 58|1.0 6386|46 9 -5 -17 -4
2385 群光|電子零組|-5 -12 -7|71 81 -11 -15|1.0 482|19 9 -16 -3 34
2387 精元|電腦及週|-19 -25 -7|56 86 -9 -15|1.9 16|10 -10 -1 -7 5
2388 威盛|半導體業|-36 -42 -13|52 76 1 -15|0.8 222|13 -4 0 1 19
2390 云辰|其他電子|-10 -17 -16|80 89 7 -5|1.7 6|2 3 0 24 -19
2392 正崴|電子零組|-28 -24 -23|57 66 -17 -33|0.6 64|6 1 0 2 3
2393 億光|光電業|0 -6 -0|68 83 -2 -17|1.1 182|27 -2 -5 20 -20
2395 研華|電腦及週|11 10 -9|72 82 -7 -11|1.9 581|31 -12 2 22 115
2397 友通|電腦及週|2 -3 -23|71 71 -10 -26|1.2 13|15 4 0 -12 -12
2399 映泰|電腦及週|-13 -13 -1|83 83 1 21|0.6 123|4 4 1 -7 -6
2401 凌陽|半導體業|5 -1 -1|69 82 0 8|1.3 86|9 3 0 -0 4
2402 毅嘉|電子零組|15 8 -6|78 78 2 27|0.5 395|13 -6 1 -34 45
2404 漢唐|其他電子|41 66 25|74 74 12 0|0.8 3945|32 -0 -2 -6 -5
2405 輔信|電腦及週|11 14 9|71 80 -12 -11|1.3 42|5 -8 0 -20 35
2406 國碩|光電業|188 143 131|82 82 42 55|0.6 489|14 4 0 10 -35
2408 南亞科|半導體業|445 357 240|90 90 99 597|1.0 14419|12 -3 1 -9 9
2409 友達|光電業|2 2 0|77 77 13 11|0.9 5209|11 -7 -0 18 169
2412 中華電|通信網路|-7 1 -2|96 96 1 0|1.8 1103|17 -17 2 -11 21
2413 環科|電子零組|4 -6 -14|79 79 103 105|0.5 162|4 0 0 -21 7
2417 圓剛|電腦及週|43 16 13|69 78 2 -12|2.5 39|1 -2 0 -4 16
2419 仲琦|通信網路|12 -1 -1|89 89 32 34|2.5 221|2 -0 0 12 16
2420 新巨|電子零組|5 -2 -0|80 88 -2 -9|1.5 15|6 9 -1 -8 15
2421 建準|電子零組|30 28 -2|75 75 -7 17|0.5 378|40 2 -1 -21 28
2423 固緯|其他電子|-0 10 3|81 81 -7 2|1.4 7|6 -5 0 -12 3
2425 承啟|電腦及週|27 19 -29|71 76 -3 -19|0.8 9|9 3 0 -8 -18
2426 鼎元|光電業|-3 -8 -6|84 96 17 24|1.9 30|7 -4 0 9 47
2427 三商電|資訊服務|-2 92 30|77 80 -2 -20|0.7 19|3 -3 0 -6 2
2428 興勤|電子零組|-4 3 -4|80 80 -12 20|0.5 106|14 5 -5 1 -5
2429 銘旺科|光電業|68 59 -40|39 39 -35 -28|1.2 41|2 1 0 -14 -86
2431 聯昌|電子零組|-10 -33 -30|86 86 26 24|6.4 17|3 2 0 10 -9
2436 偉詮電|半導體業|11 11 -6|81 81 7 3|3.1 116|6 4 0 15 8
2439 美律|通信網路|10 15 8|83 88 -9 -8|0.4 159|21 28 -5 -22 -30
2440 太空梭|電子零組|-17 -20 -16|85 85 12 10|0.9 7|1 4 0 na na
2441 超豐|半導體業|4 11 0|80 80 17 44|1.3 1433|11 1 -1 -12 3
2442 新美齊|建材營造|2032 702 463|70 70 -16 -23|2.2 37|2 -7 0 -7 20
2444 兆勁|通信網路|31 -27 -12|66 85 13 12|1.4 14|1 1 0 na na
2449 京元電子|半導體業|33 37 7|92 92 31 135|0.8 5960|33 2 -2 -29 23
2451 創見|半導體業|242 169 98|90 90 78 152|1.6 4146|12 1 -1 -16 -1
2453 凌群|資訊服務|6 6 -2|75 85 -6 -10|1.8 45|4 -3 0 17 23
2454 聯發科|半導體業|23 9 -3|96 96 35 28|1.2 13083|57 7 -0 -10 -75
2455 全新|通信網路|28 33 27|85 85 -0 7|1.5 2000|22 -4 0 62 128
2457 飛宏|電子零組|-30 -19 -10|76 76 -4 30|1.3 387|5 2 0 21 -12
2458 義隆|半導體業|-6 -6 -3|75 85 -6 -3|0.9 221|12 -3 -22 2 5
2460 建通|電子零組|15 6 4|88 88 32 19|0.6 10|1 -1 0 -23 -35
2461 光群雷|其他電子|7 -1 3|80 91 3 -5|0.6 8|5 -5 0 -21 22
2462 良得電|電子零組|-16 -12 -15|87 87 2 -0|1.5 21|2 -2 0 -13 10
2464 盟立|其他電子|-21 -21 -13|77 83 4 6|1.6 275|1 -1 0 -3 1
2465 麗臺|電腦及週|-62 -32 -47|64 65 -18 -20|0.7 17|1 -2 0 -82 na
2466 冠西電|光電業|-47 -44 -42|55 76 16 -26|0.8 79|10 1 2 7 -85
2467 志聖|電子零組|39 33 4|87 87 35 62|0.8 636|14 -1 1 1 -14
2468 華經|資訊服務|-10 10 -14|47 61 -15 -31|0.8 15|5 9 0 -6 -4
2471 資通|資訊服務|28 10 -6|77 93 0 -9|1.0 10|5 20 0 -5 -45
2472 立隆電|電子零組|10 4 -5|84 84 -0 35|0.5 452|10 -1 -2 6 3
2474 可成|其他電子|-26 -4 -9|93 94 -0 -5|0.7 688|23 -11 -20 -41 -1
2476 鉅祥|電子零組|26 19 5|70 70 -13 3|1.2 150|7 -3 0 -7 1
2477 美隆電|其他電子|7 -3 -7|86 89 5 13|1.0 11|24 1 0 10 -2
2478 大毅|電子零組|4 2 -8|83 83 2 44|0.6 252|13 5 0 12 -41
2480 敦陽科|資訊服務|-3 -2 -14|77 77 -11 -19|1.4 38|12 -12 -1 6 41
2481 強茂|半導體業|12 11 7|89 89 9 81|1.2 2492|18 8 -0 -28 -59
2484 希華|電子零組|0 5 -6|87 87 27 27|2.9 127|4 -4 0 71 203
2485 兆赫|通信網路|129 167 118|94 94 186 223|0.4 569|5 1 0 22 -37
2486 一詮|光電業|10 2 -9|95 95 76 60|1.7 808|20 12 1 -2 -42
2488 漢平|其他電子|-37 -30 -28|80 94 -6 1|1.2 8|5 0 0 -11 -22
2489 瑞軒|光電業|-5 9 0|85 85 45 51|2.0 204|14 3 0 122 -15
2491 吉祥全|光電業|14 -4 4|68 68 29 71|0.5 11|6 0 0 4 17
2492 華新科|電子零組|7 5 -0|80 80 5 49|0.9 2402|12 3 0 1 -56
2493 揚博|電子零組|12 7 4|66 66 22 -15|0.4 154|4 5 1 -17 -24
2495 普安|電腦及週|-7 0 10|91 91 43 50|1.3 389|5 1 0 -10 -2
2497 怡利電|汽車工業|-21 -13 -13|81 88 14 20|0.8 28|3 0 3 -28 -25
2498 宏達電|通信網路|-26 -16 -15|59 59 -14 7|0.8 367|9 -1 0 -8 0
2501 國建|建材營造|-22 18 -1|89 90 -5 8|0.8 44|9 1 -5 -2 13
2504 國產|建材營造|1 1 -4|81 90 -4 -8|0.5 74|10 -13 -3 -3 -15
2505 國揚|建材營造|2538 4262 -18359|82 92 -3 -5|1.3 6|4 -7 0 -8 13
2515 中工|建材營造|3 -19 -9|78 78 -20 20|1.8 100|11 -9 -0 17 14
2520 冠德|建材營造|43 8 15|57 78 -3 -23|0.8 66|12 2 -7 -21 -30
2527 宏璟|建材營造|-32 -51 13|80 87 10 12|0.7 10|41 -7 1 39 23
2528 皇普|建材營造|-98 801618 -403590|57 85 -15 -3|1.2 22|3 -23 2 2 71
2530 華建|建材營造|-95 -84 -321|66 84 -10 -2|1.1 26|4 -23 9 6 40
2534 宏盛|建材營造|-88 -9 -280|77 86 -7 -18|1.1 10|7 -11 0 4 7
2535 達欣工|建材營造|89 58 6|95 95 4 12|1.1 26|8 8 -2 140 -10
2536 宏普|建材營造|-33 7795 4499|69 77 -15 -19|1.7 7|9 -5 0 -9 27
2537 聯上發|建材營造|23 -22 -2636|69 84 -3 -5|0.6 18|3 -3 0 -19 -4
2539 櫻花建|建材營造|180 12 na|68 68 -3 -31|1.1 29|2 -3 0 6 6
2540 愛山林|建材營造|-40 -39 -56|49 54 -8 -41|0.7 36|2 -21 -5 -0 18
2542 興富發|建材營造|234 80 92|83 83 -3 -7|0.9 161|9 6 -9 -15 0
2543 皇昌|建材營造|22 14 15|59 76 -7 -9|0.7 96|2 -7 0 -1 3
2545 皇翔|建材營造|-58 -79 -92|52 81 -11 -8|0.9 14|3 -9 0 -8 6
2546 根基|建材營造|32 34 -18|92 92 -5 7|0.8 13|4 6 1 5 13
2547 日勝生|建材營造|6 -9 3|77 93 -2 -5|1.0 16|15 -6 2 -31 -6
2548 華固|建材營造|11587 20346 15220|88 88 5 9|0.6 79|14 -10 0 -16 16
2597 潤弘|建材營造|40 25 5|86 91 0 -0|0.9 64|4 2 -1 8 11
2603 長榮|航運業|-20 -26 -12|81 92 -2 -5|1.1 1954|17 6 -11 -6 -8
2605 新興|航運業|28 37 35|88 88 18 25|2.0 342|40 11 0 -22 -53
2606 裕民|航運業|17 10 13|85 88 12 17|1.8 394|9 15 -10 -6 -57
2607 榮運|航運業|-16 -19 -1|87 87 -5 -6|0.8 38|10 5 -6 -36 -27
2608 嘉里大榮|航運業|-4 -4 -6|87 92 -5 -4|1.6 7|4 -17 0 0 47
2609 陽明|航運業|-23 -30 -7|67 85 -5 -14|0.7 750|14 10 -3 -2 -18
2610 華航|航運業|2 2 -0|88 96 10 6|1.3 720|17 28 -5 -13 -33
2611 志信|航運業|-5 -4 -2|68 89 -1 -11|1.6 5|2 11 0 -5 -6
2612 中航|航運業|7 -2 -8|82 82 12 27|1.3 102|4 5 -0 -18 -18
2613 中櫃|航運業|5 2 -1|72 85 -4 -9|1.5 8|2 14 0 -3 -34
2614 東森|其他|-5 -4 1|86 86 2 29|0.5 25|5 -1 -4 -17 -0
2615 萬海|航運業|-16 -20 -13|60 82 -11 -16|0.6 566|41 -6 -5 -0 29
2617 台航|航運業|12 7 9|91 91 -0 11|1.1 26|8 20 1 -18 -5
2618 長榮航|航運業|1 2 2|84 94 3 -2|1.0 1142|23 17 -13 -6 -66
2630 亞航|航運業|-7 9 2|67 67 -7 8|0.6 167|2 -0 0 -5 -9
2633 台灣高鐵|航運業|2 9 6|94 94 -2 -3|1.3 145|10 -33 -0 13 123
2634 漢翔|航運業|9 -3 5|78 78 -1 14|0.9 708|4 5 -0 -3 -22
2636 台驊控股|航運業|-19 -25 -10|80 89 -6 -9|1.5 23|8 4 -1 -3 1
2637 慧洋-KY|航運業|17 10 26|86 94 8 18|0.8 242|14 29 -9 -21 -51
2640 大車隊|數位雲端|-1 3 -1|87 87 -5 -2|1.7 8|6 -50 -5 8 47
2641 正德|航運業|41 35 -8|85 88 -8 4|1.3 67|6 2 0 -7 2
2645 長榮航太|航運業|-5 6 -6|77 77 -1 2|1.2 650|5 -5 2 3 116
2646 星宇航空|航運業|17 18 -7|79 86 -5 -12|1.4 114|2 -11 0 28 10
2707 晶華|觀光餐旅|2 7 -2|92 92 -3 -3|1.3 21|7 -23 0 -25 11
2723 美食-KY|觀光餐旅|-15 -12 -7|76 94 9 -5|0.7 29|46 14 -1 -2 16
2727 王品|觀光餐旅|7 11 5|85 91 -5 -8|1.1 54|21 -6 -1 -13 -13
2731 雄獅|觀光餐旅|9 13 5|91 91 -1 8|0.7 90|27 8 -0 -11 -6
2743 山富|觀光餐旅|23 10 10|75 81 -14 -18|0.9 9|2 12 0 -6 -10
2745 五福|觀光餐旅|18 20 4|71 81 -7 -18|1.2 20|3 -2 0 -4 1
2748 雲品|觀光餐旅|-8 0 1|65 83 -11 -18|1.2 5|1 -5 0 -12 9
2753 八方雲集|觀光餐旅|4 8 -2|83 83 -10 -5|1.3 48|9 -27 -2 -5 18
2801 彰銀|金融保險|9 11 2|95 95 -0 5|0.8 334|18 -13 -1 35 9
2812 台中銀|金融保險|10 13 6|85 86 -8 -14|1.6 226|9 -31 -1 6 89
2820 華票|金融保險|30 48 2|94 94 -4 5|1.5 12|8 -30 0 50 16
2832 台產|金融保險|6 4 5|89 89 3 23|0.6 10|5 -19 -13 -21 8
2834 臺企銀|金融保險|4 6 3|93 94 -2 0|1.6 263|19 -26 -0 14 123
2836 高雄銀|金融保險|10 17 2|94 94 -3 1|1.1 15|8 -23 0 16 3
2838 聯邦銀|金融保險|13 26 19|91 91 -4 6|0.8 34|4 -16 -25 -0 32
2845 遠東銀|金融保險|10 12 11|91 91 -4 -8|1.9 78|10 -26 -0 6 49
2850 新產|金融保險|5 4 1|93 93 -4 8|1.6 31|9 -21 -8 -2 -3
2851 中再保|金融保險|19 24 23|98 98 7 13|0.8 26|5 19 1 3 -21
2852 第一保|金融保險|8 -2 1|94 95 1 5|1.0 10|6 -3 -1 -29 -1
2855 統一證|金融保險|57 73 59|95 95 19 43|1.8 171|12 15 -2 393 -20
2880 華南金|金融保險|10 12 7|97 97 11 16|0.8 337|17 17 0 -24 -34
2881 富邦金|金融保險|8 42 -72|92 92 -1 7|0.8 1620|17 13 -22 21 -9
2882 國泰金|金融保險|-6 44 38|96 96 15 18|0.8 1596|20 24 -16 -4 -36
2883 凱基金|金融保險|-42 53 796|98 98 13 16|1.0 632|28 29 -2 2 -8
2884 玉山金|金融保險|15 39 16|97 97 11 1|0.7 1017|30 -2 -2 -37 20
2885 元大金|金融保險|36 27 19|98 98 19 27|1.0 923|27 -2 -7 21 9
2886 兆豐金|金融保險|6 10 11|91 91 -4 -4|1.5 765|21 -12 -5 24 87
2887 台新新光金|金融保險|230 195 114|96 96 17 42|0.6 1521|23 15 -1 -5 -38
2889 國票金|金融保險|21 26 22|95 95 2 11|0.7 69|9 6 -0 -49 4
2890 永豐金|金融保險|16 32 15|97 97 8 13|0.9 523|27 -1 -4 -17 -35
2891 中信金|金融保險|44 47 15|98 98 20 19|1.0 1337|34 12 -15 4 -69
2892 第一金|金融保險|15 18 9|95 95 0 1|0.7 510|26 -14 -3 16 2
2903 遠百|貿易百貨|-7 -2 1|90 90 0 2|0.5 51|9 3 -14 -17 16
2905 三商|貿易百貨|-24 -55 -57|89 89 2 28|0.6 13|4 -3 0 1 -7
2912 統一超|貿易百貨|5 4 0|82 82 -10 -18|1.4 714|17 -11 -8 43 -16
2913 農林|貿易百貨|-13 -13 -25|64 84 -11 -15|1.5 20|5 -6 0 -8 20
2915 潤泰全|貿易百貨|-67 -36 -24|76 90 -8 -7|1.0 144|6 -37 -8 5 38
3002 歐格|電腦及週|-6 28 7|71 71 -22 51|0.2 16|2 5 0 -12 -6
3003 健和興|電子零組|8 -2 1|65 84 -5 -12|1.3 17|3 -1 0 -10 0
3004 豐達科|鋼鐵工業|20 23 7|68 73 2 -12|0.8 74|4 0 0 -22 9
3005 神基|電腦及週|11 12 2|67 67 -19 -8|1.4 375|18 -26 -14 23 36
3006 晶豪科|半導體業|108 54 44|94 94 91 256|3.1 902|25 -3 1 198 3
3008 大立光|光電業|-0 -6 -12|86 91 7 -1|1.0 2206|29 -8 2 -23 46
3010 華立|電子通路|3 -1 1|96 96 27 16|1.2 208|14 14 -0 -36 -15
3011 今皓|電子零組|-38 -40 -8|67 76 -3 -14|1.6 15|2 -6 0 -5 17
3013 晟銘電|電腦及週|12 13 -9|72 78 -12 -15|0.5 339|5 -10 -3 1 17
3014 聯陽|半導體業|-1 -8 -14|78 85 -9 -12|1.2 130|21 -3 -4 27 13
3015 全漢|電子零組|-9 -1 -14|75 82 -17 -7|0.7 24|9 -6 -2 -0 25
3016 嘉晶|半導體業|19 10 15|82 82 11 69|1.4 518|2 2 0 17 -13
3017 奇鋐|電腦及週|110 128 36|96 96 -0 47|1.2 9157|53 9 -7 -3 -13
3019 亞光|光電業|-2 11 -6|73 87 3 1|4.5 1201|7 -2 0 35 12
3022 威強電|電腦及週|17 -4 -1|58 86 -8 -16|1.3 37|15 4 0 -5 2
3023 信邦|電子零組|-1 -7 -1|75 96 4 -1|3.8 372|35 10 -2 -21 56
3024 憶聲|光電業|-92 -76 -76|57 75 -8 -23|1.3 9|3 -4 0 -5 -12
3025 星通|通信網路|176 89 82|86 86 49 43|1.7 162|7 5 0 -2 -16
3026 禾伸堂|電子零組|11 4 -2|85 85 -11 25|0.6 148|15 4 -1 -8 -26
3027 盛達|通信網路|-56 -34 -41|60 83 4 -19|0.6 28|1 -6 0 2 183
3028 增你強|電子通路|25 29 14|100 100 45 52|2.3 253|12 4 0 51 77
3029 零壹|資訊服務|-2 7 -32|75 87 -3 -9|1.1 88|4 -8 -1 -7 14
3030 德律|其他電子|37 41 6|85 85 16 14|0.9 501|16 -10 1 -16 108
3031 佰鴻|光電業|3 13 13|84 90 -3 12|1.8 9|3 10 0 -3 -13
3032 偉訓|電子零組|49 59 5|62 62 -29 -33|0.9 47|5 -12 0 -2 24
3033 威健|電子通路|-3 15 -9|88 91 3 -9|1.3 91|6 -9 -1 -12 29
3034 聯詠|半導體業|-14 -10 -8|69 82 -5 -17|1.4 1586|30 5 -9 20 -0
3035 智原|半導體業|-13 -4 -73|64 87 -8 3|1.5 713|7 -1 0 1 2
3036 文曄|電子通路|3 35 10|92 92 -1 17|1.5 871|20 8 -4 -1 -15
3037 欣興|電子零組|27 18 4|96 96 121 168|1.7 15870|42 -1 3 29 -10
3038 全台|光電業|-19 -20 -3|84 96 13 2|1.1 8|9 6 -0 -21 11
3040 遠見|其他|-2 -5 -1|74 74 -9 -13|2.2 22|0 -2 0 -12 0
3041 揚智|半導體業|133 22 34|68 79 -12 -3|1.4 32|8 -2 0 3 20
3042 晶技|電子零組|-1 -0 -6|87 87 2 3|1.0 205|13 9 -7 -3 -28
3044 健鼎|電子零組|12 11 -1|99 99 16 37|1.7 1183|48 12 -4 7 -7
3045 台灣大|通信網路|5 1 1|92 93 -5 -1|0.7 672|12 -1 -12 42 1
3046 建碁|電腦及週|69 69 53|95 95 2 18|0.6 18|5 4 0 -3 23
3047 訊舟|通信網路|-47 -56 -20|60 76 -9 -4|0.6 44|3 7 0 -3 -8
3048 益登|電子通路|-4 -6 -10|80 80 -1 40|0.6 171|1 -5 0 -16 3
3049 精金|光電業|14 9 5|92 92 61 66|1.8 100|5 -1 0 -52 na
3050 鈺德|光電業|27 6 5|78 86 10 -2|0.6 18|8 1 0 -16 35
3051 力特|光電業|-18 -10 -11|78 87 20 2|1.2 65|2 -5 0 35 137
3052 夆典|建材營造|14 23 -7|83 93 0 -3|0.8 8|3 -16 0 44 -16
3055 蔚華科|電子通路|87 35 46|80 80 8 14|0.6 34|2 6 0 -7 -22
3056 富華新|建材營造|-97 -98 -3372|43 70 -16 -31|1.3 27|4 7 -0 -15 -0
3057 喬鼎|電腦及週|-52 25 17|70 70 37 1|0.8 13|2 -0 0 na na
3059 華晶科|光電業|-7 8 -14|60 60 -15 -7|1.5 160|9 -16 -0 12 103
3060 銘異|電腦及週|3 21 11|86 86 47 56|1.1 351|8 -1 0 -6 18
3062 建漢|通信網路|-12 12 -12|76 87 -1 -7|1.2 133|9 7 0 -12 -11
3071 協禧|電腦及週|13 3 8|84 84 -0 23|1.2 9|2 9 0 -14 -2
3073 天方能源|綠能環保|364 149 39|56 69 -13 -29|0.6 7|1 0 0 23 2
3078 僑威|電子零組|-45 -20 -40|68 68 -19 -30|0.8 82|23 -23 -4 2 22
3081 聯亞|通信網路|159 127 40|100 100 147 160|1.4 2267|31 3 3 -17 2
3083 網龍|文化創意|60 46 40|77 88 -2 -3|1.3 5|1 4 0 16 1
3086 華義*|文化創意|18 16 9|87 87 8 56|1.1 28|41 -6 0 9 22
3088 艾訊|電腦及週|19 3 0|57 92 1 1|1.2 37|10 7 0 -0 -15
3090 日電貿|電子零組|31 22 -10|82 82 5 21|0.4 623|5 -2 -4 -10 3
3092 鴻碩|電子零組|-8 -7 6|80 81 74 30|1.3 33|1 -1 0 13 16
3094 聯傑|半導體業|-25 2 -15|80 86 2 2|4.0 11|2 -2 0 21 32
3105 穩懋|半導體業|31 29 32|86 86 76 156|1.1 6964|29 1 1 29 35
3128 昇銳|光電業|-24 -16 -19|57 63 -7 -25|0.7 12|2 -1 0 -2 1
3130 一零四|數位雲端|8 7 -0|95 95 -2 -3|0.7 5|22 -30 0 -8 6
3131 弘塑|半導體業|105 73 15|87 87 14 12|1.1 1713|28 11 -5 -32 -3
3135 凌航|半導體業|120 53 na|na 85 145 273|0.7 521|2 -1 0 na 14
3138 耀登|通信網路|31 15 14|88 88 83 78|1.7 287|4 1 0 142 12
3141 晶宏|半導體業|-16 -1 -8|56 83 1 -11|1.0 34|9 1 0 -5 17
3147 大綜|資訊服務|-35 32 -53|64 82 -13 -7|1.0 51|1 -2 0 0 7
3149 正達|光電業|26 21 14|86 86 32 69|2.1 998|8 4 0 13 -56
3152 璟德|通信網路|-19 -24 -9|82 82 31 24|1.5 222|13 -3 0 47 45
3162 精確|電機機械|8 21 -70|87 87 -4 30|0.6 131|48 -0 0 4 -1
3163 波若威|通信網路|34 31 14|91 91 92 154|1.7 539|28 2 2 -17 -7
3167 大量|電機機械|61 56 -52|84 84 3 8|0.4 1407|6 -2 -1 -15 3
3169 亞信|半導體業|-11 -1 -12|84 91 3 11|1.2 14|3 8 -1 3 -5
3176 基亞|生技醫療|-11 -2 -21|84 95 11 3|1.6 8|4 3 0 15 76
3178 公準|半導體業|-20 -11 -8|78 84 1 -7|0.7 8|1 1 0 -1 -10
3188 鑫龍騰|建材營造|383 452 277|91 91 1 4|0.7 8|2 2 0 4 -3
3189 景碩|半導體業|25 35 6|95 95 84 136|1.8 6927|10 -3 2 34 52
3205 佰研|生技醫療|-65 -67 -42|78 78 -4 1|2.6 5|6 -7 0 5 -8
3207 耀勝|電子零組|72 46 18|53 80 -1 2|0.6 77|4 -6 0 9 54
3209 全科|電子通路|65 26 15|87 96 2 -2|0.8 17|6 28 -2 -10 -5
3211 順達|電腦及週|34 35 38|79 79 7 22|1.3 1448|24 1 -3 32 16
3213 茂訊|電腦及週|22 -11 -15|72 75 -8 -7|1.1 32|7 2 -0 4 -12
3217 優群|電子零組|21 9 -13|75 75 -19 -8|0.8 113|8 -13 2 -9 32
3218 大學光|生技醫療|3 -1 -0|61 69 2 -32|0.8 24|7 4 0 9 -17
3219 倚強科|其他電子|105 78 11|55 55 5 19|0.4 38|1 0 0 -14 8
3221 台嘉碩|通信網路|17 8 6|90 90 26 50|4.9 88|4 -1 0 71 43
3227 原相|半導體業|0 -1 -12|71 76 -16 -3|1.5 346|21 -13 -3 2 48
3228 金麗科|半導體業|11 12 29|60 80 -4 -12|3.4 44|7 1 0 na 0
3229 晟鈦|電子零組|53 28 12|80 80 57 42|0.5 6|1 3 0 na na
3230 錦明|光電業|-28 -5 0|42 42 -38 -46|3.4 12|5 5 0 -22 -12
3231 緯創|電腦及週|142 143 37|81 81 -10 4|0.8 5136|26 -23 -2 19 55
3234 光環|通信網路|19 18 -2|90 90 43 63|3.1 102|4 2 0 na na
3236 千如|電子零組|45 24 10|75 75 24 72|0.3 221|16 1 0 -12 -26
3257 虹冠電|半導體業|39 60 28|83 83 -11 10|1.3 44|2 1 1 -12 -8
3260 威剛|半導體業|101 64 29|90 90 72 265|1.4 1256|29 -2 -0 10 -41
3264 欣銓|半導體業|23 20 13|92 92 68 110|1.4 1647|31 -9 9 -5 41
3265 台星科|半導體業|18 14 2|89 89 38 35|1.1 594|7 3 2 -13 -19
3289 宜特|其他電子|18 11 -1|90 90 17 5|4.6 172|10 3 1 22 -45
3290 東浦|電子零組|8 24 5|92 92 1 29|2.2 35|6 -6 0 1 19
3293 鈊象|文化創意|14 12 -7|73 83 -4 -11|0.7 866|22 10 -5 -3 -10
3294 英濟|電子零組|-22 -18 -2|63 63 -9 -23|1.2 89|10 -1 0 -0 4
3297 杭特|光電業|48 28 6|55 56 -18 -23|0.4 7|4 -2 0 1 1
3303 岱稜|其他電子|-3 -1 -3|81 87 -5 -6|1.0 10|5 -1 0 -6 5
3305 昇貿|其他電子|48 30 -3|69 69 -3 40|1.0 1551|2 0 0 -10 2
3306 鼎天|通信網路|35 4 -9|68 68 -15 -6|1.1 13|3 0 0 -28 2
3308 聯德|電子零組|306 103 na|77 77 38 13|0.7 7|1 1 0 -7 12
3311 閎暉|通信網路|-15 -17 -15|79 84 -4 -14|1.0 9|2 6 0 -16 -11
3312 弘憶股|電子通路|22 12 -8|63 80 3 -17|1.4 74|1 -5 0 -6 43
3317 尼克森|半導體業|0 1 -11|82 82 -9 20|1.2 44|8 1 0 -11 -10
3321 同泰|電子零組|-12 8 -3|59 76 -14 29|0.6 14|2 1 0 na na
3322 建舜電|電子零組|9 -5 -17|81 84 14 -2|0.7 11|3 3 0 4 23
3323 加百裕|電腦及週|-31 -20 -11|67 67 -9 -6|1.0 75|5 -0 0 -11 7
3324 雙鴻|其他電子|107 84 35|86 86 -12 26|0.9 2243|23 -7 -2 11 52
3338 泰碩|電子零組|-15 -13 -12|74 74 -1 -14|1.9 27|1 -7 0 11 64
3339 泰谷|光電業|71 43 11|61 71 -4 -26|1.7 20|4 4 0 -3 -1
3346 麗清|汽車工業|-18 -15 -8|63 88 7 -8|1.3 12|2 -10 0 -3 81
3349 寶德|電腦及週|-54 -37 -55|90 90 46 56|0.5 12|1 -3 0 na na
3354 律勝|電子零組|21 -10 11|76 76 54 39|0.5 23|2 3 0 -31 36
3356 奇偶|光電業|1 -13 1|79 93 5 -0|1.0 21|6 8 0 -6 -21
3357 臺慶科|電子零組|26 21 -1|81 81 0 40|0.8 501|16 -2 0 -4 -27
3360 尚立|電子通路|106 48 27|87 88 18 10|1.5 14|2 1 0 -6 4
3362 先進光|光電業|4 2 -0|48 82 10 -11|1.0 117|6 -6 0 10 30
3363 上詮|通信網路|22 12 -29|100 100 31 69|1.6 1395|23 0 0 -14 49
3372 典範|半導體業|41 36 14|80 80 8 58|0.9 69|1 0 0 -94 na
3374 精材|半導體業|26 15 10|77 83 4 4|2.4 1808|14 1 2 46 9
3376 新日興|電子零組|-18 -29 -11|71 78 0 -13|1.1 1307|20 -6 1 -10 43
3379 彬台|電機機械|26 249 97|57 61 -16 -37|1.0 24|1 -5 0 -6 21
3380 明泰|通信網路|22 14 9|96 96 13 28|1.1 118|7 9 0 -4 -28
3390 旭軟|電子零組|8 4 7|81 86 4 9|0.6 10|2 11 0 -5 -9
3402 漢科|其他電子|2 0 4|85 85 7 17|0.5 191|6 -2 0 -7 18
3406 玉晶光|光電業|81 36 27|94 94 4 1|0.5 295|34 27 -5 -19 -22
3413 京鼎|半導體業|4 9 -20|75 75 -23 -14|2.0 435|14 -8 1 15 34
3416 融程電|電腦及週|28 21 1|71 71 -10 -9|1.2 40|3 -10 -0 -2 18
3419 譁裕|通信網路|-17 -5 -27|79 99 10 13|1.3 5|1 2 0 -22 na
3430 奇鈦科|化學工業|23 25 8|76 76 -10 35|0.6 76|8 3 0 -4 -10
3434 哲固|光電業|1 -13 -10|47 75 -6 -18|1.6 6|3 -2 0 2 -2
3437 榮創|光電業|-34 -22 -2|70 91 8 3|5.1 13|5 -2 0 13 23
3438 類比科|半導體業|-2 -5 -10|76 82 4 4|0.7 8|2 -3 0 -12 10
3441 聯一光電|光電業|22 34 -3|85 85 13 15|0.4 6|3 5 0 -5 4
3443 創意|半導體業|76 114 71|99 99 55 110|1.2 8655|28 0 1 -20 19
3444 利機|電子通路|25 11 -1|84 84 24 30|0.5 20|13 7 0 -39 -8
3447 展達|通信網路|9 14 -35|52 52 -24 -36|1.1 18|1 1 0 -2 -2
3450 聯鈞|半導體業|-4 -14 -39|73 82 -6 29|0.9 1761|6 -3 -1 -14 0
3454 晶睿|光電業|-22 -22 -27|65 99 20 5|0.4 18|2 -3 0 -19 -7
3455 由田|光電業|-56 -34 -29|83 83 22 13|1.1 279|10 -2 1 -27 44
3466 德晉|通信網路|-94 -5 31|62 77 -8 -5|1.2 21|16 -9 0 -1 2
3479 安勤|電腦及週|5 9 -4|75 75 -21 -9|1.1 25|6 -21 -1 -10 55
3481 群創|光電業|19 6 0|73 73 52 80|2.5 8489|21 -4 0 24 49
3483 力致|電腦及週|-3 -9 -10|64 72 -25 -19|1.1 46|9 0 -0 -5 -0
3484 崧騰|電子零組|-6 -9 -17|74 91 2 3|1.3 15|8 12 0 -8 3
3490 單井|光電業|-33 -16 -10|75 87 -7 4|0.6 10|5 2 0 -5 -13
3491 昇達科|通信網路|38 36 25|100 100 168 240|0.3 2040|34 2 -1 -17 -14
3498 陽程|其他電子|48 148 49|84 84 7 10|2.0 40|7 -3 0 14 17
3499 環天科|通信網路|-22 -30 -14|75 75 11 8|0.5 5|0 1 0 na na
3501 維熹|電子零組|-8 -9 -5|82 87 -3 -8|1.0 27|3 -1 0 92 11
3504 揚明光|光電業|0 1 -7|70 84 0 -8|1.2 15|4 -3 0 11 3
3511 矽瑪|電子零組|-8 -6 -12|55 84 -2 -2|0.8 5|3 5 0 -4 -4
3515 華擎|電腦及週|45 47 -46|65 65 -32 -26|0.7 140|11 -16 -4 27 100
3518 柏騰|其他電子|9 -12 -3|83 83 3 18|1.1 6|6 -1 0 -11 -7
3526 凡甲|電子零組|17 17 -11|90 94 -1 -3|0.8 61|14 5 3 1 -20
3528 安馳|電子通路|131 113 43|72 72 -12 -20|0.9 16|4 17 0 -9 -16
3529 力旺|半導體業|-37 -6 -12|50 69 -21 -19|2.2 1619|55 7 3 5 10
3530 晶相光|半導體業|66 49 37|72 82 8 18|0.5 31|41 5 1 -36 -1
3532 台勝科|半導體業|4 5 6|86 86 45 56|1.1 1054|47 -0 2 -20 -1
3533 嘉澤|電子零組|29 12 -2|80 85 5 1|1.4 2069|39 6 3 -6 37
3535 晶彩科|光電業|960 1187 596|81 81 23 39|0.8 702|6 -1 0 -3 -20
3537 堡達|電子零組|32 13 8|84 84 -3 17|0.3 36|3 1 0 -17 2
3540 曜越|電腦及週|10 21 -9|74 77 -1 -4|0.8 10|3 -4 0 3 77
3543 州巧|光電業|4 -2 -4|84 84 -13 19|0.7 159|12 3 0 77 22
3545 敦泰|半導體業|-30 -33 -17|67 76 -7 -18|1.0 75|13 -7 0 4 35
3546 宇峻|文化創意|68 20 17|65 85 -4 -12|0.7 26|8 -5 -3 -9 25
3548 兆利|電子零組|-33 -23 -23|45 70 -9 -21|1.7 24|6 0 0 -2 -1
3550 聯穎|電子零組|1 -5 -14|92 93 22 9|4.4 18|3 -0 0 8 14
3551 世禾|綠能環保|20 26 10|81 81 7 7|0.4 201|9 -7 1 -16 44
3552 同致|其他電子|-9 2 2|62 70 -27 -15|1.4 13|11 -3 0 1 11
3555 博士旺|半導體業|250 462 97|100 100 71 198|2.5 26|4 9 0 2 57
3556 禾瑞亞|半導體業|8 13 5|92 92 5 15|4.2 6|4 -1 0 10 63
3558 神準|通信網路|-1 -5 -35|55 77 -5 -22|1.3 30|3 -7 -0 0 11
3563 牧德|光電業|7 9 -125|74 74 -7 -2|0.6 353|6 -8 0 -5 10
3564 其陽|通信網路|5 4 -7|58 76 -6 -22|3.7 9|2 -6 0 6 11
3576 聯合再生|光電業|-75 -50 -6|99 99 58 60|1.3 229|10 2 0 na na
3577 泓格|電腦及週|34 20 5|58 63 -1 -37|1.0 5|2 1 0 0 -8
3580 友威科|其他電子|-8 -23 4|74 89 12 -2|0.6 73|7 1 0 -10 13
3581 博磊|半導體業|83 41 28|86 86 27 105|0.3 75|14 3 0 -15 -17
3583 辛耘|半導體業|24 10 -8|75 75 -6 -15|1.7 189|9 -10 0 3 1
3587 閎康|其他電子|11 14 6|86 94 6 6|3.0 89|16 -2 0 17 20
3588 通嘉|半導體業|14 0 5|76 87 3 16|2.8 37|2 -0 0 3 8
3591 艾笛森|光電業|-24 -18 -9|74 89 5 7|1.2 11|2 -4 0 3 16
3592 瑞鼎|半導體業|-5 -7 1|59 71 -6 -30|0.8 202|18 7 -1 -14 -0
3594 磐儀|電腦及週|-14 6 -26|63 90 0 -1|4.6 8|2 -6 0 3 37
3596 智易|通信網路|5 8 -1|71 71 -10 -23|1.4 188|40 -28 1 23 43
3605 宏致|電子零組|0 1 -12|78 78 -8 2|3.1 109|11 -4 0 19 15
3607 谷崧|電子零組|-17 -30 -24|80 89 13 0|0.5 6|5 9 0 -4 6
3609 三一東林|電子零組|-5 309 200|61 68 -20 -24|1.0 8|2 -3 0 23 148
3611 鼎翰|電腦及週|4 10 -24|90 90 -3 2|1.1 6|12 -27 0 -17 -23
3615 安可|光電業|-25 -25 -17|86 90 15 10|0.8 19|4 -2 0 28 18
3617 碩天|其他電子|-7 -13 -10|56 73 -27 -21|0.9 57|9 -4 -18 5 -29
3622 洋華|光電業|63 52 32|87 87 14 15|0.6 60|4 -4 0 5 36
3623 富晶通|光電業|50 27 12|76 76 17 -2|0.8 13|1 -0 0 4 15
3624 光頡|電子零組|20 12 7|81 81 36 39|0.3 506|44 0 0 3 5
3625 西勝|電腦及週|13 5 13|54 54 -24 4|0.7 14|5 -2 0 na na
3628 盈正|其他電子|-8 -11 -24|65 65 -33 44|0.3 22|5 3 0 -13 -8
3630 新鉅科|光電業|35 23 3|77 77 7 28|3.7 72|41 -2 0 7 20
3631 晟楠|電子零組|-96 -44 -37|67 94 21 17|2.3 5|8 0 0 -10 8
3645 達邁|電子零組|-4 -2 -9|72 75 0 -14|2.4 354|11 1 0 31 23
3653 健策|電子零組|13 20 -25|97 97 35 103|1.1 5108|28 5 -2 -12 20
3661 世芯-KY|半導體業|-69 -64 -26|75 75 -14 -16|1.1 7165|46 -8 -1 9 91
3663 鑫科|其他電子|42 29 -18|77 81 25 -8|0.7 146|4 1 0 -10 1
3665 貿聯-KY|其他電子|43 37 5|79 79 -3 42|0.8 4577|48 11 -14 2 -35
3669 圓展|通信網路|54 15 18|85 86 21 1|0.8 7|2 0 0 -14 55
3673 TPK-KY|光電業|-0 -9 -1|86 86 1 5|0.8 93|42 7 0 -4 29
3675 德微|半導體業|-1 -5 4|70 83 -4 23|2.1 84|55 4 0 23 -4
3679 新至陞|電子零組|-19 -17 -27|74 89 -9 -0|1.3 5|9 2 0 6 1
3680 家登|半導體業|49 55 40|81 89 24 42|1.3 989|22 4 2 -24 -1
3685 元創精密|電機機械|46 18 19|80 80 -7 211|1.0 19|0 -2 0 -11 na
3686 達能|半導體業|62 18 7|89 89 -7 23|1.1 8|3 14 0 na na
3687 歐買尬|數位雲端|14 9 3|81 88 -8 -0|1.1 14|8 -1 0 4 -5
3689 湧德|電子零組|52 18 -5|85 85 -5 6|0.6 537|15 -3 0 -31 -5
3691 碩禾|光電業|231 163 147|86 86 72 54|0.8 81|7 12 0 108 11
3693 營邦|電腦及週|-14 -29 -26|96 96 1 31|2.3 317|6 -2 1 34 15
3694 海華|通信網路|19 13 -10|55 55 -22 -8|2.9 79|5 -16 -0 12 129
3701 大眾控|電腦及週|-11 -28 -6|93 93 57 55|1.9 217|5 0 0 -33 -2
3702 大聯大|電子通路|12 10 -6|91 95 6 -5|0.4 447|24 13 -11 -52 -7
3703 欣陸|建材營造|213 66 50|73 92 6 -1|1.2 22|21 4 0 -32 -3
3704 合勤控|通信網路|-37 -22 -23|87 92 1 30|1.5 142|8 -3 0 17 30
3705 永信|生技醫療|-1 -0 -6|85 93 -1 -6|2.3 18|7 -10 -0 -5 -4
3706 神達|電腦及週|25 32 -55|72 72 -19 -5|0.6 1371|7 -10 -1 -2 5
3707 漢磊|半導體業|15 12 13|83 83 14 53|1.4 829|15 1 0 -5 -10
3708 上緯投控|綠能環保|-90 -88 -71|75 75 -12 -13|0.9 188|6 7 -0 -21 -16
3709 鑫聯大投控|電腦及週|4 21 -29|94 94 26 56|0.4 149|10 6 0 -23 -42
3711 日月光投控|半導體業|11 10 1|93 93 25 97|0.8 6179|79 7 -0 -53 -10
3712 永崴投控|電腦及週|-41 -47 -92|39 51 -27 -48|0.7 23|1 -1 0 5 7
3714 富采|光電業|0 -5 3|71 88 4 1|2.0 138|12 -4 0 1 35
3715 定穎投控|電子零組|27 20 10|89 89 49 50|0.8 6271|11 -0 -1 13 19
3717 聯嘉投控|汽車工業|na na na|na na -6 na|1.0 17|2 -3 0 19 228
4104 佳醫|生技醫療|1 -0 -4|88 88 -9 -9|1.0 17|4 -13 0 3 41
4105 東洋|生技醫療|3 -2 -14|97 97 4 11|1.5 54|25 13 -0 4 8
4107 邦特|生技醫療|20 13 9|92 92 -3 3|1.0 7|8 -20 0 -17 -18
4114 健喬|生技醫療|4 5 -10|81 82 -5 -17|1.3 30|7 -7 0 -10 -7
4119 旭富|生技醫療|95 7 12|60 84 -9 -13|0.7 10|6 9 0 11 -4
4123 晟德|生技醫療|24 -7 -5|92 92 13 12|1.4 88|12 5 0 7 -4
4128 中天|生技醫療|6 8 -2|57 76 -7 -19|0.7 40|7 10 0 -4 -8
4129 聯合|生技醫療|21 15 -7|84 84 -15 6|1.1 26|15 4 -0 -4 -17
4130 健亞|生技醫療|-4 1 4|89 89 57 80|0.7 78|2 -4 0 -0 78
4137 麗豐-KY|生技醫療|11 7 11|88 91 3 2|1.2 14|57 17 -1 -6 3
4142 國光生|生技醫療|215 259 31|75 88 4 8|2.1 55|5 -2 0 1 -13
4147 中裕|生技醫療|57 5 3|56 69 -18 -29|1.5 52|10 3 -1 -5 29
4157 太景*-KY|生技醫療|6483 2166 1631|85 85 46 61|1.5 82|2 -5 0 18 59
4162 智擎|生技醫療|-91 -12 -4|59 89 -6 -9|1.4 40|9 1 0 6 21
4164 承業醫|生技醫療|-2 24 -3|58 65 -23 -28|1.0 39|25 -11 0 -9 -7
4166 友霖|生技醫療|19 44 na|na na 8 na|0.8 6|11 -2 0 na na
4167 松瑞藥|生技醫療|107 30 24|93 93 17 6|1.9 55|11 2 0 22 31
4168 醣聯|生技醫療|2980 927 na|91 94 24 23|1.3 16|5 9 0 -21 na
4171 瑞基|農業科技|56 32 4|77 84 4 11|3.6 6|13 -3 0 33 77
4303 信立|塑膠工業|13 9 -310|69 69 -23 -16|0.8 56|2 -0 0 2 1
4306 炎洲|塑膠工業|12 12 23|77 88 1 -9|1.2 14|5 7 0 -8 -13
4438 廣越|紡織纖維|10 35 15|64 80 -15 -10|0.8 7|1 7 0 3 -5
4441 振大環球|紡織纖維|28 29 na|na na -14 na|0.6 24|3 9 0 na na
4503 金雨|電機機械|-19 36 -89|61 64 -26 -32|0.9 7|4 4 0 -1 -10
4506 崇友|電機機械|-25 -19 -32|85 85 -9 -2|1.3 10|2 1 0 -50 44
4510 高鋒|電機機械|50 40 41|79 87 26 -4|1.5 246|5 0 0 -1 -12
4513 福裕|電機機械|-9 -4 5|51 80 4 -0|1.1 13|3 1 0 -5 -8
4523 永彰|電機機械|-48 -48 -50|71 71 -29 -21|0.4 5|3 -5 0 22 21
4526 東台|電機機械|-14 -19 -15|82 82 2 -0|0.9 134|7 9 0 -11 -36
4532 瑞智|電機機械|-10 -21 -16|80 97 11 3|1.0 32|18 12 -1 -8 0
4533 協易機|電機機械|29 10 -16|89 89 79 47|3.9 428|6 -0 0 27 63
4534 慶騰|電機機械|22 -1 0|73 89 47 30|4.4 28|1 -0 0 na na
4536 拓凱|運動休閒|-26 -30 -30|75 80 -15 -15|1.4 33|14 -14 -3 -1 22
4540 全球傳動|電機機械|-6 32 17|76 90 22 14|2.0 195|4 -1 0 -7 24
4541 晟田|其他|39 20 -1|66 66 -2 -11|0.7 99|6 2 0 -8 -7
4542 科嶠|電子零組|112 107 40|95 95 73 69|1.0 62|8 2 0 21 7
4543 萬在|電機機械|31 18 13|77 87 38 10|0.5 13|7 -3 0 -14 91
4545 銘鈺|電子零組|-2 0 -0|76 81 13 7|1.1 16|31 -3 0 -8 9
4549 桓達|電機機械|-28 -12 -11|58 72 -24 -25|0.6 13|2 3 0 -2 -3
4551 智伸科|汽車工業|19 4 -0|69 69 -13 -25|1.2 67|50 -0 0 1 -17
4555 氣立|電機機械|5 4 -4|76 76 -11 1|0.9 6|3 -6 0 -3 -23
4557 永新-KY|汽車工業|-17 -22 -28|52 80 4 -21|0.8 12|33 -11 0 -14 1
4560 強信-KY|電機機械|-0 2 -6|80 92 2 -8|1.4 8|85 -7 0 87 -11
4561 健椿|電機機械|-24 -12 9|59 88 23 -4|1.1 19|2 -1 0 -2 -13
4562 穎漢|電機機械|-35 -36 -32|60 67 -6 -31|0.9 52|1 -4 0 -15 20
4563 百德|電機機械|4 -12 -3|57 82 16 -10|2.0 44|2 -4 0 -31 -9
4564 元翎|電機機械|-24 -29 -35|71 81 -2 10|1.5 16|3 10 0 3 -12
4566 時碩工業|電機機械|7 2 -3|69 84 4 -6|1.0 36|3 10 0 -8 -11
4571 鈞興-KY|電機機械|-11 -12 -12|78 88 6 9|5.5 70|61 0 0 -2 -17
4572 駐龍|電機機械|-9 -18 4|77 81 -4 -12|1.3 10|2 -19 -2 -6 -5
4576 大銀微系統|電機機械|18 23 1|65 85 -1 -4|2.6 208|1 -2 0 9 19
4577 達航科技|其他電子|20 8 -13|81 81 23 75|0.4 69|2 1 0 -11 -13
4583 台灣精銳|電機機械|5 4 3|85 92 23 9|1.9 364|2 5 2 11 -17
4585 達明|其他電子|54 21 na|na na -12 na|3.1 215|0 -2 0 na 822
4588 玖鼎電力|其他電子|18 -16 -15|79 90 -3 -2|0.8 10|4 -2 0 48 -12
4714 永捷|化學工業|110 68 -30|78 78 -8 -15|2.6 27|7 -4 0 -3 14
4716 大立|化學工業|-16 -7 -2|71 83 -1 7|1.1 5|4 7 0 -8 -1
4720 德淵|化學工業|-7 -4 -3|82 85 14 6|0.7 26|5 -2 -0 2 40
4721 美琪瑪|化學工業|-10 1 -19|71 75 -9 -24|0.9 26|4 4 0 4 -6
4722 國精化|化學工業|-24 -9 -2|70 70 -11 115|0.4 254|2 -2 -2 -5 -3
4726 永昕|生技醫療|156 78 50|72 83 1 -10|1.0 11|21 0 0 -35 na
4729 熒茂|光電業|-22 7 -3|79 79 1 -6|0.4 12|1 1 0 -4 4
4736 泰博|生技醫療|6 -12 -3|93 97 4 8|1.7 31|7 13 -0 -10 -19
4737 華廣|生技醫療|13 -13 -9|66 67 -17 -31|2.3 9|26 32 0 11 17
4739 康普|化學工業|98 115 59|83 83 3 15|0.9 114|9 6 -0 139 -13
4743 合一|生技醫療|170 33 19|77 82 6 -1|1.0 271|12 10 0 16 -31
4744 皇將|生技醫療|17 7 -5|84 84 4 6|0.6 7|8 1 0 13 6
4746 台耀|生技醫療|-2 -3 -8|79 84 -5 -10|1.9 54|12 5 0 3 4
4749 新應材|半導體業|11 19 -11|88 88 1 30|1.0 1223|14 -10 -1 4 43
4755 三福化|化學工業|-1 -18 -14|94 94 14 3|1.0 44|21 -1 0 40 99
4760 勤凱科技|其他電子|68 39 7|89 89 1 38|0.8 223|8 4 0 -8 -39
4763 材料*-KY|化學工業|-25 -39 -28|44 68 -16 -28|0.8 284|46 -9 -3 8 6
4764 雙鍵|化學工業|-9 6 -3|84 84 56 177|0.8 274|24 -5 0 -1 41
4766 南寶|化學工業|0 -3 -5|69 69 -15 -17|1.4 115|16 -14 -2 -8 -2
4768 晶呈科技|化學工業|225 149 119|88 88 58 264|0.7 662|14 -2 0 5 9
4770 上品|化學工業|-8 -34 -9|68 77 1 -17|1.1 190|8 -2 0 41 26
4771 望隼|生技醫療|29 26 8|83 93 -4 -3|0.7 10|4 7 0 -16 -7
4772 台特化|化學工業|263 240 120|85 85 1 37|0.8 751|13 -4 -0 -17 69
4903 聯光通|通信網路|-52 351 199|78 78 32 27|1.0 129|2 -5 0 -15 6
4904 遠傳|通信網路|14 12 7|94 94 -4 8|1.0 318|21 1 -12 -14 57
4906 正文|通信網路|-34 -41 -8|88 96 7 15|1.0 101|15 6 -0 1 14
4908 前鼎|通信網路|-42 -25 -23|72 75 -10 -19|1.6 24|4 -4 0 -1 2
4909 新復興|通信網路|-90 -90 -2|53 83 20 -8|0.6 239|6 -1 0 -1 2
4912 聯德控股-KY|電子零組|3 29 17|57 82 14 10|1.5 68|24 -12 1 8 401
4915 致伸|電子零組|22 14 8|86 86 -13 2|1.0 165|46 -11 -2 -12 4
4916 事欣科|電腦及週|37 35 32|89 89 17 -3|1.8 919|3 1 0 8 -24
4919 新唐|半導體業|-5 -3 1|61 89 10 -1|3.4 291|7 -3 0 12 27
4923 力士|半導體業|34 24 13|67 80 9 -4|1.1 5|1 -1 0 26 -31
4927 泰鼎-KY|電子零組|-10 -13 -7|69 80 45 26|0.6 505|10 0 0 -20 -5
4931 新盛力|電腦及週|93 96 64|76 76 -1 3|0.8 708|13 -6 -3 -14 200
4933 友輝|光電業|-14 -18 -24|70 85 -11 -12|1.3 9|7 5 0 -2 -11
4934 太極|光電業|34 6 56|82 82 5 37|1.9 29|2 0 0 na na
4938 和碩|電腦及週|-2 -2 -3|75 86 -6 -14|0.7 564|30 15 -19 -4 -24
4939 亞電|電子零組|-3 -6 1|69 69 23 79|0.6 359|7 1 0 -12 -29
4942 嘉彰|光電業|3 18 9|89 89 -8 0|0.8 6|7 -7 0 8 9
4946 辣椒|文化創意|252 332 -654|46 80 -1 -7|3.0 6|13 -4 0 na na
4949 有成精密|光電業|6 5 5|78 95 31 6|3.5 63|3 -4 0 -13 -2
4951 精拓科|半導體業|2 4 -1|80 80 -5 -8|1.5 6|4 -0 0 -5 -31
4952 凌通|半導體業|4 -2 10|75 85 3 0|5.4 8|5 -7 0 7 6
4953 緯致|資訊服務|28 20 7|87 87 -1 16|1.0 87|16 16 0 -5 4
4956 光鋐|光電業|-9 -2 -8|70 96 19 -3|3.6 19|10 2 0 6 3
4958 臻鼎-KY|電子零組|23 3 -7|93 93 17 48|2.6 3976|65 -1 1 170 6
4960 誠美材|光電業|4 3 5|88 88 0 -4|1.0 17|18 3 0 -5 2
4961 天鈺|半導體業|-20 -23 -20|64 76 -1 -22|0.7 144|18 -1 -1 21 20
4966 譜瑞-KY|半導體業|8 -6 -8|60 60 -23 -23|1.3 693|32 -12 1 21 32
4967 十銓|半導體業|211 94 65|90 90 67 229|1.4 2288|17 1 0 -29 -21
4968 立積|半導體業|5 6 3|53 68 -23 -24|1.3 128|9 -7 0 3 23
4971 IET-KY|半導體業|26 46 -12|96 96 144 143|1.3 1966|27 -0 0 -3 15
4973 廣穎電通|半導體業|-9 -3 -1|80 80 30 90|1.0 343|5 -1 0 53 -9
4974 亞泰|電子零組|-28 -38 -26|62 76 -1 -14|2.4 17|7 -2 0 -11 5
4976 佳凌|光電業|-18 -7 2|52 52 -8 -3|2.6 25|3 -11 0 8 18
4977 眾達-KY|通信網路|-41 -36 -56|89 89 16 43|1.7 430|16 -2 0 -7 7
4979 華星光|通信網路|20 10 -22|96 96 65 70|1.7 6679|17 -3 1 -14 47
4987 科誠|電腦及週|1 2 -3|94 100 20 0|3.0 14|3 1 0 -81 0
4989 榮科|電子零組|84 45 51|75 75 5 124|0.8 849|4 -0 0 -10 33
4991 環宇-KY|半導體業|13 51 24|99 99 44 49|0.4 339|10 -10 0 -10 48
5009 榮剛|鋼鐵工業|-7 -8 2|72 86 -1 -6|1.9 95|12 0 1 7 5
5201 凱衛|資訊服務|12 28 -9|74 85 -4 21|0.5 6|9 -11 0 7 -4
5203 訊連|資訊服務|18 25 6|62 79 -14 -11|1.7 15|16 -24 0 -4 12
5209 新鼎|其他|21 19 33|92 92 -7 5|0.9 8|2 4 0 65 -3
5213 亞昕|建材營造|13 -23 -486|72 91 -2 -5|1.2 12|1 -2 0 -2 -7
5222 全訊|半導體業|-31 -19 6|83 83 0 -2|1.2 108|4 2 -2 24 -10
5225 東科-KY|其他電子|-22 -20 -9|72 83 -14 -2|1.6 47|41 -3 -0 11 12
5227 立凱-KY|電子零組|-6 -53 -34|62 75 -9 -13|1.0 6|12 2 0 25 94
5228 鈺鎧|電子零組|74 49 18|75 75 23 32|1.0 20|0 -0 0 162 189
5234 達興材料|光電業|10 11 -2|77 77 -14 23|0.9 419|6 -5 -0 60 45
5236 凌陽創新|半導體業|1 -7 -22|78 83 -14 -11|0.7 16|3 3 0 4 6
5243 乙盛-KY|光電業|-17 -22 -16|91 91 0 22|1.7 248|58 2 0 -9 -5
5244 弘凱|光電業|-4 -0 2|74 74 -6 -18|0.8 10|3 -2 0 -7 -1
5245 智晶|光電業|-19 -22 -10|99 100 59 13|3.4 6|4 0 0 1 3
5251 天鉞電|光電業|-61 -21 -49|54 59 -18 -29|0.5 5|27 0 0 -3 1
5258 虹堡|電腦及週|6 8 8|60 71 -19 -21|1.7 22|5 0 0 -6 14
5263 智崴|文化創意|-20 -14 -16|73 86 16 15|0.9 93|13 -11 0 43 113
5269 祥碩|半導體業|80 85 16|57 64 -13 -36|1.2 2053|12 -4 1 -3 200
5274 信驊|半導體業|18 16 -35|97 97 56 90|0.7 2513|55 -9 7 -28 11
5278 尚凡*|數位雲端|14 8 -13|63 65 -10 -33|1.0 8|2 -3 0 -1 -8
5283 禾聯碩|電器電纜|-3 1 -2|57 77 -3 -22|0.9 6|2 10 0 61 -16
5284 jpp-KY|其他|66 60 2|83 83 -10 30|0.4 223|53 -4 0 -8 17
5285 界霖|半導體業|7 3 -4|94 94 2 15|1.7 22|3 12 0 15 -9
5287 數字|數位雲端|1 -0 -3|92 92 -5 -3|1.6 9|18 -12 0 10 28
5288 豐祥-KY|電機機械|-2 -5 1|73 87 7 7|1.3 33|60 -3 1 32 11
5289 宜鼎|電腦及週|152 116 56|94 94 63 216|0.8 2858|34 2 2 -13 -42
5291 邑昇|電子零組|6 12 1|83 83 41 49|2.9 70|0 0 0 6 207
5292 華懋|綠能環保|28 7 -25|85 85 30 20|0.9 63|4 6 1 36 -14
5299 杰力|半導體業|-23 -25 -14|79 89 -7 4|1.1 8|2 -0 0 17 -3
5302 太欣|半導體業|128 115 66|81 81 30 20|1.0 22|0 0 0 na na
5306 桂盟|運動休閒|-11 -10 -7|73 94 3 -2|0.8 9|13 7 -0 -15 2
5309 系統電|電子零組|22 14 4|89 89 6 33|0.8 696|14 -2 0 -17 6
5314 世紀*|其他|227 341 -124|65 65 -17 15|1.2 548|11 2 -0 10 -7
5315 光聯|光電業|-4 9 -25|97 97 12 14|0.9 17|14 9 0 1 7
5328 華容|電子零組|3 -7 -11|77 77 39 104|0.2 121|10 5 0 18 -47
5340 建榮|電子零組|12 13 -4|95 95 94 109|0.2 505|58 2 0 18 -41
5347 世界|半導體業|15 9 -2|84 84 45 45|2.3 7166|23 11 -4 295 -25
5351 鈺創|半導體業|170 134 108|78 78 48 83|1.3 853|22 -2 0 5 -22
5371 中光電|光電業|10 15 15|65 65 -11 -7|1.2 1348|16 1 1 -0 -2
5381 光譜|電機機械|56 4 -2|80 80 9 1|0.9 127|3 4 0 na -79
5386 青雲|電腦及週|69 75 -1|100 100 43 49|1.8 79|13 10 0 18 3
5388 中磊|通信網路|17 17 21|63 78 -2 -20|2.6 373|17 -16 -2 39 9
5392 能率|光電業|-5 -9 -1|76 76 -8 22|1.5 279|7 1 0 8 -15
5403 中菲|資訊服務|-0 1 -8|86 88 -9 -10|1.4 10|6 -15 0 -12 34
5410 國眾|資訊服務|22 -22 -58|75 75 -16 7|0.9 7|10 -4 0 -6 -3
5425 台半|半導體業|5 4 -19|83 83 11 28|0.9 564|18 4 2 -9 -21
5426 振發|電腦及週|-20 -11 -34|61 74 -7 -25|1.2 10|3 -3 0 -9 8
5432 新門|綠能環保|31 47 34|85 85 16 23|0.6 39|4 -1 0 0 16
5434 崇越|電子通路|19 9 -11|92 92 -4 10|0.8 212|28 20 -0 -17 -1
5438 東友|電腦及週|-15 -29 -34|68 68 -7 4|0.9 9|1 3 0 2 -4
5439 高技|電子零組|111 131 3|76 76 -10 2|0.4 873|23 4 3 -19 -14
5443 均豪|半導體業|1 -18 -32|74 74 -5 -12|0.8 257|5 -2 0 -1 20
5452 佶優|其他電子|-17 -18 -6|79 79 32 12|1.0 100|10 -1 0 -5 -4
5457 宣德|電子零組|-1 -2 -13|70 70 -18 -17|1.5 19|30 -16 -1 3 6
5465 富驊|電腦及週|-35 -14 -43|67 67 -1 -26|0.8 7|1 -10 0 -4 25
5469 瀚宇博|電子零組|54 51 14|85 85 -1 41|0.8 867|15 10 -0 -19 -53
5471 松翰|半導體業|-5 -4 -2|85 85 2 8|4.7 18|12 -1 0 13 21
5474 聰泰|電腦及週|29 9 -17|68 72 -12 -7|0.9 42|2 -1 0 3 5
5475 德宏|電子零組|65 71 4|100 100 82 219|0.3 316|8 2 0 na na
5478 智冠|文化創意|13 10 14|85 98 5 5|1.6 16|19 -3 0 -1 5
5481 新華|其他|-10 -1 -1|65 74 12 -9|0.2 6|27 3 0 17 -11
5483 中美晶|半導體業|7 -2 -1|87 87 -3 13|1.3 1410|21 4 -1 -6 -23
5484 慧友|光電業|472 176 128|66 72 1 2|1.7 19|1 0 1 na na
5490 同亨|電腦及週|13 10 -6|69 69 -16 1|1.7 7|7 -16 0 -0 -38
5493 三聯|其他電子|20 16 -5|85 85 -6 -9|0.7 18|4 2 0 -2 -1
5498 凱崴|電子零組|48 40 18|78 78 121 182|0.6 674|7 -3 0 -10 31
5508 永信建|建材營造|45 -14 50|42 56 -20 -22|0.5 40|8 -15 1 -14 -1
5511 德昌|建材營造|29 33 14|96 96 5 16|1.0 12|4 16 0 -15 16
5515 建國|建材營造|-29 -3 -24|81 81 20 24|0.6 31|10 2 2 -4 61
5519 隆大|建材營造|-58 -57 -161|87 90 5 8|0.6 10|4 -0 0 -50 19
5521 工信|建材營造|15 3 -28|78 78 44 81|0.4 294|12 -3 0 42 -6
5522 遠雄|建材營造|408 370 316|82 82 23 2|0.5 70|5 9 -12 -16 -35
5530 龍巖|其他|7 -22 -24|56 85 -3 -16|1.3 32|55 -15 0 10 61
5534 長虹|建材營造|-24 -26 -25|76 89 0 -1|1.1 49|12 -17 0 1 -3
5536 聖暉*|其他電子|10 16 -26|67 67 -12 13|0.9 1994|26 -5 -4 0 48
5607 遠雄港|航運業|30 25 6|87 87 -8 -5|0.9 18|2 -8 0 -5 5
5608 四維航|航運業|-8 -8 1|80 85 1 10|1.2 37|5 11 0 -7 -27
5609 中菲行|航運業|-5 -9 -16|95 95 -4 1|1.5 11|16 3 0 17 -12
5706 鳳凰|觀光餐旅|-1 -11 -22|78 88 -3 -12|1.9 10|2 4 0 9 -21
5864 致和證|金融業|6185 10254 7417|96 96 43 82|2.8 86|5 7 0 134 21
5871 中租-KY|其他|-3 -5 -0|83 85 -0 -10|0.8 640|43 1 -11 -4 -47
5876 上海商銀|金融保險|-16 1 -2|83 87 -1 -11|0.7 286|55 -14 -13 -4 95
5880 合庫金|金融保險|32 27 13|91 92 -2 -9|1.6 416|16 -19 -1 39 228
5903 全家|居家生活|10 8 4|95 96 -1 -4|1.2 10|51 2 -26 14 -11
5904 寶雅|居家生活|3 10 3|80 85 -13 -14|1.5 107|25 -39 3 9 75
6005 群益證|金融保險|39 31 19|95 95 19 36|1.2 322|19 28 -3 292 -46
6015 宏遠證|金融業|87 187 146|93 93 22 19|4.2 45|3 2 0 252 -6
6016 康和證|金融業|50 61 10|95 95 24 39|3.3 140|7 6 0 505 9
6021 美好證|金融業|124 -469 -408|97 97 18 51|1.3 13|7 8 0 79 19
6023 元大期貨|金融業|11 11 17|97 97 4 11|1.0 9|2 -0 1 -28 -6
6024 群益期|金融保險|-23 -6 -19|92 97 2 3|1.0 16|3 8 -0 -6 -23
6026 福邦證|金融業|50 124 23|96 96 23 28|2.7 42|5 8 0 31 26
6104 創惟|半導體業|16 5 -28|54 71 -5 -27|1.0 178|13 -6 0 6 23
6111 光聚晶電|文化創意|107 119 70|69 83 -14 -11|1.1 22|11 -4 0 1 7
6112 邁達特|資訊服務|12 14 -5|60 76 -15 -20|1.1 22|1 3 0 -6 -4
6113 亞矽|電子通路|-9 4 12|67 80 7 -12|1.3 13|2 -3 0 10 20
6117 迎廣|電腦及週|8 15 1|64 77 -7 -20|0.9 38|1 -4 0 -7 5
6118 建達|電子通路|16 11 0|71 71 -4 14|0.5 5|2 4 0 -6 3
6120 達運|光電業|-6 -12 5|89 89 10 12|1.5 52|6 -3 -0 2 50
6121 新普|電腦及週|25 12 8|86 88 -2 -13|1.1 254|37 7 -28 17 -1
6122 擎邦|電機機械|19 10 8|84 84 11 6|1.1 56|5 -1 0 55 19
6125 廣運|電機機械|31 51 22|74 77 -2 -15|2.6 168|11 -1 0 -3 2
6126 信音|電子零組|20 13 5|94 94 16 45|2.3 237|3 -2 0 92 137
6127 九豪|電子零組|11 -3 -3|80 80 24 65|0.4 407|4 -0 0 -3 6
6129 普誠|半導體業|2 14 15|83 83 11 9|1.4 11|2 2 0 -40 na
6130 上亞科技|生技醫療|-8 -12 -13|87 87 3 -5|0.6 10|0 -5 0 6 80
6133 金橋|電子零組|41 35 14|82 82 53 43|2.9 94|7 1 0 7 1
6134 萬旭|電子零組|34 34 10|83 83 25 16|1.0 59|21 -0 0 -11 11
6138 茂達|半導體業|25 28 5|93 93 6 40|3.3 236|30 7 1 41 12
6139 亞翔|其他電子|165 137 103|90 90 16 70|1.2 2764|28 -7 1 -13 15
6143 振曜|通信網路|-9 16 -2|69 69 -22 -13|0.8 67|12 5 0 -14 3
6146 耕興|其他電子|1 1 2|86 91 -1 2|1.6 46|30 16 -0 40 10
6147 頎邦|半導體業|2 1 -5|86 90 -7 2|1.0 191|23 13 -5 -11 14
6148 驊宏資|資訊服務|-38 191 44|48 60 -12 -26|0.7 8|5 2 0 -2 0
6150 撼訊|電腦及週|-14 37 -42|64 64 -19 -14|1.2 17|4 -13 0 5 19
6151 晉倫|其他電子|8 4 -0|77 84 6 4|1.1 9|4 8 0 -6 -35
6152 百一|通信網路|-7 5 25|85 85 41 28|0.9 28|1 -0 0 na na
6153 嘉聯益|電子零組|-20 -27 -3|86 86 6 16|2.5 79|9 1 0 -2 -6
6155 鈞寶|電子零組|21 8 -4|80 80 91 130|0.5 398|9 0 0 -9 8
6156 松上|電子零組|-4 -13 -37|68 83 0 -17|0.8 16|5 1 0 3 -4
6161 捷波|電腦及週|20 30 16|72 72 -14 7|1.3 6|5 1 0 -17 34
6163 華電網|資訊服務|43 4 -11|78 78 121 156|0.5 669|11 2 0 -14 4
6164 華興|光電業|-29 -18 -10|90 90 27 15|0.5 10|2 5 0 3 -13
6165 浪凡|數位雲端|14 14 1|67 70 -22 -21|0.6 18|5 -11 0 -4 5
6166 凌華|電腦及週|-21 7 -13|66 89 4 -11|0.6 34|14 -1 0 -8 13
6168 宏齊|光電業|10 7 0|82 82 2 7|7.2 22|3 -4 0 15 23
6170 統振|通信網路|2 -1 -11|87 90 -5 -5|1.3 14|3 -9 0 -20 21
6173 信昌電|電子零組|6 5 -5|82 82 4 68|0.5 649|10 2 0 9 -53
6175 立敦|電子零組|13 0 -0|82 82 -3 34|0.3 139|19 1 0 -4 -6
6176 瑞儀|光電業|-13 -21 -17|64 83 -9 -13|0.8 265|29 7 -18 -3 -22
6177 達麗|建材營造|1398 407 241|85 85 -1 16|0.9 89|7 4 -1 -16 -11
6179 亞通|其他|-66 -2 -37|75 75 -10 -5|0.8 31|8 -0 0 -19 -7
6180 橘子|文化創意|13 -10 8|67 80 -13 -19|1.3 36|26 5 -10 7 -11
6182 合晶|半導體業|22 17 4|88 88 19 53|0.9 960|16 1 0 -2 8
6186 新潤|建材營造|-100 -91 -164|70 70 -22 -16|1.4 28|3 -3 0 16 21
6187 萬潤|半導體業|-51 -44 -57|90 92 6 5|0.8 588|28 3 -1 6 -4
6188 廣明|電腦及週|-4 12 -7|78 78 -1 11|1.5 398|10 -5 1 5 36
6189 豐藝|電子通路|-9 -12 7|63 84 3 -17|1.9 27|8 7 1 -14 -8
6190 萬泰科|通信網路|13 1 -7|83 83 10 -3|1.8 518|13 1 0 -1 -26
6191 精成科|電子零組|91 87 32|71 71 -19 -0|0.5 867|8 -0 0 -2 -13
6192 巨路|其他電子|38 -4 -1|95 95 19 19|1.1 46|23 20 0 10 -5
6196 帆宣|其他電子|-5 -3 11|90 90 14 26|0.7 1050|15 -8 1 -30 137
6197 佳必琪|電子零組|14 12 -2|81 81 -4 -5|1.0 154|4 -3 -3 -2 9
6199 天品|其他|429 384 213|71 79 5 -6|1.4 58|6 1 0 -0 6
6202 盛群|半導體業|-7 -1 -31|84 84 17 16|4.7 64|8 1 0 64 19
6203 海韻電|電子零組|15 22 -36|74 74 -6 -11|0.4 15|5 -3 -1 -43 9
6204 艾華|電子零組|25 -10 -16|75 75 -10 13|0.8 20|4 4 0 -7 -15
6205 詮欣|電子零組|-5 -10 -8|69 76 21 18|0.7 49|2 -1 1 -33 58
6206 飛捷|電腦及週|-16 -15 -27|55 78 -19 -20|0.9 65|9 -5 -5 6 -11
6207 雷科|電子零組|-62 -37 -25|76 76 2 8|4.0 81|4 -4 0 -9 53
6209 今國光|光電業|74 81 28|76 76 26 113|1.5 582|11 1 0 -16 -9
6213 聯茂|電子零組|30 17 3|76 76 -13 17|1.3 933|9 -3 -1 -9 -12
6214 精誠|資訊服務|24 8 -7|82 84 -11 0|1.2 66|10 -13 -0 -10 12
6215 和椿|其他電子|42 33 -25|69 69 -5 -11|1.6 376|6 0 0 0 -5
6216 居易|通信網路|-6 -8 22|75 92 3 -8|0.9 6|3 3 0 26 -22
6217 中探針|電子零組|18 16 -5|88 88 6 86|2.1 503|17 3 0 38 -39
6218 豪勉|通信網路|-29 -9 -19|75 79 16 8|0.4 6|1 3 0 -23 -36
6219 富旺|建材營造|2 -61 -33|38 73 -25 -25|1.5 6|2 -3 0 10 -11
6220 岳豐|電子零組|12 -3 11|100 100 37 60|2.4 9|4 17 0 23 -8
6221 晉泰|資訊服務|-39 -36 -42|47 73 -19 -18|0.7 8|1 -11 0 7 -4
6223 旺矽|半導體業|33 28 -5|96 96 30 128|1.0 3857|35 1 -1 -18 -26
6224 聚鼎|電子零組|-24 -9 -10|69 78 -13 -8|1.4 8|9 -4 0 4 -1
6227 茂綸|電子通路|17 22 -26|63 83 -7 -20|0.8 30|2 1 0 4 -19
6230 尼得科超眾|電腦及週|23 14 1|56 71 -15 -11|0.9 7|87 7 0 -2 1
6231 系微|資訊服務|4 6 0|46 68 -14 -15|1.2 99|9 -3 0 -3 7
6233 旺玖|半導體業|-15 -11 -5|85 91 18 18|0.8 13|5 4 0 -15 5
6234 高僑|光電業|25 -3 19|78 84 18 -14|0.4 61|10 1 0 -7 -4
6235 華孚|電腦及週|49 45 29|73 73 -18 2|0.9 54|5 6 -3 -3 -12
6237 驊訊|半導體業|14 10 -2|66 76 -4 -2|1.3 15|6 2 0 4 1
6239 力成|半導體業|31 25 22|93 93 44 100|1.6 5621|41 5 1 -33 -39
6243 迅杰|半導體業|-39 -32 -20|73 85 7 -10|0.7 8|2 6 0 -10 4
6244 茂迪|光電業|-12 0 3|93 93 34 20|1.4 273|13 -3 0 8 36
6245 立端|通信網路|-13 -3 -1|60 79 -11 -13|0.9 38|7 0 -0 -0 9
6257 矽格|半導體業|12 7 -0|91 91 30 58|0.7 1383|29 2 1 -34 -20
6261 久元|半導體業|18 28 21|97 97 22 22|1.6 46|8 17 0 8 -12
6263 普萊德|通信網路|2 0 -1|80 81 -7 -19|2.3 7|2 -0 0 -11 -9
6265 方土昶|電子通路|337 192 105|79 79 226 356|1.7 457|7 0 0 12 -30
6266 泰詠|電子零組|14 3 -2|92 92 -3 -3|1.0 7|3 -4 0 17 -3
6269 台郡|電子零組|-3 -2 12|80 84 -8 -8|1.0 101|18 4 0 13 0
6270 倍微|電子通路|-1 -1 -6|99 99 21 13|2.5 18|1 -1 0 3 107
6271 同欣電|半導體業|-5 -6 -1|87 87 7 34|2.2 576|27 2 1 10 93
6274 台燿|電子零組|61 45 11|92 92 25 80|0.8 4812|30 5 -2 -21 -31
6275 元山|電子零組|10 15 3|81 81 10 16|0.5 47|4 -2 0 18 39
6277 宏正|電腦及週|6 3 4|81 93 1 2|1.9 6|7 5 2 18 -32
6278 台表科|光電業|0 2 -9|80 82 -13 -16|1.2 155|20 3 -20 -9 20
6279 胡連|電子零組|4 8 -4|65 81 -18 -12|1.6 54|10 -12 -5 -0 12
6282 康舒|電子零組|6 12 12|76 76 14 65|1.0 5298|16 3 0 16 -57
6283 淳安|其他電子|-19 -25 -56|71 71 -13 5|0.9 6|19 -6 0 -27 -14
6284 佳邦|電子零組|8 -4 -7|88 88 -5 28|0.8 189|8 5 0 -24 -56
6285 啟碁|通信網路|-3 -3 -4|99 99 56 54|4.1 2738|20 4 0 169 -22
6290 良維|電子零組|7 21 -7|80 80 -20 46|0.6 531|18 4 -1 -21 -7
6291 沛亨|半導體業|52 32 14|96 96 84 72|1.4 131|7 14 0 -13 -30
6405 悅城|光電業|-88 -96 3|91 91 8 24|1.4 20|3 5 0 -9 7
6409 旭隼|其他電子|-0 -7 0|47 69 -31 -32|1.3 784|56 -8 -1 2 58
6411 晶焱|半導體業|0 -11 -2|79 79 -7 21|0.9 53|9 3 0 -2 4
6412 群電|電子零組|-15 -21 -14|64 73 -10 -27|0.7 75|7 15 -28 -1 -34
6414 樺漢|電腦及週|5 -0 2|86 86 -1 -10|0.9 254|24 7 -5 26 -17
6415 矽力*-KY|半導體業|3 6 3|62 89 32 -14|2.3 4188|76 -5 3 33 574
6416 瑞祺電通|通信網路|13 -3 -7|64 93 2 -2|0.8 18|3 -7 0 9 26
6417 韋僑|通信網路|24 7 -2|94 94 4 12|0.9 19|11 7 0 -3 -5
6418 詠昇|電子零組|17 5 3|44 44 -35 47|0.6 11|8 10 0 -7 -14
6419 京晨科|光電業|-24 -30 4|61 73 36 17|0.4 9|9 0 0 4 27
6423 億而得|半導體業|-51 6 4|80 80 19 -1|4.9 10|2 -1 0 289 167
6425 易發|電機機械|1 7 16|71 71 -0 14|0.7 41|13 -2 0 -8 -17
6426 統新|通信網路|27 46 -8|100 100 67 66|3.4 110|12 3 0 33 3
6431 光麗-KY|生技醫療|0 2 -17|91 91 73 77|0.9 10|58 8 0 na na
6432 今展科|電子零組|30 9 -3|82 82 -12 21|0.3 16|4 0 0 -9 26
6435 大中|半導體業|34 27 1|86 86 34 44|1.2 89|12 7 0 31 -36
6438 迅得|其他電子|36 31 3|64 73 -0 -5|1.2 160|6 -6 0 35 54
6442 光聖|通信網路|-13 35 -55|96 96 90 176|1.1 4741|35 4 -0 -16 23
6443 元晶|光電業|-47 -50 7|96 96 186 143|2.0 3976|11 1 0 78 -5
6446 藥華藥|生技醫療|70 59 -6|99 99 50 50|3.0 2055|22 14 1 30 -67
6449 鈺邦|電子零組|28 23 -6|71 71 -11 36|0.7 175|2 0 -0 -9 -5
6451 訊芯-KY|半導體業|-6 27 -30|71 98 13 10|2.5 125|63 -1 0 19 6
6456 GIS-KY|光電業|-15 -19 -17|57 57 -20 -16|1.4 42|48 -16 0 4 30
6461 益得|生技醫療|-57 -45 -2664|74 85 22 -8|0.7 18|1 -0 0 na na
6462 神盾|半導體業|39 -0 -14|67 68 -18 -20|1.1 112|13 -0 0 -6 -9
6465 威潤|通信網路|261 414 303|83 83 106 91|0.4 10|1 -1 0 na na
6469 大樹|生技醫療|5 7 -3|57 65 -14 -33|3.5 47|9 -11 -0 41 43
6470 宇智|通信網路|-47 -34 -41|98 99 28 20|2.2 13|5 -0 0 -37 -13
6472 保瑞|生技醫療|-17 -15 -28|64 72 -11 -19|3.0 798|9 -8 1 22 33
6477 安集|光電業|-16 14 18|74 74 -9 0|1.1 48|2 -0 0 5 -3
6485 點序|半導體業|21 23 3|79 79 36 85|2.2 701|14 -0 0 27 -11
6486 互動|通信網路|48 25 22|91 91 5 9|0.8 16|5 5 0 -45 7
6488 環球晶|半導體業|0 -11 -8|88 88 14 31|1.4 4127|23 -1 7 -16 29
6491 晶碩|生技醫療|1 8 4|74 81 -16 -10|1.4 66|8 1 -0 -7 4
6492 生華科|生技醫療|-5 -4 -11|100 100 42 80|4.7 18|7 7 0 -56 -17
6499 益安|生技醫療|50 49 -14|65 73 -7 -8|1.9 45|16 3 0 4 -11
6505 台塑化|油電燃氣|2 -3 2|87 87 2 22|1.9 493|6 7 2 9 -31
6509 聚和|化學工業|4 -1 -5|90 98 14 11|1.1 15|6 24 -1 -9 2
6510 精測|半導體業|-13 -7 -50|100 100 110 257|0.9 1871|28 -5 7 -26 44
6515 穎崴|半導體業|104 51 5|95 95 62 256|0.9 2671|21 1 2 -47 -13
6517 保勝光學|光電業|-2 20 12|66 81 8 -15|0.6 84|3 0 0 -16 -6
6525 捷敏-KY|半導體業|8 9 -6|91 91 -2 15|1.1 18|15 17 -0 -1 -6
6526 達發|半導體業|-4 -6 -18|61 73 -13 -23|1.7 129|6 -11 -0 14 48
6530 創威|通信網路|15 10 -7|89 89 13 16|1.8 24|5 -3 0 -2 -5
6531 愛普*|半導體業|77 54 17|82 82 2 35|1.0 2560|32 4 -2 -41 29
6532 瑞耘|半導體業|-11 -16 -11|75 87 9 -13|0.9 5|4 9 0 -6 -14
6533 晶心科|半導體業|29 -0 -20|52 73 -11 -15|1.0 92|15 -3 0 5 4
6534 正瀚-創|生技醫療|14 21 -2|70 70 -15 -8|0.7 5|47 -13 0 3 23
6535 順藥|生技醫療|-19 72 -252|53 53 -17 20|1.1 33|6 -3 0 na na
6538 倉和|電子零組|-20 -22 10|57 73 -10 -25|0.7 5|5 9 -1 -6 -14
6541 泰福-KY|生技醫療|3934 5645 3054|62 78 -11 -6|1.8 36|14 -11 0 4 75
6546 正基|通信網路|14 -2 -2|40 72 -10 -23|1.0 22|9 2 0 1 7
6547 高端疫苗|生技醫療|15 12 -10|67 88 12 -7|3.4 41|7 -9 0 3 46
6548 長科*|半導體業|13 11 -2|90 90 34 79|1.4 713|8 6 2 33 -30
6550 北極星藥業-KY|生技醫療|-41 -74 -43|60 71 -8 -15|1.5 35|68 5 0 na na
6552 易華電|半導體業|-39 -25 1|88 100 32 29|5.8 6|1 -3 0 17 56
6558 興能高|其他電子|-17 -14 -8|56 63 -12 -30|1.6 42|1 0 0 -1 -4
6561 是方|通信網路|3 -9 -15|70 70 -10 -29|1.5 51|7 -23 2 -28 30
6568 宏觀|半導體業|21 8 -0|84 94 27 21|2.3 85|4 -1 0 -13 49
6573 虹揚-KY|半導體業|-33 -16 -6|83 83 -2 77|1.1 6|54 -2 0 na na
6576 逸達|生技醫療|-7 -17 -62|97 98 8 6|0.9 14|23 6 0 na na
6579 研揚|電腦及週|31 31 9|85 86 -5 -0|3.8 12|3 -5 0 -9 16
6584 南俊國際|電子零組|46 34 7|73 73 -1 38|0.6 204|14 5 -6 -7 -44
6585 鼎基|其他|-2 -10 3|49 79 -4 -7|0.6 7|13 16 0 -3 -29
6588 東典光電|通信網路|19 9 -34|100 100 148 134|3.7 43|7 4 0 15 12
6589 台康生技|生技醫療|14 24 20|72 74 -13 -2|0.6 38|6 7 0 4 4
6591 動力-KY|電腦及週|24 39 -4|65 65 -15 -5|0.8 28|23 -5 -1 -3 -6
6592 和潤企業|其他|-9 -9 9|75 84 -3 -12|2.2 108|26 -0 -0 14 26
6596 寬宏藝術|文化創意|-31 10 -118|81 81 -4 1|1.4 37|7 3 0 34 8
6603 富強鑫|電機機械|22 20 1|73 73 24 58|0.8 160|6 -3 0 -4 54
6605 帝寶|汽車工業|-2 -4 -0|70 88 2 -8|0.9 104|17 8 0 -6 -15
6609 瀧澤科|電機機械|-19 -33 -21|48 76 12 -9|2.1 38|53 -3 0 3 -7
6613 朋億*|其他電子|-9 -12 -1|85 93 24 11|1.5 50|6 2 -2 -11 -9
6617 共信-KY|生技醫療|30 -4 -23|64 74 -19 -24|1.1 12|38 -3 0 13 27
6624 萬年清|綠能環保|-42 -14 -66|85 85 88 85|0.4 7|1 5 0 -10 -7
6625 必應|其他|158 94 18|80 92 8 -8|0.8 21|5 12 0 -0 -4
6640 均華|半導體業|36 -16 -46|93 93 30 17|1.8 598|7 2 0 92 -5
6642 富致|電子零組|0 -4 -9|82 92 -6 -0|1.1 8|1 2 0 -20 9
6643 M31|半導體業|90 71 47|53 83 1 -15|2.6 408|13 0 3 -2 9
6651 全宇昕|半導體業|-19 -11 -20|90 100 27 30|1.5 10|7 7 0 51 2
6657 華安|生技醫療|87 22 6|60 81 10 -14|4.6 23|7 -6 0 21 91
6658 聯策|其他電子|10 1 -40|57 75 -4 -25|0.6 17|2 6 0 -1 -14
6664 群翊|電子零組|25 13 9|89 89 6 25|0.5 159|9 1 -1 -14 -4
6667 信紘科|其他電子|82 60 -23|80 80 -8 -13|0.6 112|6 -12 -1 -6 83
6668 中揚光|光電業|43 55 22|67 74 -7 -20|1.0 16|11 -2 0 -4 9
6669 緯穎|電腦及週|144 153 -9|76 76 -17 28|0.9 7500|33 1 -7 27 11
6670 復盛應用|運動休閒|3 1 -5|76 94 9 -7|0.7 96|26 11 -7 -13 -24
6672 騰輝電子-KY|電子零組|10 7 6|73 73 -4 6|1.1 146|21 -0 0 -6 10
6679 鈺太|半導體業|-6 -8 -1|56 79 -15 -19|1.6 33|6 0 0 51 14
6683 雍智科技|半導體業|3 14 -10|100 100 51 81|2.8 461|20 8 1 224 45
6684 安格|半導體業|6 -14 1|70 70 -17 -14|0.9 10|4 17 0 -22 -12
6689 伊雲谷|數位雲端|-16 -13 -13|49 73 -13 -25|1.5 12|5 4 0 -4 0
6690 安碁資訊|數位雲端|15 15 1|79 86 -7 -9|1.6 5|4 -3 0 29 -38
6691 洋基工程|其他電子|68 35 -15|93 93 28 27|0.7 601|16 -1 -2 -13 -9
6693 廣閎科|半導體業|30 33 3|86 86 17 43|0.8 33|13 4 0 -15 -9
6695 芯鼎|半導體業|-22 -8 -22|65 75 -13 -18|1.0 16|1 3 0 -14 -9
6698 旭暉應材|其他電子|12 36 1|86 86 7 6|0.8 13|2 4 0 8 -28
6706 惠特|光電業|-68 -67 -86|79 79 38 64|0.8 635|7 2 0 -25 -11
6712 長聖|生技醫療|1 5 -6|83 83 -5 -3|1.2 45|4 -17 0 3 55
6715 嘉基|電子零組|3 -17 7|84 98 42 16|4.3 17|2 -1 0 17 5
6719 力智|半導體業|14 27 3|84 93 4 0|2.7 106|9 5 -1 -8 31
6720 久昌|半導體業|-25 -26 -13|93 93 20 39|2.0 16|1 6 0 207 -3
6727 亞泰金屬|電子零組|112 47 36|71 71 -7 41|0.7 92|6 -2 0 na 2
6732 昇佳電子|半導體業|10 -7 -1|68 68 -6 1|5.0 30|5 -5 0 27 31
6733 博晟生醫|生技醫療|16 20 -17|73 73 -13 21|1.1 9|1 -22 0 na na
6735 美達科技|其他電子|61 76 67|70 70 -2 41|1.1 9|4 -12 0 25 -38
6739 竹陞科技|其他電子|103 102 4|89 89 15 82|2.5 242|6 8 1 na 11
6741 91APP*-KY|數位雲端|26 15 3|63 74 -7 -23|1.1 22|46 -11 0 19 37
6742 澤米|光電業|-30 -38 -19|54 69 -6 -24|2.4 15|1 -6 0 5 3
6751 智聯服務|資訊服務|-34 -38 -39|88 88 19 36|1.0 6|0 0 0 1217 313
6752 叡揚|資訊服務|7 16 -1|60 76 -9 -20|1.3 6|3 -12 0 -4 -30
6753 龍德造船|航運業|-15 3 -3|68 68 13 28|1.7 379|4 1 0 5 -4
6756 威鋒電子|半導體業|7 12 17|56 78 -4 -15|1.2 15|3 4 0 -5 -8
6757 台灣虎航|航運業|14 14 10|65 80 -6 -17|0.8 100|2 7 0 -6 -18
6761 穩得|電子零組|-10 -17 -16|86 86 5 50|3.0 82|4 -0 0 8 -2
6763 綠界科技*|數位雲端|14 10 1|70 78 -22 -15|0.7 31|2 -2 -0 -16 11
6768 志強-KY|運動休閒|-6 -5 -18|65 82 -11 -6|0.8 72|59 -4 -11 -9 -9
6770 力積電|半導體業|22 13 8|90 90 100 322|1.5 13869|16 1 -0 -20 -29
6776 展碁國際|電子通路|18 9 -6|95 95 15 1|3.0 83|1 -2 0 83 75
6781 AES-KY|電子零組|30 41 -21|74 74 -14 -21|0.7 1672|68 -4 -8 10 6
6782 視陽|生技醫療|37 23 5|80 80 -16 -15|1.0 36|7 -3 -1 3 -14
6785 昱展新藥|生技醫療|na na na|82 82 -8 41|0.7 31|10 -17 -1 -1 6
6788 華景電|半導體業|20 20 -7|76 76 29 12|0.8 582|20 -5 0 -36 -2
6789 采鈺|半導體業|-17 -15 -5|86 88 16 19|1.7 470|4 3 1 21 -3
6794 向榮生技|生技醫療|-65 -29 -155|93 93 29 14|1.0 5|0 9 0 10 71
6796 晉弘|生技醫療|-32 18 -20|84 84 -5 11|1.7 7|15 -3 0 36 277
6799 來頡|半導體業|17 8 1|65 88 -3 -7|1.2 27|10 14 0 -5 -1
6803 崑鼎|綠能環保|6 6 -7|96 96 1 1|1.0 26|4 6 4 -39 -9
6805 富世達|電子零組|39 43 -9|86 86 -4 41|0.9 3212|17 1 -6 38 -2
6806 森崴能源|綠能環保|-53 -59 -141|39 57 -19 -43|0.8 101|3 -2 -0 -11 5
6811 宏碁資訊|數位雲端|21 14 0|71 77 -13 -19|2.3 23|2 -5 -2 6 91
6823 濾能|半導體業|7 49 -7|69 69 -27 21|0.7 22|30 -2 0 na 26
6829 千附精密|半導體業|-1 18 -6|67 76 -6 -10|1.0 26|1 1 0 1 -9
6830 汎銓|其他電子|22 17 7|97 97 16 20|1.7 146|4 3 1 9 -12
6834 天二科技|電子零組|2 1 -14|78 83 7 1|0.7 49|11 0 0 -35 10
6838 台新藥|生技醫療|na na na|69 84 1 -9|1.0 11|2 2 0 1 -7
6840 東研信超|其他電子|40 19 10|84 84 13 10|1.3 23|2 0 0 358 90
6841 長佳智能|生技醫療|36 33 20|71 79 1 0|1.6 22|4 4 0 -2 -7
6854 錼創科技-KY創|半導體業|-4 -27 -18|44 64 -20 -21|1.6 66|33 -7 0 5 -3
6859 伯特光|光電業|-3 -5 -48|55 86 6 -12|0.8 5|15 5 0 -13 -3
6861 睿生光電|生技醫療|6 23 7|89 89 8 21|0.8 14|3 4 -1 -9 -15
6862 三集瑞-KY|電子零組|-2 -9 -16|89 89 7 30|1.6 177|65 -1 0 55 27
6863 永道-KY|通信網路|-17 -24 -12|38 68 -23 -32|0.9 16|70 -11 0 11 -2
6869 雲豹能源|綠能環保|112 66 -63|61 79 -6 -21|1.2 183|2 -2 0 -10 5
6870 騰雲|數位雲端|35 21 0|74 74 6 1|0.6 15|2 -5 0 -2 0
6873 泓德能源|綠能環保|-14 -17 -72|45 62 -6 -38|1.0 79|8 -4 0 12 6
6875 國邑*|生技醫療|-54 na na|70 71 -16 9|1.5 9|2 -3 0 na na
6877 鏵友益|其他電子|-39 -13 -21|84 88 -1 -4|1.5 15|6 4 0 8 -7
6885 全福生技|生技醫療|3121 1938 na|65 71 -12 -17|1.4 11|3 2 0 -2 -2
6890 來億-KY|運動休閒|-6 -3 -9|47 78 0 -10|0.6 132|87 -4 -4 -3 7
6894 衛司特|綠能環保|16 21 -25|93 93 2 10|1.4 27|1 3 0 171 197
6895 宏碩系統|半導體業|45 105 -8|54 54 -27 -10|0.9 32|5 -5 0 -11 6
6901 鑽石投資|其他|-9 64 39|49 78 -6 -19|1.4 12|1 2 0 -6 1
6903 巨漢|其他電子|179 191 148|88 88 75 138|0.7 321|2 0 0 -4 20
6906 現觀科|數位雲端|-15 -18 -12|45 60 -22 -38|0.4 5|10 -2 0 8 1
6909 創控|半導體業|6 21 -13|na 76 14 -17|0.6 61|10 -1 0 87 1225
6913 鴻呈|電子零組|20 4 -22|70 74 -15 0|0.5 20|2 6 -1 1 -29
6914 阜爾運通|其他|11 15 -6|90 90 -10 -3|1.3 11|2 -18 0 -13 33
6918 愛派司|生技醫療|-1 6 -4|na 86 -2 -15|1.6 6|0 -5 0 250 614
6919 康霈*|生技醫療|na na na|64 64 12 26|0.8 1127|13 3 -0 na na
6922 宸曜|電腦及週|-38 -13 -31|66 69 -14 -6|0.5 8|1 -5 0 114 2
6923 中台|綠能環保|-9 -6 21|77 77 -8 3|0.6 46|2 -7 0 -5 11
6925 意藍|數位雲端|25 27 12|na 54 -25 -45|1.0 7|5 -2 0 -7 15
6928 攸泰科技|電腦及週|-15 -27 -30|64 64 -10 -29|0.8 11|0 -2 0 -4 6
6931 青松健康|生技醫療|15 16 2|74 81 -11 10|1.0 13|0 -0 0 -63 36
6933 AMAX-KY|電腦及週|4 6 -25|53 55 -37 -47|0.8 15|31 -4 0 -5 4
6937 天虹|半導體業|-51 9 -1|64 71 -17 -2|0.9 72|1 -5 0 -1 2
6944 兆聯實業|綠能環保|73 73 9|na 88 11 51|0.6 725|14 4 -4 -10 17
6949 沛爾生醫-創|生技醫療|26 29 -35|100 100 62 94|1.9 141|3 15 0 13 -30
6951 青新-創|綠能環保|39 27 2|98 98 2 -1|2.9 8|1 3 0 2200 17
6953 家碩|半導體業|91 32 29|81 81 13 38|1.0 32|1 0 0 143 15
6957 裕慶-KY|其他|2 -0 2|81 81 -17 17|0.6 16|6 -9 0 -5 5
6962 奕力-KY|半導體業|-1 -11 3|61 79 -9 -16|1.2 90|43 8 -0 -12 -4
6965 中傑-KY|運動休閒|-33 -27 -10|na 77 -4 -23|1.1 9|77 -10 0 -24 35
6967 汎瑋材料|電子零組|28 28 19|88 88 21 41|0.4 9|2 9 0 -26 20
6994 富威電力|綠能環保|472 448 311|56 87 -8 -11|0.7 46|1 -2 0 -30 -8
6996 力領科技|半導體業|14 10 18|76 95 13 16|0.7 23|2 7 0 3 -3
7402 邑錡|光電業|-39 -9 -13|74 74 6 34|0.8 149|6 -0 1 -8 -2
7556 意德士科技|半導體業|20 19 -2|84 84 6 -9|1.6 5|3 -2 0 36 -31
7610 聯友金屬-創|綠能環保|227 296 na|na na 83 na|1.8 225|17 2 0 na na
7703 銳澤|其他電子|-3 26 -10|71 71 -4 19|0.5 43|4 -3 0 10 -24
7712 博盛半導體|半導體業|-8 -5 1|34 53 -18 -25|1.6 28|4 -1 0 32 0
7714 創泓科技|數位雲端|-6 34 -22|81 81 17 54|0.5 50|1 -3 0 24 121
7715 裕山|綠能環保|-60 -48 -23|65 80 0 -21|0.6 6|1 0 0 245 -22
7722 LINEPAY|數位雲端|16 24 -2|50 64 -20 -39|2.1 87|59 -8 0 -8 36
7728 光焱科技|其他電子|54 36 40|na 100 155 153|2.6 72|3 4 0 19 -32
7734 印能科技|半導體業|2 -8 -43|na 99 16 8|4.9 79|2 4 1 419 1
7738 東聯互動|數位雲端|18 24 na|na na -12 na|0.5 12|0 7 0 na na
7740 熙特爾-創|綠能環保|3404 1338 na|na 55 -27 -32|0.7 17|5 -6 0 79 878
7749 意騰-KY|半導體業|17 46 na|na 59 -17 -24|0.8 74|23 -1 1 23 33
7750 新代|電機機械|51 38 na|na na 20 na|2.0 111|13 27 0 na na
7751 竑騰|半導體業|63 89 na|na na 76 na|0.7 288|4 -0 7 na 14
7765 中華資安|數位雲端|-28 -3 na|na na -12 na|0.9 14|0 -5 0 na na
7780 大研生醫*|食品工業|31 20 na|na na 38 na|1.4 156|1 -8 0 na na
7788 松川精密|電子零組|6 7 na|na na 55 na|2.9 55|4 0 0 na na
7799 禾榮科|生技醫療|na na na|na na -24 na|1.4 258|4 1 -0 na 3500
8011 台通|通信網路|-5 8 20|82 82 -4 -2|1.3 32|5 -3 0 -13 9
8016 矽創|半導體業|20 15 8|82 82 1 -7|1.0 132|29 15 -9 -17 -18
8021 尖點|其他電子|44 41 17|79 79 56 143|0.1 3730|11 1 1 -21 -37
8027 鈦昇|電機機械|146 59 48|99 99 19 34|0.9 353|14 1 0 -6 -6
8028 昇陽半導體|半導體業|13 16 -12|80 80 -4 0|0.7 1177|10 -6 -2 -1 -1
8033 雷虎|其他|-4 9 -10|73 73 0 31|1.1 336|2 1 0 4 2
8034 榮群|通信網路|-48 -25 -122|80 80 7 15|0.3 23|7 -1 0 -1 12
8038 長園科|電子零組|216 99 -382|77 77 11 -2|0.4 85|2 -1 0 na na
8039 台虹|電子零組|19 23 14|82 82 27 87|0.6 1256|15 1 -0 2 8
8040 九暘|半導體業|-12 -9 -14|60 75 -8 -20|1.7 10|2 2 0 12 7
8042 金山電|電子零組|24 12 3|78 78 38 88|0.2 497|7 1 0 -8 3
8043 蜜望實|電子零組|52 44 27|77 77 59 204|0.2 585|5 1 0 9 -2
8044 網家|數位雲端|1 -0 1|56 78 -15 -17|1.1 18|7 -1 0 -3 -1
8045 達運光電|通信網路|-3 -38 -28|55 60 -7 -30|3.6 12|1 -12 0 6 22
8046 南電|電子零組|47 42 17|93 93 35 113|0.2 2918|15 8 5 -35 1
8047 星雲|其他電子|1 -2 -1|79 79 8 228|0.3 7|0 -3 0 0 na
8048 德勝|通信網路|-11 16 11|78 78 13 34|0.2 20|7 -5 0 -4 20
8050 廣積|電腦及週|-9 -23 -34|57 75 -11 -20|1.2 14|3 7 -0 0 0
8054 安國|半導體業|56 41 11|82 82 1 16|1.1 293|11 -1 0 -2 1
8059 凱碩|通信網路|1106 2888 -337|48 60 -21 -40|0.8 14|1 -5 0 na na
8064 東捷|光電業|164 77 65|90 90 36 30|1.0 302|17 9 0 -22 -37
8068 全達|電子通路|40 34 21|81 81 24 15|1.7 16|8 -2 0 6 16
8069 元太|光電業|-23 -27 -47|56 63 -16 -29|0.8 993|40 -9 -1 17 14
8070 長華*|電子通路|20 14 1|94 94 2 15|1.3 213|8 24 -6 -13 -50
8071 能率網通|電子零組|-16 -10 -8|72 84 -1 -3|1.0 7|5 4 0 -1 -5
8072 陞泰|電子通路|87 63 23|58 70 -14 -26|0.7 11|3 -3 0 4 -8
8074 鉅橡|電子零組|13 3 -1|82 82 96 94|0.9 759|6 1 0 9 -13
8076 伍豐|電腦及週|-11 9 18|67 86 -2 -8|1.4 13|6 6 0 -3 3
8080 泰霖|建材營造|230 42 -16|63 63 6 1|1.5 7|0 1 0 na na
8081 致新|半導體業|8 4 -2|94 94 3 7|2.7 142|25 14 3 30 -24
8083 瑞穎|電機機械|28 18 17|96 96 11 10|1.9 18|3 17 0 62 1
8084 巨虹|電子通路|-39 -33 -28|80 80 8 18|0.9 9|1 -2 0 na na
8085 福華|其他電子|29 20 6|52 72 -7 -13|1.3 12|3 4 0 -5 156
8086 宏捷科|半導體業|65 65 64|82 82 -13 -1|1.2 440|23 3 0 -7 -15
8088 品安|半導體業|160 100 43|82 82 41 94|0.9 1025|9 0 0 22 -22
8089 康全電訊|通信網路|-73 -81 -22|44 65 -17 -24|0.6 8|5 14 0 -2 -5
8091 翔名|半導體業|23 15 8|95 95 27 28|1.8 42|12 17 -0 2 -1
8096 擎亞|電子通路|10 18 -4|94 96 33 80|4.0 374|42 6 0 24 -4
8099 大世科|資訊服務|50 33 6|84 84 -4 9|2.3 11|3 -1 0 10 17
8103 瀚荃|電子零組|7 8 -0|86 86 -0 77|0.7 331|20 -0 0 -5 336
8104 錸寶|光電業|-17 -0 -57|84 84 17 -10|2.7 109|1 -0 0 3 9
8105 凌巨|光電業|-11 -11 -11|78 78 3 -13|0.9 86|38 -2 0 -36 110
8109 博大|電子零組|63 36 20|92 92 6 25|1.0 32|5 18 0 -7 -4
8110 華東|半導體業|11 -0 7|81 81 172 453|0.9 5408|1 -1 0 8 2
8111 立碁|光電業|1 1 -6|83 83 -5 32|0.9 206|5 -1 0 -2 4
8112 至上|電子通路|32 41 42|90 90 2 74|1.5 3387|17 2 -1 22 -25
8114 振樺電|電腦及週|-43 -39 -94|54 63 -14 -31|1.2 239|17 -15 3 30 47
8121 越峰|電子零組|34 19 19|77 77 -8 40|1.1 25|2 13 0 na na
8131 福懋科|半導體業|39 37 25|83 83 78 166|1.0 1408|3 0 0 15 11
8147 正淩|電子零組|80 32 -2|75 84 0 -8|1.2 10|14 -7 0 -3 -5
8150 南茂|半導體業|24 21 15|81 81 66 116|0.7 3228|40 2 0 5 -30
8155 博智|電子零組|47 42 3|92 92 30 73|2.1 381|21 14 -0 -13 -1
8163 達方|電腦及週|2 2 -14|70 77 -20 -12|0.6 27|7 1 -1 9 14
8171 天宇|綠能環保|94 25 76|64 87 11 -12|1.0 8|2 -3 0 0 -0
8183 精星|其他電子|-10 -14 -18|75 84 -11 15|0.9 12|4 5 0 -15 -30
8210 勤誠|電腦及週|68 76 20|84 84 -10 70|1.0 2016|17 -3 -2 -21 -7
8213 志超|電子零組|32 13 8|94 94 1 10|1.8 22|20 19 0 -21 -12
8215 明基材|光電業|-8 -12 -9|65 76 -4 -14|0.8 22|2 -2 0 -7 37
8222 寶一|電機機械|60 20 1|61 68 -9 -23|0.5 27|2 4 0 -12 -25
8227 巨有科技|半導體業|67 111 6|68 68 -20 -21|3.0 58|6 -2 -0 7 10
8234 新漢|電腦及週|-14 -16 -26|61 61 -9 -33|1.4 78|5 -2 -0 7 9
8240 華宏|光電業|-11 -15 -11|88 88 23 14|0.9 60|7 -1 0 -23 25
8249 菱光|電子零組|25 -15 -14|88 88 9 7|3.3 114|1 -1 0 18 -3
8255 朋程|電機機械|1 -4 -12|79 82 -4 -3|1.0 49|8 8 -0 -2 -5
8261 富鼎|半導體業|-1 -6 -14|83 83 -12 12|1.4 129|3 1 -0 -4 -22
8271 宇瞻|半導體業|34 49 6|85 85 16 91|0.8 1411|6 1 0 -5 -19
8279 生展|生技醫療|8 2 -4|97 97 0 11|2.2 8|6 -0 0 16 49
8289 泰藝|電子零組|2 10 -6|86 86 6 12|1.3 7|1 -0 0 2 10
8299 群聯|半導體業|93 82 54|90 90 86 305|1.0 9159|43 -6 2 26 76
8341 日友|綠能環保|-4 5 -4|83 83 -13 -0|1.0 39|4 -9 0 90 208
8358 金居|電子零組|20 27 12|83 83 7 94|1.0 971|20 2 -2 -18 -28
8374 羅昇|電機機械|7 -0 -36|66 70 -4 -17|2.2 102|2 -1 0 22 8
8383 千附|半導體業|37 14 -4|71 91 3 -4|1.0 14|10 15 0 -23 -26
8390 金益鼎|綠能環保|-4 1 3|90 90 47 45|1.2 249|14 0 0 -11 8
8404 百和興業-KY|其他|20 4 -8|76 82 -9 14|0.6 12|53 14 -4 -3 -14
8415 大國鋼|鋼鐵工業|5 3 1|90 95 1 -4|1.7 9|10 9 -0 -1 -6
8422 可寧衛*|綠能環保|-28 -20 -15|70 70 53 96|1.0 3267|8 1 -1 19 -2
8431 匯鑽科|其他電子|-21 -18 -28|76 76 50 55|0.8 199|9 2 0 -35 -7
8436 大江|生技醫療|18 -4 -2|96 96 30 26|1.7 238|15 24 3 -24 -36
8438 昶昕|綠能環保|23 20 7|83 83 88 95|1.9 41|2 2 1 44 59
8440 綠電|綠能環保|-32 -26 -22|68 85 -9 -13|0.7 5|2 -1 0 2 -2
8446 華研|文化創意|-29 -9 11|83 90 -2 -8|1.3 9|6 -10 0 16 12
8454 富邦媒|數位雲端|-6 -5 -2|50 69 -24 -29|0.9 88|12 -17 2 16 10
8462 柏文|運動休閒|22 21 2|82 82 -18 -7|2.0 24|3 13 -0 -1 -18
8464 億豐|居家生活|-3 -3 -6|84 84 12 -10|1.8 300|42 14 3 -44 3
8467 波力-KY|運動休閒|-45 -33 -34|63 94 19 16|0.5 21|44 -5 0 -23 2
8473 山林水|綠能環保|49 41 -27|85 85 -9 6|0.7 31|1 -5 0 -2 53
8476 台境*|綠能環保|168 50 53|68 73 -2 -10|0.9 37|2 0 0 -12 115
8478 東哥遊艇|運動休閒|941 959 638|78 78 -9 -10|0.9 35|40 2 0 -14 -8
8499 鼎炫-KY|其他電子|83 108 65|73 73 8 14|0.7 47|72 -8 -0 7 -1
8916 光隆|其他|45 42 25|88 97 3 -0|1.3 5|4 1 0 11 -21
8924 大田|運動休閒|61 44 38|94 94 -4 22|0.9 5|4 12 0 -35 -2
8926 台汽電|油電燃氣|-44 -22 -6|85 85 -14 -5|0.8 56|9 -7 -0 -19 14
8927 北基|油電燃氣|12 50 46|48 55 -12 -40|0.6 18|3 -1 -0 -11 -16
8932 智通*|數位雲端|12 26 -30|85 85 7 25|3.6 492|32 0 -0 11 59
8935 邦泰|其他|-6 -19 -15|67 67 9 14|3.3 6|0 -0 0 na na
8936 國統|其他|2 32 8|74 74 -18 1|0.7 66|13 -12 0 -12 26
8937 合騏*|其他|-11 -35 2|68 73 -15 -21|0.9 14|2 3 0 -4 -2
8938 明安|運動休閒|3 8 -1|91 94 19 14|0.7 17|8 15 0 -12 -4
8942 森鉅|其他|-76 -67 -49|62 85 8 -18|1.0 10|13 -2 0 1 9
8996 高力|電機機械|172 130 65|99 99 17 150|0.7 1426|36 8 1 -28 -37
9802 鈺齊-KY|運動休閒|-2 5 -17|64 82 -6 -9|0.9 112|40 -27 -5 7 7
9902 台火|其他|170 301 46|74 91 1 1|0.7 6|3 9 0 -2 -0
9904 寶成|運動休閒|-8 -8 -4|83 95 4 8|0.9 253|43 13 -6 -11 -20
9906 欣巴巴|建材營造|-5 -58 -27019|41 60 -3 -32|1.1 6|1 4 0 -7 -11
9907 統一實|其他|-12 -15 -18|88 88 -10 -4|0.6 52|18 13 0 -18 3
9910 豐泰|運動休閒|-1 -5 -1|69 69 -23 -22|1.8 222|12 2 -5 50 33
9911 櫻花|居家生活|14 5 -2|94 96 -3 -6|1.1 16|18 -2 -0 3 3
9914 美利達|運動休閒|-11 -15 -9|48 75 -14 -23|0.8 161|27 21 -0 -4 -17
9917 中保科|其他|0 3 -3|86 91 -4 -9|1.4 62|39 -18 -7 7 34
9919 康那香|其他|-26 -9 -2|83 89 3 -0|7.4 7|4 -5 0 6 14
9921 巨大|運動休閒|-13 -10 3|55 83 -10 -19|1.3 164|27 13 -0 9 -8
9924 福興|居家生活|-11 -12 -5|78 85 -8 -11|1.0 5|11 -20 -2 13 31
9925 新保|其他|17 7 4|99 99 -0 0|1.5 7|18 -5 -1 157 37
9927 泰銘|其他|16 4 8|75 84 -4 -15|0.8 6|7 9 1 -7 45
9930 中聯資源|綠能環保|-2 -1 -7|90 93 -3 -7|1.2 7|2 -7 -0 -35 -27
9933 中鼎|其他|-15 -25 1|73 87 -5 -1|0.9 119|10 26 -0 -15 -16
9934 成霖|居家生活|-7 -1 3|70 93 -1 -0|0.8 6|14 -8 0 -14 -38
9938 百和|其他|7 -2 -6|71 83 -13 -3|1.1 75|17 -6 -6 18 12
9939 宏全|其他|-9 -9 -11|72 82 -8 -18|1.9 127|13 4 -3 25 -0
9940 信義|其他|220 87 89|76 83 -6 -13|0.7 9|4 -14 0 -3 -8
9941 裕融|其他|-3 -3 1|67 76 -17 -20|1.0 132|6 -13 -8 21 71
9942 茂順|其他|11 2 -2|98 98 5 -1|1.6 12|4 8 0 5 1
9945 潤泰新|其他|84 52 29|69 90 -5 -7|1.4 167|9 -21 -1 -0 43
9955 佳龍|綠能環保|100 53 21|82 82 17 14|1.5 176|5 -1 0 37 2
9958 世紀鋼|鋼鐵工業|-8 5 -12|56 66 -12 -29|1.5 230|13 -6 -0 -2 32
